Start time:20240903_17-26-47	sweep/start:500.000	sweep/stop:500000.000	sweep/samplecount:100.000	sweep/xmapping:1.000	sweep/scan:0.000	sweep/averaging/sample:10.000	sweep/settling/time:0.100	sweep/settling/inaccuracy:0.010	sweep/awgcontrol:0.000	sweep/averaging/time:0.100	sweep/averaging/tc:15.000	sweep/bandwidthcontrol:2.000	sweep/sincfilter:0.000	sweep/omegasuppression:80.000	sweep/maxbandwidth:100.000	sweep/bandwidth:1250000.000	sweep/order:8.000	sweep/bandwidthoverlap:1.000																				
Frequency	Param0		Param1		RealZ		ImagZ		AbsZ		PhaseZ		
5.00000000E+2	1.01495219E+3	8.32660891E-7	1.26096815E+2	-3.34786120E+2	3.57745949E+2	-1.21058088E+0
5.36133611E+2	9.21430516E+2	8.16166324E-7	1.24218372E+2	-3.14687661E+2	3.38317214E+2	-1.19483658E+0
5.74878498E+2	8.37745390E+2	7.98883211E-7	1.22407708E+2	-2.95910065E+2	3.20228708E+2	-1.17856533E+0
6.16423370E+2	7.63125037E+2	7.80648280E-7	1.20675499E+2	-2.78438281E+2	3.03464099E+2	-1.16183134E+0
6.60970574E+2	6.96629678E+2	7.61755358E-7	1.18941786E+2	-2.62128204E+2	2.87851263E+2	-1.14482477E+0
7.08737081E+2	6.37328101E+2	7.42174132E-7	1.17225340E+2	-2.46919405E+2	2.73333091E+2	-1.12755083E+0
7.59955541E+2	5.84416550E+2	7.21963261E-7	1.15521845E+2	-2.32739243E+2	2.59832363E+2	-1.11006703E+0
8.14875417E+2	5.37334249E+2	7.01195743E-7	1.13807567E+2	-2.19546176E+2	2.47290698E+2	-1.09255588E+0
8.73764200E+2	4.95172636E+2	6.79954319E-7	1.12110911E+2	-2.07232692E+2	2.35614616E+2	-1.07489654E+0
9.36908711E+2	4.57433055E+2	6.58437900E-7	1.10392829E+2	-1.95731299E+2	2.24716089E+2	-1.05726668E+0
1.00461650E+3	4.23697159E+2	6.36597498E-7	1.08676894E+2	-1.85028158E+2	2.14583522E+2	-1.03972779E+0
1.07721735E+3	3.93312129E+2	6.14604878E-7	1.06968239E+2	-1.75013416E+2	2.05114362E+2	-1.02218204E+0
1.15506485E+3	3.66094672E+2	5.92502867E-7	1.05253399E+2	-1.65693776E+2	1.96297494E+2	-1.00487552E+0
1.23853818E+3	3.41611397E+2	5.70427767E-7	1.03532443E+2	-1.56999660E+2	1.88063449E+2	-9.87810890E-1
1.32804389E+3	3.19543642E+2	5.48525021E-7	1.01793592E+2	-1.48881018E+2	1.80353801E+2	-9.71077271E-1
1.42401793E+3	2.99553989E+2	5.26845320E-7	1.00054202E+2	-1.41282661E+2	1.73123176E+2	-9.54598453E-1
1.52692775E+3	2.81498247E+2	5.05481717E-7	9.83012945E+1	-1.34195735E+2	1.66347950E+2	-9.38575457E-1
1.63727458E+3	2.65088712E+2	4.84530797E-7	9.65386074E+1	-1.27560148E+2	1.59972793E+2	-9.22951987E-1
1.75559587E+3	2.50139395E+2	4.64042435E-7	9.47708377E+1	-1.21344169E+2	1.53967267E+2	-9.07743264E-1
1.88246790E+3	2.36506016E+2	4.44039763E-7	9.30057384E+1	-1.15526397E+2	1.48311888E+2	-8.92977327E-1
2.01850863E+3	2.24041283E+2	4.24617966E-7	9.12329277E+1	-1.10074948E+2	1.42968324E+2	-8.78724296E-1
2.16438064E+3	2.12586034E+2	4.05809534E-7	8.94576185E+1	-1.04951294E+2	1.37903734E+2	-8.64926399E-1
2.32079442E+3	2.02046822E+2	3.87635837E-7	8.76816622E+1	-1.00138537E+2	1.33100717E+2	-8.51624579E-1
2.48851178E+3	1.92306231E+2	3.70121858E-7	8.59064104E+1	-9.56055762E+1	1.28531466E+2	-8.38782790E-1
2.66834962E+3	1.83302933E+2	3.53253682E-7	8.41388930E+1	-9.13430447E+1	1.24188991E+2	-8.26428647E-1
2.86118383E+3	1.74921304E+2	3.37057125E-7	8.23770035E+1	-8.73127807E+1	1.20039546E+2	-8.14477026E-1
3.06795364E+3	1.67140328E+2	3.21520857E-7	8.06235795E+1	-8.35181970E+1	1.16083811E+2	-8.03031201E-1
3.28966612E+3	1.59853539E+2	3.06614945E-7	7.88875151E+1	-7.99200093E+1	1.12296252E+2	-7.91899613E-1
3.52740116E+3	1.53024572E+2	2.92346278E-7	7.71652730E+1	-7.65094965E+1	1.08665462E+2	-7.81130888E-1
3.78231664E+3	1.46627645E+2	2.78709499E-7	7.54562074E+1	-7.32825104E+1	1.05185388E+2	-7.70785008E-1
4.05565415E+3	1.40589789E+2	2.65627868E-7	7.37771791E+1	-7.02085852E+1	1.01844577E+2	-7.60618882E-1
4.34874501E+3	1.34885239E+2	2.53159169E-7	7.21091560E+1	-6.72809778E+1	9.86228197E+1	-7.50774126E-1
4.66301673E+3	1.29508738E+2	2.41214335E-7	7.04725700E+1	-6.45013961E+1	9.55343572E+1	-7.41187544E-1
5.00000000E+3	1.24414684E+2	2.29741412E-7	6.88764283E+1	-6.18488164E+1	9.25701831E+1	-7.31691216E-1
5.36133611E+3	1.19565960E+2	2.18843999E-7	6.72873776E+1	-5.93101054E+1	8.96954840E+1	-7.22468484E-1
5.74878498E+3	1.14973907E+2	2.08379017E-7	6.57410488E+1	-5.68912963E+1	8.69396638E+1	-7.13358131E-1
6.16423370E+3	1.10582164E+2	1.98368578E-7	6.42236914E+1	-5.45647513E+1	8.42733333E+1	-7.04264540E-1
6.60970574E+3	1.06395365E+2	1.88763012E-7	6.27453288E+1	-5.23338875E+1	8.17056432E+1	-6.95171850E-1
7.08737081E+3	1.02411247E+2	1.79552709E-7	6.13051488E+1	-5.01997533E+1	7.92359554E+1	-6.86129940E-1
7.59955541E+3	9.85967194E+1	1.70719399E-7	5.99011116E+1	-4.81446756E+1	7.68508493E+1	-6.77014801E-1
8.14875417E+3	9.49473828E+1	1.62257549E-7	5.85306308E+1	-4.61681194E+1	7.45475024E+1	-6.67865390E-1
8.73764200E+3	9.14537862E+1	1.54076500E-7	5.72142126E+1	-4.42604801E+1	7.23357195E+1	-6.58430067E-1
9.36908711E+3	8.81187559E+1	1.46266069E-7	5.59244102E+1	-4.24317066E+1	7.01996398E+1	-6.49066967E-1
1.00461650E+4	8.49201439E+1	1.38723360E-7	5.46833331E+1	-4.06626305E+1	6.81448200E+1	-6.39393732E-1
1.07721735E+4	8.18579382E+1	1.31476283E-7	5.34802809E+1	-3.89569636E+1	6.61648358E+1	-6.29556728E-1
1.15506485E+4	7.89341060E+1	1.24485080E-7	5.23243736E+1	-3.73140393E+1	6.42664581E+1	-6.19483275E-1
1.23853818E+4	7.61247476E+1	1.17753237E-7	5.12071327E+1	-3.57205748E+1	6.24350063E+1	-6.09093421E-1
1.32804389E+4	7.34440254E+1	1.11270372E-7	5.01323061E+1	-3.41858183E+1	6.06788129E+1	-5.98482901E-1
1.42401793E+4	7.08795712E+1	1.05007419E-7	4.91033012E+1	-3.26999490E+1	5.89950922E+1	-5.87500718E-1
1.52692775E+4	6.84313652E+1	9.89812528E-8	4.81134350E+1	-3.12660340E+1	5.73800304E+1	-5.76262746E-1
1.63727458E+4	6.60956675E+1	9.31722423E-8	4.71657525E+1	-2.98804800E+1	5.58341448E+1	-5.64703134E-1
1.75559587E+4	6.38587592E+1	8.75728147E-8	4.62567110E+1	-2.85344124E+1	5.43497574E+1	-5.52732199E-1
1.88246790E+4	6.17354157E+1	8.21730435E-8	4.53925821E+1	-2.72367993E+1	5.29370369E+1	-5.40439742E-1
2.01850863E+4	5.97109841E+1	7.69756848E-8	4.45667421E+1	-2.59794015E+1	5.15860831E+1	-5.27775305E-1
2.16438064E+4	5.77913474E+1	7.19819599E-8	4.37801013E+1	-2.47671909E+1	5.03002091E+1	-5.14830626E-1
2.32079442E+4	5.59643479E+1	6.71800278E-8	4.30308435E+1	-2.35910888E+1	4.90733437E+1	-5.01488454E-1
2.48851178E+4	5.42291697E+1	6.25720587E-8	4.23172127E+1	-2.24517356E+1	4.79043550E+1	-4.87794133E-1
2.66834962E+4	5.25951856E+1	5.81482658E-8	4.16459549E+1	-2.13539466E+1	4.68014605E+1	-4.73795190E-1
2.86118383E+4	5.10480751E+1	5.39185203E-8	4.10076724E+1	-2.02912152E+1	4.57532809E+1	-4.59491089E-1
3.06795364E+4	4.95870484E+1	4.98791729E-8	4.04027968E+1	-1.92631625E+1	4.47599759E+1	-4.44897981E-1
3.28966612E+4	4.82101151E+1	4.60322322E-8	3.98296154E+1	-1.82699773E+1	4.38199765E+1	-4.30068000E-1
3.52740116E+4	4.69127150E+1	4.23686598E-8	3.92883477E+1	-1.73074776E+1	4.29316091E+1	-4.14946171E-1
3.78231664E+4	4.56939220E+1	3.88971542E-8	3.87757917E+1	-1.63785213E+1	4.20929685E+1	-3.99658196E-1
4.05565415E+4	4.45493917E+1	3.56031699E-8	3.82937685E+1	-1.54774471E+1	4.13033182E+1	-3.84101745E-1
4.34874501E+4	4.34766806E+1	3.24990543E-8	3.78369545E+1	-1.46078761E+1	4.05589101E+1	-3.68444135E-1
4.66301673E+4	4.24760015E+1	2.95710449E-8	3.74096230E+1	-1.37670366E+1	3.98624033E+1	-3.52626559E-1
5.00000000E+4	4.15375115E+1	2.68182596E-8	3.70053393E+1	-1.29504634E+1	3.92059906E+1	-3.36640986E-1
5.36133611E+4	4.06614492E+1	2.42442294E-8	3.66227689E+1	-1.21617287E+1	3.85893101E+1	-3.20623104E-1
5.74878498E+4	3.98425841E+1	2.18352946E-8	3.62618283E+1	-1.13949437E+1	3.80100637E+1	-3.04469948E-1
6.16423370E+4	3.90807305E+1	1.95910577E-8	3.59219527E+1	-1.06522035E+1	3.74680684E+1	-2.88277102E-1
6.60970574E+4	3.83691553E+1	1.75021069E-8	3.56001666E+1	-9.92856713E+0	3.69587381E+1	-2.71980063E-1
7.08737081E+4	3.77090053E+1	1.55621198E-8	3.52984692E+1	-9.22432767E+0	3.64838342E+1	-2.55607572E-1
7.59955541E+4	3.70950546E+1	1.37688234E-8	3.50125516E+1	-8.53895383E+0	3.60387640E+1	-2.39212919E-1
8.14875417E+4	3.65223609E+1	1.21110100E-8	3.47405666E+1	-7.86768910E+0	3.56203244E+1	-2.22712975E-1
8.73764200E+4	3.59907560E+1	1.05846339E-8	3.44824813E+1	-7.21172954E+0	3.52285477E+1	-2.06170137E-1
9.36908711E+4	3.54982285E+1	9.17966847E-9	3.42383336E+1	-6.56785313E+0	3.48625901E+1	-1.89525158E-1
1.00461650E+5	3.50340751E+1	7.89316361E-9	3.39982172E+1	-5.93441696E+0	3.45122601E+1	-1.72809812E-1
1.07721735E+5	3.46114608E+1	6.70502555E-9	3.37780824E+1	-5.30564951E+0	3.41922326E+1	-1.55800743E-1
1.15506485E+5	3.42172053E+1	5.62162509E-9	3.35631002E+1	-4.68548668E+0	3.38885746E+1	-1.38705887E-1
1.23853818E+5	3.38550409E+1	4.63007590E-9	3.33586656E+1	-4.06920322E+0	3.36059368E+1	-1.21383704E-1
1.32804389E+5	3.35217111E+1	3.72307408E-9	3.31620552E+1	-3.45351631E+0	3.33413981E+1	-1.03766554E-1
1.42401793E+5	3.32131943E+1	2.89461907E-9	3.29692424E+1	-2.83600067E+0	3.30909935E+1	-8.58083648E-2
1.52692775E+5	3.29334274E+1	2.14060745E-9	3.27834586E+1	-2.21731351E+0	3.28583574E+1	-6.75322791E-2
1.63727458E+5	3.26826034E+1	1.45166500E-9	3.26049334E+1	-1.59135756E+0	3.26437453E+1	-4.87685617E-2
1.75559587E+5	3.24572122E+1	8.25892647E-10	3.24288582E+1	-9.58894733E-1	3.24430321E+1	-2.95605647E-2
1.88246790E+5	3.22484644E+1	2.61740977E-10	3.22409311E+1	-3.21997363E-1	3.22446973E+1	-9.98443180E-3
2.01850863E+5	3.20948677E+1	-2.64011174E-10	3.20911613E+1	3.44868753E-1	3.20930144E+1	1.07461197E-2
2.16438064E+5	3.19555523E+1	-7.34548239E-10	3.19230233E+1	1.01902335E+0	3.19392837E+1	3.19104326E-2
2.32079442E+5	3.18511204E+1	-1.16041872E-9	3.17588679E+1	1.71167382E+0	3.18049607E+1	5.38438374E-2
2.48851178E+5	3.17822333E+1	-1.54648022E-9	3.15956277E+1	2.42814919E+0	3.16887931E+1	7.67000337E-2
2.66834962E+5	3.17567660E+1	-1.89425330E-9	3.14369967E+1	3.17057386E+0	3.15964768E+1	1.00514984E-1
2.86118383E+5	3.17651751E+1	-2.20386830E-9	3.12698932E+1	3.93540125E+0	3.15165613E+1	1.25194494E-1
3.06795364E+5	3.18240202E+1	-2.48245231E-9	3.11026997E+1	4.73655665E+0	3.14612927E+1	1.51126482E-1
3.28966612E+5	3.19390627E+1	-2.72821209E-9	3.09355508E+1	5.57172673E+0	3.14333023E+1	1.78197123E-1
3.52740116E+5	3.21121191E+1	-2.94331643E-9	3.07622258E+1	6.44404205E+0	3.14299262E+1	2.06493206E-1
3.78231664E+5	3.23587495E+1	-3.13038166E-9	3.05862722E+1	7.36297358E+0	3.14600304E+1	2.36233276E-1
4.05565415E+5	3.26787504E+1	-3.28081568E-9	3.04089904E+1	8.30787517E+0	3.15234482E+1	2.66696195E-1
4.34874501E+5	3.30955309E+1	-3.41566642E-9	3.02130045E+1	9.33216682E+0	3.16214387E+1	2.99582708E-1
4.66301673E+5	3.36126867E+1	-3.52215208E-9	3.00029116E+1	1.04068817E+1	3.17565490E+1	3.33877083E-1
5.00000000E+5	3.42627295E+1	-3.59541667E-9	2.97994651E+1	1.15326528E+1	3.19532613E+1	3.69257064E-1
