Start time:20240903_20-08-25	sweep/start:500.000	sweep/stop:500000.000	sweep/samplecount:100.000	sweep/xmapping:1.000	sweep/scan:0.000	sweep/averaging/sample:10.000	sweep/settling/time:0.100	sweep/settling/inaccuracy:0.010	sweep/awgcontrol:0.000	sweep/averaging/time:0.100	sweep/averaging/tc:15.000	sweep/bandwidthcontrol:2.000	sweep/sincfilter:0.000	sweep/omegasuppression:80.000	sweep/maxbandwidth:100.000	sweep/bandwidth:1250000.000	sweep/order:8.000	sweep/bandwidthoverlap:1.000																				
Frequency	Param0		Param1		RealZ		ImagZ		AbsZ		PhaseZ		
5.00000000E+2	9.71378837E+2	8.16512857E-7	1.34750319E+2	-3.35761617E+2	3.61792102E+2	-1.18914620E+0
5.36133611E+2	8.83096408E+2	7.98711214E-7	1.32886655E+2	-3.15741611E+2	3.42566261E+2	-1.17242772E+0
5.74878498E+2	8.04362384E+2	7.80107701E-7	1.31063986E+2	-2.97060784E+2	3.24688910E+2	-1.15528243E+0
6.16423370E+2	7.34445733E+2	7.60886851E-7	1.29198015E+2	-2.79636819E+2	3.08040398E+2	-1.13799101E+0
6.60970574E+2	6.71843066E+2	7.40845086E-7	1.27416346E+2	-2.63379621E+2	2.92581198E+2	-1.12021317E+0
7.08737081E+2	6.16147707E+2	7.20189323E-7	1.25622732E+2	-2.48235860E+2	2.78212368E+2	-1.10231090E+0
7.59955541E+2	5.66491297E+2	6.98952885E-7	1.23836110E+2	-2.34129598E+2	2.64862336E+2	-1.08428036E+0
8.14875417E+2	5.22105928E+2	6.77309779E-7	1.22038994E+2	-2.20960955E+2	2.52422790E+2	-1.06618115E+0
8.73764200E+2	4.82402401E+2	6.55189191E-7	1.20271987E+2	-2.08696278E+2	2.40872351E+2	-1.04798446E+0
9.36908711E+2	4.46764661E+2	6.32927876E-7	1.18477037E+2	-1.97216972E+2	2.30068132E+2	-1.02982948E+0
1.00461650E+3	4.14867426E+2	6.10395949E-7	1.16697504E+2	-1.86536000E+2	2.20031790E+2	-1.01176342E+0
1.07721735E+3	3.86306338E+2	5.87819610E-7	1.14896613E+2	-1.76590072E+2	2.10678159E+2	-9.93971135E-1
1.15506485E+3	3.60524152E+2	5.65260839E-7	1.13107239E+2	-1.67286107E+2	2.01935361E+2	-9.76270422E-1
1.23853818E+3	3.37332031E+2	5.42888022E-7	1.11293240E+2	-1.58608283E+2	1.93759576E+2	-9.58939594E-1
1.32804389E+3	3.16410855E+2	5.20742760E-7	1.09472855E+2	-1.50512765E+2	1.86113941E+2	-9.41960809E-1
1.42401793E+3	2.97469111E+2	4.98887259E-7	1.07657384E+2	-1.42949754E+2	1.78954589E+2	-9.25305582E-1
1.52692775E+3	2.80301231E+2	4.77482788E-7	1.05822850E+2	-1.35881557E+2	1.72227390E+2	-9.09124365E-1
1.63727458E+3	2.64665337E+2	4.56597840E-7	1.03974449E+2	-1.29258440E+2	1.65886802E+2	-8.93383089E-1
1.75559587E+3	2.50440711E+2	4.36224395E-7	1.02127298E+2	-1.23072526E+2	1.59927584E+2	-8.78138666E-1
1.88246790E+3	2.37417373E+2	4.16411704E-7	1.00287438E+2	-1.17270665E+2	1.54304826E+2	-8.63303124E-1
2.01850863E+3	2.25492283E+2	3.97244502E-7	9.84413740E+1	-1.11834991E+2	1.48989159E+2	-8.49007538E-1
2.16438064E+3	2.14507223E+2	3.78784702E-7	9.65838094E+1	-1.06721563E+2	1.43937224E+2	-8.35221557E-1
2.32079442E+3	2.04408630E+2	3.60995249E-7	9.47299967E+1	-1.01930644E+2	1.39153256E+2	-8.21996392E-1
2.48851178E+3	1.95047341E+2	3.43892017E-7	9.28829683E+1	-9.74131906E+1	1.34597830E+2	-8.09199838E-1
2.66834962E+3	1.86400407E+2	3.27468431E-7	9.10462265E+1	-9.31753044E+1	1.30272995E+2	-7.96954814E-1
2.86118383E+3	1.78343664E+2	3.11784148E-7	8.92052288E+1	-8.91718214E+1	1.26131626E+2	-7.85210879E-1
3.06795364E+3	1.70828413E+2	2.96784727E-7	8.73746337E+1	-8.53917028E+1	1.22172295E+2	-7.73921132E-1
3.28966612E+3	1.63798463E+2	2.82441625E-7	8.55608576E+1	-8.18173350E+1	1.18383854E+2	-7.63036240E-1
3.52740116E+3	1.57219795E+2	2.68780480E-7	8.37540252E+1	-7.84414004E+1	1.14750993E+2	-7.52655404E-1
3.78231664E+3	1.51031915E+2	2.55704541E-7	8.19780988E+1	-7.52389538E+1	1.11271331E+2	-7.42559161E-1
4.05565415E+3	1.45207306E+2	2.43257871E-7	8.02161599E+1	-7.22034562E+1	1.07925771E+2	-7.32876481E-1
4.34874501E+3	1.39683382E+2	2.31428071E-7	7.84647383E+1	-6.93073201E+1	1.04691069E+2	-7.23507419E-1
4.66301673E+3	1.34463932E+2	2.20141240E-7	7.67419712E+1	-6.65559651E+1	1.01582611E+2	-7.14434809E-1
5.00000000E+3	1.29520922E+2	2.09340586E-7	7.50592683E+1	-6.39363050E+1	9.85989113E+1	-7.05544462E-1
5.36133611E+3	1.24822483E+2	1.99122198E-7	7.33809334E+1	-6.14396333E+1	9.57057477E+1	-6.97056893E-1
5.74878498E+3	1.20338306E+2	1.89342187E-7	7.17430242E+1	-5.90455109E+1	9.29162739E+1	-6.88617172E-1
6.16423370E+3	1.16086437E+2	1.80052110E-7	7.01277737E+1	-5.67712828E+1	9.02268437E+1	-6.80531389E-1
6.60970574E+3	1.12000607E+2	1.71180177E-7	6.85448989E+1	-5.45771654E+1	8.76188920E+1	-6.72434897E-1
7.08737081E+3	1.08107433E+2	1.62691699E-7	6.70043170E+1	-5.24793872E+1	8.51097214E+1	-6.64427618E-1
7.59955541E+3	1.04371377E+2	1.54606611E-7	6.54906504E+1	-5.04611126E+1	8.26761712E+1	-6.56497963E-1
8.14875417E+3	1.00791682E+2	1.46904423E-7	6.40058275E+1	-4.85232815E+1	8.03197046E+1	-6.48669576E-1
8.73764200E+3	9.73512822E+1	1.39495597E-7	6.25713823E+1	-4.66500409E+1	7.80474488E+1	-6.40646475E-1
9.36908711E+3	9.40534218E+1	1.32449132E-7	6.11619628E+1	-4.48520471E+1	7.58451835E+1	-6.32748208E-1
1.00461650E+4	9.08854389E+1	1.25698254E-7	5.97928579E+1	-4.31174465E+1	7.37177055E+1	-6.24756108E-1
1.07721735E+4	8.78364627E+1	1.19228641E-7	5.84628549E+1	-4.14398954E+1	7.16601030E+1	-6.16623832E-1
1.15506485E+4	8.49106168E+1	1.13030265E-7	5.71726648E+1	-3.98227647E+1	6.96747172E+1	-6.08396703E-1
1.23853818E+4	8.20868015E+1	1.07072073E-7	5.59243438E+1	-3.82507255E+1	6.77543388E+1	-5.99888224E-1
1.32804389E+4	7.93690629E+1	1.01365562E-7	5.47116389E+1	-3.67293888E+1	6.58969763E+1	-5.91221905E-1
1.42401793E+4	7.67661027E+1	9.58709554E-8	5.35472439E+1	-3.52605422E+1	6.41140640E+1	-5.82323287E-1
1.52692775E+4	7.42533408E+1	9.06120340E-8	5.24137025E+1	-3.38333522E+1	6.23850330E+1	-5.73209402E-1
1.63727458E+4	7.18316583E+1	8.55409428E-8	5.13244343E+1	-3.24425798E+1	6.07183583E+1	-5.63694296E-1
1.75559587E+4	6.95194568E+1	8.06651631E-8	5.02801236E+1	-3.11023445E+1	5.91223039E+1	-5.53970302E-1
1.88246790E+4	6.72880840E+1	7.59849319E-8	4.92693848E+1	-2.97954682E+1	5.75781419E+1	-5.43901964E-1
2.01850863E+4	6.51604004E+1	7.14751054E-8	4.83064062E+1	-2.85334132E+1	5.61040525E+1	-5.33535079E-1
2.16438064E+4	6.31142960E+1	6.71368569E-8	4.73812984E+1	-2.73029272E+1	5.46848908E+1	-5.22764529E-1
2.32079442E+4	6.11533168E+1	6.29640138E-8	4.64955115E+1	-2.61059775E+1	5.33231162E+1	-5.11609022E-1
2.48851178E+4	5.92838801E+1	5.89569201E-8	4.56499172E+1	-2.49477151E+1	5.20221495E+1	-5.00152738E-1
2.66834962E+4	5.74901545E+1	5.51045562E-8	4.48405237E+1	-2.38162965E+1	5.07729122E+1	-4.88242959E-1
2.86118383E+4	5.57838948E+1	5.14117312E-8	4.40692505E+1	-2.27212555E+1	4.95817951E+1	-4.76034347E-1
3.06795364E+4	5.41617526E+1	4.78686777E-8	4.33372694E+1	-2.16587976E+1	4.84481419E+1	-4.63465999E-1
3.28966612E+4	5.26171531E+1	4.44797191E-8	4.26390186E+1	-2.06266296E+1	4.73660613E+1	-4.50563386E-1
3.52740116E+4	5.11468376E+1	4.12383080E-8	4.19742536E+1	-1.96217314E+1	4.63341163E+1	-4.37287156E-1
3.78231664E+4	4.97562504E+1	3.81399771E-8	4.13467043E+1	-1.86469033E+1	4.53569947E+1	-4.23675963E-1
4.05565415E+4	4.84406527E+1	3.51956627E-8	4.07493406E+1	-1.77035553E+1	4.44288718E+1	-4.09847668E-1
4.34874501E+4	4.71952150E+1	3.23902943E-8	4.01843677E+1	-1.67847087E+1	4.35489365E+1	-3.95664879E-1
4.66301673E+4	4.60175641E+1	2.97225443E-8	3.96502172E+1	-1.58891996E+1	4.27154118E+1	-3.81139180E-1
5.00000000E+4	4.49091300E+1	2.72090457E-8	3.91410862E+1	-1.50255608E+1	4.19260316E+1	-3.66534853E-1
5.36133611E+4	4.38668710E+1	2.48254718E-8	3.86635999E+1	-1.41836941E+1	4.11831416E+1	-3.51605308E-1
5.74878498E+4	4.28811780E+1	2.25802535E-8	3.82075693E+1	-1.33629042E+1	4.04769759E+1	-3.36447582E-1
6.16423370E+4	4.19577446E+1	2.04668720E-8	3.77785683E+1	-1.25651613E+1	3.98133585E+1	-3.21090632E-1
6.60970574E+4	4.10923255E+1	1.84859848E-8	3.73728099E+1	-1.17901968E+1	3.91884635E+1	-3.05593122E-1
7.08737081E+4	4.02761726E+1	1.66324557E-8	3.69849012E+1	-1.10330111E+1	3.85954695E+1	-2.89906737E-1
7.59955541E+4	3.95134219E+1	1.48970497E-8	3.66204164E+1	-1.02928640E+1	3.80394264E+1	-2.73999715E-1
8.14875417E+4	3.87978590E+1	1.32834356E-8	3.62723209E+1	-9.57116076E+0	3.75138427E+1	-2.57989153E-1
8.73764200E+4	3.81276688E+1	1.17772727E-8	3.59432514E+1	-8.86087190E+0	3.70193515E+1	-2.41704409E-1
9.36908711E+4	3.74991464E+1	1.03841781E-8	3.56270784E+1	-8.16678008E+0	3.65511289E+1	-2.25336549E-1
1.00461650E+5	3.69066564E+1	9.08759786E-9	3.53234723E+1	-7.47820501E+0	3.61063880E+1	-2.08625953E-1
1.07721735E+5	3.63610775E+1	7.89221751E-9	3.50391970E+1	-6.80570518E+0	3.56940185E+1	-1.91842532E-1
1.15506485E+5	3.58486432E+1	6.78387835E-9	3.47656530E+1	-6.13602888E+0	3.53029955E+1	-1.74697686E-1
1.23853818E+5	3.53686111E+1	5.76227558E-9	3.45007871E+1	-5.47180094E+0	3.49320043E+1	-1.57289236E-1
1.32804389E+5	3.49221972E+1	4.81913881E-9	3.42468142E+1	-4.80931719E+0	3.45828569E+1	-1.39518711E-1
1.42401793E+5	3.45053910E+1	3.95051981E-9	3.39996276E+1	-4.14677702E+0	3.42515758E+1	-1.21365939E-1
1.52692775E+5	3.41235303E+1	3.15052357E-9	3.37643367E+1	-3.48251715E+0	3.39434584E+1	-1.02778447E-1
1.63727458E+5	3.37709563E+1	2.41427120E-9	3.35350383E+1	-2.81274024E+0	3.36527905E+1	-8.36788077E-2
1.75559587E+5	3.34490285E+1	1.73715122E-9	3.33121753E+1	-2.13515073E+0	3.33805318E+1	-6.40076499E-2
1.88246790E+5	3.31326908E+1	1.08824787E-9	3.30686007E+1	-1.41010689E+0	3.31006265E+1	-4.26162841E-2
2.01850863E+5	3.28975552E+1	5.47251290E-10	3.28804129E+1	-7.50754820E-1	3.28889829E+1	-2.28289231E-2
2.16438064E+5	3.26716507E+1	2.34180095E-11	3.26716151E+1	-3.39942496E-2	3.26716329E+1	-1.04048195E-3
2.32079442E+5	3.24802516E+1	-4.54046390E-10	3.24652375E+1	6.98159798E-1	3.24727437E+1	2.15015251E-2
2.48851178E+5	3.23303855E+1	-8.89604719E-10	3.22651338E+1	1.45097843E+0	3.22977432E+1	4.49401998E-2
2.66834962E+5	3.22199544E+1	-1.28694490E-9	3.20649830E+1	2.22914600E+0	3.21423753E+1	6.94079617E-2
2.86118383E+5	3.21528997E+1	-1.64871325E-9	3.18635144E+1	3.03657850E+0	3.20078800E+1	9.50126119E-2
3.06795364E+5	3.21375841E+1	-1.97570656E-9	3.16632498E+1	3.87542921E+0	3.18995353E+1	1.21789434E-1
3.28966612E+5	3.21793484E+1	-2.26773887E-9	3.14635153E+1	4.74579781E+0	3.18194189E+1	1.49706423E-1
3.52740116E+5	3.22835827E+1	-2.52946648E-9	3.12596414E+1	5.65756221E+0	3.17674868E+1	1.79047980E-1
3.78231664E+5	3.24589729E+1	-2.75957274E-9	3.10518975E+1	6.61001613E+0	3.17476408E+1	2.09739336E-1
4.05565415E+5	3.27319263E+1	-2.95845881E-9	3.08532171E+1	7.61338592E+0	3.17786909E+1	2.41928434E-1
4.34874501E+5	3.30607394E+1	-3.12497220E-9	3.06205751E+1	8.64400384E+0	3.18172724E+1	2.75134820E-1
4.66301673E+5	3.35396793E+1	-3.26882580E-9	3.04026938E+1	9.76578536E+0	3.19326853E+1	3.10804714E-1
5.00000000E+5	3.41130720E+1	-3.38013998E-9	3.01558970E+1	1.09238617E+1	3.20735112E+1	3.47543035E-1
