Start time:20240903_19-30-19	sweep/start:500.000	sweep/stop:500000.000	sweep/samplecount:100.000	sweep/xmapping:1.000	sweep/scan:0.000	sweep/averaging/sample:10.000	sweep/settling/time:0.100	sweep/settling/inaccuracy:0.010	sweep/awgcontrol:0.000	sweep/averaging/time:0.100	sweep/averaging/tc:15.000	sweep/bandwidthcontrol:2.000	sweep/sincfilter:0.000	sweep/omegasuppression:80.000	sweep/maxbandwidth:100.000	sweep/bandwidth:1250000.000	sweep/order:8.000	sweep/bandwidthoverlap:1.000																				
Frequency	Param0		Param1		RealZ		ImagZ		AbsZ		PhaseZ		
5.00000000E+2	9.87950683E+2	8.18467442E-7	1.32554467E+2	-3.36729172E+2	3.61880131E+2	-1.19577338E+0
5.36133611E+2	8.97064673E+2	8.01117206E-7	1.30755200E+2	-3.16542070E+2	3.42484765E+2	-1.17907058E+0
5.74878498E+2	8.16086015E+2	7.83003942E-7	1.28977482E+2	-2.97693569E+2	3.24432832E+2	-1.16195368E+0
6.16423370E+2	7.44347252E+2	7.64152439E-7	1.27169105E+2	-2.80153405E+2	3.07665276E+2	-1.14468177E+0
6.60970574E+2	6.80483110E+2	7.44623951E-7	1.25359480E+2	-2.63799104E+2	2.92070153E+2	-1.12717819E+0
7.08737081E+2	6.23428114E+2	7.24319722E-7	1.23608883E+2	-2.48559952E+2	2.77599019E+2	-1.10931098E+0
7.59955541E+2	5.72615971E+2	7.03469149E-7	1.21843955E+2	-2.34358292E+2	2.64139672E+2	-1.09135213E+0
8.14875417E+2	5.27251412E+2	6.82073146E-7	1.20094329E+2	-2.21127187E+2	2.51634429E+2	-1.07326550E+0
8.73764200E+2	4.86687465E+2	6.60282008E-7	1.18343865E+2	-2.08785036E+2	2.39992635E+2	-1.05513008E+0
9.36908711E+2	4.50395389E+2	6.38170456E-7	1.16593292E+2	-1.97279181E+2	2.29157312E+2	-1.03701589E+0
1.00461650E+3	4.17821012E+2	6.15815067E-7	1.14855482E+2	-1.86540196E+2	2.19063983E+2	-1.01890219E+0
1.07721735E+3	3.88694671E+2	5.93473197E-7	1.13067218E+2	-1.76534485E+2	2.09639265E+2	-1.00114103E+0
1.15506485E+3	3.62471378E+2	5.70984301E-7	1.11318959E+2	-1.67206523E+2	2.00872928E+2	-9.83423561E-1
1.23853818E+3	3.38865194E+2	5.48729337E-7	1.09528090E+2	-1.58489283E+2	1.92653202E+2	-9.66084973E-1
1.32804389E+3	3.17559407E+2	5.26647047E-7	1.07739154E+2	-1.50352433E+2	1.84969133E+2	-9.49031023E-1
1.42401793E+3	2.98324033E+2	5.04831434E-7	1.05947733E+2	-1.42764950E+2	1.77782884E+2	-9.32362002E-1
1.52692775E+3	2.80881812E+2	4.83449796E-7	1.04136233E+2	-1.35667305E+2	1.71026235E+2	-9.16135279E-1
1.63727458E+3	2.65034508E+2	4.62464333E-7	1.02334701E+2	-1.29034238E+2	1.64688270E+2	-9.00288073E-1
1.75559587E+3	2.50602268E+2	4.42084168E-7	1.00504499E+2	-1.22823041E+2	1.58703038E+2	-8.85003809E-1
1.88246790E+3	2.37378803E+2	4.22236574E-7	9.86843976E+1	-1.16991337E+2	1.53054185E+2	-8.70076967E-1
2.01850863E+3	2.25313560E+2	4.03028470E-7	9.68516851E+1	-1.11542584E+2	1.47722704E+2	-8.55777422E-1
2.16438064E+3	2.14215716E+2	3.84475435E-7	9.50174124E+1	-1.06423275E+2	1.42668225E+2	-8.41959211E-1
2.32079442E+3	2.03993886E+2	3.66591524E-7	9.31845756E+1	-1.01615540E+2	1.37873433E+2	-8.28651251E-1
2.48851178E+3	1.94533230E+2	3.49406531E-7	9.13513157E+1	-9.70865749E+1	1.33307412E+2	-8.15824576E-1
2.66834962E+3	1.85786341E+2	3.32908510E-7	8.95234008E+1	-9.28320271E+1	1.28965983E+2	-8.03540006E-1
2.86118383E+3	1.77632527E+2	3.17114939E-7	8.76987282E+1	-8.88092287E+1	1.24812445E+2	-7.91689587E-1
3.06795364E+3	1.70048859E+2	3.01958613E-7	8.58956402E+1	-8.50199635E+1	1.20857169E+2	-7.80274762E-1
3.28966612E+3	1.62962360E+2	2.87513305E-7	8.40924936E+1	-8.14393234E+1	1.17063705E+2	-7.69371381E-1
3.52740116E+3	1.56305699E+2	2.73681877E-7	8.23138343E+1	-7.80419997E+1	1.13428926E+2	-7.58764744E-1
3.78231664E+3	1.50052578E+2	2.60505478E-7	8.05447782E+1	-7.48230582E+1	1.09936125E+2	-7.48587868E-1
4.05565415E+3	1.44159766E+2	2.47933292E-7	7.87954649E+1	-7.17663568E+1	1.06579245E+2	-7.38746175E-1
4.34874501E+3	1.38599168E+2	2.35945932E-7	7.70669930E+1	-6.88629021E+1	1.03350960E+2	-7.29237884E-1
4.66301673E+3	1.33330728E+2	2.24504710E-7	7.53647345E+1	-6.60953179E+1	1.00241881E+2	-7.19964964E-1
5.00000000E+3	1.28351426E+2	2.13525670E-7	7.37095869E+1	-6.34635877E+1	9.72662862E+1	-7.10842716E-1
5.36133611E+3	1.23605583E+2	2.03169985E-7	7.20458923E+1	-6.09480417E+1	9.43677618E+1	-7.02144753E-1
5.74878498E+3	1.19111294E+2	1.93238530E-7	7.04299487E+1	-5.85544581E+1	9.15914969E+1	-6.93587802E-1
6.16423370E+3	1.14800769E+2	1.83761601E-7	6.88418629E+1	-5.62485243E+1	8.88993740E+1	-6.85062314E-1
6.60970574E+3	1.10693044E+2	1.74709356E-7	6.72883400E+1	-5.40428566E+1	8.63038303E+1	-6.76660767E-1
7.08737081E+3	1.06777043E+2	1.66053621E-7	6.57727960E+1	-5.19323006E+1	8.38034882E+1	-6.68349443E-1
7.59955541E+3	1.03019930E+2	1.57794508E-7	6.42867103E+1	-4.99002113E+1	8.13806630E+1	-6.60067749E-1
8.14875417E+3	9.94098286E+1	1.49900035E-7	6.28337417E+1	-4.79396716E+1	7.90334827E+1	-6.51744442E-1
8.73764200E+3	9.59681434E+1	1.42327927E-7	6.14267314E+1	-4.60626301E+1	7.67789640E+1	-6.43423812E-1
9.36908711E+3	9.26659020E+1	1.35092536E-7	6.00528942E+1	-4.42550046E+1	7.45979596E+1	-6.35086132E-1
1.00461650E+4	8.94891795E+1	1.28164483E-7	5.87150295E+1	-4.25077060E+1	7.24869629E+1	-6.26630339E-1
1.07721735E+4	8.64426642E+1	1.21514893E-7	5.74196610E+1	-4.08226769E+1	7.04521714E+1	-6.18039169E-1
1.15506485E+4	8.35195207E+1	1.15128025E-7	5.61672352E+1	-3.91956910E+1	6.84913173E+1	-6.09274202E-1
1.23853818E+4	8.07022368E+1	1.09001828E-7	5.49512112E+1	-3.76171485E+1	6.65934351E+1	-6.00285080E-1
1.32804389E+4	7.80029076E+1	1.03121914E-7	5.37760530E+1	-3.60946612E+1	6.47664148E+1	-5.91136740E-1
1.42401793E+4	7.54160470E+1	9.74667170E-8	5.26448167E+1	-3.46235056E+1	6.30100305E+1	-5.81756062E-1
1.52692775E+4	7.29272621E+1	9.20424065E-8	5.15489770E+1	-3.31968043E+1	6.13133386E+1	-5.72135572E-1
1.63727458E+4	7.05347709E+1	8.68117378E-8	5.04975799E+1	-3.18092593E+1	5.96811113E+1	-5.62126989E-1
1.75559587E+4	6.82386882E+1	8.17937669E-8	4.94819461E+1	-3.04650608E+1	5.81083732E+1	-5.51869443E-1
1.88246790E+4	6.60438243E+1	7.69461454E-8	4.85157020E+1	-2.91614290E+1	5.66053217E+1	-5.41207363E-1
2.01850863E+4	6.39457667E+1	7.23057433E-8	4.75834129E+1	-2.79029834E+1	5.51611981E+1	-5.30360570E-1
2.16438064E+4	6.19375836E+1	6.78311480E-8	4.66948496E+1	-2.66787769E+1	5.37788633E+1	-5.19081625E-1
2.32079442E+4	6.00147786E+1	6.35326997E-8	4.58431779E+1	-2.54886454E+1	5.24525322E+1	-5.07435368E-1
2.48851178E+4	5.81790599E+1	5.94044777E-8	4.50295723E+1	-2.43334169E+1	5.11837674E+1	-4.95433247E-1
2.66834962E+4	5.64336031E+1	5.54505749E-8	4.42528505E+1	-2.32170820E+1	4.99734707E+1	-4.83169481E-1
2.86118383E+4	5.47681341E+1	5.16495929E-8	4.35148660E+1	-2.21288122E+1	4.88183161E+1	-4.70451903E-1
3.06795364E+4	5.31889231E+1	4.80202424E-8	4.28111279E+1	-2.10780713E+1	4.77187362E+1	-4.57509136E-1
3.28966612E+4	5.16897282E+1	4.45444167E-8	4.21442663E+1	-2.00570802E+1	4.66736078E+1	-4.44194468E-1
3.52740116E+4	5.02657860E+1	4.12288663E-8	4.15087547E+1	-1.90655041E+1	4.56778960E+1	-4.30571444E-1
3.78231664E+4	4.89180278E+1	3.80658470E-8	4.09070959E+1	-1.81025950E+1	4.47335942E+1	-4.16624081E-1
4.05565415E+4	4.76461651E+1	3.50636322E-8	4.03357588E+1	-1.71718016E+1	4.38388437E+1	-4.02481645E-1
4.34874501E+4	4.64451250E+1	3.22069803E-8	3.97967495E+1	-1.62660296E+1	4.29926157E+1	-3.88007446E-1
4.66301673E+4	4.53142004E+1	2.95014843E-8	3.92872005E+1	-1.53877852E+1	4.21932231E+1	-3.73308472E-1
5.00000000E+4	4.42480643E+1	2.69504649E-8	3.88020859E+1	-1.45366882E+1	4.14356995E+1	-3.58452187E-1
5.36133611E+4	4.32444192E+1	2.45373326E-8	3.83451518E+1	-1.37063174E+1	4.07211716E+1	-3.43292678E-1
5.74878498E+4	4.23034519E+1	2.22697927E-8	3.79132282E+1	-1.29014548E+1	4.00482262E+1	-3.27997541E-1
6.16423370E+4	4.14191855E+1	2.01442149E-8	3.75027993E+1	-1.21192166E+1	3.94123762E+1	-3.12562242E-1
6.60970574E+4	4.05870125E+1	1.81519443E-8	3.71127136E+1	-1.13552036E+1	3.88110058E+1	-2.96920551E-1
7.08737081E+4	3.98103088E+1	1.62920468E-8	3.67450228E+1	-1.06129162E+1	3.82469699E+1	-2.81174113E-1
7.59955541E+4	3.90819652E+1	1.45541910E-8	3.63970458E+1	-9.88550030E+0	3.77156211E+1	-2.65204121E-1
8.14875417E+4	3.83988281E+1	1.29420061E-8	3.60639981E+1	-9.17623501E+0	3.72131060E+1	-2.49155999E-1
8.73764200E+4	3.77598935E+1	1.14443169E-8	3.57478406E+1	-8.48095114E+0	3.67400960E+1	-2.32937203E-1
9.36908711E+4	3.71642892E+1	1.00547693E-8	3.54489363E+1	-7.79791124E+0	3.62964808E+1	-2.16527306E-1
1.00461650E+5	3.66109236E+1	8.76598434E-9	3.51677204E+1	-7.12419447E+0	3.58820669E+1	-1.99872845E-1
1.07721735E+5	3.60851236E+1	7.58144315E-9	3.48888957E+1	-6.46026752E+0	3.54819688E+1	-1.83093107E-1
1.15506485E+5	3.56003889E+1	6.48719108E-9	3.46276017E+1	-5.80390209E+0	3.51106264E+1	-1.66065526E-1
1.23853818E+5	3.51455799E+1	5.47869728E-9	3.43737848E+1	-5.15068063E+0	3.47575402E+1	-1.48736674E-1
1.32804389E+5	3.47251367E+1	4.54871812E-9	3.41321897E+1	-4.49871749E+0	3.44273866E+1	-1.31047511E-1
1.42401793E+5	3.43341898E+1	3.69487698E-9	3.38974613E+1	-3.84759438E+0	3.41151267E+1	-1.13023127E-1
1.52692775E+5	3.39750961E+1	2.91032619E-9	3.36720757E+1	-3.19426256E+0	3.38232466E+1	-9.45808061E-2
1.63727458E+5	3.36414733E+1	2.18989309E-9	3.34493470E+1	-2.53505247E+0	3.35452726E+1	-7.56431963E-2
1.75559587E+5	3.33428553E+1	1.52875508E-9	3.32377744E+1	-1.86886119E+0	3.32902734E+1	-5.61678847E-2
1.88246790E+5	3.31082666E+1	8.98118456E-10	3.30629108E+1	-1.16275776E+0	3.30855781E+1	-3.51525681E-2
2.01850863E+5	3.28309371E+1	3.67446586E-10	3.28232534E+1	-5.02191672E-1	3.28270950E+1	-1.52986828E-2
2.16438064E+5	3.26240257E+1	-1.41930695E-10	3.26227319E+1	2.05422321E-1	3.26233788E+1	6.29682472E-3
2.32079442E+5	3.24532952E+1	-6.06780553E-10	3.24265577E+1	9.31124796E-1	3.24399237E+1	2.87069923E-2
2.48851178E+5	3.23184255E+1	-1.03053654E-9	3.22310192E+1	1.67844553E+0	3.22746928E+1	5.20284710E-2
2.66834962E+5	3.22217814E+1	-1.40970878E-9	3.20359816E+1	2.43971717E+0	3.21287472E+1	7.60088225E-2
2.86118383E+5	3.21736797E+1	-1.76198113E-9	3.18429524E+1	3.24519667E+0	3.20078889E+1	1.01561901E-1
3.06795364E+5	3.21731108E+1	-2.07737403E-9	3.16477996E+1	4.07736809E+0	3.19093742E+1	1.28129937E-1
3.28966612E+5	3.22284086E+1	-2.36010586E-9	3.14510177E+1	4.94466348E+0	3.18373405E+1	1.55941447E-1
3.52740116E+5	3.23484890E+1	-2.60807136E-9	3.12556768E+1	5.84436162E+0	3.17973885E+1	1.84850980E-1
3.78231664E+5	3.25359534E+1	-2.82839991E-9	3.10508452E+1	6.79071592E+0	3.17847267E+1	2.15306776E-1
4.05565415E+5	3.28132201E+1	-3.01197054E-9	3.08560565E+1	7.77107477E+0	3.18195935E+1	2.46718234E-1
4.34874501E+5	3.31794323E+1	-3.18308721E-9	3.06287646E+1	8.83873937E+0	3.18785976E+1	2.80943852E-1
4.66301673E+5	3.36524602E+1	-3.31178060E-9	3.04100345E+1	9.92982209E+0	3.19901921E+1	3.15616126E-1
5.00000000E+5	3.42396420E+1	-3.41364120E-9	3.01715261E+1	1.10788064E+1	3.21412833E+1	3.51910005E-1
