Start time:20240904_10-10-18	sweep/start:500.000	sweep/stop:500000.000	sweep/samplecount:100.000	sweep/xmapping:1.000	sweep/scan:0.000	sweep/averaging/sample:10.000	sweep/settling/time:0.100	sweep/settling/inaccuracy:0.010	sweep/awgcontrol:0.000	sweep/averaging/time:0.100	sweep/averaging/tc:15.000	sweep/bandwidthcontrol:2.000	sweep/sincfilter:0.000	sweep/omegasuppression:80.000	sweep/maxbandwidth:100.000	sweep/bandwidth:1250000.000	sweep/order:8.000	sweep/bandwidthoverlap:1.000																				
Frequency	Param0		Param1		RealZ		ImagZ		AbsZ		PhaseZ		
5.00000000E+2	9.34877043E+2	7.32694950E-7	1.66029501E+2	-3.57283240E+2	3.93976040E+2	-1.13578543E+0
5.36133611E+2	8.53765527E+2	7.13685604E-7	1.63774650E+2	-3.36159093E+2	3.73931928E+2	-1.11744600E+0
5.74878498E+2	7.81571914E+2	6.93962328E-7	1.61543716E+2	-3.16483112E+2	3.55327952E+2	-1.09883646E+0
6.16423370E+2	7.17167429E+2	6.73515481E-7	1.59374524E+2	-2.98157573E+2	3.38080148E+2	-1.07990687E+0
6.60970574E+2	6.59546824E+2	6.52457372E-7	1.57263880E+2	-2.81053234E+2	3.22060334E+2	-1.06064916E+0
7.08737081E+2	6.08415440E+2	6.30825791E-7	1.55163726E+2	-2.65194623E+2	3.07252305E+2	-1.04140940E+0
7.59955541E+2	5.62445403E+2	6.08770463E-7	1.53128439E+2	-2.50355804E+2	2.93472926E+2	-1.02185958E+0
8.14875417E+2	5.21579682E+2	5.86439982E-7	1.51067726E+2	-2.36584804E+2	2.80702398E+2	-1.00252300E+0
8.73764200E+2	4.84920216E+2	5.63751545E-7	1.49091660E+2	-2.23761522E+2	2.68882033E+2	-9.83049593E-1
9.36908711E+2	4.52204037E+2	5.41091346E-7	1.47070517E+2	-2.11839873E+2	2.57887326E+2	-9.63937675E-1
1.00461650E+3	4.22909737E+2	5.18361927E-7	1.45090815E+2	-2.00770924E+2	2.47710137E+2	-9.45018071E-1
1.07721735E+3	3.96549944E+2	4.95906426E-7	1.43077026E+2	-1.90436722E+2	2.38195682E+2	-9.26457309E-1
1.15506485E+3	3.72972971E+2	4.73676498E-7	1.41066120E+2	-1.80870659E+2	2.29377086E+2	-9.08414702E-1
1.23853818E+3	3.51761070E+2	4.51853372E-7	1.39040312E+2	-1.71978948E+2	2.21153720E+2	-8.90910310E-1
1.32804389E+3	3.32676087E+2	4.30563333E-7	1.36984297E+2	-1.63727516E+2	2.13474585E+2	-8.74097864E-1
1.42401793E+3	3.15465327E+2	4.09859620E-7	1.34910352E+2	-1.56072844E+2	2.06299629E+2	-8.57997879E-1
1.52692775E+3	2.99838885E+2	3.89889677E-7	1.32793770E+2	-1.48938066E+2	1.99541310E+2	-8.42639342E-1
1.63727458E+3	2.85683606E+2	3.70654212E-7	1.30650840E+2	-1.42320621E+2	1.93196278E+2	-8.28123068E-1
1.75559587E+3	2.72813068E+2	3.52291779E-7	1.28446527E+2	-1.36174079E+2	1.87194794E+2	-8.14592249E-1
1.88246790E+3	2.61025222E+2	3.34721625E-7	1.26224677E+2	-1.30442148E+2	1.81515354E+2	-8.01828380E-1
2.01850863E+3	2.50259619E+2	3.18017618E-7	1.23962248E+2	-1.25124357E+2	1.76132746E+2	-7.90063616E-1
2.16438064E+3	2.40327261E+2	3.02237628E-7	1.21639660E+2	-1.20154559E+2	1.70977559E+2	-7.79256240E-1
2.32079442E+3	2.31122073E+2	2.87330915E-7	1.19274274E+2	-1.15501354E+2	1.66032877E+2	-7.69329225E-1
2.48851178E+3	2.22539258E+2	2.73285281E-7	1.16864981E+2	-1.11128851E+2	1.61267001E+2	-7.60244327E-1
2.66834962E+3	2.14553578E+2	2.60069729E-7	1.14417720E+2	-1.07038850E+2	1.56680345E+2	-7.52090773E-1
2.86118383E+3	2.07017210E+2	2.47644007E-7	1.11936605E+2	-1.03164909E+2	1.52226157E+2	-7.44641422E-1
3.06795364E+3	1.99930425E+2	2.35968399E-7	1.09429022E+2	-9.95162230E+1	1.47912779E+2	-7.37991622E-1
3.28966612E+3	1.93208993E+2	2.25003887E-7	1.06897828E+2	-9.60545429E+1	1.43713678E+2	-7.32021181E-1
3.52740116E+3	1.86794999E+2	2.14684757E-7	1.04357369E+2	-9.27522147E+1	1.39618890E+2	-7.26589383E-1
3.78231664E+3	1.80653923E+2	2.05011656E-7	1.01794692E+2	-8.95960397E+1	1.35608296E+2	-7.21747363E-1
4.05565415E+3	1.74738136E+2	1.95865496E-7	9.92475652E+1	-8.65578021E+1	1.31690294E+2	-7.17208055E-1
4.34874501E+3	1.69072266E+2	1.87262312E-7	9.67011976E+1	-8.36562507E+1	1.27865125E+2	-7.13195605E-1
4.66301673E+3	1.63556687E+2	1.79149411E-7	9.41610314E+1	-8.08354234E+1	1.24099420E+2	-7.09396967E-1
5.00000000E+3	1.58246614E+2	1.71423215E-7	9.16688100E+1	-7.81223856E+1	1.20442013E+2	-7.05783960E-1
5.36133611E+3	1.53088988E+2	1.64117078E-7	8.91965628E+1	-7.54916177E+1	1.16854659E+2	-7.02371931E-1
5.74878498E+3	1.48087009E+2	1.57151457E-7	8.67723785E+1	-7.29411823E+1	1.13357231E+2	-6.99013671E-1
6.16423370E+3	1.43191406E+2	1.50533148E-7	8.43804706E+1	-7.04449708E+1	1.09920690E+2	-6.95632231E-1
6.60970574E+3	1.38449383E+2	1.44215222E-7	8.20398044E+1	-6.80281604E+1	1.06575608E+2	-6.92299418E-1
7.08737081E+3	1.33839858E+2	1.38142697E-7	7.97669420E+1	-6.56751920E+1	1.03324712E+2	-6.88810601E-1
7.59955541E+3	1.29325221E+2	1.32336097E-7	7.75414890E+1	-6.33670851E+1	1.00140252E+2	-6.85142505E-1
8.14875417E+3	1.24960111E+2	1.26752439E-7	7.53837009E+1	-6.11330757E+1	9.70564552E+1	-6.81387507E-1
8.73764200E+3	1.20697014E+2	1.21375903E-7	7.32894460E+1	-5.89446698E+1	9.40522044E+1	-6.77340566E-1
9.36908711E+3	1.16564752E+2	1.16194546E-7	7.12624014E+1	-5.68186065E+1	9.11410118E+1	-6.73101813E-1
1.00461650E+4	1.12534916E+2	1.11198230E-7	6.92982035E+1	-5.47377962E+1	8.83089318E+1	-6.68544397E-1
1.07721735E+4	1.08632794E+2	1.06370161E-7	6.74032350E+1	-5.27162744E+1	8.55698646E+1	-6.63732489E-1
1.15506485E+4	1.04839853E+2	1.01695236E-7	6.55772152E+1	-5.07418397E+1	8.29162562E+1	-6.58542669E-1
1.23853818E+4	1.01158353E+2	9.71676985E-8	6.38185072E+1	-4.88157044E+1	8.03478376E+1	-6.52978282E-1
1.32804389E+4	9.75905083E+1	9.27883295E-8	6.21225729E+1	-4.69399541E+1	7.78625290E+1	-6.47076898E-1
1.42401793E+4	9.41380189E+1	8.85277250E-8	6.04997835E+1	-4.51121472E+1	7.54674083E+1	-6.40716426E-1
1.52692775E+4	9.07997826E+1	8.44016328E-8	5.89383143E+1	-4.33342839E+1	7.31545334E+1	-6.33992881E-1
1.63727458E+4	8.75645695E+1	8.03843947E-8	5.74446932E+1	-4.15959802E+1	7.09233341E+1	-6.26721194E-1
1.75559587E+4	8.44491600E+1	7.64881970E-8	5.60127267E+1	-3.99099222E+1	6.87766503E+1	-6.19076161E-1
1.88246790E+4	8.14345049E+1	7.26887135E-8	5.46470047E+1	-3.82603766E+1	6.67094574E+1	-6.10817728E-1
2.01850863E+4	7.85334501E+1	6.90082281E-8	5.33361587E+1	-3.66596027E+1	6.47199542E+1	-6.02172653E-1
2.16438064E+4	7.57525585E+1	6.54239289E-8	5.20904669E+1	-3.51079672E+1	6.28170847E+1	-5.93049057E-1
2.32079442E+4	7.30719003E+1	6.19408891E-8	5.08998682E+1	-3.35939468E+1	6.09864741E+1	-5.83373455E-1
2.48851178E+4	7.04983982E+1	5.85545501E-8	4.97659143E+1	-3.21211755E+1	5.92318911E+1	-5.73166598E-1
2.66834962E+4	6.80402490E+1	5.52535458E-8	4.86947650E+1	-3.06924040E+1	5.75604369E+1	-5.62402848E-1
2.86118383E+4	6.56867759E+1	5.20523071E-8	4.76743568E+1	-2.93041002E+1	5.59604747E+1	-5.51138055E-1
3.06795364E+4	6.34342715E+1	4.89566158E-8	4.66989193E+1	-2.79557298E+1	5.44271248E+1	-5.39417146E-1
3.28966612E+4	6.12885400E+1	4.59481428E-8	4.57783265E+1	-2.66464182E+1	5.29687341E+1	-5.27135054E-1
3.52740116E+4	5.92457850E+1	4.30413380E-8	4.49030562E+1	-2.53777923E+1	5.15782591E+1	-5.14414250E-1
3.78231664E+4	5.72988661E+1	4.02291242E-8	4.40730654E+1	-2.41433544E+1	5.02527280E+1	-5.01154838E-1
4.05565415E+4	5.54564136E+1	3.75078026E-8	4.32932059E+1	-2.29474229E+1	4.89988360E+1	-4.87395077E-1
4.34874501E+4	5.37113588E+1	3.48939479E-8	4.25519823E+1	-2.17911351E+1	4.78071625E+1	-4.73285619E-1
4.66301673E+4	5.20551932E+1	3.23758224E-8	4.18511774E+1	-2.06651895E+1	4.66751660E+1	-4.58657607E-1
5.00000000E+4	5.04892165E+1	2.99573522E-8	4.11891369E+1	-1.95719730E+1	4.56027108E+1	-4.43589619E-1
5.36133611E+4	4.90107961E+1	2.76448374E-8	4.05613246E+1	-1.85127452E+1	4.45863523E+1	-4.28174763E-1
5.74878498E+4	4.76181062E+1	2.54330611E-8	3.99695030E+1	-1.74845891E+1	4.36265061E+1	-4.12367003E-1
6.16423370E+4	4.63008345E+1	2.33223421E-8	3.94076425E+1	-1.64816387E+1	4.27154156E+1	-3.96126347E-1
6.60970574E+4	4.50680624E+1	2.13155174E-8	3.88796912E+1	-1.55113489E+1	4.18596745E+1	-3.79607446E-1
7.08737081E+4	4.39028009E+1	1.94116446E-8	3.83757211E+1	-1.45638477E+1	4.10463353E+1	-3.62715985E-1
7.59955541E+4	4.28139021E+1	1.76054842E-8	3.79038606E+1	-1.36421957E+1	4.02841430E+1	-3.45480979E-1
8.14875417E+4	4.17890879E+1	1.59002531E-8	3.74542115E+1	-1.27420315E+1	3.95623222E+1	-3.27920372E-1
8.73764200E+4	4.08255174E+1	1.42905935E-8	3.70268682E+1	-1.18596825E+1	3.88798283E+1	-3.09974480E-1
9.36908711E+4	3.99288873E+1	1.27783183E-8	3.66248003E+1	-1.10005221E+1	3.82411757E+1	-2.91784464E-1
1.00461650E+5	3.90849375E+1	1.13511050E-8	3.62426045E+1	-1.01495583E+1	3.76369490E+1	-2.73050379E-1
1.07721735E+5	3.83017168E+1	1.00220740E-8	3.58797533E+1	-9.32198707E+0	3.70709610E+1	-2.54191866E-1
1.15506485E+5	3.75697335E+1	8.77626507E-9	3.55349245E+1	-8.50333878E+0	3.65381669E+1	-2.34878509E-1
1.23853818E+5	3.68888276E+1	7.61429727E-9	3.52067210E+1	-7.69554745E+0	3.60379614E+1	-2.15197149E-1
1.32804389E+5	3.62568601E+1	6.52800441E-9	3.48957293E+1	-6.89183954E+0	3.55697845E+1	-1.94988706E-1
1.42401793E+5	3.56687831E+1	5.51955312E-9	3.45953071E+1	-6.09403198E+0	3.51279448E+1	-1.74363199E-1
1.52692775E+5	3.51288461E+1	4.58349293E-9	3.43101176E+1	-5.30006266E+0	3.47170684E+1	-1.53263784E-1
1.63727458E+5	3.46332348E+1	3.71485476E-9	3.40369910E+1	-4.50492361E+0	3.43338186E+1	-1.31588944E-1
1.75559587E+5	3.41852928E+1	2.91088103E-9	3.37783115E+1	-3.70771307E+0	3.39811929E+1	-1.09328403E-1
1.88246790E+5	3.37937671E+1	2.15542501E-9	3.35411546E+1	-2.88962557E+0	3.36672103E+1	-8.59364285E-2
2.01850863E+5	3.34180313E+1	1.48533872E-9	3.32861149E+1	-2.09546258E+0	3.33520079E+1	-6.28700906E-2
2.16438064E+5	3.31009427E+1	8.55063932E-10	3.30519754E+1	-1.27218391E+0	3.30764500E+1	-3.84714124E-2
2.32079442E+5	3.28321252E+1	2.79001026E-10	3.28262678E+1	-4.38473197E-1	3.28291964E+1	-1.33565904E-2
2.48851178E+5	3.26129929E+1	-2.48475228E-10	3.26077571E+1	4.13155791E-1	3.26103749E+1	1.26698034E-2
2.66834962E+5	3.24425898E+1	-7.32393049E-10	3.23911849E+1	1.29035461E+0	3.24168772E+1	3.98155475E-2
2.86118383E+5	3.23298735E+1	-1.16570924E-9	3.21821471E+1	2.18039311E+0	3.22559257E+1	6.76482597E-2
3.06795364E+5	3.22748334E+1	-1.55927881E-9	3.19739281E+1	3.10179080E+0	3.21240284E+1	9.67073805E-2
3.28966612E+5	3.22904839E+1	-1.91304681E-9	3.17724989E+1	4.05679420E+0	3.20304443E+1	1.26995439E-1
3.52740116E+5	3.23679930E+1	-2.22546441E-9	3.15634888E+1	5.03913626E+0	3.19632098E+1	1.58314760E-1
3.78231664E+5	3.25288885E+1	-2.50133105E-9	3.13564647E+1	6.06324597E+0	3.19372970E+1	1.91007787E-1
4.05565415E+5	3.27726399E+1	-2.73519891E-9	3.11474333E+1	7.11480580E+0	3.19497041E+1	2.24570605E-1
4.34874501E+5	3.31259769E+1	-2.94150631E-9	3.09332153E+1	8.23583276E+0	3.20108257E+1	2.60209180E-1
4.66301673E+5	3.35872111E+1	-3.11161998E-9	3.07080281E+1	9.40283349E+0	3.21153695E+1	2.97136147E-1
5.00000000E+5	3.41728840E+1	-3.24804527E-9	3.04681600E+1	1.06242782E+1	3.22673954E+1	3.35517097E-1
