Start time:20240904_07-32-14	sweep/start:500.000	sweep/stop:500000.000	sweep/samplecount:100.000	sweep/xmapping:1.000	sweep/scan:0.000	sweep/averaging/sample:10.000	sweep/settling/time:0.100	sweep/settling/inaccuracy:0.010	sweep/awgcontrol:0.000	sweep/averaging/time:0.100	sweep/averaging/tc:15.000	sweep/bandwidthcontrol:2.000	sweep/sincfilter:0.000	sweep/omegasuppression:80.000	sweep/maxbandwidth:100.000	sweep/bandwidth:1250000.000	sweep/order:8.000	sweep/bandwidthoverlap:1.000																				
Frequency	Param0		Param1		RealZ		ImagZ		AbsZ		PhaseZ		
5.00000000E+2	8.77151839E+2	6.99446600E-7	1.86034498E+2	-3.58568857E+2	4.03956023E+2	-1.09220236E+0
5.36133611E+2	8.06228510E+2	6.78283898E-7	1.83505772E+2	-3.38043088E+2	3.84639465E+2	-1.07346122E+0
5.74878498E+2	7.42247656E+2	6.56565731E-7	1.81097795E+2	-3.18783550E+2	3.66632480E+2	-1.05417052E+0
6.16423370E+2	6.85330040E+2	6.34240632E-7	1.78742887E+2	-3.00913287E+2	3.49996911E+2	-1.03479933E+0
6.60970574E+2	6.34620523E+2	6.11531493E-7	1.76395940E+2	-2.84304264E+2	3.34581012E+2	-1.01547722E+0
7.08737081E+2	5.89177154E+2	5.88612685E-7	1.74057369E+2	-2.68802165E+2	3.20235207E+2	-9.96159665E-1
7.59955541E+2	5.48707627E+2	5.65496759E-7	1.71727588E+2	-2.54436318E+2	3.06966145E+2	-9.77092320E-1
8.14875417E+2	5.12411914E+2	5.42386687E-7	1.69399270E+2	-2.41051989E+2	2.94622104E+2	-9.58227152E-1
8.73764200E+2	4.79927347E+2	5.19349294E-7	1.67077420E+2	-2.28626651E+2	2.83169586E+2	-9.39705238E-1
9.36908711E+2	4.50801607E+2	4.96592311E-7	1.64724435E+2	-2.17080372E+2	2.72503270E+2	-9.21675713E-1
1.00461650E+3	4.24751744E+2	4.74180952E-7	1.62348973E+2	-2.06399649E+2	2.62598565E+2	-9.04294632E-1
1.07721735E+3	4.01166951E+2	4.52308802E-7	1.59936006E+2	-1.96421764E+2	2.53300290E+2	-8.87427809E-1
1.15506485E+3	3.79987712E+2	4.31009489E-7	1.57487315E+2	-1.87192371E+2	2.44628782E+2	-8.71367380E-1
1.23853818E+3	3.60821460E+2	4.10351817E-7	1.55016895E+2	-1.78614617E+2	2.36502475E+2	-8.56010463E-1
1.32804389E+3	3.43429796E+2	3.90489428E-7	1.52485312E+2	-1.70634767E+2	2.28840549E+2	-8.41508589E-1
1.42401793E+3	3.27634225E+2	3.71410366E-7	1.49917266E+2	-1.63226334E+2	2.21625867E+2	-8.27874085E-1
1.52692775E+3	3.13236506E+2	3.53213835E-7	1.47286048E+2	-1.56339968E+2	2.14791448E+2	-8.15208654E-1
1.63727458E+3	3.00045036E+2	3.35888204E-7	1.44607485E+2	-1.49924749E+2	2.08299680E+2	-8.03449456E-1
1.75559587E+3	2.87860091E+2	3.19517424E-7	1.41848785E+2	-1.43914988E+2	2.02070787E+2	-7.92628487E-1
1.88246790E+3	2.76690556E+2	3.03952392E-7	1.39075602E+2	-1.38343344E+2	1.96165503E+2	-7.82758640E-1
2.01850863E+3	2.66278584E+2	2.89279111E-7	1.36246130E+2	-1.33103032E+2	1.90471588E+2	-7.73729459E-1
2.16438064E+3	2.56563624E+2	2.75506671E-7	1.33347685E+2	-1.28181737E+2	1.84965306E+2	-7.65647902E-1
2.32079442E+3	2.47460358E+2	2.62514475E-7	1.30425764E+2	-1.23548876E+2	1.79653014E+2	-7.58327716E-1
2.48851178E+3	2.38869595E+2	2.50303652E-7	1.27467311E+2	-1.19164375E+2	1.74493738E+2	-7.51745545E-1
2.66834962E+3	2.30750779E+2	2.38839128E-7	1.24476273E+2	-1.15015881E+2	1.69478601E+2	-7.45916801E-1
2.86118383E+3	2.23006414E+2	2.28065118E-7	1.21463515E+2	-1.11057445E+2	1.64581719E+2	-7.40674744E-1
3.06795364E+3	2.15654691E+2	2.17923512E-7	1.18446170E+2	-1.07303194E+2	1.59823250E+2	-7.36078253E-1
3.28966612E+3	2.08589645E+2	2.08380645E-7	1.15423531E+2	-1.03699379E+2	1.55164922E+2	-7.31944221E-1
3.52740116E+3	2.01787307E+2	1.99384330E-7	1.12408065E+2	-1.00234460E+2	1.50607173E+2	-7.28211423E-1
3.78231664E+3	1.95246572E+2	1.90894846E-7	1.09408296E+2	-9.69093310E+1	1.46156061E+2	-7.24890942E-1
4.05565415E+3	1.88906977E+2	1.82889365E-7	1.06420821E+2	-9.36922746E+1	1.41787287E+2	-7.21876973E-1
4.34874501E+3	1.82750280E+2	1.75243428E-7	1.03497234E+2	-9.05674918E+1	1.37528718E+2	-7.18870555E-1
4.66301673E+3	1.76809096E+2	1.68000454E-7	1.00608489E+2	-8.75581360E+1	1.33373519E+2	-7.16153745E-1
5.00000000E+3	1.71071596E+2	1.61132029E-7	9.77592433E+1	-8.46578929E+1	1.29320645E+2	-7.13700433E-1
5.36133611E+3	1.65416730E+2	1.54539956E-7	9.49819350E+1	-8.17926196E+1	1.25345925E+2	-7.10925211E-1
5.74878498E+3	1.59932324E+2	1.48269543E-7	9.22518539E+1	-7.90167601E+1	1.21466264E+2	-7.08274623E-1
6.16423370E+3	1.54624614E+2	1.42265328E-7	8.95910155E+1	-7.63310271E+1	1.17698666E+2	-7.05650671E-1
6.60970574E+3	1.49450601E+2	1.36517137E-7	8.69936133E+1	-7.37113198E+1	1.14023014E+2	-7.02935403E-1
7.08737081E+3	1.44423620E+2	1.30988215E-7	8.44733875E+1	-7.11631847E+1	1.10453394E+2	-7.00084700E-1
7.59955541E+3	1.39513326E+2	1.25690561E-7	8.20141498E+1	-6.86712873E+1	1.06967596E+2	-6.97080715E-1
8.14875417E+3	1.34738086E+2	1.20566412E-7	7.96422240E+1	-6.62416522E+1	1.03589771E+2	-6.93797424E-1
8.73764200E+3	1.30104153E+2	1.15656913E-7	7.73299651E+1	-6.38829082E+1	1.00304285E+2	-6.90459003E-1
9.36908711E+3	1.25587917E+2	1.10887348E-7	7.51092816E+1	-6.15744582E+1	9.71226965E+1	-6.86697009E-1
1.00461650E+4	1.21204002E+2	1.06292819E-7	7.29570820E+1	-5.93292029E+1	9.40355797E+1	-6.82742210E-1
1.07721735E+4	1.16941085E+2	1.01849296E-7	7.08795972E+1	-5.71386001E+1	9.10425010E+1	-6.78471266E-1
1.15506485E+4	1.12801681E+2	9.75411223E-8	6.88804135E+1	-5.50028629E+1	8.81466187E+1	-6.73842063E-1
1.23853818E+4	1.08780993E+2	9.33645776E-8	6.69558529E+1	-5.29191612E+1	8.53435647E+1	-6.68834578E-1
1.32804389E+4	1.04881460E+2	8.93220064E-8	6.51000423E+1	-5.08898008E+1	8.26304268E+1	-6.63492843E-1
1.42401793E+4	1.01106953E+2	8.53806167E-8	6.33270664E+1	-4.89130775E+1	8.00175396E+1	-6.57676259E-1
1.52692775E+4	9.74466141E+1	8.15605309E-8	6.16196709E+1	-4.69855653E+1	7.74895341E+1	-6.51459036E-1
1.63727458E+4	9.38920788E+1	7.78456525E-8	5.99809207E+1	-4.51001248E+1	7.50448725E+1	-6.44720995E-1
1.75559587E+4	9.04727549E+1	7.42185434E-8	5.84216419E+1	-4.32721417E+1	7.27019033E+1	-6.37513996E-1
1.88246790E+4	8.71605288E+1	7.07023850E-8	5.69200794E+1	-4.14884141E+1	7.04356737E+1	-6.29852548E-1
2.01850863E+4	8.39896786E+1	6.72447668E-8	5.55088721E+1	-3.97609952E+1	6.82801002E+1	-6.21581886E-1
2.16438064E+4	8.09113311E+1	6.38955706E-8	5.41467847E+1	-3.80685447E+1	6.61897908E+1	-6.12778018E-1
2.32079442E+4	7.79577281E+1	6.06266059E-8	5.28533116E+1	-3.64259707E+1	6.41897502E+1	-6.03433989E-1
2.48851178E+4	7.51207146E+1	5.74273083E-8	5.16299425E+1	-3.48256543E+1	6.22774265E+1	-5.93422819E-1
2.66834962E+4	7.23979199E+1	5.43390153E-8	5.04503970E+1	-3.32755324E+1	6.04359475E+1	-5.83072928E-1
2.86118383E+4	6.98003793E+1	5.13086969E-8	4.93455172E+1	-3.17703536E+1	5.86884631E+1	-5.72028846E-1
3.06795364E+4	6.73185370E+1	4.83609785E-8	4.82972713E+1	-3.03096551E+1	5.70201862E+1	-5.60441359E-1
3.28966612E+4	6.49466380E+1	4.54971465E-8	4.73016508E+1	-2.88900850E+1	5.54263763E+1	-5.48295705E-1
3.52740116E+4	6.26883237E+1	4.27170839E-8	4.63586713E+1	-2.75140139E+1	5.39086949E+1	-5.35628652E-1
3.78231664E+4	6.05401092E+1	4.00196679E-8	4.54669392E+1	-2.61788249E+1	5.24649736E+1	-5.22418136E-1
4.05565415E+4	5.85068488E+1	3.74108554E-8	4.46244834E+1	-2.48896234E+1	5.10963589E+1	-5.08779260E-1
4.34874501E+4	5.65742596E+1	3.48841712E-8	4.38291118E+1	-2.36348998E+1	4.97955776E+1	-4.94553312E-1
4.66301673E+4	5.47469104E+1	3.24478617E-8	4.30777819E+1	-2.24205292E+1	4.85631080E+1	-4.79886193E-1
5.00000000E+4	5.30183870E+1	3.01100816E-8	4.23631152E+1	-2.12459522E+1	4.73922359E+1	-4.64862920E-1
5.36133611E+4	5.13895313E+1	2.78568869E-8	4.16935972E+1	-2.01061770E+1	4.62883832E+1	-4.49336142E-1
5.74878498E+4	4.98539062E+1	2.56997971E-8	4.10598870E+1	-1.90021423E+1	4.52437371E+1	-4.33439786E-1
6.16423370E+4	4.84085512E+1	2.36372392E-8	4.04616286E+1	-1.79316871E+1	4.42570764E+1	-4.17165943E-1
6.60970574E+4	4.70438173E+1	2.16682777E-8	3.98941320E+1	-1.68887676E+1	4.33217296E+1	-4.00463469E-1
7.08737081E+4	4.57657669E+1	1.97978265E-8	3.93583441E+1	-1.58803509E+1	4.24413100E+1	-3.83503784E-1
7.59955541E+4	4.45638291E+1	1.80197899E-8	3.88515558E+1	-1.48973384E+1	4.16097836E+1	-3.66151709E-1
8.14875417E+4	4.34392050E+1	1.63355718E-8	3.83738490E+1	-1.39419221E+1	4.08280478E+1	-3.48490070E-1
8.73764200E+4	4.23840892E+1	1.47443683E-8	3.79205353E+1	-1.30100092E+1	4.00902401E+1	-3.30502227E-1
9.36908711E+4	4.13905155E+1	1.32435539E-8	3.74870824E+1	-1.20966232E+1	3.93904768E+1	-3.12139152E-1
1.00461650E+5	4.04665129E+1	1.18333763E-8	3.70788831E+1	-1.12075651E+1	3.87356825E+1	-2.93531416E-1
1.07721735E+5	3.95959948E+1	1.05048837E-8	3.66881122E+1	-1.03288287E+1	3.81143319E+1	-2.74427524E-1
1.15506485E+5	3.87878936E+1	9.26121607E-9	3.63193595E+1	-9.46866243E+0	3.75333378E+1	-2.55028916E-1
1.23853818E+5	3.80311522E+1	8.09793758E-9	3.59653411E+1	-8.61960481E+0	3.69838257E+1	-2.35227448E-1
1.32804389E+5	3.73271448E+1	7.01113370E-9	3.56281021E+1	-7.78032848E+0	3.64677298E+1	-2.15000915E-1
1.42401793E+5	3.66733633E+1	5.99796426E-9	3.53058044E+1	-6.94857991E+0	3.59830876E+1	-1.94327592E-1
1.52692775E+5	3.60678200E+1	5.05424589E-9	3.49973259E+1	-6.12081808E+0	3.55285414E+1	-1.73142698E-1
1.63727458E+5	3.55089699E+1	4.17475521E-9	3.47019306E+1	-5.29205176E+0	3.51031310E+1	-1.51334245E-1
1.75559587E+5	3.49986225E+1	3.36196351E-9	3.44188032E+1	-4.46728985E+0	3.47075021E+1	-1.29070585E-1
1.88246790E+5	3.45382678E+1	2.62904525E-9	3.41404896E+1	-3.66622751E+0	3.43387798E+1	-1.06977294E-1
2.01850863E+5	3.41131955E+1	1.90746301E-9	3.38824394E+1	-2.79617070E+0	3.39976217E+1	-8.23390753E-2
2.16438064E+5	3.37419752E+1	1.26317371E-9	3.36289930E+1	-1.94922032E+0	3.36854368E+1	-5.78977150E-2
2.32079442E+5	3.34159569E+1	6.69641938E-10	3.33804166E+1	-1.08919282E+0	3.33981820E+1	-3.26181247E-2
2.48851178E+5	3.31421160E+1	1.24788089E-10	3.31407299E+1	-2.14306341E-1	3.31414229E+1	-6.46646437E-3
2.66834962E+5	3.29199363E+1	-3.76849480E-10	3.29056994E+1	6.84416350E-1	3.29128171E+1	2.07963327E-2
2.86118383E+5	3.27558537E+1	-8.32179588E-10	3.26773818E+1	1.60132238E+0	3.27165942E+1	4.89648340E-2
3.06795364E+5	3.26459996E+1	-1.24676862E-9	3.24462644E+1	2.54571139E+0	3.25459788E+1	7.82989057E-2
3.28966612E+5	3.26072157E+1	-1.62033234E-9	3.22229201E+1	3.51895993E+0	3.24144984E+1	1.08775687E-1
3.52740116E+5	3.26364366E+1	-1.95499845E-9	3.19965953E+1	4.52467777E+0	3.23149324E+1	1.40479766E-1
3.78231664E+5	3.27536968E+1	-2.25235580E-9	3.17769480E+1	5.57118114E+0	3.22616261E+1	1.73557557E-1
4.05565415E+5	3.29646243E+1	-2.50921037E-9	3.15623622E+1	6.65266774E+0	3.22558736E+1	2.07737594E-1
4.34874501E+5	3.32493627E+1	-2.74065475E-9	3.13083637E+1	7.79545697E+0	3.22642700E+1	2.44027507E-1
4.66301673E+5	3.36630918E+1	-2.92522983E-9	3.10763468E+1	8.96583315E+0	3.23438693E+1	2.80882310E-1
5.00000000E+5	3.41954955E+1	-3.08401437E-9	3.08132157E+1	1.02087318E+1	3.24603313E+1	3.19928598E-1
