Start time:20240902_23-45-41	sweep/start:500.000	sweep/stop:500000.000	sweep/samplecount:100.000	sweep/xmapping:1.000	sweep/scan:0.000	sweep/averaging/sample:10.000	sweep/settling/time:0.100	sweep/settling/inaccuracy:0.010	sweep/awgcontrol:0.000	sweep/averaging/time:0.100	sweep/averaging/tc:15.000	sweep/bandwidthcontrol:2.000	sweep/sincfilter:0.000	sweep/omegasuppression:80.000	sweep/maxbandwidth:100.000	sweep/bandwidth:1250000.000	sweep/order:8.000	sweep/bandwidthoverlap:1.000																				
Frequency	Param0		Param1		RealZ		ImagZ		AbsZ		PhaseZ		
5.00000000E+2	2.07172607E+3	9.29896039E-7	5.50557065E+1	-3.33210208E+2	3.37727965E+2	-1.40704762E+0
5.36133611E+2	1.86347509E+3	9.24676008E-7	5.37143194E+1	-3.11784881E+2	3.16378014E+2	-1.40019100E+0
5.74878498E+2	1.67309621E+3	9.19555774E-7	5.24773864E+1	-2.91625783E+2	2.96309772E+2	-1.39275403E+0
6.16423370E+2	1.50186728E+3	9.13918778E-7	5.13257438E+1	-2.72855043E+2	2.77640442E+2	-1.38486277E+0
6.60970574E+2	1.34747346E+3	9.08094739E-7	5.02336509E+1	-2.55274152E+2	2.60169790E+2	-1.37649580E+0
7.08737081E+2	1.20905493E+3	9.01888616E-7	4.91904112E+1	-2.38859894E+2	2.43872410E+2	-1.36769741E+0
7.59955541E+2	1.08446077E+3	8.95340185E-7	4.82087727E+1	-2.23509183E+2	2.28649173E+2	-1.35836042E+0
8.14875417E+2	9.72592883E+2	8.88457935E-7	4.72731250E+1	-2.09147536E+2	2.14423514E+2	-1.34850397E+0
8.73764200E+2	8.72620337E+2	8.81045180E-7	4.63780554E+1	-1.95753598E+2	2.01172556E+2	-1.33816507E+0
9.36908711E+2	7.82184143E+2	8.73184119E-7	4.55677559E+1	-1.83210086E+2	1.88791835E+2	-1.32702405E+0
1.00461650E+3	7.01482351E+2	8.64914447E-7	4.47746491E+1	-1.71475474E+2	1.77224741E+2	-1.31538508E+0
1.07721735E+3	6.29257406E+2	8.56080582E-7	4.40228146E+1	-1.60510629E+2	1.66438190E+2	-1.30311145E+0
1.15506485E+3	5.64655006E+2	8.46639018E-7	4.33101612E+1	-1.50264841E+2	1.56381882E+2	-1.29017651E+0
1.23853818E+3	5.06782585E+2	8.36616487E-7	4.26363650E+1	-1.40675168E+2	1.46994432E+2	-1.27651277E+0
1.32804389E+3	4.55043223E+2	8.25919819E-7	4.19982991E+1	-1.31708694E+2	1.38242676E+2	-1.26211636E+0
1.42401793E+3	4.08945226E+2	8.14547910E-7	4.13791257E+1	-1.23327047E+2	1.30083792E+2	-1.24707589E+0
1.52692775E+3	3.67694033E+2	8.02341799E-7	4.08048574E+1	-1.15493136E+2	1.22489596E+2	-1.23117595E+0
1.63727458E+3	3.30869481E+2	7.89395305E-7	4.02543641E+1	-1.08159721E+2	1.15407708E+2	-1.21450450E+0
1.75559587E+3	2.97990573E+2	7.75642812E-7	3.97301703E+1	-1.01295255E+2	1.08808158E+2	-1.19701354E+0
1.88246790E+3	2.68764737E+2	7.61005215E-7	3.92219315E+1	-9.48847270E+1	1.02671668E+2	-1.17882260E+0
2.01850863E+3	2.42662040E+2	7.45391350E-7	3.87483389E+1	-8.88893488E+1	9.69677793E+1	-1.15971571E+0
2.16438064E+3	2.19403830E+2	7.28855861E-7	3.82949159E+1	-8.32799503E+1	9.16627012E+1	-1.13979497E+0
2.32079442E+3	1.98683103E+2	7.11399058E-7	3.78590348E+1	-7.80297616E+1	8.67291777E+1	-1.11906909E+0
2.48851178E+3	1.80221826E+2	6.92948348E-7	3.74455650E+1	-7.31186523E+1	8.21493015E+1	-1.09749936E+0
2.66834962E+3	1.63794445E+2	6.73507783E-7	3.70507896E+1	-6.85270177E+1	7.79019463E+1	-1.07514123E+0
2.86118383E+3	1.49167466E+2	6.53144654E-7	3.66708668E+1	-6.42288684E+1	7.39601249E+1	-1.05201817E+0
3.06795364E+3	1.36152083E+2	6.31839592E-7	3.63080280E+1	-6.02091381E+1	7.03094113E+1	-1.02815050E+0
3.28966612E+3	1.24551097E+2	6.09659069E-7	3.59622281E+1	-5.64433604E+1	6.69263389E+1	-1.00351590E+0
3.52740116E+3	1.14237841E+2	5.86682108E-7	3.56274573E+1	-5.29215261E+1	6.37965805E+1	-9.78275358E-1
3.78231664E+3	1.05061640E+2	5.62922008E-7	3.53098059E+1	-4.96278513E+1	6.09073563E+1	-9.52399357E-1
4.05565415E+3	9.68885697E+1	5.38546597E-7	3.50035618E+1	-4.65424051E+1	5.82361133E+1	-9.25966040E-1
4.34874501E+3	8.96065780E+1	5.13631740E-7	3.47109571E+1	-4.36517975E+1	5.57703328E+1	-8.99002439E-1
4.66301673E+3	8.31213111E+1	4.88331798E-7	3.44284205E+1	-4.09440979E+1	5.34951901E+1	-8.71630113E-1
5.00000000E+3	7.73365433E+1	4.62700356E-7	3.41626824E+1	-3.84048793E+1	5.14006195E+1	-8.43790292E-1
5.36133611E+3	7.22051976E+1	4.37070989E-7	3.38963278E+1	-3.60351209E+1	4.94721236E+1	-8.15972771E-1
5.74878498E+3	6.76182220E+1	4.11435261E-7	3.36439810E+1	-3.38087071E+1	4.76963956E+1	-7.87840255E-1
6.16423370E+3	6.35361089E+1	3.85926097E-7	3.34063202E+1	-3.17257833E+1	4.60706802E+1	-7.59601916E-1
6.60970574E+3	5.98877830E+1	3.60847617E-7	3.31702321E+1	-2.97695706E+1	4.45700757E+1	-7.31420269E-1
7.08737081E+3	5.66370259E+1	3.36169914E-7	3.29502059E+1	-2.79371714E+1	4.31995561E+1	-7.03250544E-1
7.59955541E+3	5.37274776E+1	3.12167465E-7	3.27334408E+1	-2.62146338E+1	4.19366808E+1	-6.75260094E-1
8.14875417E+3	5.11350552E+1	2.88871602E-7	3.25288424E+1	-2.46015947E+1	4.07843612E+1	-6.47521538E-1
8.73764200E+3	4.88103943E+1	2.66462792E-7	3.23278854E+1	-2.30834278E+1	3.97232530E+1	-6.20087263E-1
9.36908711E+3	4.67375365E+1	2.44954242E-7	3.21394875E+1	-2.16604198E+1	3.87571989E+1	-5.93028235E-1
1.00461650E+4	4.48827231E+1	2.24511496E-7	3.19547307E+1	-2.03251197E+1	3.78710354E+1	-5.66512931E-1
1.07721735E+4	4.32168134E+1	2.05133917E-7	3.17762100E+1	-1.90666986E+1	3.70576110E+1	-5.40442012E-1
1.15506485E+4	4.17283686E+1	1.86839366E-7	3.16084810E+1	-1.78850285E+1	3.63176312E+1	-5.14915521E-1
1.23853818E+4	4.03922402E+1	1.69694033E-7	3.14454796E+1	-1.67730481E+1	3.56392110E+1	-4.90009950E-1
1.32804389E+4	3.91920867E+1	1.53695694E-7	3.12875512E+1	-1.57262054E+1	3.50174873E+1	-4.65753061E-1
1.42401793E+4	3.81150928E+1	1.38780770E-7	3.11398447E+1	-1.47379825E+1	3.44513870E+1	-4.42047100E-1
1.52692775E+4	3.71464733E+1	1.25027124E-7	3.09931898E+1	-1.38097700E+1	3.39306303E+1	-4.19167439E-1
1.63727458E+4	3.62755480E+1	1.12267233E-7	3.08590384E+1	-1.29285776E+1	3.34578616E+1	-3.96740156E-1
1.75559587E+4	3.54937270E+1	1.00600371E-7	3.07268938E+1	-1.21024763E+1	3.30244148E+1	-3.75212858E-1
1.88246790E+4	3.47862326E+1	8.99140699E-8	3.05984458E+1	-1.13198817E+1	3.26252149E+1	-3.54335541E-1
2.01850863E+4	3.41541409E+1	8.01283177E-8	3.04819702E+1	-1.05799324E+1	3.22658566E+1	-3.34078441E-1
2.16438064E+4	3.35806969E+1	7.12316269E-8	3.03673401E+1	-9.87831392E+0	3.19336256E+1	-3.14497801E-1
2.32079442E+4	3.30625633E+1	6.31769879E-8	3.02556398E+1	-9.21548775E+0	3.16279782E+1	-2.95660110E-1
2.48851178E+4	3.25943332E+1	5.58586329E-8	3.01508769E+1	-8.58325281E+0	3.13488073E+1	-2.77340129E-1
2.66834962E+4	3.21722419E+1	4.92710563E-8	3.00498112E+1	-7.98615107E+0	3.10929219E+1	-2.59759251E-1
2.86118383E+4	3.17877317E+1	4.33126673E-8	2.99527276E+1	-7.41372468E+0	3.08565919E+1	-2.42637700E-1
3.06795364E+4	3.14426802E+1	3.79527563E-8	2.98624905E+1	-6.86938039E+0	3.06424010E+1	-2.26100431E-1
3.28966612E+4	3.11290598E+1	3.31483118E-8	2.97746056E+1	-6.35045896E+0	3.04443013E+1	-2.10135788E-1
3.52740116E+4	3.08422299E+1	2.88405867E-8	2.96883635E+1	-5.85289622E+0	3.02597973E+1	-1.94648343E-1
3.78231664E+4	3.05841004E+1	2.49774930E-8	2.96082623E+1	-5.37520760E+0	3.00922260E+1	-1.79588246E-1
4.05565415E+4	3.03506801E+1	2.15258116E-8	2.95321532E+1	-4.91658857E+0	2.99386194E+1	-1.64969541E-1
4.34874501E+4	3.01382672E+1	1.84448743E-8	2.94586128E+1	-4.47455724E+0	2.97965022E+1	-1.50740783E-1
4.66301673E+4	2.99442387E+1	1.56928939E-8	2.93872007E+1	-4.04595792E+0	2.96644122E+1	-1.36817419E-1
5.00000000E+4	2.97696830E+1	1.32421448E-8	2.93199771E+1	-3.63116536E+0	2.95439744E+1	-1.23218706E-1
5.36133611E+4	2.96107489E+1	1.10609107E-8	2.92546412E+1	-3.22766114E+0	2.94321565E+1	-1.09885456E-1
5.74878498E+4	2.94676233E+1	9.11506199E-9	2.91928351E+1	-2.83228506E+0	2.93299074E+1	-9.67171637E-2
6.16423370E+4	2.93382857E+1	7.39009152E-9	2.91328524E+1	-2.44639465E+0	2.92353886E+1	-8.37771906E-2
6.60970574E+4	2.92235592E+1	5.85993073E-9	2.90764912E+1	-2.06790013E+0	2.91499324E+1	-7.09997726E-2
7.08737081E+4	2.91194912E+1	4.49028430E-9	2.90210990E+1	-1.68980470E+0	2.90702535E+1	-5.81610938E-2
7.59955541E+4	2.90275673E+1	3.28084021E-9	2.89676649E+1	-1.31727741E+0	2.89976006E+1	-4.54427571E-2
8.14875417E+4	2.89480696E+1	2.20903603E-9	2.89170707E+1	-9.46777338E-1	2.89325660E+1	-3.27294276E-2
8.73764200E+4	2.88774493E+1	1.25688643E-9	2.88659875E+1	-5.75195371E-1	2.88717179E+1	-1.99237690E-2
9.36908711E+4	2.88224814E+1	4.09116843E-10	2.88210923E+1	-2.00062946E-1	2.88217868E+1	-6.94143192E-3
1.00461650E+5	2.87717329E+1	-3.37338834E-10	2.87706528E+1	1.76263234E-1	2.87711928E+1	6.12642103E-3
1.07721735E+5	2.87397151E+1	-9.98474719E-10	2.87288773E+1	5.57983566E-1	2.87342957E+1	1.94199516E-2
1.15506485E+5	2.87183166E+1	-1.58238745E-9	2.86871128E+1	9.46117137E-1	2.87027105E+1	3.29686122E-2
1.23853818E+5	2.87067975E+1	-2.09810504E-9	2.86438707E+1	1.34255766E+0	2.86753168E+1	4.68364009E-2
1.32804389E+5	2.87101156E+1	-2.55467092E-9	2.86029739E+1	1.75054555E+0	2.86564947E+1	6.11252730E-2
1.42401793E+5	2.87247576E+1	-2.95463555E-9	2.85600662E+1	2.16877665E+0	2.86422935E+1	7.57919205E-2
1.52692775E+5	2.87567111E+1	-3.30664486E-9	2.85193603E+1	2.60174617E+0	2.86377898E+1	9.09755437E-2
1.63727458E+5	2.88052437E+1	-3.61270931E-9	2.84788552E+1	3.04879690E+0	2.86415845E+1	1.06648569E-1
1.75559587E+5	2.88727965E+1	-3.88302750E-9	2.84378610E+1	3.51690532E+0	2.86545035E+1	1.23045068E-1
1.88246790E+5	2.89607692E+1	-4.12627349E-9	2.83894549E+1	4.01192183E+0	2.86736471E+1	1.40389775E-1
2.01850863E+5	2.90730955E+1	-4.31106311E-9	2.83565789E+1	4.50754381E+0	2.87126022E+1	1.57640441E-1
2.16438064E+5	2.92103783E+1	-4.48077827E-9	2.83133628E+1	5.03959446E+0	2.87583734E+1	1.76148728E-1
2.32079442E+5	2.93772626E+1	-4.62194503E-9	2.82690659E+1	5.59711334E+0	2.88178377E+1	1.95466239E-1
2.48851178E+5	2.95775275E+1	-4.73782811E-9	2.82225923E+1	6.18383117E+0	2.88921183E+1	2.15700525E-1
2.66834962E+5	2.98162334E+1	-4.82958523E-9	2.81740545E+1	6.80196663E+0	2.89835157E+1	2.36893473E-1
2.86118383E+5	3.00928772E+1	-4.89913939E-9	2.81177324E+1	7.45228347E+0	2.90885453E+1	2.59081777E-1
3.06795364E+5	3.04232538E+1	-4.94819192E-9	2.80603049E+1	8.14279044E+0	2.92179016E+1	2.82431697E-1
3.28966612E+5	3.08101246E+1	-4.97565201E-9	2.79989226E+1	8.87189631E+0	2.93709089E+1	3.06857136E-1
3.52740116E+5	3.12580644E+1	-4.98516039E-9	2.79270450E+1	9.64497145E+0	2.95456488E+1	3.32537995E-1
3.78231664E+5	3.17810005E+1	-4.97511958E-9	2.78488899E+1	1.04644569E+1	2.97500517E+1	3.59435489E-1
4.05565415E+5	3.23819425E+1	-4.95120343E-9	2.77499110E+1	1.13374621E+1	2.99765902E+1	3.87862557E-1
4.34874501E+5	3.31032908E+1	-4.90313001E-9	2.76624214E+1	1.22681326E+1	3.02608177E+1	4.17430782E-1
4.66301673E+5	3.39237044E+1	-4.83436088E-9	2.75605655E+1	1.32427185E+1	3.05770515E+1	4.47922039E-1
NaN	NaN	NaN	NaN	NaN	NaN	NaN
