Start time:20240903_03-38-49	sweep/start:500.000	sweep/stop:500000.000	sweep/samplecount:100.000	sweep/xmapping:1.000	sweep/scan:0.000	sweep/averaging/sample:10.000	sweep/settling/time:0.100	sweep/settling/inaccuracy:0.010	sweep/awgcontrol:0.000	sweep/averaging/time:0.100	sweep/averaging/tc:15.000	sweep/bandwidthcontrol:2.000	sweep/sincfilter:0.000	sweep/omegasuppression:80.000	sweep/maxbandwidth:100.000	sweep/bandwidth:1250000.000	sweep/order:8.000	sweep/bandwidthoverlap:1.000																				
Frequency	Param0		Param1		RealZ		ImagZ		AbsZ		PhaseZ		
5.00000000E+2	2.01395700E+3	9.34943660E-7	5.59554811E+1	-3.30999631E+2	3.35695958E+2	-1.40332964E+0
5.36133611E+2	1.80902468E+3	9.29653005E-7	5.46618802E+1	-3.09671371E+2	3.14458728E+2	-1.39608032E+0
5.74878498E+2	1.62407030E+3	9.24074398E-7	5.34487295E+1	-2.89736916E+2	2.94625619E+2	-1.38837390E+0
6.16423370E+2	1.45760106E+3	9.18321671E-7	5.22865186E+1	-2.71069732E+2	2.76066454E+2	-1.38024702E+0
6.60970574E+2	1.30722230E+3	9.12192199E-7	5.12150152E+1	-2.53626324E+2	2.58745618E+2	-1.37154474E+0
7.08737081E+2	1.17221130E+3	9.05586181E-7	5.02102889E+1	-2.37351775E+2	2.42604501E+2	-1.36232603E+0
7.59955541E+2	1.05141085E+3	8.98650350E-7	4.92358760E+1	-2.22132578E+2	2.27523752E+2	-1.35267193E+0
8.14875417E+2	9.43205024E+2	8.91240381E-7	4.83090839E+1	-2.07922012E+2	2.13460377E+2	-1.34250444E+0
8.73764200E+2	8.45858664E+2	8.83415625E-7	4.74412654E+1	-1.94622468E+2	2.00321192E+2	-1.33169872E+0
9.36908711E+2	7.58809660E+2	8.75116544E-7	4.66070915E+1	-1.82191293E+2	1.88058208E+2	-1.32035315E+0
1.00461650E+3	6.80861137E+2	8.66256341E-7	4.58177092E+1	-1.70576130E+2	1.76622422E+2	-1.30838458E+0
1.07721735E+3	6.11088486E+2	8.56816021E-7	4.50693711E+1	-1.59718865E+2	1.65955912E+2	-1.29576782E+0
1.15506485E+3	5.48778608E+2	8.46770193E-7	4.43507788E+1	-1.49571912E+2	1.56008811E+2	-1.28253698E+0
1.23853818E+3	4.93044577E+2	8.36085692E-7	4.36675175E+1	-1.40082743E+2	1.46731140E+2	-1.26861620E+0
1.32804389E+3	4.43334317E+2	8.24677417E-7	4.30124221E+1	-1.31220470E+2	1.38090117E+2	-1.25404535E+0
1.42401793E+3	3.98899965E+2	8.12606069E-7	4.23838529E+1	-1.22924873E+2	1.30026596E+2	-1.23876619E+0
1.52692775E+3	3.59296225E+2	7.99763267E-7	4.17776698E+1	-1.15174581E+2	1.22517582E+2	-1.22282304E+0
1.63727458E+3	3.23899726E+2	7.86084682E-7	4.12054326E+1	-1.07928399E+2	1.15526737E+2	-1.20609056E+0
1.75559587E+3	2.92286985E+2	7.71681780E-7	4.06507793E+1	-1.01139541E+2	1.09003178E+2	-1.18862928E+0
1.88246790E+3	2.64184908E+2	7.56349229E-7	4.01150878E+1	-9.48081216E+1	1.02945618E+2	-1.17052025E+0
2.01850863E+3	2.39058634E+2	7.40182777E-7	3.96037957E+1	-8.88772663E+1	9.73017427E+1	-1.15160666E+0
2.16438064E+3	2.16668707E+2	7.23149383E-7	3.91084303E+1	-8.33312869E+1	9.20520111E+1	-1.13199854E+0
2.32079442E+3	1.96671635E+2	7.05245169E-7	3.86335774E+1	-7.81381799E+1	8.71672446E+1	-1.11161755E+0
2.48851178E+3	1.78846706E+2	6.86420110E-7	3.81782287E+1	-7.32835104E+1	8.26320164E+1	-1.09051682E+0
2.66834962E+3	1.62940303E+2	6.66745789E-7	3.77387109E+1	-6.87382456E+1	7.84165593E+1	-1.06870539E+0
2.86118383E+3	1.48749371E+2	6.46248244E-7	3.73134194E+1	-6.44829905E+1	7.45006538E+1	-1.04621939E+0
3.06795364E+3	1.36081187E+2	6.24925847E-7	3.69057274E+1	-6.04991086E+1	7.08673052E+1	-1.02304100E+0
3.28966612E+3	1.24781221E+2	6.02892535E-7	3.65079573E+1	-5.67686215E+1	6.74944989E+1	-9.99286317E-1
3.52740116E+3	1.14680714E+2	5.80110905E-7	3.61305646E+1	-5.32734547E+1	6.43698590E+1	-9.74845025E-1
3.78231664E+3	1.05673377E+2	5.56731428E-7	3.57635210E+1	-5.00022246E+1	6.14756208E+1	-9.49916163E-1
4.05565415E+3	9.76189222E+1	5.32859959E-7	3.54074547E+1	-4.69334574E+1	5.87914737E+1	-9.24473560E-1
4.34874501E+3	9.04190158E+1	5.08601413E-7	3.50606992E+1	-4.40556600E+1	5.63041193E+1	-8.98604863E-1
4.66301673E+3	8.39812973E+1	4.83897188E-7	3.47369348E+1	-4.13593775E+1	5.40115986E+1	-8.72206572E-1
5.00000000E+3	7.82399310E+1	4.59055308E-7	3.44188523E+1	-3.88364664E+1	5.18934347E+1	-8.45629571E-1
5.36133611E+3	7.30747986E+1	4.34082485E-7	3.41185908E+1	-3.64572469E+1	4.99320450E+1	-8.18522820E-1
5.74878498E+3	6.84613980E+1	4.09224110E-7	3.38237822E+1	-3.42282794E+1	4.81209246E+1	-7.91342030E-1
6.16423370E+3	6.43388601E+1	3.84492899E-7	3.35448166E+1	-3.21400137E+1	4.64568104E+1	-7.64014405E-1
6.60970574E+3	6.06395608E+1	3.60085681E-7	3.32757828E+1	-3.01753393E+1	4.49202498E+1	-7.36573507E-1
7.08737081E+3	5.73312723E+1	3.36122394E-7	3.30175016E+1	-2.83333712E+1	4.35078770E+1	-7.09196145E-1
7.59955541E+3	5.43552689E+1	3.12724202E-7	3.27681607E+1	-2.65964244E+1	4.22033431E+1	-6.81807042E-1
8.14875417E+3	5.16976398E+1	2.89954002E-7	3.25339639E+1	-2.49693868E+1	4.10113292E+1	-6.54599027E-1
8.73764200E+3	4.93101787E+1	2.68006908E-7	3.23049508E+1	-2.34382811E+1	3.99119391E+1	-6.27656924E-1
9.36908711E+3	4.71682964E+1	2.46864130E-7	3.20902809E+1	-2.19967663E+1	3.89055764E+1	-6.00904215E-1
1.00461650E+4	4.52489298E+1	2.26686816E-7	3.18832273E+1	-2.06432000E+1	3.79826527E+1	-5.74589451E-1
1.07721735E+4	4.35221345E+1	2.07479502E-7	3.16861049E+1	-1.93658890E+1	3.71355209E+1	-5.48598995E-1
1.15506485E+4	4.19745987E+1	1.89317312E-7	3.14982005E+1	-1.81655628E+1	3.63610275E+1	-5.23124054E-1
1.23853818E+4	4.05860417E+1	1.72205085E-7	3.13208004E+1	-1.70351035E+1	3.56537138E+1	-4.98140953E-1
1.32804389E+4	3.93356244E+1	1.56162063E-7	3.11512833E+1	-1.59672387E+1	3.50050736E+1	-4.73653614E-1
1.42401793E+4	3.82141264E+1	1.41215275E-7	3.09894855E+1	-1.49628836E+1	3.44127319E+1	-4.49823527E-1
1.52692775E+4	3.72054029E+1	1.27308273E-7	3.08374390E+1	-1.40132637E+1	3.38721024E+1	-4.26526580E-1
1.63727458E+4	3.62972300E+1	1.14470309E-7	3.06901742E+1	-1.31179800E+1	3.33761636E+1	-4.03929273E-1
1.75559587E+4	3.54792755E+1	1.02621641E-7	3.05513241E+1	-1.22701017E+1	3.29232264E+1	-3.81904357E-1
1.88246790E+4	3.47489272E+1	9.17312263E-8	3.04242646E+1	-1.14705989E+1	3.25147743E+1	-3.60541691E-1
2.01850863E+4	3.40880319E+1	8.17930795E-8	3.02993245E+1	-1.07142538E+1	3.21378956E+1	-3.39890431E-1
2.16438064E+4	3.34935310E+1	7.27381336E-8	3.01806775E+1	-9.99920739E+0	3.17939846E+1	-3.19929858E-1
2.32079442E+4	3.29590123E+1	6.44946782E-8	3.00699186E+1	-9.32066392E+0	3.14813407E+1	-3.00574998E-1
2.48851178E+4	3.24777908E+1	5.70164467E-8	2.99656880E+1	-8.67621700E+0	3.11964635E+1	-2.81831563E-1
2.66834962E+4	3.20412716E+1	5.02628335E-8	2.98640267E+1	-8.06357554E+0	3.09334994E+1	-2.63720836E-1
2.86118383E+4	3.16488317E+1	4.41658481E-8	2.97690599E+1	-7.48057435E+0	3.06945592E+1	-2.46189494E-1
3.06795364E+4	3.12968175E+1	3.86953563E-8	2.96793701E+1	-6.92855002E+0	3.04773658E+1	-2.29339414E-1
3.28966612E+4	3.09776514E+1	3.37620548E-8	2.95946233E+1	-6.39767039E+0	3.02782418E+1	-2.12900675E-1
3.52740116E+4	3.06892665E+1	2.93472169E-8	2.95133020E+1	-5.89122967E+0	3.00955410E+1	-1.97023120E-1
3.78231664E+4	3.04278739E+1	2.53993653E-8	2.94349234E+1	-5.40623790E+0	2.99272808E+1	-1.81643021E-1
4.05565415E+4	3.01939459E+1	2.18678299E-8	2.93627012E+1	-4.94040267E+0	2.97754229E+1	-1.66693066E-1
4.34874501E+4	2.99822636E+1	1.87170087E-8	2.92935146E+1	-4.49175582E+0	2.96358883E+1	-1.52151116E-1
4.66301673E+4	2.97896041E+1	1.59063920E-8	2.92263030E+1	-4.05748695E+0	2.95066093E+1	-1.37948226E-1
5.00000000E+4	2.96168281E+1	1.34127772E-8	2.91626342E+1	-3.63943427E+0	2.93888538E+1	-1.24155956E-1
5.36133611E+4	2.94604582E+1	1.11861787E-8	2.91018100E+1	-3.23068168E+0	2.92805849E+1	-1.10560386E-1
5.74878498E+4	2.93206754E+1	9.21176409E-9	2.90442322E+1	-2.83356133E+0	2.91821264E+1	-9.72524367E-2
6.16423370E+4	2.91923859E+1	7.45355404E-9	2.89865217E+1	-2.44280072E+0	2.90892717E+1	-8.40750178E-2
6.60970574E+4	2.90804511E+1	5.89579571E-9	2.89337557E+1	-2.06020477E+0	2.90070107E+1	-7.10842216E-2
7.08737081E+4	2.89793347E+1	4.51287677E-9	2.88813783E+1	-1.68199549E+0	2.89303151E+1	-5.81723535E-2
7.59955541E+4	2.88916108E+1	3.28870411E-9	2.88322622E+1	-1.30810736E+0	2.88619212E+1	-4.53384763E-2
8.14875417E+4	2.88135920E+1	2.20084805E-9	2.87832490E+1	-9.34541198E-1	2.87984165E+1	-3.24568262E-2
8.73764200E+4	2.87497076E+1	1.23907091E-9	2.87387153E+1	-5.62044838E-1	2.87442109E+1	-1.95545713E-2
9.36908711E+4	2.86937391E+1	3.87323706E-10	2.86925105E+1	-1.87718512E-1	2.86931248E+1	-6.54232724E-3
1.00461650E+5	2.86519887E+1	-3.69242951E-10	2.86507106E+1	1.91329761E-1	2.86513496E+1	6.67791194E-3
1.07721735E+5	2.86178888E+1	-1.03232915E-9	2.86064508E+1	5.72009194E-1	2.86121693E+1	1.99931459E-2
1.15506485E+5	2.85974390E+1	-1.61852811E-9	2.85652054E+1	9.59557456E-1	2.85813177E+1	3.35792006E-2
1.23853818E+5	2.85884070E+1	-2.13976642E-9	2.85237672E+1	1.35785218E+0	2.85560688E+1	4.75683252E-2
1.32804389E+5	2.85937893E+1	-2.59706741E-9	2.84844120E+1	1.76503449E+0	2.85390482E+1	6.18858897E-2
1.42401793E+5	2.86103513E+1	-2.99756634E-9	2.84428767E+1	2.18253308E+0	2.85264911E+1	7.65838323E-2
1.52692775E+5	2.86461291E+1	-3.34959201E-9	2.84054081E+1	2.61491294E+0	2.85255147E+1	9.17981404E-2
1.63727458E+5	2.86954653E+1	-3.65867303E-9	2.83645984E+1	3.06347894E+0	2.85295522E+1	1.07586575E-1
1.75559587E+5	2.87659784E+1	-3.92451490E-9	2.83267044E+1	3.52748848E+0	2.85454965E+1	1.23890945E-1
1.88246790E+5	2.89018596E+1	-4.15648551E-9	2.83242903E+1	4.02462758E+0	2.86115617E+1	1.41133337E-1
2.01850863E+5	2.89698435E+1	-4.35651714E-9	2.82461550E+1	4.52121755E+0	2.86057108E+1	1.58718523E-1
2.16438064E+5	2.91085371E+1	-4.52425036E-9	2.82039079E+1	5.05114476E+0	2.86526526E+1	1.77215027E-1
2.32079442E+5	2.92763560E+1	-4.66623700E-9	2.81589344E+1	5.60940169E+0	2.87122098E+1	1.96631065E-1
2.48851178E+5	2.94769038E+1	-4.78053500E-9	2.81121628E+1	6.19401403E+0	2.87864468E+1	2.16867125E-1
2.66834962E+5	2.97185154E+1	-4.87375559E-9	2.80636168E+1	6.81486309E+0	2.88792144E+1	2.38224994E-1
2.86118383E+5	2.99991581E+1	-4.94059304E-9	2.80105481E+1	7.46337832E+0	2.89878054E+1	2.60398996E-1
3.06795364E+5	3.03304607E+1	-4.98758531E-9	2.79534478E+1	8.15142159E+0	2.91177085E+1	2.83739142E-1
3.28966612E+5	3.07194593E+1	-5.01773426E-9	2.78885134E+1	8.88542546E+0	2.92697804E+1	3.08437203E-1
3.52740116E+5	3.11712014E+1	-5.02339628E-9	2.78204950E+1	9.65496128E+0	2.94482300E+1	3.34039806E-1
3.78231664E+5	3.16994081E+1	-5.01123239E-9	2.77452371E+1	1.04742239E+1	2.96564932E+1	3.60973171E-1
4.05565415E+5	3.23085073E+1	-4.97774768E-9	2.76625630E+1	1.13366012E+1	2.98954192E+1	3.88940880E-1
4.34874501E+5	3.30315717E+1	-4.93683359E-9	2.75598778E+1	1.22800053E+1	3.01719400E+1	4.19168424E-1
4.66301673E+5	3.38463402E+1	-4.86709091E-9	2.74515747E+1	1.32493395E+1	3.04817170E+1	4.49666968E-1
NaN	NaN	NaN	NaN	NaN	NaN	NaN
