Start time:20240904_02-49-39	sweep/start:500.000	sweep/stop:500000.000	sweep/samplecount:100.000	sweep/xmapping:1.000	sweep/scan:0.000	sweep/averaging/sample:10.000	sweep/settling/time:0.100	sweep/settling/inaccuracy:0.010	sweep/awgcontrol:0.000	sweep/averaging/time:0.100	sweep/averaging/tc:15.000	sweep/bandwidthcontrol:2.000	sweep/sincfilter:0.000	sweep/omegasuppression:80.000	sweep/maxbandwidth:100.000	sweep/bandwidth:1250000.000	sweep/order:8.000	sweep/bandwidthoverlap:1.000																				
Frequency	Param0		Param1		RealZ		ImagZ		AbsZ		PhaseZ		
5.00000000E+2	8.39938011E+2	6.73801153E-7	2.01847961E+2	-3.58883184E+2	4.11752046E+2	-1.05845729E+0
5.36133611E+2	7.75716424E+2	6.51046744E-7	1.99195347E+2	-3.38880861E+2	3.93089105E+2	-1.03939313E+0
5.74878498E+2	7.18953929E+2	6.27846576E-7	1.96521203E+2	-3.20420096E+2	3.75885142E+2	-1.02063757E+0
6.16423370E+2	6.68256272E+2	6.04413600E-7	1.93853902E+2	-3.03256816E+2	3.59922280E+2	-1.00202246E+0
6.60970574E+2	6.23065678E+2	5.81067294E-7	1.91082991E+2	-2.87305557E+2	3.45046680E+2	-9.83888647E-1
7.08737081E+2	5.82473033E+2	5.57747428E-7	1.88323414E+2	-2.72447320E+2	3.31199743E+2	-9.65981402E-1
7.59955541E+2	5.46052341E+2	5.34602466E-7	1.85544544E+2	-2.58631438E+2	3.18303330E+2	-9.48481719E-1
8.14875417E+2	5.13347274E+2	5.11839646E-7	1.82698360E+2	-2.45782404E+2	3.06247758E+2	-9.31575301E-1
8.73764200E+2	4.83950221E+2	4.89545992E-7	1.79790088E+2	-2.33848157E+2	2.94973630E+2	-9.15350916E-1
9.36908711E+2	4.57300130E+2	4.67759513E-7	1.76862082E+2	-2.22707971E+2	2.84392410E+2	-8.99636629E-1
1.00461650E+3	4.33261011E+2	4.46622283E-7	1.73867592E+2	-2.12367837E+2	2.74463189E+2	-8.84750726E-1
1.07721735E+3	4.11445090E+2	4.26183202E-7	1.70824447E+2	-2.02740879E+2	2.65112930E+2	-8.70628542E-1
1.15506485E+3	3.91556769E+2	4.06506481E-7	1.67730969E+2	-1.93758892E+2	2.56273663E+2	-8.57275936E-1
1.23853818E+3	3.73309100E+2	3.87662721E-7	1.64576226E+2	-1.85344178E+2	2.47866497E+2	-8.44679127E-1
1.32804389E+3	3.56613889E+2	3.69633102E-7	1.61376474E+2	-1.77501328E+2	2.39893914E+2	-8.32945393E-1
1.42401793E+3	3.41176509E+2	3.52457936E-7	1.58126813E+2	-1.70132478E+2	2.32269566E+2	-8.21955593E-1
1.52692775E+3	3.26899370E+2	3.36088703E-7	1.54851722E+2	-1.63223382E+2	2.24990954E+2	-8.11711844E-1
1.63727458E+3	3.13634808E+2	3.20541740E-7	1.51543853E+2	-1.56728698E+2	2.18012444E+2	-8.02215616E-1
1.75559587E+3	3.01258485E+2	3.05777879E-7	1.48219011E+2	-1.50609948E+2	2.11310751E+2	-7.93399014E-1
1.88246790E+3	2.89626298E+2	2.91839244E-7	1.44850119E+2	-1.44813136E+2	2.04822856E+2	-7.85270497E-1
2.01850863E+3	2.78725737E+2	2.78585634E-7	1.41497852E+2	-1.39346508E+2	1.98592780E+2	-7.77738048E-1
2.16438064E+3	2.68466064E+2	2.66069994E-7	1.38126755E+2	-1.34176543E+2	1.92567769E+2	-7.70892520E-1
2.32079442E+3	2.58709235E+2	2.54188350E-7	1.34777043E+2	-1.29240911E+2	1.86729926E+2	-7.64432470E-1
2.48851178E+3	2.49459223E+2	2.42939339E-7	1.31438748E+2	-1.24549035E+2	1.81076247E+2	-7.58490441E-1
2.66834962E+3	2.40656144E+2	2.32263636E-7	1.28130146E+2	-1.20074855E+2	1.75599846E+2	-7.52955368E-1
2.86118383E+3	2.32218558E+2	2.22174321E-7	1.24830825E+2	-1.15781247E+2	1.70258724E+2	-7.47805228E-1
3.06795364E+3	2.24188819E+2	2.12565940E-7	1.21586406E+2	-1.11691795E+2	1.65100915E+2	-7.43008080E-1
3.28966612E+3	2.16482935E+2	2.03435970E-7	1.18384626E+2	-1.07765164E+2	1.60088259E+2	-7.38474985E-1
3.52740116E+3	2.09117534E+2	1.94732510E-7	1.15243710E+2	-1.04011377E+2	1.55240072E+2	-7.34213381E-1
3.78231664E+3	2.02008102E+2	1.86473569E-7	1.12139697E+2	-1.00388318E+2	1.50509557E+2	-7.30161091E-1
4.05565415E+3	1.95208688E+2	1.78608586E-7	1.09093096E+2	-9.69258088E+1	1.45931211E+2	-7.26407613E-1
4.34874501E+3	1.88628139E+2	1.71089791E-7	1.06114738E+2	-9.35728984E+1	1.41478710E+2	-7.22673264E-1
4.66301673E+3	1.82267604E+2	1.63950958E-7	1.03177146E+2	-9.03345227E+1	1.37134425E+2	-7.19129207E-1
5.00000000E+3	1.76098966E+2	1.57110023E-7	1.00314036E+2	-8.71911175E+1	1.32910486E+2	-7.15525127E-1
5.36133611E+3	1.70266687E+2	1.50552754E-7	9.75369745E+1	-8.42249101E+1	1.28869303E+2	-7.12289664E-1
5.74878498E+3	1.64559522E+2	1.44328374E-7	9.47938748E+1	-8.13225411E+1	1.24896896E+2	-7.09055747E-1
6.16423370E+3	1.59039451E+2	1.38347995E-7	9.21311593E+1	-7.85132995E+1	1.21047465E+2	-7.05764392E-1
6.60970574E+3	1.53702727E+2	1.32638884E-7	8.95259584E+1	-7.57989857E+1	1.17304662E+2	-7.02557924E-1
7.08737081E+3	1.48537684E+2	1.27152496E-7	8.69974072E+1	-7.31699677E+1	1.13676705E+2	-6.99280499E-1
7.59955541E+3	1.43524042E+2	1.21901654E-7	8.45294127E+1	-7.06171434E+1	1.10145371E+2	-6.95965574E-1
8.14875417E+3	1.38666197E+2	1.16869614E-7	8.21252316E+1	-6.81427876E+1	1.06714542E+2	-6.92615292E-1
8.73764200E+3	1.33942335E+2	1.12012609E-7	7.98012107E+1	-6.57307155E+1	1.03386461E+2	-6.89014517E-1
9.36908711E+3	1.29371192E+2	1.07358258E-7	7.75374982E+1	-6.33960154E+1	1.00155472E+2	-6.85391381E-1
1.00461650E+4	1.24925204E+2	1.02876380E-7	7.53423856E+1	-6.11202720E+1	9.70163018E+1	-6.81553237E-1
1.07721735E+4	1.20605125E+2	9.85500507E-8	7.32200438E+1	-5.89027805E+1	9.39718705E+1	-6.77456073E-1
1.15506485E+4	1.16407007E+2	9.43766938E-8	7.11659666E+1	-5.67417155E+1	9.10176749E+1	-6.73101800E-1
1.23853818E+4	1.12326124E+2	9.03463457E-8	6.91799981E+1	-5.46337689E+1	8.81516929E+1	-6.68449519E-1
1.32804389E+4	1.08367633E+2	8.64427573E-8	6.72673198E+1	-5.25804883E+1	8.53791553E+1	-6.63460449E-1
1.42401793E+4	1.04523583E+2	8.26659775E-8	6.54218689E+1	-5.05777326E+1	8.26929747E+1	-6.58122761E-1
1.52692775E+4	1.00788278E+2	7.89895802E-8	6.36536123E+1	-4.86184589E+1	8.00970509E+1	-6.52273043E-1
1.63727458E+4	9.71711393E+1	7.54478813E-8	6.19391659E+1	-4.67144171E+1	7.75802713E+1	-6.46182642E-1
1.75559587E+4	9.36630706E+1	7.19825211E-8	6.03073662E+1	-4.48508006E+1	7.51569888E+1	-6.39459171E-1
1.88246790E+4	9.02735546E+1	6.85984540E-8	5.87529601E+1	-4.30340322E+1	7.28274567E+1	-6.32178902E-1
2.01850863E+4	8.69913663E+1	6.53210432E-8	5.72547713E+1	-4.12621071E+1	7.05738664E+1	-6.24467735E-1
2.16438064E+4	8.38301734E+1	6.21184066E-8	5.58310617E+1	-3.95375777E+1	6.84129195E+1	-6.16184526E-1
2.32079442E+4	8.07833141E+1	5.89983145E-8	5.44725525E+1	-3.78578124E+1	6.63360625E+1	-6.07354801E-1
2.48851178E+4	7.78444105E+1	5.59487430E-8	5.31818553E+1	-3.62160119E+1	6.43421315E+1	-5.97849507E-1
2.66834962E+4	7.50299475E+1	5.29819671E-8	5.19528917E+1	-3.46254170E+1	6.24341465E+1	-5.87871420E-1
2.86118383E+4	7.23162670E+1	5.00915476E-8	5.07808903E+1	-3.30694009E+1	6.05993756E+1	-5.77230605E-1
3.06795364E+4	6.97437611E+1	4.72704714E-8	4.96794350E+1	-3.15718915E+1	5.88628120E+1	-5.66123026E-1
3.28966612E+4	6.72761778E+1	4.45244513E-8	4.86331773E+1	-3.01109335E+1	5.72001248E+1	-5.54377075E-1
3.52740116E+4	6.49191881E+1	4.18546346E-8	4.76414267E+1	-2.86903673E+1	5.56133323E+1	-5.42046364E-1
3.78231664E+4	6.26772307E+1	3.92637781E-8	4.67028872E+1	-2.73138779E+1	5.41036748E+1	-5.29200430E-1
4.05565415E+4	6.05491985E+1	3.67498666E-8	4.58177964E+1	-2.59799992E+1	5.26709677E+1	-5.15822902E-1
4.34874501E+4	5.85329953E+1	3.43156899E-8	4.49833866E+1	-2.46882008E+1	5.13128868E+1	-5.01943960E-1
4.66301673E+4	5.66225204E+1	3.19665202E-8	4.41938506E+1	-2.34365261E+1	5.00236664E+1	-4.87602072E-1
5.00000000E+4	5.48126481E+1	2.96995302E-8	4.34485335E+1	-2.22205781E+1	4.88009136E+1	-4.72744171E-1
5.36133611E+4	5.31082711E+1	2.75240471E-8	4.27441706E+1	-2.10476809E+1	4.76452411E+1	-4.57557641E-1
5.74878498E+4	5.14999655E+1	2.54356882E-8	4.20793060E+1	-1.99101683E+1	4.65519367E+1	-4.41944512E-1
6.16423370E+4	4.99866868E+1	2.34327351E-8	4.14547611E+1	-1.88066185E+1	4.55212714E+1	-4.25898443E-1
6.60970574E+4	4.85600361E+1	2.15230249E-8	4.08615781E+1	-1.77361531E+1	4.45448056E+1	-4.09514853E-1
7.08737081E+4	4.72195159E+1	1.97059497E-8	4.03000381E+1	-1.66989583E+1	4.36227955E+1	-3.92829033E-1
7.59955541E+4	4.59598950E+1	1.79794421E-8	3.97685327E+1	-1.56914422E+1	4.27522816E+1	-3.75815991E-1
8.14875417E+4	4.47784069E+1	1.63420956E-8	3.92663300E+1	-1.47118667E+1	4.19318936E+1	-3.58480226E-1
8.73764200E+4	4.36693092E+1	1.47927901E-8	3.87903740E+1	-1.37570238E+1	4.11576096E+1	-3.40811743E-1
9.36908711E+4	4.26248509E+1	1.33339071E-8	3.83336833E+1	-1.28256088E+1	4.04223643E+1	-3.22870375E-1
1.00461650E+5	4.16551708E+1	1.19604856E-8	3.79062468E+1	-1.19208902E+1	3.97365220E+1	-3.04690903E-1
1.07721735E+5	4.07333335E+1	1.06652173E-8	3.74918579E+1	-1.10240159E+1	3.90790014E+1	-2.85977764E-1
1.15506485E+5	3.98753384E+1	9.45281867E-9	3.70990372E+1	-1.01487973E+1	3.84621458E+1	-2.67026579E-1
1.23853818E+5	3.90704922E+1	8.31626798E-9	3.67226581E+1	-9.28540239E+0	3.78783886E+1	-2.47661216E-1
1.32804389E+5	3.83209086E+1	7.25534633E-9	3.63636811E+1	-8.43634069E+0	3.73294695E+1	-2.27966180E-1
1.42401793E+5	3.76190678E+1	6.26221435E-9	3.60188028E+1	-7.59207618E+0	3.68102402E+1	-2.07740007E-1
1.52692775E+5	3.69645017E+1	5.33515714E-9	3.56869730E+1	-6.75211984E+0	3.63201208E+1	-1.86993617E-1
1.63727458E+5	3.63555627E+1	4.47220495E-9	3.53661538E+1	-5.91536805E+0	3.58574458E+1	-1.65726614E-1
1.75559587E+5	3.57937894E+1	3.66834846E-9	3.50583334E+1	-5.07778075E+0	3.54241528E+1	-1.43837806E-1
1.88246790E+5	3.52826683E+1	2.88922387E-9	3.47730754E+1	-4.19236398E+0	3.50269153E+1	-1.19981545E-1
2.01850863E+5	3.48058682E+1	2.22522080E-9	3.44732432E+1	-3.38624376E+0	3.46391565E+1	-9.79140619E-2
2.16438064E+5	3.43778280E+1	1.58324406E-9	3.41905074E+1	-2.53072731E+0	3.42840398E+1	-7.38836865E-2
2.32079442E+5	3.40018013E+1	9.86491046E-10	3.39206512E+1	-1.65911235E+0	3.39612020E+1	-4.88726223E-2
2.48851178E+5	3.36716660E+1	4.35657152E-10	3.36539607E+1	-7.71907296E-1	3.36628122E+1	-2.29325764E-2
2.66834962E+5	3.33951903E+1	-7.32431024E-11	3.33946267E+1	1.36947014E-1	3.33949085E+1	4.10083377E-3
2.86118383E+5	3.31715782E+1	-5.38426243E-10	3.31374149E+1	1.06398790E+0	3.31544922E+1	3.20973249E-2
3.06795364E+5	3.30088907E+1	-9.66246783E-10	3.28845855E+1	2.02180867E+0	3.29466794E+1	6.14046617E-2
3.28966612E+5	3.29099770E+1	-1.35604981E-9	3.26323132E+1	3.01011274E+0	3.27708510E+1	9.19830147E-2
3.52740116E+5	3.28863003E+1	-1.70637718E-9	3.23853450E+1	4.02785065E+0	3.26348614E+1	1.23737222E-1
3.78231664E+5	3.29392104E+1	-2.02158511E-9	3.21344662E+1	5.08527022E+0	3.25343502E+1	1.56948205E-1
4.05565415E+5	3.30984414E+1	-2.30437758E-9	3.18936461E+1	6.19876986E+0	3.24904595E+1	1.91964360E-1
4.34874501E+5	3.33197871E+1	-2.54540098E-9	3.16215607E+1	7.32800202E+0	3.24595690E+1	2.27720933E-1
4.66301673E+5	3.36895197E+1	-2.75818909E-9	3.13647242E+1	8.53896128E+0	3.25063425E+1	2.65805574E-1
5.00000000E+5	3.41764606E+1	-2.93253100E-9	3.10938568E+1	9.79024082E+0	3.25987402E+1	3.05034313E-1
