Start time:20240903_23-47-33	sweep/start:500.000	sweep/stop:500000.000	sweep/samplecount:100.000	sweep/xmapping:1.000	sweep/scan:0.000	sweep/averaging/sample:10.000	sweep/settling/time:0.100	sweep/settling/inaccuracy:0.010	sweep/awgcontrol:0.000	sweep/averaging/time:0.100	sweep/averaging/tc:15.000	sweep/bandwidthcontrol:2.000	sweep/sincfilter:0.000	sweep/omegasuppression:80.000	sweep/maxbandwidth:100.000	sweep/bandwidth:1250000.000	sweep/order:8.000	sweep/bandwidthoverlap:1.000																				
Frequency	Param0		Param1		RealZ		ImagZ		AbsZ		PhaseZ		
5.00000000E+2	8.95210557E+2	7.38698537E-7	1.68398332E+2	-3.49848392E+2	3.88267831E+2	-1.12218252E+0
5.36133611E+2	8.20733506E+2	7.18401600E-7	1.65973143E+2	-3.29655219E+2	3.69079479E+2	-1.10437262E+0
5.74878498E+2	7.54444530E+2	6.97367720E-7	1.63599958E+2	-3.10905225E+2	3.51321825E+2	-1.08640492E+0
6.16423370E+2	6.95635091E+2	6.75730827E-7	1.61229006E+2	-2.93533135E+2	3.34897757E+2	-1.06851358E+0
6.60970574E+2	6.42831444E+2	6.53853054E-7	1.58839839E+2	-2.77267204E+2	3.19542185E+2	-1.05055943E+0
7.08737081E+2	5.95673853E+2	6.31625229E-7	1.56461803E+2	-2.62144726E+2	3.05287024E+2	-1.03269421E+0
7.59955541E+2	5.53335475E+2	6.09210419E-7	1.54094584E+2	-2.48033923E+2	2.92003384E+2	-1.01488800E+0
8.14875417E+2	5.15458775E+2	5.86828980E-7	1.51669145E+2	-2.34894957E+2	2.79605394E+2	-9.97457499E-1
8.73764200E+2	4.81383335E+2	5.64373845E-7	1.49281804E+2	-2.22658272E+2	2.68070450E+2	-9.80177311E-1
9.36908711E+2	4.50677862E+2	5.42175561E-7	1.46847052E+2	-2.11226526E+2	2.57256111E+2	-9.63291544E-1
1.00461650E+3	4.22932415E+2	5.20192924E-7	1.44416950E+2	-2.00555085E+2	2.47140854E+2	-9.46716502E-1
1.07721735E+3	3.97929592E+2	4.98626667E-7	1.41937411E+2	-1.90617046E+2	2.37657506E+2	-9.30746851E-1
1.15506485E+3	3.75251968E+2	4.77522003E-7	1.39434613E+2	-1.81331458E+2	2.28742454E+2	-9.15277856E-1
1.23853818E+3	3.54610919E+2	4.56843504E-7	1.36950152E+2	-1.72651878E+2	2.20372450E+2	-9.00205967E-1
1.32804389E+3	3.35790476E+2	4.36816346E-7	1.34422376E+2	-1.64524696E+2	2.12456471E+2	-8.85754368E-1
1.42401793E+3	3.18582703E+2	4.17362854E-7	1.31899408E+2	-1.56918496E+2	2.04989924E+2	-8.71808272E-1
1.52692775E+3	3.02811402E+2	3.98574335E-7	1.29363067E+2	-1.49792545E+2	1.97920718E+2	-8.58451038E-1
1.63727458E+3	2.88303304E+2	3.80499709E-7	1.26808421E+2	-1.43104540E+2	1.91204827E+2	-8.45700420E-1
1.75559587E+3	2.74941178E+2	3.63114844E-7	1.24252352E+2	-1.36833618E+2	1.84829887E+2	-8.33549126E-1
1.88246790E+3	2.62523960E+2	3.46457035E-7	1.21690143E+2	-1.30912511E+2	1.78736055E+2	-8.21891345E-1
2.01850863E+3	2.51048500E+2	3.30479818E-7	1.19138426E+2	-1.25361706E+2	1.72943697E+2	-8.10845742E-1
2.16438064E+3	2.40336013E+2	3.15184164E-7	1.16600562E+2	-1.20115038E+2	1.67401654E+2	-8.00243897E-1
2.32079442E+3	2.30326708E+2	3.00587228E-7	1.14067860E+2	-1.15158141E+2	1.62089094E+2	-7.90154482E-1
2.48851178E+3	2.20958089E+2	2.86682449E-7	1.11539661E+2	-1.10473948E+2	1.56989139E+2	-7.80597991E-1
2.66834962E+3	2.12179457E+2	2.73395906E-7	1.09040380E+2	-1.06048683E+2	1.52105648E+2	-7.71489952E-1
2.86118383E+3	2.03903050E+2	2.60731913E-7	1.06562768E+2	-1.01847182E+2	1.47405810E+2	-7.62775525E-1
3.06795364E+3	1.96095916E+2	2.48668714E-7	1.04109119E+2	-9.78604268E+1	1.42882373E+2	-7.54469245E-1
3.28966612E+3	1.88703195E+2	2.37165518E-7	1.01688045E+2	-9.40659327E+1	1.38523856E+2	-7.46480627E-1
3.52740116E+3	1.81717855E+2	2.26209596E-7	9.92984813E+1	-9.04661150E+1	1.34329099E+2	-7.38887925E-1
3.78231664E+3	1.75066940E+2	2.15770204E-7	9.69430945E+1	-8.70262414E+1	1.30274827E+2	-7.31545360E-1
4.05565415E+3	1.68724951E+2	2.05837364E-7	9.46176752E+1	-8.37368355E+1	1.26350158E+2	-7.24466876E-1
4.34874501E+3	1.62736184E+2	1.96360888E-7	9.23393908E+1	-8.06250334E+1	1.22584500E+2	-7.17774451E-1
4.66301673E+3	1.56991709E+2	1.87338915E-7	9.00950815E+1	-7.76341159E+1	1.18929308E+2	-7.11242223E-1
5.00000000E+3	1.51510561E+2	1.78699723E-7	8.79090956E+1	-7.47739700E+1	1.15408648E+2	-7.04832347E-1
5.36133611E+3	1.46267039E+2	1.70535448E-7	8.57349236E+1	-7.20396834E+1	1.11983004E+2	-6.98812624E-1
5.74878498E+3	1.41229214E+2	1.62714055E-7	8.36176990E+1	-6.94070750E+1	1.08670427E+2	-6.92798886E-1
6.16423370E+3	1.36411320E+2	1.55266481E-7	8.15400396E+1	-6.68895070E+1	1.05465560E+2	-6.87013226E-1
6.60970574E+3	1.31784320E+2	1.48145495E-7	7.95127793E+1	-6.44690259E+1	1.02364728E+2	-6.81292193E-1
7.08737081E+3	1.27331067E+2	1.41336599E-7	7.75342437E+1	-6.21366139E+1	9.93605449E+1	-6.75599288E-1
7.59955541E+3	1.23034369E+2	1.34848392E-7	7.55926702E+1	-5.98852606E+1	9.64390813E+1	-6.69972794E-1
8.14875417E+3	1.18892782E+2	1.28624956E-7	7.37063178E+1	-5.77107226E+1	9.36116927E+1	-6.64277649E-1
8.73764200E+3	1.14900797E+2	1.22674224E-7	7.18657111E+1	-5.56124700E+1	9.08703879E+1	-6.58584146E-1
9.36908711E+3	1.11046639E+2	1.16998426E-7	7.00627991E+1	-5.35858421E+1	8.82056594E+1	-6.52922348E-1
1.00461650E+4	1.07330594E+2	1.11540525E-7	6.83178228E+1	-5.16262287E+1	8.56305580E+1	-6.47124699E-1
1.07721735E+4	1.03733868E+2	1.06306156E-7	6.66203954E+1	-4.97243820E+1	8.31311693E+1	-6.41182703E-1
1.15506485E+4	1.00259847E+2	1.01270034E-7	6.49778167E+1	-4.78805723E+1	8.07134805E+1	-6.35048493E-1
1.23853818E+4	9.68935135E+1	9.64386753E-8	6.33798642E+1	-4.60878551E+1	7.83651560E+1	-6.28728259E-1
1.32804389E+4	9.36410770E+1	9.17969862E-8	6.18302359E+1	-4.43494271E+1	7.60910628E+1	-6.22227626E-1
1.42401793E+4	9.04864795E+1	8.73133167E-8	6.03359384E+1	-4.26516241E+1	7.38890154E+1	-6.15343486E-1
1.52692775E+4	8.74446851E+1	8.29960054E-8	5.88925591E+1	-4.10061827E+1	7.17623929E+1	-6.08230331E-1
1.63727458E+4	8.45025580E+1	7.88263439E-8	5.75021900E+1	-3.94027839E+1	6.97071149E+1	-6.00750891E-1
1.75559587E+4	8.16576574E+1	7.48059851E-8	5.61599110E+1	-3.78411279E+1	6.77191753E+1	-5.92931924E-1
1.88246790E+4	7.89084278E+1	7.09233669E-8	5.48673322E+1	-3.63190091E+1	6.57988968E+1	-5.84724772E-1
2.01850863E+4	7.62693625E+1	6.71574002E-8	5.36354042E+1	-3.48422332E+1	6.39588774E+1	-5.76102833E-1
2.16438064E+4	7.37118082E+1	6.35161707E-8	5.24494750E+1	-3.33945828E+1	6.21783373E+1	-5.66968620E-1
2.32079442E+4	7.12613282E+1	6.00023603E-8	5.13130485E+1	-3.19938550E+1	6.04701241E+1	-5.57522315E-1
2.48851178E+4	6.88987713E+1	5.65940206E-8	5.02284064E+1	-3.06232230E+1	5.88275042E+1	-5.47506297E-1
2.66834962E+4	6.66341364E+1	5.32934065E-8	4.91955405E+1	-2.92899461E+1	5.72547142E+1	-5.37014089E-1
2.86118383E+4	6.44691705E+1	5.01106380E-8	4.82084866E+1	-2.79982632E+1	5.57490905E+1	-5.26163205E-1
3.06795364E+4	6.23873251E+1	4.70233386E-8	4.72703258E+1	-2.67317309E+1	5.43053328E+1	-5.14671265E-1
3.28966612E+4	6.04050815E+1	4.40477544E-8	4.63779359E+1	-2.55058823E+1	5.29288484E+1	-5.02810392E-1
3.52740116E+4	5.85130705E+1	4.11767208E-8	4.55300240E+1	-2.43129267E+1	5.16149349E+1	-4.90474402E-1
3.78231664E+4	5.67115083E+1	3.84100735E-8	4.47257435E+1	-2.31532336E+1	5.03633237E+1	-4.77684496E-1
4.05565415E+4	5.49997582E+1	3.57504833E-8	4.39627409E+1	-2.20276534E+1	4.91725545E+1	-4.64489476E-1
4.34874501E+4	5.33745636E+1	3.31948980E-8	4.32403854E+1	-2.09333647E+1	4.80409898E+1	-4.50859897E-1
4.66301673E+4	5.18368713E+1	3.07395039E-8	4.25606130E+1	-1.98696557E+1	4.69702993E+1	-4.36782204E-1
5.00000000E+4	5.03789177E+1	2.84017888E-8	4.19103475E+1	-1.88393392E+1	4.59499504E+1	-4.22450708E-1
5.36133611E+4	4.90015985E+1	2.61623331E-8	4.12992760E+1	-1.78353671E+1	4.49858927E+1	-4.07663931E-1
5.74878498E+4	4.77033116E+1	2.40343362E-8	4.07197316E+1	-1.68632584E+1	4.40734165E+1	-3.92627672E-1
6.16423370E+4	4.64792472E+1	2.20119210E-8	4.01715526E+1	-1.59182236E+1	4.32104561E+1	-3.77274735E-1
6.60970574E+4	4.53247294E+1	2.00930965E-8	3.96524433E+1	-1.49973329E+1	4.23938234E+1	-3.61590379E-1
7.08737081E+4	4.42363761E+1	1.82759512E-8	3.91606411E+1	-1.40985465E+1	4.16212067E+1	-3.45571762E-1
7.59955541E+4	4.32160463E+1	1.65655358E-8	3.86945053E+1	-1.32271983E+1	4.08928298E+1	-3.29383878E-1
8.14875417E+4	4.22530904E+1	1.49531055E-8	3.82503505E+1	-1.23736085E+1	4.02019342E+1	-3.12865614E-1
8.73764200E+4	4.13497612E+1	1.34397892E-8	3.78284995E+1	-1.15414051E+1	3.95499611E+1	-2.96127408E-1
9.36908711E+4	4.05033562E+1	1.20196907E-8	3.74291503E+1	-1.07268303E+1	3.89359244E+1	-2.79109345E-1
1.00461650E+5	3.97109288E+1	1.06949602E-8	3.70483198E+1	-9.93202733E+0	3.83565273E+1	-2.61924294E-1
1.07721735E+5	3.89587454E+1	9.44884216E-9	3.66816439E+1	-9.13935495E+0	3.78030531E+1	-2.44181671E-1
1.15506485E+5	3.82592318E+1	8.29051831E-9	3.63338377E+1	-8.36402723E+0	3.72841081E+1	-2.26257750E-1
1.23853818E+5	3.76022389E+1	7.21115317E-9	3.59993263E+1	-7.59629933E+0	3.67920544E+1	-2.07961503E-1
1.32804389E+5	3.69879024E+1	6.20710826E-9	3.56784482E+1	-6.83513799E+0	3.63272756E+1	-1.89282676E-1
1.42401793E+5	3.64148611E+1	5.27359759E-9	3.53706108E+1	-6.07747979E+0	3.58889381E+1	-1.70161289E-1
1.52692775E+5	3.58796136E+1	4.40629382E-9	3.50727337E+1	-5.31972498E+0	3.54738796E+1	-1.50529584E-1
1.63727458E+5	3.53836876E+1	3.60363293E-9	3.47851600E+1	-4.56287968E+0	3.50831475E+1	-1.30428505E-1
1.75559587E+5	3.49275260E+1	2.85748011E-9	3.45092654E+1	-3.79919137E+0	3.47177658E+1	-1.09650349E-1
1.88246790E+5	3.45061547E+1	2.18768519E-9	3.42288754E+1	-3.05661819E+0	3.43672183E+1	-8.90508821E-2
2.01850863E+5	3.41256608E+1	1.52981853E-9	3.39767093E+1	-2.24963867E+0	3.40511036E+1	-6.61146987E-2
2.16438064E+5	3.37836012E+1	9.39416876E-10	3.37207873E+1	-1.45537743E+0	3.37521796E+1	-4.31328766E-2
2.32079442E+5	3.34833500E+1	3.95496711E-10	3.34708689E+1	-6.46331393E-1	3.34771089E+1	-1.93078678E-2
2.48851178E+5	3.32262488E+1	-1.05139168E-10	3.32252572E+1	1.81482020E-1	3.32257530E+1	5.46211720E-3
2.66834962E+5	3.30179895E+1	-5.66104489E-10	3.29855934E+1	1.03369859E+0	3.30017875E+1	3.13276343E-2
2.86118383E+5	3.28559629E+1	-9.88400543E-10	3.27443573E+1	1.91165403E+0	3.28001126E+1	5.83149794E-2
3.06795364E+5	3.27551471E+1	-1.37135088E-9	3.25113942E+1	2.81509095E+0	3.26330431E+1	8.63723951E-2
3.28966612E+5	3.27146215E+1	-1.71965553E-9	3.22781654E+1	3.75339192E+0	3.24956607E+1	1.15762785E-1
3.52740116E+5	3.27406090E+1	-2.03369362E-9	3.20427869E+1	4.72865041E+0	3.23898187E+1	1.46515530E-1
3.78231664E+5	3.28422607E+1	-2.31406052E-9	3.18047707E+1	5.74430928E+0	3.23193529E+1	1.78685228E-1
4.05565415E+5	3.30330248E+1	-2.56554637E-9	3.15610756E+1	6.81585487E+0	3.22886632E+1	2.12691350E-1
4.34874501E+5	3.33161606E+1	-2.77583005E-9	3.13164880E+1	7.91342245E+0	3.23008532E+1	2.47510653E-1
4.66301673E+5	3.37152966E+1	-2.95358980E-9	3.10704262E+1	9.06509387E+0	3.23658544E+1	2.83879217E-1
NaN	NaN	NaN	NaN	NaN	NaN	NaN
