Start time:20240902_21-32-14	sweep/start:500.000	sweep/stop:500000.000	sweep/samplecount:100.000	sweep/xmapping:1.000	sweep/scan:0.000	sweep/averaging/sample:10.000	sweep/settling/time:0.100	sweep/settling/inaccuracy:0.010	sweep/awgcontrol:0.000	sweep/averaging/time:0.100	sweep/averaging/tc:15.000	sweep/bandwidthcontrol:2.000	sweep/sincfilter:0.000	sweep/omegasuppression:80.000	sweep/maxbandwidth:100.000	sweep/bandwidth:1250000.000	sweep/order:8.000	sweep/bandwidthoverlap:1.000																				
Frequency	Param0		Param1		RealZ		ImagZ		AbsZ		PhaseZ		
5.00000000E+2	2.09687135E+3	9.26477511E-7	5.48218399E+1	-3.34587510E+2	3.39049021E+2	-1.40839038E+0
5.36133611E+2	1.88775626E+3	9.21504328E-7	5.34180853E+1	-3.13027982E+2	3.17553174E+2	-1.40177493E+0
5.74878498E+2	1.69615225E+3	9.16263902E-7	5.21693865E+1	-2.92857194E+2	2.97467625E+2	-1.39450625E+0
6.16423370E+2	1.52438103E+3	9.10734494E-7	5.09611155E+1	-2.74019968E+2	2.78718467E+2	-1.38692108E+0
6.60970574E+2	1.36855458E+3	9.04903275E-7	4.98534112E+1	-2.56401209E+2	2.61202888E+2	-1.37875726E+0
7.08737081E+2	1.22862694E+3	8.98885565E-7	4.87806199E+1	-2.39903143E+2	2.44812319E+2	-1.37019644E+0
7.59955541E+2	1.10283575E+3	8.92450313E-7	4.77699158E+1	-2.24500118E+2	2.29526191E+2	-1.36113971E+0
8.14875417E+2	9.89780014E+2	8.85635166E-7	4.68131365E+1	-2.10102775E+2	2.15254846E+2	-1.35156671E+0
8.73764200E+2	8.87753624E+2	8.78522266E-7	4.59186054E+1	-1.96610908E+2	2.01901881E+2	-1.34135830E+0
9.36908711E+2	7.96882844E+2	8.70929084E-7	4.50419595E+1	-1.84022752E+2	1.89454882E+2	-1.33075265E+0
1.00461650E+3	7.14732452E+2	8.62925632E-7	4.42385594E+1	-1.72225622E+2	1.77816524E+2	-1.31936796E+0
1.07721735E+3	6.41392603E+2	8.54301685E-7	4.34717411E+1	-1.61222364E+2	1.66980369E+2	-1.30742156E+0
1.15506485E+3	5.75663393E+2	8.45213256E-7	4.27389148E+1	-1.50919205E+2	1.56854142E+2	-1.29483135E+0
1.23853818E+3	5.16895589E+2	8.35534224E-7	4.20387766E+1	-1.41288343E+2	1.47409819E+2	-1.28159896E+0
1.32804389E+3	4.64124395E+2	8.25232153E-7	4.13870995E+1	-1.32271938E+2	1.38595664E+2	-1.26755253E+0
1.42401793E+3	4.17037283E+2	8.14239501E-7	4.07624671E+1	-1.23846222E+2	1.30381999E+2	-1.25282653E+0
1.52692775E+3	3.74874171E+2	8.02566187E-7	4.01724666E+1	-1.15955989E+2	1.22717638E+2	-1.23729132E+0
1.63727458E+3	3.37227881E+2	7.90124337E-7	3.96110979E+1	-1.08576817E+2	1.15576661E+2	-1.22097948E+0
1.75559587E+3	3.03612613E+2	7.76848332E-7	3.90802955E+1	-1.01675956E+2	1.08927819E+2	-1.20384392E+0
1.88246790E+3	2.73645422E+2	7.62766987E-7	3.85686696E+1	-9.52186794E+1	1.02733341E+2	-1.18594099E+0
2.01850863E+3	2.46896708E+2	7.47704830E-7	3.80915999E+1	-8.91836316E+1	9.69777820E+1	-1.16713626E+0
2.16438064E+3	2.23019553E+2	7.31740640E-7	3.76389181E+1	-8.35315876E+1	9.16199451E+1	-1.14744768E+0
2.32079442E+3	2.01761986E+2	7.14856293E-7	3.72026089E+1	-7.82434520E+1	8.66375898E+1	-1.12696255E+0
2.48851178E+3	1.82801245E+2	6.96976001E-7	3.67915863E+1	-7.32934281E+1	8.20094354E+1	-1.10556868E+0
2.66834962E+3	1.65924377E+2	6.78101201E-7	3.63997071E+1	-6.86633801E+1	7.77148538E+1	-1.08334547E+0
2.86118383E+3	1.50905893E+2	6.58263025E-7	3.60238161E+1	-6.43311006E+1	7.37306308E+1	-1.06032694E+0
3.06795364E+3	1.37523630E+2	6.37388686E-7	3.56732083E+1	-6.02771193E+1	7.00421941E+1	-1.03641320E+0
3.28966612E+3	1.25610201E+2	6.15630350E-7	3.53355923E+1	-5.64792580E+1	6.66221489E+1	-1.01173807E+0
3.52740116E+3	1.15026190E+2	5.92962504E-7	3.50138356E+1	-5.29295692E+1	6.34626506E+1	-9.86367018E-1
3.78231664E+3	1.05602101E+2	5.69459046E-7	3.47098729E+1	-4.96050408E+1	6.05428394E+1	-9.60255145E-1
4.05565415E+3	9.72173871E+1	5.45251873E-7	3.44183071E+1	-4.64912658E+1	5.78451185E+1	-9.33520738E-1
4.34874501E+3	8.97652485E+1	5.20459401E-7	3.41366215E+1	-4.35772110E+1	5.53559596E+1	-9.06284722E-1
4.66301673E+3	8.31269040E+1	4.95078547E-7	3.38758598E+1	-4.08463136E+1	5.30659520E+1	-8.78413915E-1
5.00000000E+3	7.72339397E+1	4.69304639E-7	3.36288221E+1	-3.82934541E+1	5.09635787E+1	-8.50164025E-1
5.36133611E+3	7.19832218E+1	4.43471105E-7	3.33815741E+1	-3.58968482E+1	4.90195188E+1	-8.21688964E-1
5.74878498E+3	6.73269702E+1	4.17555790E-7	3.31473267E+1	-3.36595273E+1	4.72409680E+1	-7.93064901E-1
6.16423370E+3	6.31706118E+1	3.91722696E-7	3.29261266E+1	-3.15568330E+1	4.56066173E+1	-7.64166389E-1
6.60970574E+3	5.94721103E+1	3.66150103E-7	3.27157889E+1	-2.95863842E+1	4.41098287E+1	-7.35210881E-1
7.08737081E+3	5.61882007E+1	3.41018814E-7	3.25148814E+1	-2.77441009E+1	4.27428669E+1	-7.06391685E-1
7.59955541E+3	5.32549835E+1	3.16506675E-7	3.23193827E+1	-2.60120291E+1	4.14869639E+1	-6.77687026E-1
8.14875417E+3	5.06491403E+1	2.92723895E-7	3.21329048E+1	-2.43922189E+1	4.03423348E+1	-6.49302297E-1
8.73764200E+3	4.83228002E+1	2.69805446E-7	3.19524493E+1	-2.28707845E+1	3.92941703E+1	-6.21235358E-1
9.36908711E+3	4.62455803E+1	2.47802401E-7	3.17817436E+1	-2.14402875E+1	3.83375165E+1	-5.93481808E-1
1.00461650E+4	4.43950627E+1	2.26869003E-7	3.16162524E+1	-2.01002009E+1	3.74647234E+1	-5.66296124E-1
1.07721735E+4	4.27439188E+1	2.07003648E-7	3.14605765E+1	-1.88409245E+1	3.66708102E+1	-5.39591224E-1
1.15506485E+4	4.12695364E+1	1.88305476E-7	3.13099738E+1	-1.76588115E+1	3.59464616E+1	-5.13527864E-1
1.23853818E+4	3.99484644E+1	1.70763150E-7	3.11654998E+1	-1.65446501E+1	3.52847538E+1	-4.88033076E-1
1.32804389E+4	3.87699695E+1	1.54426055E-7	3.10263021E+1	-1.55002372E+1	3.46826871E+1	-4.63314576E-1
1.42401793E+4	3.77134023E+1	1.39250610E-7	3.08926600E+1	-1.45158827E+1	3.41330824E+1	-4.39263642E-1
1.52692775E+4	3.67662221E+1	1.25229585E-7	3.07635427E+1	-1.35890971E+1	3.36312239E+1	-4.15953109E-1
1.63727458E+4	3.59183824E+1	1.12282814E-7	3.06436168E+1	-1.27136839E+1	3.31763338E+1	-3.93275030E-1
1.75559587E+4	3.51571335E+1	1.00463314E-7	3.05238379E+1	-1.18922631E+1	3.27586727E+1	-3.71513832E-1
1.88246790E+4	3.44729746E+1	8.96164851E-8	3.04123053E+1	-1.11127988E+1	3.23790461E+1	-3.50331911E-1
2.01850863E+4	3.38563603E+1	7.97498878E-8	3.03029407E+1	-1.03768507E+1	3.20304117E+1	-3.29921442E-1
2.16438064E+4	3.33047729E+1	7.07869173E-8	3.02004984E+1	-9.68249069E+0	3.17146770E+1	-3.10253451E-1
2.32079442E+4	3.28084536E+1	6.26649222E-8	3.01028662E+1	-9.02473869E+0	3.14265570E+1	-2.91270230E-1
2.48851178E+4	3.23584735E+1	5.53204432E-8	3.00076529E+1	-8.39895548E+0	3.11609023E+1	-2.72910185E-1
2.66834962E+4	3.19539912E+1	4.87082084E-8	2.99168736E+1	-7.80667412E+0	3.09186596E+1	-2.55253504E-1
2.86118383E+4	3.15864019E+1	4.27469939E-8	2.98288825E+1	-7.24049637E+0	3.06950659E+1	-2.38128860E-1
3.06795364E+4	3.12559894E+1	3.73924493E-8	2.97461772E+1	-6.70157648E+0	3.04917398E+1	-2.21592378E-1
3.28966612E+4	3.09582596E+1	3.26041360E-8	2.96669373E+1	-6.18947244E+0	3.03057213E+1	-2.05681614E-1
3.52740116E+4	3.06866698E+1	2.83043964E-8	2.95901317E+1	-5.69620065E+0	3.01334134E+1	-1.90176998E-1
3.78231664E+4	3.04398027E+1	2.44750591E-8	2.95145858E+1	-5.22564656E+0	2.99736245E+1	-1.75236983E-1
4.05565415E+4	3.02194436E+1	2.10561038E-8	2.94452911E+1	-4.77442516E+0	2.98298561E+1	-1.60746631E-1
4.34874501E+4	3.00182566E+1	1.79964576E-8	2.93781429E+1	-4.33651260E+0	2.96964751E+1	-1.46551892E-1
4.66301673E+4	2.98359625E+1	1.52764061E-8	2.93132293E+1	-3.91445883E+0	2.95734410E+1	-1.32753587E-1
5.00000000E+4	2.96687990E+1	1.28571548E-8	2.92487526E+1	-3.50511348E+0	2.94580271E+1	-1.19269269E-1
5.36133611E+4	2.95212027E+1	1.07013607E-8	2.91906083E+1	-3.10648388E+0	2.93554401E+1	-1.06021619E-1
5.74878498E+4	2.93846155E+1	8.78645700E-9	2.91312548E+1	-2.71674528E+0	2.92576609E+1	-9.29898187E-2
6.16423370E+4	2.92646036E+1	7.08495784E-9	2.90770913E+1	-2.33501576E+0	2.91706968E+1	-8.01323550E-2
6.60970574E+4	2.91555599E+1	5.57662382E-9	2.90232305E+1	-1.95974919E+0	2.90893199E+1	-6.74211242E-2
7.08737081E+4	2.90593788E+1	4.23527776E-9	2.89723522E+1	-1.58787741E+0	2.90158329E+1	-5.47518696E-2
7.59955541E+4	2.89727117E+1	3.04905081E-9	2.89212524E+1	-1.21994138E+0	2.89469706E+1	-4.21564938E-2
8.14875417E+4	2.89011803E+1	1.99647483E-9	2.88759779E+1	-8.53075130E-1	2.88885764E+1	-2.95341339E-2
8.73764200E+4	2.88381750E+1	1.06257341E-9	2.88300155E+1	-4.85004614E-1	2.88340950E+1	-1.68213151E-2
9.36908711E+4	2.87849529E+1	2.33665642E-10	2.87845013E+1	-1.13971484E-1	2.87847271E+1	-3.95945341E-3
1.00461650E+5	2.87464236E+1	-4.94701258E-10	2.87441073E+1	2.58021373E-1	2.87452654E+1	8.97625676E-3
1.07721735E+5	2.87115621E+1	-1.14173437E-9	2.86974348E+1	6.36719522E-1	2.87044975E+1	2.21836928E-2
1.15506485E+5	2.86941908E+1	-1.71164720E-9	2.86577797E+1	1.02149674E+0	2.86759795E+1	3.56295739E-2
1.23853818E+5	2.86878609E+1	-2.21674654E-9	2.86177729E+1	1.41624803E+0	2.86527955E+1	4.94480658E-2
1.32804389E+5	2.86936871E+1	-2.65970626E-9	2.85777908E+1	1.81987170E+0	2.86356803E+1	6.35954662E-2
1.42401793E+5	2.87124006E+1	-3.04993587E-9	2.85372051E+1	2.23597509E+0	2.86246688E+1	7.81932288E-2
1.52692775E+5	2.87515358E+1	-3.39298566E-9	2.85018713E+1	2.66756364E+0	2.86264314E+1	9.33207304E-2
1.63727458E+5	2.88017568E+1	-3.69059477E-9	2.84614343E+1	3.11224298E+0	2.86310899E+1	1.08916738E-1
1.75559587E+5	2.88728271E+1	-3.94919313E-9	2.84231746E+1	3.57498866E+0	2.86471186E+1	1.25120212E-1
1.88246790E+5	2.89499091E+1	-4.19486594E-9	2.83597762E+1	4.07241078E+0	2.86532702E+1	1.42628319E-1
2.01850863E+5	2.90793110E+1	-4.36560726E-9	2.83445463E+1	4.56361268E+0	2.87095781E+1	1.59634985E-1
2.16438064E+5	2.92188435E+1	-4.52816313E-9	2.83025738E+1	5.09242348E+0	2.87570596E+1	1.78023130E-1
2.32079442E+5	2.93888062E+1	-4.66279016E-9	2.82603958E+1	5.64706267E+0	2.88190787E+1	1.97224868E-1
2.48851178E+5	2.95911701E+1	-4.77395394E-9	2.82146135E+1	6.23209451E+0	2.88946955E+1	2.17391235E-1
2.66834962E+5	2.98326789E+1	-4.86230322E-9	2.81667698E+1	6.85005254E+0	2.89877594E+1	2.38564943E-1
2.86118383E+5	3.01125241E+1	-4.92569899E-9	2.81135927E+1	7.49647307E+0	2.90958972E+1	2.60586286E-1
3.06795364E+5	3.04475986E+1	-4.97134708E-9	2.80587936E+1	8.18699941E+0	2.92288023E+1	2.83898711E-1
3.28966612E+5	3.08348207E+1	-4.99703671E-9	2.79952314E+1	8.91599176E+0	2.93807409E+1	3.08325822E-1
3.52740116E+5	3.12883913E+1	-5.00078125E-9	2.79296451E+1	9.68548134E+0	2.95613542E+1	3.33804596E-1
3.78231664E+5	3.18121562E+1	-4.98706034E-9	2.78528382E+1	1.05013430E+1	2.97667404E+1	3.60548829E-1
4.05565415E+5	3.24365963E+1	-4.95944749E-9	2.77700458E+1	1.13837581E+1	3.00127591E+1	3.89036834E-1
4.34874501E+5	3.31426436E+1	-4.91001105E-9	2.76716889E+1	1.23040658E+1	3.02838709E+1	4.18391518E-1
4.66301673E+5	3.39526000E+1	-4.84255641E-9	2.75577123E+1	1.32750724E+1	3.05884915E+1	4.48916213E-1
NaN	NaN	NaN	NaN	NaN	NaN	NaN
