Start time:20240902_23-50-26	sweep/start:500.000	sweep/stop:500000.000	sweep/samplecount:100.000	sweep/xmapping:1.000	sweep/scan:0.000	sweep/averaging/sample:10.000	sweep/settling/time:0.100	sweep/settling/inaccuracy:0.010	sweep/awgcontrol:0.000	sweep/averaging/time:0.100	sweep/averaging/tc:15.000	sweep/bandwidthcontrol:2.000	sweep/sincfilter:0.000	sweep/omegasuppression:80.000	sweep/maxbandwidth:100.000	sweep/bandwidth:1250000.000	sweep/order:8.000	sweep/bandwidthoverlap:1.000																				
Frequency	Param0		Param1		RealZ		ImagZ		AbsZ		PhaseZ		
5.00000000E+2	2.06977209E+3	9.30087524E-7	5.50828390E+1	-3.33128531E+2	3.37651806E+2	-1.40692889E+0
5.36133611E+2	1.86172415E+3	9.25014974E-7	5.37236069E+1	-3.11660345E+2	3.16256859E+2	-1.40009519E+0
5.74878498E+2	1.67167999E+3	9.19789784E-7	5.24931635E+1	-2.91540752E+2	2.96228881E+2	-1.39265079E+0
6.16423370E+2	1.50038102E+3	9.14196802E-7	5.13429309E+1	-2.72759269E+2	2.77549498E+2	-1.38473811E+0
6.60970574E+2	1.34683411E+3	9.08314871E-7	5.02322462E+1	-2.55207888E+2	2.60104499E+2	-1.37645193E+0
7.08737081E+2	1.20838760E+3	9.02143628E-7	4.91886509E+1	-2.38787164E+2	2.43800817E+2	-1.36764429E+0
7.59955541E+2	1.08354165E+3	8.95586686E-7	4.82206425E+1	-2.23436293E+2	2.28580424E+2	-1.35824243E+0
8.14875417E+2	9.71946316E+2	8.88577728E-7	4.72893680E+1	-2.09108568E+2	2.14389085E+2	-1.34839000E+0
8.73764200E+2	8.71589746E+2	8.81215978E-7	4.64100136E+1	-1.95695092E+2	2.01122998E+2	-1.33794339E+0
9.36908711E+2	7.81731795E+2	8.73406692E-7	4.55691660E+1	-1.83156493E+2	1.88740167E+2	-1.32694827E+0
1.00461650E+3	7.00823482E+2	8.65104679E-7	4.47929186E+1	-1.71422005E+2	1.77177625E+2	-1.31520907E+0
1.07721735E+3	6.28727991E+2	8.56229433E-7	4.40404508E+1	-1.60467710E+2	1.66401468E+2	-1.30294100E+0
1.15506485E+3	5.64052450E+2	8.46792013E-7	4.33348603E+1	-1.50217234E+2	1.56342982E+2	-1.28994038E+0
1.23853818E+3	5.06373902E+2	8.36773213E-7	4.26503449E+1	-1.40634151E+2	1.46959235E+2	-1.27634076E+0
1.32804389E+3	4.54745509E+2	8.26071119E-7	4.20067422E+1	-1.31673114E+2	1.38211343E+2	-1.26197995E+0
1.42401793E+3	4.08577095E+2	8.14624771E-7	4.14018311E+1	-1.23295281E+2	1.30060901E+2	-1.24683269E+0
1.52692775E+3	3.67399800E+2	8.02472106E-7	4.08184899E+1	-1.15458020E+2	1.22461029E+2	-1.23097546E+0
1.63727458E+3	3.30627206E+2	7.89492757E-7	4.02679457E+1	-1.08130334E+2	1.15384907E+2	-1.21430535E+0
1.75559587E+3	2.97802965E+2	7.75706460E-7	3.97428683E+1	-1.01272143E+2	1.08791281E+2	-1.19682731E+0
1.88246790E+3	2.68597537E+2	7.61020975E-7	3.92378284E+1	-9.48660933E+1	1.02660523E+2	-1.17861016E+0
2.01850863E+3	2.42522677E+2	7.45394556E-7	3.87632089E+1	-8.88727753E+1	9.69585306E+1	-1.15950682E+0
2.16438064E+3	2.19286537E+2	7.28846321E-7	3.83090721E+1	-8.32651068E+1	9.16551316E+1	-1.13958698E+0
2.32079442E+3	1.98587505E+2	7.11395232E-7	3.78706406E+1	-7.80157051E+1	8.67215990E+1	-1.11887794E+0
2.48851178E+3	1.80140581E+2	6.92930139E-7	3.74569908E+1	-7.31060712E+1	8.21433130E+1	-1.09730574E+0
2.66834962E+3	1.63734095E+2	6.73499496E-7	3.70589712E+1	-6.85160521E+1	7.78961926E+1	-1.07498189E+0
2.86118383E+3	1.49113798E+2	6.53104430E-7	3.66809801E+1	-6.42195109E+1	7.39570144E+1	-1.05183668E+0
3.06795364E+3	1.36103657E+2	6.31764931E-7	3.63203465E+1	-6.02010295E+1	7.03088305E+1	-1.02794091E+0
3.28966612E+3	1.24524641E+2	6.09609162E-7	3.59696438E+1	-5.64383876E+1	6.69261302E+1	-1.00338253E+0
3.52740116E+3	1.14220737E+2	5.86577075E-7	3.56382430E+1	-5.29201463E+1	6.38014600E+1	-9.78123044E-1
3.78231664E+3	1.05043567E+2	5.62838604E-7	3.53187437E+1	-4.96245197E+1	6.09098242E+1	-9.52248077E-1
4.05565415E+3	9.68677960E+1	5.38492342E-7	3.50101485E+1	-4.65364929E+1	5.82353480E+1	-9.25814623E-1
4.34874501E+3	8.95992312E+1	5.13594913E-7	3.47146478E+1	-4.36497294E+1	5.57710112E+1	-8.98927565E-1
4.66301673E+3	8.31154433E+1	4.88282698E-7	3.44328932E+1	-4.09424102E+1	5.34967768E+1	-8.71545818E-1
5.00000000E+3	7.73345015E+1	4.62748392E-7	3.41588286E+1	-3.84035191E+1	5.13970418E+1	-8.43828730E-1
5.36133611E+3	7.22106600E+1	4.37032339E-7	3.38993519E+1	-3.60378754E+1	4.94762018E+1	-8.15966394E-1
5.74878498E+3	6.76266272E+1	4.11436252E-7	3.36438788E+1	-3.38128879E+1	4.76992873E+1	-7.87903602E-1
6.16423370E+3	6.35379461E+1	3.85942115E-7	3.34050547E+1	-3.17268157E+1	4.60704736E+1	-7.59637077E-1
6.60970574E+3	5.98936049E+1	3.60831230E-7	3.31719234E+1	-2.97726309E+1	4.45733784E+1	-7.31446021E-1
7.08737081E+3	5.66421113E+1	3.36186113E-7	3.29493617E+1	-2.79403103E+1	4.32009421E+1	-7.03318601E-1
7.59955541E+3	5.37361288E+1	3.12211208E-7	3.27310068E+1	-2.62205790E+1	4.19384976E+1	-6.75407025E-1
8.14875417E+3	5.11366113E+1	2.88902962E-7	3.25265429E+1	-2.46032747E+1	4.07835403E+1	-6.47588408E-1
8.73764200E+3	4.88207018E+1	2.66512133E-7	3.23260569E+1	-2.30912712E+1	3.97263235E+1	-6.20274694E-1
9.36908711E+3	4.67403123E+1	2.45040002E-7	3.21331745E+1	-2.16650339E+1	3.87545430E+1	-5.93218003E-1
1.00461650E+4	4.48859190E+1	2.24567046E-7	3.19511401E+1	-2.03293117E+1	3.78702559E+1	-5.66657217E-1
1.07721735E+4	4.32210927E+1	2.05190043E-7	3.17730861E+1	-1.90719293E+1	3.70576240E+1	-5.40606410E-1
1.15506485E+4	4.17302064E+1	1.86906647E-7	3.16036764E+1	-1.78895377E+1	3.63156706E+1	-5.15088736E-1
1.23853818E+4	4.03927490E+1	1.69752113E-7	3.14409327E+1	-1.67765740E+1	3.56368587E+1	-4.90157297E-1
1.32804389E+4	3.91920702E+1	1.53734002E-7	3.12843973E+1	-1.57285334E+1	3.50157149E+1	-4.65852906E-1
1.42401793E+4	3.81159462E+1	1.38859671E-7	3.11338061E+1	-1.47438320E+1	3.44484321E+1	-4.42275572E-1
1.52692775E+4	3.71478904E+1	1.25076942E-7	3.09898881E+1	-1.38143293E+1	3.39294702E+1	-4.19329758E-1
1.63727458E+4	3.62743915E+1	1.12370715E-7	3.08498536E+1	-1.29362304E+1	3.34523489E+1	-3.97057247E-1
1.75559587E+4	3.54875797E+1	1.00663101E-7	3.07178564E+1	-1.21043636E+1	3.30166984E+1	-3.75366359E-1
1.88246790E+4	3.47865521E+1	8.99517705E-8	3.05955704E+1	-1.13236670E+1	3.26238318E+1	-3.54474958E-1
2.01850863E+4	3.41473042E+1	8.01739302E-8	3.04734502E+1	-1.05808779E+1	3.22581179E+1	-3.34192733E-1
2.16438064E+4	3.35752989E+1	7.12915871E-8	3.03585015E+1	-9.88216274E+0	3.19264117E+1	-3.14698080E-1
2.32079442E+4	3.30564875E+1	6.32214927E-8	3.02474064E+1	-9.21777537E+0	3.16207686E+1	-2.95805191E-1
2.48851178E+4	3.25879712E+1	5.59098133E-8	3.01417332E+1	-8.58683402E+0	3.13409943E+1	-2.77529923E-1
2.66834962E+4	3.21644413E+1	4.93052772E-8	3.00407335E+1	-7.98734666E+0	3.10844560E+1	-2.59871429E-1
2.86118383E+4	3.17811439E+1	4.33495429E-8	2.99442944E+1	-7.41640896E+0	3.08490507E+1	-2.42787863E-1
3.06795364E+4	3.14353755E+1	3.79843226E-8	2.98537542E+1	-6.87148583E+0	3.06343593E+1	-2.26231340E-1
3.28966612E+4	3.11221383E+1	3.31778267E-8	2.97662548E+1	-6.35291786E+0	3.04366473E+1	-2.10272027E-1
3.52740116E+4	3.08359130E+1	2.88575276E-8	2.96814333E+1	-5.85376828E+0	3.02531667E+1	-1.94720928E-1
3.78231664E+4	3.05755819E+1	2.49929990E-8	2.95993697E+1	-5.37543113E+0	3.00835163E+1	-1.79648364E-1
4.05565415E+4	3.03426046E+1	2.15342971E-8	2.95240919E+1	-4.91587556E+0	2.99305504E+1	-1.64990277E-1
4.34874501E+4	3.01305011E+1	1.84549488E-8	2.94506388E+1	-4.47463619E+0	2.97886305E+1	-1.50783600E-1
4.66301673E+4	2.99368795E+1	1.57083921E-8	2.93791674E+1	-4.04785174E+0	2.96567124E+1	-1.36917622E-1
5.00000000E+4	2.97613101E+1	1.32541398E-8	2.93111774E+1	-3.63234200E+0	2.95353863E+1	-1.23294858E-1
5.36133611E+4	2.96031070E+1	1.10728351E-8	2.92465143E+1	-3.22940951E+0	2.94242704E+1	-1.09974807E-1
5.74878498E+4	2.94597473E+1	9.12728305E-9	2.91844482E+1	-2.83450983E+0	2.93217746E+1	-9.68203050E-2
6.16423370E+4	2.93316498E+1	7.39866282E-9	2.91258819E+1	-2.44809184E+0	2.92285848E+1	-8.38550152E-2
6.60970574E+4	2.92136079E+1	5.86459482E-9	2.90664569E+1	-2.06812722E+0	2.91399395E+1	-7.10319763E-2
7.08737081E+4	2.91098567E+1	4.49721517E-9	2.90112594E+1	-1.69127922E+0	2.90605162E+1	-5.82314320E-2
7.59955541E+4	2.90201162E+1	3.28670219E-9	2.89600461E+1	-1.31894512E+0	2.89900656E+1	-4.55121665E-2
8.14875417E+4	2.89406244E+1	2.21261337E-9	2.89095492E+1	-9.47819948E-1	2.89250826E+1	-3.27739647E-2
8.73764200E+4	2.88721790E+1	1.25898503E-9	2.88606852E+1	-5.75944816E-1	2.88664315E+1	-1.99533855E-2
9.36908711E+4	2.88139083E+1	4.14216681E-10	2.88124856E+1	-2.02435692E-1	2.88131969E+1	-7.02585982E-3
1.00461650E+5	2.87671727E+1	-3.29746908E-10	2.87661410E+1	1.72242342E-1	2.87666568E+1	5.98760318E-3
1.07721735E+5	2.87319498E+1	-9.96986676E-10	2.87211532E+1	5.56851688E-1	2.87265510E+1	1.93857789E-2
1.15506485E+5	2.87083967E+1	-1.58332958E-9	2.86771882E+1	9.46025964E-1	2.86927882E+1	3.29768392E-2
1.23853818E+5	2.86981166E+1	-2.09939841E-9	2.86351694E+1	1.34257117E+0	2.86666257E+1	4.68510811E-2
1.32804389E+5	2.87014773E+1	-2.55575604E-9	2.85943424E+1	1.75023251E+0	2.86478598E+1	6.11327956E-2
1.42401793E+5	2.87177739E+1	-2.95460116E-9	2.85532059E+1	2.16770319E+0	2.86353717E+1	7.57726833E-2
1.52692775E+5	2.87480580E+1	-3.30708093E-9	2.85108581E+1	2.60053070E+0	2.86292124E+1	9.09602454E-2
1.63727458E+5	2.87972761E+1	-3.61388137E-9	2.84709470E+1	3.04809554E+0	2.86336467E+1	1.06653618E-1
1.75559587E+5	2.88647154E+1	-3.88270643E-9	2.84302122E+1	3.51468473E+0	2.86466400E+1	1.23000908E-1
1.88246790E+5	2.89460358E+1	-4.11433661E-9	2.83780950E+1	3.99674942E+0	2.86606100E+1	1.39919196E-1
2.01850863E+5	2.90638143E+1	-4.31182240E-9	2.83477265E+1	4.50549169E+0	2.87035374E+1	1.57618246E-1
2.16438064E+5	2.92013207E+1	-4.48216942E-9	2.83045828E+1	5.03803333E+0	2.87494557E+1	1.76148782E-1
2.32079442E+5	2.93669179E+1	-4.62343612E-9	2.82591742E+1	5.59498912E+0	2.88077220E+1	1.95460594E-1
2.48851178E+5	2.95667262E+1	-4.73924414E-9	2.82124576E+1	6.18120001E+0	2.88816552E+1	2.15686639E-1
2.66834962E+5	2.98010556E+1	-4.83140610E-9	2.81601234E+1	6.79770446E+0	2.89689731E+1	2.36863310E-1
2.86118383E+5	3.00817772E+1	-4.90104265E-9	2.81072895E+1	7.44966197E+0	2.90777788E+1	2.59086624E-1
3.06795364E+5	3.04155041E+1	-4.95031698E-9	2.80523965E+1	8.14191592E+0	2.92100630E+1	2.82478416E-1
3.28966612E+5	3.07996250E+1	-4.97815406E-9	2.79885549E+1	8.87004657E+0	2.93604665E+1	3.06903747E-1
3.52740116E+5	3.12501188E+1	-4.98724243E-9	2.79189746E+1	9.64375821E+0	2.95376246E+1	3.32588380E-1
3.78231664E+5	3.17680917E+1	-4.97519797E-9	2.78402676E+1	1.04571329E+1	2.97394043E+1	3.59306933E-1
4.05565415E+5	3.23830651E+1	-4.94386588E-9	2.77623671E+1	1.13261325E+1	2.99838375E+1	3.87355653E-1
4.34874501E+5	3.30954576E+1	-4.90163614E-9	2.76607907E+1	1.22607640E+1	3.02563446E+1	4.17230119E-1
4.66301673E+5	3.39164627E+1	-4.83816415E-9	2.75488223E+1	1.32446106E+1	3.05672760E+1	4.48144954E-1
5.00000000E+5	3.48658737E+1	-4.75719100E-9	2.74206068E+1	1.42881856E+1	3.09199466E+1	4.80364972E-1
