Start time:20240902_17-14-28	sweep/start:500.000	sweep/stop:500000.000	sweep/samplecount:100.000	sweep/xmapping:1.000	sweep/scan:0.000	sweep/averaging/sample:10.000	sweep/settling/time:0.100	sweep/settling/inaccuracy:0.010	sweep/awgcontrol:0.000	sweep/averaging/time:0.100	sweep/averaging/tc:15.000	sweep/bandwidthcontrol:2.000	sweep/sincfilter:0.000	sweep/omegasuppression:80.000	sweep/maxbandwidth:100.000	sweep/bandwidth:1250000.000	sweep/order:8.000	sweep/bandwidthoverlap:1.000																				
Frequency	Param0		Param1		RealZ		ImagZ		AbsZ		PhaseZ		
5.00000000E+2	2.10322535E+3	9.13630569E-7	5.61716679E+1	-3.39096225E+2	3.43717196E+2	-1.40663596E+0
5.36133611E+2	1.89831552E+3	9.08617881E-7	5.46118739E+1	-3.17313469E+2	3.21978730E+2	-1.40035905E+0
5.74878498E+2	1.70935130E+3	9.03121177E-7	5.32620826E+1	-2.96995895E+2	3.01734017E+2	-1.39334655E+0
6.16423370E+2	1.53970880E+3	8.97493323E-7	5.19373370E+1	-2.77976054E+2	2.82786457E+2	-1.38608502E+0
6.60970574E+2	1.38600730E+3	8.91497939E-7	5.07088057E+1	-2.60213884E+2	2.65108757E+2	-1.37833485E+0
7.08737081E+2	1.24789975E+3	8.85277216E-7	4.95163315E+1	-2.43596897E+2	2.48578598E+2	-1.37025699E+0
7.59955541E+2	1.12289058E+3	8.78811638E-7	4.83952395E+1	-2.28035896E+2	2.33114721E+2	-1.36167271E+0
8.14875417E+2	1.01055096E+3	8.71995593E-7	4.73199173E+1	-2.13494574E+2	2.18675814E+2	-1.35267790E+0
8.73764200E+2	9.09298514E+2	8.64805356E-7	4.63031886E+1	-1.99898464E+2	2.05191089E+2	-1.34317701E+0
9.36908711E+2	8.17664096E+2	8.57328417E-7	4.53518094E+1	-1.87151638E+2	1.92568231E+2	-1.33305267E+0
1.00461650E+3	7.35362898E+2	8.49357563E-7	4.44506570E+1	-1.75246934E+2	1.80796431E+2	-1.32238923E+0
1.07721735E+3	6.61578745E+2	8.41066445E-7	4.35716029E+1	-1.64096161E+2	1.69782318E+2	-1.31126028E+0
1.15506485E+3	5.95061148E+2	8.32263280E-7	4.27527998E+1	-1.53664319E+2	1.59500863E+2	-1.29943709E+0
1.23853818E+3	5.35436816E+2	8.22961479E-7	4.19668867E+1	-1.43907584E+2	1.49902010E+2	-1.28704166E+0
1.32804389E+3	4.81895982E+2	8.13145261E-7	4.12186090E+1	-1.34774277E+2	1.40936439E+2	-1.27399551E+0
1.42401793E+3	4.33719245E+2	8.02722909E-7	4.05203332E+1	-1.26224199E+2	1.32568647E+2	-1.26016954E+0
1.52692775E+3	3.90591946E+2	7.91724940E-7	3.98473220E+1	-1.18221114E+2	1.24755926E+2	-1.24569771E+0
1.63727458E+3	3.51889826E+2	7.80012771E-7	3.92166945E+1	-1.10733938E+2	1.17473207E+2	-1.23042703E+0
1.75559587E+3	3.17215429E+2	7.67701238E-7	3.86090550E+1	-1.03714643E+2	1.10667911E+2	-1.21442796E+0
1.88246790E+3	2.86123467E+2	7.54573150E-7	3.80424905E+1	-9.71474002E+1	1.04330478E+2	-1.19755609E+0
2.01850863E+3	2.58327810E+2	7.40655564E-7	3.75019680E+1	-9.10022141E+1	9.84266259E+1	-1.17990305E+0
2.16438064E+3	2.33431660E+2	7.25905851E-7	3.69930219E+1	-8.52458686E+1	9.29265403E+1	-1.16136374E+0
2.32079442E+3	2.11200138E+2	7.10356257E-7	3.65018431E+1	-7.98549265E+1	8.78020154E+1	-1.14205213E+0
2.48851178E+3	1.91299852E+2	6.93866027E-7	3.60436873E+1	-7.48064458E+1	8.30370507E+1	-1.12179338E+0
2.66834962E+3	1.73525164E+2	6.76471394E-7	3.56081148E+1	-7.00782833E+1	7.86060029E+1	-1.10067455E+0
2.86118383E+3	1.57640533E+2	6.58129009E-7	3.51983286E+1	-6.56487661E+1	7.44894820E+1	-1.07863987E+0
3.06795364E+3	1.43484237E+2	6.38845011E-7	3.48079280E+1	-6.15044466E+1	7.06709901E+1	-1.05579628E+0
3.28966612E+3	1.30840781E+2	6.18692916E-7	3.44351802E+1	-5.76172194E+1	6.71232126E+1	-1.03210338E+0
3.52740116E+3	1.19568153E+2	5.97564717E-7	3.40876302E+1	-5.39798869E+1	6.38419517E+1	-1.00754536E+0
3.78231664E+3	1.09508529E+2	5.75593259E-7	3.37583321E+1	-5.05687665E+1	6.08015228E+1	-9.82166676E-1
4.05565415E+3	1.00537937E+2	5.52843668E-7	3.34449715E+1	-4.73700551E+1	5.79869666E+1	-9.56030731E-1
4.34874501E+3	9.25541925E+1	5.29296556E-7	3.31527249E+1	-4.43770259E+1	5.53933537E+1	-9.29173345E-1
4.66301673E+3	8.54458733E+1	5.05186165E-7	3.28703741E+1	-4.15713391E+1	5.29965826E+1	-9.01753137E-1
5.00000000E+3	7.91041887E+1	4.80580571E-7	3.26019123E+1	-3.89366530E+1	5.07833408E+1	-8.73717808E-1
5.36133611E+3	7.34743570E+1	4.55406868E-7	3.23603521E+1	-3.64755209E+1	4.87612145E+1	-8.45109424E-1
5.74878498E+3	6.84524482E+1	4.30078690E-7	3.21252384E+1	-3.41616781E+1	4.68940423E+1	-8.16110096E-1
6.16423370E+3	6.39921696E+1	4.04657483E-7	3.19022707E+1	-3.19959467E+1	4.51829116E+1	-7.86864181E-1
6.60970574E+3	6.00242451E+1	3.79260771E-7	3.16946896E+1	-2.99649200E+1	4.36170815E+1	-7.57351988E-1
7.08737081E+3	5.64920386E+1	3.54086688E-7	3.14989536E+1	-2.80580827E+1	4.21834101E+1	-7.27687935E-1
7.59955541E+3	5.33548203E+1	3.29346498E-7	3.13110114E+1	-2.62719225E+1	4.08728928E+1	-6.98110411E-1
8.14875417E+3	5.05576594E+1	3.05146988E-7	3.11329496E+1	-2.45916342E+1	3.96737829E+1	-6.68546395E-1
8.73764200E+3	4.80830525E+1	2.81585801E-7	3.09708238E+1	-2.30212897E+1	3.85897880E+1	-6.39213364E-1
9.36908711E+3	4.58722146E+1	2.58873625E-7	3.08139086E+1	-2.15407810E+1	3.75965720E+1	-6.10095031E-1
1.00461650E+4	4.39152190E+1	2.37077800E-7	3.06694276E+1	-2.01554166E+1	3.66995180E+1	-5.81407995E-1
1.07721735E+4	4.21710540E+1	2.16334329E-7	3.05303744E+1	-1.88519043E+1	3.58817233E+1	-5.53173597E-1
1.15506485E+4	4.06240948E+1	1.96699683E-7	3.04000723E+1	-1.76298327E+1	3.51422169E+1	-5.25529417E-1
1.23853818E+4	3.92463111E+1	1.78208795E-7	3.02771871E+1	-1.64790723E+1	3.44712619E+1	-4.98436080E-1
1.32804389E+4	3.80219781E+1	1.60896653E-7	3.01621890E+1	-1.53970268E+1	3.38648208E+1	-4.71992012E-1
1.42401793E+4	3.69359519E+1	1.44790301E-7	3.00545306E+1	-1.43811638E+1	3.33180536E+1	-4.46302066E-1
1.52692775E+4	3.59684705E+1	1.29877896E-7	2.99520541E+1	-1.34240064E+1	3.28226989E+1	-4.21342011E-1
1.63727458E+4	3.51108628E+1	1.16149165E-7	2.98561172E+1	-1.25254192E+1	3.23770599E+1	-3.97225043E-1
1.75559587E+4	3.43462212E+1	1.03569442E-7	2.97635850E+1	-1.16788545E+1	3.19729053E+1	-3.73926576E-1
1.88246790E+4	3.36685409E+1	9.20439644E-8	2.96807762E+1	-1.08793333E+1	3.16118398E+1	-3.51337343E-1
2.01850863E+4	3.30671556E+1	8.15737542E-8	2.96026137E+1	-1.01271628E+1	3.12869658E+1	-3.29622981E-1
2.16438064E+4	3.25295510E+1	7.20864345E-8	2.95268790E+1	-9.41591814E+0	3.09918717E+1	-3.08698541E-1
2.32079442E+4	3.20492869E+1	6.35102745E-8	2.94544564E+1	-8.74238453E+0	3.07244905E+1	-2.88527852E-1
2.48851178E+4	3.16214461E+1	5.57662070E-8	2.93873307E+1	-8.10275183E+0	3.04839283E+1	-2.69037885E-1
2.66834962E+4	3.12425036E+1	4.88356553E-8	2.93237024E+1	-7.50108747E+0	3.02679018E+1	-2.50432696E-1
2.86118383E+4	3.09056445E+1	4.26204600E-8	2.92646506E+1	-6.92986709E+0	3.00739569E+1	-2.32516999E-1
3.06795364E+4	3.06039611E+1	3.70706771E-8	2.92070725E+1	-6.38741048E+0	2.98973596E+1	-2.15304227E-1
3.28966612E+4	3.03343554E+1	3.21039671E-8	2.91531224E+1	-5.86827209E+0	2.97378744E+1	-1.98636956E-1
3.52740116E+4	3.00938494E+1	2.76912528E-8	2.91011442E+1	-5.37483492E+0	2.95933346E+1	-1.82636813E-1
3.78231664E+4	2.98796371E+1	2.37652596E-8	2.90522824E+1	-4.90270628E+0	2.94630557E+1	-1.67179491E-1
4.05565415E+4	2.96877427E+1	2.02775839E-8	2.90051775E+1	-4.44948452E+0	2.93444756E+1	-1.52216500E-1
4.34874501E+4	2.95168332E+1	1.71857710E-8	2.89604541E+1	-4.01409786E+0	2.92373202E+1	-1.37728653E-1
4.66301673E+4	2.93658958E+1	1.44454796E-8	2.89191811E+1	-3.59424805E+0	2.91416825E+1	-1.23651873E-1
5.00000000E+4	2.92274424E+1	1.20240569E-8	2.88754664E+1	-3.18801777E+0	2.90509214E+1	-1.09960414E-1
5.36133611E+4	2.91081418E+1	9.87755660E-9	2.88376252E+1	-2.79303517E+0	2.89725678E+1	-9.65526967E-2
5.74878498E+4	2.90004366E+1	7.98431574E-9	2.87989834E+1	-2.40865908E+0	2.88995345E+1	-8.34427444E-2
6.16423370E+4	2.89059679E+1	6.31142396E-9	2.87623616E+1	-2.03234957E+0	2.88340754E+1	-7.05427879E-2
6.60970574E+4	2.88227087E+1	4.83115893E-9	2.87266399E+1	-1.66124208E+0	2.87746342E+1	-5.77649860E-2
7.08737081E+4	2.87503617E+1	3.52816917E-9	2.86918186E+1	-1.29603228E+0	2.87210752E+1	-4.51401109E-2
7.59955541E+4	2.86895867E+1	2.38258523E-9	2.86590552E+1	-9.35411381E-1	2.86743169E+1	-3.26277128E-2
8.14875417E+4	2.86375742E+1	1.36527769E-9	2.86261024E+1	-5.73047114E-1	2.86318377E+1	-2.00156733E-2
8.73764200E+4	2.85956008E+1	4.72258010E-10	2.85940288E+1	-2.11996229E-1	2.85948148E+1	-7.41386666E-3
9.36908711E+4	2.85635985E+1	-3.11917976E-10	2.85628124E+1	1.49806674E-1	2.85632055E+1	5.24476878E-3
1.00461650E+5	2.85393573E+1	-1.00694132E-9	2.85299692E+1	5.17523289E-1	2.85346629E+1	1.81376464E-2
1.07721735E+5	2.85305056E+1	-1.61432822E-9	2.85028069E+1	8.88530021E-1	2.85166529E+1	3.11633310E-2
1.15506485E+5	2.85298498E+1	-2.14931654E-9	2.84734582E+1	1.26714498E+0	2.85016401E+1	4.44733286E-2
1.23853818E+5	2.85410252E+1	-2.61772142E-9	2.84448707E+1	1.65381236E+0	2.84929074E+1	5.80755886E-2
1.32804389E+5	2.85643071E+1	-3.02821027E-9	2.84162652E+1	2.05101553E+0	2.84901900E+1	7.20525706E-2
1.42401793E+5	2.85990389E+1	-3.38682623E-9	2.83858415E+1	2.46003577E+0	2.84922408E+1	8.64481894E-2
1.52692775E+5	2.86498671E+1	-3.70065425E-9	2.83564727E+1	2.88437470E+0	2.85027924E+1	1.01369736E-1
1.63727458E+5	2.87169866E+1	-3.97073857E-9	2.83271999E+1	3.32288411E+0	2.85214274E+1	1.16770016E-1
1.75559587E+5	2.88030291E+1	-4.20440209E-9	2.82980763E+1	3.78010380E+0	2.85494364E+1	1.32795507E-1
1.88246790E+5	2.89721512E+1	-4.45558256E-9	2.83063975E+1	4.32226491E+0	2.86372758E+1	1.51503977E-1
2.01850863E+5	2.90351547E+1	-4.57543671E-9	2.82336580E+1	4.75701287E+0	2.86316019E+1	1.66919581E-1
2.16438064E+5	2.91901176E+1	-4.71891807E-9	2.82005589E+1	5.28262169E+0	2.86910723E+1	1.85177242E-1
2.32079442E+5	2.93715973E+1	-4.83584391E-9	2.81634531E+1	5.83313829E+0	2.87611822E+1	2.04229656E-1
2.48851178E+5	2.95862478E+1	-4.92832995E-9	2.81244008E+1	6.41198517E+0	2.88460654E+1	2.24155261E-1
2.66834962E+5	2.98385315E+1	-4.99743657E-9	2.80832666E+1	7.02093508E+0	2.89475981E+1	2.44982623E-1
2.86118383E+5	3.01350395E+1	-5.04892071E-9	2.80374033E+1	7.66891195E+0	2.90673055E+1	2.66993765E-1
3.06795364E+5	3.04795182E+1	-5.07960609E-9	2.79867279E+1	8.35254575E+0	2.92065400E+1	2.90031124E-1
3.28966612E+5	3.08780227E+1	-5.09107665E-9	2.79292489E+1	9.07507309E+0	2.93666473E+1	3.14169266E-1
3.52740116E+5	3.13424122E+1	-5.08525899E-9	2.78652589E+1	9.84335883E+0	2.95527397E+1	3.39565782E-1
3.78231664E+5	3.18881047E+1	-5.06138724E-9	2.77983995E+1	1.06624205E+1	2.97731132E+1	3.66256199E-1
4.05565415E+5	3.25003355E+1	-5.01463894E-9	2.77193258E+1	1.15119924E+1	3.00147852E+1	3.93630949E-1
4.34874501E+5	3.32354612E+1	-4.95737135E-9	2.76346789E+1	1.24408720E+1	3.03059600E+1	4.23012557E-1
4.66301673E+5	3.40801440E+1	-4.88458334E-9	2.75311192E+1	1.34276293E+1	3.06311012E+1	4.53779854E-1
NaN	NaN	NaN	NaN	NaN	NaN	NaN
