Start time:20240903_20-55-55	sweep/start:500.000	sweep/stop:500000.000	sweep/samplecount:100.000	sweep/xmapping:1.000	sweep/scan:0.000	sweep/averaging/sample:10.000	sweep/settling/time:0.100	sweep/settling/inaccuracy:0.010	sweep/awgcontrol:0.000	sweep/averaging/time:0.100	sweep/averaging/tc:15.000	sweep/bandwidthcontrol:2.000	sweep/sincfilter:0.000	sweep/omegasuppression:80.000	sweep/maxbandwidth:100.000	sweep/bandwidth:1250000.000	sweep/order:8.000	sweep/bandwidthoverlap:1.000																				
Frequency	Param0		Param1		RealZ		ImagZ		AbsZ		PhaseZ		
5.00000000E+2	9.62602935E+2	7.97724031E-7	1.41150695E+2	-3.40512094E+2	3.68608213E+2	-1.17783165E+0
5.36133611E+2	8.76373246E+2	7.79809811E-7	1.39110808E+2	-3.20251623E+2	3.49160322E+2	-1.16100785E+0
5.74878498E+2	7.99608275E+2	7.61019017E-7	1.37125264E+2	-3.01401916E+2	3.31129069E+2	-1.14382682E+0
6.16423370E+2	7.30979446E+2	7.41489944E-7	1.35192441E+2	-2.83806013E+2	3.14361030E+2	-1.12624292E+0
6.60970574E+2	6.69853532E+2	7.21242684E-7	1.33284403E+2	-2.67425220E+2	2.98799247E+2	-1.10843052E+0
7.08737081E+2	6.15279741E+2	7.00437325E-7	1.31382955E+2	-2.52142330E+2	2.84318910E+2	-1.09043779E+0
7.59955541E+2	5.66633045E+2	6.79099023E-7	1.29485720E+2	-2.37916578E+2	2.70870557E+2	-1.07237965E+0
8.14875417E+2	5.23039758E+2	6.57436553E-7	1.27580121E+2	-2.24616917E+2	2.58320448E+2	-1.05424633E+0
8.73764200E+2	4.84226123E+2	6.35380746E-7	1.25672753E+2	-2.12274307E+2	2.46686084E+2	-1.03625775E+0
9.36908711E+2	4.49349565E+2	6.13151114E-7	1.23766658E+2	-2.00739383E+2	2.35827242E+2	-1.01829365E+0
1.00461650E+3	4.18003730E+2	5.90825950E-7	1.21860316E+2	-1.89968739E+2	2.25694619E+2	-1.00043698E+0
1.07721735E+3	3.89838897E+2	5.68484882E-7	1.19951957E+2	-1.79926263E+2	2.16245079E+2	-9.82789449E-1
1.15506485E+3	3.64549847E+2	5.46244742E-7	1.18029752E+2	-1.70577553E+2	2.07431254E+2	-9.65499001E-1
1.23853818E+3	3.41656733E+2	5.24243109E-7	1.16099934E+2	-1.61824370E+2	1.99164058E+2	-9.48458621E-1
1.32804389E+3	3.21018332E+2	5.02508354E-7	1.14164784E+2	-1.53672992E+2	1.91439252E+2	-9.31850035E-1
1.42401793E+3	3.02276444E+2	4.81190187E-7	1.12216679E+2	-1.46040655E+2	1.84175071E+2	-9.15626978E-1
1.52692775E+3	2.85245819E+2	4.60315004E-7	1.10266121E+2	-1.38904032E+2	1.77349792E+2	-8.99829202E-1
1.63727458E+3	2.69740750E+2	4.40002800E-7	1.08296707E+2	-1.32226536E+2	1.70915283E+2	-8.84562547E-1
1.75559587E+3	2.55588531E+2	4.20199255E-7	1.06341616E+2	-1.25980780E+2	1.64862660E+2	-8.69731758E-1
1.88246790E+3	2.42601708E+2	4.01118922E-7	1.04353990E+2	-1.20111196E+2	1.59111456E+2	-8.55482077E-1
2.01850863E+3	2.30672610E+2	3.82639494E-7	1.02379202E+2	-1.14606176E+2	1.53675232E+2	-8.41687934E-1
2.16438064E+3	2.19714980E+2	3.64806180E-7	1.00411366E+2	-1.09450618E+2	1.48532423E+2	-8.28443926E-1
2.32079442E+3	2.09570959E+2	3.47676821E-7	9.84420065E+1	-1.04593290E+2	1.43633510E+2	-8.15685517E-1
2.48851178E+3	2.00164512E+2	3.31265974E-7	9.64696010E+1	-1.00017028E+2	1.38959671E+2	-8.03450499E-1
2.66834962E+3	1.91428675E+2	3.15509577E-7	9.45150045E+1	-9.57068203E+1	1.34509783E+2	-7.91663480E-1
2.86118383E+3	1.83300323E+2	3.00477509E-7	9.25573963E+1	-9.16456675E+1	1.30252832E+2	-7.80448621E-1
3.06795364E+3	1.75699242E+2	2.86048728E-7	9.06323677E+1	-8.78055339E+1	1.26190483E+2	-7.69557368E-1
3.28966612E+3	1.68569641E+2	2.72309624E-7	8.87106472E+1	-8.41685362E+1	1.22286229E+2	-7.59130884E-1
3.52740116E+3	1.61885252E+2	2.59180156E-7	8.68136643E+1	-8.07294196E+1	1.18548942E+2	-7.49099603E-1
3.78231664E+3	1.55593980E+2	2.46682365E-7	8.49299721E+1	-7.74692965E+1	1.14954740E+2	-7.39490113E-1
4.05565415E+3	1.49619141E+2	2.34775931E-7	8.30644906E+1	-7.43527203E+1	1.11481107E+2	-7.30112656E-1
4.34874501E+3	1.44016366E+2	2.23391982E-7	8.12383509E+1	-7.14141595E+1	1.08164929E+2	-7.21130226E-1
4.66301673E+3	1.38690105E+2	2.12574729E-7	7.94276507E+1	-6.86081421E+1	1.04956320E+2	-7.12440772E-1
5.00000000E+3	1.33621002E+2	2.02253815E-7	7.76484243E+1	-6.59255761E+1	1.01860001E+2	-7.03928677E-1
5.36133611E+3	1.28825120E+2	1.92412361E-7	7.59033907E+1	-6.33793225E+1	9.88851016E+1	-6.95721011E-1
5.74878498E+3	1.24248395E+2	1.83076990E-7	7.41742091E+1	-6.09443432E+1	9.60001373E+1	-6.87796250E-1
6.16423370E+3	1.19873833E+2	1.74108584E-7	7.24995666E+1	-5.86055763E+1	9.32244648E+1	-6.79816309E-1
6.60970574E+3	1.15687824E+2	1.65592432E-7	7.08452201E+1	-5.63638537E+1	9.05313720E+1	-6.72047032E-1
7.08737081E+3	1.11690889E+2	1.57454141E-7	6.92312743E+1	-5.42174608E+1	8.79346490E+1	-6.64372714E-1
7.59955541E+3	1.07855238E+2	1.49703553E-7	6.76460530E+1	-5.21535471E+1	8.54165152E+1	-6.56791741E-1
8.14875417E+3	1.04173994E+2	1.42285574E-7	6.61024705E+1	-5.01659395E+1	8.29828794E+1	-6.49180252E-1
8.73764200E+3	1.00651809E+2	1.35196636E-7	6.45984744E+1	-4.82596128E+1	8.06346901E+1	-6.41623578E-1
9.36908711E+3	9.72543543E+1	1.28437362E-7	6.31235475E+1	-4.64161340E+1	7.83520250E+1	-6.34040828E-1
1.00461650E+4	9.39994715E+1	1.21955847E-7	6.16948161E+1	-4.46433614E+1	7.61530045E+1	-6.26400480E-1
1.07721735E+4	9.08620247E+1	1.15744076E-7	6.03063528E+1	-4.29266943E+1	7.40240319E+1	-6.18608565E-1
1.15506485E+4	8.78399249E+1	1.09791895E-7	5.89573950E+1	-4.12654658E+1	7.19639710E+1	-6.10672339E-1
1.23853818E+4	8.49359305E+1	1.04086134E-7	5.76496695E+1	-3.96616150E+1	6.99751974E+1	-6.02610808E-1
1.32804389E+4	8.21318706E+1	9.86157655E-8	5.63793071E+1	-3.81039578E+1	6.80480560E+1	-5.94333417E-1
1.42401793E+4	7.94455216E+1	9.33523734E-8	5.51577840E+1	-3.66013341E+1	6.61969703E+1	-5.85859257E-1
1.52692775E+4	7.68527166E+1	8.83055207E-8	5.39723747E+1	-3.51412262E+1	6.44043744E+1	-5.77145688E-1
1.63727458E+4	7.43423596E+1	8.34449674E-8	5.28275868E+1	-3.37130927E+1	6.26683907E+1	-5.68015347E-1
1.75559587E+4	7.19447279E+1	7.87762459E-8	5.17275914E+1	-3.23385783E+1	6.10043232E+1	-5.58722103E-1
1.88246790E+4	6.96392182E+1	7.42841979E-8	5.06694570E+1	-3.10030194E+1	5.94018627E+1	-5.49100308E-1
2.01850863E+4	6.74194093E+1	6.99621203E-8	4.96511104E+1	-2.97021120E+1	5.78571383E+1	-5.39107040E-1
2.16438064E+4	6.52947438E+1	6.57996275E-8	4.86775111E+1	-2.84409123E+1	5.63771727E+1	-5.28774600E-1
2.32079442E+4	6.32534692E+1	6.17944033E-8	4.77434065E+1	-2.72121842E+1	5.49539446E+1	-5.18043908E-1
2.48851178E+4	6.12964286E+1	5.79421618E-8	4.68487775E+1	-2.60164252E+1	5.35878965E+1	-5.06924398E-1
2.66834962E+4	5.94300081E+1	5.42332961E-8	4.59983163E+1	-2.48562891E+1	5.22846085E+1	-4.95422704E-1
2.86118383E+4	5.76465352E+1	5.06750184E-8	4.51848132E+1	-2.37293151E+1	5.10367308E+1	-4.83573446E-1
3.06795364E+4	5.59461172E+1	4.72669093E-8	4.44072006E+1	-2.26364962E+1	4.98438607E+1	-4.71415825E-1
3.28966612E+4	5.43251978E+1	4.39875241E-8	4.36710505E+1	-2.15702989E+1	4.87076837E+1	-4.58777194E-1
3.52740116E+4	5.27817036E+1	4.08538697E-8	4.29677266E+1	-2.05349523E+1	4.76225767E+1	-4.45824617E-1
3.78231664E+4	5.13185484E+1	3.78577010E-8	4.23010877E+1	-1.95307034E+1	4.65921712E+1	-4.32546611E-1
4.05565415E+4	4.99312077E+1	3.49947446E-8	4.16698202E+1	-1.85539892E+1	4.56138624E+1	-4.18906859E-1
4.34874501E+4	4.86181198E+1	3.22727471E-8	4.10693871E+1	-1.76074361E+1	4.46846325E+1	-4.05020763E-1
4.66301673E+4	4.73739720E+1	2.96761968E-8	4.05022044E+1	-1.66829767E+1	4.38035420E+1	-3.90725223E-1
5.00000000E+4	4.62017095E+1	2.72245976E-8	3.99617310E+1	-1.57911471E+1	4.29685965E+1	-3.76324185E-1
5.36133611E+4	4.50954371E+1	2.48948078E-8	3.94529786E+1	-1.49201804E+1	4.21799634E+1	-3.61552436E-1
5.74878498E+4	4.40512333E+1	2.26954358E-8	3.89693131E+1	-1.40726304E+1	4.14324306E+1	-3.46547453E-1
6.16423370E+4	4.30709643E+1	2.06227110E-8	3.85128585E+1	-1.32493645E+1	4.07281960E+1	-3.31341497E-1
6.60970574E+4	4.21465546E+1	1.86722662E-8	3.80790477E+1	-1.24453517E+1	4.00612115E+1	-3.15885624E-1
7.08737081E+4	4.12776337E+1	1.68458984E-8	3.76660467E+1	-1.16633695E+1	3.94305120E+1	-3.00288216E-1
7.59955541E+4	4.04607266E+1	1.51334863E-8	3.72743873E+1	-1.08981111E+1	3.88348914E+1	-2.84447083E-1
8.14875417E+4	3.97006286E+1	1.35322733E-8	3.69080848E+1	-1.01522133E+1	3.82788997E+1	-2.68428931E-1
8.73764200E+4	3.89781890E+1	1.20375533E-8	3.65527619E+1	-9.41573421E+0	3.77459993E+1	-2.52112115E-1
9.36908711E+4	3.83059780E+1	1.06494308E-8	3.62173687E+1	-8.69735068E+0	3.72470365E+1	-2.35680269E-1
1.00461650E+5	3.76727790E+1	9.35811303E-9	3.58952008E+1	-7.98789794E+0	3.67732507E+1	-2.18965907E-1
1.07721735E+5	3.70833195E+1	8.16283905E-9	3.55894011E+1	-7.29161479E+0	3.63286819E+1	-2.02085006E-1
1.15506485E+5	3.65304751E+1	7.05262848E-9	3.52964713E+1	-6.59969481E+0	3.59081727E+1	-1.84844484E-1
1.23853818E+5	3.60145718E+1	6.02745905E-9	3.50153494E+1	-5.91507488E+0	3.55114463E+1	-1.67348138E-1
1.32804389E+5	3.55306216E+1	5.07868160E-9	3.47429218E+1	-5.23133268E+0	3.51345643E+1	-1.49449922E-1
1.42401793E+5	3.50830311E+1	4.20179892E-9	3.44831536E+1	-4.54814903E+0	3.47817991E+1	-1.31137869E-1
1.52692775E+5	3.46665654E+1	3.39486290E-9	3.42301779E+1	-3.86492046E+0	3.44476806E+1	-1.12433563E-1
1.63727458E+5	3.42834533E+1	2.64865464E-9	3.39868785E+1	-3.17484528E+0	3.41348438E+1	-9.31435518E-2
1.75559587E+5	3.39316882E+1	1.96268863E-9	3.37495542E+1	-2.47930148E+0	3.38404987E+1	-7.33300318E-2
1.88246790E+5	3.36206026E+1	1.34443940E-9	3.35210208E+1	-1.79208861E+0	3.35707695E+1	-5.34083466E-2
2.01850863E+5	3.33247842E+1	7.49392668E-10	3.32913870E+1	-1.05443331E+0	3.33080814E+1	-3.16622725E-2
2.16438064E+5	3.30733528E+1	2.15900247E-10	3.30702342E+1	-3.21130662E-1	3.30717935E+1	-9.71026395E-3
2.32079442E+5	3.28599219E+1	-2.73750184E-10	3.28542686E+1	4.30952297E-1	3.28570951E+1	1.31163360E-2
2.48851178E+5	3.26846946E+1	-7.20094939E-10	3.26404899E+1	1.20118648E+0	3.26625847E+1	3.67839044E-2
2.66834962E+5	3.25530328E+1	-1.12964749E-9	3.24297610E+1	1.99940321E+0	3.24913385E+1	6.15754273E-2
2.86118383E+5	3.24641941E+1	-1.50205758E-9	3.22166141E+1	2.82420818E+0	3.23401672E+1	8.74395700E-2
3.06795364E+5	3.24327993E+1	-1.83879249E-9	3.20097662E+1	3.67983484E+0	3.22205885E+1	1.14457304E-1
3.28966612E+5	3.24557687E+1	-2.14168002E-9	3.17993583E+1	4.56874017E+0	3.21258870E+1	1.42697466E-1
3.52740116E+5	3.25435513E+1	-2.41296893E-9	3.15867791E+1	5.49739213E+0	3.20615964E+1	1.72314937E-1
3.78231664E+5	3.27009711E+1	-2.65147276E-9	3.13690653E+1	6.46378917E+0	3.20280954E+1	2.03211940E-1
4.05565415E+5	3.29412435E+1	-2.85577206E-9	3.11511138E+1	7.46754919E+0	3.20336762E+1	2.35280226E-1
4.34874501E+5	3.32945466E+1	-3.04163140E-9	3.09265588E+1	8.55765329E+0	3.20887166E+1	2.69954283E-1
4.66301673E+5	3.37335192E+1	-3.18413763E-9	3.06936491E+1	9.65936899E+0	3.21777048E+1	3.04890030E-1
NaN	NaN	NaN	NaN	NaN	NaN	NaN
