Start time:20240908_10-17-35	sweep/start:500.000	sweep/stop:500000.000	sweep/samplecount:100.000	sweep/xmapping:1.000	sweep/scan:0.000	sweep/averaging/sample:10.000	sweep/settling/time:0.100	sweep/settling/inaccuracy:0.010	sweep/awgcontrol:0.000	sweep/averaging/time:0.100	sweep/averaging/tc:15.000	sweep/bandwidthcontrol:2.000	sweep/sincfilter:0.000	sweep/omegasuppression:80.000	sweep/maxbandwidth:100.000	sweep/bandwidth:1250000.000	sweep/order:8.000	sweep/bandwidthoverlap:1.000																				
Frequency	Param0		Param1		RealZ		ImagZ		AbsZ		PhaseZ		
5.00000000E+2	1.23565243E+3	7.04337931E-7	1.45786896E+2	-3.98607666E+2	4.24431261E+2	-1.22016834E+0
5.36133611E+2	1.10878927E+3	6.91997116E-7	1.44363254E+2	-3.73132174E+2	4.00085461E+2	-1.20163751E+0
5.74878498E+2	9.96864140E+2	6.78767335E-7	1.42951260E+2	-3.49382136E+2	3.77495624E+2	-1.18242316E+0
6.16423370E+2	8.97434959E+2	6.64581423E-7	1.41639421E+2	-3.27185580E+2	3.56527889E+2	-1.16225137E+0
6.60970574E+2	8.09459606E+2	6.49382988E-7	1.40395100E+2	-3.06485439E+2	3.37111432E+2	-1.14124274E+0
7.08737081E+2	7.31673630E+2	6.33185790E-7	1.39200712E+2	-2.87180449E+2	3.19138616E+2	-1.11945118E+0
7.59955541E+2	6.62836871E+2	6.15976482E-7	1.38067361E+2	-2.69171892E+2	3.02516299E+2	-1.09685529E+0
8.14875417E+2	6.02020185E+2	5.97756808E-7	1.36984882E+2	-2.52394112E+2	2.87171813E+2	-1.07354255E+0
8.73764200E+2	5.48186250E+2	5.78651748E-7	1.35933044E+2	-2.36725203E+2	2.72977320E+2	-1.04954621E+0
9.36908711E+2	5.00634599E+2	5.58633384E-7	1.34923680E+2	-2.22132968E+2	2.59898936E+2	-1.02495303E+0
1.00461650E+3	4.58651045E+2	5.37819812E-7	1.33937398E+2	-2.08545659E+2	2.47851813E+2	-9.99892145E-1
1.07721735E+3	4.21531777E+2	5.16360254E-7	1.32960042E+2	-1.95878797E+2	2.36742218E+2	-9.74449377E-1
1.15506485E+3	3.88685259E+2	4.94340268E-7	1.32001291E+2	-1.84072300E+2	2.26510383E+2	-9.48674890E-1
1.23853818E+3	3.59660850E+2	4.71841266E-7	1.31069778E+2	-1.73093553E+2	2.17119013E+2	-9.22690860E-1
1.32804389E+3	3.33951168E+2	4.49086783E-7	1.30141117E+2	-1.62862107E+2	2.08472485E+2	-8.96611875E-1
1.42401793E+3	3.11249297E+2	4.26207221E-7	1.29213480E+2	-1.53367140E+2	2.00543272E+2	-8.70666196E-1
1.52692775E+3	2.91099118E+2	4.03370785E-7	1.28289760E+2	-1.44522566E+2	1.93248635E+2	-8.44829823E-1
1.63727458E+3	2.73147454E+2	3.80752358E-7	1.27360753E+2	-1.36262627E+2	1.86516126E+2	-8.19152728E-1
1.75559587E+3	2.57252157E+2	3.58528822E-7	1.26408701E+2	-1.28606960E+2	1.80330004E+2	-7.94018045E-1
1.88246790E+3	2.43085042E+2	3.36744022E-7	1.25468855E+2	-1.21479082E+2	1.74641351E+2	-7.69243235E-1
2.01850863E+3	2.30458164E+2	3.15658308E-7	1.24490178E+2	-1.14856315E+2	1.69380570E+2	-7.45169184E-1
2.16438064E+3	2.19135881E+2	2.95298978E-7	1.23497023E+2	-1.08678948E+2	1.64507230E+2	-7.21662004E-1
2.32079442E+3	2.09003837E+2	2.75735716E-7	1.22496688E+2	-1.02940947E+2	1.60007117E+2	-6.98869088E-1
2.48851178E+3	1.99875586E+2	2.57098359E-7	1.21461300E+2	-9.75925224E+1	1.55811259E+2	-6.76863278E-1
2.66834962E+3	1.91643547E+2	2.39377545E-7	1.20412225E+2	-9.26127492E+1	1.51908610E+2	-6.55632809E-1
2.86118383E+3	1.84156340E+2	2.22636785E-7	1.19328394E+2	-8.79534754E+1	1.48239941E+2	-6.35174947E-1
3.06795364E+3	1.77365989E+2	2.06842277E-7	1.18234314E+2	-8.36145465E+1	1.44812796E+2	-6.15537566E-1
3.28966612E+3	1.71140859E+2	1.92020506E-7	1.17108456E+2	-7.95465326E+1	1.41569918E+2	-5.96667211E-1
3.52740116E+3	1.65436592E+2	1.78143556E-7	1.15961496E+2	-7.57443450E+1	1.38507309E+2	-5.78611194E-1
3.78231664E+3	1.60167255E+2	1.65160824E-7	1.14797270E+2	-7.21688994E+1	1.35597801E+2	-5.61229689E-1
4.05565415E+3	1.55299131E+2	1.53033531E-7	1.13624986E+2	-6.88129599E+1	1.32837726E+2	-5.44537718E-1
4.34874501E+3	1.50758022E+2	1.41733689E-7	1.12432598E+2	-6.56431747E+1	1.30192611E+2	-5.28455882E-1
4.66301673E+3	1.46531342E+2	1.31228425E-7	1.11227451E+2	-6.26638761E+1	1.27664825E+2	-5.13061484E-1
5.00000000E+3	1.42553825E+2	1.21363726E-7	1.10044746E+2	-5.98118103E+1	1.25248949E+2	-4.97856590E-1
5.36133611E+3	1.38835810E+2	1.12274741E-7	1.08829121E+2	-5.71454387E+1	1.22920214E+2	-4.83520117E-1
5.74878498E+3	1.35301339E+2	1.03786986E-7	1.07614536E+2	-5.45848176E+1	1.20666445E+2	-4.69411143E-1
6.16423370E+3	1.31995730E+2	9.58612544E-8	1.06433333E+2	-5.21602427E+1	1.18527404E+2	-4.55675581E-1
6.60970574E+3	1.28843317E+2	8.84721470E-8	1.05254702E+2	-4.98278283E+1	1.16453274E+2	-4.42144029E-1
7.08737081E+3	1.25868514E+2	8.15839305E-8	1.04100188E+2	-4.76034313E+1	1.14468057E+2	-4.28895411E-1
7.59955541E+3	1.23040974E+2	7.51727197E-8	1.02958455E+2	-4.54715839E+1	1.12552692E+2	-4.15888264E-1
8.14875417E+3	1.20356719E+2	6.91756371E-8	1.01849250E+2	-4.34162595E+1	1.10716943E+2	-4.02954002E-1
8.73764200E+3	1.17829375E+2	6.35933167E-8	1.00775156E+2	-4.14565008E+1	1.08969141E+2	-3.90274813E-1
9.36908711E+3	1.15427345E+2	5.83900950E-8	9.97284478E+1	-3.95679988E+1	1.07291146E+2	-3.77707904E-1
1.00461650E+4	1.13154350E+2	5.35459900E-8	9.87152229E+1	-3.77539600E+1	1.05688490E+2	-3.65288980E-1
1.07721735E+4	1.11008768E+2	4.90269930E-8	9.77455609E+1	-3.60058264E+1	1.04166282E+2	-3.52939078E-1
1.15506485E+4	1.08980077E+2	4.48232622E-8	9.68124754E+1	-3.43216469E+1	1.02716264E+2	-3.40692997E-1
1.23853818E+4	1.07074896E+2	4.09277590E-8	9.59192288E+1	-3.27115083E+1	1.01343680E+2	-3.28663107E-1
1.32804389E+4	1.05262298E+2	3.73032349E-8	9.50573879E+1	-3.11456582E+1	1.00029791E+2	-3.16627860E-1
1.42401793E+4	1.03570212E+2	3.39540299E-8	9.42402557E+1	-2.96522717E+1	9.87951578E+1	-3.04838282E-1
1.52692775E+4	1.01975421E+2	3.08519708E-8	9.34604741E+1	-2.82100999E+1	9.76251560E+1	-2.93143943E-1
1.63727458E+4	1.00475064E+2	2.79887355E-8	9.27154697E+1	-2.68222433E+1	9.65173177E+1	-2.81608198E-1
1.75559587E+4	9.90723232E+1	2.53556479E-8	9.20077234E+1	-2.54950439E+1	9.54747028E+1	-2.70314518E-1
1.88246790E+4	9.77640515E+1	2.29265061E-8	9.13441273E+1	-2.42161497E+1	9.44995869E+1	-2.59147576E-1
2.01850863E+4	9.65385472E+1	2.06962601E-8	9.07137652E+1	-2.29866811E+1	9.35808478E+1	-2.48174160E-1
2.16438064E+4	9.53859108E+1	1.86517437E-8	9.01110335E+1	-2.18019402E+1	9.27109648E+1	-2.37383511E-1
2.32079442E+4	9.43124456E+1	1.67850710E-8	8.95411074E+1	-2.06695578E+1	9.18958149E+1	-2.26864853E-1
2.48851178E+4	9.33107035E+1	1.50786602E-8	8.90031047E+1	-1.95802853E+1	9.11314557E+1	-2.16546007E-1
2.66834962E+4	9.23803715E+1	1.35215983E-8	8.84988755E+1	-1.85339551E+1	9.04187977E+1	-2.06442252E-1
2.86118383E+4	9.15069131E+1	1.21157141E-8	8.80107296E+1	-1.75414027E+1	8.97417971E+1	-1.96731784E-1
3.06795364E+4	9.07111562E+1	1.08142698E-8	8.75794873E+1	-1.65610924E+1	8.91315687E+1	-1.86891076E-1
3.28966612E+4	8.99565889E+1	9.64835117E-9	8.71517261E+1	-1.56348516E+1	8.85430516E+1	-1.77509839E-1
3.52740116E+4	8.92582359E+1	8.59141713E-9	8.67522620E+1	-1.47444520E+1	8.79963287E+1	-1.68351700E-1
3.78231664E+4	8.86064733E+1	7.63510694E-9	8.63738321E+1	-1.38867464E+1	8.74830306E+1	-1.59410754E-1
4.05565415E+4	8.79998171E+1	6.77066373E-9	8.60169581E+1	-1.30598406E+1	8.70027389E+1	-1.50677898E-1
4.34874501E+4	8.74383343E+1	5.99005405E-9	8.56834444E+1	-1.22623396E+1	8.65564421E+1	-1.42146926E-1
4.66301673E+4	8.69161248E+1	5.28941659E-9	8.53673023E+1	-1.14986414E+1	8.61382325E+1	-1.33890240E-1
5.00000000E+4	8.64291010E+1	4.65816576E-9	8.50682292E+1	-1.07595032E+1	8.57459654E+1	-1.25812807E-1
5.36133611E+4	8.59747596E+1	4.08988397E-9	8.47851899E+1	-1.00428008E+1	8.53779030E+1	-1.17900593E-1
5.74878498E+4	8.55559926E+1	3.57953144E-9	8.45217234E+1	-9.34976898E+0	8.50372856E+1	-1.10171793E-1
6.16423370E+4	8.51637081E+1	3.12329769E-9	8.42693250E+1	-8.68153309E+0	8.47153362E+1	-1.02659107E-1
6.60970574E+4	8.47995738E+1	2.71281994E-9	8.40325636E+1	-8.02831199E+0	8.44151976E+1	-9.52490124E-2
7.08737081E+4	8.44613758E+1	2.34596060E-9	8.38088792E+1	-7.39492799E+0	8.41344950E+1	-8.80076889E-2
7.59955541E+4	8.41472021E+1	2.01783041E-9	8.35976873E+1	-6.77776714E+0	8.38719947E+1	-8.08990650E-2
8.14875417E+4	8.38548865E+1	1.72409275E-9	8.33979287E+1	-6.17327127E+0	8.36260955E+1	-7.38871248E-2
8.73764200E+4	8.35806891E+1	1.46236886E-9	8.32060359E+1	-5.58331084E+0	8.33931521E+1	-6.70017918E-2
9.36908711E+4	8.33241630E+1	1.22655618E-9	8.30236410E+1	-4.99502148E+0	8.31737663E+1	-6.00914080E-2
1.00461650E+5	8.30875074E+1	1.02067750E-9	8.28500949E+1	-4.43503863E+0	8.29687162E+1	-5.34798405E-2
1.07721735E+5	8.28679427E+1	8.31545557E-10	8.26880740E+1	-3.85654767E+0	8.27779595E+1	-4.66059337E-2
1.15506485E+5	8.26619388E+1	6.64094008E-10	8.25309416E+1	-3.28804782E+0	8.25964143E+1	-3.98191271E-2
1.23853818E+5	8.24711766E+1	5.15599310E-10	8.23809705E+1	-2.72603009E+0	8.24260612E+1	-3.30784630E-2
1.32804389E+5	8.22917631E+1	3.82701780E-10	8.22349686E+1	-2.16105315E+0	8.22633610E+1	-2.62729644E-2
1.42401793E+5	8.21258531E+1	2.64052652E-10	8.20949462E+1	-1.59287669E+0	8.21103982E+1	-1.94004254E-2
1.52692775E+5	8.19754436E+1	1.58555998E-10	8.19626981E+1	-1.02207090E+0	8.19690706E+1	-1.24693060E-2
1.63727458E+5	8.18341414E+1	6.42418372E-11	8.18317474E+1	-4.42563382E-1	8.18329444E+1	-5.40815992E-3
1.75559587E+5	8.17112393E+1	-1.91516738E-11	8.17109952E+1	1.41050130E-1	8.17111173E+1	1.72620567E-3
1.88246790E+5	8.16186776E+1	-9.85510377E-11	8.16047426E+1	7.76794090E-1	8.16117095E+1	9.51578017E-3
2.01850863E+5	8.14992293E+1	-1.61098633E-10	8.14766371E+1	1.35671560E+0	8.14879325E+1	1.66500539E-2
2.16438064E+5	8.14096585E+1	-2.20508618E-10	8.13611683E+1	1.98624156E+0	8.13854098E+1	2.44078032E-2
2.32079442E+5	8.13354076E+1	-2.73649777E-10	8.12498196E+1	2.63702220E+0	8.12926023E+1	3.24443373E-2
2.48851178E+5	8.12700377E+1	-3.21460869E-10	8.11346531E+1	3.31424422E+0	8.12023172E+1	4.08259920E-2
2.66834962E+5	8.12243874E+1	-3.63088919E-10	8.10262885E+1	4.00634132E+0	8.11252775E+1	4.94047222E-2
2.86118383E+5	8.11878789E+1	-4.01600689E-10	8.09098888E+1	4.74255980E+0	8.10487647E+1	5.85483414E-2
3.06795364E+5	8.11830591E+1	-4.34379299E-10	8.08096428E+1	5.49321228E+0	8.09961358E+1	6.78727709E-2
3.28966612E+5	8.11875385E+1	-4.63872660E-10	8.06985368E+1	6.28181885E+0	8.09426684E+1	7.76863767E-2
3.52740116E+5	8.12056982E+1	-4.90079942E-10	8.05787838E+1	7.10737847E+0	8.08916336E+1	8.79763465E-2
3.78231664E+5	8.12744821E+1	-5.14240081E-10	8.04804964E+1	7.99370940E+0	8.08765149E+1	9.90001069E-2
4.05565415E+5	8.13566656E+1	-5.31836576E-10	8.03794755E+1	8.86246929E+0	8.08665943E+1	1.09814575E-1
4.34874501E+5	8.14632384E+1	-5.51793298E-10	8.02524781E+1	9.85690203E+0	8.08555912E+1	1.22211465E-1
4.66301673E+5	8.16225215E+1	-5.68750755E-10	8.01398614E+1	1.09000434E+1	8.08777929E+1	1.35182996E-1
5.00000000E+5	8.17719025E+1	-5.82492391E-10	7.99809344E+1	1.19682082E+1	8.08714601E+1	1.48536318E-1
