Start time:20240908_14-09-28	sweep/start:500.000	sweep/stop:500000.000	sweep/samplecount:100.000	sweep/xmapping:1.000	sweep/scan:0.000	sweep/averaging/sample:10.000	sweep/settling/time:0.100	sweep/settling/inaccuracy:0.010	sweep/awgcontrol:0.000	sweep/averaging/time:0.100	sweep/averaging/tc:15.000	sweep/bandwidthcontrol:2.000	sweep/sincfilter:0.000	sweep/omegasuppression:80.000	sweep/maxbandwidth:100.000	sweep/bandwidth:1250000.000	sweep/order:8.000	sweep/bandwidthoverlap:1.000																				
Frequency	Param0		Param1		RealZ		ImagZ		AbsZ		PhaseZ		
5.00000000E+2	1.25007627E+3	7.07119726E-7	1.43491675E+2	-3.98478718E+2	4.23527088E+2	-1.22515328E+0
5.36133611E+2	1.12107857E+3	6.95000532E-7	1.42108985E+2	-3.72988195E+2	3.99143057E+2	-1.20677465E+0
5.74878498E+2	1.00719672E+3	6.82164352E-7	1.40687581E+2	-3.49151244E+2	3.76430145E+2	-1.18775659E+0
6.16423370E+2	9.05269108E+2	6.68305862E-7	1.39473018E+2	-3.26814279E+2	3.55331317E+2	-1.16743141E+0
6.60970574E+2	8.16592461E+2	6.53426663E-7	1.38159090E+2	-3.06155979E+2	3.35886083E+2	-1.14688651E+0
7.08737081E+2	7.36749272E+2	6.37605782E-7	1.37045138E+2	-2.86681593E+2	3.17754218E+2	-1.12487083E+0
7.59955541E+2	6.67407173E+2	6.20520554E-7	1.35914922E+2	-2.68770518E+2	3.01181814E+2	-1.10260605E+0
8.14875417E+2	6.05574926E+2	6.02545947E-7	1.34864070E+2	-2.51956105E+2	2.85780019E+2	-1.07933387E+0
8.73764200E+2	5.50715890E+2	5.83723545E-7	1.33840766E+2	-2.36209261E+2	2.71492510E+2	-1.05528309E+0
9.36908711E+2	5.02157321E+2	5.63868076E-7	1.32903471E+2	-2.21528966E+2	2.58337812E+2	-1.03042298E+0
1.00461650E+3	4.59592041E+2	5.43279686E-7	1.31914934E+2	-2.07907322E+2	2.46225544E+2	-1.00540245E+0
1.07721735E+3	4.21842209E+2	5.21871275E-7	1.30998539E+2	-1.95192409E+2	2.35075944E+2	-9.79713403E-1
1.15506485E+3	3.88479367E+2	4.99920204E-7	1.30074259E+2	-1.83335294E+2	2.24791349E+2	-9.53730643E-1
1.23853818E+3	3.59053489E+2	4.77419470E-7	1.29179345E+2	-1.72322306E+2	2.15365469E+2	-9.27526925E-1
1.32804389E+3	3.32954070E+2	4.54648394E-7	1.28279891E+2	-1.62035710E+2	2.06667137E+2	-9.01151263E-1
1.42401793E+3	3.09943053E+2	4.31539017E-7	1.27434777E+2	-1.52505382E+2	1.98739824E+2	-8.74716886E-1
1.52692775E+3	2.89532568E+2	4.08583510E-7	1.26537822E+2	-1.43614040E+2	1.91407462E+2	-8.48523869E-1
1.63727458E+3	2.71399534E+2	3.85666903E-7	1.25680929E+2	-1.35329381E+2	1.84688226E+2	-8.22347188E-1
1.75559587E+3	2.55323825E+2	3.63074828E-7	1.24813427E+2	-1.27630118E+2	1.78515658E+2	-7.96555399E-1
1.88246790E+3	2.41053117E+2	3.41004182E-7	1.23917021E+2	-1.20478848E+2	1.72831081E+2	-7.71331047E-1
2.01850863E+3	2.28356509E+2	3.19480822E-7	1.23028605E+2	-1.13834706E+2	1.67613784E+2	-7.46602436E-1
2.16438064E+3	2.16971187E+2	2.98742725E-7	1.22099118E+2	-1.07628027E+2	1.62763598E+2	-7.22488766E-1
2.32079442E+3	2.06778794E+2	2.78763494E-7	1.21170740E+2	-1.01848853E+2	1.58289414E+2	-6.98976353E-1
2.48851178E+3	1.97660223E+2	2.59761007E-7	1.20194428E+2	-9.64932876E+1	1.54135189E+2	-6.76452005E-1
2.66834962E+3	1.89446797E+2	2.41619353E-7	1.19227178E+2	-9.14990985E+1	1.50290406E+2	-6.54566392E-1
2.86118383E+3	1.81997410E+2	2.24487901E-7	1.18220797E+2	-8.68315631E+1	1.46682918E+2	-6.33498226E-1
3.06795364E+3	1.75257980E+2	2.08322892E-7	1.17204228E+2	-8.24872300E+1	1.43321232E+2	-6.13265434E-1
3.28966612E+3	1.69111113E+2	1.93131372E-7	1.16168806E+2	-7.84234886E+1	1.40162176E+2	-5.93806114E-1
3.52740116E+3	1.63475694E+2	1.78931517E-7	1.15100186E+2	-7.46192283E+1	1.37171727E+2	-5.75177858E-1
3.78231664E+3	1.58300624E+2	1.65692896E-7	1.14004144E+2	-7.10632205E+1	1.34338851E+2	-5.57403940E-1
4.05565415E+3	1.53521045E+2	1.53324825E-7	1.12901011E+2	-6.77203180E+1	1.31653640E+2	-5.40287352E-1
4.34874501E+3	1.49081059E+2	1.41821829E-7	1.11776024E+2	-6.45740452E+1	1.29087907E+2	-5.23867981E-1
4.66301673E+3	1.44971415E+2	1.31098764E-7	1.10659533E+2	-6.16192823E+1	1.26658868E+2	-5.08076910E-1
5.00000000E+3	1.41091031E+2	1.21105792E-7	1.09529413E+2	-5.87956148E+1	1.24312580E+2	-4.92653999E-1
5.36133611E+3	1.37487801E+2	1.11889055E-7	1.08382685E+2	-5.61648448E+1	1.22070868E+2	-4.78108190E-1
5.74878498E+3	1.34064398E+2	1.03289063E-7	1.07236327E+2	-5.36371443E+1	1.19902350E+2	-4.63789202E-1
6.16423370E+3	1.30858554E+2	9.53040016E-8	1.06103023E+2	-5.12507177E+1	1.17832457E+2	-4.49977957E-1
6.60970574E+3	1.27817964E+2	8.78558479E-8	1.04984388E+2	-4.89608876E+1	1.15839936E+2	-4.36378182E-1
7.08737081E+3	1.24939270E+2	8.09417580E-8	1.03873470E+2	-4.67779584E+1	1.13920479E+2	-4.23133264E-1
7.59955541E+3	1.22208112E+2	7.45079501E-8	1.02779268E+2	-4.46864852E+1	1.12073459E+2	-4.10126095E-1
8.14875417E+3	1.19617882E+2	6.85156651E-8	1.01708820E+2	-4.26791403E+1	1.10300469E+2	-3.97305645E-1
8.73764200E+3	1.17170033E+2	6.29412995E-8	1.00667779E+2	-4.07583740E+1	1.08605925E+2	-3.84706212E-1
9.36908711E+3	1.14841164E+2	5.77573488E-8	9.96484748E+1	-3.89092283E+1	1.06975450E+2	-3.72259507E-1
1.00461650E+4	1.12637942E+2	5.29405421E-8	9.86598741E+1	-3.71358878E+1	1.05417480E+2	-3.60000265E-1
1.07721735E+4	1.10554455E+2	4.84466282E-8	9.77134142E+1	-3.54223344E+1	1.03935813E+2	-3.47778044E-1
1.15506485E+4	1.08582515E+2	4.42836651E-8	9.67947558E+1	-3.37785902E+1	1.02519354E+2	-3.35758073E-1
1.23853818E+4	1.06728715E+2	4.04188698E-8	9.59190019E+1	-3.22002576E+1	1.01179601E+2	-3.23881370E-1
1.32804389E+4	1.04970884E+2	3.68385828E-8	9.50721108E+1	-3.06773039E+1	9.98989664E+1	-3.12126731E-1
1.42401793E+4	1.03312934E+2	3.35194371E-8	9.42632021E+1	-2.92071320E+1	9.86843858E+1	-3.00465709E-1
1.52692775E+4	1.01757393E+2	3.04584868E-8	9.34910048E+1	-2.77998494E+1	9.75366639E+1	-2.89026768E-1
1.63727458E+4	1.00296021E+2	2.76249132E-8	9.27601415E+1	-2.64391375E+1	9.64545128E+1	-2.77664071E-1
1.75559587E+4	9.89338518E+1	2.50187267E-8	9.20702992E+1	-2.51381909E+1	9.54403965E+1	-2.66536209E-1
1.88246790E+4	9.76568164E+1	2.26187623E-8	9.14168235E+1	-2.38838808E+1	9.44853211E+1	-2.55551221E-1
2.01850863E+4	9.64366911E+1	2.04264015E-8	9.07711991E+1	-2.26773719E+1	9.35610713E+1	-2.44818684E-1
2.16438064E+4	9.53157171E+1	1.84106696E-8	9.01799496E+1	-2.15207578E+1	9.27122783E+1	-2.34260913E-1
2.32079442E+4	9.42586653E+1	1.65656592E-8	8.96128319E+1	-2.04040666E+1	9.19063976E+1	-2.23874625E-1
2.48851178E+4	9.32731462E+1	1.48828499E-8	8.90766200E+1	-1.93341892E+1	9.11507352E+1	-2.13735904E-1
2.66834962E+4	9.23645856E+1	1.33490758E-8	8.85793582E+1	-1.83109895E+1	9.04521735E+1	-2.03847195E-1
2.86118383E+4	9.15030809E+1	1.19456576E-8	8.81011457E+1	-1.73122204E+1	8.97860023E+1	-1.94031720E-1
3.06795364E+4	9.07053745E+1	1.06830334E-8	8.76472766E+1	-1.63717349E+1	8.91632157E+1	-1.84663075E-1
3.28966612E+4	8.99681459E+1	9.52827308E-9	8.72295187E+1	-1.54560359E+1	8.85882501E+1	-1.75367993E-1
3.52740116E+4	8.92738069E+1	8.48428219E-9	8.68269834E+1	-1.45756719E+1	8.80418954E+1	-1.66319554E-1
3.78231664E+4	8.86328215E+1	7.54103050E-9	8.64516023E+1	-1.37320716E+1	8.75354182E+1	-1.57525132E-1
4.05565415E+4	8.80362756E+1	6.68925481E-9	8.60973969E+1	-1.29202291E+1	8.70614390E+1	-1.48953778E-1
4.34874501E+4	8.74826074E+1	5.91862590E-9	8.57659333E+1	-1.21339227E+1	8.66200177E+1	-1.40544436E-1
4.66301673E+4	8.69634957E+1	5.22577785E-9	8.54486271E+1	-1.13773173E+1	8.62027338E+1	-1.32369470E-1
5.00000000E+4	8.64783903E+1	4.60272263E-9	8.51469735E+1	-1.06473485E+1	8.58100997E+1	-1.24400983E-1
5.36133611E+4	8.60289594E+1	4.04183635E-9	8.48646196E+1	-9.94037980E+0	8.54448062E+1	-1.16600884E-1
5.74878498E+4	8.56120399E+1	3.53910400E-9	8.45987529E+1	-9.25865828E+0	8.51038883E+1	-1.09008183E-1
6.16423370E+4	8.52219237E+1	3.08607611E-9	8.43467334E+1	-8.59182025E+0	8.47831993E+1	-1.01512971E-1
6.60970574E+4	8.48593286E+1	2.68135767E-9	8.41082731E+1	-7.94794943E+0	8.44829662E+1	-9.42168619E-2
7.08737081E+4	8.45227805E+1	2.31735013E-9	8.38845997E+1	-7.31665695E+0	8.42030855E+1	-8.70026981E-2
7.59955541E+4	8.42092372E+1	1.99283732E-9	8.36719827E+1	-6.70470549E+0	8.39401801E+1	-7.99599819E-2
8.14875417E+4	8.39142408E+1	1.70312563E-9	8.34673267E+1	-6.10759121E+0	8.36904854E+1	-7.30432550E-2
8.73764200E+4	8.36446783E+1	1.44431151E-9	8.32783418E+1	-5.52338526E+0	8.34613091E+1	-6.62273967E-2
9.36908711E+4	8.33900033E+1	1.21014482E-9	8.30967484E+1	-4.93642415E+0	8.32432467E+1	-5.93360116E-2
1.00461650E+5	8.31456638E+1	1.00195808E-9	8.29163758E+1	-4.36023288E+0	8.30309406E+1	-5.25375134E-2
1.07721735E+5	8.29288494E+1	8.18455360E-10	8.27542027E+1	-3.80166573E+0	8.28414801E+1	-4.59069689E-2
1.15506485E+5	8.27227976E+1	6.53653019E-10	8.25956004E+1	-3.24127329E+0	8.26591745E+1	-3.92225603E-2
1.23853818E+5	8.25365739E+1	5.06295343E-10	8.24493833E+1	-2.68118639E+0	8.24929671E+1	-3.25077263E-2
1.32804389E+5	8.23595395E+1	3.74676242E-10	8.23049661E+1	-2.11928049E+0	8.23322483E+1	-2.57434303E-2
1.42401793E+5	8.21936410E+1	2.56724949E-10	8.21643523E+1	-1.55126141E+0	8.21789953E+1	-1.88777396E-2
1.52692775E+5	8.20447806E+1	1.52588900E-10	8.20329461E+1	-9.85282377E-1	8.20388631E+1	-1.20102334E-2
1.63727458E+5	8.19044006E+1	5.93008249E-11	8.19023547E+1	-4.09228706E-1	8.19033776E+1	-4.99650026E-3
1.75559587E+5	8.17793029E+1	-2.40258743E-11	8.17789171E+1	1.77243536E-1	8.17791100E+1	2.16734154E-3
1.88246790E+5	8.17090783E+1	-9.50657072E-11	8.16948324E+1	7.50070374E-1	8.17019547E+1	9.18382558E-3
2.01850863E+5	8.15642914E+1	-1.64915705E-10	8.15405597E+1	1.39106112E+0	8.15524247E+1	1.70580905E-2
2.16438064E+5	8.14752518E+1	-2.23604092E-10	8.14252708E+1	2.01733605E+0	8.14502575E+1	2.47702371E-2
2.32079442E+5	8.13983680E+1	-2.76954941E-10	8.13104978E+1	2.67293343E+0	8.13544211E+1	3.28613248E-2
2.48851178E+5	8.13469014E+1	-3.22886687E-10	8.12099258E+1	3.33518074E+0	8.12783847E+1	4.10455892E-2
2.66834962E+5	8.12887904E+1	-3.64035727E-10	8.10891843E+1	4.02309432E+0	8.11889260E+1	4.95725551E-2
2.86118383E+5	8.12649077E+1	-4.02476644E-10	8.09849158E+1	4.76182439E+0	8.11247910E+1	5.87312899E-2
3.06795364E+5	8.12561754E+1	-4.35257999E-10	8.08802407E+1	5.51409256E+0	8.10679901E+1	6.80706948E-2
3.28966612E+5	8.12595391E+1	-4.64868002E-10	8.07671447E+1	6.30623706E+0	8.10129678E+1	7.79211569E-2
3.52740116E+5	8.12760478E+1	-4.91785821E-10	8.06431704E+1	7.14398667E+0	8.09589907E+1	8.83569901E-2
3.78231664E+5	8.13363955E+1	-5.14807831E-10	8.05388661E+1	8.01444106E+0	8.09366484E+1	9.91837141E-2
4.05565415E+5	8.14670446E+1	-5.36133957E-10	8.04701135E+1	8.95631133E+0	8.09670441E+1	1.10843818E-1
4.34874501E+5	8.15282361E+1	-5.54627869E-10	8.03022901E+1	9.92159888E+0	8.09129405E+1	1.22930054E-1
4.66301673E+5	8.16156987E+1	-5.69695054E-10	8.01285748E+1	1.09156588E+1	8.08687174E+1	1.35393347E-1
NaN	NaN	NaN	NaN	NaN	NaN	NaN
