Start time:20240905_10-07-38	sweep/start:500.000	sweep/stop:500000.000	sweep/samplecount:100.000	sweep/xmapping:1.000	sweep/scan:0.000	sweep/averaging/sample:10.000	sweep/settling/time:0.100	sweep/settling/inaccuracy:0.010	sweep/awgcontrol:0.000	sweep/averaging/time:0.100	sweep/averaging/tc:15.000	sweep/bandwidthcontrol:2.000	sweep/sincfilter:0.000	sweep/omegasuppression:80.000	sweep/maxbandwidth:100.000	sweep/bandwidth:1250000.000	sweep/order:8.000	sweep/bandwidthoverlap:1.000																				
Frequency	Param0		Param1		RealZ		ImagZ		AbsZ		PhaseZ		
5.00000000E+2	1.10641453E+3	6.65466834E-7	1.74227234E+2	-4.03003262E+2	4.39052254E+2	-1.16274013E+0
5.36133611E+2	1.00000374E+3	6.49980643E-7	1.72589263E+2	-3.77892290E+2	4.15439146E+2	-1.14237181E+0
5.74878498E+2	9.05265165E+2	6.33520104E-7	1.71087252E+2	-3.54412574E+2	3.93546897E+2	-1.12105611E+0
6.16423370E+2	8.21786499E+2	6.16360334E-7	1.69488807E+2	-3.32501004E+2	3.73206944E+2	-1.09938773E+0
6.60970574E+2	7.47958651E+2	5.98021358E-7	1.68052656E+2	-3.12177053E+2	3.54536683E+2	-1.07696093E+0
7.08737081E+2	6.82644886E+2	5.78924005E-7	1.66614546E+2	-2.93220182E+2	3.37251395E+2	-1.05406993E+0
7.59955541E+2	6.24434124E+2	5.59120322E-7	1.65229215E+2	-2.75452179E+2	3.21208094E+2	-1.03048918E+0
8.14875417E+2	5.73536284E+2	5.38427334E-7	1.63873449E+2	-2.59099954E+2	3.06573507E+2	-1.00684199E+0
8.73764200E+2	5.28247876E+2	5.17382984E-7	1.62469062E+2	-2.43777905E+2	2.92957140E+2	-9.82934411E-1
9.36908711E+2	4.88353790E+2	4.95716889E-7	1.61124478E+2	-2.29618363E+2	2.80509732E+2	-9.58926550E-1
1.00461650E+3	4.52825410E+2	4.73854210E-7	1.59756446E+2	-2.16378377E+2	2.68964204E+2	-9.34812489E-1
1.07721735E+3	4.21328221E+2	4.51854198E-7	1.58372252E+2	-2.04070812E+2	2.58315076E+2	-9.10821163E-1
1.15506485E+3	3.93340657E+2	4.29747028E-7	1.57022393E+2	-1.92632396E+2	2.48522192E+2	-8.86891552E-1
1.23853818E+3	3.68500336E+2	4.07783094E-7	1.55652600E+2	-1.82017278E+2	2.39495360E+2	-8.63318367E-1
1.32804389E+3	3.46357896E+2	3.86230480E-7	1.54209060E+2	-1.72136788E+2	2.31109316E+2	-8.40277750E-1
1.42401793E+3	3.26661779E+2	3.65049768E-7	1.52760548E+2	-1.62988447E+2	2.23385374E+2	-8.17779326E-1
1.52692775E+3	3.08983761E+2	3.44407546E-7	1.51288400E+2	-1.54458630E+2	2.16207432E+2	-7.95766622E-1
1.63727458E+3	2.93148843E+2	3.24335197E-7	1.49819395E+2	-1.46538464E+2	2.09569506E+2	-7.74327768E-1
1.75559587E+3	2.78949302E+2	3.05101177E-7	1.48271024E+2	-1.39196974E+2	2.03371819E+2	-7.53843230E-1
1.88246790E+3	2.66060941E+2	2.86677191E-7	1.46680107E+2	-1.32328333E+2	1.97549601E+2	-7.34004973E-1
2.01850863E+3	2.54410432E+2	2.69122746E-7	1.45042940E+2	-1.25948315E+2	1.92094860E+2	-7.15052274E-1
2.16438064E+3	2.43796613E+2	2.52379052E-7	1.43397408E+2	-1.19987422E+2	1.86975401E+2	-6.96749812E-1
2.32079442E+3	2.34145254E+2	2.36534053E-7	1.41715919E+2	-1.14449568E+2	1.82159567E+2	-6.79357046E-1
2.48851178E+3	2.25231950E+2	2.21645716E-7	1.39958093E+2	-1.09246334E+2	1.77547268E+2	-6.62777231E-1
2.66834962E+3	2.17005688E+2	2.07653936E-7	1.38151655E+2	-1.04373426E+2	1.73146452E+2	-6.47011138E-1
2.86118383E+3	2.09429098E+2	1.94452255E-7	1.36348544E+2	-9.98219619E+1	1.68983288E+2	-6.31952023E-1
3.06795364E+3	2.02371091E+2	1.82076933E-7	1.34510224E+2	-9.55404547E+1	1.64987818E+2	-6.17594671E-1
3.28966612E+3	1.95711187E+2	1.70510271E-7	1.32616447E+2	-9.14734823E+1	1.61104070E+2	-6.03820187E-1
3.52740116E+3	1.89489979E+2	1.59606814E-7	1.30745076E+2	-8.76390611E+1	1.57400385E+2	-5.90517126E-1
3.78231664E+3	1.83603315E+2	1.49415295E-7	1.28841090E+2	-8.39977558E+1	1.53803936E+2	-5.77743778E-1
4.05565415E+3	1.78008811E+2	1.39871542E-7	1.26917679E+2	-8.05255572E+1	1.50307899E+2	-5.65380772E-1
4.34874501E+3	1.72716285E+2	1.30907188E-7	1.25005997E+2	-7.72274002E+1	1.46937303E+2	-5.53397475E-1
4.66301673E+3	1.67689904E+2	1.22431577E-7	1.23136473E+2	-7.40685588E+1	1.43696705E+2	-5.41533456E-1
5.00000000E+3	1.62895731E+2	1.14468291E-7	1.21278478E+2	-7.10441815E+1	1.40555135E+2	-5.29908259E-1
5.36133611E+3	1.58278983E+2	1.07003111E-7	1.19411173E+2	-6.81267232E+1	1.37478285E+2	-5.18462576E-1
5.74878498E+3	1.53864253E+2	9.99498553E-8	1.17582109E+2	-6.53156215E+1	1.34505328E+2	-5.07047993E-1
6.16423370E+3	1.49666299E+2	9.32671771E-8	1.15814204E+2	-6.26143156E+1	1.31656687E+2	-4.95632133E-1
6.60970574E+3	1.45651548E+2	8.69579498E-8	1.14086466E+2	-6.00095688E+1	1.28906440E+2	-4.84231211E-1
7.08737081E+3	1.41808357E+2	8.09877229E-8	1.12407099E+2	-5.74883394E+1	1.26254765E+2	-4.72749575E-1
7.59955541E+3	1.38124887E+2	7.53503772E-8	1.10768075E+2	-5.50478072E+1	1.23692473E+2	-4.61216303E-1
8.14875417E+3	1.34624300E+2	7.00254757E-8	1.09186946E+2	-5.27012950E+1	1.21240324E+2	-4.49687989E-1
8.73764200E+3	1.31288688E+2	6.49769755E-8	1.07671747E+2	-5.04269469E+1	1.18895258E+2	-4.38000063E-1
9.36908711E+3	1.28111757E+2	6.02139870E-8	1.06209435E+2	-4.82310383E+1	1.16647663E+2	-4.26268664E-1
1.00461650E+4	1.25087293E+2	5.56991486E-8	1.04814824E+2	-4.60961478E+1	1.14503286E+2	-4.14328012E-1
1.07721735E+4	1.22237212E+2	5.14597749E-8	1.03480102E+2	-4.40566385E+1	1.12468303E+2	-4.02505614E-1
1.15506485E+4	1.19519901E+2	4.74723030E-8	1.02191847E+2	-4.20807039E+1	1.10516783E+2	-3.90621338E-1
1.23853818E+4	1.16960018E+2	4.36982297E-8	1.00985105E+2	-4.01650071E+1	1.08679435E+2	-3.78549669E-1
1.32804389E+4	1.14532218E+2	4.01794702E-8	9.98144542E+1	-3.83281272E+1	1.06920395E+2	-3.66632200E-1
1.42401793E+4	1.12249337E+2	3.68658902E-8	9.87162629E+1	-3.65504331E+1	1.05265545E+2	-3.54606363E-1
1.52692775E+4	1.10095131E+2	3.37784250E-8	9.76630811E+1	-3.48446580E+1	1.03692958E+2	-3.42705963E-1
1.63727458E+4	1.08056680E+2	3.08839329E-8	9.66637500E+1	-3.31855609E+1	1.02201584E+2	-3.30701868E-1
1.75559587E+4	1.06170564E+2	2.82061792E-8	9.57250139E+1	-3.16211910E+1	1.00812592E+2	-3.19048387E-1
1.88246790E+4	1.04379352E+2	2.57038192E-8	9.48297739E+1	-3.00929220E+1	9.94900512E+1	-3.07284746E-1
2.01850863E+4	1.02691759E+2	2.33785722E-8	9.39789364E+1	-2.86150519E+1	9.82388021E+1	-2.95565170E-1
2.16438064E+4	1.01128029E+2	2.12309014E-8	9.31838726E+1	-2.72078502E+1	9.70747204E+1	-2.84083082E-1
2.32079442E+4	9.96517476E+1	1.92427494E-8	9.24252475E+1	-2.58439682E+1	9.59705028E+1	-2.72656492E-1
2.48851178E+4	9.82749631E+1	1.74124793E-8	9.17095458E+1	-2.45379104E+1	9.49355153E+1	-2.61437245E-1
2.66834962E+4	9.69877019E+1	1.57377878E-8	9.10264977E+1	-2.32943550E+1	9.39598361E+1	-2.50530819E-1
2.86118383E+4	9.57885195E+1	1.41805084E-8	9.03981098E+1	-2.20744604E+1	9.30542908E+1	-2.39504549E-1
3.06795364E+4	9.46567658E+1	1.27690664E-8	8.97829089E+1	-2.09186257E+1	9.21876335E+1	-2.28907414E-1
3.28966612E+4	9.36136947E+1	1.14731918E-8	8.92166898E+1	-1.98062129E+1	9.13887518E+1	-2.18458319E-1
3.52740116E+4	9.26342324E+1	1.02876081E-8	8.86782140E+1	-1.87299916E+1	9.06346417E+1	-2.08153675E-1
3.78231664E+4	9.17258345E+1	9.20958426E-9	8.81722159E+1	-1.77011389E+1	8.99314744E+1	-1.98122784E-1
4.05565415E+4	9.08735379E+1	8.22556968E-9	8.76919198E+1	-1.67033573E+1	8.92685554E+1	-1.88222986E-1
4.34874501E+4	9.00916247E+1	7.33284343E-9	8.72487316E+1	-1.57492457E+1	8.86587840E+1	-1.78586636E-1
4.66301673E+4	8.93517712E+1	6.52007511E-9	8.68222611E+1	-1.48195047E+1	8.80779360E+1	-1.69058607E-1
5.00000000E+4	8.86627163E+1	5.78655341E-9	8.64176740E+1	-1.39287918E+1	8.75329979E+1	-1.59805494E-1
5.36133611E+4	8.80278415E+1	5.12407116E-9	8.60413636E+1	-1.30736059E+1	8.70289349E+1	-1.50792181E-1
5.74878498E+4	8.74273641E+1	4.52496912E-9	8.56778929E+1	-1.22429960E+1	8.65482082E+1	-1.41934767E-1
6.16423370E+4	8.68703680E+1	3.98123399E-9	8.53391210E+1	-1.14313231E+1	8.61013405E+1	-1.33159079E-1
6.60970574E+4	8.63548515E+1	3.49279035E-9	8.50208140E+1	-1.06499241E+1	8.56852366E+1	-1.24613498E-1
7.08737081E+4	8.58740049E+1	3.05545861E-9	8.47174156E+1	-9.89864680E+0	8.52937498E+1	-1.16315705E-1
7.59955541E+4	8.54312447E+1	2.65822114E-9	8.44383755E+1	-9.15621066E+0	8.49333592E+1	-1.08014558E-1
8.14875417E+4	8.50128129E+1	2.30361052E-9	8.41666205E+1	-8.43926036E+0	8.45886586E+1	-9.99344846E-2
8.73764200E+4	8.46215633E+1	1.98493147E-9	8.39080436E+1	-7.73756464E+0	8.42640482E+1	-9.19547520E-2
9.36908711E+4	8.42639381E+1	1.69801528E-9	8.36703381E+1	-7.04745055E+0	8.39666135E+1	-8.40304343E-2
1.00461650E+5	8.39357131E+1	1.43975315E-9	8.34501364E+1	-6.36563968E+0	8.36925726E+1	-7.61333190E-2
1.07721735E+5	8.36174372E+1	1.21111097E-9	8.32264254E+1	-5.70460073E+0	8.34217022E+1	-6.84361000E-2
1.15506485E+5	8.33254919E+1	1.00635118E-9	8.30180233E+1	-5.05226439E+0	8.31716155E+1	-6.07824756E-2
1.23853818E+5	8.30573684E+1	8.21326374E-10	8.28239562E+1	-4.39682479E+0	8.29405802E+1	-5.30366053E-2
1.32804389E+5	8.28100023E+1	6.57526485E-10	8.26394039E+1	-3.75470014E+0	8.27246591E+1	-4.54035304E-2
1.42401793E+5	8.25766890E+1	5.08895098E-10	8.24601132E+1	-3.10045153E+0	8.25183805E+1	-3.75817074E-2
1.52692775E+5	8.23586195E+1	3.76999254E-10	8.22856024E+1	-2.45116069E+0	8.23221029E+1	-2.97796445E-2
1.63727458E+5	8.21602889E+1	2.59266417E-10	8.21208542E+1	-1.79954648E+0	8.21405692E+1	-2.19098855E-2
1.75559587E+5	8.19821501E+1	1.54104751E-10	8.19662304E+1	-1.14228564E+0	8.19741899E+1	-1.39351497E-2
1.88246790E+5	8.18028396E+1	6.00656000E-11	8.17974042E+1	-4.75384632E-1	8.18001218E+1	-5.81154570E-3
2.01850863E+5	8.16689097E+1	-2.38079851E-11	8.16684119E+1	2.01392439E-1	8.16686608E+1	2.46597451E-3
2.16438064E+5	8.15380755E+1	-9.80478779E-11	8.15284373E+1	8.86382616E-1	8.15332562E+1	1.08716390E-2
2.32079442E+5	8.14201768E+1	-1.65317906E-10	8.13888199E+1	1.59747243E+0	8.14044968E+1	1.96251408E-2
2.48851178E+5	8.13210850E+1	-2.24801793E-10	8.12546912E+1	2.32258132E+0	8.12878813E+1	2.85761851E-2
2.66834962E+5	8.12454636E+1	-2.78524103E-10	8.11286835E+1	3.07793213E+0	8.11870526E+1	3.79206966E-2
2.86118383E+5	8.11847857E+1	-3.25074287E-10	8.10024439E+1	3.84309350E+0	8.10935635E+1	4.74086185E-2
3.06795364E+5	8.11238082E+1	-3.67859970E-10	8.08562318E+1	4.65127562E+0	8.09899095E+1	5.74619886E-2
3.28966612E+5	8.11029588E+1	-4.04360042E-10	8.07319962E+1	5.47245078E+0	8.09172649E+1	6.76818940E-2
3.52740116E+5	8.11259352E+1	-4.38273075E-10	8.06252502E+1	6.35345280E+0	8.08752052E+1	7.86397997E-2
3.78231664E+5	8.11381111E+1	-4.67948961E-10	8.04828242E+1	7.26212798E+0	8.08098034E+1	8.99883636E-2
4.05565415E+5	8.12536299E+1	-4.93695585E-10	8.04132742E+1	8.22000341E+0	8.08323595E+1	1.01867918E-1
4.34874501E+5	8.12839065E+1	-5.15910311E-10	8.02304350E+1	9.19316210E+0	8.07554525E+1	1.14086436E-1
4.66301673E+5	8.14144763E+1	-5.38136544E-10	8.00945501E+1	1.02812674E+1	8.07518149E+1	1.27665387E-1
5.00000000E+5	8.15591701E+1	-5.56512161E-10	7.99337884E+1	1.13978915E+1	8.07423881E+1	1.41637229E-1
