Start time:20240905_15-51-04	sweep/start:500.000	sweep/stop:500000.000	sweep/samplecount:100.000	sweep/xmapping:1.000	sweep/scan:0.000	sweep/averaging/sample:10.000	sweep/settling/time:0.100	sweep/settling/inaccuracy:0.010	sweep/awgcontrol:0.000	sweep/averaging/time:0.100	sweep/averaging/tc:15.000	sweep/bandwidthcontrol:2.000	sweep/sincfilter:0.000	sweep/omegasuppression:80.000	sweep/maxbandwidth:100.000	sweep/bandwidth:1250000.000	sweep/order:8.000	sweep/bandwidthoverlap:1.000																				
Frequency	Param0		Param1		RealZ		ImagZ		AbsZ		PhaseZ		
5.00000000E+2	1.11814836E+3	6.60583191E-7	1.75132501E+2	-4.06389145E+2	4.42519629E+2	-1.16389880E+0
5.36133611E+2	1.01132851E+3	6.45248139E-7	1.73404976E+2	-3.81181795E+2	4.18770750E+2	-1.14386317E+0
5.74878498E+2	9.16392380E+2	6.29055411E-7	1.71749605E+2	-3.57619789E+2	3.96723929E+2	-1.12306700E+0
6.16423370E+2	8.31890980E+2	6.11761110E-7	1.70287864E+2	-3.35652615E+2	3.76378396E+2	-1.10129911E+0
6.60970574E+2	7.57441758E+2	5.94062451E-7	1.68616514E+2	-3.15096003E+2	3.57375233E+2	-1.07944327E+0
7.08737081E+2	6.91242513E+2	5.74782346E-7	1.67355567E+2	-2.96100016E+2	3.40122255E+2	-1.05635861E+0
7.59955541E+2	6.32865002E+2	5.55379084E-7	1.65815686E+2	-2.78287638E+2	3.23942704E+2	-1.03343919E+0
8.14875417E+2	5.81181764E+2	5.35195201E-7	1.64350180E+2	-2.61737016E+2	3.09058683E+2	-1.01009924E+0
8.73764200E+2	5.35548551E+2	5.14397418E-7	1.62909144E+2	-2.46386473E+2	2.95373840E+2	-9.86592415E-1
9.36908711E+2	4.94961011E+2	4.93072339E-7	1.61538861E+2	-2.32078799E+2	2.82763848E+2	-9.62725118E-1
1.00461650E+3	4.59044342E+2	4.71536594E-7	1.60123673E+2	-2.18778915E+2	2.71115890E+2	-9.38982034E-1
1.07721735E+3	4.27235802E+2	4.49938395E-7	1.58658111E+2	-2.06426723E+2	2.60354378E+2	-9.15501633E-1
1.15506485E+3	3.98945343E+2	4.28292299E-7	1.57205660E+2	-1.94943129E+2	2.50432530E+2	-8.92154169E-1
1.23853818E+3	3.73781464E+2	4.06730773E-7	1.55763179E+2	-1.84280236E+2	2.41291069E+2	-8.69065373E-1
1.32804389E+3	3.51200727E+2	3.85437510E-7	1.54315551E+2	-1.74305560E+2	2.32799752E+2	-8.46153283E-1
1.42401793E+3	3.31198922E+2	3.64646465E-7	1.52791732E+2	-1.65103400E+2	2.24954331E+2	-8.24107505E-1
1.52692775E+3	3.13180686E+2	3.44368117E-7	1.51250232E+2	-1.56499230E+2	2.17643393E+2	-8.02452599E-1
1.63727458E+3	2.97006702E+2	3.24739562E-7	1.49664947E+2	-1.48498777E+2	2.10835215E+2	-7.81486986E-1
1.75559587E+3	2.82548896E+2	3.05904579E-7	1.48008177E+2	-1.41113850E+2	2.04498272E+2	-7.61556962E-1
1.88246790E+3	2.69423134E+2	2.87713604E-7	1.46375410E+2	-1.34205652E+2	1.98587310E+2	-7.42051925E-1
2.01850863E+3	2.57480941E+2	2.70421577E-7	1.44666930E+2	-1.27751527E+2	1.92999937E+2	-7.23384345E-1
2.16438064E+3	2.46606669E+2	2.54058119E-7	1.42882236E+2	-1.21738959E+2	1.87711775E+2	-7.05667391E-1
2.32079442E+3	2.36661974E+2	2.38481628E-7	1.41094511E+2	-1.16120799E+2	1.82733970E+2	-6.88608915E-1
2.48851178E+3	2.27495506E+2	2.23731525E-7	1.39282116E+2	-1.10844689E+2	1.78005771E+2	-6.72192212E-1
2.66834962E+3	2.19064936E+2	2.09856267E-7	1.37425249E+2	-1.05921447E+2	1.73508077E+2	-6.56653658E-1
2.86118383E+3	2.11178054E+2	1.96801563E-7	1.35525123E+2	-1.01256460E+2	1.69174262E+2	-6.41669228E-1
3.06795364E+3	2.03870855E+2	1.84528990E-7	1.33607628E+2	-9.68901490E+1	1.65041512E+2	-6.27428963E-1
3.28966612E+3	1.96982798E+2	1.72987359E-7	1.31666252E+2	-9.27360958E+1	1.61046534E+2	-6.13624091E-1
3.52740116E+3	1.90513621E+2	1.62115676E-7	1.29727575E+2	-8.88010396E+1	1.57209636E+2	-6.00260546E-1
3.78231664E+3	1.84404901E+2	1.51943715E-7	1.27758189E+2	-8.50710288E+1	1.53490182E+2	-5.87454560E-1
4.05565415E+3	1.78628262E+2	1.42336157E-7	1.25814842E+2	-8.15150901E+1	1.49913595E+2	-5.74895595E-1
4.34874501E+3	1.73121630E+2	1.33324618E-7	1.23857297E+2	-7.81136731E+1	1.46432158E+2	-5.62669651E-1
4.66301673E+3	1.67882088E+2	1.24790737E-7	1.21939804E+2	-7.48477920E+1	1.43078680E+2	-5.50511619E-1
5.00000000E+3	1.62899724E+2	1.16719534E-7	1.20061506E+2	-7.17162436E+1	1.39849869E+2	-5.38453360E-1
5.36133611E+3	1.58122916E+2	1.09145288E-7	1.18179337E+2	-6.87059314E+1	1.36699894E+2	-5.26608396E-1
5.74878498E+3	1.53577534E+2	1.01950329E-7	1.16359957E+2	-6.58075595E+1	1.33679748E+2	-5.14704569E-1
6.16423370E+3	1.49244646E+2	9.51510999E-8	1.14582135E+2	-6.30214558E+1	1.30769913E+2	-5.02851799E-1
6.60970574E+3	1.45100056E+2	8.87003941E-8	1.12856850E+2	-6.03230139E+1	1.27966930E+2	-4.90872275E-1
7.08737081E+3	1.41156819E+2	8.25979556E-8	1.11184702E+2	-5.77272932E+1	1.25277607E+2	-4.78890761E-1
7.59955541E+3	1.37402134E+2	7.68115812E-8	1.09574002E+2	-5.52199180E+1	1.22701678E+2	-4.66803333E-1
8.14875417E+3	1.33813083E+2	7.13389060E-8	1.08010737E+2	-5.27913820E+1	1.20221669E+2	-4.54615644E-1
8.73764200E+3	1.30430358E+2	6.61368555E-8	1.06536281E+2	-5.04537984E+1	1.17879452E+2	-4.42291760E-1
9.36908711E+3	1.27204602E+2	6.12503512E-8	1.05095916E+2	-4.82030333E+1	1.15623026E+2	-4.30030169E-1
1.00461650E+4	1.24153046E+2	5.66199635E-8	1.03730072E+2	-4.60269086E+1	1.13483058E+2	-4.17617616E-1
1.07721735E+4	1.21259483E+2	5.22542132E-8	1.02421602E+2	-4.39250021E+1	1.11443216E+2	-4.05139460E-1
1.15506485E+4	1.18532123E+2	4.81384756E-8	1.01180977E+2	-4.18999481E+1	1.09513451E+2	-3.92609787E-1
1.23853818E+4	1.15963580E+2	4.42691748E-8	1.00003348E+2	-3.99509243E+1	1.07688190E+2	-3.80071706E-1
1.32804389E+4	1.13538501E+2	4.06407125E-8	9.88796313E+1	-3.80718175E+1	1.05955864E+2	-3.67536663E-1
1.42401793E+4	1.11264050E+2	3.72494341E-8	9.78135391E+1	-3.62717770E+1	1.04322244E+2	-3.55106023E-1
1.52692775E+4	1.09122315E+2	3.40669122E-8	9.68082294E+1	-3.45268500E+1	1.02781019E+2	-3.42588541E-1
1.63727458E+4	1.07106285E+2	3.11186651E-8	9.58390411E+1	-3.28609151E+1	1.01316156E+2	-3.30314318E-1
1.75559587E+4	1.05229500E+2	2.83646606E-8	9.49379870E+1	-3.12578749E+1	9.99513723E+1	-3.18066735E-1
1.88246790E+4	1.03460285E+2	2.58193031E-8	9.40695258E+1	-2.97217642E+1	9.86532303E+1	-3.06029639E-1
2.01850863E+4	1.01820235E+2	2.34381048E-8	9.32754363E+1	-2.82315269E+1	9.74542290E+1	-2.93903055E-1
2.16438064E+4	1.00275832E+2	2.12526656E-8	9.25059218E+1	-2.68097470E+1	9.63125549E+1	-2.82088195E-1
2.32079442E+4	9.88325794E+1	1.92299909E-8	9.17831341E+1	-2.54365767E+1	9.52426576E+1	-2.70352609E-1
2.48851178E+4	9.74854955E+1	1.73751298E-8	9.10958651E+1	-2.41260361E+1	9.42365392E+1	-2.58898406E-1
2.66834962E+4	9.62439039E+1	1.56635774E-8	9.04648876E+1	-2.28647657E+1	9.33096668E+1	-2.47562796E-1
2.86118383E+4	9.50671666E+1	1.40960794E-8	8.98523476E+1	-2.16463126E+1	9.24229844E+1	-2.36405058E-1
3.06795364E+4	9.39879937E+1	1.26699860E-8	8.92833682E+1	-2.04949913E+1	9.16054837E+1	-2.25640891E-1
3.28966612E+4	9.29791491E+1	1.13622515E-8	8.87474076E+1	-1.93792665E+1	9.08386396E+1	-2.14989592E-1
3.52740116E+4	9.20376000E+1	1.01692124E-8	8.82405781E+1	-1.83044065E+1	9.01190936E+1	-2.04536687E-1
3.78231664E+4	9.11621814E+1	9.08461500E-9	8.77625834E+1	-1.72730244E+1	8.94462327E+1	-1.94331537E-1
4.05565415E+4	9.03502267E+1	8.10225756E-9	8.73119590E+1	-1.62873261E+1	8.88181022E+1	-1.84422091E-1
4.34874501E+4	8.95955571E+1	7.20950950E-9	8.68888802E+1	-1.53355805E+1	8.82318402E+1	-1.74697293E-1
4.66301673E+4	8.88937407E+1	6.40038120E-9	8.64903967E+1	-1.44175594E+1	8.76838348E+1	-1.65176725E-1
5.00000000E+4	8.82393638E+1	5.67069545E-9	8.61114297E+1	-1.35365924E+1	8.71689037E+1	-1.55922559E-1
5.36133611E+4	8.76353150E+1	5.01024927E-9	8.57591819E+1	-1.26844609E+1	8.66921734E+1	-1.46843263E-1
5.74878498E+4	8.70702631E+1	4.41523567E-9	8.54231063E+1	-1.18619215E+1	8.62427524E+1	-1.37978472E-1
6.16423370E+4	8.65468514E+1	3.87843124E-9	8.51083668E+1	-1.10646732E+1	8.58245954E+1	-1.29281769E-1
6.60970574E+4	8.60590369E+1	3.39722478E-9	8.48087594E+1	-1.02973024E+1	8.54316110E+1	-1.20826473E-1
7.08737081E+4	8.56033804E+1	2.96286085E-9	8.45251279E+1	-9.54669452E+0	8.50625457E+1	-1.12468425E-1
7.59955541E+4	8.51880936E+1	2.57445028E-9	8.42640223E+1	-8.82416512E+0	8.47247981E+1	-1.04340136E-1
8.14875417E+4	8.47960321E+1	2.22495500E-9	8.40121009E+1	-8.11539538E+0	8.44031564E+1	-9.62991485E-2
8.73764200E+4	8.44290526E+1	1.91088146E-9	8.37718507E+1	-7.41989820E+0	8.40998097E+1	-8.83421465E-2
9.36908711E+4	8.40860833E+1	1.63111748E-9	8.35414838E+1	-6.74510457E+0	8.38133412E+1	-8.05648219E-2
1.00461650E+5	8.37681518E+1	1.38046032E-9	8.33241971E+1	-6.08210777E+0	8.35458795E+1	-7.28640769E-2
1.07721735E+5	8.34741830E+1	1.15524884E-9	8.31200806E+1	-5.42521391E+0	8.32969436E+1	-6.51771454E-2
1.15506485E+5	8.32039853E+1	9.55506169E-10	8.29279088E+1	-4.78480820E+0	8.30658323E+1	-5.76345084E-2
1.23853818E+5	8.29523704E+1	7.74631310E-10	8.27454653E+1	-4.13768375E+0	8.28488532E+1	-4.99633452E-2
1.32804389E+5	8.27188905E+1	6.17703650E-10	8.25687919E+1	-3.52040818E+0	8.26438071E+1	-4.26102581E-2
1.42401793E+5	8.24986103E+1	4.71055036E-10	8.23989889E+1	-2.86507157E+0	8.24487845E+1	-3.47567108E-2
1.52692775E+5	8.22975450E+1	3.42532008E-10	8.22373929E+1	-2.22410717E+0	8.22674634E+1	-2.70383717E-2
1.63727458E+5	8.21157240E+1	2.28759108E-10	8.20850702E+1	-1.58624482E+0	8.21003957E+1	-1.93219976E-2
1.75559587E+5	8.19450293E+1	1.26619705E-10	8.19342958E+1	-9.37765187E-1	8.19396624E+1	-1.14448312E-2
1.88246790E+5	8.18216342E+1	3.72329293E-11	8.18178144E+1	-2.94857738E-1	8.18197242E+1	-3.60350135E-3
2.01850863E+5	8.16530072E+1	-4.53934271E-11	8.16512022E+1	3.83829561E-1	8.16521047E+1	4.70080823E-3
2.16438064E+5	8.15336397E+1	-1.17308906E-10	8.15198459E+1	1.06033822E+0	8.15267425E+1	1.30063879E-2
2.32079442E+5	8.14273358E+1	-1.82516747E-10	8.13891088E+1	1.76382591E+0	8.14082201E+1	2.16681320E-2
2.48851178E+5	8.13328351E+1	-2.40454775E-10	8.12568502E+1	2.48472481E+0	8.12948337E+1	3.05691444E-2
2.66834962E+5	8.12616872E+1	-2.91947205E-10	8.11333231E+1	3.22709472E+0	8.11974798E+1	3.97542634E-2
2.86118383E+5	8.12021577E+1	-3.37168294E-10	8.10059086E+1	3.98709494E+0	8.11039738E+1	4.91801163E-2
3.06795364E+5	8.11666672E+1	-3.78318230E-10	8.08832696E+1	4.78765336E+0	8.10248445E+1	5.91231188E-2
3.28966612E+5	8.11442941E+1	-4.14667223E-10	8.07536761E+1	5.61631628E+0	8.09487494E+1	6.94369326E-2
3.52740116E+5	8.11535775E+1	-4.46356202E-10	8.06338530E+1	6.47352627E+0	8.08932978E+1	8.01111939E-2
3.78231664E+5	8.11946379E+1	-4.75817163E-10	8.05159058E+1	7.39242459E+0	8.08545596E+1	9.15565225E-2
4.05565415E+5	8.12843190E+1	-5.01449016E-10	8.04167204E+1	8.35255514E+0	8.08493557E+1	1.03494926E-1
4.34874501E+5	8.13635608E+1	-5.24029311E-10	8.02740039E+1	9.35200291E+0	8.08169460E+1	1.15978108E-1
4.66301673E+5	8.14492752E+1	-5.41959349E-10	8.01091560E+1	1.03605194E+1	8.07764350E+1	1.28616206E-1
5.00000000E+5	8.16275093E+1	-5.60008124E-10	7.99779867E+1	1.14854339E+1	8.07985374E+1	1.42632727E-1
