Start time:20240907_21-49-55	sweep/start:500.000	sweep/stop:500000.000	sweep/samplecount:100.000	sweep/xmapping:1.000	sweep/scan:0.000	sweep/averaging/sample:10.000	sweep/settling/time:0.100	sweep/settling/inaccuracy:0.010	sweep/awgcontrol:0.000	sweep/averaging/time:0.100	sweep/averaging/tc:15.000	sweep/bandwidthcontrol:2.000	sweep/sincfilter:0.000	sweep/omegasuppression:80.000	sweep/maxbandwidth:100.000	sweep/bandwidth:1250000.000	sweep/order:8.000	sweep/bandwidthoverlap:1.000																				
Frequency	Param0		Param1		RealZ		ImagZ		AbsZ		PhaseZ		
5.00000000E+2	1.18749516E+3	6.90825305E-7	1.55390716E+2	-4.00473126E+2	4.29563842E+2	-1.20066187E+0
5.36133611E+2	1.06861029E+3	6.77611484E-7	1.53760565E+2	-3.75056347E+2	4.05351272E+2	-1.18172780E+0
5.74878498E+2	9.63113343E+2	6.63242074E-7	1.52303266E+2	-3.51409467E+2	3.82994730E+2	-1.16182663E+0
6.16423370E+2	8.68883931E+2	6.47807394E-7	1.51041505E+2	-3.29277793E+2	3.62267062E+2	-1.14072658E+0
6.60970574E+2	7.86512726E+2	6.31643128E-7	1.49619464E+2	-3.08693198E+2	3.43041544E+2	-1.11947436E+0
7.08737081E+2	7.13636608E+2	6.14493690E-7	1.48258731E+2	-2.89520284E+2	3.25273255E+2	-1.09752820E+0
7.59955541E+2	6.49169139E+2	5.96072075E-7	1.47074279E+2	-2.71744609E+2	3.08991910E+2	-1.07471701E+0
8.14875417E+2	5.92013321E+2	5.77032469E-7	1.45845509E+2	-2.55091121E+2	2.93840799E+2	-1.05141633E+0
8.73764200E+2	5.41057878E+2	5.57168417E-7	1.44702560E+2	-2.39486040E+2	2.79807812E+2	-1.02727869E+0
9.36908711E+2	4.96451372E+2	5.36571494E-7	1.43523575E+2	-2.25063105E+2	2.66931517E+2	-1.00311393E+0
1.00461650E+3	4.56815153E+2	5.15309290E-7	1.42403700E+2	-2.11597076E+2	2.55053222E+2	-9.78425633E-1
1.07721735E+3	4.21753658E+2	4.93495548E-7	1.41314824E+2	-1.99073177E+2	2.44131155E+2	-9.53481009E-1
1.15506485E+3	3.90685450E+2	4.71477120E-7	1.40176483E+2	-1.87391161E+2	2.34019017E+2	-9.28549425E-1
1.23853818E+3	3.63202650E+2	4.49127585E-7	1.39081018E+2	-1.76553255E+2	2.24754502E+2	-9.03565525E-1
1.32804389E+3	3.38741562E+2	4.26740642E-7	1.37982804E+2	-1.66436908E+2	2.16195521E+2	-8.78597377E-1
1.42401793E+3	3.17119610E+2	4.04533078E-7	1.36837952E+2	-1.57064836E+2	2.08312247E+2	-8.54111476E-1
1.52692775E+3	2.97885608E+2	3.82565095E-7	1.35687428E+2	-1.48351764E+2	2.01045586E+2	-8.29955255E-1
1.63727458E+3	2.80696263E+2	3.60950287E-7	1.34539238E+2	-1.40227854E+2	1.94331313E+2	-8.06098639E-1
1.75559587E+3	2.65369245E+2	3.39878195E-7	1.33363385E+2	-1.32682870E+2	1.88123732E+2	-7.82840284E-1
1.88246790E+3	2.51649942E+2	3.19405280E-7	1.32180023E+2	-1.25664367E+2	1.82381725E+2	-7.60133818E-1
2.01850863E+3	2.39278333E+2	2.99703561E-7	1.30953412E+2	-1.19102957E+2	1.77015006E+2	-7.38042446E-1
2.16438064E+3	2.28150845E+2	2.80896879E-7	1.29663194E+2	-1.13005398E+2	1.71996413E+2	-7.16861448E-1
2.32079442E+3	2.18100549E+2	2.62844725E-7	1.28386010E+2	-1.07322364E+2	1.67335168E+2	-6.96271745E-1
2.48851178E+3	2.08998048E+2	2.45686731E-7	1.27081759E+2	-1.02029720E+2	1.62971895E+2	-6.76486507E-1
2.66834962E+3	2.00670930E+2	2.29473236E-7	1.25730207E+2	-9.70685821E+1	1.58840789E+2	-6.57457316E-1
2.86118383E+3	1.93057352E+2	2.14159773E-7	1.24355877E+2	-9.24306802E+1	1.54944557E+2	-6.39183537E-1
3.06795364E+3	1.86031284E+2	1.99737950E-7	1.22952064E+2	-8.80665547E+1	1.51237990E+2	-6.21560464E-1
3.28966612E+3	1.79594686E+2	1.86136198E-7	1.21558632E+2	-8.39927487E+1	1.47754133E+2	-6.04636369E-1
3.52740116E+3	1.73597301E+2	1.73449167E-7	1.20107584E+2	-8.01531011E+1	1.44396510E+2	-5.88471519E-1
3.78231664E+3	1.67998314E+2	1.61544295E-7	1.18644858E+2	-7.65214519E+1	1.41181216E+2	-5.72825569E-1
4.05565415E+3	1.62775689E+2	1.50362541E-7	1.17189842E+2	-7.30903352E+1	1.38114652E+2	-5.57657958E-1
4.34874501E+3	1.57850299E+2	1.39866755E-7	1.15732700E+2	-6.98167747E+1	1.35160797E+2	-5.42812260E-1
4.66301673E+3	1.53244517E+2	1.30070358E-7	1.14271887E+2	-6.67343628E+1	1.32331175E+2	-5.28568966E-1
5.00000000E+3	1.48873762E+2	1.20853516E-7	1.12826908E+2	-6.37734600E+1	1.29603110E+2	-5.14462936E-1
5.36133611E+3	1.44775020E+2	1.12282406E-7	1.11377513E+2	-6.09895948E+1	1.26982997E+2	-5.00993684E-1
5.74878498E+3	1.40872455E+2	1.04190438E-7	1.09964389E+2	-5.82991095E+1	1.24462658E+2	-4.87486250E-1
6.16423370E+3	1.37161282E+2	9.65818202E-8	1.08577916E+2	-5.57092605E+1	1.22035593E+2	-4.74057509E-1
6.60970574E+3	1.33661913E+2	8.94575073E-8	1.07222154E+2	-5.32440375E+1	1.19714319E+2	-4.60905323E-1
7.08737081E+3	1.30310360E+2	8.27763203E-8	1.05880718E+2	-5.08588988E+1	1.17462140E+2	-4.47797459E-1
7.59955541E+3	1.27155360E+2	7.64913536E-8	1.04595210E+2	-4.85765711E+1	1.15324939E+2	-4.34784326E-1
8.14875417E+3	1.24143436E+2	7.05959132E-8	1.03336719E+2	-4.63691424E+1	1.13263301E+2	-4.21788078E-1
8.73764200E+3	1.21324981E+2	6.50833067E-8	1.02131726E+2	-4.42745975E+1	1.11315451E+2	-4.09052210E-1
9.36908711E+3	1.18625323E+2	5.98931600E-8	1.00963760E+2	-4.22276860E+1	1.09438835E+2	-3.96136046E-1
1.00461650E+4	1.16091655E+2	5.50238815E-8	9.98569890E+1	-4.02634383E+1	1.07668765E+2	-3.83271427E-1
1.07721735E+4	1.13706494E+2	5.04775810E-8	9.87965551E+1	-3.83803390E+1	1.05989669E+2	-3.70534774E-1
1.15506485E+4	1.11449589E+2	4.62366858E-8	9.77745472E+1	-3.65659794E+1	1.04388376E+2	-3.57878404E-1
1.23853818E+4	1.09331499E+2	4.22685160E-8	9.68108413E+1	-3.48157325E+1	1.02880875E+2	-3.45224792E-1
1.32804389E+4	1.07330940E+2	3.85860884E-8	9.58804024E+1	-3.31343017E+1	1.01444240E+2	-3.32731324E-1
1.42401793E+4	1.05469788E+2	3.51575394E-8	9.50115128E+1	-3.15223138E+1	1.00104166E+2	-3.20346159E-1
1.52692775E+4	1.03717807E+2	3.19815650E-8	9.41797364E+1	-2.99715243E+1	9.88337778E+1	-3.08103336E-1
1.63727458E+4	1.02082671E+2	2.90547581E-8	9.33883634E+1	-2.84946583E+1	9.76387904E+1	-2.96147372E-1
1.75559587E+4	1.00538024E+2	2.63209475E-8	9.26441368E+1	-2.70429552E+1	9.65104054E+1	-2.84010458E-1
1.88246790E+4	9.91205793E+1	2.38157522E-8	9.19520053E+1	-2.56741914E+1	9.54690315E+1	-2.72278725E-1
2.01850863E+4	9.77694763E+1	2.15228410E-8	9.12689273E+1	-2.43577008E+1	9.44633007E+1	-2.60800014E-1
2.16438064E+4	9.65322176E+1	1.94110300E-8	9.06462393E+1	-2.30985200E+1	9.35429446E+1	-2.49510434E-1
2.32079442E+4	9.53691151E+1	1.74722693E-8	9.00524052E+1	-2.18810886E+1	9.26726399E+1	-2.38362391E-1
2.48851178E+4	9.42965995E+1	1.57019085E-8	8.94997111E+1	-2.07199982E+1	9.18668510E+1	-2.27501157E-1
2.66834962E+4	9.32745651E+1	1.40944947E-8	8.89530875E+1	-1.96063342E+1	9.10882020E+1	-2.16943302E-1
2.86118383E+4	9.23487636E+1	1.26173277E-8	8.84669879E+1	-1.85312753E+1	9.03870395E+1	-2.06485550E-1
3.06795364E+4	9.14821280E+1	1.12823887E-8	8.79986878E+1	-1.75082264E+1	8.97235043E+1	-1.96395445E-1
3.28966612E+4	9.06756767E+1	1.00686903E-8	8.75576129E+1	-1.65230187E+1	8.91030066E+1	-1.86516836E-1
3.52740116E+4	8.99306145E+1	8.96939335E-9	8.71454210E+1	-1.55793711E+1	8.85270651E+1	-1.76905556E-1
3.78231664E+4	8.92365987E+1	7.97434311E-9	8.67554749E+1	-1.46714341E+1	8.79872917E+1	-1.67527446E-1
4.05565415E+4	8.85929612E+1	7.07389308E-9	8.63897338E+1	-1.37962361E+1	8.74844120E+1	-1.58360431E-1
4.34874501E+4	8.79914348E+1	6.26336614E-9	8.60403053E+1	-1.29566861E+1	8.70104012E+1	-1.49465514E-1
4.66301673E+4	8.74417620E+1	5.53079861E-9	8.57207133E+1	-1.21461699E+1	8.65769612E+1	-1.40757667E-1
5.00000000E+4	8.69262606E+1	4.87350020E-9	8.54133621E+1	-1.13675708E+1	8.61664910E+1	-1.32311366E-1
5.36133611E+4	8.64502492E+1	4.28305167E-9	8.51258866E+1	-1.06177895E+1	8.57855122E+1	-1.24089575E-1
5.74878498E+4	8.60016132E+1	3.75271120E-9	8.48485317E+1	-9.89126917E+0	8.54231269E+1	-1.16051788E-1
6.16423370E+4	8.55870930E+1	3.27839561E-9	8.45880899E+1	-9.19258835E+0	8.50861253E+1	-1.08249919E-1
6.60970574E+4	8.52046949E+1	2.84973494E-9	8.43470057E+1	-8.50549610E+0	8.47747656E+1	-1.00499610E-1
7.08737081E+4	8.48512549E+1	2.46795379E-9	8.41197465E+1	-7.84437354E+0	8.44847090E+1	-9.29835562E-2
7.59955541E+4	8.45192609E+1	2.12747938E-9	8.39007532E+1	-7.20368919E+0	8.42094392E+1	-8.56495939E-2
8.14875417E+4	8.42117117E+1	1.82135197E-9	8.36955593E+1	-6.57264088E+0	8.39532388E+1	-7.83695009E-2
8.73764200E+4	8.39194733E+1	1.54843448E-9	8.34945421E+1	-5.95645363E+0	8.37067380E+1	-7.12187836E-2
9.36908711E+4	8.36478329E+1	1.30442724E-9	8.33041375E+1	-5.35079496E+0	8.34758083E+1	-6.41439224E-2
1.00461650E+5	8.33973008E+1	1.08677051E-9	8.31252351E+1	-4.75557324E+0	8.32611568E+1	-5.71474505E-2
1.07721735E+5	8.31698169E+1	8.90752324E-10	8.29612293E+1	-4.15988285E+0	8.30654576E+1	-5.01005315E-2
1.15506485E+5	8.29562691E+1	7.18069427E-10	8.28015137E+1	-3.57964679E+0	8.28788553E+1	-4.32047550E-2
1.23853818E+5	8.27586258E+1	5.64147678E-10	8.26495236E+1	-3.00286443E+0	8.27040567E+1	-3.63165317E-2
1.32804389E+5	8.25711302E+1	4.25845368E-10	8.25001022E+1	-2.42062346E+0	8.25356086E+1	-2.93324275E-2
1.42401793E+5	8.23990022E+1	3.02982652E-10	8.23579073E+1	-1.83967182E+0	8.23784522E+1	-2.23338106E-2
1.52692775E+5	8.22424673E+1	1.93620095E-10	8.22232761E+1	-1.25614516E+0	8.22328712E+1	-1.52760545E-2
1.63727458E+5	8.20956883E+1	9.60225628E-11	8.20902886E+1	-6.65712790E-1	8.20929884E+1	-8.10934081E-3
1.75559587E+5	8.19581425E+1	8.20890731E-12	8.19580969E+1	-6.08238795E-2	8.19581197E+1	-7.42133408E-4
1.88246790E+5	8.18472225E+1	-6.86341360E-11	8.18388206E+1	5.43772914E-1	8.18430213E+1	6.64409073E-3
2.01850863E+5	8.17308446E+1	-1.39293808E-10	8.17138086E+1	1.17984135E+0	8.17223261E+1	1.44377009E-2
2.16438064E+5	8.16331223E+1	-2.00741457E-10	8.15925990E+1	1.81830970E+0	8.16128582E+1	2.22815375E-2
2.32079442E+5	8.15600728E+1	-2.55936302E-10	8.14845744E+1	2.48028356E+0	8.15223149E+1	3.04292961E-2
2.48851178E+5	8.14997370E+1	-3.05247590E-10	8.13766062E+1	3.16539493E+0	8.14381483E+1	3.88784793E-2
2.66834962E+5	8.14404054E+1	-3.49292235E-10	8.12555763E+1	3.87529482E+0	8.13479383E+1	4.76565435E-2
2.86118383E+5	8.13996580E+1	-3.87263809E-10	8.11390741E+1	4.59817420E+0	8.12692616E+1	5.66097150E-2
3.06795364E+5	8.13880157E+1	-4.22460718E-10	8.10320472E+1	5.37071386E+0	8.12098364E+1	6.61821070E-2
3.28966612E+5	8.13910588E+1	-4.52882277E-10	8.09213201E+1	6.16533683E+0	8.11558495E+1	7.60423503E-2
3.52740116E+5	8.14076223E+1	-4.81246748E-10	8.07984412E+1	7.01569536E+0	8.11024597E+1	8.66123348E-2
3.78231664E+5	8.14731387E+1	-5.05468069E-10	8.07001551E+1	7.89805754E+0	8.10857258E+1	9.75584782E-2
4.05565415E+5	8.14841211E+1	-5.27541500E-10	8.05179117E+1	8.81990958E+0	8.09995752E+1	1.09104518E-1
4.34874501E+5	8.16479490E+1	-5.44277343E-10	8.04615331E+1	9.77002624E+0	8.10525696E+1	1.20833429E-1
4.66301673E+5	8.17735471E+1	-5.63297753E-10	8.03105908E+1	1.08386225E+1	8.10387661E+1	1.34147549E-1
NaN	NaN	NaN	NaN	NaN	NaN	NaN
