Start time:20240907_00-01-21	sweep/start:500.000	sweep/stop:500000.000	sweep/samplecount:100.000	sweep/xmapping:1.000	sweep/scan:0.000	sweep/averaging/sample:10.000	sweep/settling/time:0.100	sweep/settling/inaccuracy:0.010	sweep/awgcontrol:0.000	sweep/averaging/time:0.100	sweep/averaging/tc:15.000	sweep/bandwidthcontrol:2.000	sweep/sincfilter:0.000	sweep/omegasuppression:80.000	sweep/maxbandwidth:100.000	sweep/bandwidth:1250000.000	sweep/order:8.000	sweep/bandwidthoverlap:1.000																				
Frequency	Param0		Param1		RealZ		ImagZ		AbsZ		PhaseZ		
5.00000000E+2	1.14229568E+3	6.80556787E-7	1.64013333E+2	-4.00563487E+2	4.32841213E+2	-1.18216450E+0
5.36133611E+2	1.03179586E+3	6.65941719E-7	1.62294916E+2	-3.75653029E+2	4.09212535E+2	-1.16298284E+0
5.74878498E+2	9.32981650E+2	6.50548150E-7	1.60682681E+2	-3.52270898E+2	3.87186981E+2	-1.14285318E+0
6.16423370E+2	8.45209840E+2	6.34014243E-7	1.59242425E+2	-3.30507060E+2	3.66869329E+2	-1.12180424E+0
6.60970574E+2	7.67839501E+2	6.16759721E-7	1.57729178E+2	-3.10212883E+2	3.48009426E+2	-1.10040793E+0
7.08737081E+2	6.98850666E+2	5.98743284E-7	1.56272607E+2	-2.91186976E+2	3.30470929E+2	-1.07824150E+0
7.59955541E+2	6.38209694E+2	5.79559781E-7	1.54931035E+2	-2.73632533E+2	3.14449381E+2	-1.05559974E+0
8.14875417E+2	5.84293094E+2	5.59986365E-7	1.53500510E+2	-2.57151328E+2	2.99481606E+2	-1.03263956E+0
8.73764200E+2	5.36546859E+2	5.39498592E-7	1.52191164E+2	-2.41858397E+2	2.85758028E+2	-1.00914151E+0
9.36908711E+2	4.94478599E+2	5.18626108E-7	1.50798366E+2	-2.27653992E+2	2.73068693E+2	-9.85752277E-1
1.00461650E+3	4.57260655E+2	4.97216255E-7	1.49452135E+2	-2.14482187E+2	2.61416448E+2	-9.62218270E-1
1.07721735E+3	4.23797167E+2	4.75422798E-7	1.48196489E+2	-2.02096590E+2	2.50609733E+2	-9.38072197E-1
1.15506485E+3	3.94326649E+2	4.53681101E-7	1.46823318E+2	-1.90628520E+2	2.40616562E+2	-9.14488020E-1
1.23853818E+3	3.68205332E+2	4.31978994E-7	1.45415654E+2	-1.79991905E+2	2.31393186E+2	-8.91256160E-1
1.32804389E+3	3.44928954E+2	4.10282154E-7	1.44052330E+2	-1.70108016E+2	2.22907636E+2	-8.68146305E-1
1.42401793E+3	3.23975739E+2	3.88880867E-7	1.42675533E+2	-1.60832506E+2	2.14996294E+2	-8.45150653E-1
1.52692775E+3	3.05438719E+2	3.67998384E-7	1.41218205E+2	-1.52285645E+2	2.07686069E+2	-8.23088268E-1
1.63727458E+3	2.88693324E+2	3.47585095E-7	1.39761728E+2	-1.44273792E+2	2.00868794E+2	-8.01282369E-1
1.75559587E+3	2.73640329E+2	3.27784644E-7	1.38277755E+2	-1.36812373E+2	1.94520864E+2	-7.80071300E-1
1.88246790E+3	2.60098922E+2	3.08681012E-7	1.36764366E+2	-1.29875973E+2	1.88606104E+2	-7.59569886E-1
2.01850863E+3	2.47850263E+2	2.90392889E-7	1.35197718E+2	-1.23411356E+2	1.83054057E+2	-7.39853723E-1
2.16438064E+3	2.36729411E+2	2.72871476E-7	1.33617200E+2	-1.17377858E+2	1.77851397E+2	-7.20788387E-1
2.32079442E+3	2.26511956E+2	2.56163291E-7	1.32008080E+2	-1.11692761E+2	1.72920234E+2	-7.02228753E-1
2.48851178E+3	2.17151394E+2	2.40312498E-7	1.30361817E+2	-1.06367497E+2	1.68250555E+2	-6.84385488E-1
2.66834962E+3	2.08573418E+2	2.25340378E-7	1.28675312E+2	-1.01394825E+2	1.63823833E+2	-6.67374557E-1
2.86118383E+3	2.00626478E+2	2.11119225E-7	1.26994297E+2	-9.66998616E+1	1.59619602E+2	-6.50789178E-1
3.06795364E+3	1.93274218E+2	1.97747358E-7	1.25276314E+2	-9.22958580E+1	1.55604246E+2	-6.34959455E-1
3.28966612E+3	1.86402420E+2	1.85072764E-7	1.23571844E+2	-8.81140669E+1	1.51769859E+2	-6.19437006E-1
3.52740116E+3	1.79957755E+2	1.73158170E-7	1.21842026E+2	-8.41483039E+1	1.48075714E+2	-6.04412685E-1
3.78231664E+3	1.73921777E+2	1.61887775E-7	1.20134519E+2	-8.03847255E+1	1.44547599E+2	-5.89700976E-1
4.05565415E+3	1.68227250E+2	1.51315050E-7	1.18406189E+2	-7.68057319E+1	1.41135209E+2	-5.75434844E-1
4.34874501E+3	1.62857357E+2	1.41316332E-7	1.16706320E+2	-7.33901693E+1	1.37864001E+2	-5.61359392E-1
4.66301673E+3	1.57795307E+2	1.31853090E-7	1.15045646E+2	-7.01296072E+1	1.34735530E+2	-5.47434375E-1
5.00000000E+3	1.52984951E+2	1.22965469E-7	1.13383346E+2	-6.70086674E+1	1.31704007E+2	-5.33769762E-1
5.36133611E+3	1.48442226E+2	1.14505688E-7	1.11791430E+2	-6.40097177E+1	1.28819907E+2	-5.20014904E-1
5.74878498E+3	1.44141878E+2	1.06545971E-7	1.10223176E+2	-6.11443099E+1	1.26046719E+2	-5.06468872E-1
6.16423370E+3	1.40056120E+2	9.90320673E-8	1.08689856E+2	-5.83883056E+1	1.23380223E+2	-4.92963707E-1
6.60970574E+3	1.36189060E+2	9.18941383E-8	1.07223913E+2	-5.57293096E+1	1.20841731E+2	-4.79320142E-1
7.08737081E+3	1.32532004E+2	8.51739976E-8	1.05798043E+2	-5.31827071E+1	1.18412949E+2	-4.65790421E-1
7.59955541E+3	1.29066526E+2	7.88138370E-8	1.04429351E+2	-5.07232082E+1	1.16096225E+2	-4.52156809E-1
8.14875417E+3	1.25789958E+2	7.28446183E-8	1.03097683E+2	-4.83685899E+1	1.13879994E+2	-4.38666926E-1
8.73764200E+3	1.22696864E+2	6.71932212E-8	1.01834598E+2	-4.60923007E+1	1.11780078E+2	-4.25029967E-1
9.36908711E+3	1.19800919E+2	6.18768062E-8	1.00636861E+2	-4.39159470E+1	1.09801586E+2	-4.11470271E-1
1.00461650E+4	1.17070950E+2	5.68815241E-8	9.94921269E+1	-4.18205014E+1	1.07924222E+2	-3.97916814E-1
1.07721735E+4	1.14501966E+2	5.21974770E-8	9.83997595E+1	-3.98051885E+1	1.06145965E+2	-3.84401367E-1
1.15506485E+4	1.12097879E+2	4.78094263E-8	9.73676623E+1	-3.78714469E+1	1.04473482E+2	-3.70946998E-1
1.23853818E+4	1.09833288E+2	4.37118688E-8	9.63798942E+1	-3.60088349E+1	1.02886931E+2	-3.57554599E-1
1.32804389E+4	1.07728929E+2	3.98985298E-8	9.54505380E+1	-3.42341777E+1	1.01404064E+2	-3.44367774E-1
1.42401793E+4	1.05759228E+2	3.63415806E-8	9.45748796E+1	-3.25231947E+1	1.00010830E+2	-3.31219755E-1
1.52692775E+4	1.03912490E+2	3.30551353E-8	9.37334833E+1	-3.08887061E+1	9.86918410E+1	-3.18330515E-1
1.63727458E+4	1.02191811E+2	2.99969828E-8	9.29483959E+1	-2.93114234E+1	9.74605810E+1	-3.05480630E-1
1.75559587E+4	1.00600379E+2	2.71812238E-8	9.22110104E+1	-2.78135132E+1	9.63143943E+1	-2.92950587E-1
1.88246790E+4	9.91227560E+1	2.45743145E-8	9.15253369E+1	-2.63695998E+1	9.52483260E+1	-2.80515528E-1
2.01850863E+4	9.77302605E+1	2.21930534E-8	9.08553961E+1	-2.49923627E+1	9.42301518E+1	-2.68439152E-1
2.16438064E+4	9.64448614E+1	1.99995208E-8	9.02361013E+1	-2.36696869E+1	9.32888432E+1	-2.56529067E-1
2.32079442E+4	9.52474213E+1	1.79931612E-8	8.96485806E+1	-2.24037440E+1	9.24056065E+1	-2.44890469E-1
2.48851178E+4	9.41412203E+1	1.61589247E-8	8.91003437E+1	-2.11929413E+1	9.15861066E+1	-2.33515523E-1
2.66834962E+4	9.31189115E+1	1.44813919E-8	8.85906629E+1	-2.00289732E+1	9.08265714E+1	-2.22346427E-1
2.86118383E+4	9.21628805E+1	1.29568561E-8	8.81026325E+1	-1.89134255E+1	9.01098904E+1	-2.11465403E-1
3.06795364E+4	9.12782898E+1	1.15857276E-8	8.76364254E+1	-1.78650444E+1	8.94388228E+1	-2.01098665E-1
3.28966612E+4	9.04618836E+1	1.03281168E-8	8.72095070E+1	-1.68415588E+1	8.88208099E+1	-1.90767735E-1
3.52740116E+4	8.97036570E+1	9.19468319E-9	8.68029887E+1	-1.58677855E+1	8.82414048E+1	-1.80805954E-1
3.78231664E+4	8.89949835E+1	8.17190197E-9	8.64137008E+1	-1.49351307E+1	8.76948452E+1	-1.71142193E-1
4.05565415E+4	8.83485827E+1	7.24187100E-9	8.60609377E+1	-1.40312778E+1	8.71972584E+1	-1.61616863E-1
4.34874501E+4	8.77498586E+1	6.40934118E-9	8.57253632E+1	-1.31738573E+1	8.67317041E+1	-1.52482266E-1
4.66301673E+4	8.71899056E+1	5.65755124E-9	8.54060005E+1	-1.23432621E+1	8.62933434E+1	-1.43530707E-1
5.00000000E+4	8.66776599E+1	4.98304603E-9	8.51105917E+1	-1.15487656E+1	8.58905520E+1	-1.34867576E-1
5.36133611E+4	8.61940502E+1	4.37626370E-9	8.48244664E+1	-1.07784127E+1	8.55065162E+1	-1.26389932E-1
5.74878498E+4	8.57475629E+1	3.83192217E-9	8.45564963E+1	-1.00355542E+1	8.51499471E+1	-1.18132002E-1
6.16423370E+4	8.53382199E+1	3.34466227E-9	8.43078853E+1	-9.32015205E+0	8.48214882E+1	-1.10101927E-1
6.60970574E+4	8.49508660E+1	2.90800738E-9	8.40660125E+1	-8.62473494E+0	8.45072811E+1	-1.02237086E-1
7.08737081E+4	8.45983106E+1	2.51752819E-9	8.38441304E+1	-7.95195128E+0	8.42203763E+1	-9.45592315E-2
7.59955541E+4	8.42715194E+1	2.16884670E-9	8.36345167E+1	-7.29899855E+0	8.39524138E+1	-8.70519990E-2
8.14875417E+4	8.39623916E+1	1.85572460E-9	8.34314227E+1	-6.65578175E+0	8.36964861E+1	-7.96068876E-2
8.73764200E+4	8.36751387E+1	1.57778153E-9	8.32378615E+1	-6.03306967E+0	8.34562137E+1	-7.23533512E-2
9.36908711E+4	8.33974491E+1	1.33026826E-9	8.30432514E+1	-5.42342360E+0	8.32201618E+1	-6.52158030E-2
1.00461650E+5	8.31580113E+1	1.11017812E-9	8.28765698E+1	-4.82957211E+0	8.30171713E+1	-5.82084488E-2
1.07721735E+5	8.29268585E+1	9.10711241E-10	8.27107452E+1	-4.22786490E+0	8.28187313E+1	-5.10718176E-2
1.15506485E+5	8.27175724E+1	7.34539385E-10	8.25570431E+1	-3.64043437E+0	8.26372688E+1	-4.40674414E-2
1.23853818E+5	8.25159457E+1	5.76518751E-10	8.24030111E+1	-3.05058903E+0	8.24594590E+1	-3.70034586E-2
1.32804389E+5	8.23394418E+1	4.36138731E-10	8.22655656E+1	-2.46514916E+0	8.23024954E+1	-2.99567734E-2
1.42401793E+5	8.21658638E+1	3.11554752E-10	8.21227801E+1	-1.88098226E+0	8.21443192E+1	-2.29005105E-2
1.52692775E+5	8.20048467E+1	1.99726468E-10	8.19846028E+1	-1.28826682E+0	8.19947241E+1	-1.57122279E-2
1.63727458E+5	8.18639358E+1	1.00657796E-10	8.18580527E+1	-6.93909836E-1	8.18609942E+1	-8.47678417E-3
1.75559587E+5	8.17331912E+1	1.21791202E-11	8.17330922E+1	-8.97463703E-2	8.17331417E+1	-1.09804136E-3
1.88246790E+5	8.15652340E+1	-6.13955931E-11	8.15583465E+1	4.82604674E-1	8.15617901E+1	5.91999061E-3
2.01850863E+5	8.15097514E+1	-1.36677992E-10	8.14934814E+1	1.15144082E+0	8.15016160E+1	1.41282962E-2
2.16438064E+5	8.14185869E+1	-1.99129357E-10	8.13790251E+1	1.79425694E+0	8.13988036E+1	2.20445834E-2
2.32079442E+5	8.13417280E+1	-2.55021813E-10	8.12673685E+1	2.45823426E+0	8.13045398E+1	3.02395105E-2
2.48851178E+5	8.12745527E+1	-3.04123195E-10	8.11533360E+1	3.13638833E+0	8.12139217E+1	3.86284675E-2
2.66834962E+5	8.12279007E+1	-3.49248794E-10	8.10445607E+1	3.85466451E+0	8.11361789E+1	4.75264686E-2
2.86118383E+5	8.11924144E+1	-3.88256226E-10	8.09324906E+1	4.58651050E+0	8.10623483E+1	5.66102676E-2
3.06795364E+5	8.11823451E+1	-4.23566315E-10	8.08272167E+1	5.35758736E+0	8.10045863E+1	6.61876266E-2
3.28966612E+5	8.11965835E+1	-4.54322346E-10	8.07272310E+1	6.15535586E+0	8.09615671E+1	7.61015962E-2
3.52740116E+5	8.12109747E+1	-4.81583404E-10	8.06053382E+1	6.98690144E+0	8.09075897E+1	8.64642739E-2
3.78231664E+5	8.12615173E+1	-5.06464404E-10	8.04915019E+1	7.87266602E+0	8.08755931E+1	9.74972842E-2
4.05565415E+5	8.13309325E+1	-5.24100682E-10	8.03824901E+1	8.73116147E+0	8.08553203E+1	1.08196033E-1
4.34874501E+5	8.14508514E+1	-5.45245936E-10	8.02687344E+1	9.74039284E+0	8.08576316E+1	1.20757032E-1
4.66301673E+5	8.15177537E+1	-5.63025887E-10	8.00696233E+1	1.07670267E+1	8.07904415E+1	1.33668713E-1
5.00000000E+5	8.17581384E+1	-5.76754238E-10	8.00023013E+1	1.18514564E+1	8.08754531E+1	1.47069641E-1
