Start time:20240909_03-49-36	sweep/start:500.000	sweep/stop:500000.000	sweep/samplecount:100.000	sweep/xmapping:1.000	sweep/scan:0.000	sweep/averaging/sample:10.000	sweep/settling/time:0.100	sweep/settling/inaccuracy:0.010	sweep/awgcontrol:0.000	sweep/averaging/time:0.100	sweep/averaging/tc:15.000	sweep/bandwidthcontrol:2.000	sweep/sincfilter:0.000	sweep/omegasuppression:80.000	sweep/maxbandwidth:100.000	sweep/bandwidth:1250000.000	sweep/order:8.000	sweep/bandwidthoverlap:1.000																				
Frequency	Param0		Param1		RealZ		ImagZ		AbsZ		PhaseZ		
5.00000000E+2	1.27525540E+3	7.14798684E-7	1.38601445E+2	-3.96914803E+2	4.20418575E+2	-1.23483709E+0
5.36133611E+2	1.14246010E+3	7.03383522E-7	1.37186848E+2	-3.71362373E+2	3.95891746E+2	-1.21693101E+0
5.74878498E+2	1.02510730E+3	6.90931115E-7	1.35863164E+2	-3.47584881E+2	3.73194433E+2	-1.19817869E+0
6.16423370E+2	9.20292437E+2	6.77776696E-7	1.34617282E+2	-3.25215652E+2	3.51975947E+2	-1.17833721E+0
6.60970574E+2	8.27558566E+2	6.63299738E-7	1.33544929E+2	-3.04436872E+2	3.32439601E+2	-1.15741084E+0
7.08737081E+2	7.46680638E+2	6.48002868E-7	1.32331200E+2	-2.85127148E+2	3.14339078E+2	-1.13626823E+0
7.59955541E+2	6.74708081E+2	6.31656040E-7	1.31234873E+2	-2.67062809E+2	2.97565378E+2	-1.11405174E+0
8.14875417E+2	6.10536935E+2	6.14171394E-7	1.30292050E+2	-2.50143972E+2	2.82042626E+2	-1.09059387E+0
8.73764200E+2	5.54405065E+2	5.95763898E-7	1.29287909E+2	-2.34440717E+2	2.67727150E+2	-1.06682231E+0
9.36908711E+2	5.04557034E+2	5.76247923E-7	1.28402373E+2	-2.19770580E+2	2.54531507E+2	-1.04203340E+0
1.00461650E+3	4.60528996E+2	5.55895766E-7	1.27523570E+2	-2.06072821E+2	2.42339178E+2	-1.01664783E+0
1.07721735E+3	4.21591577E+2	5.34719369E-7	1.26676269E+2	-1.93284093E+2	2.31096575E+2	-9.90641960E-1
1.15506485E+3	3.87312163E+2	5.12729060E-7	1.25866641E+2	-1.81403529E+2	2.20793254E+2	-9.64210533E-1
1.23853818E+3	3.57165237E+2	4.90439825E-7	1.24962374E+2	-1.70342605E+2	2.11263353E+2	-9.37877777E-1
1.32804389E+3	3.30332975E+2	4.67361100E-7	1.24205776E+2	-1.60006821E+2	2.02556806E+2	-9.10703927E-1
1.42401793E+3	3.06671917E+2	4.44121364E-7	1.23406585E+2	-1.50386632E+2	1.94538757E+2	-8.83622751E-1
1.52692775E+3	2.85792335E+2	4.20635944E-7	1.22648144E+2	-1.41454327E+2	1.87221517E+2	-8.56486058E-1
1.63727458E+3	2.67292316E+2	3.97208962E-7	1.21888388E+2	-1.33127924E+2	1.80498826E+2	-8.29443455E-1
1.75559587E+3	2.50870666E+2	3.74023079E-7	1.21118322E+2	-1.25361004E+2	1.74313027E+2	-8.02609609E-1
1.88246790E+3	2.36356881E+2	3.51127663E-7	1.20371249E+2	-1.18158084E+2	1.68672973E+2	-7.76120065E-1
2.01850863E+3	2.23459231E+2	3.28813961E-7	1.19599474E+2	-1.11452097E+2	1.63479679E+2	-7.50150611E-1
2.16438064E+3	2.11983679E+2	3.07165244E-7	1.18817725E+2	-1.05212943E+2	1.58705441E+2	-7.24745353E-1
2.32079442E+3	2.01750647E+2	2.86368216E-7	1.17999276E+2	-9.94112635E+1	1.54293323E+2	-7.00108288E-1
2.48851178E+3	1.92616315E+2	2.66292246E-7	1.17220640E+2	-9.40102478E+1	1.50261794E+2	-6.75955610E-1
2.66834962E+3	1.84410480E+2	2.47261816E-7	1.16389358E+2	-8.89771505E+1	1.46503982E+2	-6.52703076E-1
2.86118383E+3	1.77051795E+2	2.29250609E-7	1.15535662E+2	-8.43048287E+1	1.43023758E+2	-6.30373322E-1
3.06795364E+3	1.70410880E+2	2.12223068E-7	1.14677502E+2	-7.99460006E+1	1.39793753E+2	-6.08802323E-1
3.28966612E+3	1.64402544E+2	1.96238887E-7	1.13798346E+2	-7.58859205E+1	1.36779886E+2	-5.88126444E-1
3.52740116E+3	1.58931502E+2	1.81320744E-7	1.12883187E+2	-7.20977071E+1	1.33942877E+2	-5.68385451E-1
3.78231664E+3	1.53934659E+2	1.67331306E-7	1.11975570E+2	-6.85448183E+1	1.31289455E+2	-5.49298786E-1
4.05565415E+3	1.49367484E+2	1.54345161E-7	1.11043348E+2	-6.52352619E+1	1.28787675E+2	-5.31159498E-1
4.34874501E+3	1.45143048E+2	1.42350411E-7	1.10064303E+2	-6.21362784E+1	1.26392517E+2	-5.13941761E-1
4.66301673E+3	1.41236938E+2	1.31139493E-7	1.09106998E+2	-5.92081133E+1	1.24136772E+2	-4.97191209E-1
5.00000000E+3	1.37595665E+2	1.20805614E-7	1.08113279E+2	-5.64573854E+1	1.21966874E+2	-4.81254056E-1
5.36133611E+3	1.34220806E+2	1.11252770E-7	1.07117233E+2	-5.38819016E+1	1.19905635E+2	-4.66059130E-1
5.74878498E+3	1.31037648E+2	1.02410748E-7	1.06106736E+2	-5.14328408E+1	1.17915126E+2	-4.51355029E-1
6.16423370E+3	1.28061649E+2	9.41913066E-8	1.05118329E+2	-4.91097017E+1	1.16024249E+2	-4.37052680E-1
6.60970574E+3	1.25241329E+2	8.66188994E-8	1.04109583E+2	-4.69043374E+1	1.14187663E+2	-4.23293372E-1
7.08737081E+3	1.22591656E+2	7.96132380E-8	1.03113870E+2	-4.48155057E+1	1.12431757E+2	-4.09991842E-1
7.59955541E+3	1.20067106E+2	7.31247671E-8	1.02118957E+2	-4.28117473E+1	1.10729976E+2	-3.96976744E-1
8.14875417E+3	1.17679149E+2	6.71067691E-8	1.01143804E+2	-4.08955635E+1	1.09098656E+2	-3.84234314E-1
8.73764200E+3	1.15410256E+2	6.15544262E-8	1.00173013E+2	-3.90686598E+1	1.07522058E+2	-3.71866347E-1
9.36908711E+3	1.13266010E+2	5.63887522E-8	9.92374195E+1	-3.73116706E+1	1.06019934E+2	-3.59632971E-1
1.00461650E+4	1.11231242E+2	5.15999650E-8	9.83256052E+1	-3.56223849E+1	1.04579535E+2	-3.47581378E-1
1.07721735E+4	1.09304315E+2	4.71806057E-8	9.74336015E+1	-3.40089146E+1	1.03198416E+2	-3.35825645E-1
1.15506485E+4	1.07470381E+2	4.30686175E-8	9.65728744E+1	-3.24407659E+1	1.01876021E+2	-3.24076802E-1
1.23853818E+4	1.05736618E+2	3.92895443E-8	9.57311646E+1	-3.09488844E+1	1.00609590E+2	-3.12684072E-1
1.32804389E+4	1.04102546E+2	3.57735345E-8	9.49349160E+1	-2.95013212E+1	9.94131102E+1	-3.01292612E-1
1.42401793E+4	1.02556498E+2	3.25305865E-8	9.41658691E+1	-2.81089041E+1	9.82716729E+1	-2.90083902E-1
1.52692775E+4	1.01089251E+2	2.95442576E-8	9.34193365E+1	-2.67678325E+1	9.71786533E+1	-2.79057490E-1
1.63727458E+4	9.97119419E+1	2.67921127E-8	9.27097043E+1	-2.54788959E+1	9.61470986E+1	-2.68203032E-1
1.75559587E+4	9.84293058E+1	2.42726841E-8	9.20370216E+1	-2.42554415E+1	9.51795152E+1	-2.57681086E-1
1.88246790E+4	9.72079190E+1	2.19388625E-8	9.13927977E+1	-2.30534088E+1	9.42555232E+1	-2.47090817E-1
2.01850863E+4	9.60665537E+1	1.98045422E-8	9.07810021E+1	-2.19049612E+1	9.33863909E+1	-2.36768656E-1
2.16438064E+4	9.49971429E+1	1.78528366E-8	9.01990921E+1	-2.08033577E+1	9.25670353E+1	-2.26674455E-1
2.32079442E+4	9.39955157E+1	1.60709852E-8	8.96457820E+1	-1.97467671E+1	9.17948881E+1	-2.16813049E-1
2.48851178E+4	9.30517331E+1	1.44350968E-8	8.91206697E+1	-1.87172583E+1	9.10649913E+1	-2.07012758E-1
2.66834962E+4	9.21750027E+1	1.29544071E-8	8.86231546E+1	-1.77419140E+1	9.03816325E+1	-1.97583074E-1
2.86118383E+4	9.13460929E+1	1.15944643E-8	8.81504502E+1	-1.67838145E+1	8.97340469E+1	-1.88147660E-1
3.06795364E+4	9.05783993E+1	1.03672946E-8	8.77045756E+1	-1.58759969E+1	8.91299056E+1	-1.79077596E-1
3.28966612E+4	8.98630436E+1	9.25157842E-9	8.72855375E+1	-1.49992980E+1	8.85649144E+1	-1.70179613E-1
3.52740116E+4	8.91964656E+1	8.23829853E-9	8.68917440E+1	-1.41513672E+1	8.80365632E+1	-1.61444616E-1
3.78231664E+4	8.85779017E+1	7.32430512E-9	8.65211511E+1	-1.33398782E+1	8.75434864E+1	-1.52975969E-1
4.05565415E+4	8.79951579E+1	6.49837611E-9	8.61656133E+1	-1.25556264E+1	8.70755807E+1	-1.44696672E-1
4.34874501E+4	8.74501237E+1	5.75122115E-9	8.58291951E+1	-1.17950379E+1	8.66358686E+1	-1.36569105E-1
4.66301673E+4	8.69466137E+1	5.07745479E-9	8.55159466E+1	-1.10609564E+1	8.62283131E+1	-1.28629643E-1
5.00000000E+4	8.64750029E+1	4.47603089E-9	8.52149657E+1	-1.03621386E+1	8.58426724E+1	-1.21005900E-1
5.36133611E+4	8.60379625E+1	3.92922271E-9	8.49364392E+1	-9.67261086E+0	8.54854267E+1	-1.13392076E-1
5.74878498E+4	8.56267529E+1	3.43943328E-9	8.46686161E+1	-9.00688786E+0	8.51463368E+1	-1.05979550E-1
6.16423370E+4	8.52419048E+1	3.00050619E-9	8.44135320E+1	-8.36216443E+0	8.48267073E+1	-9.87397497E-2
6.60970574E+4	8.48863045E+1	2.60673663E-9	8.41754518E+1	-7.73538981E+0	8.45301309E+1	-9.16386513E-2
7.08737081E+4	8.45602018E+1	2.25315790E-9	8.39558400E+1	-7.12317522E+0	8.42574790E+1	-8.46415923E-2
7.59955541E+4	8.42486414E+1	1.93644170E-9	8.37404739E+1	-6.52335175E+0	8.39941733E+1	-7.77426250E-2
8.14875417E+4	8.39550691E+1	1.65441652E-9	8.35326118E+1	-5.94044396E+0	8.37435741E+1	-7.09957450E-2
8.73764200E+4	8.36854316E+1	1.40064677E-9	8.33403176E+1	-5.36299876E+0	8.35126963E+1	-6.42619902E-2
9.36908711E+4	8.34341702E+1	1.17448220E-9	8.31574511E+1	-4.79698782E+0	8.32956957E+1	-5.76217513E-2
1.00461650E+5	8.32104231E+1	9.71367002E-10	8.29943832E+1	-4.23438117E+0	8.31023330E+1	-5.09758929E-2
1.07721735E+5	8.29793855E+1	7.90975326E-10	8.28159492E+1	-3.67900445E+0	8.28976270E+1	-4.43946763E-2
1.15506485E+5	8.27755558E+1	6.29690465E-10	8.26572743E+1	-3.12677418E+0	8.27163939E+1	-3.78101518E-2
1.23853818E+5	8.25889375E+1	4.85452573E-10	8.25086185E+1	-2.57428854E+0	8.25487682E+1	-3.11901214E-2
1.32804389E+5	8.24137107E+1	3.56986418E-10	8.23640657E+1	-2.02200122E+0	8.23888844E+1	-2.45446199E-2
1.42401793E+5	8.22452306E+1	2.41553568E-10	8.22192511E+1	-1.46147997E+0	8.22322398E+1	-1.77735301E-2
1.52692775E+5	8.20950430E+1	1.39564946E-10	8.20851237E+1	-9.02311110E-1	8.20900832E+1	-1.09919376E-2
1.63727458E+5	8.19583802E+1	4.69832841E-11	8.19570935E+1	-3.24657310E-1	8.19577368E+1	-3.96128516E-3
1.75559587E+5	8.18357556E+1	-3.40095531E-11	8.18349836E+1	2.51239385E-1	8.18353696E+1	3.07006248E-3
1.88246790E+5	8.17716318E+1	-1.04484530E-10	8.17579388E+1	8.26138673E-1	8.17647847E+1	1.01044677E-2
2.01850863E+5	8.16213722E+1	-1.72574314E-10	8.15953313E+1	1.45765844E+0	8.16083507E+1	1.78625845E-2
2.16438064E+5	8.15326617E+1	-2.30545943E-10	8.14794186E+1	2.08281420E+0	8.15060358E+1	2.55568922E-2
2.32079442E+5	8.14578705E+1	-2.82059731E-10	8.13665354E+1	2.72606697E+0	8.14121902E+1	3.34910115E-2
2.48851178E+5	8.14022775E+1	-3.28729976E-10	8.12600179E+1	3.39994982E+0	8.13311166E+1	4.18159790E-2
2.66834962E+5	8.13490954E+1	-3.70132591E-10	8.11423090E+1	4.09618984E+0	8.12456364E+1	5.04387317E-2
2.86118383E+5	8.13266640E+1	-4.05645443E-10	8.10416122E+1	4.80632497E+0	8.11840130E+1	5.92374978E-2
3.06795364E+5	8.13110355E+1	-4.38919415E-10	8.09280082E+1	5.56752148E+0	8.11192958E+1	6.86877405E-2
3.28966612E+5	8.13162127E+1	-4.68659941E-10	8.08147593E+1	6.36585499E+0	8.10650982E+1	7.86086782E-2
3.52740116E+5	8.13345414E+1	-4.94547841E-10	8.06932142E+1	7.19373494E+0	8.10132432E+1	8.89141962E-2
3.78231664E+5	8.14031061E+1	-5.16940027E-10	8.05970550E+1	8.06005840E+0	8.09990778E+1	9.96729670E-2
4.05565415E+5	8.15173125E+1	-5.34715702E-10	8.05237809E+1	8.94408578E+0	8.10190233E+1	1.10620571E-1
4.34874501E+5	8.15742489E+1	-5.56662791E-10	8.03373420E+1	9.96797836E+0	8.09534322E+1	1.23445467E-1
4.66301673E+5	8.16850006E+1	-5.70892606E-10	8.01878901E+1	1.09559596E+1	8.09329817E+1	1.35787902E-1
5.00000000E+5	8.18874541E+1	-5.84878986E-10	8.00744425E+1	1.20483796E+1	8.09758727E+1	1.49344038E-1
