Start time:20240908_14-41-56	sweep/start:500.000	sweep/stop:500000.000	sweep/samplecount:100.000	sweep/xmapping:1.000	sweep/scan:0.000	sweep/averaging/sample:10.000	sweep/settling/time:0.100	sweep/settling/inaccuracy:0.010	sweep/awgcontrol:0.000	sweep/averaging/time:0.100	sweep/averaging/tc:15.000	sweep/bandwidthcontrol:2.000	sweep/sincfilter:0.000	sweep/omegasuppression:80.000	sweep/maxbandwidth:100.000	sweep/bandwidth:1250000.000	sweep/order:8.000	sweep/bandwidthoverlap:1.000																				
Frequency	Param0		Param1		RealZ		ImagZ		AbsZ		PhaseZ		
5.00000000E+2	1.24972764E+3	7.06173967E-7	1.43863107E+2	-3.98863946E+2	4.24015468E+2	-1.22463700E+0
5.36133611E+2	1.12056460E+3	6.94174555E-7	1.42453293E+2	-3.73275455E+2	3.99534208E+2	-1.20622536E+0
5.74878498E+2	1.00608888E+3	6.81488458E-7	1.41039275E+2	-3.49293136E+2	3.76693258E+2	-1.18703136E+0
6.16423370E+2	9.05586335E+2	6.67335029E-7	1.39782472E+2	-3.27178405E+2	3.55787698E+2	-1.16703304E+0
6.60970574E+2	8.16165351E+2	6.52551176E-7	1.38515097E+2	-3.06373140E+2	3.36230549E+2	-1.14618724E+0
7.08737081E+2	7.36706902E+2	6.36565176E-7	1.37414899E+2	-2.86969499E+2	3.18173501E+2	-1.12421264E+0
7.59955541E+2	6.66840609E+2	6.19762638E-7	1.36248123E+2	-2.68871837E+2	3.01422709E+2	-1.10177115E+0
8.14875417E+2	6.05254510E+2	6.01800290E-7	1.35163450E+2	-2.52069506E+2	2.86021354E+2	-1.07859812E+0
8.73764200E+2	5.50673229E+2	5.82753752E-7	1.34183310E+2	-2.36402030E+2	2.71829173E+2	-1.05453631E+0
9.36908711E+2	5.02395573E+2	5.62977459E-7	1.33182991E+2	-2.21749383E+2	2.58670660E+2	-1.02993473E+0
1.00461650E+3	4.59829012E+2	5.42273540E-7	1.32234933E+2	-2.08132976E+2	2.46587563E+2	-1.00479690E+0
1.07721735E+3	4.22030738E+2	5.20952838E-7	1.31294796E+2	-1.95376802E+2	2.35394190E+2	-9.79104905E-1
1.15506485E+3	3.88645411E+2	4.98929115E-7	1.30399575E+2	-1.83507843E+2	2.25120377E+2	-9.52995593E-1
1.23853818E+3	3.59365208E+2	4.76461026E-7	1.29480580E+2	-1.72527043E+2	2.15710005E+2	-9.26978882E-1
1.32804389E+3	3.33247002E+2	4.53713329E-7	1.28578965E+2	-1.62222042E+2	2.06998905E+2	-9.00577183E-1
1.42401793E+3	3.10234606E+2	4.30621670E-7	1.27733120E+2	-1.52680949E+2	1.99065886E+2	-8.74132369E-1
1.52692775E+3	2.89802592E+2	4.07676962E-7	1.26839697E+2	-1.43771205E+2	1.91724986E+2	-8.47884436E-1
1.63727458E+3	2.71750452E+2	3.84813420E-7	1.25968209E+2	-1.35513554E+2	1.85018689E+2	-8.21886793E-1
1.75559587E+3	2.55703314E+2	3.62316402E-7	1.25076367E+2	-1.27821517E+2	1.78836348E+2	-7.96252515E-1
1.88246790E+3	2.41409655E+2	3.40282617E-7	1.24177528E+2	-1.20654841E+2	1.73140555E+2	-7.71011028E-1
2.01850863E+3	2.28718089E+2	3.18827943E-7	1.23276091E+2	-1.14010851E+2	1.67915069E+2	-7.46371415E-1
2.16438064E+3	2.17315604E+2	2.98134590E-7	1.22341233E+2	-1.07792759E+2	1.63054156E+2	-7.22264771E-1
2.32079442E+3	2.07122062E+2	2.78195388E-7	1.21410212E+2	-1.02011234E+2	1.58577213E+2	-6.98788547E-1
2.48851178E+3	1.98031268E+2	2.59244218E-7	1.20431013E+2	-9.66720027E+1	1.54431557E+2	-6.76395370E-1
2.66834962E+3	1.89763611E+2	2.41150465E-7	1.19450606E+2	-9.16456732E+1	1.50556892E+2	-6.54435233E-1
2.86118383E+3	1.82336646E+2	2.24071834E-7	1.18440566E+2	-8.69936013E+1	1.46955963E+2	-6.33501622E-1
3.06795364E+3	1.75591056E+2	2.07963086E-7	1.17413754E+2	-8.26487400E+1	1.43585531E+2	-6.13345452E-1
3.28966612E+3	1.69421370E+2	1.92828262E-7	1.16362819E+2	-7.85750699E+1	1.40407792E+2	-5.93927746E-1
3.52740116E+3	1.63774464E+2	1.78665034E-7	1.15287636E+2	-7.47658371E+1	1.37408771E+2	-5.75331018E-1
3.78231664E+3	1.58609091E+2	1.65424743E-7	1.14205383E+2	-7.12119453E+1	1.34588304E+2	-5.57550758E-1
4.05565415E+3	1.53813447E+2	1.53089335E-7	1.13094147E+2	-6.78609810E+1	1.31891622E+2	-5.40448702E-1
4.34874501E+3	1.49352099E+2	1.41587441E-7	1.11970140E+2	-6.46966921E+1	1.29317343E+2	-5.23938314E-1
4.66301673E+3	1.45218732E+2	1.30922413E-7	1.10829508E+2	-6.17360514E+1	1.26864181E+2	-5.08229263E-1
5.00000000E+3	1.41345854E+2	1.21045763E-7	1.09662945E+2	-5.89443807E+1	1.24500612E+2	-4.93199540E-1
5.36133611E+3	1.37713807E+2	1.11761185E-7	1.08537907E+2	-5.62733559E+1	1.22258613E+2	-4.78312060E-1
5.74878498E+3	1.34290597E+2	1.03153976E-7	1.07401046E+2	-5.37397941E+1	1.20095589E+2	-4.63940090E-1
6.16423370E+3	1.31066735E+2	9.51983053E-8	1.06252518E+2	-5.13475670E+1	1.18009197E+2	-4.50165966E-1
6.60970574E+3	1.28021571E+2	8.77699876E-8	1.05128550E+2	-4.90582266E+1	1.16011732E+2	-4.36613386E-1
7.08737081E+3	1.25137775E+2	8.08659979E-8	1.04015653E+2	-4.68724970E+1	1.14088945E+2	-4.23377100E-1
7.59955541E+3	1.22400921E+2	7.44495064E-8	1.02915493E+2	-4.47811584E+1	1.12236140E+2	-4.10415700E-1
8.14875417E+3	1.19797209E+2	6.84689143E-8	1.01836412E+2	-4.27675439E+1	1.10452333E+2	-3.97596693E-1
8.73764200E+3	1.17351277E+2	6.28976069E-8	1.00799307E+2	-4.08463805E+1	1.08760872E+2	-3.85002403E-1
9.36908711E+3	1.15011111E+2	5.77182540E-8	9.97747586E+1	-3.89897817E+1	1.07122387E+2	-3.72531195E-1
1.00461650E+4	1.12803470E+2	5.28970041E-8	9.87890180E+1	-3.72085170E+1	1.05563933E+2	-3.60213214E-1
1.07721735E+4	1.10711690E+2	4.84224105E-8	9.78314303E+1	-3.54978034E+1	1.04072489E+2	-3.48073315E-1
1.15506485E+4	1.08741801E+2	4.42606220E-8	9.69168382E+1	-3.38531810E+1	1.02659201E+2	-3.36052271E-1
1.23853818E+4	1.06882668E+2	4.03891464E-8	9.60436214E+1	-3.22648575E+1	1.01318303E+2	-3.24094372E-1
1.32804389E+4	1.05119065E+2	3.68234661E-8	9.51883442E+1	-3.07455474E+1	1.00030544E+2	-3.12419162E-1
1.42401793E+4	1.03463000E+2	3.35043917E-8	9.43835280E+1	-2.92737481E+1	9.88190414E+1	-3.00749246E-1
1.52692775E+4	1.01908599E+2	3.04439917E-8	9.36145724E+1	-2.78646802E+1	9.76735879E+1	-2.89302450E-1
1.63727458E+4	1.00447975E+2	2.76127627E-8	9.28856627E+1	-2.65033660E+1	9.65928391E+1	-2.77947327E-1
1.75559587E+4	9.90730112E+1	2.50215464E-8	9.21803573E+1	-2.52064826E+1	9.55645621E+1	-2.66922247E-1
1.88246790E+4	9.77663596E+1	2.26210089E-8	9.15050747E+1	-2.39361395E+1	9.45839205E+1	-2.55849891E-1
2.01850863E+4	9.65695642E+1	2.04194622E-8	9.08851760E+1	-2.27294088E+1	9.36842666E+1	-2.45062671E-1
2.16438064E+4	9.54373373E+1	1.84142193E-8	9.02807146E+1	-2.15764567E+1	9.28232245E+1	-2.34592583E-1
2.32079442E+4	9.43817008E+1	1.65663810E-8	8.97178656E+1	-2.04555350E+1	9.20202408E+1	-2.24166591E-1
2.48851178E+4	9.33890460E+1	1.48940635E-8	8.91712564E+1	-1.93933896E+1	9.12557860E+1	-2.14149852E-1
2.66834962E+4	9.24861942E+1	1.33507655E-8	8.86854855E+1	-1.83593902E+1	9.05659042E+1	-2.04133324E-1
2.86118383E+4	9.16114122E+1	1.19607569E-8	8.81893675E+1	-1.73720063E+1	8.98841057E+1	-1.94495117E-1
3.06795364E+4	9.08195592E+1	1.06877889E-8	8.77475188E+1	-1.64183969E+1	8.92703253E+1	-1.84970713E-1
3.28966612E+4	9.00718879E+1	9.53875623E-9	8.73181040E+1	-1.55066142E+1	8.86843079E+1	-1.75755290E-1
3.52740116E+4	8.93784204E+1	8.49452148E-9	8.69173761E+1	-1.46255738E+1	8.81393089E+1	-1.66708125E-1
3.78231664E+4	8.87342446E+1	7.55114798E-9	8.65399212E+1	-1.37802938E+1	8.76302147E+1	-1.57910502E-1
4.05565415E+4	8.81340105E+1	6.69564402E-9	8.61851267E+1	-1.29601194E+1	8.71541213E+1	-1.49257025E-1
4.34874501E+4	8.75721808E+1	5.92644351E-9	8.58458354E+1	-1.21737207E+1	8.67047116E+1	-1.40869826E-1
4.66301673E+4	8.70549828E+1	5.23601448E-9	8.55295294E+1	-1.14224007E+1	8.62888852E+1	-1.32763628E-1
5.00000000E+4	8.65640353E+1	4.61007083E-9	8.52244983E+1	-1.06846277E+1	8.58916554E+1	-1.24719662E-1
5.36133611E+4	8.61148496E+1	4.04865069E-9	8.49431639E+1	-9.97630437E+0	8.55270003E+1	-1.16911233E-1
5.74878498E+4	8.56915574E+1	3.54384144E-9	8.46727768E+1	-9.28778224E+0	8.51806440E+1	-1.09253521E-1
6.16423370E+4	8.53021806E+1	3.09122093E-9	8.44216338E+1	-8.62189792E+0	8.48607651E+1	-1.01776138E-1
6.60970574E+4	8.49373986E+1	2.68765851E-9	8.41807692E+1	-7.98082747E+0	8.45582376E+1	-9.45233066E-2
7.08737081E+4	8.46010732E+1	2.32303272E-9	8.39580082E+1	-7.34781714E+0	8.42789274E+1	-8.72953425E-2
7.59955541E+4	8.42831198E+1	1.99740141E-9	8.37420016E+1	-6.73158501E+0	8.40121250E+1	-8.02123389E-2
8.14875417E+4	8.39951753E+1	1.70799504E-9	8.35444187E+1	-6.13662370E+0	8.37694938E+1	-7.33217454E-2
8.73764200E+4	8.37169681E+1	1.44872255E-9	8.33474467E+1	-5.54964493E+0	8.35320031E+1	-6.64863167E-2
9.36908711E+4	8.34642515E+1	1.21528350E-9	8.31677216E+1	-4.96603730E+0	8.33158546E+1	-5.96403048E-2
1.00461650E+5	8.32189118E+1	1.00884085E-9	8.29858579E+1	-4.39773386E+0	8.31023032E+1	-5.29442500E-2
1.07721735E+5	8.29969873E+1	8.22212371E-10	8.28203031E+1	-3.82530763E+0	8.29085981E+1	-4.61552382E-2
1.15506485E+5	8.27926765E+1	6.56188320E-10	8.26641676E+1	-3.25929637E+0	8.27283971E+1	-3.94077560E-2
1.23853818E+5	8.26029155E+1	5.09247610E-10	8.25144935E+1	-2.70112008E+0	8.25586927E+1	-3.27234128E-2
1.32804389E+5	8.24226159E+1	3.76631199E-10	8.23673441E+1	-2.13358433E+0	8.23949754E+1	-2.58974946E-2
1.42401793E+5	8.22579452E+1	2.59293426E-10	8.22279978E+1	-1.56922186E+0	8.22429702E+1	-1.90814752E-2
1.52692775E+5	8.21051718E+1	1.55148456E-10	8.20929094E+1	-1.00327979E+0	8.20990404E+1	-1.22206625E-2
1.63727458E+5	8.19687450E+1	6.09937035E-11	8.19665762E+1	-4.21571879E-1	8.19676606E+1	-5.14317057E-3
1.75559587E+5	8.18438751E+1	-2.21228040E-11	8.18435474E+1	1.63461589E-1	8.18437112E+1	1.99724086E-3
1.88246790E+5	8.17103958E+1	-9.88390322E-11	8.16963138E+1	7.80514220E-1	8.17033541E+1	9.55245766E-3
2.01850863E+5	8.16275459E+1	-1.63085899E-10	8.16042835E+1	1.37776991E+0	8.16159139E+1	1.68819427E-2
2.16438064E+5	8.15386035E+1	-2.22253475E-10	8.14891087E+1	2.00828348E+0	8.15138523E+1	2.46398176E-2
2.32079442E+5	8.14622821E+1	-2.74726655E-10	8.13756160E+1	2.65563292E+0	8.14189375E+1	3.26226866E-2
2.48851178E+5	8.14023397E+1	-3.22713220E-10	8.12652323E+1	3.33793387E+0	8.13337571E+1	4.10514980E-2
2.66834962E+5	8.13523549E+1	-3.64865389E-10	8.11513702E+1	4.03850885E+0	8.12518004E+1	4.97241247E-2
2.86118383E+5	8.13187007E+1	-4.01293613E-10	8.10397922E+1	4.75418686E+0	8.11791266E+1	5.85977081E-2
3.06795364E+5	8.13116706E+1	-4.34962452E-10	8.09354775E+1	5.51788086E+0	8.11233560E+1	6.80709510E-2
3.28966612E+5	8.13214937E+1	-4.64291956E-10	8.08291954E+1	6.30806645E+0	8.10749709E+1	7.78840820E-2
3.52740116E+5	8.13478172E+1	-4.90306870E-10	8.07170426E+1	7.13531976E+0	8.10318160E+1	8.81700186E-2
3.78231664E+5	8.13936962E+1	-5.14342227E-10	8.05959149E+1	8.01851175E+0	8.09938232E+1	9.91639642E-2
4.05565415E+5	8.15006895E+1	-5.37101907E-10	8.04989971E+1	8.97943273E+0	8.09982945E+1	1.11087903E-1
4.34874501E+5	8.16036927E+1	-5.51155857E-10	8.03895143E+1	9.87929094E+0	8.09943277E+1	1.22279822E-1
4.66301673E+5	8.17170623E+1	-5.69272776E-10	8.02265452E+1	1.09345513E+1	8.09683724E+1	1.35460669E-1
NaN	NaN	NaN	NaN	NaN	NaN	NaN
