Start time:20240907_09-31-57	sweep/start:500.000	sweep/stop:500000.000	sweep/samplecount:100.000	sweep/xmapping:1.000	sweep/scan:0.000	sweep/averaging/sample:10.000	sweep/settling/time:0.100	sweep/settling/inaccuracy:0.010	sweep/awgcontrol:0.000	sweep/averaging/time:0.100	sweep/averaging/tc:15.000	sweep/bandwidthcontrol:2.000	sweep/sincfilter:0.000	sweep/omegasuppression:80.000	sweep/maxbandwidth:100.000	sweep/bandwidth:1250000.000	sweep/order:8.000	sweep/bandwidthoverlap:1.000																				
Frequency	Param0		Param1		RealZ		ImagZ		AbsZ		PhaseZ		
5.00000000E+2	1.13289802E+3	6.86836713E-7	1.62406522E+2	-3.97006401E+2	4.28940521E+2	-1.18248879E+0
5.36133611E+2	1.02180461E+3	6.72241452E-7	1.60808563E+2	-3.72096089E+2	4.05357742E+2	-1.16286880E+0
5.74878498E+2	9.23317349E+2	6.56656355E-7	1.59299194E+2	-3.48865959E+2	3.83514920E+2	-1.14245080E+0
6.16423370E+2	8.36281128E+2	6.40187910E-7	1.57798062E+2	-3.27205224E+2	3.63267804E+2	-1.12144099E+0
6.60970574E+2	7.59180359E+2	6.22715295E-7	1.56379825E+2	-3.07027360E+2	3.44558352E+2	-1.09970850E+0
7.08737081E+2	6.90846618E+2	6.04369088E-7	1.55003080E+2	-2.88196724E+2	3.27235874E+2	-1.07733866E+0
7.59955541E+2	6.30522711E+2	5.85071940E-7	1.53680485E+2	-2.70705223E+2	3.11286067E+2	-1.05446235E+0
8.14875417E+2	5.76999960E+2	5.65106115E-7	1.52359024E+2	-2.54357737E+2	2.96498121E+2	-1.03111609E+0
8.73764200E+2	5.29779389E+2	5.44382530E-7	1.51065317E+2	-2.39187266E+2	2.82898007E+2	-1.00748103E+0
9.36908711E+2	4.87862647E+2	5.23133257E-7	1.49778802E+2	-2.25028407E+2	2.70317362E+2	-9.83532874E-1
1.00461650E+3	4.50765177E+2	5.01374815E-7	1.48517331E+2	-2.11870318E+2	2.58740087E+2	-9.59411434E-1
1.07721735E+3	4.17885155E+2	4.79346803E-7	1.47238789E+2	-1.99623727E+2	2.48050190E+2	-9.35290476E-1
1.15506485E+3	3.88677023E+2	4.57161882E-7	1.45954996E+2	-1.88219253E+2	2.38179239E+2	-9.11203928E-1
1.23853818E+3	3.62762350E+2	4.34928185E-7	1.44670785E+2	-1.77627350E+2	2.29087565E+2	-8.87298895E-1
1.32804389E+3	3.39693931E+2	4.12827769E-7	1.43373242E+2	-1.67771070E+2	2.20687605E+2	-8.63651264E-1
1.42401793E+3	3.19183647E+2	3.91029827E-7	1.42044218E+2	-1.58624178E+2	2.12927665E+2	-8.40486046E-1
1.52692775E+3	3.00813271E+2	3.69595102E-7	1.40715541E+2	-1.50094097E+2	2.05740374E+2	-8.17636801E-1
1.63727458E+3	2.84393713E+2	3.48759303E-7	1.39333239E+2	-1.42168016E+2	1.99061540E+2	-7.95468036E-1
1.75559587E+3	2.69629689E+2	3.28531236E-7	1.37934410E+2	-1.34778743E+2	1.92850231E+2	-7.73827304E-1
1.88246790E+3	2.56342140E+2	3.09066928E-7	1.36487794E+2	-1.27900955E+2	1.87049653E+2	-7.52931501E-1
2.01850863E+3	2.44319958E+2	2.90357842E-7	1.35022216E+2	-1.21480955E+2	1.81627701E+2	-7.32655339E-1
2.16438064E+3	2.33443521E+2	2.72495513E-7	1.33521583E+2	-1.15506426E+2	1.76549563E+2	-7.13182080E-1
2.32079442E+3	2.23517632E+2	2.55506051E-7	1.31984045E+2	-1.09913476E+2	1.71757855E+2	-6.94410744E-1
2.48851178E+3	2.14440218E+2	2.39399668E-7	1.30413045E+2	-1.04681606E+2	1.67229787E+2	-6.76380708E-1
2.66834962E+3	2.06096993E+2	2.24123198E-7	1.28831654E+2	-9.97708415E+1	1.62947280E+2	-6.58952616E-1
2.86118383E+3	1.98401772E+2	2.09757143E-7	1.27202923E+2	-9.51667015E+1	1.58862472E+2	-6.42315220E-1
3.06795364E+3	1.91259567E+2	1.96185956E-7	1.25567121E+2	-9.08229633E+1	1.54970684E+2	-6.26194377E-1
3.28966612E+3	1.84620746E+2	1.83430563E-7	1.23909195E+2	-8.67336093E+1	1.51248828E+2	-6.10710644E-1
3.52740116E+3	1.78403400E+2	1.71397660E-7	1.22253696E+2	-8.28523287E+1	1.47683699E+2	-5.95607821E-1
3.78231664E+3	1.72584021E+2	1.60115064E-7	1.20581722E+2	-7.91866543E+1	1.44258373E+2	-5.81074524E-1
4.05565415E+3	1.67096352E+2	1.49484359E-7	1.18917787E+2	-7.56920558E+1	1.40963570E+2	-5.66831566E-1
4.34874501E+3	1.61919628E+2	1.39490150E-7	1.17259366E+2	-7.23659682E+1	1.37791846E+2	-5.52930435E-1
4.66301673E+3	1.57002540E+2	1.30074341E-7	1.15612551E+2	-6.91751521E+1	1.34727369E+2	-5.39195077E-1
5.00000000E+3	1.52382088E+2	1.21191039E-7	1.14007610E+2	-6.61436471E+1	1.31805605E+2	-5.25710015E-1
5.36133611E+3	1.47984043E+2	1.12848430E-7	1.12410100E+2	-6.32366195E+1	1.28976358E+2	-5.12429584E-1
5.74878498E+3	1.43798717E+2	1.04945366E-7	1.10859028E+2	-6.04289814E+1	1.26259201E+2	-4.99071522E-1
6.16423370E+3	1.39835655E+2	9.75200462E-8	1.09335459E+2	-5.77473166E+1	1.23648678E+2	-4.85926005E-1
6.60970574E+3	1.36082770E+2	9.05035874E-8	1.07863984E+2	-5.51705577E+1	1.21154569E+2	-4.72791488E-1
7.08737081E+3	1.32521008E+2	8.38727053E-8	1.06443795E+2	-5.26854566E+1	1.18768847E+2	-4.59607757E-1
7.59955541E+3	1.29134591E+2	7.76356846E-8	1.05058982E+2	-5.02927314E+1	1.16476387E+2	-4.46470588E-1
8.14875417E+3	1.25929900E+2	7.17509692E-8	1.03729628E+2	-4.79877655E+1	1.14292002E+2	-4.33301914E-1
8.73764200E+3	1.22916335E+2	6.61993386E-8	1.02467800E+2	-4.57746235E+1	1.12227298E+2	-4.20124619E-1
9.36908711E+3	1.20061711E+2	6.09832859E-8	1.01251762E+2	-4.36410389E+1	1.10256336E+2	-4.06954443E-1
1.00461650E+4	1.17368238E+2	5.60808076E-8	1.00090635E+2	-4.15851676E+1	1.08385707E+2	-3.93775402E-1
1.07721735E+4	1.14843400E+2	5.14835631E-8	9.89904834E+1	-3.96142363E+1	1.06622716E+2	-3.80663493E-1
1.15506485E+4	1.12462902E+2	4.71827310E-8	9.79381389E+1	-3.77164173E+1	1.04949547E+2	-3.67599846E-1
1.23853818E+4	1.10225006E+2	4.31680536E-8	9.69344831E+1	-3.58930333E+1	1.03366358E+2	-3.54627384E-1
1.32804389E+4	1.08127072E+2	3.94180005E-8	9.59861600E+1	-3.41373609E+1	1.01875917E+2	-3.41698252E-1
1.42401793E+4	1.06165055E+2	3.59269007E-8	9.50904030E+1	-3.24513946E+1	1.00475260E+2	-3.28875451E-1
1.52692775E+4	1.04338733E+2	3.26943395E-8	9.42441609E+1	-3.08440117E+1	9.91630790E+1	-3.16290627E-1
1.63727458E+4	1.02627604E+2	2.96921668E-8	9.34448814E+1	-2.92929385E+1	9.79286683E+1	-3.03775829E-1
1.75559587E+4	1.01025425E+2	2.69327466E-8	9.26770174E+1	-2.78155563E+1	9.67612270E+1	-2.91580054E-1
1.88246790E+4	9.95396574E+1	2.43729673E-8	9.19668718E+1	-2.63902450E+1	9.56783721E+1	-2.79445256E-1
2.01850863E+4	9.81491042E+1	2.20188946E-8	9.12908713E+1	-2.50218620E+1	9.46578956E+1	-2.67519466E-1
2.16438064E+4	9.68596068E+1	1.98585503E-8	9.06565369E+1	-2.37138935E+1	9.37067581E+1	-2.55846997E-1
2.32079442E+4	9.56559263E+1	1.78777374E-8	9.00558479E+1	-2.24570585E+1	9.28136602E+1	-2.44383875E-1
2.48851178E+4	9.45445599E+1	1.60674486E-8	8.94955090E+1	-2.12571095E+1	9.19853975E+1	-2.33200172E-1
2.66834962E+4	9.35086410E+1	1.44180653E-8	8.89632265E+1	-2.01090639E+1	9.12076225E+1	-2.22302139E-1
2.86118383E+4	9.25342455E+1	1.29177562E-8	8.84498382E+1	-1.90069399E+1	9.04689946E+1	-2.11670515E-1
3.06795364E+4	9.16506632E+1	1.15458584E-8	8.79895572E+1	-1.79482298E+1	8.98014547E+1	-2.01220846E-1
3.28966612E+4	9.08182625E+1	1.03039861E-8	8.75430314E+1	-1.69329149E+1	8.91656100E+1	-1.91064468E-1
3.52740116E+4	9.00480598E+1	9.17776119E-9	8.71250205E+1	-1.59583774E+1	8.85744831E+1	-1.81158275E-1
3.78231664E+4	8.93332343E+1	8.16095103E-9	8.67297712E+1	-1.50265672E+1	8.80218778E+1	-1.71554266E-1
4.05565415E+4	8.86746416E+1	7.24141555E-9	8.63623017E+1	-1.41314882E+1	8.75108345E+1	-1.62192915E-1
4.34874501E+4	8.80650174E+1	6.41077773E-9	8.60180744E+1	-1.32692900E+1	8.70355285E+1	-1.53055189E-1
4.66301673E+4	8.74954287E+1	5.66445903E-9	8.56886511E+1	-1.24426800E+1	8.65873274E+1	-1.44200162E-1
5.00000000E+4	8.69678619E+1	4.99183363E-9	8.53797087E+1	-1.16445692E+1	8.61701266E+1	-1.35549352E-1
5.36133611E+4	8.64757804E+1	4.38790963E-9	8.50856152E+1	-1.08758000E+1	8.57778816E+1	-1.27132451E-1
5.74878498E+4	8.60235562E+1	3.84423703E-9	8.48134272E+1	-1.01309013E+1	8.54163487E+1	-1.18885972E-1
6.16423370E+4	8.55996808E+1	3.35863577E-9	8.45513249E+1	-9.41487261E+0	8.50738880E+1	-1.10894153E-1
6.60970574E+4	8.52068938E+1	2.92382181E-9	8.43044382E+1	-8.72244134E+0	8.47544649E+1	-1.03096779E-1
7.08737081E+4	8.48472653E+1	2.53323238E-9	8.40770124E+1	-8.04739236E+0	8.44612608E+1	-9.54238446E-2
7.59955541E+4	8.45071760E+1	2.18352610E-9	8.38561843E+1	-7.38848045E+0	8.41810509E+1	-8.78820049E-2
8.14875417E+4	8.41949825E+1	1.87195908E-9	8.36502605E+1	-6.75026689E+0	8.39221795E+1	-8.05218236E-2
8.73764200E+4	8.39040101E+1	1.59362515E-9	8.34542969E+1	-6.12620768E+0	8.36788514E+1	-7.32765013E-2
9.36908711E+4	8.36322354E+1	1.34445216E-9	8.32674222E+1	-5.51151929E+0	8.34496294E+1	-6.60941713E-2
1.00461650E+5	8.33709613E+1	1.12378402E-9	8.30803882E+1	-4.91333456E+0	8.32255479E+1	-5.90707222E-2
1.07721735E+5	8.31383324E+1	9.23394503E-10	8.29144730E+1	-4.30826247E+0	8.30263272E+1	-5.19136317E-2
1.15506485E+5	8.29218572E+1	7.46599995E-10	8.27547939E+1	-3.71823152E+0	8.28382834E+1	-4.49005086E-2
1.23853818E+5	8.27150171E+1	5.88759304E-10	8.25963896E+1	-3.13020263E+0	8.26556821E+1	-3.78794456E-2
1.32804389E+5	8.25274983E+1	4.48004283E-10	8.24490176E+1	-2.54365853E+0	8.24882486E+1	-3.08414998E-2
1.42401793E+5	8.23473653E+1	3.22405894E-10	8.23009240E+1	-1.95502685E+0	8.23241414E+1	-2.37501492E-2
1.52692775E+5	8.21891560E+1	2.10477737E-10	8.21665231E+1	-1.36368474E+0	8.21778388E+1	-1.65950737E-2
1.63727458E+5	8.20412020E+1	1.10752224E-10	8.20340343E+1	-7.66796227E-1	8.20376181E+1	-9.34702122E-3
1.75559587E+5	8.19053006E+1	2.17540346E-11	8.19049838E+1	-1.60978165E-1	8.19051422E+1	-1.96542231E-3
1.88246790E+5	8.18081921E+1	-5.59797754E-11	8.18011818E+1	4.43104056E-1	8.18046868E+1	5.41656475E-3
2.01850863E+5	8.16721325E+1	-1.27860484E-10	8.16578090E+1	1.08147977E+0	8.16649705E+1	1.32432722E-2
2.16438064E+5	8.15781301E+1	-1.91047519E-10	8.15414994E+1	1.72825339E+0	8.15598127E+1	2.11915962E-2
2.32079442E+5	8.14939309E+1	-2.46902959E-10	8.14238342E+1	2.38902036E+0	8.14588750E+1	2.93321313E-2
2.48851178E+5	8.14245412E+1	-2.97521589E-10	8.13078803E+1	3.07982403E+0	8.13661899E+1	3.78604466E-2
2.66834962E+5	8.13727135E+1	-3.42014316E-10	8.11959325E+1	3.78860915E+0	8.12842749E+1	4.66262743E-2
2.86118383E+5	8.13400415E+1	-3.81098169E-10	8.10882163E+1	4.51881751E+0	8.12140313E+1	5.56695863E-2
3.06795364E+5	8.13182549E+1	-4.16239405E-10	8.09735336E+1	5.28327049E+0	8.11457111E+1	6.51545376E-2
3.28966612E+5	8.13270345E+1	-4.47973481E-10	8.08684439E+1	6.08973068E+0	8.10974150E+1	7.51622955E-2
3.52740116E+5	8.13362696E+1	-4.76074788E-10	8.07415783E+1	6.92933465E+0	8.10383784E+1	8.56113548E-2
3.78231664E+5	8.13820061E+1	-5.00976739E-10	8.06251011E+1	7.81185201E+0	8.10026695E+1	9.65895504E-2
4.05565415E+5	8.15141432E+1	-5.23842802E-10	8.05602590E+1	8.76583175E+0	8.10357972E+1	1.08384722E-1
4.34874501E+5	8.15594087E+1	-5.45284429E-10	8.03724885E+1	9.76665693E+0	8.09637729E+1	1.20924793E-1
4.66301673E+5	8.16891944E+1	-5.56827919E-10	8.02632042E+1	1.06965930E+1	8.09730564E+1	1.32488619E-1
5.00000000E+5	8.18534977E+1	-5.75303754E-10	8.01003236E+1	1.18499422E+1	8.09721648E+1	1.46873639E-1
