Start time:20240905_12-52-10	sweep/start:500.000	sweep/stop:500000.000	sweep/samplecount:100.000	sweep/xmapping:1.000	sweep/scan:0.000	sweep/averaging/sample:10.000	sweep/settling/time:0.100	sweep/settling/inaccuracy:0.010	sweep/awgcontrol:0.000	sweep/averaging/time:0.100	sweep/averaging/tc:15.000	sweep/bandwidthcontrol:2.000	sweep/sincfilter:0.000	sweep/omegasuppression:80.000	sweep/maxbandwidth:100.000	sweep/bandwidth:1250000.000	sweep/order:8.000	sweep/bandwidthoverlap:1.000																				
Frequency	Param0		Param1		RealZ		ImagZ		AbsZ		PhaseZ		
5.00000000E+2	1.11561944E+3	6.64049974E-7	1.73862661E+2	-4.04642645E+2	4.40413442E+2	-1.16497691E+0
5.36133611E+2	1.00872566E+3	6.48851400E-7	1.72102783E+2	-3.79453185E+2	4.16658321E+2	-1.14499020E+0
5.74878498E+2	9.13770287E+2	6.32663846E-7	1.70465186E+2	-3.55959833E+2	3.94671796E+2	-1.12417987E+0
6.16423370E+2	8.28805388E+2	6.15706407E-7	1.68925452E+2	-3.33871699E+2	3.74173972E+2	-1.10239281E+0
6.60970574E+2	7.53891763E+2	5.97644576E-7	1.67483638E+2	-3.13390626E+2	3.55337124E+2	-1.07998978E+0
7.08737081E+2	6.87906076E+2	5.78652999E-7	1.66075380E+2	-2.94386004E+2	3.38000263E+2	-1.05716076E+0
7.59955541E+2	6.29685989E+2	5.58952036E-7	1.64647722E+2	-2.76708126E+2	3.21988023E+2	-1.03404431E+0
8.14875417E+2	5.78114942E+2	5.38549591E-7	1.63258597E+2	-2.60247594E+2	3.07216853E+2	-1.01053024E+0
8.73764200E+2	5.32546285E+2	5.17556859E-7	1.61882822E+2	-2.44957084E+2	2.93615469E+2	-9.86823098E-1
9.36908711E+2	4.91760396E+2	4.96213998E-7	1.60523682E+2	-2.30588913E+2	2.80961080E+2	-9.62661236E-1
1.00461650E+3	4.56031488E+2	4.74595635E-7	1.59097304E+2	-2.17350855E+2	2.69357306E+2	-9.38925624E-1
1.07721735E+3	4.24048532E+2	4.52603503E-7	1.57787897E+2	-2.04969973E+2	2.58669125E+2	-9.14737024E-1
1.15506485E+3	3.95675222E+2	4.30758422E-7	1.56387659E+2	-1.93446597E+2	2.48754296E+2	-8.90937422E-1
1.23853818E+3	3.70616251E+2	4.08963948E-7	1.54990098E+2	-1.82811120E+2	2.39670277E+2	-8.67571816E-1
1.32804389E+3	3.48240443E+2	3.87525525E-7	1.53540354E+2	-1.72899690E+2	2.31233543E+2	-8.44633215E-1
1.42401793E+3	3.28210011E+2	3.66367941E-7	1.52123616E+2	-1.63667010E+2	2.23446837E+2	-8.21935842E-1
1.52692775E+3	3.10345576E+2	3.45812076E-7	1.50642073E+2	-1.55106597E+2	2.16220017E+2	-7.99999064E-1
1.63727458E+3	2.94227252E+2	3.25951600E-7	1.49099395E+2	-1.47100187E+2	2.09449516E+2	-7.78648709E-1
1.75559587E+3	2.79868154E+2	3.06718344E-7	1.47563641E+2	-1.39725904E+2	2.03219980E+2	-7.58123283E-1
1.88246790E+3	2.66872407E+2	2.88304541E-7	1.45977028E+2	-1.32845559E+2	1.97375881E+2	-7.38336809E-1
2.01850863E+3	2.55008501E+2	2.70804888E-7	1.44310298E+2	-1.26391797E+2	1.91834175E+2	-7.19301901E-1
2.16438064E+3	2.44308639E+2	2.54049405E-7	1.42667966E+2	-1.20419533E+2	1.86694978E+2	-7.01032232E-1
2.32079442E+3	2.34485781E+2	2.38288186E-7	1.40929480E+2	-1.14825247E+2	1.81785472E+2	-6.83682940E-1
2.48851178E+3	2.25475340E+2	2.23326510E-7	1.39191364E+2	-1.09590059E+2	1.77155917E+2	-6.66969754E-1
2.66834962E+3	2.17167654E+2	2.09266880E-7	1.37400413E+2	-1.04690253E+2	1.72739470E+2	-6.51096162E-1
2.86118383E+3	2.09465800E+2	1.96071462E-7	1.35564473E+2	-1.00091917E+2	1.68511483E+2	-6.35993219E-1
3.06795364E+3	2.02309963E+2	1.83620003E-7	1.33733812E+2	-9.57650658E+1	1.64486114E+2	-6.21441324E-1
3.28966612E+3	1.95584356E+2	1.71975098E-7	1.31853035E+2	-9.16687815E+1	1.60587640E+2	-6.07520495E-1
3.52740116E+3	1.89275787E+2	1.61026778E-7	1.29969829E+2	-8.77951240E+1	1.56844322E+2	-5.94095753E-1
3.78231664E+3	1.83313355E+2	1.50754178E-7	1.28072683E+2	-8.41119499E+1	1.53223474E+2	-5.81106937E-1
4.05565415E+3	1.77699054E+2	1.41114313E-7	1.26178600E+2	-8.06273950E+1	1.49739164E+2	-5.68599346E-1
4.34874501E+3	1.72318694E+2	1.32091162E-7	1.24255264E+2	-7.72795795E+1	1.46326705E+2	-5.56397351E-1
4.66301673E+3	1.67244470E+2	1.23550883E-7	1.22387795E+2	-7.40939159E+1	1.43068800E+2	-5.44382691E-1
5.00000000E+3	1.62406422E+2	1.15510341E-7	1.20539053E+2	-7.10397887E+1	1.39915388E+2	-5.32552426E-1
5.36133611E+3	1.57759183E+2	1.07935055E-7	1.18703534E+2	-6.80884909E+1	1.36845067E+2	-5.20782411E-1
5.74878498E+3	1.53327112E+2	1.00803600E-7	1.16894139E+2	-6.52594864E+1	1.33876961E+2	-5.09176851E-1
6.16423370E+3	1.49102016E+2	9.40448837E-8	1.15140717E+2	-6.25326121E+1	1.31025619E+2	-4.97528185E-1
6.60970574E+3	1.45039717E+2	8.76854803E-8	1.13403774E+2	-5.98968682E+1	1.28249955E+2	-4.85931555E-1
7.08737081E+3	1.41182736E+2	8.16363923E-8	1.11745827E+2	-5.73537377E+1	1.25604862E+2	-4.74192694E-1
7.59955541E+3	1.37504499E+2	7.59310577E-8	1.10131598E+2	-5.49055629E+1	1.23059295E+2	-4.62482966E-1
8.14875417E+3	1.33988522E+2	7.05448174E-8	1.08562071E+2	-5.25390120E+1	1.20607095E+2	-4.50728326E-1
8.73764200E+3	1.30641411E+2	6.54175583E-8	1.07070849E+2	-5.02366357E+1	1.18270396E+2	-4.38697721E-1
9.36908711E+3	1.27470196E+2	6.05922329E-8	1.05632654E+2	-4.80287109E+1	1.16038851E+2	-4.26736296E-1
1.00461650E+4	1.24460525E+2	5.60414370E-8	1.04252314E+2	-4.58993740E+1	1.13909164E+2	-4.14734728E-1
1.07721735E+4	1.21608188E+2	5.17386619E-8	1.02939838E+2	-4.38373898E+1	1.11885331E+2	-4.02594166E-1
1.15506485E+4	1.18893264E+2	4.76991744E-8	1.01670472E+2	-4.18455397E+1	1.09945142E+2	-3.90449164E-1
1.23853818E+4	1.16344102E+2	4.38997777E-8	1.00471918E+2	-3.99338004E+1	1.08117136E+2	-3.78316797E-1
1.32804389E+4	1.13929506E+2	4.03211186E-8	9.93339711E+1	-3.80766604E+1	1.06381719E+2	-3.66044571E-1
1.42401793E+4	1.11669093E+2	3.69772000E-8	9.82572260E+1	-3.63016886E+1	1.04748724E+2	-3.53901042E-1
1.52692775E+4	1.09521248E+2	3.38535843E-8	9.72197575E+1	-3.45824611E+1	1.03187349E+2	-3.41756423E-1
1.63727458E+4	1.07517931E+2	3.09390597E-8	9.62468449E+1	-3.29363799E+1	1.01726405E+2	-3.29715788E-1
1.75559587E+4	1.05616978E+2	2.82170917E-8	9.53162489E+1	-3.13341057E+1	1.00334511E+2	-3.17609387E-1
1.88246790E+4	1.03862378E+2	2.57031842E-8	9.44458960E+1	-2.98219292E+1	9.90422904E+1	-3.05849103E-1
2.01850863E+4	1.02199515E+2	2.33602599E-8	9.36167404E+1	-2.83459158E+1	9.78140349E+1	-2.94011548E-1
2.16438064E+4	1.00646956E+2	2.12003916E-8	9.28305512E+1	-2.69369831E+1	9.66597766E+1	-2.82417627E-1
2.32079442E+4	9.91971795E+1	1.92064236E-8	9.20893890E+1	-2.55842030E+1	9.55772337E+1	-2.70985346E-1
2.48851178E+4	9.78463743E+1	1.73610200E-8	9.13984374E+1	-2.42760471E+1	9.45674648E+1	-2.59612699E-1
2.66834962E+4	9.65722254E+1	1.56747087E-8	9.07284606E+1	-2.30259665E+1	9.36047505E+1	-2.48542421E-1
2.86118383E+4	9.53867348E+1	1.41236820E-8	9.01015949E+1	-2.18219701E+1	9.27065094E+1	-2.37617452E-1
3.06795364E+4	9.42902682E+1	1.26986750E-8	8.95211963E+1	-2.06623544E+1	9.18747930E+1	-2.26837207E-1
3.28966612E+4	9.32597459E+1	1.14013259E-8	8.89626939E+1	-1.95519104E+1	9.10858838E+1	-2.16337123E-1
3.52740116E+4	9.23023618E+1	1.02155960E-8	8.84398435E+1	-1.84824357E+1	9.03504645E+1	-2.06018079E-1
3.78231664E+4	9.14078324E+1	9.13388242E-9	8.79455140E+1	-1.74497924E+1	8.96599621E+1	-1.95871969E-1
4.05565415E+4	9.05813275E+1	8.15393013E-9	8.74823845E+1	-1.64652015E+1	8.90183718E+1	-1.86035317E-1
4.34874501E+4	8.98114263E+1	7.26148511E-9	8.70473051E+1	-1.55115851E+1	8.84185649E+1	-1.76346159E-1
4.66301673E+4	8.90902800E+1	6.45295234E-9	8.66324494E+1	-1.45920465E+1	8.78527698E+1	-1.66869958E-1
5.00000000E+4	8.84229499E+1	5.72334853E-9	8.62429614E+1	-1.37116182E+1	8.73261533E+1	-1.57668620E-1
5.36133611E+4	8.78039021E+1	5.06071091E-9	8.58797152E+1	-1.28549044E+1	8.68364791E+1	-1.48581854E-1
5.74878498E+4	8.72207992E+1	4.46383684E-9	8.55292544E+1	-1.20281543E+1	8.63708858E+1	-1.39715787E-1
6.16423370E+4	8.66784681E+1	3.92489470E-9	8.51992492E+1	-1.12262310E+1	8.59356759E+1	-1.31009722E-1
6.60970574E+4	8.61812090E+1	3.44100989E-9	8.48935644E+1	-1.04552701E+1	8.55349637E+1	-1.22540327E-1
7.08737081E+4	8.57140300E+1	3.00461014E-9	8.46013057E+1	-9.70246634E+0	8.51558504E+1	-1.14185724E-1
7.59955541E+4	8.52799391E+1	2.61210725E-9	8.43258844E+1	-8.96947122E+0	8.48015701E+1	-1.05968322E-1
8.14875417E+4	8.48732731E+1	2.26119870E-9	8.40616400E+1	-8.25997301E+0	8.44664817E+1	-9.79464821E-2
8.73764200E+4	8.44985369E+1	1.94507160E-9	8.38161254E+1	-7.56286724E+0	8.41566394E+1	-8.99879571E-2
9.36908711E+4	8.41484466E+1	1.66189129E-9	8.35819905E+1	-6.88079526E+0	8.38647403E+1	-8.21386672E-2
1.00461650E+5	8.38296171E+1	1.40709135E-9	8.33674516E+1	-6.20721082E+0	8.35982149E+1	-7.43189125E-2
1.07721735E+5	8.35172525E+1	1.18152487E-9	8.31463592E+1	-5.55322824E+0	8.33315995E+1	-6.66895470E-2
1.15506485E+5	8.32388320E+1	9.77797299E-10	8.29494064E+1	-4.89975501E+0	8.30939932E+1	-5.90006392E-2
1.23853818E+5	8.29763835E+1	7.96105524E-10	8.27576889E+1	-4.25424764E+0	8.28669641E+1	-5.13608605E-2
1.32804389E+5	8.27342616E+1	6.32567388E-10	8.25767753E+1	-3.60613815E+0	8.26554809E+1	-4.36423977E-2
1.42401793E+5	8.25119560E+1	4.88023147E-10	8.24049863E+1	-2.96897217E+0	8.24584538E+1	-3.60134576E-2
1.52692775E+5	8.23013573E+1	3.58011141E-10	8.22356417E+1	-2.32467307E+0	8.22684929E+1	-2.82609141E-2
1.63727458E+5	8.21114730E+1	2.42088062E-10	8.20771497E+1	-1.67842114E+0	8.20943095E+1	-2.04464593E-2
1.75559587E+5	8.19407825E+1	1.38762817E-10	8.19278938E+1	-1.02756528E+0	8.19343379E+1	-1.25416552E-2
1.88246790E+5	8.18003372E+1	5.24584116E-11	8.17960364E+1	-4.15041923E-1	8.17981867E+1	-5.07468179E-3
2.01850863E+5	8.16430244E+1	-3.65605114E-11	8.16418536E+1	3.09068687E-1	8.16424390E+1	3.78564522E-3
2.16438064E+5	8.15173460E+1	-1.10032728E-10	8.15052181E+1	9.94193251E-1	8.15112818E+1	1.21973046E-2
2.32079442E+5	8.13983113E+1	-1.75299756E-10	8.13630836E+1	1.69293551E+0	8.13806956E+1	2.08041734E-2
2.48851178E+5	8.13067042E+1	-2.33767270E-10	8.12349539E+1	2.41419697E+0	8.12708211E+1	2.97099472E-2
2.66834962E+5	8.12402828E+1	-2.86841907E-10	8.11164598E+1	3.16916731E+0	8.11783477E+1	3.90495073E-2
2.86118383E+5	8.11800972E+1	-3.32463046E-10	8.09894298E+1	3.92958486E+0	8.10847075E+1	4.84817161E-2
3.06795364E+5	8.11338329E+1	-3.74038852E-10	8.08571189E+1	4.73004509E+0	8.09953577E+1	5.84322351E-2
3.28966612E+5	8.11155269E+1	-4.10276895E-10	8.07335011E+1	5.55349458E+0	8.09242886E+1	6.86798014E-2
3.52740116E+5	8.11167111E+1	-4.43295561E-10	8.06047421E+1	6.42390001E+0	8.08603214E+1	7.95282276E-2
3.78231664E+5	8.11596476E+1	-4.72391956E-10	8.04914223E+1	7.33382872E+0	8.08248443E+1	9.08622014E-2
4.05565415E+5	8.11900101E+1	-4.95624734E-10	8.03451615E+1	8.23862999E+0	8.07664808E+1	1.02183404E-1
4.34874501E+5	8.13084307E+1	-5.19645598E-10	8.02388764E+1	9.26345744E+0	8.07718825E+1	1.14939386E-1
4.66301673E+5	8.14359695E+1	-5.41448254E-10	8.00990196E+1	1.03478320E+1	8.07647271E+1	1.28475956E-1
5.00000000E+5	8.15699247E+1	-5.59185928E-10	7.99285515E+1	1.14534733E+1	8.07450662E+1	1.42327495E-1
