Start time:20240908_07-11-53	sweep/start:500.000	sweep/stop:500000.000	sweep/samplecount:100.000	sweep/xmapping:1.000	sweep/scan:0.000	sweep/averaging/sample:10.000	sweep/settling/time:0.100	sweep/settling/inaccuracy:0.010	sweep/awgcontrol:0.000	sweep/averaging/time:0.100	sweep/averaging/tc:15.000	sweep/bandwidthcontrol:2.000	sweep/sincfilter:0.000	sweep/omegasuppression:80.000	sweep/maxbandwidth:100.000	sweep/bandwidth:1250000.000	sweep/order:8.000	sweep/bandwidthoverlap:1.000																				
Frequency	Param0		Param1		RealZ		ImagZ		AbsZ		PhaseZ		
5.00000000E+2	1.22830954E+3	7.01859241E-7	1.47363443E+2	-3.99113286E+2	4.25449717E+2	-1.21709637E+0
5.36133611E+2	1.10351708E+3	6.89272771E-7	1.45868236E+2	-3.73751641E+2	4.01208008E+2	-1.19869620E+0
5.74878498E+2	9.92018905E+2	6.75961702E-7	1.44467731E+2	-3.49919287E+2	3.78568983E+2	-1.17925318E+0
6.16423370E+2	8.92952849E+2	6.61657438E-7	1.43181867E+2	-3.27648264E+2	3.57567431E+2	-1.15880685E+0
6.60970574E+2	8.06033795E+2	6.46374497E-7	1.41866283E+2	-3.06957351E+2	3.38155121E+2	-1.13786857E+0
7.08737081E+2	7.29175938E+2	6.29838923E-7	1.40695142E+2	-2.87743324E+2	3.20298886E+2	-1.11601903E+0
7.59955541E+2	6.60767293E+2	6.12467347E-7	1.39572890E+2	-2.69711805E+2	3.03685827E+2	-1.09325558E+0
8.14875417E+2	6.00471246E+2	5.94160544E-7	1.38458588E+2	-2.52921973E+2	2.88340644E+2	-1.06992362E+0
8.73764200E+2	5.47084317E+2	5.74875454E-7	1.37413884E+2	-2.37264233E+2	2.74184088E+2	-1.04584154E+0
9.36908711E+2	5.00125167E+2	5.54772757E-7	1.36358236E+2	-2.22716376E+2	2.61143948E+2	-1.02141767E+0
1.00461650E+3	4.58414374E+2	5.33810524E-7	1.35389523E+2	-2.09127064E+2	2.49127411E+2	-9.96248829E-1
1.07721735E+3	4.21640714E+2	5.12396173E-7	1.34354383E+2	-1.96464124E+2	2.38011051E+2	-9.70983379E-1
1.15506485E+3	3.89242490E+2	4.90272718E-7	1.33385566E+2	-1.84736576E+2	2.27858109E+2	-9.45436829E-1
1.23853818E+3	3.60390605E+2	4.67832856E-7	1.32423560E+2	-1.73747503E+2	2.18458689E+2	-9.19557554E-1
1.32804389E+3	3.34895041E+2	4.45104634E-7	1.31479481E+2	-1.63538855E+2	2.09837597E+2	-8.93642522E-1
1.42401793E+3	3.12276810E+2	4.22363424E-7	1.30514922E+2	-1.54021526E+2	2.01883082E+2	-8.67824691E-1
1.52692775E+3	2.92266199E+2	3.99637089E-7	1.29567914E+2	-1.45191143E+2	1.94597833E+2	-8.42198530E-1
1.63727458E+3	2.74481357E+2	3.77147134E-7	1.28617112E+2	-1.36969456E+2	1.87890916E+2	-8.16836478E-1
1.75559587E+3	2.58646875E+2	3.55081330E-7	1.27644206E+2	-1.29312508E+2	1.81699674E+2	-7.91890608E-1
1.88246790E+3	2.44567341E+2	3.33611347E-7	1.26632985E+2	-1.22206282E+2	1.75983779E+2	-7.67610621E-1
2.01850863E+3	2.31986234E+2	3.12742912E-7	1.25623264E+2	-1.15592639E+2	1.70712816E+2	-7.43838507E-1
2.16438064E+3	2.20708888E+2	2.92605084E-7	1.24601885E+2	-1.09430850E+2	1.65833477E+2	-7.20664312E-1
2.32079442E+3	2.10594950E+2	2.73294113E-7	1.23563083E+2	-1.03701126E+2	1.61312617E+2	-6.98223771E-1
2.48851178E+3	2.01468782E+2	2.54920933E-7	1.22483819E+2	-9.83584146E+1	1.57088080E+2	-6.76586923E-1
2.66834962E+3	1.93204113E+2	2.37496002E-7	1.21372997E+2	-9.33721385E+1	1.53133150E+2	-6.55738565E-1
2.86118383E+3	1.85716540E+2	2.20948926E-7	1.20269330E+2	-8.87202942E+1	1.49452345E+2	-6.35569643E-1
3.06795364E+3	1.78906450E+2	2.05462168E-7	1.19105790E+2	-8.43955171E+1	1.45975319E+2	-6.16458576E-1
3.28966612E+3	1.72658919E+2	1.90881326E-7	1.17932084E+2	-8.03370898E+1	1.42695570E+2	-5.98006930E-1
3.52740116E+3	1.66896377E+2	1.77195752E-7	1.16742954E+2	-7.65183489E+1	1.39585012E+2	-5.80192050E-1
3.78231664E+3	1.61579320E+2	1.64414512E-7	1.15530083E+2	-7.29388199E+1	1.36628225E+2	-5.63145792E-1
4.05565415E+3	1.56653216E+2	1.52485855E-7	1.14301478E+2	-6.95763211E+1	1.33812158E+2	-5.46798466E-1
4.34874501E+3	1.52066656E+2	1.41353408E-7	1.13064107E+2	-6.64062293E+1	1.31123150E+2	-5.31053121E-1
4.66301673E+3	1.47748981E+2	1.30951727E-7	1.11817511E+2	-6.33858566E+1	1.28533743E+2	-5.15701989E-1
5.00000000E+3	1.43704263E+2	1.21301030E-7	1.10550733E+2	-6.05404479E+1	1.26042102E+2	-5.01018675E-1
5.36133611E+3	1.39906527E+2	1.12264487E-7	1.09307010E+2	-5.78337371E+1	1.23663916E+2	-4.86651392E-1
5.74878498E+3	1.36333157E+2	1.03848750E-7	1.08069901E+2	-5.52666865E+1	1.21381673E+2	-4.72724054E-1
6.16423370E+3	1.32934280E+2	9.59592761E-8	1.06851856E+2	-5.27916183E+1	1.19181687E+2	-4.58887263E-1
6.60970574E+3	1.29718673E+2	8.86289112E-8	1.05636582E+2	-5.04375789E+1	1.17059973E+2	-4.45456156E-1
7.08737081E+3	1.26692388E+2	8.17708160E-8	1.04460350E+2	-4.81909327E+1	1.15040562E+2	-4.32237801E-1
7.59955541E+3	1.23811265E+2	7.53994169E-8	1.03288164E+2	-4.60412123E+1	1.13085093E+2	-4.19318151E-1
8.14875417E+3	1.21068813E+2	6.94354845E-8	1.02145801E+2	-4.39648246E+1	1.11205534E+2	-4.06446095E-1
8.73764200E+3	1.18485129E+2	6.38480597E-8	1.01054022E+2	-4.19700279E+1	1.09423026E+2	-3.93645405E-1
9.36908711E+3	1.16031375E+2	5.86502925E-8	9.99848905E+1	-4.00550358E+1	1.07709723E+2	-3.81032898E-1
1.00461650E+4	1.13709348E+2	5.37973215E-8	9.89552439E+1	-3.82098910E+1	1.06076087E+2	-3.68495260E-1
1.07721735E+4	1.11522818E+2	4.92767591E-8	9.79688569E+1	-3.64398942E+1	1.04526375E+2	-3.56097410E-1
1.15506485E+4	1.09440723E+2	4.50772497E-8	9.70058036E+1	-3.47312411E+1	1.03035845E+2	-3.43812822E-1
1.23853818E+4	1.07498411E+2	4.11599256E-8	9.61044344E+1	-3.30909575E+1	1.01641891E+2	-3.31608332E-1
1.32804389E+4	1.05654070E+2	3.75294135E-8	9.52291965E+1	-3.15079695E+1	1.00306292E+2	-3.19527047E-1
1.42401793E+4	1.03933846E+2	3.41586694E-8	9.44077632E+1	-2.99889306E+1	9.90563574E+1	-3.07572707E-1
1.52692775E+4	1.02312647E+2	3.10462833E-8	9.36183269E+1	-2.85297539E+1	9.78689880E+1	-2.95804687E-1
1.63727458E+4	1.00783505E+2	2.81801524E-8	9.28569642E+1	-2.71299236E+1	9.67390830E+1	-2.84256975E-1
1.75559587E+4	9.93571532E+1	2.55228119E-8	9.21469846E+1	-2.57758607E+1	9.56841787E+1	-2.72754133E-1
1.88246790E+4	9.80182932E+1	2.30865165E-8	9.14658209E+1	-2.44811496E+1	9.46853928E+1	-2.61523503E-1
2.01850863E+4	9.67740939E+1	2.08419984E-8	9.08304897E+1	-2.32348865E+1	9.37552042E+1	-2.50434621E-1
2.16438064E+4	9.56186342E+1	1.87812891E-8	9.02366084E+1	-2.20375958E+1	9.28886497E+1	-2.39531423E-1
2.32079442E+4	9.45330681E+1	1.68991096E-8	8.96671791E+1	-2.08880348E+1	9.20679832E+1	-2.28869058E-1
2.48851178E+4	9.35063815E+1	1.51917148E-8	8.91102982E+1	-1.97922675E+1	9.12818789E+1	-2.18561748E-1
2.66834962E+4	9.25668932E+1	1.36168875E-8	8.86096423E+1	-1.87256594E+1	9.05666566E+1	-2.08263331E-1
2.86118383E+4	9.16867108E+1	1.21937302E-8	8.81267381E+1	-1.77123499E+1	8.98891022E+1	-1.98344661E-1
3.06795364E+4	9.08701379E+1	1.08978882E-8	8.76752070E+1	-1.67366669E+1	8.92583785E+1	-1.88624613E-1
3.28966612E+4	9.01052050E+1	9.72021227E-9	8.72459042E+1	-1.57943713E+1	8.86640293E+1	-1.79093160E-1
3.52740116E+4	8.93943297E+1	8.65542227E-9	8.68405202E+1	-1.48920803E+1	8.81081727E+1	-1.69835705E-1
3.78231664E+4	8.87447344E+1	7.69136129E-9	8.64694792E+1	-1.40264054E+1	8.75997201E+1	-1.60811508E-1
4.05565415E+4	8.81327270E+1	6.82077941E-9	8.61120896E+1	-1.31909520E+1	8.71165500E+1	-1.52001936E-1
4.34874501E+4	8.75617022E+1	6.03469352E-9	8.57736487E+1	-1.23841756E+1	8.66630642E+1	-1.43391148E-1
4.66301673E+4	8.70358801E+1	5.32698752E-9	8.54589536E+1	-1.16087218E+1	8.62438127E+1	-1.35013345E-1
5.00000000E+4	8.65381348E+1	4.69188220E-9	8.51526319E+1	-1.08618194E+1	8.58425881E+1	-1.26871918E-1
5.36133611E+4	8.60901846E+1	4.12072179E-9	8.48780370E+1	-1.01432038E+1	8.54819622E+1	-1.18939230E-1
5.74878498E+4	8.56616821E+1	3.60645883E-9	8.46081218E+1	-9.44138213E+0	8.51332722E+1	-1.11129797E-1
6.16423370E+4	8.52662680E+1	3.14615032E-9	8.43556299E+1	-8.76455286E+0	8.48097268E+1	-1.03528562E-1
6.60970574E+4	8.48963447E+1	2.73422686E-9	8.41146388E+1	-8.10880994E+0	8.45045879E+1	-9.61049090E-2
7.08737081E+4	8.45574698E+1	2.36428809E-9	8.38925659E+1	-7.46862804E+0	8.42243617E+1	-8.87920205E-2
7.59955541E+4	8.42385080E+1	2.03436166E-9	8.36782002E+1	-6.84729742E+0	8.39578867E+1	-8.16470184E-2
8.14875417E+4	8.39401570E+1	1.73846177E-9	8.34741795E+1	-6.23674787E+0	8.37068440E+1	-7.45761305E-2
8.73764200E+4	8.36725848E+1	1.47475316E-9	8.32903337E+1	-5.64249552E+0	8.34812405E+1	-6.76415518E-2
9.36908711E+4	8.34132602E+1	1.23790857E-9	8.31061900E+1	-5.05166039E+0	8.32595835E+1	-6.07109114E-2
1.00461650E+5	8.31641374E+1	1.02807731E-9	8.29226139E+1	-4.47522647E+0	8.30432878E+1	-5.39164039E-2
1.07721735E+5	8.29431042E+1	8.39165367E-10	8.27594329E+1	-3.89877826E+0	8.28512176E+1	-4.70749711E-2
1.15506485E+5	8.27383567E+1	6.71585971E-10	8.26040204E+1	-3.33116351E+0	8.26711613E+1	-4.03050526E-2
1.23853818E+5	8.25489506E+1	5.21521376E-10	8.24564011E+1	-2.76246860E+0	8.25026628E+1	-3.34896455E-2
1.32804389E+5	8.23722081E+1	3.88002629E-10	8.23136598E+1	-2.19522751E+0	8.23429288E+1	-2.66627356E-2
1.42401793E+5	8.22081021E+1	2.68993357E-10	8.21759320E+1	-1.62590875E+0	8.21920155E+1	-1.97831231E-2
1.52692775E+5	8.20519825E+1	1.62794805E-10	8.20385077E+1	-1.05134679E+0	8.20452448E+1	-1.28145788E-2
1.63727458E+5	8.19094097E+1	6.80664023E-11	8.19067147E+1	-4.69772411E-1	8.19080622E+1	-5.73539359E-3
1.75559587E+5	8.17843751E+1	-1.57882356E-11	8.17842083E+1	1.16487579E-1	8.17842917E+1	1.42432456E-3
1.88246790E+5	8.16684881E+1	-8.30033740E-11	8.16569110E+1	6.54674261E-1	8.16626991E+1	8.01712412E-3
2.01850863E+5	8.15759970E+1	-1.59008542E-10	8.15539246E+1	1.34164628E+0	8.15649601E+1	1.64495518E-2
2.16438064E+5	8.14820846E+1	-2.18791049E-10	8.14342187E+1	1.97429539E+0	8.14581481E+1	2.42393028E-2
2.32079442E+5	8.14063002E+1	-2.71820356E-10	8.13216307E+1	2.62399277E+0	8.13639545E+1	3.22556567E-2
2.48851178E+5	8.13458466E+1	-3.19293722E-10	8.12119044E+1	3.29810740E+0	8.12788479E+1	4.05888386E-2
2.66834962E+5	8.13019649E+1	-3.61181624E-10	8.11053737E+1	3.99299569E+0	8.12036098E+1	4.91924804E-2
2.86118383E+5	8.12707767E+1	-3.99459651E-10	8.09948884E+1	4.72705381E+0	8.11327153E+1	5.82962432E-2
3.06795364E+5	8.12629271E+1	-4.33588773E-10	8.08897671E+1	5.49405046E+0	8.10761324E+1	6.78160672E-2
3.28966612E+5	8.12667380E+1	-4.63052190E-10	8.07780296E+1	6.28301119E+0	8.10220153E+1	7.76248862E-2
3.52740116E+5	8.12899676E+1	-4.89205697E-10	8.06633401E+1	7.10949821E+0	8.09760477E+1	8.79107784E-2
3.78231664E+5	8.13460762E+1	-5.12884138E-10	8.05541597E+1	7.98696228E+0	8.09491495E+1	9.88272000E-2
4.05565415E+5	8.13949678E+1	-5.31264532E-10	8.04184369E+1	8.86140495E+0	8.09052286E+1	1.09748674E-1
4.34874501E+5	8.15137969E+1	-5.50415187E-10	8.03067476E+1	9.84505787E+0	8.09080205E+1	1.21984287E-1
4.66301673E+5	8.16609432E+1	-5.68391853E-10	8.01780297E+1	1.09035051E+1	8.09160882E+1	1.35161645E-1
5.00000000E+5	8.18499214E+1	-5.82535000E-10	8.00536154E+1	1.19913487E+1	8.09467847E+1	1.48686431E-1
