Start time:20240907_14-56-36	sweep/start:500.000	sweep/stop:500000.000	sweep/samplecount:100.000	sweep/xmapping:1.000	sweep/scan:0.000	sweep/averaging/sample:10.000	sweep/settling/time:0.100	sweep/settling/inaccuracy:0.010	sweep/awgcontrol:0.000	sweep/averaging/time:0.100	sweep/averaging/tc:15.000	sweep/bandwidthcontrol:2.000	sweep/sincfilter:0.000	sweep/omegasuppression:80.000	sweep/maxbandwidth:100.000	sweep/bandwidth:1250000.000	sweep/order:8.000	sweep/bandwidthoverlap:1.000																				
Frequency	Param0		Param1		RealZ		ImagZ		AbsZ		PhaseZ		
5.00000000E+2	1.15686238E+3	6.90062088E-7	1.58695518E+2	-3.98000060E+2	4.28472160E+2	-1.19138311E+0
5.36133611E+2	1.04154361E+3	6.75909786E-7	1.57240289E+2	-3.72890991E+2	4.04687859E+2	-1.17174200E+0
5.74878498E+2	9.39758118E+2	6.61051018E-7	1.55713834E+2	-3.49408365E+2	3.82535044E+2	-1.15156578E+0
6.16423370E+2	8.50074695E+2	6.45060695E-7	1.54262306E+2	-3.27623774E+2	3.62124631E+2	-1.13073796E+0
6.60970574E+2	7.70643845E+2	6.28099240E-7	1.52875640E+2	-3.07313197E+2	3.43238144E+2	-1.10918366E+0
7.08737081E+2	6.99998787E+2	6.10025284E-7	1.51648518E+2	-2.88368409E+2	3.25812291E+2	-1.08665602E+0
7.59955541E+2	6.37925117E+2	5.91330876E-7	1.50297536E+2	-2.70719559E+2	3.09642476E+2	-1.06398626E+0
8.14875417E+2	5.82820439E+2	5.71751121E-7	1.49025117E+2	-2.54256349E+2	2.94711391E+2	-1.04064416E+0
8.73764200E+2	5.34089472E+2	5.51412052E-7	1.47777829E+2	-2.38931470E+2	2.80938690E+2	-1.01688876E+0
9.36908711E+2	4.91058148E+2	5.30236044E-7	1.46610472E+2	-2.24721152E+2	2.68317421E+2	-9.92728346E-1
1.00461650E+3	4.52877591E+2	5.08768037E-7	1.45374447E+2	-2.11430948E+2	2.56586814E+2	-9.68458653E-1
1.07721735E+3	4.18883180E+2	4.86818214E-7	1.44195868E+2	-1.99019446E+2	2.45766557E+2	-9.43795250E-1
1.15506485E+3	3.88954615E+2	4.64536892E-7	1.43022543E+2	-1.87546830E+2	2.35858575E+2	-9.19282113E-1
1.23853818E+3	3.62380171E+2	4.42261644E-7	1.41804834E+2	-1.76857658E+2	2.26687558E+2	-8.94957540E-1
1.32804389E+3	3.38805283E+2	4.20064083E-7	1.40564765E+2	-1.66929969E+2	2.18229409E+2	-8.70930961E-1
1.42401793E+3	3.17764167E+2	3.97989275E-7	1.39346259E+2	-1.57676442E+2	2.10426338E+2	-8.47033096E-1
1.52692775E+3	2.98977616E+2	3.76249018E-7	1.38113195E+2	-1.49055333E+2	2.03206176E+2	-8.23483266E-1
1.63727458E+3	2.82220490E+2	3.55045596E-7	1.36831056E+2	-1.41045316E+2	1.96510873E+2	-8.00562950E-1
1.75559587E+3	2.67235096E+2	3.34401196E-7	1.35535493E+2	-1.33603766E+2	1.90315103E+2	-7.78220876E-1
1.88246790E+3	2.53752139E+2	3.14442863E-7	1.34212662E+2	-1.26663746E+2	1.84544701E+2	-7.56469481E-1
2.01850863E+3	2.41586401E+2	2.95215662E-7	1.32873227E+2	-1.20187639E+2	1.79165745E+2	-7.35311492E-1
2.16438064E+3	2.30625101E+2	2.76842660E-7	1.31493705E+2	-1.14171585E+2	1.74142894E+2	-7.15003586E-1
2.32079442E+3	2.20646670E+2	2.59331965E-7	1.30082201E+2	-1.08539496E+2	1.69417245E+2	-6.95362500E-1
2.48851178E+3	2.11564593E+2	2.42724417E-7	1.28634807E+2	-1.03284343E+2	1.64968391E+2	-6.76523071E-1
2.66834962E+3	2.03280615E+2	2.27010821E-7	1.27162357E+2	-9.83838160E+1	1.60778237E+2	-6.58489018E-1
2.86118383E+3	1.95605144E+2	2.12148376E-7	1.25667167E+2	-9.37491630E+1	1.56783748E+2	-6.40943645E-1
3.06795364E+3	1.88548213E+2	1.98167849E-7	1.24145948E+2	-8.94163224E+1	1.52995086E+2	-6.24188759E-1
3.28966612E+3	1.82030758E+2	1.85018141E-7	1.22612830E+2	-8.53545486E+1	1.49396472E+2	-6.08124363E-1
3.52740116E+3	1.75920880E+2	1.72672453E-7	1.21052332E+2	-8.14982475E+1	1.45930231E+2	-5.92545141E-1
3.78231664E+3	1.70204515E+2	1.61071694E-7	1.19485455E+2	-7.78472138E+1	1.42607726E+2	-5.77443313E-1
4.05565415E+3	1.64836003E+2	1.50204190E-7	1.17903286E+2	-7.43876363E+1	1.39408415E+2	-5.62845653E-1
4.34874501E+3	1.59798443E+2	1.39985436E-7	1.16336112E+2	-7.11072276E+1	1.36346358E+2	-5.48630358E-1
4.66301673E+3	1.55032414E+2	1.30355412E-7	1.14788838E+2	-6.79669932E+1	1.33401613E+2	-5.34593797E-1
5.00000000E+3	1.50532337E+2	1.21299509E-7	1.13262105E+2	-6.49715616E+1	1.30574151E+2	-5.20810861E-1
5.36133611E+3	1.46276623E+2	1.12844726E-7	1.11731068E+2	-6.21273774E+1	1.27842259E+2	-5.07471590E-1
5.74878498E+3	1.42251717E+2	1.04839982E-7	1.10256505E+2	-5.93942748E+1	1.25236484E+2	-4.94119863E-1
6.16423370E+3	1.38404873E+2	9.73365710E-8	1.08787217E+2	-5.67628570E+1	1.22705668E+2	-4.80918409E-1
6.60970574E+3	1.34759900E+2	9.02631994E-8	1.07361991E+2	-5.42355361E+1	1.20283378E+2	-4.67771183E-1
7.08737081E+3	1.31316582E+2	8.36045005E-8	1.05984499E+2	-5.18151310E+1	1.17972548E+2	-4.54722978E-1
7.59955541E+3	1.28033197E+2	7.73237518E-8	1.04648129E+2	-4.94692154E+1	1.15751607E+2	-4.41586042E-1
8.14875417E+3	1.24923522E+2	7.14384952E-8	1.03346521E+2	-4.72218955E+1	1.13623991E+2	-4.28600119E-1
8.73764200E+3	1.21993913E+2	6.58845088E-8	1.02111624E+2	-4.50578805E+1	1.11610916E+2	-4.15562879E-1
9.36908711E+3	1.19209587E+2	6.06714667E-8	1.00915756E+2	-4.29666800E+1	1.09681929E+2	-4.02520803E-1
1.00461650E+4	1.16596977E+2	5.57735733E-8	9.97837276E+1	-4.09595949E+1	1.07863251E+2	-3.89511262E-1
1.07721735E+4	1.14134468E+2	5.11960163E-8	9.86969908E+1	-3.90337330E+1	1.06135425E+2	-3.76612940E-1
1.15506485E+4	1.11807638E+2	4.69119187E-8	9.76567377E+1	-3.71743262E+1	1.04492914E+2	-3.63726401E-1
1.23853818E+4	1.09622503E+2	4.29093420E-8	9.66694807E+1	-3.53858971E+1	1.02942462E+2	-3.50901408E-1
1.32804389E+4	1.07579555E+2	3.91853785E-8	9.57339258E+1	-3.36753370E+1	1.01484054E+2	-3.38241618E-1
1.42401793E+4	1.05657553E+2	3.57237494E-8	9.48407046E+1	-3.20293175E+1	1.00103130E+2	-3.25690640E-1
1.52692775E+4	1.03866813E+2	3.24931306E-8	9.40105776E+1	-3.04399118E+1	9.88158837E+1	-3.13139296E-1
1.63727458E+4	1.02180873E+2	2.95101046E-8	9.32116615E+1	-2.89142499E+1	9.75932827E+1	-3.00788037E-1
1.75559587E+4	1.00607811E+2	2.67590949E-8	9.24543399E+1	-2.74558458E+1	9.64449516E+1	-2.88671485E-1
1.88246790E+4	9.91503429E+1	2.42294691E-8	9.17429701E+1	-2.60686367E+1	9.53747708E+1	-2.76851548E-1
2.01850863E+4	9.77777102E+1	2.18882092E-8	9.10682377E+1	-2.47188068E+1	9.43633601E+1	-2.65045772E-1
2.16438064E+4	9.65099957E+1	1.97391771E-8	9.04399746E+1	-2.34301610E+1	9.34257007E+1	-2.53495472E-1
2.32079442E+4	9.53271246E+1	1.77721723E-8	8.98439022E+1	-2.21953527E+1	9.25449125E+1	-2.42194172E-1
2.48851178E+4	9.42239008E+1	1.59749362E-8	8.92786273E+1	-2.10119979E+1	9.17179391E+1	-2.31146461E-1
2.66834962E+4	9.32012814E+1	1.43320138E-8	8.87501215E+1	-1.98756211E+1	9.09484745E+1	-2.20315127E-1
2.86118383E+4	9.22509211E+1	1.28407701E-8	8.82488460E+1	-1.87930149E+1	9.02276969E+1	-2.09820481E-1
3.06795364E+4	9.13695338E+1	1.14803276E-8	8.77805840E+1	-1.77493642E+1	8.95570825E+1	-1.99511473E-1
3.28966612E+4	9.05461523E+1	1.02441247E-8	8.73358512E+1	-1.67443806E+1	8.89265162E+1	-1.89425375E-1
3.52740116E+4	8.97869493E+1	9.12907649E-9	8.69184054E+1	-1.57901598E+1	8.83410349E+1	-1.79706639E-1
3.78231664E+4	8.90824052E+1	8.11602182E-9	8.65279269E+1	-1.48672004E+1	8.77958760E+1	-1.70158187E-1
4.05565415E+4	8.84266620E+1	7.19992996E-9	8.61588621E+1	-1.39782321E+1	8.72853972E+1	-1.60836526E-1
4.34874501E+4	8.78187995E+1	6.37476726E-9	8.58109360E+1	-1.31261776E+1	8.68090628E+1	-1.51789662E-1
4.66301673E+4	8.72673449E+1	5.63155476E-9	8.54948142E+1	-1.23102445E+1	8.63765329E+1	-1.43005317E-1
5.00000000E+4	8.67360861E+1	4.96198221E-9	8.51788946E+1	-1.15169342E+1	8.59539640E+1	-1.34393764E-1
5.36133611E+4	8.62555017E+1	4.36264885E-9	8.48914093E+1	-1.07610265E+1	8.55707374E+1	-1.26089760E-1
5.74878498E+4	8.58036186E+1	3.82200147E-9	8.46163219E+1	-1.00232035E+1	8.52079023E+1	-1.17905310E-1
6.16423370E+4	8.53878577E+1	3.33764629E-9	8.43600124E+1	-9.31176528E+0	8.48723791E+1	-1.09936223E-1
6.60970574E+4	8.50032436E+1	2.90493271E-9	8.41186178E+1	-8.62632265E+0	8.45597738E+1	-1.02192272E-1
7.08737081E+4	8.46417505E+1	2.51630291E-9	8.38871431E+1	-7.95624215E+0	8.42636021E+1	-9.45617281E-2
7.59955541E+4	8.43077498E+1	2.16894643E-9	8.36698706E+1	-7.30555960E+0	8.39882047E+1	-8.70932225E-2
8.14875417E+4	8.39938048E+1	1.85892576E-9	8.34604182E+1	-6.67207525E+0	8.37266868E+1	-7.97733368E-2
8.73764200E+4	8.37062186E+1	1.58161374E-9	8.32663377E+1	-6.05203814E+0	8.34859884E+1	-7.25553110E-2
9.36908711E+4	8.34371686E+1	1.33318633E-9	8.30809155E+1	-5.44037496E+0	8.32588515E+1	-6.53894901E-2
1.00461650E+5	8.31765848E+1	1.11130079E-9	8.28943880E+1	-4.83657595E+0	8.30353665E+1	-5.82801666E-2
1.07721735E+5	8.29415106E+1	9.15337699E-10	8.27230858E+1	-4.25072632E+0	8.28322262E+1	-5.13398565E-2
1.15506485E+5	8.27286582E+1	7.39162847E-10	8.25660403E+1	-3.66423905E+0	8.26473092E+1	-4.43503923E-2
1.23853818E+5	8.25291194E+1	5.81954658E-10	8.24139930E+1	-3.08025400E+0	8.24715361E+1	-3.73579895E-2
1.32804389E+5	8.23411862E+1	4.42545972E-10	8.22651225E+1	-2.50140216E+0	8.23031455E+1	-3.03972283E-2
1.42401793E+5	8.21737632E+1	3.16901579E-10	8.21291759E+1	-1.91359651E+0	8.21514665E+1	-2.32956232E-2
1.52692775E+5	8.20107560E+1	2.05352013E-10	8.19893514E+1	-1.32472476E+0	8.20000530E+1	-1.61558711E-2
1.63727458E+5	8.18649008E+1	1.06143610E-10	8.18583587E+1	-7.31738940E-1	8.18616297E+1	-8.93884668E-3
1.75559587E+5	8.17300427E+1	1.77127799E-11	8.17298331E+1	-1.30513014E-1	8.17299379E+1	-1.59688141E-3
1.88246790E+5	8.16299381E+1	-6.15220265E-11	8.16226560E+1	4.84800421E-1	8.16262969E+1	5.93954622E-3
2.01850863E+5	8.15001904E+1	-1.31622562E-10	8.14851068E+1	1.10860677E+0	8.14926482E+1	1.36041862E-2
2.16438064E+5	8.14130296E+1	-1.94974303E-10	8.13751093E+1	1.75661345E+0	8.13940672E+1	2.15832710E-2
2.32079442E+5	8.13345253E+1	-2.49800033E-10	8.12631946E+1	2.40756404E+0	8.12988521E+1	2.96180825E-2
2.48851178E+5	8.12596108E+1	-3.01004677E-10	8.11409289E+1	3.10318463E+0	8.12002482E+1	3.82257471E-2
2.66834962E+5	8.12155381E+1	-3.44826341E-10	8.10368814E+1	3.80491281E+0	8.11261606E+1	4.69184026E-2
2.86118383E+5	8.11700032E+1	-3.84809999E-10	8.09148673E+1	4.54355563E+0	8.10423349E+1	5.60933898E-2
3.06795364E+5	8.11595096E+1	-4.18637219E-10	8.08128539E+1	5.29281036E+0	8.09859962E+1	6.54012530E-2
3.28966612E+5	8.11635126E+1	-4.50653513E-10	8.07022318E+1	6.10127497E+0	8.09325435E+1	7.54587753E-2
3.52740116E+5	8.11759468E+1	-4.78602949E-10	8.05785000E+1	6.93835490E+0	8.08766717E+1	8.58949163E-2
3.78231664E+5	8.12284482E+1	-5.03336724E-10	8.04687510E+1	7.81865403E+0	8.08477072E+1	9.68597744E-2
4.05565415E+5	8.12885971E+1	-5.29599365E-10	8.03218207E+1	8.81158012E+0	8.08037624E+1	1.09266170E-1
4.34874501E+5	8.13707745E+1	-5.43976417E-10	8.01974447E+1	9.69962860E+0	8.07819780E+1	1.20361847E-1
4.66301673E+5	8.15188206E+1	-5.61120618E-10	8.00804302E+1	1.07321295E+1	8.07964237E+1	1.33223169E-1
NaN	NaN	NaN	NaN	NaN	NaN	NaN
