Start time:20240905_19-53-51	sweep/start:500.000	sweep/stop:500000.000	sweep/samplecount:100.000	sweep/xmapping:1.000	sweep/scan:0.000	sweep/averaging/sample:10.000	sweep/settling/time:0.100	sweep/settling/inaccuracy:0.010	sweep/awgcontrol:0.000	sweep/averaging/time:0.100	sweep/averaging/tc:15.000	sweep/bandwidthcontrol:2.000	sweep/sincfilter:0.000	sweep/omegasuppression:80.000	sweep/maxbandwidth:100.000	sweep/bandwidth:1250000.000	sweep/order:8.000	sweep/bandwidthoverlap:1.000																				
Frequency	Param0		Param1		RealZ		ImagZ		AbsZ		PhaseZ		
5.00000000E+2	1.13682522E+3	6.65323986E-7	1.71050101E+2	-4.06442459E+2	4.40969022E+2	-1.17244852E+0
5.36133611E+2	1.02634086E+3	6.50503991E-7	1.69415971E+2	-3.81020325E+2	4.16987176E+2	-1.15241066E+0
5.74878498E+2	9.28095503E+2	6.34775907E-7	1.67880110E+2	-3.57246295E+2	3.94726070E+2	-1.13149431E+0
6.16423370E+2	8.42322926E+2	6.18135630E-7	1.66246840E+2	-3.35254111E+2	3.74210327E+2	-1.11044765E+0
6.60970574E+2	7.66231104E+2	6.00434251E-7	1.64756748E+2	-3.14796478E+2	3.55304993E+2	-1.08862362E+0
7.08737081E+2	6.98570943E+2	5.81792242E-7	1.63386719E+2	-2.95705716E+2	3.37841856E+2	-1.06601166E+0
7.59955541E+2	6.38385812E+2	5.62590684E-7	1.61987925E+2	-2.77795995E+2	3.21575381E+2	-1.04288235E+0
8.14875417E+2	5.85692530E+2	5.42632172E-7	1.60558575E+2	-2.61263880E+2	3.06655988E+2	-1.01975008E+0
8.73764200E+2	5.38822639E+2	5.22002971E-7	1.59206048E+2	-2.45839762E+2	2.92888673E+2	-9.96109508E-1
9.36908711E+2	4.97513694E+2	5.01061788E-7	1.57765070E+2	-2.31517628E+2	2.80161108E+2	-9.72636533E-1
1.00461650E+3	4.60582969E+2	4.79744809E-7	1.56376577E+2	-2.18107095E+2	2.68373537E+2	-9.48770650E-1
1.07721735E+3	4.28193532E+2	4.58129385E-7	1.54980855E+2	-2.05773424E+2	2.57607801E+2	-9.25274249E-1
1.15506485E+3	3.99072193E+2	4.36501694E-7	1.53592175E+2	-1.94174603E+2	2.47576949E+2	-9.01567232E-1
1.23853818E+3	3.73330690E+2	4.14992337E-7	1.52156064E+2	-1.83447647E+2	2.38336979E+2	-8.78369016E-1
1.32804389E+3	3.50419448E+2	3.93568190E-7	1.50760551E+2	-1.73495446E+2	2.29846514E+2	-8.55397628E-1
1.42401793E+3	3.29877172E+2	3.72739633E-7	1.49242934E+2	-1.64190060E+2	2.21882475E+2	-8.33050485E-1
1.52692775E+3	3.11625890E+2	3.52314826E-7	1.47725300E+2	-1.55602868E+2	2.14557736E+2	-8.11362749E-1
1.63727458E+3	2.95182541E+2	3.32457711E-7	1.46188292E+2	-1.47584580E+2	2.07731144E+2	-7.90151080E-1
1.75559587E+3	2.80289945E+2	3.13252605E-7	1.44626779E+2	-1.40073264E+2	2.01339088E+2	-7.69405446E-1
1.88246790E+3	2.66924713E+2	2.94817747E-7	1.43018678E+2	-1.33119764E+2	1.95384792E+2	-7.49565863E-1
2.01850863E+3	2.54841526E+2	2.77188931E-7	1.41372393E+2	-1.26654641E+2	1.89809257E+2	-7.30541809E-1
2.16438064E+3	2.43805516E+2	2.60384508E-7	1.39690789E+2	-1.20597943E+2	1.84546425E+2	-7.12176740E-1
2.32079442E+3	2.33657704E+2	2.44459572E-7	1.37952318E+2	-1.14903341E+2	1.79537242E+2	-6.94494710E-1
2.48851178E+3	2.24414091E+2	2.29333311E-7	1.36210743E+2	-1.09609495E+2	1.74835949E+2	-6.77603385E-1
2.66834962E+3	2.15835723E+2	2.15105833E-7	1.34402269E+2	-1.04617582E+2	1.70319729E+2	-6.61425441E-1
2.86118383E+3	2.07882212E+2	2.01654578E-7	1.32583055E+2	-9.99169174E+1	1.66017042E+2	-6.45812332E-1
3.06795364E+3	2.00526274E+2	1.88971956E-7	1.30757490E+2	-9.55132957E+1	1.61926872E+2	-6.30878681E-1
3.28966612E+3	1.93612929E+2	1.77034439E-7	1.28908976E+2	-9.13286286E+1	1.57982416E+2	-6.16390447E-1
3.52740116E+3	1.87157974E+2	1.65819527E-7	1.27049992E+2	-8.73883093E+1	1.54202524E+2	-6.02508798E-1
3.78231664E+3	1.81031218E+2	1.55262651E-7	1.25178329E+2	-8.36156075E+1	1.50536324E+2	-5.88905686E-1
4.05565415E+3	1.75274407E+2	1.45352422E-7	1.23305326E+2	-8.00503746E+1	1.47011113E+2	-5.75815797E-1
4.34874501E+3	1.69802081E+2	1.35983884E-7	1.21455501E+2	-7.66286933E+1	1.43608483E+2	-5.62845009E-1
4.66301673E+3	1.64613782E+2	1.27171385E-7	1.19615767E+2	-7.33653248E+1	1.40322498E+2	-5.50171775E-1
5.00000000E+3	1.59687363E+2	1.18795307E-7	1.17835443E+2	-7.02256262E+1	1.37174454E+2	-5.37446218E-1
5.36133611E+3	1.54991175E+2	1.10922006E-7	1.16064011E+2	-6.72163821E+1	1.34122695E+2	-5.24934042E-1
5.74878498E+3	1.50518258E+2	1.03509678E-7	1.14314511E+2	-6.43320538E+1	1.31173248E+2	-5.12589739E-1
6.16423370E+3	1.46277840E+2	9.64586920E-8	1.12638671E+2	-6.15554284E+1	1.28360981E+2	-5.00141135E-1
6.60970574E+3	1.42219594E+2	8.97937950E-8	1.10998246E+2	-5.88686206E+1	1.25642849E+2	-4.87636714E-1
7.08737081E+3	1.38374412E+2	8.34896358E-8	1.09415321E+2	-5.62900334E+1	1.23045847E+2	-4.75150219E-1
7.59955541E+3	1.34702094E+2	7.75378698E-8	1.07872046E+2	-5.37978807E+1	1.20542899E+2	-4.62622593E-1
8.14875417E+3	1.31230303E+2	7.18884021E-8	1.06405204E+2	-5.13957136E+1	1.18167622E+2	-4.49970592E-1
8.73764200E+3	1.27926643E+2	6.65510628E-8	1.04990071E+2	-4.90725175E+1	1.15892309E+2	-4.37230416E-1
9.36908711E+3	1.24814039E+2	6.15307886E-8	1.03632313E+2	-4.68520117E+1	1.13731119E+2	-4.24597658E-1
1.00461650E+4	1.21877756E+2	5.67898030E-8	1.02342992E+2	-4.47129269E+1	1.11684082E+2	-4.11900757E-1
1.07721735E+4	1.19084085E+2	5.23220810E-8	1.01103280E+2	-4.26370516E+1	1.09725984E+2	-3.99087306E-1
1.15506485E+4	1.16459627E+2	4.81249164E-8	9.99268606E+1	-4.06456291E+1	1.07876990E+2	-3.86315018E-1
1.23853818E+4	1.13983670E+2	4.41868559E-8	9.88051435E+1	-3.87261698E+1	1.06123385E+2	-3.73543075E-1
1.32804389E+4	1.11658469E+2	4.04983284E-8	9.77421579E+1	-3.68810253E+1	1.04468845E+2	-3.60811633E-1
1.42401793E+4	1.09477995E+2	3.70541301E-8	9.67342285E+1	-3.51106556E+1	1.02909034E+2	-3.48173505E-1
1.52692775E+4	1.07415593E+2	3.38306306E-8	9.57742964E+1	-3.33906432E+1	1.01428066E+2	-3.35461691E-1
1.63727458E+4	1.05507805E+2	3.08426142E-8	9.48754579E+1	-3.17607700E+1	1.00050493E+2	-3.23036470E-1
1.75559587E+4	1.03711315E+2	2.80722687E-8	9.40148602E+1	-3.01928831E+1	9.87441376E+1	-3.10745864E-1
1.88246790E+4	1.02033085E+2	2.54971638E-8	9.32077214E+1	-2.86808600E+1	9.75206198E+1	-2.98514244E-1
2.01850863E+4	1.00471461E+2	2.31194040E-8	9.24480724E+1	-2.72350156E+1	9.63763084E+1	-2.86493489E-1
2.16438064E+4	9.90138835E+1	2.09173351E-8	9.17365176E+1	-2.58379584E+1	9.53057650E+1	-2.74541812E-1
2.32079442E+4	9.76463846E+1	1.89049690E-8	9.10489852E+1	-2.45088963E+1	9.42900004E+1	-2.62950779E-1
2.48851178E+4	9.63689758E+1	1.70539171E-8	9.03995732E+1	-2.32298826E+1	9.33365632E+1	-2.51526878E-1
2.66834962E+4	9.51883396E+1	1.53529346E-8	8.97974537E+1	-2.20019802E+1	9.24536126E+1	-2.40284113E-1
2.86118383E+4	9.40837195E+1	1.38019429E-8	8.92215350E+1	-2.08281126E+1	9.16203788E+1	-2.29335628E-1
3.06795364E+4	9.30573504E+1	1.23763444E-8	8.86861627E+1	-1.96891777E+1	9.08454694E+1	-2.18466302E-1
3.28966612E+4	9.21127927E+1	1.10849204E-8	8.81848724E+1	-1.86113682E+1	9.01274368E+1	-2.07997099E-1
3.52740116E+4	9.12273562E+1	9.90570068E-9	8.77090427E+1	-1.75666670E+1	8.94509031E+1	-1.97668066E-1
3.78231664E+4	9.04029986E+1	8.83792290E-9	8.72571158E+1	-1.65680595E+1	8.88161299E+1	-1.87642567E-1
4.05565415E+4	8.96403065E+1	7.86719439E-9	8.68359847E+1	-1.56049986E+1	8.82270042E+1	-1.77808719E-1
4.34874501E+4	8.89332719E+1	6.98836550E-9	8.64404875E+1	-1.46791497E+1	8.76780210E+1	-1.68213252E-1
4.66301673E+4	8.82756451E+1	6.19627588E-9	8.60652746E+1	-1.37926094E+1	8.71634535E+1	-1.58906367E-1
5.00000000E+4	8.76589412E+1	5.48086216E-9	8.57063855E+1	-1.29362428E+1	8.66771654E+1	-1.49805952E-1
5.36133611E+4	8.70978294E+1	4.83426236E-9	8.53801658E+1	-1.21100918E+1	8.62347211E+1	-1.40897463E-1
5.74878498E+4	8.65686006E+1	4.25329989E-9	8.50639675E+1	-1.13132656E+1	8.58129863E+1	-1.32221208E-1
6.16423370E+4	8.60762964E+1	3.73135505E-9	8.47646009E+1	-1.05444427E+1	8.54179309E+1	-1.23761002E-1
6.60970574E+4	8.56153880E+1	3.26180556E-9	8.44790874E+1	-9.79763171E+0	8.50453400E+1	-1.15461173E-1
7.08737081E+4	8.51927938E+1	2.83957267E-9	8.42154802E+1	-9.07220415E+0	8.47027274E+1	-1.07312245E-1
7.59955541E+4	8.48003092E+1	2.46052100E-9	8.39668324E+1	-8.36566220E+0	8.43825417E+1	-9.93028536E-2
8.14875417E+4	8.44308776E+1	2.12176948E-9	8.37265017E+1	-7.67951049E+0	8.40779520E+1	-9.14654606E-2
8.73764200E+4	8.40903409E+1	1.81844254E-9	8.35018538E+1	-7.00996623E+0	8.37955808E+1	-8.37534427E-2
9.36908711E+4	8.37746055E+1	1.54575366E-9	8.32905910E+1	-6.34929832E+0	8.35322476E+1	-7.60835316E-2
1.00461650E+5	8.34841439E+1	1.30368761E-9	8.30919722E+1	-5.70843160E+0	8.32878272E+1	-6.85923791E-2
1.07721735E+5	8.32021158E+1	1.08560802E-9	8.28923048E+1	-5.06762918E+0	8.30470659E+1	-6.10591043E-2
1.15506485E+5	8.29419217E+1	8.90803345E-10	8.27041208E+1	-4.43475191E+0	8.28229359E+1	-5.35705921E-2
1.23853818E+5	8.27079862E+1	7.17995844E-10	8.25317320E+1	-3.81399024E+0	8.26198121E+1	-4.61795565E-2
1.32804389E+5	8.24896399E+1	5.63215527E-10	8.23658453E+1	-3.19310904E+0	8.24277193E+1	-3.87479753E-2
1.42401793E+5	8.22835079E+1	4.24709915E-10	8.22031379E+1	-2.57033001E+0	8.22433131E+1	-3.12578448E-2
1.52692775E+5	8.20988169E+1	3.00670397E-10	8.20527964E+1	-1.94320851E+0	8.20758034E+1	-2.36779881E-2
1.63727458E+5	8.19228989E+1	1.90398804E-10	8.19018100E+1	-1.31420917E+0	8.19123538E+1	-1.60447769E-2
1.75559587E+5	8.17688419E+1	9.18706296E-11	8.17632267E+1	-6.77528024E-1	8.17660343E+1	-8.28627147E-3
1.88246790E+5	8.16572666E+1	2.64987367E-12	8.16545363E+1	-2.08898118E-2	8.16559014E+1	-2.55878262E-4
2.01850863E+5	8.14972647E+1	-7.37804139E-11	8.14925244E+1	6.21458944E-1	8.14948945E+1	7.62581409E-3
2.16438064E+5	8.13875102E+1	-1.43431773E-10	8.13670032E+1	1.29171045E+0	8.13772560E+1	1.58737766E-2
2.32079442E+5	8.12907231E+1	-2.05313033E-10	8.12426002E+1	1.97723341E+0	8.12666581E+1	2.43325910E-2
2.48851178E+5	8.12049144E+1	-2.61646581E-10	8.11153875E+1	2.69476211E+0	8.11601386E+1	3.32091190E-2
2.66834962E+5	8.11523910E+1	-3.11078552E-10	8.10072709E+1	3.42860699E+0	8.10797985E+1	4.22994478E-2
2.86118383E+5	8.10935005E+1	-3.54979644E-10	8.08768966E+1	4.18542701E+0	8.09851261E+1	5.17044531E-2
3.06795364E+5	8.10608739E+1	-3.93956709E-10	8.07548502E+1	4.97115320E+0	8.09077174E+1	6.14809811E-2
3.28966612E+5	8.10523660E+1	-4.27349504E-10	8.06390143E+1	5.77332002E+0	8.08454259E+1	7.14726851E-2
3.52740116E+5	8.10716257E+1	-4.59641891E-10	8.05223755E+1	6.65027352E+0	8.07965339E+1	8.24021429E-2
3.78231664E+5	8.11104807E+1	-4.86648803E-10	8.04029461E+1	7.54227090E+0	8.07559384E+1	9.35322140E-2
4.05565415E+5	8.12164943E+1	-5.10368179E-10	8.03202961E+1	8.48386388E+0	8.07671517E+1	1.05235190E-1
4.34874501E+5	8.12460299E+1	-5.33023776E-10	8.01240382E+1	9.48103288E+0	8.06830830E+1	1.17781678E-1
4.66301673E+5	8.14308113E+1	-5.52612609E-10	8.00393361E+1	1.05525823E+1	8.07320742E+1	1.31086483E-1
5.00000000E+5	8.15676400E+1	-5.66317071E-10	7.98850324E+1	1.15929743E+1	8.07219498E+1	1.44114202E-1
