Start time:20240906_01-15-08	sweep/start:500.000	sweep/stop:500000.000	sweep/samplecount:100.000	sweep/xmapping:1.000	sweep/scan:0.000	sweep/averaging/sample:10.000	sweep/settling/time:0.100	sweep/settling/inaccuracy:0.010	sweep/awgcontrol:0.000	sweep/averaging/time:0.100	sweep/averaging/tc:15.000	sweep/bandwidthcontrol:2.000	sweep/sincfilter:0.000	sweep/omegasuppression:80.000	sweep/maxbandwidth:100.000	sweep/bandwidth:1250000.000	sweep/order:8.000	sweep/bandwidthoverlap:1.000																				
Frequency	Param0		Param1		RealZ		ImagZ		AbsZ		PhaseZ		
5.00000000E+2	1.14714447E+3	6.68047424E-7	1.68789873E+2	-4.06369294E+2	4.40029630E+2	-1.17711848E+0
5.36133611E+2	1.03501848E+3	6.53548717E-7	1.67146872E+2	-3.80869705E+2	4.15932514E+2	-1.15724846E+0
5.74878498E+2	9.35953069E+2	6.38208486E-7	1.65501170E+2	-3.57085894E+2	3.93574689E+2	-1.13679150E+0
6.16423370E+2	8.48385251E+2	6.21442913E-7	1.64106850E+2	-3.35103839E+2	3.73129573E+2	-1.11540704E+0
6.60970574E+2	7.71961214E+2	6.04210951E-7	1.62441230E+2	-3.14660127E+2	3.54116064E+2	-1.09423854E+0
7.08737081E+2	7.03075707E+2	5.85943941E-7	1.61053766E+2	-2.95456472E+2	3.36500931E+2	-1.07172173E+0
7.59955541E+2	6.42585361E+2	5.67171742E-7	1.59510094E+2	-2.77588370E+2	3.20154326E+2	-1.04924145E+0
8.14875417E+2	5.89000830E+2	5.47353607E-7	1.58136202E+2	-2.61027211E+2	3.05192215E+2	-1.02610656E+0
8.73764200E+2	5.41353053E+2	5.26918088E-7	1.56803806E+2	-2.45557916E+2	2.91352280E+2	-1.00250444E+0
9.36908711E+2	4.99268498E+2	5.06051599E-7	1.55431876E+2	-2.31177656E+2	2.78571707E+2	-9.78870659E-1
1.00461650E+3	4.62083209E+2	4.84834330E-7	1.54037817E+2	-2.17831589E+2	2.66792547E+2	-9.55293274E-1
1.07721735E+3	4.28999807E+2	4.63390893E-7	1.52647020E+2	-2.05388421E+2	2.55901398E+2	-9.31654060E-1
1.15506485E+3	3.99596394E+2	4.41851352E-7	1.51248819E+2	-1.93809835E+2	2.45842362E+2	-9.08122563E-1
1.23853818E+3	3.73452806E+2	4.20354670E-7	1.49837346E+2	-1.83046248E+2	2.36552671E+2	-8.84830456E-1
1.32804389E+3	3.50125307E+2	3.99017014E-7	1.48422069E+2	-1.73023694E+2	2.27961214E+2	-8.61783530E-1
1.42401793E+3	3.29314438E+2	3.78038126E-7	1.46966328E+2	-1.63704070E+2	2.19995747E+2	-8.39222313E-1
1.52692775E+3	3.10659285E+2	3.57604555E-7	1.45440963E+2	-1.55014528E+2	2.12561947E+2	-8.17250867E-1
1.63727458E+3	2.94017161E+2	3.37547785E-7	1.43959367E+2	-1.46976920E+2	2.05734098E+2	-7.95769676E-1
1.75559587E+3	2.78991653E+2	3.18269392E-7	1.42389262E+2	-1.39465787E+2	1.99312347E+2	-7.75026248E-1
1.88246790E+3	2.65431293E+2	2.99610016E-7	1.40829326E+2	-1.32467381E+2	1.93340395E+2	-7.54811134E-1
2.01850863E+3	2.53150245E+2	2.81800081E-7	1.39202322E+2	-1.25943671E+2	1.87720800E+2	-7.35434699E-1
2.16438064E+3	2.41927551E+2	2.64761581E-7	1.37555314E+2	-1.19820500E+2	1.82423734E+2	-7.16600611E-1
2.32079442E+3	2.31747810E+2	2.48572178E-7	1.35873251E+2	-1.14134944E+2	1.77449506E+2	-6.98665922E-1
2.48851178E+3	2.22373805E+2	2.33209327E-7	1.34161856E+2	-1.08787289E+2	1.72725449E+2	-6.81331506E-1
2.66834962E+3	2.13726799E+2	2.18685710E-7	1.32416433E+2	-1.03763320E+2	1.68228831E+2	-6.64669057E-1
2.86118383E+3	2.05737429E+2	2.04990369E-7	1.30640450E+2	-9.90489874E+1	1.63943984E+2	-6.48715833E-1
3.06795364E+3	1.98319309E+2	1.92050443E-7	1.28859419E+2	-9.46073982E+1	1.59860284E+2	-6.33306194E-1
3.28966612E+3	1.91399435E+2	1.79853432E-7	1.27068478E+2	-9.04125783E+1	1.55951383E+2	-6.18420007E-1
3.52740116E+3	1.84896620E+2	1.68335198E-7	1.25280772E+2	-8.64217453E+1	1.52197210E+2	-6.03864056E-1
3.78231664E+3	1.78813086E+2	1.57507400E-7	1.23489871E+2	-8.26550374E+1	1.48598804E+2	-5.89841723E-1
4.05565415E+3	1.73018988E+2	1.47366479E-7	1.21660176E+2	-7.90463171E+1	1.45084527E+2	-5.76185696E-1
4.34874501E+3	1.67561679E+2	1.37727051E-7	1.19890150E+2	-7.55999059E+1	1.41735650E+2	-5.62599303E-1
4.66301673E+3	1.62428353E+2	1.28684768E-7	1.18126709E+2	-7.23408998E+1	1.38517603E+2	-5.49487929E-1
5.00000000E+3	1.57570428E+2	1.20141581E-7	1.16399755E+2	-6.92261184E+1	1.35429535E+2	-5.36533523E-1
5.36133611E+3	1.52887914E+2	1.12069285E-7	1.14682656E+2	-6.61927463E+1	1.32414470E+2	-5.23472431E-1
5.74878498E+3	1.48483353E+2	1.04449072E-7	1.13016761E+2	-6.33112838E+1	1.29541914E+2	-5.10635812E-1
6.16423370E+3	1.44291799E+2	9.72409354E-8	1.11394321E+2	-6.05358680E+1	1.26780467E+2	-4.97790981E-1
6.60970574E+3	1.40301718E+2	9.04122350E-8	1.09822944E+2	-5.78555801E+1	1.24130366E+2	-4.84863110E-1
7.08737081E+3	1.36519883E+2	8.39561333E-8	1.08305153E+2	-5.52792914E+1	1.21596903E+2	-4.71935449E-1
7.59955541E+3	1.32933160E+2	7.78819548E-8	1.06826298E+2	-5.28100272E+1	1.19166931E+2	-4.59120761E-1
8.14875417E+3	1.29527475E+2	7.21234231E-8	1.05411415E+2	-5.04193160E+1	1.16848938E+2	-4.46145387E-1
8.73764200E+3	1.26316154E+2	6.66940798E-8	1.04056862E+2	-4.81272446E+1	1.14647558E+2	-4.33207660E-1
9.36908711E+3	1.23264000E+2	6.15920532E-8	1.02741822E+2	-4.59182504E+1	1.12536074E+2	-4.20296752E-1
1.00461650E+4	1.20393312E+2	5.67755363E-8	1.01498328E+2	-4.37927961E+1	1.10542842E+2	-4.07332289E-1
1.07721735E+4	1.17684480E+2	5.22362762E-8	1.00317444E+2	-4.17398665E+1	1.08654527E+2	-3.94289301E-1
1.15506485E+4	1.15128563E+2	4.79956954E-8	9.91785513E+1	-3.97730915E+1	1.06856371E+2	-3.81389803E-1
1.23853818E+4	1.12731157E+2	4.40058573E-8	9.81094424E+1	-3.78751634E+1	1.05166492E+2	-3.68423092E-1
1.32804389E+4	1.10469704E+2	4.02852874E-8	9.70820927E+1	-3.60513115E+1	1.03559789E+2	-3.55565718E-1
1.42401793E+4	1.08365067E+2	3.68080541E-8	9.61223093E+1	-3.43045464E+1	1.02060279E+2	-3.42794642E-1
1.52692775E+4	1.06390055E+2	3.35638921E-8	9.52150084E+1	-3.26194819E+1	1.00647552E+2	-3.30056158E-1
1.63727458E+4	1.04517050E+2	3.05638272E-8	9.43301076E+1	-3.09989148E+1	9.92930223E+1	-3.17504064E-1
1.75559587E+4	1.02801516E+2	2.77836723E-8	9.35185824E+1	-2.94639841E+1	9.80502526E+1	-3.05215603E-1
1.88246790E+4	1.01189393E+2	2.52025579E-8	9.27504070E+1	-2.79771124E+1	9.68780540E+1	-2.92959503E-1
2.01850863E+4	9.96673870E+1	2.28262894E-8	9.20075208E+1	-2.65474097E+1	9.57608958E+1	-2.80905750E-1
2.16438064E+4	9.82623609E+1	2.06348675E-8	9.13190560E+1	-2.51804671E+1	9.47271135E+1	-2.69055589E-1
2.32079442E+4	9.69484485E+1	1.86232541E-8	9.06640828E+1	-2.38697668E+1	9.37536246E+1	-2.57435105E-1
2.48851178E+4	9.57261772E+1	1.67743941E-8	9.00496993E+1	-2.26088927E+1	9.28445652E+1	-2.45986656E-1
2.66834962E+4	9.45993447E+1	1.50865266E-8	8.94765172E+1	-2.14096243E+1	9.20022818E+1	-2.34860730E-1
2.86118383E+4	9.35304119E+1	1.35434839E-8	8.89192038E+1	-2.02490350E+1	9.11956670E+1	-2.23905659E-1
3.06795364E+4	9.25488044E+1	1.21386140E-8	8.84030411E+1	-1.91441353E+1	9.04521739E+1	-2.13262143E-1
3.28966612E+4	9.16410464E+1	1.08549255E-8	8.79239446E+1	-1.80782234E+1	8.97632568E+1	-2.02785899E-1
3.52740116E+4	9.07929432E+1	9.69094002E-9	8.74667426E+1	-1.70567255E+1	8.91143254E+1	-1.92591107E-1
3.78231664E+4	9.00051975E+1	8.63802958E-9	8.70340161E+1	-1.60808512E+1	8.85071399E+1	-1.82704661E-1
4.05565415E+4	8.92826672E+1	7.68008104E-9	8.66374972E+1	-1.51383885E+1	8.79501383E+1	-1.72986123E-1
4.34874501E+4	8.85975196E+1	6.81441022E-9	8.62503296E+1	-1.42283460E+1	8.74160469E+1	-1.63493226E-1
4.66301673E+4	8.79690402E+1	6.03567912E-9	8.58905349E+1	-1.33612824E+1	8.69235751E+1	-1.54324829E-1
5.00000000E+4	8.73896909E+1	5.33126039E-9	8.55568082E+1	-1.25226008E+1	8.64683932E+1	-1.45333954E-1
5.36133611E+4	8.68486453E+1	4.69854090E-9	8.52380312E+1	-1.17168904E+1	8.60395696E+1	-1.36604718E-1
5.74878498E+4	8.63408032E+1	4.12649403E-9	8.49341429E+1	-1.09303878E+1	8.56345848E+1	-1.27989023E-1
6.16423370E+4	8.58723791E+1	3.61477251E-9	8.46488671E+1	-1.01768777E+1	8.52584283E+1	-1.19650352E-1
6.60970574E+4	8.54407432E+1	3.15578664E-9	8.43826526E+1	-9.44904254E+0	8.49100498E+1	-1.11513948E-1
7.08737081E+4	8.50331511E+1	2.74314524E-9	8.41254726E+1	-8.73835398E+0	8.45780943E+1	-1.03501683E-1
7.59955541E+4	8.46582342E+1	2.37228422E-9	8.38867946E+1	-8.04447237E+0	8.42716317E+1	-9.56044179E-2
8.14875417E+4	8.43057531E+1	2.04203496E-9	8.36558038E+1	-7.37373564E+0	8.39801497E+1	-8.79165264E-2
8.73764200E+4	8.39830045E+1	1.74601354E-9	8.34422340E+1	-6.71736672E+0	8.37121826E+1	-8.03299628E-2
9.36908711E+4	8.36789142E+1	1.48121008E-9	8.32357841E+1	-6.07323338E+0	8.34570550E+1	-7.28351360E-2
1.00461650E+5	8.34046076E+1	1.24319754E-9	8.30488490E+1	-5.43555608E+0	8.32265382E+1	-6.53568896E-2
1.07721735E+5	8.31377855E+1	1.03309445E-9	8.28577726E+1	-4.81675919E+0	8.29976610E+1	-5.80675060E-2
1.15506485E+5	8.28921899E+1	8.43374930E-10	8.26793565E+1	-4.19486152E+0	8.27857048E+1	-5.06930356E-2
1.23853818E+5	8.26689286E+1	6.75460609E-10	8.25131216E+1	-3.58554033E+0	8.25909884E+1	-4.34268636E-2
1.32804389E+5	8.24623606E+1	5.24595572E-10	8.23550475E+1	-2.97278039E+0	8.24086865E+1	-3.60814606E-2
1.42401793E+5	8.22699396E+1	3.90419363E-10	8.22020467E+1	-2.36238377E+0	8.22359861E+1	-2.87308394E-2
1.52692775E+5	8.20883169E+1	2.70849427E-10	8.20509827E+1	-1.75021569E+0	8.20696477E+1	-2.13275933E-2
1.63727458E+5	8.19197644E+1	1.63806208E-10	8.19041558E+1	-1.13064555E+0	8.19119597E+1	-1.38036170E-2
1.75559587E+5	8.17734340E+1	6.80111981E-11	8.17703561E+1	-5.01641476E-1	8.17718950E+1	-6.13467930E-3
1.88246790E+5	8.16434184E+1	-1.60063612E-11	8.16407404E+1	1.26060741E-1	8.16420794E+1	1.54486408E-3
2.01850863E+5	8.15142029E+1	-9.26694159E-11	8.15067211E+1	7.80861078E-1	8.15104619E+1	9.58003251E-3
2.16438064E+5	8.14117399E+1	-1.60746935E-10	8.13859614E+1	1.44841445E+0	8.13988496E+1	1.77949778E-2
2.32079442E+5	8.13208462E+1	-2.20236453E-10	8.12654171E+1	2.12233256E+0	8.12931269E+1	2.61101241E-2
2.48851178E+5	8.12409782E+1	-2.73907960E-10	8.11427437E+1	2.82324864E+0	8.11918461E+1	3.47795720E-2
2.66834962E+5	8.11893990E+1	-3.22678964E-10	8.10330597E+1	3.55921960E+0	8.11111917E+1	4.38948429E-2
2.86118383E+5	8.11395986E+1	-3.65100100E-10	8.09101117E+1	4.30896515E+0	8.10247739E+1	5.32059520E-2
3.06795364E+5	8.11237611E+1	-4.03175965E-10	8.08025617E+1	5.09444177E+0	8.09630021E+1	6.29646718E-2
3.28966612E+5	8.11150945E+1	-4.36383417E-10	8.06831843E+1	5.90315878E+0	8.08988512E+1	7.30345497E-2
3.52740116E+5	8.11228785E+1	-4.66787598E-10	8.05554680E+1	6.76070723E+0	8.08386753E+1	8.37299149E-2
3.78231664E+5	8.11718404E+1	-4.92442378E-10	8.04458956E+1	7.64191650E+0	8.08080528E+1	9.47102958E-2
4.05565415E+5	8.12841895E+1	-5.16064398E-10	8.03658145E+1	8.59058066E+0	8.08236970E+1	1.06489037E-1
4.34874501E+5	8.13242531E+1	-5.36623001E-10	8.01840148E+1	9.56136062E+0	8.07521206E+1	1.18682416E-1
4.66301673E+5	8.14429320E+1	-5.56304638E-10	8.00324904E+1	1.06237761E+1	8.07346294E+1	1.31971681E-1
5.00000000E+5	8.16505509E+1	-5.71646887E-10	7.99317011E+1	1.17208060E+1	8.07865530E+1	1.45597216E-1
