Start time:20240907_14-47-22	sweep/start:500.000	sweep/stop:500000.000	sweep/samplecount:100.000	sweep/xmapping:1.000	sweep/scan:0.000	sweep/averaging/sample:10.000	sweep/settling/time:0.100	sweep/settling/inaccuracy:0.010	sweep/awgcontrol:0.000	sweep/averaging/time:0.100	sweep/averaging/tc:15.000	sweep/bandwidthcontrol:2.000	sweep/sincfilter:0.000	sweep/omegasuppression:80.000	sweep/maxbandwidth:100.000	sweep/bandwidth:1250000.000	sweep/order:8.000	sweep/bandwidthoverlap:1.000																				
Frequency	Param0		Param1		RealZ		ImagZ		AbsZ		PhaseZ		
5.00000000E+2	1.15518883E+3	6.89244547E-7	1.59187457E+2	-3.98183705E+2	4.28825140E+2	-1.19047643E+0
5.36133611E+2	1.04076706E+3	6.74802770E-7	1.57760434E+2	-3.73233329E+2	4.05205542E+2	-1.17088746E+0
5.74878498E+2	9.39367646E+2	6.59870082E-7	1.56222261E+2	-3.49777840E+2	3.83079582E+2	-1.15074603E+0
6.16423370E+2	8.50051348E+2	6.44054320E-7	1.54659554E+2	-3.27946409E+2	3.62585782E+2	-1.13012561E+0
6.60970574E+2	7.70379947E+2	6.26867137E-7	1.53389002E+2	-3.07635298E+2	3.43755279E+2	-1.10826399E+0
7.08737081E+2	6.99691012E+2	6.08937101E-7	1.52110944E+2	-2.88604895E+2	3.26236960E+2	-1.08573897E+0
7.59955541E+2	6.37629771E+2	5.90186573E-7	1.50779944E+2	-2.70937340E+2	3.10067200E+2	-1.06296704E+0
8.14875417E+2	5.82927038E+2	5.70486761E-7	1.49503430E+2	-2.54554884E+2	2.95210937E+2	-1.03975762E+0
8.73764200E+2	5.34082472E+2	5.50227568E-7	1.48238822E+2	-2.39158838E+2	2.81374686E+2	-1.01592035E+0
9.36908711E+2	4.91270678E+2	5.29144724E-7	1.47009030E+2	-2.24965615E+2	2.68740015E+2	-9.91983299E-1
1.00461650E+3	4.52974073E+2	5.07607410E-7	1.45814621E+2	-2.11632456E+2	2.57002361E+2	-9.67491565E-1
1.07721735E+3	4.19064291E+2	4.85609562E-7	1.44646991E+2	-1.99232539E+2	2.46203915E+2	-9.42819227E-1
1.15506485E+3	3.89241485E+2	4.63454860E-7	1.43416776E+2	-1.87764132E+2	2.36270497E+2	-9.18513023E-1
1.23853818E+3	3.62716961E+2	4.41063811E-7	1.42244852E+2	-1.77090390E+2	2.27144471E+2	-8.94087105E-1
1.32804389E+3	3.39127454E+2	4.18913280E-7	1.40993713E+2	-1.67139459E+2	2.18666027E+2	-8.70047518E-1
1.42401793E+3	3.18235983E+2	3.96828790E-7	1.39778292E+2	-1.57938286E+2	2.10908694E+2	-8.46320270E-1
1.52692775E+3	2.99459201E+2	3.75242896E-7	1.38494700E+2	-1.49307479E+2	2.03650457E+2	-8.22950696E-1
1.63727458E+3	2.82697676E+2	3.54041060E-7	1.37223972E+2	-1.41288605E+2	1.96959115E+2	-7.99991213E-1
1.75559587E+3	2.67656670E+2	3.33473240E-7	1.35910195E+2	-1.33812116E+2	1.90728254E+2	-7.77619655E-1
1.88246790E+3	2.54214153E+2	3.13553347E-7	1.34585465E+2	-1.26886871E+2	1.84968992E+2	-7.55963442E-1
2.01850863E+3	2.42088020E+2	2.94386903E-7	1.33237426E+2	-1.20428274E+2	1.79597280E+2	-7.34944811E-1
2.16438064E+3	2.31098888E+2	2.76092246E-7	1.31838828E+2	-1.14395481E+2	1.74550293E+2	-7.14675859E-1
2.32079442E+3	2.21103383E+2	2.58643859E-7	1.30414500E+2	-1.08752668E+2	1.69808970E+2	-6.95072699E-1
2.48851178E+3	2.12040605E+2	2.42135740E-7	1.28942501E+2	-1.03512680E+2	1.65351278E+2	-6.76434785E-1
2.66834962E+3	2.03711739E+2	2.26444890E-7	1.27468070E+2	-9.85831192E+1	1.61141992E+2	-6.58306319E-1
2.86118383E+3	1.96061357E+2	2.11670456E-7	1.25953572E+2	-9.39698070E+1	1.57145244E+2	-6.40979254E-1
3.06795364E+3	1.89020878E+2	1.97749794E-7	1.24423840E+2	-8.96515980E+1	1.53358086E+2	-6.24374607E-1
3.28966612E+3	1.82441290E+2	1.84637800E-7	1.22873716E+2	-8.55528373E+1	1.49723875E+2	-6.08215774E-1
3.52740116E+3	1.76353853E+2	1.72315256E-7	1.21320930E+2	-8.17107352E+1	1.46271710E+2	-5.92724635E-1
3.78231664E+3	1.70610156E+2	1.60772344E-7	1.19733081E+2	-7.80491342E+1	1.42925432E+2	-5.77681254E-1
4.05565415E+3	1.65270323E+2	1.49919526E-7	1.18164483E+2	-7.46072095E+1	1.39746491E+2	-5.63177157E-1
4.34874501E+3	1.60194420E+2	1.39726869E-7	1.16584662E+2	-7.13037728E+1	1.36660938E+2	-5.48908993E-1
4.66301673E+3	1.55408302E+2	1.30177833E-7	1.15003892E+2	-6.81664397E+1	1.33688292E+2	-5.35057944E-1
5.00000000E+3	1.50918806E+2	1.21175196E-7	1.13466298E+2	-6.51889262E+1	1.30859459E+2	-5.21475249E-1
5.36133611E+3	1.46618954E+2	1.12698741E-7	1.11937348E+2	-6.23070337E+1	1.28109862E+2	-5.07914718E-1
5.74878498E+3	1.42567817E+2	1.04733648E-7	1.10441574E+2	-5.95656980E+1	1.25480731E+2	-4.94623107E-1
6.16423370E+3	1.38705589E+2	9.72465929E-8	1.08965421E+2	-5.69267004E+1	1.22939468E+2	-4.81429415E-1
6.60970574E+3	1.35059257E+2	9.01884385E-8	1.07539604E+2	-5.44008457E+1	1.20516468E+2	-4.68330981E-1
7.08737081E+3	1.31581921E+2	8.35429150E-8	1.06146097E+2	-5.19606874E+1	1.18181670E+2	-4.55228895E-1
7.59955541E+3	1.28297914E+2	7.72773131E-8	1.04808335E+2	-4.96175696E+1	1.15959867E+2	-4.42152226E-1
8.14875417E+3	1.25168434E+2	7.13933754E-8	1.03501624E+2	-4.73555623E+1	1.13820631E+2	-4.29101899E-1
8.73764200E+3	1.22233919E+2	6.58455720E-8	1.02266640E+2	-4.51883416E+1	1.11805421E+2	-4.16070691E-1
9.36908711E+3	1.19434898E+2	6.06556768E-8	1.01055916E+2	-4.30964573E+1	1.09861745E+2	-4.03107899E-1
1.00461650E+4	1.16811360E+2	5.57668725E-8	9.99176399E+1	-4.10850388E+1	1.08034788E+2	-3.90114738E-1
1.07721735E+4	1.14340592E+2	5.11922321E-8	9.88288926E+1	-3.91535939E+1	1.06302183E+2	-3.77205122E-1
1.15506485E+4	1.12003485E+2	4.69118372E-8	9.77844453E+1	-3.72880764E+1	1.04652753E+2	-3.64308089E-1
1.23853818E+4	1.09813790E+2	4.29172590E-8	9.67939787E+1	-3.54998456E+1	1.03098563E+2	-3.51524200E-1
1.32804389E+4	1.07754341E+2	3.91922188E-8	9.58514454E+1	-3.37773502E+1	1.01628782E+2	-3.38804815E-1
1.42401793E+4	1.05834206E+2	3.57226445E-8	9.49673364E+1	-3.21247119E+1	1.00253641E+2	-3.26187996E-1
1.52692775E+4	1.04023450E+2	3.25111753E-8	9.41154456E+1	-3.05367747E+1	9.89455064E+1	-3.13744133E-1
1.63727458E+4	1.02344794E+2	2.95371139E-8	9.33198348E+1	-2.90207825E+1	9.77281900E+1	-3.01501258E-1
1.75559587E+4	1.00749751E+2	2.67827586E-8	9.25502891E+1	-2.75474490E+1	9.65630287E+1	-2.89298029E-1
1.88246790E+4	9.92978252E+1	2.42320854E-8	9.18575155E+1	-2.61428337E+1	9.55052431E+1	-2.77271024E-1
2.01850863E+4	9.79165220E+1	2.18981484E-8	9.11740484E+1	-2.47939149E+1	9.44851612E+1	-2.65519574E-1
2.16438064E+4	9.66401977E+1	1.97554228E-8	9.05372111E+1	-2.35063253E+1	9.35389436E+1	-2.54023003E-1
2.32079442E+4	9.54557789E+1	1.77880362E-8	8.99419156E+1	-2.22694167E+1	9.26578414E+1	-2.42716464E-1
2.48851178E+4	9.43370583E+1	1.59865779E-8	8.93677310E+1	-2.10735479E+1	9.18187818E+1	-2.31576808E-1
2.66834962E+4	9.33226466E+1	1.43535804E-8	8.88418249E+1	-1.99520373E+1	9.10546770E+1	-2.20914025E-1
2.86118383E+4	9.23553619E+1	1.28555740E-8	8.83312154E+1	-1.88535563E+1	9.03208797E+1	-2.10286166E-1
3.06795364E+4	9.14706958E+1	1.14896115E-8	8.78645283E+1	-1.78003912E+1	8.96494815E+1	-1.99883788E-1
3.28966612E+4	9.06490548E+1	1.02583400E-8	8.74194291E+1	-1.68027356E+1	8.90195968E+1	-1.89892397E-1
3.52740116E+4	8.98877960E+1	9.13779047E-9	8.70044618E+1	-1.58386502E+1	8.84343785E+1	-1.80072194E-1
3.78231664E+4	8.91802886E+1	8.12512037E-9	8.66119585E+1	-1.49146919E+1	8.78867422E+1	-1.70528845E-1
4.05565415E+4	8.85244501E+1	7.20939482E-9	8.62434159E+1	-1.40258369E+1	8.73764898E+1	-1.61219348E-1
4.34874501E+4	8.79134983E+1	6.38416792E-9	8.58934238E+1	-1.31723595E+1	8.68975912E+1	-1.52171471E-1
4.66301673E+4	8.73536752E+1	5.63916248E-9	8.55712418E+1	-1.23500998E+1	8.64578652E+1	-1.43335604E-1
5.00000000E+4	8.68274733E+1	4.97176488E-9	8.52593595E+1	-1.15627104E+1	8.60398440E+1	-1.34795697E-1
5.36133611E+4	8.63427211E+1	4.36929336E-9	8.49704253E+1	-1.07983557E+1	8.56538250E+1	-1.26406105E-1
5.74878498E+4	8.58902873E+1	3.82888284E-9	8.46951898E+1	-1.00607606E+1	8.52906454E+1	-1.18233824E-1
6.16423370E+4	8.54707393E+1	3.34644550E-9	8.44345454E+1	-9.35363367E+0	8.49510625E+1	-1.10329839E-1
6.60970574E+4	8.50796933E+1	2.91190032E-9	8.41884787E+1	-8.66197797E+0	8.46329129E+1	-1.02527159E-1
7.08737081E+4	8.47222435E+1	2.52223977E-9	8.39619512E+1	-7.98971601E+0	8.43412406E+1	-9.48730955E-2
7.59955541E+4	8.43863160E+1	2.17473349E-9	8.37432690E+1	-7.33830902E+0	8.40641777E+1	-8.74053805E-2
8.14875417E+4	8.40692079E+1	1.86425598E-9	8.35313381E+1	-6.70290423E+0	8.37998414E+1	-8.00726147E-2
8.73764200E+4	8.37810055E+1	1.58679684E-9	8.33370685E+1	-6.08246026E+0	8.35587422E+1	-7.28570605E-2
9.36908711E+4	8.35098939E+1	1.33845185E-9	8.31498957E+1	-5.47116194E+0	8.33297004E+1	-6.57040675E-2
1.00461650E+5	8.32617230E+1	1.11606145E-9	8.29762378E+1	-4.86706683E+0	8.31188578E+1	-5.85890280E-2
1.07721735E+5	8.30201739E+1	9.18262504E-10	8.27997302E+1	-4.27230823E+0	8.29098788E+1	-5.15523777E-2
1.15506485E+5	8.28017633E+1	7.42272872E-10	8.26373423E+1	-3.68608841E+0	8.27195119E+1	-4.45760540E-2
1.23853818E+5	8.25993319E+1	5.84291542E-10	8.24829839E+1	-3.09784563E+0	8.25411374E+1	-3.75397458E-2
1.32804389E+5	8.24074045E+1	4.44798277E-10	8.23303774E+1	-2.51815028E+0	8.23688819E+1	-3.05763891E-2
1.42401793E+5	8.22353801E+1	3.20101000E-10	8.21897859E+1	-1.93579296E+0	8.22125799E+1	-2.35483657E-2
1.52692775E+5	8.20712079E+1	2.08294164E-10	8.20491372E+1	-1.34567535E+0	8.20601718E+1	-1.63993768E-2
1.63727458E+5	8.19235251E+1	1.08273712E-10	8.19167038E+1	-7.47490217E-1	8.19201144E+1	-9.12475032E-3
1.75559587E+5	8.17889296E+1	1.94043413E-11	8.17886781E+1	-1.43182763E-1	8.17888038E+1	-1.75064164E-3
1.88246790E+5	8.16484303E+1	-6.08349266E-11	8.16407055E+1	4.79609814E-1	8.16445677E+1	5.87458319E-3
2.01850863E+5	8.15615896E+1	-1.29804983E-10	8.15468863E+1	1.09495188E+0	8.15542376E+1	1.34264589E-2
2.16438064E+5	8.14637354E+1	-1.92366313E-10	8.14267532E+1	1.73529765E+0	8.14452422E+1	2.13079230E-2
2.32079442E+5	8.13807655E+1	-2.48652645E-10	8.13099685E+1	2.39924826E+0	8.13453593E+1	2.94988709E-2
2.48851178E+5	8.13204043E+1	-2.99218580E-10	8.12028622E+1	3.08943541E+0	8.12616120E+1	3.80275457E-2
2.66834962E+5	8.12718244E+1	-3.43120483E-10	8.10945592E+1	3.79141250E+0	8.11831434E+1	4.67189570E-2
2.86118383E+5	8.12216396E+1	-3.82983228E-10	8.09684308E+1	4.52785519E+0	8.10949364E+1	5.58630786E-2
3.06795364E+5	8.12080244E+1	-4.17837431E-10	8.08620671E+1	5.28907319E+0	8.10348611E+1	6.53155565E-2
3.28966612E+5	8.12131560E+1	-4.49428599E-10	8.07535261E+1	6.09228144E+0	8.09830149E+1	7.53002946E-2
3.52740116E+5	8.12297323E+1	-4.77334276E-10	8.06342494E+1	6.92933543E+0	8.09314432E+1	8.57248019E-2
3.78231664E+5	8.12715659E+1	-5.02230049E-10	8.05139773E+1	7.80998868E+0	8.08918846E+1	9.66991062E-2
4.05565415E+5	8.12884071E+1	-5.22845957E-10	8.03458959E+1	8.70171940E+0	8.08157770E+1	1.07882910E-1
4.34874501E+5	8.14288012E+1	-5.43869265E-10	8.02535773E+1	9.71131987E+0	8.08390531E+1	1.20422689E-1
4.66301673E+5	8.15433255E+1	-5.58285088E-10	8.01177658E+1	1.06861480E+1	8.08274008E+1	1.32597585E-1
NaN	NaN	NaN	NaN	NaN	NaN	NaN
