Start time:20240907_19-35-05	sweep/start:500.000	sweep/stop:500000.000	sweep/samplecount:100.000	sweep/xmapping:1.000	sweep/scan:0.000	sweep/averaging/sample:10.000	sweep/settling/time:0.100	sweep/settling/inaccuracy:0.010	sweep/awgcontrol:0.000	sweep/averaging/time:0.100	sweep/averaging/tc:15.000	sweep/bandwidthcontrol:2.000	sweep/sincfilter:0.000	sweep/omegasuppression:80.000	sweep/maxbandwidth:100.000	sweep/bandwidth:1250000.000	sweep/order:8.000	sweep/bandwidthoverlap:1.000																				
Frequency	Param0		Param1		RealZ		ImagZ		AbsZ		PhaseZ		
5.00000000E+2	1.17898665E+3	6.90143111E-7	1.56483770E+2	-4.00006018E+2	4.29525347E+2	-1.19789604E+0
5.36133611E+2	1.06305930E+3	6.76788041E-7	1.54651975E+2	-3.74815312E+2	4.05467409E+2	-1.17946816E+0
5.74878498E+2	9.58017595E+2	6.62125471E-7	1.53288959E+2	-3.51220213E+2	3.83214305E+2	-1.15927021E+0
6.16423370E+2	8.64758007E+2	6.46637713E-7	1.51962490E+2	-3.29116923E+2	3.62505984E+2	-1.13823225E+0
6.60970574E+2	7.83123404E+2	6.30358453E-7	1.50513891E+2	-3.08571453E+2	3.43323181E+2	-1.11697530E+0
7.08737081E+2	7.10620449E+2	6.12806243E-7	1.49272796E+2	-2.89471623E+2	3.25693432E+2	-1.09468890E+0
7.59955541E+2	6.46608776E+2	5.94392912E-7	1.48034678E+2	-2.71672904E+2	3.09387222E+2	-1.07187681E+0
8.14875417E+2	5.89898550E+2	5.75179209E-7	1.46818097E+2	-2.55053266E+2	2.94291926E+2	-1.04848344E+0
8.73764200E+2	5.39662035E+2	5.55297422E-7	1.45590255E+2	-2.39526520E+2	2.80302500E+2	-1.02464284E+0
9.36908711E+2	4.95442706E+2	5.34495943E-7	1.44438405E+2	-2.25163152E+2	2.67508718E+2	-1.00043156E+0
1.00461650E+3	4.56239508E+2	5.13173606E-7	1.43286303E+2	-2.11758971E+2	2.55681131E+2	-9.75915249E-1
1.07721735E+3	4.21383191E+2	4.91399982E-7	1.42156334E+2	-1.99233135E+2	2.44749410E+2	-9.51055734E-1
1.15506485E+3	3.90682738E+2	4.69239444E-7	1.41033100E+2	-1.87640172E+2	2.34732144E+2	-9.26262655E-1
1.23853818E+3	3.63495713E+2	4.47009172E-7	1.39867473E+2	-1.76856720E+2	2.25479968E+2	-9.01658452E-1
1.32804389E+3	3.39157368E+2	4.24716593E-7	1.38730212E+2	-1.66749187E+2	2.16913272E+2	-8.76863536E-1
1.42401793E+3	3.17672832E+2	4.02549094E-7	1.37571508E+2	-1.57406462E+2	2.09051958E+2	-8.52539303E-1
1.52692775E+3	2.98474374E+2	3.80625560E-7	1.36415905E+2	-1.48685376E+2	2.01783660E+2	-8.28407116E-1
1.63727458E+3	2.81422943E+2	3.59254928E-7	1.35185702E+2	-1.40602913E+2	1.95049623E+2	-8.05038260E-1
1.75559587E+3	2.66185894E+2	3.38301476E-7	1.33983699E+2	-1.33089947E+2	1.88850650E+2	-7.82051708E-1
1.88246790E+3	2.52503071E+2	3.18062003E-7	1.32732646E+2	-1.26085056E+2	1.83072114E+2	-7.59719359E-1
2.01850863E+3	2.40180066E+2	2.98508909E-7	1.31474601E+2	-1.19549170E+2	1.77700807E+2	-7.37926653E-1
2.16438064E+3	2.29067937E+2	2.79809295E-7	1.30169535E+2	-1.13461696E+2	1.72677925E+2	-7.16926953E-1
2.32079442E+3	2.19015326E+2	2.61970532E-7	1.28833897E+2	-1.07788786E+2	1.67977965E+2	-6.96692040E-1
2.48851178E+3	2.09880163E+2	2.44979875E-7	1.27484986E+2	-1.02489737E+2	1.63574353E+2	-6.77136174E-1
2.66834962E+3	2.01576748E+2	2.28954278E-7	1.26086353E+2	-9.75618131E+1	1.59424203E+2	-6.58541034E-1
2.86118383E+3	1.93920855E+2	2.13745567E-7	1.24687288E+2	-9.29114868E+1	1.55497476E+2	-6.40393767E-1
3.06795364E+3	1.86884576E+2	1.99461501E-7	1.23248436E+2	-8.85610141E+1	1.51767030E+2	-6.23072002E-1
3.28966612E+3	1.80375913E+2	1.86043257E-7	1.21783920E+2	-8.44722535E+1	1.48212298E+2	-6.06433968E-1
3.52740116E+3	1.74302748E+2	1.73434286E-7	1.20300208E+2	-8.06009654E+1	1.44805582E+2	-5.90305763E-1
3.78231664E+3	1.68682303E+2	1.61596190E-7	1.18820482E+2	-7.69714540E+1	1.41572992E+2	-5.74824393E-1
4.05565415E+3	1.63408288E+2	1.50494421E-7	1.17331269E+2	-7.35273642E+1	1.38466246E+2	-5.59795503E-1
4.34874501E+3	1.58444952E+2	1.40090228E-7	1.15835792E+2	-7.02542859E+1	1.35475445E+2	-5.45184435E-1
4.66301673E+3	1.53770792E+2	1.30347237E-7	1.14339474E+2	-6.71457768E+1	1.32597403E+2	-5.30991226E-1
5.00000000E+3	1.49369751E+2	1.21160963E-7	1.12880212E+2	-6.41790129E+1	1.29849486E+2	-5.16979907E-1
5.36133611E+3	1.45182751E+2	1.12592195E-7	1.11403423E+2	-6.13443734E+1	1.27176473E+2	-5.03342653E-1
5.74878498E+3	1.41221373E+2	1.04533301E-7	1.09957268E+2	-5.86320317E+1	1.24612665E+2	-4.89873463E-1
6.16423370E+3	1.37474526E+2	9.69452431E-8	1.08551104E+2	-5.60327491E+1	1.22159779E+2	-4.76513779E-1
6.60970574E+3	1.33906367E+2	8.98318779E-8	1.07162202E+2	-5.35346915E+1	1.19790238E+2	-4.63301093E-1
7.08737081E+3	1.30540884E+2	8.31210678E-8	1.05831571E+2	-5.11373141E+1	1.17538703E+2	-4.50113669E-1
7.59955541E+3	1.27328193E+2	7.68405014E-8	1.04516802E+2	-4.88279973E+1	1.15360026E+2	-4.37047340E-1
8.14875417E+3	1.24295443E+2	7.09297978E-8	1.03256358E+2	-4.66092159E+1	1.13288546E+2	-4.24011893E-1
8.73764200E+3	1.21418741E+2	6.53907068E-8	1.02032623E+2	-4.44748927E+1	1.11304414E+2	-4.11057416E-1
9.36908711E+3	1.18710527E+2	6.01617797E-8	1.00879476E+2	-4.24121065E+1	1.09432425E+2	-3.97987978E-1
1.00461650E+4	1.16155816E+2	5.52777035E-8	9.97675960E+1	-4.04352955E+1	1.07650297E+2	-3.85062579E-1
1.07721735E+4	1.13741489E+2	5.07053602E-8	9.87018526E+1	-3.85284276E+1	1.05955159E+2	-3.72161233E-1
1.15506485E+4	1.11467949E+2	4.64486899E-8	9.76765099E+1	-3.67028536E+1	1.04344622E+2	-3.59436164E-1
1.23853818E+4	1.09334426E+2	4.24665648E-8	9.67088042E+1	-3.49429320E+1	1.02828019E+2	-3.46724615E-1
1.32804389E+4	1.07325957E+2	3.87520321E-8	9.57888225E+1	-3.32434711E+1	1.01393427E+2	-3.34043978E-1
1.42401793E+4	1.05447618E+2	3.53120080E-8	9.49126502E+1	-3.16212190E+1	1.00041556E+2	-3.21595687E-1
1.52692775E+4	1.03689072E+2	3.21229573E-8	9.40818060E+1	-3.00643913E+1	9.87686945E+1	-3.09300011E-1
1.63727458E+4	1.02024542E+2	2.91528510E-8	9.32905558E+1	-2.85446466E+1	9.75598592E+1	-2.96930067E-1
1.75559587E+4	1.00484880E+2	2.64239861E-8	9.25459024E+1	-2.71057027E+1	9.64337278E+1	-2.84920490E-1
1.88246790E+4	9.90658575E+1	2.39103394E-8	9.18557583E+1	-2.57349645E+1	9.53927115E+1	-2.73163671E-1
2.01850863E+4	9.77220247E+1	2.15952347E-8	9.11896984E+1	-2.44065642E+1	9.43993746E+1	-2.61516539E-1
2.16438064E+4	9.64734514E+1	1.94710025E-8	9.05636450E+1	-2.31346813E+1	9.34718535E+1	-2.50103515E-1
2.32079442E+4	9.53146835E+1	1.75242616E-8	8.99768701E+1	-2.19152775E+1	9.26073263E+1	-2.38913713E-1
2.48851178E+4	9.42335077E+1	1.57444067E-8	8.94212705E+1	-2.07439514E+1	9.17958590E+1	-2.27948263E-1
2.66834962E+4	9.32235522E+1	1.41266345E-8	8.88901588E+1	-1.96263990E+1	9.10310735E+1	-2.17307363E-1
2.86118383E+4	9.22960927E+1	1.26522559E-8	8.84001855E+1	-1.85579553E+1	9.03271369E+1	-2.06926256E-1
3.06795364E+4	9.14232297E+1	1.13038899E-8	8.79335824E+1	-1.75173316E+1	8.96614304E+1	-1.96636720E-1
3.28966612E+4	9.06205917E+1	1.00872805E-8	8.74969692E+1	-1.65320108E+1	8.90450847E+1	-1.86742362E-1
3.52740116E+4	8.98750186E+1	8.98143861E-9	8.70876409E+1	-1.55803114E+1	8.84703529E+1	-1.77030956E-1
3.78231664E+4	8.91868392E+1	7.98405817E-9	8.67039158E+1	-1.46723921E+1	8.79366147E+1	-1.67635954E-1
4.05565415E+4	8.85394189E+1	7.08261771E-9	8.63348247E+1	-1.37961292E+1	8.74301733E+1	-1.58458264E-1
4.34874501E+4	8.79403115E+1	6.26851345E-9	8.59893986E+1	-1.29521324E+1	8.69593842E+1	-1.49500903E-1
4.66301673E+4	8.73906682E+1	5.53601818E-9	8.56694143E+1	-1.21432579E+1	8.65257612E+1	-1.40807518E-1
5.00000000E+4	8.68822751E+1	4.87660677E-9	8.53697523E+1	-1.13632571E+1	8.61226933E+1	-1.32328515E-1
5.36133611E+4	8.64031477E+1	4.28405178E-9	8.50803185E+1	-1.06088006E+1	8.57391819E+1	-1.24051322E-1
5.74878498E+4	8.59605413E+1	3.75259723E-9	8.48091654E+1	-9.88165806E+0	8.53829126E+1	-1.15993368E-1
6.16423370E+4	8.55507035E+1	3.27682261E-9	8.45539105E+1	-9.18055991E+0	8.50508467E+1	-1.08152738E-1
6.60970574E+4	8.51682195E+1	2.84804977E-9	8.43126264E+1	-8.49336417E+0	8.47393431E+1	-1.00397870E-1
7.08737081E+4	8.48115690E+1	2.46670165E-9	8.40818160E+1	-7.83319266E+0	8.44459042E+1	-9.28934321E-2
7.59955541E+4	8.44817495E+1	2.12486525E-9	8.38655678E+1	-7.18862855E+0	8.41730948E+1	-8.55070840E-2
8.14875417E+4	8.41802100E+1	1.81916941E-9	8.36658615E+1	-6.55997971E+0	8.39226417E+1	-7.82468062E-2
8.73764200E+4	8.38875201E+1	1.54581537E-9	8.34645000E+1	-5.94197542E+0	8.36757427E+1	-7.10717439E-2
9.36908711E+4	8.36278410E+1	1.30188958E-9	8.32857217E+1	-5.33792802E+0	8.34566060E+1	-6.40042130E-2
1.00461650E+5	8.33701274E+1	1.08337303E-9	8.31000179E+1	-4.73772344E+0	8.32349631E+1	-5.69506568E-2
1.07721735E+5	8.31413010E+1	8.90109823E-10	8.29332275E+1	-4.15405454E+0	8.30371990E+1	-5.00473181E-2
1.15506485E+5	8.29302616E+1	7.16202310E-10	8.27764538E+1	-3.56813881E+0	8.28533220E+1	-4.30790564E-2
1.23853818E+5	8.27320954E+1	5.61000331E-10	8.26243092E+1	-2.98424309E+0	8.26781848E+1	-3.61025299E-2
1.32804389E+5	8.25476033E+1	4.23459453E-10	8.24774271E+1	-2.40571196E+0	8.25125077E+1	-2.91598597E-2
1.42401793E+5	8.23752534E+1	3.00328153E-10	8.23349101E+1	-1.82251953E+0	8.23550793E+1	-2.21318255E-2
1.52692775E+5	8.22234641E+1	1.90612171E-10	8.22048769E+1	-1.23606784E+0	8.22141700E+1	-1.50352970E-2
1.63727458E+5	8.20722263E+1	9.30839304E-11	8.20671566E+1	-6.44973413E-1	8.20696914E+1	-7.85893012E-3
1.75559587E+5	8.19449559E+1	6.16139482E-12	8.19449297E+1	-4.56387139E-2	8.19449428E+1	-5.56940047E-4
1.88246790E+5	8.18429910E+1	-7.24893541E-11	8.18336329E+1	5.74097827E-1	8.18383117E+1	7.01595814E-3
2.01850863E+5	8.17189701E+1	-1.40858768E-10	8.17015563E+1	1.19274499E+0	8.17102628E+1	1.45977663E-2
2.16438064E+5	8.16263973E+1	-2.02312762E-10	8.15852485E+1	1.83222594E+0	8.16058203E+1	2.24540353E-2
2.32079442E+5	8.15525666E+1	-2.57574330E-10	8.14761210E+1	2.49566962E+0	8.15143348E+1	3.06211133E-2
2.48851178E+5	8.14836312E+1	-3.06894515E-10	8.13592445E+1	3.18116247E+0	8.14214141E+1	3.90802942E-2
2.66834962E+5	8.14402148E+1	-3.49991562E-10	8.12546490E+1	3.88299952E+0	8.13473790E+1	4.77516977E-2
2.86118383E+5	8.13974719E+1	-3.88881641E-10	8.11347351E+1	4.61701241E+0	8.12659973E+1	5.68441750E-2
3.06795364E+5	8.13805066E+1	-4.23751011E-10	8.10224685E+1	5.38598523E+0	8.12012902E+1	6.63775542E-2
3.28966612E+5	8.13875748E+1	-4.55190581E-10	8.09131210E+1	6.19586304E+0	8.11500011E+1	7.64251407E-2
3.52740116E+5	8.14176888E+1	-4.81278435E-10	8.08082056E+1	7.01786871E+0	8.11123747E+1	8.66286361E-2
3.78231664E+5	8.14593750E+1	-5.06087578E-10	8.06849026E+1	7.90490446E+0	8.10712140E+1	9.76608738E-2
4.05565415E+5	8.14805152E+1	-5.28033595E-10	8.05126357E+1	8.82712879E+0	8.09951291E+1	1.09200476E-1
4.34874501E+5	8.16589839E+1	-5.45042324E-10	8.04687106E+1	9.78591982E+0	8.10616612E+1	1.21017616E-1
4.66301673E+5	8.17456187E+1	-5.63334913E-10	8.02839793E+1	1.08317883E+1	8.10115006E+1	1.34109457E-1
NaN	NaN	NaN	NaN	NaN	NaN	NaN
