Start time:20240907_06-07-44	sweep/start:500.000	sweep/stop:500000.000	sweep/samplecount:100.000	sweep/xmapping:1.000	sweep/scan:0.000	sweep/averaging/sample:10.000	sweep/settling/time:0.100	sweep/settling/inaccuracy:0.010	sweep/awgcontrol:0.000	sweep/averaging/time:0.100	sweep/averaging/tc:15.000	sweep/bandwidthcontrol:2.000	sweep/sincfilter:0.000	sweep/omegasuppression:80.000	sweep/maxbandwidth:100.000	sweep/bandwidth:1250000.000	sweep/order:8.000	sweep/bandwidthoverlap:1.000																				
Frequency	Param0		Param1		RealZ		ImagZ		AbsZ		PhaseZ		
5.00000000E+2	1.13222181E+3	6.84339760E-7	1.63492262E+2	-3.97969051E+2	4.30243124E+2	-1.18100037E+0
5.36133611E+2	1.02179590E+3	6.69609383E-7	1.61875674E+2	-3.73095155E+2	4.06698606E+2	-1.16143476E+0
5.74878498E+2	9.24510041E+2	6.54057662E-7	1.60212386E+2	-3.49928159E+2	3.84860709E+2	-1.14143881E+0
6.16423370E+2	8.37013975E+2	6.37685757E-7	1.58717077E+2	-3.28111225E+2	3.64483399E+2	-1.12024955E+0
6.60970574E+2	7.60420261E+2	6.20101389E-7	1.57276729E+2	-3.07993705E+2	3.45826775E+2	-1.09866556E+0
7.08737081E+2	6.92172823E+2	6.01451958E-7	1.56005450E+2	-2.89214194E+2	3.28607048E+2	-1.07611885E+0
7.59955541E+2	6.32061068E+2	5.82327762E-7	1.54583792E+2	-2.71680149E+2	3.12580050E+2	-1.05348908E+0
8.14875417E+2	5.78804905E+2	5.62360558E-7	1.53229023E+2	-2.55363421E+2	2.97808054E+2	-1.03034531E+0
8.73764200E+2	5.31388941E+2	5.41698380E-7	1.51938272E+2	-2.40110451E+2	2.84144825E+2	-1.00661847E+0
9.36908711E+2	4.89791971E+2	5.20541167E-7	1.50583894E+2	-2.26007124E+2	2.71578249E+2	-9.83061819E-1
1.00461650E+3	4.52687761E+2	4.98956592E-7	1.49266589E+2	-2.12815850E+2	2.59944454E+2	-9.59139094E-1
1.07721735E+3	4.19800199E+2	4.76935994E-7	1.48003580E+2	-2.00566320E+2	2.49262747E+2	-9.35065898E-1
1.15506485E+3	3.90683048E+2	4.54931521E-7	1.46661166E+2	-1.89178517E+2	2.39370043E+2	-9.11328369E-1
1.23853818E+3	3.64688594E+2	4.32798750E-7	1.45371183E+2	-1.78556477E+2	2.30250304E+2	-8.87488653E-1
1.32804389E+3	3.41698526E+2	4.10905587E-7	1.44016516E+2	-1.68728961E+2	2.21833776E+2	-8.64252076E-1
1.42401793E+3	3.21076720E+2	3.89393529E-7	1.42613936E+2	-1.59534543E+2	2.13986003E+2	-8.41340697E-1
1.52692775E+3	3.02669829E+2	3.68129225E-7	1.41255697E+2	-1.50998861E+2	2.06769999E+2	-8.18723766E-1
1.63727458E+3	2.86229498E+2	3.47524911E-7	1.39819432E+2	-1.43076771E+2	2.00051096E+2	-7.96911925E-1
1.75559587E+3	2.71407459E+2	3.27602387E-7	1.38336498E+2	-1.35678164E+2	1.93766752E+2	-7.75697043E-1
1.88246790E+3	2.58058331E+2	3.08222077E-7	1.36895807E+2	-1.28789116E+2	1.87955051E+2	-7.54895198E-1
2.01850863E+3	2.45966768E+2	2.89729490E-7	1.35378513E+2	-1.22357137E+2	1.82479076E+2	-7.34918859E-1
2.16438064E+3	2.34991322E+2	2.72123523E-7	1.33803227E+2	-1.16358458E+2	1.77320602E+2	-7.15776897E-1
2.32079442E+3	2.24980048E+2	2.55317691E-7	1.32217596E+2	-1.10746667E+2	1.72471213E+2	-6.97256405E-1
2.48851178E+3	2.15794560E+2	2.39325463E-7	1.30620266E+2	-1.05477421E+2	1.67890267E+2	-6.79304624E-1
2.66834962E+3	2.07372129E+2	2.24247683E-7	1.28974183E+2	-1.00555004E+2	1.63540974E+2	-6.62210023E-1
2.86118383E+3	1.99571090E+2	2.09985308E-7	1.27311877E+2	-9.59137865E+1	1.59398147E+2	-6.45658635E-1
3.06795364E+3	1.92351092E+2	1.96530270E-7	1.25636446E+2	-9.15521123E+1	1.55455160E+2	-6.29733512E-1
3.28966612E+3	1.85600069E+2	1.83863150E-7	1.23938432E+2	-8.74199360E+1	1.51667337E+2	-6.14307356E-1
3.52740116E+3	1.79283687E+2	1.71939102E-7	1.22230505E+2	-8.35083118E+1	1.48033561E+2	-5.99364003E-1
3.78231664E+3	1.73344506E+2	1.60689188E-7	1.20529074E+2	-7.97859234E+1	1.44544292E+2	-5.84739937E-1
4.05565415E+3	1.67777603E+2	1.50120946E-7	1.18827858E+2	-7.62665846E+1	1.41197212E+2	-5.70606182E-1
4.34874501E+3	1.62510057E+2	1.40117786E-7	1.17157274E+2	-7.28931238E+1	1.37982735E+2	-5.56570174E-1
4.66301673E+3	1.57544448E+2	1.30738910E-7	1.15487010E+2	-6.96928013E+1	1.34886386E+2	-5.42966146E-1
5.00000000E+3	1.52788759E+2	1.21871758E-7	1.13833984E+2	-6.65911110E+1	1.31880828E+2	-5.29305489E-1
5.36133611E+3	1.48348372E+2	1.13467803E-7	1.12255318E+2	-6.36524663E+1	1.29046090E+2	-5.15826235E-1
5.74878498E+3	1.44100720E+2	1.05567270E-7	1.10682594E+2	-6.08177957E+1	1.26291098E+2	-5.02443371E-1
6.16423370E+3	1.40064716E+2	9.81220894E-8	1.09140704E+2	-5.80953334E+1	1.23639644E+2	-4.89150594E-1
6.60970574E+3	1.36269761E+2	9.10692949E-8	1.07670037E+2	-5.54917368E+1	1.21128734E+2	-4.75881290E-1
7.08737081E+3	1.32647204E+2	8.44074055E-8	1.06237418E+2	-5.29689261E+1	1.18710136E+2	-4.62519063E-1
7.59955541E+3	1.29225555E+2	7.81214978E-8	1.04859654E+2	-5.05470039E+1	1.16406817E+2	-4.49180191E-1
8.14875417E+3	1.26002541E+2	7.21843405E-8	1.03546965E+2	-4.82203925E+1	1.14224256E+2	-4.35821729E-1
8.73764200E+3	1.22930228E+2	6.66029244E-8	1.02267413E+2	-4.59688202E+1	1.12123844E+2	-4.22434943E-1
9.36908711E+3	1.20054137E+2	6.13523415E-8	1.01055191E+2	-4.38171421E+1	1.10145784E+2	-4.09129073E-1
1.00461650E+4	1.17349528E+2	5.64267391E-8	9.98974426E+1	-4.17542636E+1	1.08272424E+2	-3.95902247E-1
1.07721735E+4	1.14800080E+2	5.17890478E-8	9.88012208E+1	-3.97580999E+1	1.06500648E+2	-3.82577889E-1
1.15506485E+4	1.12401694E+2	4.74545531E-8	9.77528471E+1	-3.78413297E+1	1.04821685E+2	-3.69347161E-1
1.23853818E+4	1.10150773E+2	4.34010047E-8	9.67588219E+1	-3.59970705E+1	1.03237876E+2	-3.56163262E-1
1.32804389E+4	1.08048304E+2	3.96269982E-8	9.58176813E+1	-3.42331663E+1	1.01749388E+2	-3.43140246E-1
1.42401793E+4	1.06071135E+2	3.61086109E-8	9.49235524E+1	-3.25294932E+1	1.00342657E+2	-3.30149115E-1
1.52692775E+4	1.04232860E+2	3.28577686E-8	9.40759619E+1	-3.09114626E+1	9.90242718E+1	-3.17466357E-1
1.63727458E+4	1.02510590E+2	2.98397794E-8	9.32743655E+1	-2.93513370E+1	9.77834858E+1	-3.04867366E-1
1.75559587E+4	1.00906441E+2	2.70437211E-8	9.25228723E+1	-2.78508750E+1	9.66237739E+1	-2.92388741E-1
1.88246790E+4	9.94276790E+1	2.44660967E-8	9.18257535E+1	-2.64206748E+1	9.55511460E+1	-2.80158736E-1
2.01850863E+4	9.80222879E+1	2.21020557E-8	9.11412912E+1	-2.50428148E+1	9.45191931E+1	-2.68151570E-1
2.16438064E+4	9.67367044E+1	1.99357182E-8	9.05111821E+1	-2.37377164E+1	9.35721831E+1	-2.56486405E-1
2.32079442E+4	9.55364702E+1	1.79402138E-8	8.99197556E+1	-2.24733848E+1	9.26855761E+1	-2.44910047E-1
2.48851178E+4	9.44131467E+1	1.61125603E-8	8.93576130E+1	-2.12543711E+1	9.18506032E+1	-2.33518048E-1
2.66834962E+4	9.33870699E+1	1.44585891E-8	8.88345380E+1	-2.01102292E+1	9.10823648E+1	-2.22626145E-1
2.86118383E+4	9.24229411E+1	1.29456629E-8	8.83360036E+1	-1.90006014E+1	9.03563679E+1	-2.11866637E-1
3.06795364E+4	9.15350931E+1	1.15724953E-8	8.78712766E+1	-1.79428002E+1	8.96844774E+1	-2.01425121E-1
3.28966612E+4	9.07040295E+1	1.03247976E-8	8.74281269E+1	-1.69235316E+1	8.90510157E+1	-1.91206051E-1
3.52740116E+4	8.99391730E+1	9.19186596E-9	8.70178276E+1	-1.59439355E+1	8.84664425E+1	-1.81216007E-1
3.78231664E+4	8.92316716E+1	8.17235734E-9	8.66298588E+1	-1.50131466E+1	8.79211414E+1	-1.71597861E-1
4.05565415E+4	8.85727816E+1	7.24947514E-9	8.62632636E+1	-1.41147604E+1	8.74103953E+1	-1.62187020E-1
4.34874501E+4	8.79639924E+1	6.41612140E-9	8.59206532E+1	-1.32500914E+1	8.69363197E+1	-1.53007784E-1
4.66301673E+4	8.74015807E+1	5.66645898E-9	8.55992848E+1	-1.24207551E+1	8.64957386E+1	-1.44097783E-1
5.00000000E+4	8.68753481E+1	4.99251139E-9	8.52917745E+1	-1.16217795E+1	8.60799198E+1	-1.35425075E-1
5.36133611E+4	8.63880748E+1	4.38672890E-9	8.50028237E+1	-1.08512770E+1	8.56926502E+1	-1.26971083E-1
5.74878498E+4	8.59401601E+1	3.84398747E-9	8.47336682E+1	-1.01109054E+1	8.53347819E+1	-1.18764160E-1
6.16423370E+4	8.55195043E+1	3.35580307E-9	8.44758088E+1	-9.38972655E+0	8.49960546E+1	-1.10698448E-1
6.60970574E+4	8.51318839E+1	2.92037723E-9	8.42338895E+1	-8.69721194E+0	8.46816964E+1	-1.02886165E-1
7.08737081E+4	8.47721959E+1	2.52898229E-9	8.40065255E+1	-8.02005328E+0	8.43884923E+1	-9.51809363E-2
7.59955541E+4	8.44346414E+1	2.17923151E-9	8.37878479E+1	-7.36161519E+0	8.41106229E+1	-8.76351432E-2
8.14875417E+4	8.41191722E+1	1.86780696E-9	8.35783057E+1	-6.72344169E+0	8.38483028E+1	-8.02719585E-2
8.73764200E+4	8.38338875E+1	1.58799080E-9	8.33884468E+1	-6.09463331E+0	8.36108705E+1	-7.29575403E-2
9.36908711E+4	8.35598469E+1	1.33957557E-9	8.31986020E+1	-5.48223997E+0	8.33790288E+1	-6.57982919E-2
1.00461650E+5	8.33115789E+1	1.11633506E-9	8.30254426E+1	-4.87406499E+0	8.31683877E+1	-5.86383769E-2
1.07721735E+5	8.30707041E+1	9.20312773E-10	8.28488737E+1	-4.28699592E+0	8.29597147E+1	-5.16986662E-2
1.15506485E+5	8.28588639E+1	7.42699969E-10	8.26939138E+1	-3.69327950E+0	8.27763477E+1	-4.46323862E-2
1.23853818E+5	8.26557021E+1	5.85081311E-10	8.25388015E+1	-3.10625043E+0	8.25972311E+1	-3.76160684E-2
1.32804389E+5	8.24693165E+1	4.44749733E-10	8.23921343E+1	-2.52165658E+0	8.24307164E+1	-3.05960052E-2
1.42401793E+5	8.22949929E+1	3.19140889E-10	8.22495733E+1	-1.93279100E+0	8.22722800E+1	-2.34947751E-2
1.52692775E+5	8.21353005E+1	2.07281441E-10	8.21133924E+1	-1.34122810E+0	8.21243457E+1	-1.63324004E-2
1.63727458E+5	8.19876262E+1	1.07620886E-10	8.19808709E+1	-7.44146809E-1	8.19842485E+1	-9.07683103E-3
1.75559587E+5	8.18554505E+1	1.88176054E-11	8.18552135E+1	-1.39079195E-1	8.18553320E+1	-1.69908725E-3
1.88246790E+5	8.17209138E+1	-6.19704400E-11	8.17135331E+1	4.89545875E-1	8.17172232E+1	5.99025735E-3
2.01850863E+5	8.16272366E+1	-1.31190855E-10	8.16121818E+1	1.10841931E+0	8.16197089E+1	1.35807080E-2
2.16438064E+5	8.15324883E+1	-1.93549021E-10	8.14949557E+1	1.74890448E+0	8.15137198E+1	2.14569808E-2
2.32079442E+5	8.14488395E+1	-2.50002157E-10	8.13770921E+1	2.41628086E+0	8.14129579E+1	2.96836727E-2
2.48851178E+5	8.13838486E+1	-2.99912146E-10	8.12654848E+1	3.10140014E+0	8.13246451E+1	3.81453002E-2
2.66834962E+5	8.13333851E+1	-3.44169000E-10	8.11546330E+1	3.80869901E+0	8.12439599E+1	4.68969621E-2
2.86118383E+5	8.12968679E+1	-3.83380210E-10	8.10424307E+1	4.54089477E+0	8.11695496E+1	5.59725605E-2
3.06795364E+5	8.12848010E+1	-4.19139862E-10	8.09357103E+1	5.31541466E+0	8.11100678E+1	6.55803510E-2
3.28966612E+5	8.12708248E+1	-4.49699828E-10	8.08096695E+1	6.10452892E+0	8.10399191E+1	7.53988724E-2
3.52740116E+5	8.13164769E+1	-4.77729201E-10	8.07181055E+1	6.94970141E+0	8.10167387E+1	8.58865977E-2
3.78231664E+5	8.13439622E+1	-5.02632608E-10	8.05831509E+1	7.82993644E+0	8.09626628E+1	9.68618192E-2
4.05565415E+5	8.13831245E+1	-5.23129870E-10	8.04363884E+1	8.72639449E+0	8.09083716E+1	1.08065724E-1
4.34874501E+5	8.15273937E+1	-5.45731635E-10	8.03399012E+1	9.76701757E+0	8.09314687E+1	1.20976846E-1
4.66301673E+5	8.16696421E+1	-5.59017822E-10	8.02339548E+1	1.07322961E+1	8.09486147E+1	1.32972770E-1
NaN	NaN	NaN	NaN	NaN	NaN	NaN
