Start time:20240907_13-37-47	sweep/start:500.000	sweep/stop:500000.000	sweep/samplecount:100.000	sweep/xmapping:1.000	sweep/scan:0.000	sweep/averaging/sample:10.000	sweep/settling/time:0.100	sweep/settling/inaccuracy:0.010	sweep/awgcontrol:0.000	sweep/averaging/time:0.100	sweep/averaging/tc:15.000	sweep/bandwidthcontrol:2.000	sweep/sincfilter:0.000	sweep/omegasuppression:80.000	sweep/maxbandwidth:100.000	sweep/bandwidth:1250000.000	sweep/order:8.000	sweep/bandwidthoverlap:1.000																				
Frequency	Param0		Param1		RealZ		ImagZ		AbsZ		PhaseZ		
5.00000000E+2	1.15145963E+3	6.88639019E-7	1.59801950E+2	-3.98081044E+2	4.28958301E+2	-1.18905720E+0
5.36133611E+2	1.03791613E+3	6.74618869E-7	1.58135222E+2	-3.72992739E+2	4.05130162E+2	-1.16980424E+0
5.74878498E+2	9.37652454E+2	6.59356904E-7	1.56615719E+2	-3.49746200E+2	3.83211333E+2	-1.14977501E+0
6.16423370E+2	8.47941325E+2	6.43210023E-7	1.55236383E+2	-3.27922035E+2	3.62810175E+2	-1.12865897E+0
6.60970574E+2	7.68511396E+2	6.26229575E-7	1.53863360E+2	-3.07525089E+2	3.43868638E+2	-1.10688653E+0
7.08737081E+2	6.98732845E+2	6.08198219E-7	1.52518040E+2	-2.88630315E+2	3.26449451E+2	-1.08467192E+0
7.59955541E+2	6.36865014E+2	5.89440243E-7	1.51166782E+2	-2.70963674E+2	3.10278486E+2	-1.06191895E+0
8.14875417E+2	5.81950861E+2	5.69754783E-7	1.49910964E+2	-2.54494423E+2	2.95365428E+2	-1.03846425E+0
8.73764200E+2	5.33639318E+2	5.49072286E-7	1.48744120E+2	-2.39271491E+2	2.81736888E+2	-1.01460666E+0
9.36908711E+2	4.90677146E+2	5.28144394E-7	1.47470355E+2	-2.24972850E+2	2.68998703E+2	-9.90562285E-1
1.00461650E+3	4.52739910E+2	5.06690894E-7	1.46199011E+2	-2.11697740E+2	2.57274363E+2	-9.66405133E-1
1.07721735E+3	4.19188801E+2	4.84701677E-7	1.44988402E+2	-1.99388644E+2	2.46530899E+2	-9.42070599E-1
1.15506485E+3	3.89266271E+2	4.62507807E-7	1.43785142E+2	-1.87873692E+2	2.36581269E+2	-9.17556772E-1
1.23853818E+3	3.62860001E+2	4.40128126E-7	1.42600222E+2	-1.77226057E+2	2.27472868E+2	-8.93242608E-1
1.32804389E+3	3.39278988E+2	4.18020987E-7	1.41334612E+2	-1.67261420E+2	2.18979129E+2	-8.69216692E-1
1.42401793E+3	3.18333818E+2	3.96022222E-7	1.40092185E+2	-1.58019775E+2	2.11177826E+2	-8.45462954E-1
1.52692775E+3	2.99666444E+2	3.74424197E-7	1.38812913E+2	-1.49427372E+2	2.03954818E+2	-8.22206578E-1
1.63727458E+3	2.82950829E+2	3.53169085E-7	1.37568910E+2	-1.41421435E+2	1.97294784E+2	-7.99206092E-1
1.75559587E+3	2.67967077E+2	3.32694278E-7	1.36225816E+2	-1.33964753E+2	1.91060281E+2	-7.77029950E-1
1.88246790E+3	2.54559280E+2	3.12901435E-7	1.34860084E+2	-1.27053692E+2	1.85283254E+2	-7.55601790E-1
2.01850863E+3	2.42393468E+2	2.93805839E-7	1.33491289E+2	-1.20571514E+2	1.79881670E+2	-7.34589239E-1
2.16438064E+3	2.31431401E+2	2.75586523E-7	1.32073391E+2	-1.14553685E+2	1.74831144E+2	-7.14480049E-1
2.32079442E+3	2.21467118E+2	2.58173776E-7	1.30647832E+2	-1.08928138E+2	1.70100550E+2	-6.94986428E-1
2.48851178E+3	2.12373707E+2	2.41743215E-7	1.29150395E+2	-1.03674113E+2	1.65614454E+2	-6.76409084E-1
2.66834962E+3	2.04090474E+2	2.26125073E-7	1.27662593E+2	-9.87774220E+1	1.61414740E+2	-6.58521250E-1
2.86118383E+3	1.96394714E+2	2.11378885E-7	1.26138817E+2	-9.41381615E+1	1.57394397E+2	-6.41132783E-1
3.06795364E+3	1.89341478E+2	1.97499445E-7	1.24598423E+2	-8.98158162E+1	1.53595733E+2	-6.24577575E-1
3.28966612E+3	1.82759914E+2	1.84440401E-7	1.23034022E+2	-8.57223139E+1	1.49952282E+2	-6.08532450E-1
3.52740116E+3	1.76617651E+2	1.72175504E-7	1.21450568E+2	-8.18539683E+1	1.46459256E+2	-5.93041310E-1
3.78231664E+3	1.70868490E+2	1.60677352E-7	1.19848411E+2	-7.81963785E+1	1.43102469E+2	-5.78103120E-1
4.05565415E+3	1.65482083E+2	1.49824747E-7	1.18272161E+2	-7.47236061E+1	1.39899689E+2	-5.63469749E-1
4.34874501E+3	1.60410766E+2	1.39710529E-7	1.16663714E+2	-7.14401313E+1	1.36799544E+2	-5.49457813E-1
4.66301673E+3	1.55614866E+2	1.30109742E-7	1.15108526E+2	-6.82834103E+1	1.33837953E+2	-5.35411138E-1
5.00000000E+3	1.51095376E+2	1.21149372E-7	1.13545116E+2	-6.52966147E+1	1.30981456E+2	-5.21888357E-1
5.36133611E+3	1.46811983E+2	1.12687337E-7	1.12020277E+2	-6.24289654E+1	1.28241642E+2	-5.08430981E-1
5.74878498E+3	1.42738414E+2	1.04726671E-7	1.10517418E+2	-5.96739534E+1	1.25598888E+2	-4.95095067E-1
6.16423370E+3	1.38856078E+2	9.72346054E-8	1.09038663E+2	-5.70197376E+1	1.23047474E+2	-4.81823966E-1
6.60970574E+3	1.35188864E+2	9.01735521E-8	1.07607952E+2	-5.44786644E+1	1.20612589E+2	-4.68650913E-1
7.08737081E+3	1.31703526E+2	8.35330810E-8	1.06211068E+2	-5.20344174E+1	1.18272448E+2	-4.55547272E-1
7.59955541E+3	1.28404166E+2	7.72754419E-8	1.04864254E+2	-4.96839520E+1	1.16038817E+2	-4.42463089E-1
8.14875417E+3	1.25280316E+2	7.13824454E-8	1.03567580E+2	-4.74208311E+1	1.13907766E+2	-4.29382054E-1
8.73764200E+3	1.22319473E+2	6.58336558E-8	1.02320870E+2	-4.52357606E+1	1.11874192E+2	-4.16262475E-1
9.36908711E+3	1.19521236E+2	6.06330626E-8	1.01118080E+2	-4.31380525E+1	1.09935244E+2	-4.03234113E-1
1.00461650E+4	1.16892609E+2	5.57474981E-8	9.99770758E+1	-4.11237786E+1	1.08104492E+2	-3.90237088E-1
1.07721735E+4	1.14406374E+2	5.11754526E-8	9.88791130E+1	-3.91831790E+1	1.06359770E+2	-3.77289817E-1
1.15506485E+4	1.12075661E+2	4.68938853E-8	9.78409616E+1	-3.73193832E+1	1.04716715E+2	-3.64395136E-1
1.23853818E+4	1.09882225E+2	4.28885845E-8	9.68553436E+1	-3.55207383E+1	1.03163369E+2	-3.51509526E-1
1.32804389E+4	1.07823126E+2	3.91646775E-8	9.59140062E+1	-3.37972068E+1	1.01694385E+2	-3.38784502E-1
1.42401793E+4	1.05897132E+2	3.56909747E-8	9.50295130E+1	-3.21363410E+1	1.00316264E+2	-3.26099209E-1
1.52692775E+4	1.04098962E+2	3.24818818E-8	9.41869298E+1	-3.05545926E+1	9.90189959E+1	-3.13692517E-1
1.63727458E+4	1.02389032E+2	2.94969322E-8	9.33754574E+1	-2.90111096E+1	9.77784356E+1	-3.01237876E-1
1.75559587E+4	1.00828892E+2	2.67465730E-8	9.26315296E+1	-2.75560114E+1	9.66433366E+1	-2.89143112E-1
1.88246790E+4	9.93552716E+1	2.42176432E-8	9.19109058E+1	-2.61575602E+1	9.55606246E+1	-2.77266318E-1
2.01850863E+4	9.79849908E+1	2.18762027E-8	9.12416180E+1	-2.48047550E+1	9.45532076E+1	-2.65442687E-1
2.16438064E+4	9.67080587E+1	1.97365890E-8	9.06036654E+1	-2.35176563E+1	9.36061140E+1	-2.53961756E-1
2.32079442E+4	9.55227086E+1	1.77666102E-8	9.00102205E+1	-2.22750930E+1	9.27255091E+1	-2.42598839E-1
2.48851178E+4	9.44144894E+1	1.59750175E-8	8.94401741E+1	-2.10926923E+1	9.18936791E+1	-2.31598559E-1
2.66834962E+4	9.33902746E+1	1.43267576E-8	8.89159799E+1	-1.99458252E+1	9.11256702E+1	-2.20669164E-1
2.86118383E+4	9.24296509E+1	1.28370092E-8	8.84072035E+1	-1.88576837E+1	9.03960558E+1	-2.10155336E-1
3.06795364E+4	9.15518172E+1	1.14785059E-8	8.79430112E+1	-1.78148548E+1	8.97292732E+1	-1.99868104E-1
3.28966612E+4	9.07316970E+1	1.02461407E-8	8.75008637E+1	-1.68137034E+1	8.91016378E+1	-1.89840759E-1
3.52740116E+4	8.99633688E+1	9.12668509E-9	8.70797086E+1	-1.58463943E+1	8.85097957E+1	-1.80006011E-1
3.78231664E+4	8.92573887E+1	8.11498449E-9	8.66887548E+1	-1.49221841E+1	8.79636964E+1	-1.70464623E-1
4.05565415E+4	8.86027379E+1	7.19959396E-9	8.63218050E+1	-1.40318978E+1	8.74548356E+1	-1.61143877E-1
4.34874501E+4	8.79895038E+1	6.37802505E-9	8.59680718E+1	-1.31825092E+1	8.69729152E+1	-1.52156716E-1
4.66301673E+4	8.74254741E+1	5.63302559E-9	8.56425095E+1	-1.23570826E+1	8.65293996E+1	-1.43297824E-1
5.00000000E+4	8.69022384E+1	4.96594339E-9	8.53337324E+1	-1.15692001E+1	8.61144143E+1	-1.34754307E-1
5.36133611E+4	8.64193407E+1	4.36480909E-9	8.50462049E+1	-1.08064747E+1	8.57300236E+1	-1.26388616E-1
5.74878498E+4	8.59690386E+1	3.82563730E-9	8.47726846E+1	-1.00706551E+1	8.53687659E+1	-1.18241841E-1
6.16423370E+4	8.55486806E+1	3.34328888E-9	8.45116079E+1	-9.36186917E+0	8.50285631E+1	-1.10326314E-1
6.60970574E+4	8.51573793E+1	2.90874337E-9	8.42656555E+1	-8.66842692E+0	8.47103441E+1	-1.02509644E-1
7.08737081E+4	8.47968442E+1	2.52115940E-9	8.40352005E+1	-8.00029948E+0	8.44151634E+1	-9.49157048E-2
7.59955541E+4	8.44524328E+1	2.17276529E-9	8.38090380E+1	-7.34317540E+0	8.41301203E+1	-8.73947557E-2
8.14875417E+4	8.41391879E+1	1.86299514E-9	8.36007037E+1	-6.70951330E+0	8.38695136E+1	-8.00850119E-2
8.73764200E+4	8.38508665E+1	1.58453476E-9	8.34070832E+1	-6.08396076E+0	8.36286805E+1	-7.28140144E-2
9.36908711E+4	8.35752909E+1	1.33483097E-9	8.32163909E+1	-5.46500156E+0	8.33956478E+1	-6.55780012E-2
1.00461650E+5	8.33187740E+1	1.11517756E-9	8.30331544E+1	-4.86988329E+0	8.31758416E+1	-5.85827585E-2
1.07721735E+5	8.30865811E+1	9.18248648E-10	8.28656156E+1	-4.27906328E+0	8.29760248E+1	-5.15927636E-2
1.15506485E+5	8.28705849E+1	7.41698718E-10	8.27060086E+1	-3.68936175E+0	8.27882559E+1	-4.45785927E-2
1.23853818E+5	8.26694729E+1	5.84225465E-10	8.25528551E+1	-3.10275157E+0	8.26111434E+1	-3.75673478E-2
1.32804389E+5	8.24822516E+1	4.44506758E-10	8.24051168E+1	-2.52106681E+0	8.24436752E+1	-3.05840656E-2
1.42401793E+5	8.23037040E+1	3.19094641E-10	8.22582833E+1	-1.93291987E+0	8.22809905E+1	-2.34938557E-2
1.52692775E+5	8.21461021E+1	2.06872377E-10	8.21242719E+1	-1.33893470E+0	8.21351863E+1	-1.63023182E-2
1.63727458E+5	8.19968066E+1	1.07558408E-10	8.19900568E+1	-7.43881668E-1	8.19934317E+1	-9.07257906E-3
1.75559587E+5	8.18570435E+1	1.95354285E-11	8.18567882E+1	-1.44389988E-1	8.18569158E+1	-1.76393446E-3
1.88246790E+5	8.17610309E+1	-6.07508266E-11	8.17536770E+1	4.80219447E-1	8.17573538E+1	5.87425156E-3
2.01850863E+5	8.16332883E+1	-1.30164897E-10	8.16184647E+1	1.09991712E+0	8.16258761E+1	1.34755129E-2
2.16438064E+5	8.15398811E+1	-1.92938843E-10	8.15025744E+1	1.74371091E+0	8.15212256E+1	2.13912889E-2
2.32079442E+5	8.14602469E+1	-2.48754355E-10	8.13891843E+1	2.40491481E+0	8.14247079E+1	2.95397371E-2
2.48851178E+5	8.13876054E+1	-2.98567006E-10	8.12702830E+1	3.08781582E+0	8.13289230E+1	3.79761366E-2
2.66834962E+5	8.13375606E+1	-3.43181446E-10	8.11598053E+1	3.79820609E+0	8.12486343E+1	4.67649819E-2
2.86118383E+5	8.12975277E+1	-3.82983334E-10	8.10436113E+1	4.53629920E+0	8.11704702E+1	5.59152055E-2
3.06795364E+5	8.12778306E+1	-4.18447617E-10	8.09299757E+1	5.30580541E+0	8.11037167E+1	6.54667535E-2
3.28966612E+5	8.12795312E+1	-4.49141448E-10	8.08193661E+1	6.09833230E+0	8.10491221E+1	7.53136342E-2
3.52740116E+5	8.13059101E+1	-4.77642617E-10	8.07079946E+1	6.94666745E+0	8.10064007E+1	8.58599969E-2
3.78231664E+5	8.13476113E+1	-5.01810354E-10	8.05891593E+1	7.81805505E+0	8.09674972E+1	9.67086304E-2
4.05565415E+5	8.14331276E+1	-5.20622517E-10	8.04935977E+1	8.69608075E+0	8.09619995E+1	1.07617318E-1
4.34874501E+5	8.14981235E+1	-5.43143500E-10	8.03229179E+1	9.71506439E+0	8.09083858E+1	1.20365281E-1
4.66301673E+5	8.16770799E+1	-5.60473698E-10	8.02335145E+1	1.07610354E+1	8.09520770E+1	1.33326317E-1
5.00000000E+5	8.18583325E+1	-5.75486284E-10	8.01036218E+1	1.18549569E+1	8.09762219E+1	1.46928580E-1
