Start time:20240905_08-52-29	sweep/start:500.000	sweep/stop:500000.000	sweep/samplecount:100.000	sweep/xmapping:1.000	sweep/scan:0.000	sweep/averaging/sample:10.000	sweep/settling/time:0.100	sweep/settling/inaccuracy:0.010	sweep/awgcontrol:0.000	sweep/averaging/time:0.100	sweep/averaging/tc:15.000	sweep/bandwidthcontrol:2.000	sweep/sincfilter:0.000	sweep/omegasuppression:80.000	sweep/maxbandwidth:100.000	sweep/bandwidth:1250000.000	sweep/order:8.000	sweep/bandwidthoverlap:1.000																				
Frequency	Param0		Param1		RealZ		ImagZ		AbsZ		PhaseZ		
5.00000000E+2	1.10739018E+3	6.68041934E-7	1.72991466E+2	-4.02047597E+2	4.37685312E+2	-1.16446517E+0
5.36133611E+2	9.99501889E+2	6.52616236E-7	1.71493141E+2	-3.76825559E+2	4.14013833E+2	-1.14370971E+0
5.74878498E+2	9.05632676E+2	6.36475568E-7	1.69756383E+2	-3.53439348E+2	3.92092671E+2	-1.12303388E+0
6.16423370E+2	8.21204084E+2	6.19125277E-7	1.68358243E+2	-3.31529359E+2	3.71828277E+2	-1.10091019E+0
6.60970574E+2	7.47188522E+2	6.01078962E-7	1.66822695E+2	-3.11155857E+2	3.53054995E+2	-1.07865750E+0
7.08737081E+2	6.81741086E+2	5.81910662E-7	1.65434603E+2	-2.92257993E+2	3.35832394E+2	-1.05570915E+0
7.59955541E+2	6.23847271E+2	5.61940207E-7	1.64082759E+2	-2.74662234E+2	3.19941428E+2	-1.03229210E+0
8.14875417E+2	5.72716909E+2	5.41385133E-7	1.62694519E+2	-2.58279550E+2	3.05250475E+2	-1.00866946E+0
8.73764200E+2	5.27337177E+2	5.20350574E-7	1.61293288E+2	-2.42982154E+2	2.91643415E+2	-9.84776013E-1
9.36908711E+2	4.87111781E+2	4.98605226E-7	1.60012651E+2	-2.28779198E+2	2.79184518E+2	-9.60460056E-1
1.00461650E+3	4.51224904E+2	4.76691155E-7	1.58691825E+2	-2.15459009E+2	2.67592392E+2	-9.35972529E-1
1.07721735E+3	4.19768297E+2	4.54515909E-7	1.57359887E+2	-2.03205625E+2	2.57011035E+2	-9.11869091E-1
1.15506485E+3	3.91813549E+2	4.32312903E-7	1.56025191E+2	-1.91804342E+2	2.47250426E+2	-8.87901669E-1
1.23853818E+3	3.66821196E+2	4.10370417E-7	1.54628787E+2	-1.81138162E+2	2.38161929E+2	-8.64186381E-1
1.32804389E+3	3.44697528E+2	3.88487381E-7	1.53295969E+2	-1.71292371E+2	2.29871128E+2	-8.40785226E-1
1.42401793E+3	3.24900903E+2	3.67187927E-7	1.51866706E+2	-1.62105268E+2	2.22129741E+2	-8.17996384E-1
1.52692775E+3	3.07219223E+2	3.46292154E-7	1.50465872E+2	-1.53577404E+2	2.15002332E+2	-7.95631641E-1
1.63727458E+3	2.91417098E+2	3.26094562E-7	1.49009381E+2	-1.45671125E+2	2.08383965E+2	-7.74070283E-1
1.75559587E+3	2.77183536E+2	3.06651322E-7	1.47509438E+2	-1.38304540E+2	2.02205796E+2	-7.53203378E-1
1.88246790E+3	2.64345074E+2	2.88051931E-7	1.45954603E+2	-1.31452002E+2	1.96423975E+2	-7.33166485E-1
2.01850863E+3	2.52755480E+2	2.70203527E-7	1.44411342E+2	-1.25084444E+2	1.91051711E+2	-7.13805722E-1
2.16438064E+3	2.42191173E+2	2.53315494E-7	1.42793579E+2	-1.19135782E+2	1.85965972E+2	-6.95321288E-1
2.32079442E+3	2.32539975E+2	2.37378192E-7	1.41112660E+2	-1.13584985E+2	1.81147270E+2	-6.77736249E-1
2.48851178E+3	2.23691733E+2	2.22304778E-7	1.39410357E+2	-1.08396007E+2	1.76592592E+2	-6.60889996E-1
2.66834962E+3	2.15594729E+2	2.08084907E-7	1.37696725E+2	-1.03567839E+2	1.72298251E+2	-6.44872171E-1
2.86118383E+3	2.08057119E+2	1.94762900E-7	1.35925048E+2	-9.90179410E+1	1.68167098E+2	-6.29581915E-1
3.06795364E+3	2.01023540E+2	1.82258630E-7	1.34122894E+2	-9.47254259E+1	1.64200665E+2	-6.14913920E-1
3.28966612E+3	1.94497883E+2	1.70540010E-7	1.32306816E+2	-9.07099784E+1	1.60416318E+2	-6.00998189E-1
3.52740116E+3	1.88317128E+2	1.59583838E-7	1.30446394E+2	-8.68851351E+1	1.56733180E+2	-5.87582545E-1
3.78231664E+3	1.82513204E+2	1.49296024E-7	1.28590683E+2	-8.32702329E+1	1.53197575E+2	-5.74658280E-1
4.05565415E+3	1.77007160E+2	1.39642641E-7	1.26729329E+2	-7.98227684E+1	1.49773156E+2	-5.62092346E-1
4.34874501E+3	1.71830147E+2	1.30632162E-7	1.24860941E+2	-7.65807947E+1	1.46474822E+2	-5.50162387E-1
4.66301673E+3	1.66870758E+2	1.22136927E-7	1.23009071E+2	-7.34532781E+1	1.43271129E+2	-5.38311759E-1
5.00000000E+3	1.62110973E+2	1.14104775E-7	1.21186262E+2	-7.04238013E+1	1.40162843E+2	-5.26421714E-1
5.36133611E+3	1.57599171E+2	1.06646042E-7	1.19343088E+2	-6.75692106E+1	1.37143617E+2	-5.15177624E-1
5.74878498E+3	1.53277836E+2	9.95683910E-8	1.17554447E+2	-6.48031066E+1	1.34232973E+2	-5.03810347E-1
6.16423370E+3	1.49127265E+2	9.29007703E-8	1.15789297E+2	-6.21303388E+1	1.31405255E+2	-4.92482390E-1
6.60970574E+3	1.45159543E+2	8.65808601E-8	1.14080342E+2	-5.95443131E+1	1.28685082E+2	-4.81053553E-1
7.08737081E+3	1.41374063E+2	8.06250555E-8	1.12412383E+2	-5.70583131E+1	1.26064250E+2	-4.69693459E-1
7.59955541E+3	1.37758867E+2	7.50017581E-8	1.10792194E+2	-5.46598225E+1	1.23541924E+2	-4.58317048E-1
8.14875417E+3	1.34305793E+2	6.96815068E-8	1.09227463E+2	-5.23377676E+1	1.21119284E+2	-4.46839549E-1
8.73764200E+3	1.31003850E+2	6.46472404E-8	1.07717445E+2	-5.00834466E+1	1.18791414E+2	-4.35218238E-1
9.36908711E+3	1.27868043E+2	5.99137611E-8	1.06256447E+2	-4.79204650E+1	1.16562446E+2	-4.23675890E-1
1.00461650E+4	1.24894170E+2	5.54294641E-8	1.04869116E+2	-4.58258594E+1	1.14444490E+2	-4.11975124E-1
1.07721735E+4	1.22063234E+2	5.11946073E-8	1.03540870E+2	-4.37929378E+1	1.12421232E+2	-4.00135681E-1
1.15506485E+4	1.19377391E+2	4.72185506E-8	1.02263032E+2	-4.18349856E+1	1.10489338E+2	-3.88319630E-1
1.23853818E+4	1.16837203E+2	4.34874390E-8	1.01040575E+2	-3.99512192E+1	1.08652189E+2	-3.76532664E-1
1.32804389E+4	1.14434179E+2	3.99778150E-8	9.98792648E+1	-3.81278599E+1	1.06909315E+2	-3.64666136E-1
1.42401793E+4	1.12181788E+2	3.66808514E-8	9.87903085E+1	-3.63723526E+1	1.05273327E+2	-3.52775792E-1
1.52692775E+4	1.10044605E+2	3.36099358E-8	9.77381210E+1	-3.46815677E+1	1.03708981E+2	-3.40981677E-1
1.63727458E+4	1.08024018E+2	3.07375820E-8	9.67370656E+1	-3.30433687E+1	1.02224881E+2	-3.29153342E-1
1.75559587E+4	1.06124846E+2	2.80723007E-8	9.57810754E+1	-3.14759728E+1	1.00820394E+2	-3.17506309E-1
1.88246790E+4	1.04351257E+2	2.55792630E-8	9.48928092E+1	-2.99589412E+1	9.95097175E+1	-3.05809781E-1
2.01850863E+4	1.02676922E+2	2.32768833E-8	9.40369002E+1	-2.85040392E+1	9.82619937E+1	-2.94312572E-1
2.16438064E+4	1.01122036E+2	2.11450089E-8	9.32383549E+1	-2.71120139E+1	9.71002177E+1	-2.82978394E-1
2.32079442E+4	9.96612624E+1	1.91662094E-8	9.24860485E+1	-2.57605630E+1	9.60066472E+1	-2.71649305E-1
2.48851178E+4	9.82781131E+1	1.73467649E-8	9.17582793E+1	-2.44590551E+1	9.49622574E+1	-2.60502565E-1
2.66834962E+4	9.70018306E+1	1.56712123E-8	9.10854030E+1	-2.32142077E+1	9.39970786E+1	-2.49549405E-1
2.86118383E+4	9.57979584E+1	1.41385737E-8	9.04360711E+1	-2.20206017E+1	9.30784127E+1	-2.38845629E-1
3.06795364E+4	9.46843935E+1	1.27261138E-8	8.98374992E+1	-2.08670242E+1	9.22291121E+1	-2.28228211E-1
3.28966612E+4	9.36373236E+1	1.14362066E-8	8.92640941E+1	-1.97578403E+1	9.14245637E+1	-2.17829426E-1
3.52740116E+4	9.26632392E+1	1.02584645E-8	8.87250594E+1	-1.86926495E+1	9.06727710E+1	-2.07643964E-1
3.78231664E+4	9.17537641E+1	9.18146427E-9	8.82178339E+1	-1.76615972E+1	8.99684296E+1	-1.97592076E-1
4.05565415E+4	9.09038935E+1	8.20517955E-9	8.77343793E+1	-1.66755884E+1	8.93050764E+1	-1.87828569E-1
4.34874501E+4	9.01147266E+1	7.31619673E-9	8.72821893E+1	-1.57235489E+1	8.86871503E+1	-1.78234483E-1
4.66301673E+4	8.93809807E+1	6.50980955E-9	8.68567769E+1	-1.48068921E+1	8.81098399E+1	-1.68851596E-1
5.00000000E+4	8.86905714E+1	5.77720244E-9	8.64505218E+1	-1.39159386E+1	8.75633837E+1	-1.59600889E-1
5.36133611E+4	8.80499198E+1	5.11496681E-9	8.60688689E+1	-1.30578236E+1	8.70537593E+1	-1.50565479E-1
5.74878498E+4	8.74541204E+1	4.51881062E-9	8.57077320E+1	-1.22343343E+1	8.65765229E+1	-1.41786972E-1
6.16423370E+4	8.69011211E+1	3.97834789E-9	8.53704493E+1	-1.14312751E+1	8.61323851E+1	-1.33110236E-1
6.60970574E+4	8.63800717E+1	3.49087837E-9	8.50463163E+1	-1.06503965E+1	8.57105997E+1	-1.24581986E-1
7.08737081E+4	8.58954589E+1	3.05283952E-9	8.47399670E+1	-9.89526620E+0	8.53157568E+1	-1.16245671E-1
7.59955541E+4	8.54482220E+1	2.65785483E-9	8.44550358E+1	-9.15857450E+0	8.49501774E+1	-1.08021082E-1
8.14875417E+4	8.50291711E+1	2.30311055E-9	8.41828568E+1	-8.44068046E+0	8.46049557E+1	-9.99320383E-2
8.73764200E+4	8.46394617E+1	1.98595452E-9	8.39247624E+1	-7.74473284E+0	8.42813545E+1	-9.20212289E-2
9.36908711E+4	8.42778619E+1	1.70020333E-9	8.36824464E+1	-7.05872171E+0	8.39796265E+1	-8.41520569E-2
1.00461650E+5	8.39432672E+1	1.44112447E-9	8.34566387E+1	-6.37277284E+0	8.36995993E+1	-7.62123860E-2
1.07721735E+5	8.36187480E+1	1.21270726E-9	8.32266910E+1	-5.71222719E+0	8.34224891E+1	-6.85270893E-2
1.15506485E+5	8.33301214E+1	1.00686880E-9	8.30222863E+1	-5.05540348E+0	8.31760614E+1	-6.08170327E-2
1.23853818E+5	8.30573113E+1	8.22249606E-10	8.28233759E+1	-4.40173356E+0	8.29402611E+1	-5.30960758E-2
1.32804389E+5	8.28037336E+1	6.57593564E-10	8.26331379E+1	-3.75451677E+0	8.27183918E+1	-4.54047386E-2
1.42401793E+5	8.25693286E+1	5.10534894E-10	8.24520326E+1	-3.10986078E+0	8.25106598E+1	-3.76993386E-2
1.52692775E+5	8.23579529E+1	3.78233691E-10	8.22844591E+1	-2.45913238E+0	8.23211978E+1	-2.98768530E-2
1.63727458E+5	8.21572811E+1	2.60317806E-10	8.21175303E+1	-1.80670445E+0	8.21374033E+1	-2.19978996E-2
1.75559587E+5	8.19795148E+1	1.55113069E-10	8.19633876E+1	-1.14968294E+0	8.19714508E+1	-1.40258660E-2
1.88246790E+5	8.18435964E+1	5.65858464E-11	8.18388310E+1	-4.48357155E-1	8.18412136E+1	-5.47799812E-3
2.01850863E+5	8.16628340E+1	-2.32047192E-11	8.16623614E+1	1.96260614E-1	8.16625977E+1	2.40331332E-3
2.16438064E+5	8.15319705E+1	-9.79576139E-11	8.15223524E+1	8.85433419E-1	8.15271613E+1	1.08608132E-2
2.32079442E+5	8.14198182E+1	-1.65291634E-10	8.13884721E+1	1.59720335E+0	8.14041437E+1	1.96219282E-2
2.48851178E+5	8.13187946E+1	-2.24057216E-10	8.12528462E+1	2.31476943E+0	8.12858137E+1	2.84807775E-2
2.66834962E+5	8.12404357E+1	-2.77869920E-10	8.11242192E+1	3.07034575E+0	8.11823066E+1	3.78293874E-2
2.86118383E+5	8.11699202E+1	-3.24637152E-10	8.09881680E+1	3.83654676E+0	8.10789932E+1	4.73363074E-2
3.06795364E+5	8.11236381E+1	-3.67095195E-10	8.08571718E+1	4.64165813E+0	8.09902953E+1	5.73427203E-2
3.28966612E+5	8.10986340E+1	-4.04952914E-10	8.07266486E+1	5.47982114E+0	8.09124275E+1	6.77772372E-2
3.52740116E+5	8.10882881E+1	-4.38144323E-10	8.05885911E+1	6.34575454E+0	8.08380534E+1	7.85804723E-2
3.78231664E+5	8.11274551E+1	-4.67783259E-10	8.04728849E+1	7.25770843E+0	8.07995071E+1	8.99449313E-2
4.05565415E+5	8.11305063E+1	-4.94759630E-10	8.02904202E+1	8.21263212E+0	8.07093700E+1	1.01932095E-1
4.34874501E+5	8.12580214E+1	-5.16148461E-10	8.02046365E+1	9.19145344E+0	8.07296106E+1	1.14102222E-1
4.66301673E+5	8.13709903E+1	-5.38944037E-10	8.00493752E+1	1.02852470E+1	8.07074767E+1	1.27786554E-1
NaN	NaN	NaN	NaN	NaN	NaN	NaN
