Start time:20240906_08-19-34	sweep/start:500.000	sweep/stop:500000.000	sweep/samplecount:100.000	sweep/xmapping:1.000	sweep/scan:0.000	sweep/averaging/sample:10.000	sweep/settling/time:0.100	sweep/settling/inaccuracy:0.010	sweep/awgcontrol:0.000	sweep/averaging/time:0.100	sweep/averaging/tc:15.000	sweep/bandwidthcontrol:2.000	sweep/sincfilter:0.000	sweep/omegasuppression:80.000	sweep/maxbandwidth:100.000	sweep/bandwidth:1250000.000	sweep/order:8.000	sweep/bandwidthoverlap:1.000																				
Frequency	Param0		Param1		RealZ		ImagZ		AbsZ		PhaseZ		
5.00000000E+2	1.14722227E+3	6.72646353E-7	1.66816430E+2	-4.04409551E+2	4.37464182E+2	-1.17956618E+0
5.36133611E+2	1.03432878E+3	6.58008879E-7	1.65324191E+2	-3.79034229E+2	4.13520399E+2	-1.15950091E+0
5.74878498E+2	9.35652168E+2	6.42556443E-7	1.63693392E+2	-3.55477741E+2	3.91356580E+2	-1.13925447E+0
6.16423370E+2	8.48147808E+2	6.25870322E-7	1.62263822E+2	-3.33607272E+2	3.70976315E+2	-1.11809456E+0
6.60970574E+2	7.70334739E+2	6.08864107E-7	1.60679647E+2	-3.12984045E+2	3.51819547E+2	-1.09650232E+0
7.08737081E+2	7.01897779E+2	5.90584224E-7	1.59249317E+2	-2.93966486E+2	3.34330171E+2	-1.07432757E+0
7.59955541E+2	6.41234726E+2	5.71550771E-7	1.57841490E+2	-2.76223436E+2	3.18140460E+2	-1.05165158E+0
8.14875417E+2	5.87413371E+2	5.51997383E-7	1.56386909E+2	-2.59628260E+2	3.03090276E+2	-1.02865113E+0
8.73764200E+2	5.39713444E+2	5.31508662E-7	1.55078989E+2	-2.44230758E+2	2.89306365E+2	-1.00506030E+0
9.36908711E+2	4.97528102E+2	5.10472737E-7	1.53781445E+2	-2.29916986E+2	2.76605432E+2	-9.81279265E-1
1.00461650E+3	4.60045168E+2	4.89241543E-7	1.52413461E+2	-2.16534497E+2	2.64796261E+2	-9.57473680E-1
1.07721735E+3	4.27023616E+2	4.67677785E-7	1.51046248E+2	-2.04169815E+2	2.53969081E+2	-9.33850786E-1
1.15506485E+3	3.97366278E+2	4.46020741E-7	1.49695805E+2	-1.92549227E+2	2.43893519E+2	-9.09962554E-1
1.23853818E+3	3.71264699E+2	4.24355842E-7	1.48318234E+2	-1.81843347E+2	2.34659989E+2	-8.86592903E-1
1.32804389E+3	3.47946482E+2	4.02919426E-7	1.46905627E+2	-1.71854644E+2	2.26086904E+2	-8.63507811E-1
1.42401793E+3	3.27169930E+2	3.81715312E-7	1.45500646E+2	-1.62582226E+2	2.18182094E+2	-8.40786189E-1
1.52692775E+3	3.08544710E+2	3.61052386E-7	1.44026183E+2	-1.53931694E+2	2.10804440E+2	-8.18630599E-1
1.63727458E+3	2.91862837E+2	3.40841607E-7	1.42560800E+2	-1.45892451E+2	2.03980867E+2	-7.96947714E-1
1.75559587E+3	2.76891799E+2	3.21315944E-7	1.41044707E+2	-1.38421492E+2	1.97621155E+2	-7.76011921E-1
1.88246790E+3	2.63336372E+2	3.02468451E-7	1.39511665E+2	-1.31434344E+2	1.91672882E+2	-7.55595429E-1
2.01850863E+3	2.51083381E+2	2.84486095E-7	1.37905638E+2	-1.24931358E+2	1.86080122E+2	-7.36075732E-1
2.16438064E+3	2.39942392E+2	2.67227753E-7	1.36305069E+2	-1.18854060E+2	1.80846239E+2	-7.17111837E-1
2.32079442E+3	2.29775602E+2	2.50782407E-7	1.34682862E+2	-1.13169608E+2	1.75917125E+2	-6.98816544E-1
2.48851178E+3	2.20465962E+2	2.35244039E-7	1.33003395E+2	-1.07855532E+2	1.71238782E+2	-6.81366007E-1
2.66834962E+3	2.11854941E+2	2.20544418E-7	1.31289989E+2	-1.02846342E+2	1.66776594E+2	-6.64507289E-1
2.86118383E+3	2.03917672E+2	2.06625406E-7	1.29573749E+2	-9.81479414E+1	1.62549612E+2	-6.48263393E-1
3.06795364E+3	1.96542004E+2	1.93555162E-7	1.27811700E+2	-9.37258466E+1	1.58494059E+2	-6.32734934E-1
3.28966612E+3	1.89653842E+2	1.81229557E-7	1.26039849E+2	-8.95427037E+1	1.54608993E+2	-6.17692851E-1
3.52740116E+3	1.83186809E+2	1.69601880E-7	1.24265738E+2	-8.55679164E+1	1.50876914E+2	-6.03025875E-1
3.78231664E+3	1.77129867E+2	1.58635647E-7	1.22502903E+2	-8.18044037E+1	1.47305541E+2	-5.88769679E-1
4.05565415E+3	1.71417759E+2	1.48325568E-7	1.20735145E+2	-7.82251297E+1	1.43861557E+2	-5.74902362E-1
4.34874501E+3	1.66049518E+2	1.38591916E-7	1.18997636E+2	-7.48268785E+1	1.40568488E+2	-5.61334259E-1
4.66301673E+3	1.60918248E+2	1.29449284E-7	1.17246285E+2	-7.15567914E+1	1.37357441E+2	-5.47967223E-1
5.00000000E+3	1.56079253E+2	1.20751032E-7	1.15565668E+2	-6.84249848E+1	1.34303399E+2	-5.34581157E-1
5.36133611E+3	1.51477707E+2	1.12605712E-7	1.13879336E+2	-6.54345192E+1	1.31339942E+2	-5.21530022E-1
5.74878498E+3	1.47124142E+2	1.04902592E-7	1.12241724E+2	-6.25720536E+1	1.28504736E+2	-5.08564724E-1
6.16423370E+3	1.42974696E+2	9.76080018E-8	1.10648610E+2	-5.98066538E+1	1.25777388E+2	-4.95527857E-1
6.60970574E+3	1.39042918E+2	9.07048882E-8	1.09110071E+2	-5.71487060E+1	1.23170543E+2	-4.82483163E-1
7.08737081E+3	1.35304226E+2	8.41928346E-8	1.07611699E+2	-5.45897366E+1	1.20666141E+2	-4.69458131E-1
7.59955541E+3	1.31768691E+2	7.80421575E-8	1.06169849E+2	-5.21327609E+1	1.18278747E+2	-4.56447267E-1
8.14875417E+3	1.28405548E+2	7.22351242E-8	1.04775422E+2	-4.97579750E+1	1.15990282E+2	-4.43367735E-1
8.73764200E+3	1.25251737E+2	6.67463575E-8	1.03457861E+2	-4.74841802E+1	1.13834427E+2	-4.30289286E-1
9.36908711E+3	1.22243387E+2	6.15718902E-8	1.02182637E+2	-4.52753790E+1	1.11763821E+2	-4.17086798E-1
1.00461650E+4	1.19428341E+2	5.67025395E-8	1.00977908E+2	-4.31634782E+1	1.09816319E+2	-4.03947939E-1
1.07721735E+4	1.16764125E+2	5.21510101E-8	9.98096853E+1	-4.11365663E+1	1.07954576E+2	-3.90936476E-1
1.15506485E+4	1.14264305E+2	4.78812637E-8	9.87027131E+1	-3.91914654E+1	1.06198855E+2	-3.77974284E-1
1.23853818E+4	1.11916657E+2	4.38619881E-8	9.76644764E+1	-3.73085970E+1	1.04547988E+2	-3.64900346E-1
1.32804389E+4	1.09703564E+2	4.01303939E-8	9.66593777E+1	-3.55083465E+1	1.02975134E+2	-3.52051788E-1
1.42401793E+4	1.07633257E+2	3.66389351E-8	9.57165434E+1	-3.37731553E+1	1.01500164E+2	-3.39207572E-1
1.52692775E+4	1.05704055E+2	3.33974463E-8	9.48263787E+1	-3.21168108E+1	1.00117594E+2	-3.26564380E-1
1.63727458E+4	1.03882677E+2	3.03889954E-8	9.39716395E+1	-3.05181024E+1	9.88029620E+1	-3.14013607E-1
1.75559587E+4	1.02195890E+2	2.75973889E-8	9.31776126E+1	-2.89879443E+1	9.75826265E+1	-3.01612711E-1
1.88246790E+4	1.00618395E+2	2.50213687E-8	9.24229650E+1	-2.75217302E+1	9.64336578E+1	-2.89419057E-1
2.01850863E+4	9.91400702E+1	2.26436440E-8	9.17062608E+1	-2.61098870E+1	9.53507477E+1	-2.77372914E-1
2.16438064E+4	9.77725505E+1	2.04605839E-8	9.10349509E+1	-2.47660427E+1	9.43436236E+1	-2.65621399E-1
2.32079442E+4	9.64933713E+1	1.84501704E-8	9.04007886E+1	-2.34685677E+1	9.33974134E+1	-2.53998773E-1
2.48851178E+4	9.53104036E+1	1.66124227E-8	8.98062175E+1	-2.22330604E+1	9.25173863E+1	-2.42687490E-1
2.66834962E+4	9.41964425E+1	1.49307493E-8	8.92349407E+1	-2.10413530E+1	9.16821352E+1	-2.31567330E-1
2.86118383E+4	9.31649210E+1	1.33986886E-8	8.86981194E+1	-1.99046626E+1	9.09040881E+1	-2.20751884E-1
3.06795364E+4	9.22076387E+1	1.20006754E-8	8.81948533E+1	-1.88124116E+1	9.01789286E+1	-2.10155581E-1
3.28966612E+4	9.13207008E+1	1.07277325E-8	8.77237456E+1	-1.77633970E+1	8.95041559E+1	-1.99791003E-1
3.52740116E+4	9.04980041E+1	9.57203895E-9	8.72808246E+1	-1.67570279E+1	8.88748582E+1	-1.89681718E-1
3.78231664E+4	8.97346462E+1	8.52697155E-9	8.68624274E+1	-1.57951834E+1	8.82868574E+1	-1.79875954E-1
4.05565415E+4	8.90212734E+1	7.57772010E-9	8.64662605E+1	-1.48634559E+1	8.77344665E+1	-1.70235151E-1
4.34874501E+4	8.83631051E+1	6.72440474E-9	8.60937168E+1	-1.39778406E+1	8.72210304E+1	-1.60951708E-1
4.66301673E+4	8.77493786E+1	5.95040884E-9	8.57427230E+1	-1.31170139E+1	8.67402482E+1	-1.51804139E-1
5.00000000E+4	8.71789377E+1	5.25447468E-9	8.54100877E+1	-1.22913598E+1	8.62899804E+1	-1.42928631E-1
5.36133611E+4	8.66538110E+1	4.62741016E-9	8.51010933E+1	-1.14951247E+1	8.58739428E+1	-1.34263477E-1
5.74878498E+4	8.61611425E+1	4.06391765E-9	8.48045667E+1	-1.07258447E+1	8.54801635E+1	-1.25809211E-1
6.16423370E+4	8.57038672E+1	3.55607624E-9	8.45261198E+1	-9.97749168E+0	8.51129564E+1	-1.17496636E-1
6.60970574E+4	8.52776601E+1	3.10242213E-9	8.42604275E+1	-9.25809868E+0	8.47675179E+1	-1.09435835E-1
7.08737081E+4	8.48806649E+1	2.69644978E-9	8.40079886E+1	-8.56222669E+0	8.44431994E+1	-1.01570839E-1
7.59955541E+4	8.45182076E+1	2.33083803E-9	8.37769215E+1	-7.88051904E+0	8.41467482E+1	-9.37895354E-2
8.14875417E+4	8.41734017E+1	2.00566631E-9	8.35491615E+1	-7.22182109E+0	8.38607008E+1	-8.62236707E-2
8.73764200E+4	8.38621090E+1	1.71315900E-9	8.33436090E+1	-6.57370072E+0	8.36024570E+1	-7.87117190E-2
9.36908711E+4	8.35633283E+1	1.45235342E-9	8.31389652E+1	-5.93977273E+0	8.33508767E+1	-7.13227221E-2
1.00461650E+5	8.32881838E+1	1.21670589E-9	8.29487851E+1	-5.30590284E+0	8.31183112E+1	-6.38789747E-2
1.07721735E+5	8.30318347E+1	1.00968931E-9	8.27653445E+1	-4.69638904E+0	8.28984825E+1	-5.66826439E-2
1.15506485E+5	8.27914625E+1	8.23033741E-10	8.25894837E+1	-4.08426662E+0	8.26904114E+1	-4.94123743E-2
1.23853818E+5	8.25701473E+1	6.56514817E-10	8.24234687E+1	-3.47702426E+0	8.24967754E+1	-4.21598856E-2
1.32804389E+5	8.23651659E+1	5.08146518E-10	8.22648227E+1	-2.87302339E+0	8.23149790E+1	-3.49098852E-2
1.42401793E+5	8.21742172E+1	3.75453732E-10	8.21116444E+1	-2.26668938E+0	8.21429249E+1	-2.75979621E-2
1.52692775E+5	8.20010252E+1	2.57260695E-10	8.19674489E+1	-1.65894628E+0	8.19842353E+1	-2.02363275E-2
1.63727458E+5	8.18400387E+1	1.51769849E-10	8.18266782E+1	-1.04555722E+0	8.18333582E+1	-1.27770079E-2
1.75559587E+5	8.16976287E+1	5.80931428E-11	8.16953891E+1	-4.27696988E-1	8.16965089E+1	-5.23521743E-3
1.88246790E+5	8.15180777E+1	-2.60459171E-11	8.15151982E+1	2.04676382E-1	8.15166379E+1	2.51106763E-3
2.01850863E+5	8.14480738E+1	-1.00855863E-10	8.14392340E+1	8.48449679E-1	8.14436538E+1	1.04178168E-2
2.16438064E+5	8.13422971E+1	-1.67967831E-10	8.13142238E+1	1.51085433E+0	8.13282593E+1	1.85783051E-2
2.32079442E+5	8.12552982E+1	-2.26962181E-10	8.11965766E+1	2.18353246E+0	8.12259321E+1	2.68854411E-2
2.48851178E+5	8.11802479E+1	-2.80509292E-10	8.10774582E+1	2.88680594E+0	8.11288368E+1	3.55904840E-2
2.66834962E+5	8.11377383E+1	-3.27027850E-10	8.09774728E+1	3.60242690E+0	8.10575659E+1	4.44574270E-2
2.86118383E+5	8.10795207E+1	-3.67563574E-10	8.08474506E+1	4.33147461E+0	8.09634025E+1	5.35247092E-2
3.06795364E+5	8.10460675E+1	-4.06983712E-10	8.07197321E+1	5.13236028E+0	8.08827352E+1	6.34970112E-2
3.28966612E+5	8.10528366E+1	-4.39971357E-10	8.06148380E+1	5.94208744E+0	8.08335406E+1	7.35765567E-2
3.52740116E+5	8.10615741E+1	-4.70596078E-10	8.04862207E+1	6.80485700E+0	8.07733851E+1	8.43463124E-2
3.78231664E+5	8.11082445E+1	-4.95435412E-10	8.03752367E+1	7.67559183E+0	8.07409087E+1	9.52082658E-2
4.05565415E+5	8.12261686E+1	-5.17404324E-10	8.03050415E+1	8.60024285E+0	8.07642914E+1	1.06687883E-1
4.34874501E+5	8.12834111E+1	-5.37494160E-10	8.01412738E+1	9.56702146E+0	8.07103218E+1	1.18814475E-1
4.66301673E+5	8.14288574E+1	-5.55861372E-10	8.00213936E+1	1.06120521E+1	8.07220567E+1	1.31845465E-1
NaN	NaN	NaN	NaN	NaN	NaN	NaN
