Start time:20240906_09-53-57	sweep/start:500.000	sweep/stop:500000.000	sweep/samplecount:100.000	sweep/xmapping:1.000	sweep/scan:0.000	sweep/averaging/sample:10.000	sweep/settling/time:0.100	sweep/settling/inaccuracy:0.010	sweep/awgcontrol:0.000	sweep/averaging/time:0.100	sweep/averaging/tc:15.000	sweep/bandwidthcontrol:2.000	sweep/sincfilter:0.000	sweep/omegasuppression:80.000	sweep/maxbandwidth:100.000	sweep/bandwidth:1250000.000	sweep/order:8.000	sweep/bandwidthoverlap:1.000																				
Frequency	Param0		Param1		RealZ		ImagZ		AbsZ		PhaseZ		
5.00000000E+2	1.14619326E+3	6.70863739E-7	1.67680752E+2	-4.05064584E+2	4.38399600E+2	-1.17831328E+0
5.36133611E+2	1.03526007E+3	6.56203796E-7	1.65987315E+2	-3.79852381E+2	4.14535508E+2	-1.15882377E+0
5.74878498E+2	9.36504617E+2	6.40804244E-7	1.64335279E+2	-3.56222253E+2	3.92301469E+2	-1.13856198E+0
6.16423370E+2	8.48838751E+2	6.24272295E-7	1.62854119E+2	-3.34238126E+2	3.71801891E+2	-1.11740897E+0
6.60970574E+2	7.71340613E+2	6.07095841E-7	1.61298201E+2	-3.13685394E+2	3.52726071E+2	-1.09585039E+0
7.08737081E+2	7.02023583E+2	5.88964687E-7	1.59910884E+2	-2.94430895E+2	3.35053849E+2	-1.07325170E+0
7.59955541E+2	6.42098328E+2	5.69968046E-7	1.58394380E+2	-2.76795770E+2	3.18911743E+2	-1.05103663E+0
8.14875417E+2	5.88281056E+2	5.50233148E-7	1.57014700E+2	-2.60221113E+2	3.03922159E+2	-1.02788823E+0
8.73764200E+2	5.40824308E+2	5.29882815E-7	1.55621440E+2	-2.44838208E+2	2.90109984E+2	-1.00460418E+0
9.36908711E+2	4.98798265E+2	5.09156305E-7	1.54180971E+2	-2.30506800E+2	2.77317815E+2	-9.81264201E-1
1.00461650E+3	4.61379177E+2	4.87984597E-7	1.52789356E+2	-2.17138676E+2	2.65506692E+2	-9.57625741E-1
1.07721735E+3	4.28171484E+2	4.66437918E-7	1.51446424E+2	-2.04716811E+2	2.54646832E+2	-9.33864979E-1
1.15506485E+3	3.98691664E+2	4.44836773E-7	1.50069381E+2	-1.93159444E+2	2.44604574E+2	-9.10288016E-1
1.23853818E+3	3.72462084E+2	4.23363803E-7	1.48639414E+2	-1.82397517E+2	2.35292448E+2	-8.87023705E-1
1.32804389E+3	3.49248550E+2	4.01937633E-7	1.47234675E+2	-1.72462855E+2	2.26763071E+2	-8.64147629E-1
1.42401793E+3	3.28365307E+2	3.80890611E-7	1.45791603E+2	-1.63149330E+2	2.18798765E+2	-8.41523752E-1
1.52692775E+3	3.09795341E+2	3.60322925E-7	1.44298081E+2	-1.54534553E+2	2.11430529E+2	-8.19639650E-1
1.63727458E+3	2.93010633E+2	3.40292206E-7	1.42782970E+2	-1.46457995E+2	2.04540765E+2	-7.98103263E-1
1.75559587E+3	2.77939093E+2	3.20858183E-7	1.41251766E+2	-1.38950784E+2	1.98139812E+2	-7.77186471E-1
1.88246790E+3	2.64402199E+2	3.02149724E-7	1.39683045E+2	-1.31989188E+2	1.92178307E+2	-7.57085352E-1
2.01850863E+3	2.52104171E+2	2.84280397E-7	1.38049984E+2	-1.25479783E+2	1.86555556E+2	-7.37734926E-1
2.16438064E+3	2.40890157E+2	2.67158082E-7	1.36408070E+2	-1.19382567E+2	1.81271510E+2	-7.18935890E-1
2.32079442E+3	2.30635908E+2	2.50841738E-7	1.34742189E+2	-1.13670256E+2	1.76284957E+2	-7.00774340E-1
2.48851178E+3	2.21245246E+2	2.35471967E-7	1.32996840E+2	-1.08336302E+2	1.71536925E+2	-6.83566977E-1
2.66834962E+3	2.12602939E+2	2.20823702E-7	1.31272986E+2	-1.03326775E+2	1.67059934E+2	-6.66833950E-1
2.86118383E+3	2.04580786E+2	2.07020369E-7	1.29505679E+2	-9.86034990E+1	1.62770921E+2	-6.50746885E-1
3.06795364E+3	1.97151161E+2	1.93943384E-7	1.27749985E+2	-9.41594264E+1	1.58701157E+2	-6.35168041E-1
3.28966612E+3	1.90180639E+2	1.81633546E-7	1.25965269E+2	-8.99383355E+1	1.54777759E+2	-6.20055716E-1
3.52740116E+3	1.83663394E+2	1.70054669E-7	1.24166322E+2	-8.59507497E+1	1.51012608E+2	-6.05487230E-1
3.78231664E+3	1.77535232E+2	1.59158412E-7	1.22360075E+2	-8.21659000E+1	1.47388005E+2	-5.91347541E-1
4.05565415E+3	1.71777432E+2	1.48832755E-7	1.20593408E+2	-7.85649722E+1	1.43927848E+2	-5.77419470E-1
4.34874501E+3	1.66284647E+2	1.39109817E-7	1.18817908E+2	-7.50992518E+1	1.40561708E+2	-5.63655291E-1
4.66301673E+3	1.61138593E+2	1.29942605E-7	1.17076457E+2	-7.18236598E+1	1.37351867E+2	-5.50269834E-1
5.00000000E+3	1.56255208E+2	1.21256563E-7	1.15376533E+2	-6.86763340E+1	1.34269073E+2	-5.36909618E-1
5.36133611E+3	1.51585810E+2	1.13099735E-7	1.13671855E+2	-6.56486771E+1	1.31267056E+2	-5.23732044E-1
5.74878498E+3	1.47174334E+2	1.05363807E-7	1.12027660E+2	-6.27486947E+1	1.28404035E+2	-5.10578061E-1
6.16423370E+3	1.42984557E+2	9.80435911E-8	1.10429424E+2	-5.99586842E+1	1.25657082E+2	-4.97421629E-1
6.60970574E+3	1.39025236E+2	9.11027948E-8	1.08896081E+2	-5.72795465E+1	1.23041876E+2	-4.84232104E-1
7.08737081E+3	1.35254669E+2	8.45478231E-8	1.07402761E+2	-5.46934303E+1	1.20526863E+2	-4.71009648E-1
7.59955541E+3	1.31688111E+2	7.83642491E-8	1.05960035E+2	-5.22125216E+1	1.18125682E+2	-4.57836236E-1
8.14875417E+3	1.28315640E+2	7.25195588E-8	1.04577353E+2	-4.98245583E+1	1.15840018E+2	-4.44620445E-1
8.73764200E+3	1.25115596E+2	6.70049432E-8	1.03245279E+2	-4.75184865E+1	1.13655596E+2	-4.31343836E-1
9.36908711E+3	1.22113594E+2	6.17998242E-8	1.01985785E+2	-4.53072849E+1	1.11596822E+2	-4.18062761E-1
1.00461650E+4	1.19279937E+2	5.69073004E-8	1.00778730E+2	-4.31801792E+1	1.09639776E+2	-4.04802040E-1
1.07721735E+4	1.16607731E+2	5.22993372E-8	9.96325378E+1	-4.11251907E+1	1.07786475E+2	-3.91465162E-1
1.15506485E+4	1.14101476E+2	4.79956045E-8	9.85362942E+1	-3.91629295E+1	1.06033658E+2	-3.78303364E-1
1.23853818E+4	1.11750411E+2	4.39594571E-8	9.75011800E+1	-3.72735361E+1	1.04382934E+2	-3.65144826E-1
1.32804389E+4	1.09543431E+2	4.01963081E-8	9.65141445E+1	-3.54613897E+1	1.02822617E+2	-3.52110177E-1
1.42401793E+4	1.07470066E+2	3.66819076E-8	9.55787255E+1	-3.37128883E+1	1.01350145E+2	-3.39099284E-1
1.52692775E+4	1.05529204E+2	3.34162095E-8	9.46908095E+1	-3.20358351E+1	9.99632212E+1	-3.26232174E-1
1.63727458E+4	1.03731519E+2	3.03851396E-8	9.38632120E+1	-3.04346725E+1	9.86740764E+1	-3.13548854E-1
1.75559587E+4	1.02039707E+2	2.75877021E-8	9.30660442E+1	-2.88988328E+1	9.74496374E+1	-3.01079685E-1
1.88246790E+4	1.00481043E+2	2.49913925E-8	9.23352765E+1	-2.74251900E+1	9.63220890E+1	-2.88718295E-1
2.01850863E+4	9.89986369E+1	2.26106775E-8	9.16149522E+1	-2.60087577E+1	9.52352632E+1	-2.76614154E-1
2.16438064E+4	9.76492077E+1	2.04150518E-8	9.09637102E+1	-2.46604434E+1	9.42471974E+1	-2.64738666E-1
2.32079442E+4	9.63773072E+1	1.84061250E-8	9.03329002E+1	-2.33668184E+1	9.33061715E+1	-2.53126108E-1
2.48851178E+4	9.52034570E+1	1.65620340E-8	8.97483967E+1	-2.21264761E+1	9.24356940E+1	-2.41718640E-1
2.66834962E+4	9.41065112E+1	1.48757758E-8	8.91931801E+1	-2.09340625E+1	9.16169142E+1	-2.30532137E-1
2.86118383E+4	9.30807086E+1	1.33439304E-8	8.86602435E+1	-1.97969361E+1	9.08435923E+1	-2.19686132E-1
3.06795364E+4	9.21432419E+1	1.19407550E-8	8.81767882E+1	-1.87015768E+1	9.01382001E+1	-2.08994825E-1
3.28966612E+4	9.12602857E+1	1.06684343E-8	8.77083160E+1	-1.76504168E+1	8.94666752E+1	-1.98587532E-1
3.52740116E+4	9.04452130E+1	9.51291287E-9	8.72716935E+1	-1.66420653E+1	8.88442846E+1	-1.88430322E-1
3.78231664E+4	8.96862365E+1	8.46744814E-9	8.68572022E+1	-1.56755192E+1	8.82603851E+1	-1.78552608E-1
4.05565415E+4	8.89896621E+1	7.52363498E-9	8.64725953E+1	-1.47532111E+1	8.77221012E+1	-1.68984328E-1
4.34874501E+4	8.83440936E+1	6.66935387E-9	8.61121925E+1	-1.38633989E+1	8.72210043E+1	-1.59622635E-1
4.66301673E+4	8.77400985E+1	5.90112719E-9	8.57664162E+1	-1.30105960E+1	8.67476444E+1	-1.50550194E-1
5.00000000E+4	8.71785049E+1	5.20727121E-9	8.54406873E+1	-1.21852430E+1	8.63052222E+1	-1.41661119E-1
5.36133611E+4	8.66609679E+1	4.58293151E-9	8.51370610E+1	-1.13903862E+1	8.58956349E+1	-1.32999028E-1
5.74878498E+4	8.61787494E+1	4.02203245E-9	8.48487568E+1	-1.06230002E+1	8.55111674E+1	-1.24551166E-1
6.16423370E+4	8.57307699E+1	3.51980006E-9	8.45755295E+1	-9.88458388E+0	8.51511906E+1	-1.16345046E-1
6.60970574E+4	8.53119721E+1	3.06853919E-9	8.43153866E+1	-9.16664652E+0	8.48122155E+1	-1.08293220E-1
7.08737081E+4	8.49267047E+1	2.66366733E-9	8.40735295E+1	-8.46932038E+0	8.44990403E+1	-1.00398363E-1
7.59955541E+4	8.45696701E+1	2.30224282E-9	8.38449919E+1	-7.79490634E+0	8.42065515E+1	-9.27016029E-2
8.14875417E+4	8.42330210E+1	1.97759699E-9	8.36247208E+1	-7.13223964E+0	8.39283198E+1	-8.50827486E-2
8.73764200E+4	8.39209024E+1	1.68825760E-9	8.34162210E+1	-6.48833831E+0	8.36681812E+1	-7.76263938E-2
9.36908711E+4	8.36341988E+1	1.42936964E-9	8.32220527E+1	-5.85657908E+0	8.34278712E+1	-7.02570964E-2
1.00461650E+5	8.33687506E+1	1.19723952E-9	8.30391304E+1	-5.23175322E+0	8.32037773E+1	-6.29203069E-2
1.07721735E+5	8.31095863E+1	9.91296010E-10	8.28519658E+1	-4.61998467E+0	8.29806761E+1	-5.57042296E-2
1.15506485E+5	8.28757560E+1	8.07061314E-10	8.26809295E+1	-4.01352196E+0	8.27782855E+1	-4.85042183E-2
1.23853818E+5	8.26614393E+1	6.42334895E-10	8.25205520E+1	-3.40969807E+0	8.25909656E+1	-4.12958868E-2
1.32804389E+5	8.24600677E+1	4.96680764E-10	8.23638643E+1	-2.81481841E+0	8.24119519E+1	-3.41620943E-2
1.42401793E+5	8.22730687E+1	3.64356659E-10	8.22139249E+1	-2.20508407E+0	8.22434915E+1	-2.68148667E-2
1.52692775E+5	8.21034413E+1	2.46951279E-10	8.20723849E+1	-1.59649661E+0	8.20879117E+1	-1.94498475E-2
1.63727458E+5	8.19439732E+1	1.43247449E-10	8.19320253E+1	-9.89370894E-1	8.19379990E+1	-1.20749199E-2
1.75559587E+5	8.18022076E+1	5.07638341E-11	8.18004904E+1	-3.74696562E-1	8.18013490E+1	-4.58058335E-3
1.88246790E+5	8.16754463E+1	-3.24349648E-11	8.16720594E+1	2.55953880E-1	8.16737528E+1	3.13358910E-3
2.01850863E+5	8.15559609E+1	-1.06440488E-10	8.15460757E+1	8.97792859E-1	8.15510182E+1	1.10091937E-2
2.16438064E+5	8.14539826E+1	-1.72222840E-10	8.14243475E+1	1.55335535E+0	8.14391637E+1	1.90749704E-2
2.32079442E+5	8.13674243E+1	-2.30944784E-10	8.13063727E+1	2.22792153E+0	8.13368928E+1	2.73947043E-2
2.48851178E+5	8.12860620E+1	-2.83772058E-10	8.11804592E+1	2.92790290E+0	8.12332434E+1	3.60509739E-2
2.66834962E+5	8.12361906E+1	-3.29350155E-10	8.10730514E+1	3.63669367E+0	8.11545800E+1	4.48269353E-2
2.86118383E+5	8.11914470E+1	-3.71141876E-10	8.09538697E+1	4.38544256E+0	8.10725713E+1	5.41192208E-2
3.06795364E+5	8.11597332E+1	-4.08224402E-10	8.08300340E+1	5.16226582E+0	8.09947158E+1	6.37791091E-2
3.28966612E+5	8.11615104E+1	-4.41492895E-10	8.07187214E+1	5.97833316E+0	8.09398131E+1	7.39287612E-2
3.52740116E+5	8.11879242E+1	-4.71111509E-10	8.06086342E+1	6.83332590E+0	8.08977606E+1	8.45693698E-2
3.78231664E+5	8.12258962E+1	-4.95096850E-10	8.04907136E+1	7.69250508E+0	8.08574693E+1	9.52807509E-2
4.05565415E+5	8.13179519E+1	-5.20486935E-10	8.03828778E+1	8.66961098E+0	8.08490629E+1	1.07438734E-1
4.34874501E+5	8.13852773E+1	-5.39899213E-10	8.02287776E+1	9.63234224E+0	8.08049582E+1	1.19489032E-1
4.66301673E+5	8.15492503E+1	-5.57520877E-10	8.01273630E+1	1.06734417E+1	8.08351793E+1	1.32426875E-1
NaN	NaN	NaN	NaN	NaN	NaN	NaN
