Start time:20240909_11-24-43	sweep/start:500.000	sweep/stop:500000.000	sweep/samplecount:100.000	sweep/xmapping:1.000	sweep/scan:0.000	sweep/averaging/sample:10.000	sweep/settling/time:0.100	sweep/settling/inaccuracy:0.010	sweep/awgcontrol:0.000	sweep/averaging/time:0.100	sweep/averaging/tc:15.000	sweep/bandwidthcontrol:2.000	sweep/sincfilter:0.000	sweep/omegasuppression:80.000	sweep/maxbandwidth:100.000	sweep/bandwidth:1250000.000	sweep/order:8.000	sweep/bandwidthoverlap:1.000																				
Frequency	Param0		Param1		RealZ		ImagZ		AbsZ		PhaseZ		
5.00000000E+2	1.28051416E+3	7.17654341E-7	1.37175746E+2	-3.96027091E+2	4.19111837E+2	-1.23735049E+0
5.36133611E+2	1.14716750E+3	7.06341192E-7	1.35750813E+2	-3.70540465E+2	3.94624590E+2	-1.21962276E+0
5.74878498E+2	1.02774513E+3	6.94203105E-7	1.34498243E+2	-3.46611932E+2	3.71792481E+2	-1.20064529E+0
6.16423370E+2	9.23834017E+2	6.81218498E-7	1.33093316E+2	-3.24410205E+2	3.50650621E+2	-1.18147444E+0
6.60970574E+2	8.30033626E+2	6.66962339E-7	1.32047280E+2	-3.03590248E+2	3.31064267E+2	-1.16052625E+0
7.08737081E+2	7.47847686E+2	6.51864304E-7	1.30909617E+2	-2.84188193E+2	3.12890222E+2	-1.13912619E+0
7.59955541E+2	6.75502051E+2	6.35494672E-7	1.29864717E+2	-2.66193325E+2	2.96181972E+2	-1.11690881E+0
8.14875417E+2	6.11015264E+2	6.18357994E-7	1.28846665E+2	-2.49250278E+2	2.80583657E+2	-1.09369116E+0
8.73764200E+2	5.54150421E+2	5.99850359E-7	1.27969120E+2	-2.33533703E+2	2.66297013E+2	-1.06951414E+0
9.36908711E+2	5.04284773E+2	5.80562226E-7	1.27013613E+2	-2.18902991E+2	2.53082972E+2	-1.04504209E+0
1.00461650E+3	4.59781313E+2	5.60287749E-7	1.26169928E+2	-2.05162573E+2	2.40853781E+2	-1.01943830E+0
1.07721735E+3	4.20666678E+2	5.39113824E-7	1.25341940E+2	-1.92396857E+2	2.29623953E+2	-9.93384185E-1
1.15506485E+3	3.86257968E+2	5.17229265E-7	1.24507221E+2	-1.80526565E+2	2.19298641E+2	-9.67023985E-1
1.23853818E+3	3.55783938E+2	4.94550612E-7	1.23756257E+2	-1.69454597E+2	2.09834405E+2	-9.40009190E-1
1.32804389E+3	3.28840633E+2	4.71492080E-7	1.22986109E+2	-1.59113912E+2	2.01104012E+2	-9.12772139E-1
1.42401793E+3	3.05036683E+2	4.48054525E-7	1.22239733E+2	-1.49482564E+2	1.93099961E+2	-8.85324036E-1
1.52692775E+3	2.84015429E+2	4.24429334E-7	1.21504318E+2	-1.40519737E+2	1.85766246E+2	-8.57842441E-1
1.63727458E+3	2.65475968E+2	4.00808470E-7	1.20770056E+2	-1.32197334E+2	1.79057377E+2	-8.30540392E-1
1.75559587E+3	2.49057047E+2	3.77296562E-7	1.20061321E+2	-1.24448358E+2	1.72922284E+2	-8.03338410E-1
1.88246790E+3	2.34503679E+2	3.54160356E-7	1.19342080E+2	-1.17233188E+2	1.67290630E+2	-7.76484164E-1
2.01850863E+3	2.21547517E+2	3.31602884E-7	1.18592368E+2	-1.10497473E+2	1.62092082E+2	-7.50077841E-1
2.16438064E+3	2.10104236E+2	3.09605715E-7	1.17866937E+2	-1.04267568E+2	1.57366902E+2	-7.24253147E-1
2.32079442E+3	1.99846998E+2	2.88396227E-7	1.17120967E+2	-9.84324666E+1	1.52991087E+2	-6.98914329E-1
2.48851178E+3	1.90757331E+2	2.68090693E-7	1.16358801E+2	-9.30425831E+1	1.48984207E+2	-6.74507918E-1
2.66834962E+3	1.82601942E+2	2.48706349E-7	1.15590214E+2	-8.80107877E+1	1.45282474E+2	-6.50759454E-1
2.86118383E+3	1.75292465E+2	2.30289705E-7	1.14821213E+2	-8.33269532E+1	1.41870691E+2	-6.27773709E-1
3.06795364E+3	1.68716374E+2	2.13000568E-7	1.14006735E+2	-7.89763647E+1	1.38689590E+2	-6.05832929E-1
3.28966612E+3	1.62781729E+2	1.96718893E-7	1.13192722E+2	-7.49207151E+1	1.35741323E+2	-5.84685812E-1
3.52740116E+3	1.57389860E+2	1.81545285E-7	1.12337490E+2	-7.11411912E+1	1.32969100E+2	-5.64532005E-1
3.78231664E+3	1.52480803E+2	1.67364018E-7	1.11477608E+2	-6.76087076E+1	1.30377126E+2	-5.45169069E-1
4.05565415E+3	1.48000421E+2	1.54216047E-7	1.10590650E+2	-6.43208362E+1	1.27935384E+2	-5.26789086E-1
4.34874501E+3	1.43835016E+2	1.41973726E-7	1.09685648E+2	-6.12020764E+1	1.25605082E+2	-5.08947026E-1
4.66301673E+3	1.40043282E+2	1.30657683E-7	1.08779847E+2	-5.83166412E+1	1.23425632E+2	-4.92107147E-1
5.00000000E+3	1.36519499E+2	1.20286106E-7	1.07822865E+2	-5.56251076E+1	1.21325691E+2	-4.76281364E-1
5.36133611E+3	1.33219065E+2	1.10578285E-7	1.06895837E+2	-5.30456681E+1	1.19333832E+2	-4.60632668E-1
5.74878498E+3	1.30139302E+2	1.01652874E-7	1.05947925E+2	-5.06263361E+1	1.17422267E+2	-4.45764353E-1
6.16423370E+3	1.27256275E+2	9.34214843E-8	1.04995486E+2	-4.83454445E+1	1.15591238E+2	-4.31512229E-1
6.60970574E+3	1.24529794E+2	8.58230475E-8	1.04034432E+2	-4.61759964E+1	1.13821730E+2	-4.17730352E-1
7.08737081E+3	1.21955034E+2	7.88083604E-8	1.03074093E+2	-4.41150277E+1	1.12117815E+2	-4.04403319E-1
7.59955541E+3	1.19510637E+2	7.23378273E-8	1.02110569E+2	-4.21512794E+1	1.10468543E+2	-3.91492230E-1
8.14875417E+3	1.17205602E+2	6.63430833E-8	1.01170104E+2	-4.02779434E+1	1.08893080E+2	-3.78885505E-1
8.73764200E+3	1.15009531E+2	6.08086153E-8	1.00233462E+2	-3.84844934E+1	1.07367609E+2	-3.66592814E-1
9.36908711E+3	1.12935744E+2	5.56930664E-8	9.93195926E+1	-3.67743158E+1	1.05909075E+2	-3.54610754E-1
1.00461650E+4	1.10955975E+2	5.09535905E-8	9.84216218E+1	-3.51233692E+1	1.04501038E+2	-3.42778729E-1
1.07721735E+4	1.09081689E+2	4.65660945E-8	9.75513244E+1	-3.35380687E+1	1.03155529E+2	-3.31140084E-1
1.15506485E+4	1.07297521E+2	4.25174505E-8	9.66976108E+1	-3.20153964E+1	1.01859776E+2	-3.19728185E-1
1.23853818E+4	1.05616859E+2	3.87688446E-8	9.58816288E+1	-3.05520763E+1	1.00631588E+2	-3.08472151E-1
1.32804389E+4	1.04008112E+2	3.53147483E-8	9.50769760E+1	-2.91400970E+1	9.94423289E+1	-2.97399796E-1
1.42401793E+4	1.02508767E+2	3.21285691E-8	9.43185982E+1	-2.77936158E+1	9.83284454E+1	-2.86567102E-1
1.52692775E+4	1.01066587E+2	2.91859133E-8	9.35726823E+1	-2.64806318E+1	9.72474758E+1	-2.75784082E-1
1.63727458E+4	9.97264116E+1	2.64720318E-8	9.28762153E+1	-2.52233811E+1	9.62403844E+1	-2.65184474E-1
1.75559587E+4	9.84595660E+1	2.39780292E-8	9.22062263E+1	-2.40124231E+1	9.52816089E+1	-2.54762232E-1
1.88246790E+4	9.72436526E+1	2.16842847E-8	9.15488233E+1	-2.28331869E+1	9.43532826E+1	-2.44423247E-1
2.01850863E+4	9.61240750E+1	1.95863194E-8	9.09391515E+1	-2.17143264E+1	9.34956779E+1	-2.34389812E-1
2.16438064E+4	9.50591243E+1	1.76635792E-8	9.03483493E+1	-2.06303330E+1	9.26738094E+1	-2.24493229E-1
2.32079442E+4	9.40620048E+1	1.58977720E-8	8.97925263E+1	-1.95797527E+1	9.19024756E+1	-2.14694802E-1
2.48851178E+4	9.31335674E+1	1.42873881E-8	8.92693462E+1	-1.85729526E+1	9.11809881E+1	-2.05128807E-1
2.66834962E+4	9.22553004E+1	1.28198558E-8	8.87652040E+1	-1.76010996E+1	9.04934282E+1	-1.95749132E-1
2.86118383E+4	9.14435025E+1	1.14860765E-8	8.82954638E+1	-1.66720326E+1	8.98556978E+1	-1.86623716E-1
3.06795364E+4	9.06847301E+1	1.02731927E-8	8.78514730E+1	-1.57767419E+1	8.92568603E+1	-1.77690213E-1
3.28966612E+4	8.99659931E+1	9.17520676E-9	8.74211071E+1	-1.49156514E+1	8.86844220E+1	-1.68991148E-1
3.52740116E+4	8.93007991E+1	8.17238520E-9	8.70240396E+1	-1.40759633E+1	8.81550695E+1	-1.60359153E-1
3.78231664E+4	8.86817466E+1	7.26788146E-9	8.66488159E+1	-1.32721864E+1	8.76593882E+1	-1.51990850E-1
4.05565415E+4	8.80981083E+1	6.45000214E-9	8.62888960E+1	-1.24945935E+1	8.71888095E+1	-1.43800096E-1
4.34874501E+4	8.75580702E+1	5.71138845E-9	8.59532516E+1	-1.17447553E+1	8.67519500E+1	-1.35800203E-1
4.66301673E+4	8.70472979E+1	5.04585782E-9	8.56292315E+1	-1.10194309E+1	8.63353532E+1	-1.27984325E-1
5.00000000E+4	8.65813661E+1	4.44600471E-9	8.53333855E+1	-1.03196084E+1	8.59551109E+1	-1.20348416E-1
5.36133611E+4	8.61374657E+1	3.90571156E-9	8.50451698E+1	-9.63817497E+0	8.55895753E+1	-1.12848582E-1
5.74878498E+4	8.57271117E+1	3.41997399E-9	8.47763557E+1	-8.97783581E+0	8.52504082E+1	-1.05506991E-1
6.16423370E+4	8.53430102E+1	2.98361147E-9	8.45209506E+1	-8.33553635E+0	8.49309858E+1	-9.83030707E-2
6.60970574E+4	8.49813039E+1	2.59236627E-9	8.42758521E+1	-7.71054190E+0	8.46278429E+1	-9.12377006E-2
7.08737081E+4	8.46492125E+1	2.24256520E-9	8.40485961E+1	-7.10499064E+0	8.43483697E+1	-8.43338110E-2
7.59955541E+4	8.43364679E+1	1.92848177E-9	8.38308731E+1	-6.51032983E+0	8.40832905E+1	-7.75047248E-2
8.14875417E+4	8.40482598E+1	1.64691838E-9	8.36282136E+1	-5.92685991E+0	8.38379736E+1	-7.07532377E-2
8.73764200E+4	8.37767950E+1	1.39357216E-9	8.34340279E+1	-5.34774367E+0	8.36052358E+1	-6.40079136E-2
9.36908711E+4	8.35182503E+1	1.16975567E-9	8.32429173E+1	-4.78741337E+0	8.33804702E+1	-5.74480810E-2
1.00461650E+5	8.32917576E+1	9.68120693E-10	8.30765268E+1	-4.22853569E+0	8.31840726E+1	-5.08553979E-2
1.07721735E+5	8.30613388E+1	7.87408611E-10	8.28988899E+1	-3.66970423E+0	8.29800746E+1	-4.42383458E-2
1.15506485E+5	8.28569111E+1	6.26553854E-10	8.27394584E+1	-3.11735308E+0	8.27981639E+1	-3.76589300E-2
1.23853818E+5	8.26662080E+1	4.82949623E-10	8.25864904E+1	-2.56583204E+0	8.26263396E+1	-3.10584291E-2
1.32804389E+5	8.25096474E+1	3.52960554E-10	8.24609471E+1	-2.00388119E+0	8.24852936E+1	-2.42961775E-2
1.42401793E+5	8.23250584E+1	2.40232631E-10	8.22992876E+1	-1.45631534E+0	8.23121720E+1	-1.76935116E-2
1.52692775E+5	8.21748848E+1	1.37244656E-10	8.21652641E+1	-8.89040394E-1	8.21700743E+1	-1.08197225E-2
1.63727458E+5	8.20343650E+1	4.58887673E-11	8.20331340E+1	-3.17682214E-1	8.20337495E+1	-3.87258916E-3
1.75559587E+5	8.19077457E+1	-3.52998585E-11	8.19069118E+1	2.61230630E-1	8.19073288E+1	3.18934482E-3
1.88246790E+5	8.17964089E+1	-1.07429802E-10	8.17827962E+1	8.49982210E-1	8.17896020E+1	1.03927053E-2
2.01850863E+5	8.16889198E+1	-1.73287770E-10	8.16625977E+1	1.46610405E+0	8.16757577E+1	1.79512592E-2
2.16438064E+5	8.16011458E+1	-2.30593523E-10	8.15477470E+1	2.08674236E+0	8.15744420E+1	2.55836261E-2
2.32079442E+5	8.15320927E+1	-2.82518756E-10	8.14402110E+1	2.73546587E+0	8.14861389E+1	3.35760161E-2
2.48851178E+5	8.14633906E+1	-3.28622181E-10	8.13209052E+1	3.40393363E+0	8.13921167E+1	4.18336190E-2
2.66834962E+5	8.14268841E+1	-3.69351832E-10	8.12203764E+1	4.09539730E+0	8.13235647E+1	5.03805818E-2
2.86118383E+5	8.13888138E+1	-4.06163876E-10	8.11023798E+1	4.81975806E+0	8.12454705E+1	5.93582573E-2
3.06795364E+5	8.13771577E+1	-4.38844711E-10	8.09933255E+1	5.57559177E+0	8.11850147E+1	6.87317262E-2
3.28966612E+5	8.13881940E+1	-4.68201531E-10	8.08863834E+1	6.37091963E+0	8.11369007E+1	7.86014580E-2
3.52740116E+5	8.14166551E+1	-4.94433515E-10	8.07736800E+1	7.20653147E+0	8.10945303E+1	8.89831455E-2
3.78231664E+5	8.14701400E+1	-5.16901975E-10	8.06622261E+1	8.07262344E+0	8.10651765E+1	9.97471988E-2
4.05565415E+5	8.15549596E+1	-5.40380024E-10	8.05391551E+1	9.04479353E+0	8.10454656E+1	1.11834300E-1
4.34874501E+5	8.16396692E+1	-5.54243903E-10	8.04104730E+1	9.94164683E+0	8.10227397E+1	1.23011962E-1
4.66301673E+5	8.18033875E+1	-5.70932124E-10	8.02996696E+1	1.09879402E+1	8.10480397E+1	1.35992021E-1
5.00000000E+5	8.19834337E+1	-5.84997150E-10	8.01634832E+1	1.20783426E+1	8.10683505E+1	1.49546211E-1
