Start time:20240907_11-51-13	sweep/start:500.000	sweep/stop:500000.000	sweep/samplecount:100.000	sweep/xmapping:1.000	sweep/scan:0.000	sweep/averaging/sample:10.000	sweep/settling/time:0.100	sweep/settling/inaccuracy:0.010	sweep/awgcontrol:0.000	sweep/averaging/time:0.100	sweep/averaging/tc:15.000	sweep/bandwidthcontrol:2.000	sweep/sincfilter:0.000	sweep/omegasuppression:80.000	sweep/maxbandwidth:100.000	sweep/bandwidth:1250000.000	sweep/order:8.000	sweep/bandwidthoverlap:1.000																				
Frequency	Param0		Param1		RealZ		ImagZ		AbsZ		PhaseZ		
5.00000000E+2	1.14124802E+3	6.85098392E-7	1.62260283E+2	-3.98560688E+2	4.30324356E+2	-1.18417095E+0
5.36133611E+2	1.02843586E+3	6.70713824E-7	1.60711679E+2	-3.73434325E+2	4.06548241E+2	-1.16439338E+0
5.74878498E+2	9.29822908E+2	6.55418894E-7	1.59063121E+2	-3.50141477E+2	3.84577950E+2	-1.14438667E+0
6.16423370E+2	8.41718718E+2	6.38903108E-7	1.57674955E+2	-3.28414721E+2	3.64304384E+2	-1.12318762E+0
6.60970574E+2	7.63979440E+2	6.21879691E-7	1.56132909E+2	-3.08065877E+2	3.45372442E+2	-1.10171040E+0
7.08737081E+2	6.94773356E+2	6.03491849E-7	1.54867221E+2	-2.89160129E+2	3.28020543E+2	-1.07909457E+0
7.59955541E+2	6.33978331E+2	5.84308987E-7	1.53552420E+2	-2.71607138E+2	3.12007713E+2	-1.05624644E+0
8.14875417E+2	5.79808873E+2	5.64575261E-7	1.52219838E+2	-2.55122426E+2	2.97083074E+2	-1.03284060E+0
8.73764200E+2	5.32105816E+2	5.43973892E-7	1.50942323E+2	-2.39861757E+2	2.83402997E+2	-1.00911883E+0
9.36908711E+2	4.90007206E+2	5.22805302E-7	1.49654598E+2	-2.25688502E+2	2.70798465E+2	-9.85265317E-1
1.00461650E+3	4.52480017E+2	5.01152300E-7	1.48412745E+2	-2.12432157E+2	2.59140457E+2	-9.60986413E-1
1.07721735E+3	4.19359577E+2	4.79110381E-7	1.47179163E+2	-2.00148071E+2	2.48437052E+2	-9.36736403E-1
1.15506485E+3	3.89913069E+2	4.56991123E-7	1.45907196E+2	-1.88685418E+2	2.38518567E+2	-9.12559943E-1
1.23853818E+3	3.63797454E+2	4.34868483E-7	1.44610752E+2	-1.78035784E+2	2.29366552E+2	-8.88626403E-1
1.32804389E+3	3.40560997E+2	4.12824044E-7	1.43317327E+2	-1.68132156E+2	2.20925969E+2	-8.64905476E-1
1.42401793E+3	3.19877645E+2	3.90971587E-7	1.42033485E+2	-1.58933365E+2	2.13150957E+2	-8.41491203E-1
1.52692775E+3	3.01413592E+2	3.69644744E-7	1.40677044E+2	-1.50372654E+2	2.05917384E+2	-8.18698408E-1
1.63727458E+3	2.84797475E+2	3.48764753E-7	1.39326893E+2	-1.42365579E+2	1.99198253E+2	-7.96184990E-1
1.75559587E+3	2.70020858E+2	3.28535179E-7	1.37937275E+2	-1.34978682E+2	1.92992070E+2	-7.74557930E-1
1.88246790E+3	2.56652808E+2	3.08998929E-7	1.36526538E+2	-1.28064115E+2	1.87189520E+2	-7.53425982E-1
2.01850863E+3	2.44612914E+2	2.90254132E-7	1.35082369E+2	-1.21637337E+2	1.81777034E+2	-7.33073547E-1
2.16438064E+3	2.33656969E+2	2.72377357E-7	1.33588723E+2	-1.15620008E+2	1.76674658E+2	-7.13419666E-1
2.32079442E+3	2.23681716E+2	2.55357869E-7	1.32064303E+2	-1.09997214E+2	1.71873118E+2	-6.94486305E-1
2.48851178E+3	2.14614217E+2	2.39149208E-7	1.30542966E+2	-1.04761196E+2	1.67380929E+2	-6.76265643E-1
2.66834962E+3	2.06219497E+2	2.23867691E-7	1.28961038E+2	-9.98164748E+1	1.63077526E+2	-6.58688074E-1
2.86118383E+3	1.98515534E+2	2.09466628E-7	1.27350085E+2	-9.51993898E+1	1.58999903E+2	-6.41925385E-1
3.06795364E+3	1.91391821E+2	1.95896985E-7	1.25721500E+2	-9.08634677E+1	1.55119523E+2	-6.25822692E-1
3.28966612E+3	1.84752379E+2	1.83047734E-7	1.24109743E+2	-8.67544852E+1	1.51425129E+2	-6.10064115E-1
3.52740116E+3	1.78548461E+2	1.71005001E-7	1.22467080E+2	-8.28741305E+1	1.47872608E+2	-5.94920311E-1
3.78231664E+3	1.72731762E+2	1.59745819E-7	1.20790563E+2	-7.92086181E+1	1.44445028E+2	-5.80407974E-1
4.05565415E+3	1.67242334E+2	1.49095223E-7	1.19140552E+2	-7.57025164E+1	1.41157159E+2	-5.66046672E-1
4.34874501E+3	1.62062228E+2	1.39097102E-7	1.17488211E+2	-7.23665659E+1	1.37986959E+2	-5.52063130E-1
4.66301673E+3	1.57207773E+2	1.29662007E-7	1.15877635E+2	-6.92043196E+1	1.34969866E+2	-5.38372092E-1
5.00000000E+3	1.52577280E+2	1.20849878E-7	1.14242057E+2	-6.61777438E+1	1.32025535E+2	-5.25042268E-1
5.36133611E+3	1.48180937E+2	1.12464678E-7	1.12671931E+2	-6.32524144E+1	1.29212353E+2	-5.11542610E-1
5.74878498E+3	1.44037747E+2	1.04596801E-7	1.11127984E+2	-6.04747479E+1	1.26517289E+2	-4.98371693E-1
6.16423370E+3	1.40074336E+2	9.71790105E-8	1.09607885E+2	-5.77872196E+1	1.23908238E+2	-4.85183947E-1
6.60970574E+3	1.36336476E+2	9.01701851E-8	1.08146920E+2	-5.52142489E+1	1.21426397E+2	-4.72050758E-1
7.08737081E+3	1.32767897E+2	8.35639437E-8	1.06718686E+2	-5.27251088E+1	1.19032833E+2	-4.58881878E-1
7.59955541E+3	1.29394739E+2	7.73467627E-8	1.05337911E+2	-5.03398021E+1	1.16748325E+2	-4.45802653E-1
8.14875417E+3	1.26214034E+2	7.14890871E-8	1.04015045E+2	-4.80523484E+1	1.14578176E+2	-4.32767581E-1
8.73764200E+3	1.23192316E+2	6.59774266E-8	1.02735941E+2	-4.58432613E+1	1.12500126E+2	-4.19709516E-1
9.36908711E+3	1.20335340E+2	6.07771190E-8	1.01517790E+2	-4.37071597E+1	1.10526819E+2	-4.06551133E-1
1.00461650E+4	1.17646888E+2	5.58891273E-8	1.00359329E+2	-4.16529422E+1	1.08659849E+2	-3.93402640E-1
1.07721735E+4	1.15122172E+2	5.13208586E-8	9.92510592E+1	-3.96890989E+1	1.06892458E+2	-3.80408008E-1
1.15506485E+4	1.12743839E+2	4.70429274E-8	9.81947706E+1	-3.77973839E+1	1.05218132E+2	-3.67441411E-1
1.23853818E+4	1.10503073E+2	4.30389011E-8	9.71901899E+1	-3.59705611E+1	1.03633077E+2	-3.54472146E-1
1.32804389E+4	1.08399746E+2	3.93092178E-8	9.62335083E+1	-3.42169480E+1	1.02135634E+2	-3.41620930E-1
1.42401793E+4	1.06436677E+2	3.58349015E-8	9.53338649E+1	-3.25341912E+1	1.00732417E+2	-3.28872747E-1
1.52692775E+4	1.04599774E+2	3.26065996E-8	9.44833955E+1	-3.09164761E+1	9.94129853E+1	-3.16234889E-1
1.63727458E+4	1.02877226E+2	2.96253668E-8	9.36692037E+1	-2.93684555E+1	9.81653077E+1	-3.03826366E-1
1.75559587E+4	1.01284697E+2	2.68704544E-8	9.29110549E+1	-2.78927091E+1	9.70075666E+1	-2.91648245E-1
1.88246790E+4	9.97758263E+1	2.43196881E-8	9.21825308E+1	-2.64569217E+1	9.59040570E+1	-2.79493321E-1
2.01850863E+4	9.83918637E+1	2.19828870E-8	9.15059979E+1	-2.51017449E+1	9.48864882E+1	-2.67732083E-1
2.16438064E+4	9.70923213E+1	1.98225135E-8	9.08675525E+1	-2.37829622E+1	9.39283854E+1	-2.55989867E-1
2.32079442E+4	9.58914879E+1	1.78523749E-8	9.02666139E+1	-2.25330360E+1	9.30365513E+1	-2.44628120E-1
2.48851178E+4	9.47619181E+1	1.60448146E-8	8.96927521E+1	-2.13228657E+1	9.21925001E+1	-2.33399649E-1
2.66834962E+4	9.37305959E+1	1.44024334E-8	8.91632281E+1	-2.01802066E+1	9.14183925E+1	-2.22578854E-1
2.86118383E+4	9.27617978E+1	1.29039324E-8	8.86564938E+1	-1.90777578E+1	9.06859179E+1	-2.11955248E-1
3.06795364E+4	9.18605302E+1	1.15406716E-8	8.81780684E+1	-1.80197705E+1	9.00004673E+1	-2.01581072E-1
3.28966612E+4	9.10214826E+1	1.03045636E-8	8.77243918E+1	-1.70069159E+1	8.93577316E+1	-1.91492112E-1
3.52740116E+4	9.02484359E+1	9.17735320E-9	8.73065178E+1	-1.60264938E+1	8.87652898E+1	-1.81544705E-1
3.78231664E+4	8.95326367E+1	8.16252297E-9	8.69110619E+1	-1.50944946E+1	8.82121110E+1	-1.71962165E-1
4.05565415E+4	8.88657215E+1	7.24136383E-9	8.65386948E+1	-1.41907634E+1	8.76944898E+1	-1.62535158E-1
4.34874501E+4	8.82513939E+1	6.41398079E-9	8.61896194E+1	-1.33305477E+1	8.72144142E+1	-1.53449487E-1
4.66301673E+4	8.76738301E+1	5.66859450E-9	8.58535303E+1	-1.25011618E+1	8.67589063E+1	-1.44594141E-1
5.00000000E+4	8.71456668E+1	4.99790581E-9	8.55440537E+1	-1.17050579E+1	8.63411466E+1	-1.35986280E-1
5.36133611E+4	8.66580843E+1	4.39303073E-9	8.52559888E+1	-1.09332958E+1	8.59541777E+1	-1.27544652E-1
5.74878498E+4	8.61952517E+1	3.85242127E-9	8.49728153E+1	-1.01918504E+1	8.55818509E+1	-1.19372226E-1
6.16423370E+4	8.57756310E+1	3.36554828E-9	8.47165572E+1	-9.47211475E+0	8.52444494E+1	-1.11347033E-1
6.60970574E+4	8.53777484E+1	2.92909605E-9	8.44666483E+1	-8.77254409E+0	8.49209765E+1	-1.03487059E-1
7.08737081E+4	8.50120309E+1	2.53867397E-9	8.42340079E+1	-8.09542756E+0	8.46221252E+1	-9.58121405E-2
7.59955541E+4	8.46684133E+1	2.18976550E-9	8.40099893E+1	-7.43734628E+0	8.43385587E+1	-8.82991100E-2
8.14875417E+4	8.43503011E+1	1.87797822E-9	8.37990665E+1	-6.79653332E+0	8.40742320E+1	-8.09279805E-2
8.73764200E+4	8.40598174E+1	1.59810943E-9	8.36050684E+1	-6.16597342E+0	8.38321346E+1	-7.36179116E-2
9.36908711E+4	8.37797528E+1	1.34985804E-9	8.34100696E+1	-5.55293709E+0	8.35947069E+1	-6.64758515E-2
1.00461650E+5	8.35195922E+1	1.12780480E-9	8.32253786E+1	-4.94832492E+0	8.33723556E+1	-5.93870115E-2
1.07721735E+5	8.32870922E+1	9.28180402E-10	8.30596979E+1	-4.34593852E+0	8.31733173E+1	-5.22754055E-2
1.15506485E+5	8.30624984E+1	7.51084903E-10	8.28925652E+1	-3.75314896E+0	8.29774883E+1	-4.52463685E-2
1.23853818E+5	8.28576060E+1	5.93386257E-10	8.27364852E+1	-3.16560095E+0	8.27970234E+1	-3.82425923E-2
1.32804389E+5	8.26766485E+1	4.52712834E-10	8.25960760E+1	-2.57962878E+0	8.26363524E+1	-3.12217131E-2
1.42401793E+5	8.24897737E+1	3.26537872E-10	8.24418872E+1	-1.98690422E+0	8.24658270E+1	-2.40959990E-2
1.52692775E+5	8.23243051E+1	2.14758473E-10	8.23006259E+1	-1.39598186E+0	8.23124647E+1	-1.69603590E-2
1.63727458E+5	8.21734924E+1	1.14182817E-10	8.21658364E+1	-7.93095140E-1	8.21696643E+1	-9.65206990E-3
1.75559587E+5	8.20404596E+1	2.56553052E-11	8.20400168E+1	-1.90474098E-1	8.20402382E+1	-2.32171632E-3
1.88246790E+5	8.18952377E+1	-4.98458787E-11	8.18885941E+1	3.95181884E-1	8.18919157E+1	4.82690165E-3
2.01850863E+5	8.18035148E+1	-1.24869318E-10	8.17897871E+1	1.05958824E+0	8.17966506E+1	1.29542961E-2
2.16438064E+5	8.17090928E+1	-1.88246841E-10	8.16733561E+1	1.70840968E+0	8.16912225E+1	2.09145380E-2
2.32079442E+5	8.16245280E+1	-2.44086300E-10	8.15556903E+1	2.36938077E+0	8.15901019E+1	2.90441360E-2
2.48851178E+5	8.15506631E+1	-2.94297896E-10	8.14359784E+1	3.05598007E+0	8.14933006E+1	3.75085669E-2
2.66834962E+5	8.15137796E+1	-3.39222081E-10	8.13389627E+1	3.77082554E+0	8.14263242E+1	4.63262269E-2
2.86118383E+5	8.14617746E+1	-3.79329937E-10	8.12111508E+1	4.51141090E+0	8.13363661E+1	5.54945729E-2
3.06795364E+5	8.14412574E+1	-4.15294661E-10	8.10965387E+1	5.28727147E+0	8.12687152E+1	6.51051212E-2
3.28966612E+5	8.14461180E+1	-4.46566072E-10	8.09883954E+1	6.08850215E+0	8.12169342E+1	7.50363236E-2
3.52740116E+5	8.14655238E+1	-4.73869204E-10	8.08734928E+1	6.91947781E+0	8.11689685E+1	8.53514035E-2
3.78231664E+5	8.15044875E+1	-4.99265603E-10	8.07493155E+1	7.80889742E+0	8.11260228E+1	9.64056526E-2
4.05565415E+5	8.15489795E+1	-5.18635143E-10	8.06125335E+1	8.68800394E+0	8.10794040E+1	1.07360855E-1
4.34874501E+5	8.17142036E+1	-5.39768037E-10	8.05441995E+1	9.70693507E+0	8.11270913E+1	1.19938459E-1
4.66301673E+5	8.18021021E+1	-5.56680112E-10	8.03711246E+1	1.07230945E+1	8.10834540E+1	1.32635743E-1
5.00000000E+5	8.19896349E+1	-5.72270599E-10	8.02458723E+1	1.18285730E+1	8.11130659E+1	1.46350102E-1
