Start time:20240905_07-27-30	sweep/start:500.000	sweep/stop:500000.000	sweep/samplecount:100.000	sweep/xmapping:1.000	sweep/scan:0.000	sweep/averaging/sample:10.000	sweep/settling/time:0.100	sweep/settling/inaccuracy:0.010	sweep/awgcontrol:0.000	sweep/averaging/time:0.100	sweep/averaging/tc:15.000	sweep/bandwidthcontrol:2.000	sweep/sincfilter:0.000	sweep/omegasuppression:80.000	sweep/maxbandwidth:100.000	sweep/bandwidth:1250000.000	sweep/order:8.000	sweep/bandwidthoverlap:1.000																				
Frequency	Param0		Param1		RealZ		ImagZ		AbsZ		PhaseZ		
5.00000000E+2	1.10630538E+3	6.71167358E-7	1.71749137E+2	-4.00635787E+2	4.35897729E+2	-1.16580318E+0
5.36133611E+2	9.98873070E+2	6.56076838E-7	1.70066243E+2	-3.75435394E+2	4.12158123E+2	-1.14546361E+0
5.74878498E+2	9.04537048E+2	6.39842864E-7	1.68433524E+2	-3.52113871E+2	3.90325623E+2	-1.12461863E+0
6.16423370E+2	8.20821419E+2	6.22253638E-7	1.67059127E+2	-3.30479557E+2	3.70304650E+2	-1.10275428E+0
6.60970574E+2	7.46050429E+2	6.04335620E-7	1.65566938E+2	-3.10014104E+2	3.51455807E+2	-1.08027143E+0
7.08737081E+2	6.80461586E+2	5.85222210E-7	1.64176516E+2	-2.91138627E+2	3.34238946E+2	-1.05733504E+0
7.59955541E+2	6.22605338E+2	5.65501152E-7	1.62714531E+2	-2.73552135E+2	3.18287334E+2	-1.03419370E+0
8.14875417E+2	5.70723280E+2	5.44813962E-7	1.61472839E+2	-2.57065599E+2	3.03572447E+2	-1.00994311E+0
8.73764200E+2	5.25651773E+2	5.23462133E-7	1.60162233E+2	-2.41945377E+2	2.90154309E+2	-9.86047576E-1
9.36908711E+2	4.85476027E+2	5.01911555E-7	1.58780982E+2	-2.27756230E+2	2.77640631E+2	-9.61983504E-1
1.00461650E+3	4.49587876E+2	4.79718285E-7	1.57563860E+2	-2.14505027E+2	2.66155566E+2	-9.37259200E-1
1.07721735E+3	4.17982794E+2	4.57621119E-7	1.56192087E+2	-2.02211801E+2	2.55510449E+2	-9.13101240E-1
1.15506485E+3	3.89835052E+2	4.35360123E-7	1.54870963E+2	-1.90759253E+2	2.45711450E+2	-8.88861761E-1
1.23853818E+3	3.65019538E+2	4.13126243E-7	1.53554450E+2	-1.80198205E+2	2.36749588E+2	-8.65060068E-1
1.32804389E+3	3.42736706E+2	3.91133903E-7	1.52240382E+2	-1.70297442E+2	2.28425828E+2	-8.41324101E-1
1.42401793E+3	3.23029227E+2	3.69706345E-7	1.50821742E+2	-1.61160223E+2	2.20725672E+2	-8.18524152E-1
1.52692775E+3	3.05340329E+2	3.48710758E-7	1.49419710E+2	-1.52635529E+2	2.13597423E+2	-7.96044243E-1
1.63727458E+3	2.89526081E+2	3.28241160E-7	1.48035090E+2	-1.44726040E+2	2.07026610E+2	-7.74095770E-1
1.75559587E+3	2.75329899E+2	3.08682822E-7	1.46537651E+2	-1.37378702E+2	2.00863620E+2	-7.53150030E-1
1.88246790E+3	2.62502272E+2	2.89767224E-7	1.45074525E+2	-1.30521144E+2	1.95147098E+2	-7.32640170E-1
2.01850863E+3	2.50934810E+2	2.71848462E-7	1.43513660E+2	-1.24162795E+2	1.89769786E+2	-7.13231712E-1
2.16438064E+3	2.40410007E+2	2.54752068E-7	1.41944231E+2	-1.18222862E+2	1.84729023E+2	-6.94472129E-1
2.32079442E+3	2.30837769E+2	2.38603987E-7	1.40321527E+2	-1.12700376E+2	1.79976407E+2	-6.76663672E-1
2.48851178E+3	2.22067394E+2	2.23327296E-7	1.38679305E+2	-1.07536973E+2	1.75488322E+2	-6.59582612E-1
2.66834962E+3	2.13994387E+2	2.08978151E-7	1.36987139E+2	-1.02708319E+2	1.71214712E+2	-6.43351428E-1
2.86118383E+3	2.06502761E+2	1.95491161E-7	1.35261512E+2	-9.81641276E+1	1.67128318E+2	-6.27790359E-1
3.06795364E+3	1.99563764E+2	1.82872996E-7	1.33496148E+2	-9.39136297E+1	1.63220688E+2	-6.13066527E-1
3.28966612E+3	1.93077444E+2	1.71022704E-7	1.31718219E+2	-8.99006451E+1	1.59473560E+2	-5.98899530E-1
3.52740116E+3	1.87002763E+2	1.59939685E-7	1.29915526E+2	-8.61192019E+1	1.55867129E+2	-5.85380758E-1
3.78231664E+3	1.81248070E+2	1.49542426E-7	1.28098895E+2	-8.25127227E+1	1.52373479E+2	-5.72239718E-1
4.05565415E+3	1.75820903E+2	1.39862496E-7	1.26247568E+2	-7.91107586E+1	1.48986446E+2	-5.59771992E-1
4.34874501E+3	1.70695477E+2	1.30691864E-7	1.24453531E+2	-7.58615294E+1	1.45752031E+2	-5.47417120E-1
4.66301673E+3	1.65806793E+2	1.22163432E-7	1.22620648E+2	-7.27702664E+1	1.42587994E+2	-5.35595695E-1
5.00000000E+3	1.61147371E+2	1.14124950E-7	1.20816773E+2	-6.98040953E+1	1.39532452E+2	-5.23912203E-1
5.36133611E+3	1.56683769E+2	1.06570445E-7	1.19025035E+2	-6.69502167E+1	1.36562407E+2	-5.12380751E-1
5.74878498E+3	1.52375463E+2	9.94680851E-8	1.17237532E+2	-6.41832032E+1	1.33656736E+2	-5.00893279E-1
6.16423370E+3	1.48324029E+2	9.27697226E-8	1.15515089E+2	-6.15623818E+1	1.30895620E+2	-4.89649508E-1
6.60970574E+3	1.44411373E+2	8.64323110E-8	1.13825625E+2	-5.90037412E+1	1.28209652E+2	-4.78235042E-1
7.08737081E+3	1.40699718E+2	8.04565506E-8	1.12189970E+2	-5.65553487E+1	1.25638756E+2	-4.66924959E-1
7.59955541E+3	1.37116900E+2	7.48265260E-8	1.10577258E+2	-5.41726893E+1	1.23134117E+2	-4.55541521E-1
8.14875417E+3	1.33723103E+2	6.94986097E-8	1.09035672E+2	-5.18826572E+1	1.20750107E+2	-4.44126929E-1
8.73764200E+3	1.30462277E+2	6.44669777E-8	1.07535429E+2	-4.96532796E+1	1.18445417E+2	-4.32572919E-1
9.36908711E+3	1.27375086E+2	5.97240771E-8	1.06097295E+2	-4.75133212E+1	1.16250385E+2	-4.21046077E-1
1.00461650E+4	1.24431218E+2	5.52347372E-8	1.04721533E+2	-4.54315755E+1	1.14151775E+2	-4.09327773E-1
1.07721735E+4	1.21641492E+2	5.10209925E-8	1.03396861E+2	-4.34331355E+1	1.12148778E+2	-3.97681054E-1
1.15506485E+4	1.18998735E+2	4.70495767E-8	1.02135351E+2	-4.15011732E+1	1.10245079E+2	-3.85955674E-1
1.23853818E+4	1.16487352E+2	4.33194547E-8	1.00924204E+2	-3.96320320E+1	1.08426903E+2	-3.74189725E-1
1.32804389E+4	1.14111434E+2	3.98191606E-8	9.97690021E+1	-3.78276334E+1	1.06699502E+2	-3.62405951E-1
1.42401793E+4	1.11875930E+2	3.65419959E-8	9.86736279E+1	-3.60931949E+1	1.05067615E+2	-3.50666163E-1
1.52692775E+4	1.09758904E+2	3.34752204E-8	9.76278752E+1	-3.44140211E+1	1.03515837E+2	-3.38902004E-1
1.63727458E+4	1.07770935E+2	3.06199309E-8	9.66344729E+1	-3.28049349E+1	1.02050905E+2	-3.27267371E-1
1.75559587E+4	1.05887967E+2	2.79465259E-8	9.56918923E+1	-3.12358981E+1	1.00660915E+2	-3.15517119E-1
1.88246790E+4	1.04132667E+2	2.54696974E-8	9.48031474E+1	-2.97399970E+1	9.93584650E+1	-3.03980143E-1
2.01850863E+4	1.02486870E+2	2.31735342E-8	9.39618801E+1	-2.83023596E+1	9.81318445E+1	-2.92567515E-1
2.16438064E+4	1.00943194E+2	2.10493825E-8	9.31644391E+1	-2.69203110E+1	9.69758528E+1	-2.81293028E-1
2.32079442E+4	9.94865368E+1	1.90839001E-8	9.24040289E+1	-2.55822567E+1	9.58799082E+1	-2.70087353E-1
2.48851178E+4	9.81292374E+1	1.72703513E-8	9.16910002E+1	-2.42966280E+1	9.48555100E+1	-2.59030496E-1
2.66834962E+4	9.68600369E+1	1.56048414E-8	9.10152618E+1	-2.30643265E+1	9.38921806E+1	-2.48187034E-1
2.86118383E+4	9.56709902E+1	1.40787785E-8	9.03721896E+1	-2.18829424E+1	9.29838524E+1	-2.37569724E-1
3.06795364E+4	9.45578142E+1	1.26750630E-8	8.97663719E+1	-2.07390998E+1	9.21309498E+1	-2.27050377E-1
3.28966612E+4	9.35145723E+1	1.13869836E-8	8.91936793E+1	-1.96315121E+1	9.13285759E+1	-2.16645508E-1
3.52740116E+4	9.25497513E+1	1.02111556E-8	8.86602079E+1	-1.85700733E+1	9.05841056E+1	-2.06467447E-1
3.78231664E+4	9.16430805E+1	9.14264198E-9	8.81482037E+1	-1.75518387E+1	8.98786567E+1	-1.96546733E-1
4.05565415E+4	9.08087017E+1	8.17020766E-9	8.76748545E+1	-1.65758723E+1	8.92280208E+1	-1.86855250E-1
4.34874501E+4	9.00214611E+1	7.28544004E-9	8.72204814E+1	-1.56301853E+1	8.86099045E+1	-1.77320993E-1
4.66301673E+4	8.92869528E+1	6.48337853E-9	8.67903804E+1	-1.47199996E+1	8.80298166E+1	-1.68005301E-1
5.00000000E+4	8.86002735E+1	5.75305108E-9	8.63851114E+1	-1.38331817E+1	8.74856816E+1	-1.58785778E-1
5.36133611E+4	8.79686942E+1	5.09286494E-9	8.60096963E+1	-1.29804760E+1	8.69836805E+1	-1.49788361E-1
5.74878498E+4	8.73736698E+1	4.49914179E-9	8.56468617E+1	-1.21612332E+1	8.65059571E+1	-1.41049849E-1
6.16423370E+4	8.68201545E+1	3.96087373E-9	8.53068536E+1	-1.13619911E+1	8.60601778E+1	-1.32410367E-1
6.60970574E+4	8.62995150E+1	3.47619585E-9	8.49804433E+1	-1.05875035E+1	8.56374395E+1	-1.23948850E-1
7.08737081E+4	8.58231935E+1	3.03925639E-9	8.46806868E+1	-9.83606539E+0	8.52500262E+1	-1.15636570E-1
7.59955541E+4	8.53765009E+1	2.64608468E-9	8.43944488E+1	-9.10382748E+0	8.48840546E+1	-1.07456830E-1
8.14875417E+4	8.49576523E+1	2.29400655E-9	8.41200527E+1	-8.39397650E+0	8.45378152E+1	-9.94564509E-2
8.73764200E+4	8.45698733E+1	1.97495597E-9	8.38647348E+1	-7.69000474E+0	8.42165660E+1	-9.14396265E-2
9.36908711E+4	8.42119813E+1	1.69140915E-9	8.36240425E+1	-7.01182186E+0	8.39174970E+1	-8.36536680E-2
1.00461650E+5	8.38782895E+1	1.43544505E-9	8.33965837E+1	-6.33817903E+0	8.36370898E+1	-7.58546463E-2
1.07721735E+5	8.35542297E+1	1.20650742E-9	8.31670475E+1	-5.67456968E+0	8.33604138E+1	-6.81253978E-2
1.15506485E+5	8.32671146E+1	1.00114638E-9	8.29634439E+1	-5.01931056E+0	8.31151406E+1	-6.04266156E-2
1.23853818E+5	8.29968653E+1	8.17393804E-10	8.27661804E+1	-4.36953410E+0	8.28814426E+1	-5.27447524E-2
1.32804389E+5	8.27363862E+1	6.57587076E-10	8.25662136E+1	-3.74838843E+0	8.26512561E+1	-4.53674176E-2
1.42401793E+5	8.25098428E+1	5.05911214E-10	8.23949075E+1	-3.07734219E+0	8.24523551E+1	-3.73313410E-2
1.52692775E+5	8.22987698E+1	3.74526490E-10	8.22268638E+1	-2.43157634E+0	8.22628089E+1	-2.95629428E-2
1.63727458E+5	8.20973296E+1	2.57132696E-10	8.20586300E+1	-1.78201782E+0	8.20779775E+1	-2.17129829E-2
1.75559587E+5	8.19190636E+1	1.52041150E-10	8.19036032E+1	-1.12526181E+0	8.19113330E+1	-1.37379911E-2
1.88246790E+5	8.17533881E+1	5.72719559E-11	8.17484086E+1	-4.52764869E-1	8.17508983E+1	-5.53813084E-3
2.01850863E+5	8.16048334E+1	-2.56798205E-11	8.16042558E+1	2.16885620E-1	8.16045446E+1	2.65776833E-3
2.16438064E+5	8.14714760E+1	-1.00560016E-10	8.14613631E+1	9.07603853E-1	8.14664194E+1	1.11410614E-2
2.32079442E+5	8.13540360E+1	-1.66904482E-10	8.13221522E+1	1.61017260E+0	8.13380925E+1	1.97973406E-2
2.48851178E+5	8.12602134E+1	-2.26340821E-10	8.11930582E+1	2.33495756E+0	8.12266289E+1	2.87501797E-2
2.66834962E+5	8.11823559E+1	-2.79421427E-10	8.10650987E+1	3.08302902E+0	8.11237061E+1	3.80132098E-2
2.86118383E+5	8.11113655E+1	-3.27446241E-10	8.09268581E+1	3.86402819E+0	8.10190593E+1	4.77109160E-2
3.06795364E+5	8.10793561E+1	-3.68537188E-10	8.08112427E+1	4.65470111E+0	8.09451884E+1	5.75361141E-2
3.28966612E+5	8.10352749E+1	-4.06922651E-10	8.06605460E+1	5.49767752E+0	8.08476933E+1	6.80529078E-2
3.52740116E+5	8.10540483E+1	-4.39191456E-10	8.05526069E+1	6.35540039E+0	8.08029386E+1	7.87344101E-2
3.78231664E+5	8.10806568E+1	-4.69549381E-10	8.04223063E+1	7.27633586E+0	8.07508106E+1	9.02309110E-2
4.05565415E+5	8.10926384E+1	-4.96296654E-10	8.02485244E+1	8.23006926E+0	8.06694770E+1	1.02199592E-1
4.34874501E+5	8.12086546E+1	-5.19735020E-10	8.01427237E+1	9.24253746E+0	8.06739285E+1	1.14818823E-1
4.66301673E+5	8.13361102E+1	-5.38704760E-10	8.00173245E+1	1.02722696E+1	8.06740220E+1	1.27676972E-1
NaN	NaN	NaN	NaN	NaN	NaN	NaN
