Start time:20240905_11-55-54	sweep/start:500.000	sweep/stop:500000.000	sweep/samplecount:100.000	sweep/xmapping:1.000	sweep/scan:0.000	sweep/averaging/sample:10.000	sweep/settling/time:0.100	sweep/settling/inaccuracy:0.010	sweep/awgcontrol:0.000	sweep/averaging/time:0.100	sweep/averaging/tc:15.000	sweep/bandwidthcontrol:2.000	sweep/sincfilter:0.000	sweep/omegasuppression:80.000	sweep/maxbandwidth:100.000	sweep/bandwidth:1250000.000	sweep/order:8.000	sweep/bandwidthoverlap:1.000																				
Frequency	Param0		Param1		RealZ		ImagZ		AbsZ		PhaseZ		
5.00000000E+2	1.10911181E+3	6.63596263E-7	1.74763692E+2	-4.04091182E+2	4.40263673E+2	-1.16260222E+0
5.36133611E+2	1.00159967E+3	6.48281919E-7	1.73157250E+2	-3.78748803E+2	4.16454218E+2	-1.14198570E+0
5.74878498E+2	9.07368232E+2	6.31955718E-7	1.71526978E+2	-3.55269358E+2	3.94509670E+2	-1.12099648E+0
6.16423370E+2	8.23704488E+2	6.14479860E-7	1.70079846E+2	-3.33418863E+2	3.74293122E+2	-1.09909465E+0
6.60970574E+2	7.50264636E+2	5.96484974E-7	1.68438610E+2	-3.13052360E+2	3.55490348E+2	-1.07717214E+0
7.08737081E+2	6.84665108E+2	5.77419850E-7	1.67018285E+2	-2.94034602E+2	3.38158969E+2	-1.05422155E+0
7.59955541E+2	6.26617481E+2	5.57297801E-7	1.65751961E+2	-2.76386098E+2	3.22277848E+2	-1.03058886E+0
8.14875417E+2	5.75437699E+2	5.36986217E-7	1.64268921E+2	-2.59888720E+2	3.07451549E+2	-1.00712623E+0
8.73764200E+2	5.30199891E+2	5.15846531E-7	1.62908164E+2	-2.44611490E+2	2.93894306E+2	-9.83264217E-1
9.36908711E+2	4.89962868E+2	4.94379623E-7	1.61527979E+2	-2.30328800E+2	2.81323065E+2	-9.59203127E-1
1.00461650E+3	4.54275050E+2	4.72497502E-7	1.60199716E+2	-2.17050077E+2	2.69767868E+2	-9.34969631E-1
1.07721735E+3	4.22941256E+2	4.50405687E-7	1.58857456E+2	-2.04821024E+2	2.59205236E+2	-9.11116797E-1
1.15506485E+3	3.94909728E+2	4.28524376E-7	1.57434348E+2	-1.93356537E+2	2.49343812E+2	-8.87445887E-1
1.23853818E+3	3.70005194E+2	4.06725492E-7	1.56021342E+2	-1.82718419E+2	2.40267957E+2	-8.64048533E-1
1.32804389E+3	3.47811831E+2	3.85210141E-7	1.54591199E+2	-1.72829965E+2	2.31880661E+2	-8.41044916E-1
1.42401793E+3	3.28051970E+2	3.64059724E-7	1.53160621E+2	-1.63665691E+2	2.24153158E+2	-8.18543197E-1
1.52692775E+3	3.10317315E+2	3.43616396E-7	1.51630103E+2	-1.55118499E+2	2.16918052E+2	-7.96769818E-1
1.63727458E+3	2.94385565E+2	3.23715261E-7	1.50113562E+2	-1.47163774E+2	2.10217178E+2	-7.75475825E-1
1.75559587E+3	2.80138898E+2	3.04649318E-7	1.48516346E+2	-1.39814507E+2	2.03973536E+2	-7.55227280E-1
1.88246790E+3	2.67196561E+2	2.86271038E-7	1.46930443E+2	-1.32931358E+2	1.98139611E+2	-7.35418396E-1
2.01850863E+3	2.55541049E+2	2.68769816E-7	1.45296308E+2	-1.26562825E+2	1.92689306E+2	-7.16598144E-1
2.16438064E+3	2.44882719E+2	2.52218027E-7	1.43584320E+2	-1.20602066E+2	1.87513512E+2	-6.98624034E-1
2.32079442E+3	2.35143937E+2	2.36476808E-7	1.41868954E+2	-1.15034000E+2	1.82646169E+2	-6.81319980E-1
2.48851178E+3	2.26209558E+2	2.21685812E-7	1.40084817E+2	-1.09839732E+2	1.78012707E+2	-6.64966919E-1
2.66834962E+3	2.17926265E+2	2.07762746E-7	1.38257461E+2	-1.04951432E+2	1.73579754E+2	-6.49300617E-1
2.86118383E+3	2.10284777E+2	1.94649113E-7	1.36418626E+2	-1.00382851E+2	1.69371661E+2	-6.34379662E-1
3.06795364E+3	2.03127563E+2	1.82345247E-7	1.34541045E+2	-9.60609129E+1	1.65314832E+2	-6.20053417E-1
3.28966612E+3	1.96447980E+2	1.70802574E-7	1.32645270E+2	-9.19952478E+1	1.61424579E+2	-6.06379507E-1
3.52740116E+3	1.90145795E+2	1.59961734E-7	1.30734846E+2	-8.81310329E+1	1.57666358E+2	-5.93145190E-1
3.78231664E+3	1.84208343E+2	1.49820811E-7	1.28801866E+2	-8.44775520E+1	1.54033692E+2	-5.80492175E-1
4.05565415E+3	1.78569480E+2	1.40282555E-7	1.26872012E+2	-8.09874076E+1	1.50517337E+2	-5.68134246E-1
4.34874501E+3	1.73194594E+2	1.31315377E-7	1.24943980E+2	-7.76442069E+1	1.47104118E+2	-5.56029551E-1
4.66301673E+3	1.68098811E+2	1.22891584E-7	1.23029830E+2	-7.44635996E+1	1.43809484E+2	-5.44269634E-1
5.00000000E+3	1.63252232E+2	1.15000523E-7	1.21118631E+2	-7.14364275E+1	1.40616096E+2	-5.32889782E-1
5.36133611E+3	1.58570967E+2	1.07448618E-7	1.19277969E+2	-6.84601188E+1	1.37528261E+2	-5.21048141E-1
5.74878498E+3	1.54125820E+2	1.00379610E-7	1.17448271E+2	-6.56331797E+1	1.34542971E+2	-5.09594363E-1
6.16423370E+3	1.49883940E+2	9.37128835E-8	1.15655141E+2	-6.29184884E+1	1.31661871E+2	-4.98238978E-1
6.60970574E+3	1.45811066E+2	8.73968018E-8	1.13906974E+2	-6.02834803E+1	1.28875510E+2	-4.86760626E-1
7.08737081E+3	1.41922245E+2	8.13987275E-8	1.12222851E+2	-5.77317079E+1	1.26201897E+2	-4.75131239E-1
7.59955541E+3	1.38204040E+2	7.57467737E-8	1.10575149E+2	-5.52726707E+1	1.23620112E+2	-4.63539781E-1
8.14875417E+3	1.34672941E+2	7.03899138E-8	1.08996424E+2	-5.29022448E+1	1.21156382E+2	-4.51865231E-1
8.73764200E+3	1.31311352E+2	6.53032217E-8	1.07488936E+2	-5.06028234E+1	1.18804535E+2	-4.39993340E-1
9.36908711E+3	1.28101603E+2	6.05148321E-8	1.06022342E+2	-4.83827929E+1	1.16540259E+2	-4.28118092E-1
1.00461650E+4	1.25072021E+2	5.59935640E-8	1.04626481E+2	-4.62508869E+1	1.14393380E+2	-4.16229072E-1
1.07721735E+4	1.22185835E+2	5.17182598E-8	1.03290434E+2	-4.41782045E+1	1.12341568E+2	-4.04162597E-1
1.15506485E+4	1.19460315E+2	4.77028107E-8	1.02011810E+2	-4.21894920E+1	1.10391861E+2	-3.92153561E-1
1.23853818E+4	1.16872084E+2	4.39185561E-8	1.00790912E+2	-4.02596012E+1	1.08534068E+2	-3.80020780E-1
1.32804389E+4	1.14439951E+2	4.03646194E-8	9.96365823E+1	-3.84051636E+1	1.06782047E+2	-3.67902821E-1
1.42401793E+4	1.12144555E+2	3.70319647E-8	9.85392073E+1	-3.66150231E+1	1.05122003E+2	-3.55767390E-1
1.52692775E+4	1.09988856E+2	3.39217833E-8	9.74965897E+1	-3.48991666E+1	1.03554518E+2	-3.43741977E-1
1.63727458E+4	1.07961775E+2	3.10062610E-8	9.65160836E+1	-3.32368931E+1	1.02078634E+2	-3.31647209E-1
1.75559587E+4	1.06033071E+2	2.83075903E-8	9.55578355E+1	-3.16384296E+1	1.00659280E+2	-3.19731954E-1
1.88246790E+4	1.04249103E+2	2.57914853E-8	9.46740022E+1	-3.01083432E+1	9.93462620E+1	-3.07906947E-1
2.01850863E+4	1.02561418E+2	2.34606750E-8	9.38239811E+1	-2.86318130E+1	9.80954662E+1	-2.96188734E-1
2.16438064E+4	1.00993227E+2	2.12947997E-8	9.30351888E+1	-2.72098767E+1	9.69325739E+1	-2.84533056E-1
2.32079442E+4	9.95224047E+1	1.92997944E-8	9.22830103E+1	-2.58471013E+1	9.58343731E+1	-2.73087655E-1
2.48851178E+4	9.81454316E+1	1.74559926E-8	9.15742396E+1	-2.45305648E+1	9.48029169E+1	-2.61731297E-1
2.66834962E+4	9.68586264E+1	1.57732070E-8	9.08951072E+1	-2.32820563E+1	9.38295007E+1	-2.50750993E-1
2.86118383E+4	9.56620224E+1	1.42122664E-8	9.02694208E+1	-2.20632320E+1	9.29266125E+1	-2.39715652E-1
3.06795364E+4	9.45321737E+1	1.27918327E-8	8.96604444E+1	-2.08997915E+1	9.20640902E+1	-2.29010022E-1
3.28966612E+4	9.34855097E+1	1.14881549E-8	8.90950861E+1	-1.97778932E+1	9.12639005E+1	-2.18444163E-1
3.52740116E+4	9.25104137E+1	1.02955666E-8	8.85639486E+1	-1.86953053E+1	9.05156755E+1	-2.08039617E-1
3.78231664E+4	9.16005381E+1	9.21442696E-9	8.80575094E+1	-1.76632450E+1	8.98115541E+1	-1.97960504E-1
4.05565415E+4	9.07616459E+1	8.22620541E-9	8.75910194E+1	-1.66648825E+1	8.91622402E+1	-1.88010842E-1
4.34874501E+4	8.99759232E+1	7.33134916E-9	8.71448570E+1	-1.57070922E+1	8.85490766E+1	-1.78326542E-1
4.66301673E+4	8.92458695E+1	6.51822076E-9	8.67265664E+1	-1.47814208E+1	8.79772006E+1	-1.68814908E-1
5.00000000E+4	8.85565372E+1	5.78287021E-9	8.63221906E+1	-1.38878944E+1	8.74322268E+1	-1.59517470E-1
5.36133611E+4	8.79269808E+1	5.11831538E-9	8.59515667E+1	-1.30303448E+1	8.69336630E+1	-1.50455363E-1
5.74878498E+4	8.73363249E+1	4.51706703E-9	8.55982059E+1	-1.21975335E+1	8.64628979E+1	-1.41544626E-1
6.16423370E+4	8.67867921E+1	3.97438213E-9	8.52650687E+1	-1.13907772E+1	8.60225656E+1	-1.32806204E-1
6.60970574E+4	8.62681250E+1	3.48576263E-9	8.49433267E+1	-1.06081444E+1	8.56031630E+1	-1.24241728E-1
7.08737081E+4	8.57950932E+1	3.04585503E-9	8.46488034E+1	-9.85048288E+0	8.52200210E+1	-1.15847788E-1
7.59955541E+4	8.53547296E+1	2.65025833E-9	8.43703607E+1	-9.11325950E+0	8.48611179E+1	-1.07597781E-1
8.14875417E+4	8.49402265E+1	2.29495023E-9	8.41024571E+1	-8.39395126E+0	8.45203038E+1	-9.94768226E-2
8.73764200E+4	8.45539188E+1	1.97571644E-9	8.38486388E+1	-7.69003724E+0	8.42005403E+1	-9.14574726E-2
9.36908711E+4	8.42007449E+1	1.69061071E-9	8.36135911E+1	-7.00669951E+0	8.39066544E+1	-8.36032502E-2
1.00461650E+5	8.38751853E+1	1.43543382E-9	8.33935402E+1	-6.33766472E+0	8.36340160E+1	-7.58512654E-2
1.07721735E+5	8.35601047E+1	1.20463275E-9	8.31740381E+1	-5.66662686E+0	8.33668479E+1	-6.80246372E-2
1.15506485E+5	8.32699178E+1	9.99028103E-10	8.29674953E+1	-5.00910448E+0	8.31185690E+1	-6.03011020E-2
1.23853818E+5	8.30045904E+1	8.14552836E-10	8.27754384E+1	-4.35524007E+0	8.28899352E+1	-5.25666550E-2
1.32804389E+5	8.27631428E+1	6.50686123E-10	8.25963512E+1	-3.71160284E+0	8.26797049E+1	-4.49064419E-2
1.42401793E+5	8.25288924E+1	5.03396078E-10	8.24150164E+1	-3.06349735E+0	8.24719348E+1	-3.71544860E-2
1.52692775E+5	8.23187588E+1	3.71921888E-10	8.22477963E+1	-2.41586786E+0	8.22832699E+1	-2.93645975E-2
1.63727458E+5	8.21225601E+1	2.54714440E-10	8.20845495E+1	-1.76635842E+0	8.21035526E+1	-2.15154484E-2
1.75559587E+5	8.19467127E+1	1.49563969E-10	8.19317368E+1	-1.10768219E+0	8.19392244E+1	-1.35187493E-2
1.88246790E+5	8.18108577E+1	5.76999681E-11	8.18054889E+1	-4.56789827E-1	8.18081732E+1	-5.58344014E-3
2.01850863E+5	8.16391305E+1	-2.72579694E-11	8.16384796E+1	2.30407913E-1	8.16388051E+1	2.82228754E-3
2.16438064E+5	8.15082864E+1	-1.02089205E-10	8.14978491E+1	9.22233633E-1	8.15030676E+1	1.13155694E-2
2.32079442E+5	8.13950512E+1	-1.67846542E-10	8.13627580E+1	1.62088543E+0	8.13789030E+1	1.99190833E-2
2.48851178E+5	8.12908710E+1	-2.27177485E-10	8.12231452E+1	2.34534315E+0	8.12570011E+1	2.88672852E-2
2.66834962E+5	8.12196472E+1	-2.79514816E-10	8.11021494E+1	3.08688983E+0	8.11608770E+1	3.80433756E-2
2.86118383E+5	8.11591883E+1	-3.28245900E-10	8.09734579E+1	3.87797794E+0	8.10662699E+1	4.78553966E-2
3.06795364E+5	8.11201802E+1	-3.69537618E-10	8.08502042E+1	4.67193572E+0	8.09850797E+1	5.77209241E-2
3.28966612E+5	8.10927336E+1	-4.07312008E-10	8.07164904E+1	5.51065503E+0	8.09043932E+1	6.81659475E-2
3.52740116E+5	8.11061778E+1	-4.39906472E-10	8.06021499E+1	6.37375139E+0	8.08537710E+1	7.89125213E-2
3.78231664E+5	8.11268601E+1	-4.68868278E-10	8.04692856E+1	7.27416692E+0	8.07974038E+1	9.01517905E-2
4.05565415E+5	8.11344684E+1	-4.97320723E-10	8.02855632E+1	8.25504889E+0	8.07088991E+1	1.02461062E-1
4.34874501E+5	8.12427988E+1	-5.18798837E-10	8.01792501E+1	9.23393453E+0	8.07092719E+1	1.14661339E-1
4.66301673E+5	8.13684293E+1	-5.38241488E-10	8.00502748E+1	1.02716440E+1	8.07066598E+1	1.27617784E-1
5.00000000E+5	8.15249728E+1	-5.57095704E-10	7.98982267E+1	1.14000267E+1	8.07074996E+1	1.41725445E-1
