Start time:20240908_08-44-37	sweep/start:500.000	sweep/stop:500000.000	sweep/samplecount:100.000	sweep/xmapping:1.000	sweep/scan:0.000	sweep/averaging/sample:10.000	sweep/settling/time:0.100	sweep/settling/inaccuracy:0.010	sweep/awgcontrol:0.000	sweep/averaging/time:0.100	sweep/averaging/tc:15.000	sweep/bandwidthcontrol:2.000	sweep/sincfilter:0.000	sweep/omegasuppression:80.000	sweep/maxbandwidth:100.000	sweep/bandwidth:1250000.000	sweep/order:8.000	sweep/bandwidthoverlap:1.000																				
Frequency	Param0		Param1		RealZ		ImagZ		AbsZ		PhaseZ		
5.00000000E+2	1.23095423E+3	7.02590663E-7	1.46852988E+2	-3.99002403E+2	4.25169128E+2	-1.21813246E+0
5.36133611E+2	1.10460699E+3	6.90099660E-7	1.45459210E+2	-3.73519293E+2	4.00842953E+2	-1.19943611E+0
5.74878498E+2	9.93737794E+2	6.77041379E-7	1.43897165E+2	-3.49699008E+2	3.78147892E+2	-1.18042542E+0
6.16423370E+2	8.94704573E+2	6.62639471E-7	1.42635139E+2	-3.27523066E+2	3.57234053E+2	-1.16006874E+0
6.60970574E+2	8.07548890E+2	6.47438443E-7	1.41309712E+2	-3.06832109E+2	3.37808229E+2	-1.13920853E+0
7.08737081E+2	7.29893843E+2	6.31014932E-7	1.40187032E+2	-2.87522331E+2	3.19877359E+2	-1.11714267E+0
7.59955541E+2	6.61517150E+2	6.13695846E-7	1.39040823E+2	-2.69528190E+2	3.03278445E+2	-1.09453546E+0
8.14875417E+2	6.01030362E+2	5.95515864E-7	1.37904357E+2	-2.52719158E+2	2.87896878E+2	-1.07127416E+0
8.73764200E+2	5.47545430E+2	5.76282800E-7	1.36853636E+2	-2.37075067E+2	2.73739885E+2	-1.04726622E+0
9.36908711E+2	5.00307241E+2	5.56168815E-7	1.35837684E+2	-2.22505423E+2	2.60692443E+2	-1.02269811E+0
1.00461650E+3	4.58540931E+2	5.35365336E-7	1.34819900E+2	-2.08911452E+2	2.48637110E+2	-9.97700673E-1
1.07721735E+3	4.21664562E+2	5.13919640E-7	1.33808673E+2	-1.96258978E+2	2.37533906E+2	-9.72392316E-1
1.15506485E+3	3.88969065E+2	4.91776268E-7	1.32878735E+2	-1.84469307E+2	2.27344881E+2	-9.46556096E-1
1.23853818E+3	3.60041369E+2	4.69251128E-7	1.31951068E+2	-1.73484142E+2	2.17962923E+2	-9.20549193E-1
1.32804389E+3	3.34434900E+2	4.46596522E-7	1.30984537E+2	-1.63244732E+2	2.09298340E+2	-8.94604988E-1
1.42401793E+3	3.11833846E+2	4.23629837E-7	1.30090978E+2	-1.53763114E+2	2.01411924E+2	-8.68601085E-1
1.52692775E+3	2.91701937E+2	4.00942476E-7	1.29126519E+2	-1.44888893E+2	1.94078469E+2	-8.42858531E-1
1.63727458E+3	2.73951243E+2	3.78431784E-7	1.28168555E+2	-1.36692178E+2	1.87381782E+2	-8.17568586E-1
1.75559587E+3	2.58040928E+2	3.56305816E-7	1.27203657E+2	-1.29007651E+2	1.81173251E+2	-7.92439075E-1
1.88246790E+3	2.43968826E+2	3.34660180E-7	1.26239182E+2	-1.21910172E+2	1.75494795E+2	-7.67954737E-1
2.01850863E+3	2.31339372E+2	3.13696153E-7	1.25244134E+2	-1.15272732E+2	1.70217208E+2	-7.43963643E-1
2.16438064E+3	2.20074650E+2	2.93474175E-7	1.24234302E+2	-1.09117627E+2	1.65350596E+2	-7.20707954E-1
2.32079442E+3	2.09972352E+2	2.74081971E-7	1.23206150E+2	-1.03393078E+2	1.60841178E+2	-6.98183347E-1
2.48851178E+3	2.00838241E+2	2.55593850E-7	1.22148190E+2	-9.80400184E+1	1.56627031E+2	-6.76343617E-1
2.66834962E+3	1.92578169E+2	2.38001141E-7	1.21080525E+2	-9.30428406E+1	1.52700574E+2	-6.55197179E-1
2.86118383E+3	1.85119271E+2	2.21445139E-7	1.19965142E+2	-8.84093997E+1	1.49023014E+2	-6.35102542E-1
3.06795364E+3	1.78309253E+2	2.05824933E-7	1.18833498E+2	-8.40696737E+1	1.45564802E+2	-6.15713631E-1
3.28966612E+3	1.72087065E+2	1.91110385E-7	1.17699209E+2	-8.00087905E+1	1.42318344E+2	-5.97021683E-1
3.52740116E+3	1.66366426E+2	1.77390319E-7	1.16517820E+2	-7.62118768E+1	1.39228780E+2	-5.79237466E-1
3.78231664E+3	1.61068609E+2	1.64524578E-7	1.15328619E+2	-7.26300817E+1	1.36293140E+2	-5.62019439E-1
4.05565415E+3	1.56169586E+2	1.52539857E-7	1.14117083E+2	-6.92741491E+1	1.33497630E+2	-5.45583200E-1
4.34874501E+3	1.51597975E+2	1.41329705E-7	1.12903511E+2	-6.60964439E+1	1.30827915E+2	-5.29633026E-1
4.66301673E+3	1.47340010E+2	1.30913234E-7	1.11674016E+2	-6.31107269E+1	1.28273342E+2	-5.14387731E-1
5.00000000E+3	1.43332719E+2	1.21194839E-7	1.10440854E+2	-6.02710930E+1	1.25816484E+2	-4.99560428E-1
5.36133611E+3	1.39552123E+2	1.12136290E-7	1.09205213E+2	-5.75677008E+1	1.23449662E+2	-4.85132197E-1
5.74878498E+3	1.36012633E+2	1.03682156E-7	1.07992404E+2	-5.50088299E+1	1.21195426E+2	-4.71120910E-1
6.16423370E+3	1.32650364E+2	9.58263779E-8	1.06770775E+2	-5.25659887E+1	1.19009168E+2	-4.57489296E-1
6.60970574E+3	1.29465384E+2	8.84707824E-8	1.05576388E+2	-5.02206474E+1	1.16912307E+2	-4.44003561E-1
7.08737081E+3	1.26443680E+2	8.16196442E-8	1.04394546E+2	-4.79771717E+1	1.14891386E+2	-4.30788293E-1
7.59955541E+3	1.23587312E+2	7.52455967E-8	1.03232678E+2	-4.58395354E+1	1.12952420E+2	-4.17887333E-1
8.14875417E+3	1.20883107E+2	6.92807570E-8	1.02108873E+2	-4.37837334E+1	1.11100125E+2	-4.05080314E-1
8.73764200E+3	1.18298424E+2	6.37258968E-8	1.00998199E+2	-4.18006123E+1	1.09306577E+2	-3.92409921E-1
9.36908711E+3	1.15866352E+2	5.85034790E-8	9.99508967E+1	-3.98843810E+1	1.07614803E+2	-3.79678303E-1
1.00461650E+4	1.13575121E+2	5.36714100E-8	9.89285925E+1	-3.80652069E+1	1.05999183E+2	-3.67312506E-1
1.07721735E+4	1.11392976E+2	4.91541455E-8	9.79415218E+1	-3.62967723E+1	1.04450934E+2	-3.54904372E-1
1.15506485E+4	1.09337248E+2	4.49492077E-8	9.69973187E+1	-3.45968172E+1	1.02982619E+2	-3.42611673E-1
1.23853818E+4	1.07404690E+2	4.10537274E-8	9.60907971E+1	-3.29721205E+1	1.01590365E+2	-3.30546015E-1
1.32804389E+4	1.05572811E+2	3.74366206E-8	9.52167313E+1	-3.14017815E+1	1.00261149E+2	-3.18560591E-1
1.42401793E+4	1.03854314E+2	3.40759726E-8	9.43905299E+1	-2.98879794E+1	9.90094120E+1	-3.06653638E-1
1.52692775E+4	1.02242185E+2	3.09699754E-8	9.36037961E+1	-2.84356279E+1	9.78276879E+1	-2.94927560E-1
1.63727458E+4	1.00721471E+2	2.81063840E-8	9.28469241E+1	-2.70393270E+1	9.67040774E+1	-2.83386832E-1
1.75559587E+4	9.93101348E+1	2.54591365E-8	9.21429963E+1	-2.56982718E+1	9.56594655E+1	-2.71984268E-1
1.88246790E+4	9.79912493E+1	2.30164671E-8	9.14809925E+1	-2.44041782E+1	9.46801811E+1	-2.60696775E-1
2.01850863E+4	9.67363081E+1	2.07840685E-8	9.08303220E+1	-2.31612168E+1	9.37368123E+1	-2.49673653E-1
2.16438064E+4	9.55773251E+1	1.87399909E-8	9.02243013E+1	-2.19766397E+1	9.28622494E+1	-2.38925193E-1
2.32079442E+4	9.44892175E+1	1.68645376E-8	8.96487094E+1	-2.08313435E+1	9.20371467E+1	-2.28314676E-1
2.48851178E+4	9.34786913E+1	1.51471720E-8	8.91109149E+1	-1.97285208E+1	9.12686782E+1	-2.17878484E-1
2.66834962E+4	9.25470430E+1	1.35904722E-8	8.86069394E+1	-1.86847514E+1	9.05555642E+1	-2.07827547E-1
2.86118383E+4	9.16658151E+1	1.21627406E-8	8.81255784E+1	-1.76630750E+1	8.98782673E+1	-1.97809717E-1
3.06795364E+4	9.08468247E+1	1.08695458E-8	8.76702992E+1	-1.66879228E+1	8.92444301E+1	-1.88098426E-1
3.28966612E+4	9.00887397E+1	9.69857961E-9	8.72432777E+1	-1.57558668E+1	8.86545934E+1	-1.78671061E-1
3.52740116E+4	8.93809411E+1	8.63901877E-9	8.68376486E+1	-1.48611398E+1	8.81001178E+1	-1.69495068E-1
3.78231664E+4	8.87251743E+1	7.67668653E-9	8.64598448E+1	-1.39949988E+1	8.75851860E+1	-1.60475163E-1
4.05565415E+4	8.81116310E+1	6.80873924E-9	8.60993822E+1	-1.31625718E+1	8.70996957E+1	-1.51701952E-1
4.34874501E+4	8.75460370E+1	6.02496114E-9	8.57645723E+1	-1.23606831E+1	8.66507266E+1	-1.43137782E-1
4.66301673E+4	8.70198128E+1	5.32005536E-9	8.54477738E+1	-1.15899588E+1	8.62302110E+1	-1.34815182E-1
5.00000000E+4	8.65321933E+1	4.68579625E-9	8.51505070E+1	-1.08467149E+1	8.58385702E+1	-1.26700500E-1
5.36133611E+4	8.60732287E+1	4.11373977E-9	8.48658353E+1	-1.01225677E+1	8.54673999E+1	-1.18716425E-1
5.74878498E+4	8.56506995E+1	3.60050395E-9	8.46009737E+1	-9.42378721E+0	8.51242185E+1	-1.10933693E-1
6.16423370E+4	8.52535194E+1	3.14203873E-9	8.43456387E+1	-8.75075401E+0	8.47983640E+1	-1.03378881E-1
6.60970574E+4	8.48926198E+1	2.73089274E-9	8.41129042E+1	-8.09839953E+0	8.45018627E+1	-9.59842511E-2
7.08737081E+4	8.45472653E+1	2.36275162E-9	8.38834575E+1	-7.46206381E+0	8.42147074E+1	-8.87239699E-2
7.59955541E+4	8.42341335E+1	2.03214621E-9	8.36751238E+1	-6.83923427E+0	8.39541633E+1	-8.15542827E-2
8.14875417E+4	8.39326274E+1	1.73714074E-9	8.34674787E+1	-6.23094911E+0	8.36997299E+1	-7.45130094E-2
8.73764200E+4	8.36547429E+1	1.47306719E-9	8.32736043E+1	-5.63371127E+0	8.34639560E+1	-6.75500943E-2
9.36908711E+4	8.34032158E+1	1.23721151E-9	8.30965993E+1	-5.04762718E+0	8.32497664E+1	-6.06695317E-2
1.00461650E+5	8.31628343E+1	1.02549426E-9	8.29225308E+1	-4.46390773E+0	8.30425956E+1	-5.37803572E-2
1.07721735E+5	8.29330790E+1	8.39473050E-10	8.27493399E+1	-3.89926117E+0	8.28411585E+1	-4.70865247E-2
1.15506485E+5	8.27280736E+1	6.70448562E-10	8.25942411E+1	-3.32471442E+0	8.26611302E+1	-4.02318672E-2
1.23853818E+5	8.25369779E+1	5.22419379E-10	8.24441499E+1	-2.76641255E+0	8.24905508E+1	-3.35424041E-2
1.32804389E+5	8.23595454E+1	3.88227173E-10	8.23009562E+1	-2.19582081E+0	8.23302456E+1	-2.66740562E-2
1.42401793E+5	8.21903838E+1	2.69966965E-10	8.21580008E+1	-1.63108566E+0	8.21741907E+1	-1.98504283E-2
1.52692775E+5	8.20409335E+1	1.63006019E-10	8.20274301E+1	-1.05242661E+0	8.20341815E+1	-1.28294732E-2
1.63727458E+5	8.18975113E+1	6.87625975E-11	8.18947619E+1	-4.74438971E-1	8.18961366E+1	-5.79321223E-3
1.75559587E+5	8.17714345E+1	-1.55310401E-11	8.17712733E+1	1.14553140E-1	8.17713539E+1	1.40089673E-3
1.88246790E+5	8.16713125E+1	-8.56048543E-11	8.16602046E+1	6.75275075E-1	8.16657581E+1	8.26887922E-3
2.01850863E+5	8.15538750E+1	-1.58405384E-10	8.15319868E+1	1.33583579E+0	8.15429302E+1	1.63827263E-2
2.16438064E+5	8.14652319E+1	-2.17747359E-10	8.14178505E+1	1.96407614E+0	8.14415377E+1	2.41187319E-2
2.32079442E+5	8.13890133E+1	-2.71319091E-10	8.13047089E+1	2.61805289E+0	8.13468502E+1	3.21893833E-2
2.48851178E+5	8.13286136E+1	-3.18806613E-10	8.11951640E+1	3.29170216E+0	8.12618614E+1	4.05184241E-2
2.66834962E+5	8.12814226E+1	-3.61579326E-10	8.10845515E+1	3.99535382E+0	8.11829274E+1	4.92341203E-2
2.86118383E+5	8.12445421E+1	-3.98514474E-10	8.09702185E+1	4.71291079E+0	8.11072643E+1	5.81398869E-2
3.06795364E+5	8.12358447E+1	-4.32219225E-10	8.08653944E+1	5.47322291E+0	8.10504079E+1	6.75800581E-2
3.28966612E+5	8.12374556E+1	-4.63194225E-10	8.07489775E+1	6.28041562E+0	8.09928483E+1	7.76207424E-2
3.52740116E+5	8.12665757E+1	-4.88693810E-10	8.06417902E+1	7.09812628E+0	8.09535802E+1	8.77941716E-2
3.78231664E+5	8.13285579E+1	-5.12299415E-10	8.05389345E+1	7.97462682E+0	8.09327832E+1	9.86941133E-2
4.05565415E+5	8.14174388E+1	-5.30212244E-10	8.04439495E+1	8.84918898E+0	8.09292302E+1	1.09563574E-1
4.34874501E+5	8.15097637E+1	-5.52216437E-10	8.02951230E+1	9.87536160E+0	8.09001632E+1	1.22373582E-1
4.66301673E+5	8.16749473E+1	-5.68652478E-10	8.01899355E+1	1.09120070E+1	8.09290340E+1	1.35245858E-1
NaN	NaN	NaN	NaN	NaN	NaN	NaN
