Start time:20240908_19-16-00	sweep/start:500.000	sweep/stop:500000.000	sweep/samplecount:100.000	sweep/xmapping:1.000	sweep/scan:0.000	sweep/averaging/sample:10.000	sweep/settling/time:0.100	sweep/settling/inaccuracy:0.010	sweep/awgcontrol:0.000	sweep/averaging/time:0.100	sweep/averaging/tc:15.000	sweep/bandwidthcontrol:2.000	sweep/sincfilter:0.000	sweep/omegasuppression:80.000	sweep/maxbandwidth:100.000	sweep/bandwidth:1250000.000	sweep/order:8.000	sweep/bandwidthoverlap:1.000																				
Frequency	Param0		Param1		RealZ		ImagZ		AbsZ		PhaseZ		
5.00000000E+2	1.25970732E+3	7.09575608E-7	1.41769346E+2	-3.98106541E+2	4.22596052E+2	-1.22868944E+0
5.36133611E+2	1.12967667E+3	6.97928639E-7	1.40262909E+2	-3.72528593E+2	3.98059416E+2	-1.21069740E+0
5.74878498E+2	1.01424626E+3	6.85037783E-7	1.38969259E+2	-3.48763817E+2	3.75431365E+2	-1.19161614E+0
6.16423370E+2	9.11131178E+2	6.71461162E-7	1.37744925E+2	-3.26389015E+2	3.54264717E+2	-1.17144674E+0
6.60970574E+2	8.21099180E+2	6.56953261E-7	1.36426651E+2	-3.05626295E+2	3.34693424E+2	-1.15095366E+0
7.08737081E+2	7.40711250E+2	6.41197713E-7	1.35335991E+2	-2.86232352E+2	3.16614605E+2	-1.12912933E+0
7.59955541E+2	6.70119466E+2	6.24623492E-7	1.34167944E+2	-2.68155542E+2	2.99847387E+2	-1.10687977E+0
8.14875417E+2	6.07751858E+2	6.06776379E-7	1.33134810E+2	-2.51372202E+2	2.84451887E+2	-1.08372494E+0
8.73764200E+2	5.52177350E+2	5.88018548E-7	1.32178553E+2	-2.35615600E+2	2.70159046E+2	-1.05955291E+0
9.36908711E+2	5.03128554E+2	5.68630583E-7	1.31144913E+2	-2.20870366E+2	2.56871015E+2	-1.03497465E+0
1.00461650E+3	4.59988999E+2	5.47890845E-7	1.30282111E+2	-2.07255561E+2	2.44802590E+2	-1.00960805E+0
1.07721735E+3	4.21777895E+2	5.26579720E-7	1.29389281E+2	-1.94504309E+2	2.33609761E+2	-9.83791946E-1
1.15506485E+3	3.88037419E+2	5.04599112E-7	1.28516697E+2	-1.82627284E+2	2.23314293E+2	-9.57584637E-1
1.23853818E+3	3.58293497E+2	4.82067361E-7	1.27659204E+2	-1.71588378E+2	2.13867834E+2	-9.31155860E-1
1.32804389E+3	3.31947407E+2	4.59038985E-7	1.26858574E+2	-1.61298677E+2	2.05208105E+2	-9.04352374E-1
1.42401793E+3	3.08678253E+2	4.36030892E-7	1.25979236E+2	-1.51711155E+2	1.97197986E+2	-8.77798344E-1
1.52692775E+3	2.88115818E+2	4.12833532E-7	1.25147515E+2	-1.42811301E+2	1.89886737E+2	-8.51222682E-1
1.63727458E+3	2.69786402E+2	3.89653290E-7	1.24354287E+2	-1.34480861E+2	1.83164115E+2	-8.24501864E-1
1.75559587E+3	2.53635614E+2	3.66926061E-7	1.23491656E+2	-1.26774162E+2	1.76979884E+2	-7.98513508E-1
1.88246790E+3	2.39266548E+2	3.44521189E-7	1.22661275E+2	-1.19594937E+2	1.71314736E+2	-7.72741431E-1
2.01850863E+3	2.26495858E+2	3.22707517E-7	1.21815892E+2	-1.12923340E+2	1.66104767E+2	-7.47533597E-1
2.16438064E+3	2.15068822E+2	3.01627739E-7	1.20943435E+2	-1.06695106E+2	1.61279761E+2	-7.22887807E-1
2.32079442E+3	2.04894309E+2	2.81290006E-7	1.20079656E+2	-1.00918346E+2	1.56855467E+2	-6.98910915E-1
2.48851178E+3	1.95746535E+2	2.61893740E-7	1.19175498E+2	-9.55269046E+1	1.52735687E+2	-6.75694471E-1
2.66834962E+3	1.87555523E+2	2.43419920E-7	1.18265041E+2	-9.05242494E+1	1.48933746E+2	-6.53306795E-1
2.86118383E+3	1.80165480E+2	2.25947975E-7	1.17328537E+2	-8.58636405E+1	1.45391030E+2	-6.31765519E-1
3.06795364E+3	1.73477620E+2	2.09459437E-7	1.16379601E+2	-8.15171339E+1	1.42088901E+2	-6.11022380E-1
3.28966612E+3	1.67371999E+2	1.93983305E-7	1.15400484E+2	-7.74437669E+1	1.38977730E+2	-5.91056596E-1
3.52740116E+3	1.61828312E+2	1.79549016E-7	1.14389738E+2	-7.36646798E+1	1.36056966E+2	-5.72131435E-1
3.78231664E+3	1.56718412E+2	1.66021857E-7	1.13372089E+2	-7.01017990E+1	1.33294762E+2	-5.53791305E-1
4.05565415E+3	1.52013450E+2	1.53446834E-7	1.12326765E+2	-6.67673165E+1	1.30672026E+2	-5.36293584E-1
4.34874501E+3	1.47659227E+2	1.41740867E-7	1.11269731E+2	-6.36321358E+1	1.28179570E+2	-5.19480952E-1
4.66301673E+3	1.43643882E+2	1.30878806E-7	1.10207590E+2	-6.07036438E+1	1.25819895E+2	-5.03466289E-1
5.00000000E+3	1.39907144E+2	1.20829974E-7	1.09127524E+2	-5.79560447E+1	1.23562616E+2	-4.88205634E-1
5.36133611E+3	1.36338447E+2	1.11420339E-7	1.08045501E+2	-5.52894656E+1	1.21370325E+2	-4.72982682E-1
5.74878498E+3	1.33026486E+2	1.02755658E-7	1.06953314E+2	-5.28073081E+1	1.19279602E+2	-4.58628427E-1
6.16423370E+3	1.29908355E+2	9.47105618E-8	1.05867426E+2	-5.04494906E+1	1.17273454E+2	-4.44699687E-1
6.60970574E+3	1.26964473E+2	8.72298912E-8	1.04794816E+2	-4.82002540E+1	1.15348249E+2	-4.31096514E-1
7.08737081E+3	1.24167863E+2	8.02812526E-8	1.03728203E+2	-4.60452907E+1	1.13488807E+2	-4.17772345E-1
7.59955541E+3	1.21524425E+2	7.38568847E-8	1.02667228E+2	-4.40001797E+1	1.11698594E+2	-4.04891279E-1
8.14875417E+3	1.19002510E+2	6.78709564E-8	1.01623789E+2	-4.20248846E+1	1.09970387E+2	-3.92118842E-1
8.73764200E+3	1.16626309E+2	6.23151407E-8	1.00609771E+2	-4.01424963E+1	1.08322418E+2	-3.79637131E-1
9.36908711E+3	1.14365482E+2	5.71457554E-8	9.96200057E+1	-3.83268073E+1	1.06738418E+2	-3.67273697E-1
1.00461650E+4	1.12229954E+2	5.23470721E-8	9.86620462E+1	-3.65873935E+1	1.05227548E+2	-3.55114648E-1
1.07721735E+4	1.10208735E+2	4.78983371E-8	9.77326329E+1	-3.49187944E+1	1.03783379E+2	-3.43153547E-1
1.15506485E+4	1.08283906E+2	4.37693110E-8	9.68277332E+1	-3.33057797E+1	1.02395728E+2	-3.31292305E-1
1.23853818E+4	1.06474516E+2	3.99391609E-8	9.59650429E+1	-3.17575452E+1	1.01083290E+2	-3.19584435E-1
1.32804389E+4	1.04761199E+2	3.63981127E-8	9.51303933E+1	-3.02685013E+1	9.98297253E+1	-3.08050289E-1
1.42401793E+4	1.03151191E+2	3.31168144E-8	9.43381902E+1	-2.88340500E+1	9.86463213E+1	-2.96628141E-1
1.52692775E+4	1.01622573E+2	3.00949808E-8	9.35671287E+1	-2.74540224E+1	9.75117034E+1	-2.85404800E-1
1.63727458E+4	1.00193785E+2	2.72854634E-8	9.28498453E+1	-2.61128728E+1	9.64519433E+1	-2.74155995E-1
1.75559587E+4	9.88631668E+1	2.47223939E-8	9.21640017E+1	-2.48479608E+1	9.54548324E+1	-2.63344502E-1
1.88246790E+4	9.75908209E+1	2.23534710E-8	9.14990985E+1	-2.36090306E+1	9.44958840E+1	-2.52516973E-1
2.01850863E+4	9.64107493E+1	2.01873242E-8	9.08738280E+1	-2.24312497E+1	9.36013559E+1	-2.42001871E-1
2.16438064E+4	9.53022599E+1	1.81989888E-8	9.02797762E+1	-2.12938615E+1	9.27570304E+1	-2.31631767E-1
2.32079442E+4	9.42652395E+1	1.63737648E-8	8.97203350E+1	-2.01933130E+1	9.19647153E+1	-2.21380603E-1
2.48851178E+4	9.32997630E+1	1.47143170E-8	8.91901461E+1	-1.91450853E+1	9.12218140E+1	-2.11446018E-1
2.66834962E+4	9.23852703E+1	1.31928991E-8	8.86821485E+1	-1.81218149E+1	9.05147736E+1	-2.01570609E-1
2.86118383E+4	9.15439466E+1	1.18148692E-8	8.82090432E+1	-1.71513066E+1	8.98610254E+1	-1.92043093E-1
3.06795364E+4	9.07587199E+1	1.05624442E-8	8.77618427E+1	-1.62176222E+1	8.92477030E+1	-1.82729933E-1
3.28966612E+4	9.00143060E+1	9.42818897E-9	8.73271525E+1	-1.53186609E+1	8.86605494E+1	-1.73650178E-1
3.52740116E+4	8.93302619E+1	8.39720260E-9	8.69275940E+1	-1.44519223E+1	8.81207396E+1	-1.64745592E-1
3.78231664E+4	8.86984592E+1	7.46485971E-9	8.65553463E+1	-1.36197577E+1	8.76203507E+1	-1.56073433E-1
4.05565415E+4	8.81054540E+1	6.62064780E-9	8.62008701E+1	-1.28131441E+1	8.71479592E+1	-1.47562409E-1
4.34874501E+4	8.75533554E+1	5.86093253E-9	8.58653077E+1	-1.20392947E+1	8.67052236E+1	-1.39303270E-1
4.66301673E+4	8.70392187E+1	5.17503224E-9	8.55492868E+1	-1.12899309E+1	8.62910371E+1	-1.31211676E-1
5.00000000E+4	8.65522924E+1	4.55863649E-9	8.52425570E+1	-1.05662253E+1	8.58949283E+1	-1.23325758E-1
5.36133611E+4	8.61113843E+1	4.00475602E-9	8.49647680E+1	-9.87025580E+0	8.55361549E+1	-1.15650425E-1
5.74878498E+4	8.56937423E+1	3.50448333E-9	8.46971280E+1	-9.18750797E+0	8.51939778E+1	-1.08052358E-1
6.16423370E+4	8.53016913E+1	3.05821571E-9	8.44396732E+1	-8.53161548E+0	8.48695878E+1	-1.00696265E-1
6.60970574E+4	8.49372614E+1	2.65894371E-9	8.41965760E+1	-7.89703085E+0	8.45661078E+1	-9.35191855E-2
7.08737081E+4	8.46049448E+1	2.29874006E-9	8.39750729E+1	-7.27279010E+0	8.42894205E+1	-8.63909648E-2
7.59955541E+4	8.42900463E+1	1.97696814E-9	8.37597430E+1	-6.66468096E+0	8.40244763E+1	-7.94017338E-2
8.14875417E+4	8.39980333E+1	1.68927579E-9	8.35570065E+1	-6.07048815E+0	8.37772297E+1	-7.25234409E-2
8.73764200E+4	8.37287358E+1	1.43182543E-9	8.33675959E+1	-5.48701281E+0	8.35479708E+1	-6.57223032E-2
9.36908711E+4	8.34705570E+1	1.19986159E-9	8.31814145E+1	-4.90419833E+0	8.33258603E+1	-5.88896819E-2
1.00461650E+5	8.32430449E+1	9.96709435E-10	8.30153497E+1	-4.34765538E+0	8.31291194E+1	-5.23239009E-2
1.07721735E+5	8.30083760E+1	8.11749934E-10	8.28360794E+1	-3.77786919E+0	8.29221830E+1	-4.55749863E-2
1.15506485E+5	8.28043234E+1	6.48762478E-10	8.26786492E+1	-3.22343111E+0	8.27414624E+1	-3.89677287E-2
1.23853818E+5	8.26175454E+1	5.01793984E-10	8.25316444E+1	-2.66260961E+0	8.25745837E+1	-3.22504957E-2
1.32804389E+5	8.24436912E+1	3.71245840E-10	8.23899452E+1	-2.10419400E+0	8.24168138E+1	-2.55338930E-2
1.42401793E+5	8.22735714E+1	2.54467852E-10	8.22447116E+1	-1.54062396E+0	8.22591402E+1	-1.87300028E-2
1.52692775E+5	8.21206087E+1	1.50456725E-10	8.21090705E+1	-9.73314929E-1	8.21148394E+1	-1.18533700E-2
1.63727458E+5	8.19807638E+1	5.76819724E-11	8.19788232E+1	-3.98800106E-1	8.19797935E+1	-4.86463309E-3
1.75559587E+5	8.18536468E+1	-2.48575557E-11	8.18532336E+1	1.83712190E-1	8.18534402E+1	2.24440264E-3
1.88246790E+5	8.17490135E+1	-9.19884084E-11	8.17358269E+1	7.27207853E-1	8.17424196E+1	8.89519480E-3
2.01850863E+5	8.16364643E+1	-1.64993300E-10	8.16126468E+1	1.39417907E+0	8.16245547E+1	1.70812163E-2
2.16438064E+5	8.15483711E+1	-2.23775141E-10	8.14981787E+1	2.02250051E+0	8.15232710E+1	2.48114162E-2
2.32079442E+5	8.14703670E+1	-2.76055694E-10	8.13828349E+1	2.66898182E+0	8.14265892E+1	3.27836443E-2
2.48851178E+5	8.14052612E+1	-3.22603441E-10	8.12682299E+1	3.33704575E+0	8.13367167E+1	4.10390487E-2
2.66834962E+5	8.13693777E+1	-3.64899264E-10	8.11682257E+1	4.04057221E+0	8.12687394E+1	4.97391468E-2
2.86118383E+5	8.13297273E+1	-4.02034824E-10	8.10496778E+1	4.76419882E+0	8.11895818E+1	5.87136579E-2
3.06795364E+5	8.13112005E+1	-4.34950306E-10	8.09350358E+1	5.51766749E+0	8.11229001E+1	6.80686788E-2
3.28966612E+5	8.13268519E+1	-4.63582875E-10	8.08359463E+1	6.29937595E+0	8.10810275E+1	7.77707306E-2
3.52740116E+5	8.13373079E+1	-4.90288000E-10	8.07068317E+1	7.13323288E+0	8.10214565E+1	8.81553839E-2
3.78231664E+5	8.13889051E+1	-5.13499674E-10	8.05938583E+1	8.00469846E+0	8.09904061E+1	9.89967740E-2
4.05565415E+5	8.14641498E+1	-5.38209572E-10	8.04597061E+1	8.98957815E+0	8.09603699E+1	1.11265924E-1
4.34874501E+5	8.15985631E+1	-5.50530627E-10	8.03873010E+1	9.86720851E+0	8.09906669E+1	1.22135005E-1
4.66301673E+5	8.17290674E+1	-5.66792204E-10	8.02506786E+1	1.08917125E+1	8.09864982E+1	1.34896712E-1
5.00000000E+5	8.19062550E+1	-5.81935681E-10	8.01098437E+1	1.19957843E+1	8.10030681E+1	1.48637042E-1
