Start time:20240905_12-00-34	sweep/start:500.000	sweep/stop:500000.000	sweep/samplecount:100.000	sweep/xmapping:1.000	sweep/scan:0.000	sweep/averaging/sample:10.000	sweep/settling/time:0.100	sweep/settling/inaccuracy:0.010	sweep/awgcontrol:0.000	sweep/averaging/time:0.100	sweep/averaging/tc:15.000	sweep/bandwidthcontrol:2.000	sweep/sincfilter:0.000	sweep/omegasuppression:80.000	sweep/maxbandwidth:100.000	sweep/bandwidth:1250000.000	sweep/order:8.000	sweep/bandwidthoverlap:1.000																				
Frequency	Param0		Param1		RealZ		ImagZ		AbsZ		PhaseZ		
5.00000000E+2	1.10872077E+3	6.62930609E-7	1.75101824E+2	-4.04323595E+2	4.40611333E+2	-1.16210733E+0
5.36133611E+2	1.00246431E+3	6.47482033E-7	1.73413388E+2	-3.79167967E+2	4.16941940E+2	-1.14184507E+0
5.74878498E+2	9.08028623E+2	6.31284145E-7	1.71745259E+2	-3.55602365E+2	3.94904421E+2	-1.12086533E+0
6.16423370E+2	8.24190590E+2	6.13857031E-7	1.70294768E+2	-3.33698693E+2	3.74640056E+2	-1.09892292E+0
6.60970574E+2	7.50099696E+2	5.95809243E-7	1.68755281E+2	-3.13216921E+2	3.55785338E+2	-1.07660743E+0
7.08737081E+2	6.85020926E+2	5.76704973E-7	1.67286963E+2	-2.94295620E+2	3.38518679E+2	-1.05391246E+0
7.59955541E+2	6.26898321E+2	5.56876084E-7	1.65901665E+2	-2.76550195E+2	3.22495581E+2	-1.03045253E+0
8.14875417E+2	5.75620593E+2	5.36349735E-7	1.64525049E+2	-2.60068137E+2	3.07740069E+2	-1.00673410E+0
8.73764200E+2	5.30405256E+2	5.15217118E-7	1.63159547E+2	-2.44784771E+2	2.94177906E+2	-9.82879450E-1
9.36908711E+2	4.90563769E+2	4.93793213E-7	1.61717642E+2	-2.30608241E+2	2.81660747E+2	-9.59221402E-1
1.00461650E+3	4.54602823E+2	4.71861337E-7	1.60445207E+2	-2.17246701E+2	2.70071864E+2	-9.34670573E-1
1.07721735E+3	4.23236561E+2	4.49868430E-7	1.59066741E+2	-2.04989273E+2	2.59466455E+2	-9.10876770E-1
1.15506485E+3	3.95139382E+2	4.27947490E-7	1.57670997E+2	-1.93498978E+2	2.49603700E+2	-8.87070994E-1
1.23853818E+3	3.70334468E+2	4.06195047E-7	1.56235252E+2	-1.82892944E+2	2.40539581E+2	-8.63843364E-1
1.32804389E+3	3.48082201E+2	3.84733776E-7	1.54790513E+2	-1.72973110E+2	2.32120249E+2	-8.40816096E-1
1.42401793E+3	3.28390056E+2	3.63671617E-7	1.53324431E+2	-1.63834740E+2	2.24388526E+2	-8.18524901E-1
1.52692775E+3	3.10613792E+2	3.43074443E-7	1.51871766E+2	-1.55268870E+2	2.17194521E+2	-7.96458161E-1
1.63727458E+3	2.94770619E+2	3.23266372E-7	1.50321775E+2	-1.47356031E+2	2.10500450E+2	-7.75435568E-1
1.75559587E+3	2.80426188E+2	3.04174901E-7	1.48743163E+2	-1.39953355E+2	2.04233872E+2	-7.54961029E-1
1.88246790E+3	2.67514561E+2	2.85930049E-7	1.47105626E+2	-1.33089531E+2	1.98375637E+2	-7.35417194E-1
2.01850863E+3	2.55830888E+2	2.68473544E-7	1.45457264E+2	-1.26706904E+2	1.92905310E+2	-7.16613309E-1
2.16438064E+3	2.45218505E+2	2.51936592E-7	1.43751015E+2	-1.20772726E+2	1.87750919E+2	-6.98749036E-1
2.32079442E+3	2.35440630E+2	2.36252269E-7	1.42012916E+2	-1.15186540E+2	1.82854065E+2	-6.81472097E-1
2.48851178E+3	2.26467531E+2	2.21429414E-7	1.40246439E+2	-1.09964536E+2	1.78216901E+2	-6.64958428E-1
2.66834962E+3	2.18192278E+2	2.07516079E-7	1.38422992E+2	-1.05080453E+2	1.73789607E+2	-6.49316022E-1
2.86118383E+3	2.10521388E+2	1.94440130E-7	1.36567291E+2	-1.00497308E+2	1.69559237E+2	-6.34403693E-1
3.06795364E+3	2.03384433E+2	1.82185279E-7	1.34676049E+2	-9.61944431E+1	1.65502299E+2	-6.20236039E-1
3.28966612E+3	1.96683031E+2	1.70636891E-7	1.32784544E+2	-9.21125866E+1	1.61605896E+2	-6.06485003E-1
3.52740116E+3	1.90394104E+2	1.59840150E-7	1.30861004E+2	-8.82641464E+1	1.57845377E+2	-5.93397674E-1
3.78231664E+3	1.84414497E+2	1.49711202E-7	1.28916011E+2	-8.45851178E+1	1.54188135E+2	-5.80669505E-1
4.05565415E+3	1.78776858E+2	1.40164727E-7	1.26995784E+2	-8.10923923E+1	1.50678156E+2	-5.68279554E-1
4.34874501E+3	1.73403619E+2	1.31241941E-7	1.25049678E+2	-7.77601618E+1	1.47255106E+2	-5.56319527E-1
4.66301673E+3	1.68286381E+2	1.22820972E-7	1.23131409E+2	-7.45653699E+1	1.43949084E+2	-5.44509079E-1
5.00000000E+3	1.63442406E+2	1.14925601E-7	1.21227634E+2	-7.15373763E+1	1.40761273E+2	-5.33114094E-1
5.36133611E+3	1.58777443E+2	1.07401811E-7	1.19382032E+2	-6.85791755E+1	1.37677789E+2	-5.21421896E-1
5.74878498E+3	1.54299066E+2	1.00360463E-7	1.17528070E+2	-6.57390550E+1	1.34664291E+2	-5.09991617E-1
6.16423370E+3	1.50029426E+2	9.36687913E-8	1.15740973E+2	-6.29966502E+1	1.31774624E+2	-4.98448724E-1
6.60970574E+3	1.45966738E+2	8.73529152E-8	1.14000393E+2	-6.03670054E+1	1.28997152E+2	-4.86994166E-1
7.08737081E+3	1.42069991E+2	8.13803416E-8	1.12301364E+2	-5.78191751E+1	1.26311732E+2	-4.75462675E-1
7.59955541E+3	1.38347508E+2	7.57267321E-8	1.10655712E+2	-5.53557127E+1	1.23729309E+2	-4.63848972E-1
8.14875417E+3	1.34804951E+2	7.03723690E-8	1.09072864E+2	-5.29780311E+1	1.21258245E+2	-4.52152241E-1
8.73764200E+3	1.31424414E+2	6.53095812E-8	1.07544067E+2	-5.06773046E+1	1.18886147E+2	-4.40362643E-1
9.36908711E+3	1.28211315E+2	6.05100567E-8	1.06084703E+2	-4.84488876E+1	1.16624436E+2	-4.28411691E-1
1.00461650E+4	1.25182173E+2	5.59937491E-8	1.04688358E+2	-4.63191491E+1	1.14477579E+2	-4.16555922E-1
1.07721735E+4	1.22286545E+2	5.17172704E-8	1.03349825E+2	-4.42391946E+1	1.12420163E+2	-4.04453653E-1
1.15506485E+4	1.19553774E+2	4.76970596E-8	1.02071881E+2	-4.22422700E+1	1.10467545E+2	-3.92387230E-1
1.23853818E+4	1.16972977E+2	4.39204699E-8	1.00852742E+2	-4.03208324E+1	1.08614205E+2	-3.80333147E-1
1.32804389E+4	1.14530685E+2	4.03597135E-8	9.96982629E+1	-3.84547341E+1	1.06857430E+2	-3.68128063E-1
1.42401793E+4	1.12234516E+2	3.70340717E-8	9.85976914E+1	-3.66682314E+1	1.05195362E+2	-3.56047866E-1
1.52692775E+4	1.10055363E+2	3.39193408E-8	9.75437365E+1	-3.49346394E+1	1.03610864E+2	-3.43910981E-1
1.63727458E+4	1.08026023E+2	3.10217291E-8	9.65511124E+1	-3.32853373E+1	1.02127531E+2	-3.31984032E-1
1.75559587E+4	1.06106925E+2	2.83160198E-8	9.56055987E+1	-3.16857256E+1	1.00719492E+2	-3.20028675E-1
1.88246790E+4	1.04318709E+2	2.57849122E-8	9.47300328E+1	-3.01385924E+1	9.94088259E+1	-3.08026120E-1
2.01850863E+4	1.02629605E+2	2.34561527E-8	9.38788089E+1	-2.86620645E+1	9.81567370E+1	-2.96320480E-1
2.16438064E+4	1.01056397E+2	2.12976072E-8	9.30822674E+1	-2.72442643E+1	9.69874145E+1	-2.84737105E-1
2.32079442E+4	9.95749040E+1	1.93022415E-8	9.23229007E+1	-2.58751915E+1	9.58803627E+1	-2.73257579E-1
2.48851178E+4	9.82050468E+1	1.74657673E-8	9.16155251E+1	-2.45702846E+1	9.48530795E+1	-2.62023143E-1
2.66834962E+4	9.69152218E+1	1.57775462E-8	9.09385876E+1	-2.33132160E+1	9.38793553E+1	-2.50957601E-1
2.86118383E+4	9.57017189E+1	1.42163827E-8	9.02997014E+1	-2.20861847E+1	9.29614790E+1	-2.39878170E-1
3.06795364E+4	9.45870774E+1	1.27935105E-8	8.97059321E+1	-2.09252840E+1	9.21141787E+1	-2.29167438E-1
3.28966612E+4	9.35373795E+1	1.14892852E-8	8.91390483E+1	-1.98005783E+1	9.13117351E+1	-2.18582364E-1
3.52740116E+4	9.25609302E+1	1.03003232E-8	8.86046838E+1	-1.87227637E+1	9.05612055E+1	-2.08243378E-1
3.78231664E+4	9.16546599E+1	9.21489986E-9	8.81051590E+1	-1.76841523E+1	8.98623858E+1	-1.98084335E-1
4.05565415E+4	9.08083915E+1	8.22831296E-9	8.76314074E+1	-1.66854279E+1	8.92057573E+1	-1.88152474E-1
4.34874501E+4	9.00197338E+1	7.33249705E-9	8.71837572E+1	-1.57242166E+1	8.85903980E+1	-1.78438886E-1
4.66301673E+4	8.92940926E+1	6.51901785E-9	8.67701810E+1	-1.47986546E+1	8.80230912E+1	-1.68924663E-1
5.00000000E+4	8.86071560E+1	5.78562781E-9	8.63669595E+1	-1.39096687E+1	8.74798871E+1	-1.59681931E-1
5.36133611E+4	8.79754704E+1	5.11842715E-9	8.59967508E+1	-1.30446689E+1	8.69804840E+1	-1.50540323E-1
5.74878498E+4	8.73809445E+1	4.51802365E-9	8.56394723E+1	-1.22122351E+1	8.65058262E+1	-1.41645574E-1
6.16423370E+4	8.68295115E+1	3.97508478E-9	8.53050363E+1	-1.14037422E+1	8.60638986E+1	-1.32894027E-1
6.60970574E+4	8.63164789E+1	3.48581763E-9	8.49894333E+1	-1.06200189E+1	8.56503860E+1	-1.24312591E-1
7.08737081E+4	8.58399648E+1	3.04665925E-9	8.46912928E+1	-9.86318528E+0	8.52636945E+1	-1.15938166E-1
7.59955541E+4	8.53960142E+1	2.65103180E-9	8.44096580E+1	-9.12457602E+0	8.49014037E+1	-1.07680596E-1
8.14875417E+4	8.49831649E+1	2.29554796E-9	8.41436998E+1	-8.40450136E+0	8.45623907E+1	-9.95525300E-2
8.73764200E+4	8.46023178E+1	1.97650003E-9	8.38952767E+1	-7.70177231E+0	8.42480555E+1	-9.15456229E-2
9.36908711E+4	8.42436791E+1	1.69079313E-9	8.36555044E+1	-7.01454362E+0	8.39490766E+1	-8.36546682E-2
1.00461650E+5	8.39025350E+1	1.43646138E-9	8.34197337E+1	-6.34626176E+0	8.36607861E+1	-7.59300083E-2
1.07721735E+5	8.35985364E+1	1.20469143E-9	8.32119008E+1	-5.67209052E+0	8.34049945E+1	-6.80591341E-2
1.15506485E+5	8.33137997E+1	9.99044409E-10	8.30108907E+1	-5.01444674E+0	8.31622073E+1	-6.03337810E-2
1.23853818E+5	8.30453827E+1	8.15364266E-10	8.28154371E+1	-4.36382894E+0	8.29303302E+1	-5.26447361E-2
1.32804389E+5	8.27960759E+1	6.49361703E-10	8.26297621E+1	-3.70702317E+0	8.27128772E+1	-4.48329826E-2
1.42401793E+5	8.25652332E+1	5.03933125E-10	8.24509639E+1	-3.06945437E+0	8.25080787E+1	-3.72104510E-2
1.52692775E+5	8.23579677E+1	3.73296185E-10	8.22863787E+1	-2.42708784E+0	8.23221654E+1	-2.94870713E-2
1.63727458E+5	8.21617610E+1	2.55022158E-10	8.21236040E+1	-1.77017845E+0	8.21426803E+1	-2.15517131E-2
1.75559587E+5	8.19846282E+1	1.50300823E-10	8.19694829E+1	-1.11416711E+0	8.19770552E+1	-1.35916264E-2
1.88246790E+5	8.18312118E+1	5.44186560E-11	8.18260770E+1	-4.30970375E-1	8.18286443E+1	-5.26686853E-3
2.01850863E+5	8.16776444E+1	-2.69514758E-11	8.16770071E+1	2.28032519E-1	8.16773257E+1	2.79187179E-3
2.16438064E+5	8.15457237E+1	-1.01439795E-10	8.15354047E+1	9.17211699E-1	8.15405640E+1	1.12487661E-2
2.32079442E+5	8.14333072E+1	-1.67952441E-10	8.14009279E+1	1.62343348E+0	8.14171159E+1	1.99410243E-2
2.48851178E+5	8.13363953E+1	-2.27170549E-10	8.12685583E+1	2.34789608E+0	8.13024697E+1	2.88825559E-2
2.66834962E+5	8.12640728E+1	-2.79823566E-10	8.11461201E+1	3.09366470E+0	8.12050751E+1	3.81061594E-2
2.86118383E+5	8.11955607E+1	-3.26907541E-10	8.10110893E+1	3.86569266E+0	8.11032725E+1	4.76818968E-2
3.06795364E+5	8.11483799E+1	-3.68965890E-10	8.08789545E+1	4.66799449E+0	8.10135552E+1	5.76518469E-2
3.28966612E+5	8.11178219E+1	-4.07180616E-10	8.07414843E+1	5.51228641E+0	8.09294343E+1	6.81650336E-2
3.52740116E+5	8.11054454E+1	-4.39213492E-10	8.06030018E+1	6.36373430E+0	8.08538332E+1	7.87881019E-2
3.78231664E+5	8.11588159E+1	-4.69253735E-10	8.04993919E+1	7.28573880E+0	8.08284314E+1	9.02608500E-2
4.05565415E+5	8.12264446E+1	-4.99038183E-10	8.03689069E+1	8.30151450E+0	8.07965378E+1	1.02927869E-1
4.34874501E+5	8.12613966E+1	-5.18153653E-10	8.01997781E+1	9.22697708E+0	8.07288419E+1	1.14546274E-1
4.66301673E+5	8.14357911E+1	-5.38252553E-10	8.01142707E+1	1.02885332E+1	8.07723264E+1	1.27724722E-1
NaN	NaN	NaN	NaN	NaN	NaN	NaN
