Start time:20240906_22-28-28	sweep/start:500.000	sweep/stop:500000.000	sweep/samplecount:100.000	sweep/xmapping:1.000	sweep/scan:0.000	sweep/averaging/sample:10.000	sweep/settling/time:0.100	sweep/settling/inaccuracy:0.010	sweep/awgcontrol:0.000	sweep/averaging/time:0.100	sweep/averaging/tc:15.000	sweep/bandwidthcontrol:2.000	sweep/sincfilter:0.000	sweep/omegasuppression:80.000	sweep/maxbandwidth:100.000	sweep/bandwidth:1250000.000	sweep/order:8.000	sweep/bandwidthoverlap:1.000																				
Frequency	Param0		Param1		RealZ		ImagZ		AbsZ		PhaseZ		
5.00000000E+2	1.14699467E+3	6.79544779E-7	1.63951358E+2	-4.01460732E+2	4.33648300E+2	-1.18308064E+0
5.36133611E+2	1.03559927E+3	6.64793327E-7	1.62357605E+2	-3.76532994E+2	4.10045289E+2	-1.16369356E+0
5.74878498E+2	9.36113820E+2	6.49633756E-7	1.60703708E+2	-3.53002670E+2	3.87861617E+2	-1.14358689E+0
6.16423370E+2	8.47055175E+2	6.33407766E-7	1.59273351E+2	-3.30975999E+2	3.67305255E+2	-1.12228266E+0
6.60970574E+2	7.69825684E+2	6.16293406E-7	1.57678523E+2	-3.10680250E+2	3.48403192E+2	-1.10114545E+0
7.08737081E+2	7.00700628E+2	5.98025495E-7	1.56335136E+2	-2.91724706E+2	3.30974338E+2	-1.07884329E+0
7.59955541E+2	6.40055281E+2	5.79146379E-7	1.54868064E+2	-2.74116533E+2	3.14839678E+2	-1.05653126E+0
8.14875417E+2	5.85656718E+2	5.59356540E-7	1.53585405E+2	-2.57603854E+2	2.99913735E+2	-1.03316997E+0
8.73764200E+2	5.37959896E+2	5.39074790E-7	1.52189081E+2	-2.42301519E+2	2.86132076E+2	-1.00997238E+0
9.36908711E+2	4.95764908E+2	5.18208818E-7	1.50814067E+2	-2.28086376E+2	2.73437912E+2	-9.86577623E-1
1.00461650E+3	4.58160481E+2	4.96971107E-7	1.49449477E+2	-2.14794435E+2	2.61671189E+2	-9.62908823E-1
1.07721735E+3	4.24754484E+2	4.75162347E-7	1.48201380E+2	-2.02448792E+2	2.50896743E+2	-9.38886633E-1
1.15506485E+3	3.95201904E+2	4.53443242E-7	1.46836645E+2	-1.90968817E+2	2.40894378E+2	-9.15306144E-1
1.23853818E+3	3.68976175E+2	4.31711761E-7	1.45460492E+2	-1.80312734E+2	2.31670983E+2	-8.91975915E-1
1.32804389E+3	3.45431511E+2	4.10225966E-7	1.44040640E+2	-1.70318699E+2	2.23060910E+2	-8.68796672E-1
1.42401793E+3	3.24590694E+2	3.88846899E-7	1.42657000E+2	-1.61102781E+2	2.15186267E+2	-8.46048571E-1
1.52692775E+3	3.05893326E+2	3.67876439E-7	1.41252624E+2	-1.52498917E+2	2.07865892E+2	-8.23664519E-1
1.63727458E+3	2.89054113E+2	3.47565273E-7	1.39764321E+2	-1.44448534E+2	2.00996139E+2	-8.01878032E-1
1.75559587E+3	2.74057994E+2	3.27805791E-7	1.38271008E+2	-1.37023339E+2	1.94664509E+2	-7.80866065E-1
1.88246790E+3	2.60420803E+2	3.08681170E-7	1.36772932E+2	-1.30044911E+2	1.88728682E+2	-7.60187725E-1
2.01850863E+3	2.48088826E+2	2.90377201E-7	1.35216130E+2	-1.23540299E+2	1.83154605E+2	-7.40305887E-1
2.16438064E+3	2.36908479E+2	2.72843784E-7	1.33642004E+2	-1.17476530E+2	1.77935163E+2	-7.21112991E-1
2.32079442E+3	2.26667556E+2	2.56153957E-7	1.32027071E+2	-1.11781497E+2	1.72992059E+2	-7.02549427E-1
2.48851178E+3	2.17359258E+2	2.40340341E-7	1.30374706E+2	-1.06492173E+2	1.68339384E+2	-6.84910947E-1
2.66834962E+3	2.08732762E+2	2.25312396E-7	1.28710526E+2	-1.01487449E+2	1.63908825E+2	-6.67685466E-1
2.86118383E+3	2.00773039E+2	2.11108284E-7	1.27023784E+2	-9.67879521E+1	1.59696432E+2	-6.51116215E-1
3.06795364E+3	1.93410224E+2	1.97691484E-7	1.25327336E+2	-9.23723152E+1	1.55690679E+2	-6.35160431E-1
3.28966612E+3	1.86508329E+2	1.85026595E-7	1.23615503E+2	-8.81732804E+1	1.51839786E+2	-6.19587586E-1
3.52740116E+3	1.80056723E+2	1.73112451E-7	1.21886535E+2	-8.42030939E+1	1.48143476E+2	-6.04546281E-1
3.78231664E+3	1.74033681E+2	1.61844544E-7	1.20183847E+2	-8.04479901E+1	1.44623777E+2	-5.89874841E-1
4.05565415E+3	1.68320488E+2	1.51253589E-7	1.18461443E+2	-7.68529304E+1	1.41207250E+2	-5.75502344E-1
4.34874501E+3	1.62958149E+2	1.41236344E-7	1.16775069E+2	-7.34372628E+1	1.37947268E+2	-5.61383071E-1
4.66301673E+3	1.57899036E+2	1.31778354E-7	1.15115647E+2	-7.01786061E+1	1.34820805E+2	-5.47474454E-1
5.00000000E+3	1.53059679E+2	1.22869340E-7	1.13455972E+2	-6.70319027E+1	1.31778353E+2	-5.33641132E-1
5.36133611E+3	1.48531872E+2	1.14432140E-7	1.11861083E+2	-6.40471162E+1	1.28898936E+2	-5.19998180E-1
5.74878498E+3	1.44228493E+2	1.06458460E-7	1.10300877E+2	-6.11738935E+1	1.26129018E+2	-5.06375144E-1
6.16423370E+3	1.40148322E+2	9.89434365E-8	1.08772964E+2	-5.84190922E+1	1.23468006E+2	-4.92864810E-1
6.60970574E+3	1.36290838E+2	9.18384512E-8	1.07297612E+2	-5.57754729E+1	1.20928414E+2	-4.79377793E-1
7.08737081E+3	1.32622477E+2	8.51201081E-8	1.05868152E+2	-5.32205842E+1	1.18492601E+2	-4.65810288E-1
7.59955541E+3	1.29156002E+2	7.87685119E-8	1.04497048E+2	-5.07620671E+1	1.16174098E+2	-4.52203093E-1
8.14875417E+3	1.25884820E+2	7.27792563E-8	1.03180788E+2	-4.84006147E+1	1.13968833E+2	-4.38611618E-1
8.73764200E+3	1.22809229E+2	6.71293260E-8	1.01929105E+2	-4.61334152E+1	1.11883130E+2	-4.25016442E-1
9.36908711E+3	1.19903738E+2	6.18304260E-8	1.00719750E+2	-4.39568649E+1	1.09893923E+2	-4.11509869E-1
1.00461650E+4	1.17162476E+2	5.68451132E-8	9.95656851E+1	-4.18573302E+1	1.08006306E+2	-3.97967251E-1
1.07721735E+4	1.14602877E+2	5.21595980E-8	9.84821859E+1	-3.98447070E+1	1.06237196E+2	-3.84455248E-1
1.15506485E+4	1.12190623E+2	4.77798929E-8	9.74428639E+1	-3.79086206E+1	1.04557044E+2	-3.71017636E-1
1.23853818E+4	1.09939786E+2	4.36921492E-8	9.64611027E+1	-3.60578454E+1	1.02980158E+2	-3.57724431E-1
1.32804389E+4	1.07823934E+2	3.98739002E-8	9.55289633E+1	-3.42713524E+1	1.01490436E+2	-3.44451678E-1
1.42401793E+4	1.05847642E+2	3.63207747E-8	9.46486769E+1	-3.25571324E+1	1.00091654E+2	-3.31300630E-1
1.52692775E+4	1.03998461E+2	3.30365025E-8	9.38061904E+1	-3.09208083E+1	9.87709436E+1	-3.18408784E-1
1.63727458E+4	1.02281538E+2	2.99921325E-8	9.30179484E+1	-2.93543606E+1	9.75398312E+1	-3.05686016E-1
1.75559587E+4	1.00700027E+2	2.71817296E-8	9.22868076E+1	-2.78644665E+1	9.64016804E+1	-2.93229567E-1
1.88246790E+4	9.91995629E+1	2.45799118E-8	9.15821703E+1	-2.64124376E+1	9.53148007E+1	-2.80782300E-1
2.01850863E+4	9.78146728E+1	2.21981415E-8	9.09198765E+1	-2.50374417E+1	9.43042837E+1	-2.68718696E-1
2.16438064E+4	9.65256742E+1	2.00069056E-8	9.02976665E+1	-2.37144351E+1	9.33597511E+1	-2.56825380E-1
2.32079442E+4	9.53298493E+1	1.80046969E-8	8.97102540E+1	-2.24529466E+1	9.24773754E+1	-2.45244943E-1
2.48851178E+4	9.42059377E+1	1.61713809E-8	8.91476615E+1	-2.12351251E+1	9.16419057E+1	-2.33843919E-1
2.66834962E+4	9.31863002E+1	1.44972648E-8	8.86390671E+1	-2.00764007E+1	9.08842488E+1	-2.22737980E-1
2.86118383E+4	9.22270190E+1	1.29742147E-8	8.81481124E+1	-1.89617196E+1	9.01645029E+1	-2.11883269E-1
3.06795364E+4	9.13378424E+1	1.15949613E-8	8.76834490E+1	-1.79005491E+1	8.94919943E+1	-2.01382441E-1
3.28966612E+4	9.05206784E+1	1.03456125E-8	8.72514580E+1	-1.68891733E+1	8.88710367E+1	-1.91204281E-1
3.52740116E+4	8.97560377E+1	9.21298682E-9	8.68391912E+1	-1.59152921E+1	8.82855692E+1	-1.81261547E-1
3.78231664E+4	8.90548378E+1	8.18397744E-9	8.64610176E+1	-1.49754554E+1	8.77483442E+1	-1.71503191E-1
4.05565415E+4	8.83940406E+1	7.25823151E-9	8.60928301E+1	-1.40754266E+1	8.72358477E+1	-1.62057525E-1
4.34874501E+4	8.77928294E+1	6.42445447E-9	8.57560539E+1	-1.32161174E+1	8.67684655E+1	-1.52909935E-1
4.66301673E+4	8.72322180E+1	5.67063984E-9	8.54376450E+1	-1.23824078E+1	8.63302686E+1	-1.43927056E-1
5.00000000E+4	8.67112253E+1	4.99539136E-9	8.51347161E+1	-1.15851427E+1	8.59193549E+1	-1.35249369E-1
5.36133611E+4	8.62341212E+1	4.38782642E-9	8.48555054E+1	-1.08158713E+1	8.55420361E+1	-1.26778597E-1
5.74878498E+4	8.57791569E+1	3.84366389E-9	8.45795692E+1	-1.00727617E+1	8.51772513E+1	-1.18533858E-1
6.16423370E+4	8.53671015E+1	3.35568819E-9	8.43290003E+1	-9.35638435E+0	8.48464633E+1	-1.10499029E-1
6.60970574E+4	8.49799125E+1	2.91770806E-9	8.40883000E+1	-8.65875928E+0	8.45329307E+1	-1.02610576E-1
7.08737081E+4	8.46204132E+1	2.52673075E-9	8.38601666E+1	-7.98463120E+0	8.42394323E+1	-9.49274636E-2
7.59955541E+4	8.42890619E+1	2.17667331E-9	8.36470896E+1	-7.32796444E+0	8.39674622E+1	-8.73826404E-2
8.14875417E+4	8.39821334E+1	1.86410180E-9	8.34460142E+1	-6.68856837E+0	8.37136446E+1	-7.99834430E-2
8.73764200E+4	8.37007130E+1	1.58403901E-9	8.32595760E+1	-6.06042824E+0	8.34798531E+1	-7.26614187E-2
9.36908711E+4	8.34293526E+1	1.33504006E-9	8.30722126E+1	-5.44685860E+0	8.32505911E+1	-6.54740351E-2
1.00461650E+5	8.31855782E+1	1.11481847E-9	8.29015053E+1	-4.85282779E+0	8.30434203E+1	-5.84705389E-2
1.07721735E+5	8.29384564E+1	9.14967628E-10	8.27202320E+1	-4.24870486E+0	8.28292723E+1	-5.13172506E-2
1.15506485E+5	8.27282993E+1	7.37739357E-10	8.25663083E+1	-3.65717816E+0	8.26472641E+1	-4.42649000E-2
1.23853818E+5	8.25282437E+1	5.80285607E-10	8.24137794E+1	-3.07137963E+0	8.24709917E+1	-3.72505530E-2
1.32804389E+5	8.23423840E+1	4.39450236E-10	8.22673748E+1	-2.48400717E+0	8.23048708E+1	-3.01851528E-2
1.42401793E+5	8.21745439E+1	3.14667404E-10	8.21305814E+1	-1.90015592E+0	8.21525597E+1	-2.31316650E-2
1.52692775E+5	8.20183935E+1	2.02822234E-10	8.19975070E+1	-1.30865711E+0	8.20079496E+1	-1.59583626E-2
1.63727458E+5	8.18695281E+1	1.03399669E-10	8.18633186E+1	-7.12906456E-1	8.18664233E+1	-8.70827293E-3
1.75559587E+5	8.17373772E+1	1.46739953E-11	8.17372334E+1	-1.08142133E-1	8.17373053E+1	-1.32304309E-3
1.88246790E+5	8.16729897E+1	-6.23481728E-11	8.16658344E+1	4.91778063E-1	8.16694118E+1	6.02216560E-3
2.01850863E+5	8.15168514E+1	-1.34829881E-10	8.15010148E+1	1.13607517E+0	8.15089327E+1	1.39384958E-2
2.16438064E+5	8.14245474E+1	-1.97871667E-10	8.13854760E+1	1.78319710E+0	8.14050093E+1	2.19070032E-2
2.32079442E+5	8.13496815E+1	-2.53616517E-10	8.12761162E+1	2.44519201E+0	8.13128906E+1	3.00759252E-2
2.48851178E+5	8.12829189E+1	-3.03992793E-10	8.11617684E+1	3.13569196E+0	8.12223211E+1	3.86158910E-2
2.66834962E+5	8.12317024E+1	-3.47659302E-10	8.10499935E+1	3.83756382E+0	8.11407971E+1	4.73127374E-2
2.86118383E+5	8.11945132E+1	-3.87275211E-10	8.09358758E+1	4.57522989E+0	8.10650913E+1	5.64689817E-2
3.06795364E+5	8.11760026E+1	-4.21973493E-10	8.08236099E+1	5.33678696E+0	8.09996146E+1	6.59343251E-2
3.28966612E+5	8.11805128E+1	-4.54361969E-10	8.07113635E+1	6.15347243E+0	8.09455982E+1	7.60932533E-2
3.52740116E+5	8.12167423E+1	-4.81306547E-10	8.06116695E+1	6.98392718E+0	8.09136403E+1	8.64209085E-2
3.78231664E+5	8.12770972E+1	-5.05988964E-10	8.05080723E+1	7.86839800E+0	8.08916709E+1	9.74248633E-2
4.05565415E+5	8.13282618E+1	-5.31357529E-10	8.03537355E+1	8.84859018E+0	8.08395295E+1	1.09678653E-1
4.34874501E+5	8.14332304E+1	-5.44184345E-10	8.02564358E+1	9.71782577E+0	8.08426911E+1	1.20498322E-1
4.66301673E+5	8.15539480E+1	-5.65328646E-10	8.00923182E+1	1.08187941E+1	8.08198268E+1	1.34266934E-1
NaN	NaN	NaN	NaN	NaN	NaN	NaN
