Start time:20240905_12-19-19	sweep/start:500.000	sweep/stop:500000.000	sweep/samplecount:100.000	sweep/xmapping:1.000	sweep/scan:0.000	sweep/averaging/sample:10.000	sweep/settling/time:0.100	sweep/settling/inaccuracy:0.010	sweep/awgcontrol:0.000	sweep/averaging/time:0.100	sweep/averaging/tc:15.000	sweep/bandwidthcontrol:2.000	sweep/sincfilter:0.000	sweep/omegasuppression:80.000	sweep/maxbandwidth:100.000	sweep/bandwidth:1250000.000	sweep/order:8.000	sweep/bandwidthoverlap:1.000																				
Frequency	Param0		Param1		RealZ		ImagZ		AbsZ		PhaseZ		
5.00000000E+2	1.11044873E+3	6.62899717E-7	1.74928584E+2	-4.04535770E+2	4.40737113E+2	-1.16265930E+0
5.36133611E+2	1.00356578E+3	6.47551436E-7	1.73257952E+2	-3.79285364E+2	4.16984069E+2	-1.14230104E+0
5.74878498E+2	9.09099286E+2	6.31281154E-7	1.71620603E+2	-3.55761873E+2	3.94993857E+2	-1.12132514E+0
6.16423370E+2	8.25343713E+2	6.14020933E-7	1.70082788E+2	-3.33839140E+2	3.74668831E+2	-1.09959726E+0
6.60970574E+2	7.51164318E+2	5.95792784E-7	1.68630718E+2	-3.13421493E+2	3.55906388E+2	-1.07718819E+0
7.08737081E+2	6.85722535E+2	5.76749029E-7	1.67179855E+2	-2.94431400E+2	3.38583761E+2	-1.05438548E+0
7.59955541E+2	6.27687317E+2	5.56899385E-7	1.65793063E+2	-2.76728812E+2	3.22592905E+2	-1.03102602E+0
8.14875417E+2	5.76335794E+2	5.36460633E-7	1.64388823E+2	-2.60229626E+2	3.07803751E+2	-1.00738866E+0
8.73764200E+2	5.30925727E+2	5.15438982E-7	1.63000603E+2	-2.44891835E+2	2.94178873E+2	-9.83530866E-1
9.36908711E+2	4.90751268E+2	4.93958473E-7	1.61623997E+2	-2.30640100E+2	2.81633051E+2	-9.59558602E-1
1.00461650E+3	4.55152409E+2	4.72178517E-7	1.60248519E+2	-2.17388834E+2	2.70069427E+2	-9.35569059E-1
1.07721735E+3	4.23520567E+2	4.50211148E-7	1.58888984E+2	-2.05053752E+2	2.59408464E+2	-9.11570582E-1
1.15506485E+3	3.95493903E+2	4.28274723E-7	1.57497454E+2	-1.93607416E+2	2.49578206E+2	-8.87884481E-1
1.23853818E+3	3.70520166E+2	4.06522488E-7	1.56077402E+2	-1.82947169E+2	2.40478321E+2	-8.64488946E-1
1.32804389E+3	3.48313659E+2	3.85032110E-7	1.54645783E+2	-1.73060448E+2	2.32088857E+2	-8.41531728E-1
1.42401793E+3	3.28481980E+2	3.63962894E-7	1.53190688E+2	-1.63868823E+2	2.24322044E+2	-8.19064087E-1
1.52692775E+3	3.10731402E+2	3.43438873E-7	1.51705615E+2	-1.55322579E+2	2.17116783E+2	-7.97178177E-1
1.63727458E+3	2.94831893E+2	3.23616359E-7	1.50162931E+2	-1.47390346E+2	2.10411076E+2	-7.76080489E-1
1.75559587E+3	2.80484082E+2	3.04524250E-7	1.48584639E+2	-1.39993678E+2	2.04146088E+2	-7.55637004E-1
1.88246790E+3	2.67555475E+2	2.86225837E-7	1.46970923E+2	-1.33125587E+2	1.98299962E+2	-7.36007773E-1
2.01850863E+3	2.55841683E+2	2.68764489E-7	1.45322134E+2	-1.26731749E+2	1.92819758E+2	-7.17170758E-1
2.16438064E+3	2.45166568E+2	2.52182528E-7	1.43629700E+2	-1.20763028E+2	1.87651805E+2	-6.99125319E-1
2.32079442E+3	2.35414542E+2	2.36495336E-7	1.41893762E+2	-1.15195549E+2	1.82767214E+2	-6.81921071E-1
2.48851178E+3	2.26443363E+2	2.21716396E-7	1.40104535E+2	-1.09983911E+2	1.78117214E+2	-6.65535619E-1
2.66834962E+3	2.18171159E+2	2.07761284E-7	1.38299846E+2	-1.05100854E+2	1.73703878E+2	-6.49838231E-1
2.86118383E+3	2.10473246E+2	1.94690352E-7	1.36434601E+2	-1.00505881E+2	1.69457467E+2	-6.34908545E-1
3.06795364E+3	2.03322890E+2	1.82392242E-7	1.34559535E+2	-9.61912891E+1	1.65405662E+2	-6.20629957E-1
3.28966612E+3	1.96610301E+2	1.70873493E-7	1.32647806E+2	-9.21112576E+1	1.61492801E+2	-6.06960837E-1
3.52740116E+3	1.90291973E+2	1.60037235E-7	1.30733896E+2	-8.82397814E+1	1.57726380E+2	-5.93720249E-1
3.78231664E+3	1.84328031E+2	1.49898650E-7	1.28794879E+2	-8.45717746E+1	1.54079545E+2	-5.81028391E-1
4.05565415E+3	1.78697226E+2	1.40368112E-7	1.26865331E+2	-8.10905022E+1	1.50567202E+2	-5.68735281E-1
4.34874501E+3	1.73296895E+2	1.31420645E-7	1.24920773E+2	-7.77379067E+1	1.47133891E+2	-5.56653710E-1
4.66301673E+3	1.68183443E+2	1.22975431E-7	1.23013490E+2	-7.45420214E+1	1.43836130E+2	-5.44794891E-1
5.00000000E+3	1.63329964E+2	1.15036447E-7	1.21126968E+2	-7.14976940E+1	1.40654411E+2	-5.33234847E-1
5.36133611E+3	1.58642661E+2	1.07535200E-7	1.19257489E+2	-6.85344911E+1	1.37547538E+2	-5.21591219E-1
5.74878498E+3	1.54186974E+2	1.00471127E-7	1.17421676E+2	-6.57042049E+1	1.34554423E+2	-5.10151561E-1
6.16423370E+3	1.49923860E+2	9.37725022E-8	1.15638245E+2	-6.29660872E+1	1.31669784E+2	-4.98617849E-1
6.60970574E+3	1.45838947E+2	8.74432883E-8	1.13892698E+2	-6.03195192E+1	1.28879755E+2	-4.87059592E-1
7.08737081E+3	1.41949794E+2	8.14546154E-8	1.12203254E+2	-5.77724703E+1	1.26203125E+2	-4.75489489E-1
7.59955541E+3	1.38225618E+2	7.58006785E-8	1.10554036E+2	-5.53100800E+1	1.23617960E+2	-4.63886826E-1
8.14875417E+3	1.34684490E+2	7.04233485E-8	1.08982465E+2	-5.29251324E+1	1.21153818E+2	-4.52085503E-1
8.73764200E+3	1.31322149E+2	6.53593245E-8	1.07461051E+2	-5.06373225E+1	1.18794007E+2	-4.40356068E-1
9.36908711E+3	1.28105730E+2	6.05562961E-8	1.05999536E+2	-4.84070885E+1	1.16529601E+2	-4.28389026E-1
1.00461650E+4	1.25058928E+2	5.60228742E-8	1.04601207E+2	-4.62590764E+1	1.14373576E+2	-4.16383906E-1
1.07721735E+4	1.22178670E+2	5.17395121E-8	1.03273125E+2	-4.41863616E+1	1.12328861E+2	-4.04289962E-1
1.15506485E+4	1.19443688E+2	4.77118274E-8	1.01996128E+2	-4.21851091E+1	1.10375693E+2	-3.92171161E-1
1.23853818E+4	1.16867606E+2	4.39289551E-8	1.00781548E+2	-4.02638502E+1	1.08526947E+2	-3.80089146E-1
1.32804389E+4	1.14427489E+2	4.03710076E-8	9.96244632E+1	-3.84023888E+1	1.06769739E+2	-3.67919392E-1
1.42401793E+4	1.12127340E+2	3.70411736E-8	9.85218061E+1	-3.66120413E+1	1.05104653E+2	-3.55798455E-1
1.52692775E+4	1.09957311E+2	3.39277816E-8	9.74710559E+1	-3.48861984E+1	1.03526108E+2	-3.43707125E-1
1.63727458E+4	1.07922322E+2	3.10118174E-8	9.64846220E+1	-3.32198748E+1	1.02043345E+2	-3.31589873E-1
1.75559587E+4	1.06015035E+2	2.82946210E-8	9.55534390E+1	-3.16170983E+1	1.00648403E+2	-3.19544502E-1
1.88246790E+4	1.04233859E+2	2.57834230E-8	9.46681391E+1	-3.00926662E+1	9.93359222E+1	-3.07774445E-1
2.01850863E+4	1.02551835E+2	2.34497042E-8	9.38241804E+1	-2.86158115E+1	9.80909874E+1	-2.96032108E-1
2.16438064E+4	1.00983105E+2	2.12800718E-8	9.30374703E+1	-2.71889987E+1	9.69289050E+1	-2.84319720E-1
2.32079442E+4	9.95039444E+1	1.92885717E-8	9.22761847E+1	-2.58253663E+1	9.58219407E+1	-2.72888464E-1
2.48851178E+4	9.81354661E+1	1.74454267E-8	9.15736208E+1	-2.45130569E+1	9.47977839E+1	-2.61554618E-1
2.66834962E+4	9.68416385E+1	1.57522647E-8	9.08959738E+1	-2.32472913E+1	9.38217192E+1	-2.50389736E-1
2.86118383E+4	9.56499136E+1	1.41952321E-8	9.02714630E+1	-2.20345003E+1	9.29217820E+1	-2.39410054E-1
3.06795364E+4	9.45319413E+1	1.27705393E-8	8.96756194E+1	-2.08684823E+1	9.20717676E+1	-2.28641429E-1
3.28966612E+4	9.34927478E+1	1.14709282E-8	8.91138808E+1	-1.97539306E+1	9.12770594E+1	-2.18143256E-1
3.52740116E+4	9.25206430E+1	1.02811337E-8	8.85834961E+1	-1.86752828E+1	9.05306689E+1	-2.07778619E-1
3.78231664E+4	9.16154435E+1	9.19761153E-9	8.80831570E+1	-1.76390167E+1	8.98319403E+1	-1.97639912E-1
4.05565415E+4	9.07728598E+1	8.21229506E-9	8.76114301E+1	-1.66426360E+1	8.91781367E+1	-1.87722995E-1
4.34874501E+4	8.99890034E+1	7.31698921E-9	8.71674660E+1	-1.56826731E+1	8.85669995E+1	-1.78009920E-1
4.66301673E+4	8.92599075E+1	6.50502731E-9	8.67493444E+1	-1.47576978E+1	8.79956730E+1	-1.68505653E-1
5.00000000E+4	8.85789108E+1	5.77085277E-9	8.63519492E+1	-1.38673137E+1	8.74583421E+1	-1.59231095E-1
5.36133611E+4	8.79447671E+1	5.10395321E-9	8.59790018E+1	-1.30005579E+1	8.69563298E+1	-1.50069393E-1
5.74878498E+4	8.73604322E+1	4.50520339E-9	8.56298371E+1	-1.21733534E+1	8.64908063E+1	-1.41216257E-1
6.16423370E+4	8.68090308E+1	3.96444820E-9	8.52936216E+1	-1.13690239E+1	8.60479902E+1	-1.32511685E-1
6.60970574E+4	8.62993549E+1	3.47568979E-9	8.49806688E+1	-1.05859712E+1	8.56374737E+1	-1.23930766E-1
7.08737081E+4	8.58244313E+1	3.03707586E-9	8.46834932E+1	-9.82947595E+0	8.52520536E+1	-1.15555995E-1
7.59955541E+4	8.53843233E+1	2.64209847E-9	8.44049267E+1	-9.09207454E+0	8.48932126E+1	-1.07305948E-1
8.14875417E+4	8.49748541E+1	2.28802729E-9	8.41410700E+1	-8.37588551E+0	8.45569343E+1	-9.92188761E-2
8.73764200E+4	8.45868914E+1	1.96970390E-9	8.38850462E+1	-7.67295507E+0	8.42352378E+1	-9.12160522E-2
9.36908711E+4	8.42347403E+1	1.68464973E-9	8.36509880E+1	-6.98793852E+0	8.39423567E+1	-8.33433232E-2
1.00461650E+5	8.38976167E+1	1.43059760E-9	8.34188108E+1	-6.31991508E+0	8.36578712E+1	-7.56168201E-2
1.07721735E+5	8.35957356E+1	1.19972354E-9	8.32123062E+1	-5.64853772E+0	8.34038006E+1	-6.77770662E-2
1.15506485E+5	8.33100613E+1	9.94799104E-10	8.30097528E+1	-4.99284597E+0	8.31597715E+1	-6.00753290E-2
1.23853818E+5	8.30462795E+1	8.11094252E-10	8.28187222E+1	-4.34119523E+0	8.29324228E+1	-5.23701105E-2
1.32804389E+5	8.28011349E+1	6.44389943E-10	8.26373248E+1	-3.67920448E+0	8.27191893E+1	-4.44929070E-2
1.42401793E+5	8.25676481E+1	5.00777283E-10	8.24547942E+1	-3.05046323E+0	8.25112019E+1	-3.69787181E-2
1.52692775E+5	8.23587414E+1	3.69826878E-10	8.22884738E+1	-2.40461494E+0	8.23236001E+1	-2.92134575E-2
1.63727458E+5	8.21642274E+1	2.52611786E-10	8.21267849E+1	-1.75356776E+0	8.21455040E+1	-2.13487163E-2
1.75559587E+5	8.19897709E+1	1.47928761E-10	8.19750977E+1	-1.09672749E+0	8.19824340E+1	-1.33779891E-2
1.88246790E+5	8.18397644E+1	5.50915964E-11	8.18345014E+1	-4.36406077E-1	8.18371328E+1	-5.33266269E-3
2.01850863E+5	8.16837264E+1	-2.85396758E-11	8.16830118E+1	2.41505546E-1	8.16833691E+1	2.95660933E-3
2.16438064E+5	8.15498003E+1	-1.03051868E-10	8.15391497E+1	9.31876514E-1	8.15444749E+1	1.14280813E-2
2.32079442E+5	8.14389164E+1	-1.69324443E-10	8.14059987E+1	1.63690843E+0	8.14224559E+1	2.01052533E-2
2.48851178E+5	8.13385355E+1	-2.28687404E-10	8.12697849E+1	2.36367224E+0	8.13041530E+1	2.90760718E-2
2.66834962E+5	8.12575593E+1	-2.80444903E-10	8.11391138E+1	3.10001712E+0	8.11983149E+1	3.81876280E-2
2.86118383E+5	8.12028742E+1	-3.27168803E-10	8.10180597E+1	3.86946443E+0	8.11104143E+1	4.77242439E-2
3.06795364E+5	8.11520116E+1	-3.69725347E-10	8.08814476E+1	4.67795712E+0	8.10166166E+1	5.77728329E-2
3.28966612E+5	8.11458669E+1	-4.08402859E-10	8.07668782E+1	5.53248382E+0	8.09561508E+1	6.83925732E-2
3.52740116E+5	8.11509864E+1	-4.40239444E-10	8.06453683E+1	6.38552664E+0	8.08977823E+1	7.90154854E-2
3.78231664E+5	8.11719301E+1	-4.68749247E-10	8.05135862E+1	7.28035542E+0	8.08420879E+1	9.01787613E-2
4.05565415E+5	8.12570141E+1	-4.93951933E-10	8.04156946E+1	8.22487675E+0	8.08352594E+1	1.01924772E-1
4.34874501E+5	8.12999353E+1	-5.17228974E-10	8.02405159E+1	9.21955536E+0	8.07684879E+1	1.14397380E-1
4.66301673E+5	8.14120928E+1	-5.40155325E-10	8.00826280E+1	1.03178687E+1	8.07446234E+1	1.28134697E-1
NaN	NaN	NaN	NaN	NaN	NaN	NaN
