Start time:20240908_09-31-05	sweep/start:500.000	sweep/stop:500000.000	sweep/samplecount:100.000	sweep/xmapping:1.000	sweep/scan:0.000	sweep/averaging/sample:10.000	sweep/settling/time:0.100	sweep/settling/inaccuracy:0.010	sweep/awgcontrol:0.000	sweep/averaging/time:0.100	sweep/averaging/tc:15.000	sweep/bandwidthcontrol:2.000	sweep/sincfilter:0.000	sweep/omegasuppression:80.000	sweep/maxbandwidth:100.000	sweep/bandwidth:1250000.000	sweep/order:8.000	sweep/bandwidthoverlap:1.000																				
Frequency	Param0		Param1		RealZ		ImagZ		AbsZ		PhaseZ		
5.00000000E+2	1.23456124E+3	7.02503045E-7	1.46557818E+2	-3.99318575E+2	4.25363995E+2	-1.21904031E+0
5.36133611E+2	1.10822846E+3	6.90270055E-7	1.45046129E+2	-3.73772408E+2	4.00929171E+2	-1.20062522E+0
5.74878498E+2	9.96200953E+2	6.77019110E-7	1.43652048E+2	-3.49957622E+2	3.78293876E+2	-1.18128473E+0
6.16423370E+2	8.97001555E+2	6.62729264E-7	1.42353455E+2	-3.27760157E+2	3.57339102E+2	-1.16105643E+0
6.60970574E+2	8.09195221E+2	6.47465663E-7	1.41112709E+2	-3.07042173E+2	3.37916705E+2	-1.13999819E+0
7.08737081E+2	7.31535033E+2	6.31273681E-7	1.39900176E+2	-2.87697336E+2	3.19909095E+2	-1.11818843E+0
7.59955541E+2	6.62894411E+2	6.14028997E-7	1.38753917E+2	-2.69678522E+2	3.03280668E+2	-1.09560345E+0
8.14875417E+2	6.02136218E+2	5.95784503E-7	1.37671177E+2	-2.52870370E+2	2.87918014E+2	-1.07223663E+0
8.73764200E+2	5.48458691E+2	5.76659006E-7	1.36605518E+2	-2.37194869E+2	2.73719703E+2	-1.04827014E+0
9.36908711E+2	5.00924730E+2	5.56624086E-7	1.35599131E+2	-2.22570945E+2	2.60624159E+2	-1.02361036E+0
1.00461650E+3	4.59091705E+2	5.35817112E-7	1.34592589E+2	-2.08986052E+2	2.48576622E+2	-9.98631759E-1
1.07721735E+3	4.21961789E+2	5.14353050E-7	1.33620177E+2	-1.96286136E+2	2.37450209E+2	-9.73112600E-1
1.15506485E+3	3.89174840E+2	4.92333963E-7	1.32658175E+2	-1.84469586E+2	2.27216243E+2	-9.47344470E-1
1.23853818E+3	3.60221434E+2	4.69847616E-7	1.31721063E+2	-1.73488643E+2	2.17827336E+2	-9.21402147E-1
1.32804389E+3	3.34550493E+2	4.47117654E-7	1.30788879E+2	-1.63247515E+2	2.09178113E+2	-8.95342876E-1
1.42401793E+3	3.11859343E+2	4.24283476E-7	1.29855463E+2	-1.53734173E+2	2.01237765E+2	-8.69401636E-1
1.52692775E+3	2.91750276E+2	4.01524573E-7	1.28915253E+2	-1.44885877E+2	1.93935711E+2	-8.43661433E-1
1.63727458E+3	2.73843374E+2	3.78970039E-7	1.27977983E+2	-1.36629271E+2	1.87205562E+2	-8.18081348E-1
1.75559587E+3	2.57965478E+2	3.56824166E-7	1.27016713E+2	-1.28967752E+2	1.81013609E+2	-7.93019724E-1
1.88246790E+3	2.43803907E+2	3.35137495E-7	1.26062646E+2	-1.21830925E+2	1.75312764E+2	-7.68329099E-1
2.01850863E+3	2.31190399E+2	3.14143382E-7	1.25073879E+2	-1.15205920E+2	1.70046699E+2	-7.44352615E-1
2.16438064E+3	2.19886428E+2	2.93853478E-7	1.24080912E+2	-1.09030433E+2	1.65177808E+2	-7.20924172E-1
2.32079442E+3	2.09743938E+2	2.74411061E-7	1.23060771E+2	-1.03282606E+2	1.60658801E+2	-6.98238311E-1
2.48851178E+3	2.00616305E+2	2.55880708E-7	1.22011679E+2	-9.79320247E+1	1.56452970E+2	-6.76351470E-1
2.66834962E+3	1.92375072E+2	2.38248661E-7	1.20954247E+2	-9.29443465E+1	1.52540427E+2	-6.55189612E-1
2.86118383E+3	1.84894954E+2	2.21613046E-7	1.19858109E+2	-8.82903862E+1	1.48866246E+2	-6.34885506E-1
3.06795364E+3	1.78091167E+2	2.05940580E-7	1.18740571E+2	-8.39483354E+1	1.45418866E+2	-6.15401510E-1
3.28966612E+3	1.71861286E+2	1.91206471E-7	1.17604967E+2	-7.98799878E+1	1.42168002E+2	-5.96645087E-1
3.52740116E+3	1.66130792E+2	1.77401663E-7	1.16447106E+2	-7.60626123E+1	1.39087921E+2	-5.78617655E-1
3.78231664E+3	1.60852473E+2	1.64511713E-7	1.15266761E+2	-7.24880475E+1	1.36165133E+2	-5.61378883E-1
4.05565415E+3	1.55955377E+2	1.52484396E-7	1.14067028E+2	-6.91236459E+1	1.33376782E+2	-5.44813354E-1
4.34874501E+3	1.51413024E+2	1.41239500E-7	1.12872699E+2	-6.59556664E+1	1.30730243E+2	-5.28822787E-1
4.66301673E+3	1.47148058E+2	1.30814609E-7	1.11639493E+2	-6.29615597E+1	1.28169944E+2	-5.13507026E-1
5.00000000E+3	1.43155632E+2	1.21081528E-7	1.10414218E+2	-6.01258448E+1	1.25723574E+2	-4.98647802E-1
5.36133611E+3	1.39416746E+2	1.11987866E-7	1.09208032E+2	-5.74372171E+1	1.23391363E+2	-4.84186083E-1
5.74878498E+3	1.35890436E+2	1.03529645E-7	1.08000635E+2	-5.48827488E+1	1.21145587E+2	-4.70162714E-1
6.16423370E+3	1.32538103E+2	9.56552035E-8	1.06789904E+2	-5.24370809E+1	1.18969455E+2	-4.56446151E-1
6.60970574E+3	1.29370307E+2	8.83125116E-8	1.05597015E+2	-5.01037778E+1	1.16880787E+2	-4.43024800E-1
7.08737081E+3	1.26372088E+2	8.14530494E-8	1.04430233E+2	-4.78684947E+1	1.14878486E+2	-4.29798981E-1
7.59955541E+3	1.23523129E+2	7.50654811E-8	1.03277980E+2	-4.57261182E+1	1.12947860E+2	-4.16806814E-1
8.14875417E+3	1.20826213E+2	6.91086247E-8	1.02154414E+2	-4.36738643E+1	1.11098744E+2	-4.04009873E-1
8.73764200E+3	1.18275141E+2	6.35492536E-8	1.01065933E+2	-4.17044913E+1	1.09332463E+2	-3.91360668E-1
9.36908711E+3	1.15848617E+2	5.83517933E-8	1.00010925E+2	-3.97987699E+1	1.07638875E+2	-3.78732899E-1
1.00461650E+4	1.13552632E+2	5.35182341E-8	9.89867908E+1	-3.79713813E+1	1.06019860E+2	-3.66289423E-1
1.07721735E+4	1.11390310E+2	4.90139167E-8	9.80071719E+1	-3.62166174E+1	1.04484684E+2	-3.53966692E-1
1.15506485E+4	1.09342398E+2	4.48328640E-8	9.70574946E+1	-3.45303028E+1	1.03016985E+2	-3.41807298E-1
1.23853818E+4	1.07417753E+2	4.09358101E-8	9.61581382E+1	-3.29044585E+1	1.01632136E+2	-3.29701245E-1
1.32804389E+4	1.05597879E+2	3.73224884E-8	9.52918367E+1	-3.13381810E+1	1.00312591E+2	-3.17723970E-1
1.42401793E+4	1.03880861E+2	3.39765473E-8	9.44604408E+1	-2.98304681E+1	9.90587295E+1	-3.05887104E-1
1.52692775E+4	1.02278274E+2	3.08684118E-8	9.36831153E+1	-2.83764011E+1	9.78863995E+1	-2.94113111E-1
1.63727458E+4	1.00767555E+2	2.80174003E-8	9.29287318E+1	-2.69898162E+1	9.67688015E+1	-2.82659205E-1
1.75559587E+4	9.93526829E+1	2.53733931E-8	9.22215611E+1	-2.56445460E+1	9.57207369E+1	-2.71223116E-1
1.88246790E+4	9.80343219E+1	2.29548675E-8	9.15483985E+1	-2.43675054E+1	9.47358703E+1	-2.60139351E-1
2.01850863E+4	9.67932178E+1	2.07275749E-8	9.09073934E+1	-2.31314620E+1	9.38041529E+1	-2.49163276E-1
2.16438064E+4	9.56372286E+1	1.86812811E-8	9.03061889E+1	-2.19414164E+1	9.29334903E+1	-2.38348416E-1
2.32079442E+4	9.45567814E+1	1.68126191E-8	8.97345380E+1	-2.08019579E+1	9.21141090E+1	-2.27793057E-1
2.48851178E+4	9.35433067E+1	1.51065318E-8	8.91891182E+1	-1.97064525E+1	9.13402701E+1	-2.17457591E-1
2.66834962E+4	9.26105733E+1	1.35490993E-8	8.86855645E+1	-1.86572021E+1	9.06268225E+1	-2.07351067E-1
2.86118383E+4	9.17260559E+1	1.21276556E-8	8.81986572E+1	-1.76383172E+1	8.99450660E+1	-1.97380135E-1
3.06795364E+4	9.09167574E+1	1.08403143E-8	8.77495674E+1	-1.66709151E+1	8.93191252E+1	-1.87745421E-1
3.28966612E+4	9.01593278E+1	9.67150452E-9	8.73227148E+1	-1.57385104E+1	8.87296865E+1	-1.78319454E-1
3.52740116E+4	8.94534924E+1	8.61424453E-9	8.69183066E+1	-1.48443255E+1	8.81767888E+1	-1.69152814E-1
3.78231664E+4	8.87954540E+1	7.65626659E-9	8.65365857E+1	-1.39812269E+1	8.76587441E+1	-1.60180188E-1
4.05565415E+4	8.81841431E+1	6.78912975E-9	8.61783368E+1	-1.31475096E+1	8.71754712E+1	-1.51394286E-1
4.34874501E+4	8.76198298E+1	6.00933460E-9	8.58429823E+1	-1.23502970E+1	8.67268557E+1	-1.42890279E-1
4.66301673E+4	8.70901463E+1	5.30573758E-9	8.55226567E+1	-1.15782473E+1	8.63028428E+1	-1.34564088E-1
5.00000000E+4	8.65997133E+1	4.67320807E-9	8.52221375E+1	-1.08351234E+1	8.59081642E+1	-1.26461293E-1
5.36133611E+4	8.61445703E+1	4.10481958E-9	8.49393708E+1	-1.01177496E+1	8.55398480E+1	-1.18558678E-1
5.74878498E+4	8.57185851E+1	3.59248743E-9	8.46710052E+1	-9.41804792E+0	8.51931850E+1	-1.10775732E-1
6.16423370E+4	8.53234922E+1	3.13490069E-9	8.44174774E+1	-8.74548199E+0	8.48692758E+1	-1.03229746E-1
6.60970574E+4	8.49590608E+1	2.72388545E-9	8.41814936E+1	-8.09053347E+0	8.45693836E+1	-9.58139386E-2
7.08737081E+4	8.46166510E+1	2.35689045E-9	8.39544883E+1	-7.45597025E+0	8.42849194E+1	-8.85772820E-2
7.59955541E+4	8.42992449E+1	2.02751124E-9	8.37414803E+1	-6.83432520E+0	8.40198998E+1	-8.14317121E-2
8.14875417E+4	8.40024469E+1	1.73258040E-9	8.35385726E+1	-6.22505874E+0	8.37701886E+1	-7.43797108E-2
8.73764200E+4	8.37269661E+1	1.46994123E-9	8.33464555E+1	-5.63153209E+0	8.35364941E+1	-6.74652024E-2
9.36908711E+4	8.34715684E+1	1.23462394E-9	8.31654813E+1	-5.04537544E+0	8.33183843E+1	-6.05924398E-2
1.00461650E+5	8.32264841E+1	1.02312305E-9	8.29867391E+1	-4.46044608E+0	8.31065251E+1	-5.36972317E-2
1.07721735E+5	8.30057691E+1	8.37173060E-10	8.28225531E+1	-3.89542948E+0	8.29141105E+1	-4.69988028E-2
1.15506485E+5	8.27988249E+1	6.70182119E-10	8.26647559E+1	-3.32907543E+0	8.27317632E+1	-4.02502540E-2
1.23853818E+5	8.26045366E+1	5.20544353E-10	8.25121473E+1	-2.76101497E+0	8.25583291E+1	-3.34494417E-2
1.32804389E+5	8.24239277E+1	3.87344383E-10	8.23654674E+1	-2.19426003E+0	8.23946924E+1	-2.66342316E-2
1.42401793E+5	8.22609853E+1	2.68766193E-10	8.22288072E+1	-1.62662652E+0	8.22448947E+1	-1.97791318E-2
1.52692775E+5	8.21067035E+1	1.62616403E-10	8.20932324E+1	-1.05159558E+0	8.20999677E+1	-1.28090702E-2
1.63727458E+5	8.19632474E+1	6.84697292E-11	8.19605153E+1	-4.73177291E-1	8.19618814E+1	-5.77317016E-3
1.75559587E+5	8.18345567E+1	-1.59557579E-11	8.18343868E+1	1.17867362E-1	8.18344718E+1	1.44031624E-3
1.88246790E+5	8.16802554E+1	-8.91746187E-11	8.16675714E+1	7.04044113E-1	8.16739128E+1	8.61746490E-3
2.01850863E+5	8.16178896E+1	-1.57715885E-10	8.15961416E+1	1.33211226E+0	8.16070149E+1	1.63242282E-2
2.16438064E+5	8.15305441E+1	-2.17831268E-10	8.14830121E+1	1.96798283E+0	8.15067746E+1	2.41473637E-2
2.32079442E+5	8.14508220E+1	-2.71001063E-10	8.13665236E+1	2.61895929E+0	8.14086619E+1	3.21760761E-2
2.48851178E+5	8.13893356E+1	-3.18610350E-10	8.12557514E+1	3.29458703E+0	8.13225160E+1	4.05236997E-2
2.66834962E+5	8.13520393E+1	-3.60861447E-10	8.11554368E+1	3.99437767E+0	8.12536786E+1	4.91791687E-2
2.86118383E+5	8.13135538E+1	-3.99210847E-10	8.10375767E+1	4.72908703E+0	8.11754480E+1	5.82906094E-2
3.06795364E+5	8.13011585E+1	-4.32274777E-10	8.09297237E+1	5.48268601E+0	8.11152285E+1	6.76428975E-2
3.28966612E+5	8.13008728E+1	-4.62531054E-10	8.08126488E+1	6.28126058E+0	8.10563932E+1	7.75702709E-2
3.52740116E+5	8.13374496E+1	-4.88629023E-10	8.07111995E+1	7.10948788E+0	8.10237195E+1	8.78587493E-2
3.78231664E+5	8.13734646E+1	-5.11486638E-10	8.05850211E+1	7.97093202E+0	8.09782832E+1	9.85926193E-2
4.05565415E+5	8.14664357E+1	-5.30046674E-10	8.04917779E+1	8.85699943E+0	8.09776400E+1	1.09594937E-1
4.34874501E+5	8.15530341E+1	-5.53098782E-10	8.03326657E+1	9.90099078E+0	8.09405494E+1	1.22631376E-1
4.66301673E+5	8.16906080E+1	-5.65956399E-10	8.02185283E+1	1.08661673E+1	8.09512204E+1	1.34637516E-1
5.00000000E+5	8.18733883E+1	-5.82221929E-10	8.00774324E+1	1.19919968E+1	8.09704301E+1	1.48650243E-1
