Start time:20240908_11-45-45	sweep/start:500.000	sweep/stop:500000.000	sweep/samplecount:100.000	sweep/xmapping:1.000	sweep/scan:0.000	sweep/averaging/sample:10.000	sweep/settling/time:0.100	sweep/settling/inaccuracy:0.010	sweep/awgcontrol:0.000	sweep/averaging/time:0.100	sweep/averaging/tc:15.000	sweep/bandwidthcontrol:2.000	sweep/sincfilter:0.000	sweep/omegasuppression:80.000	sweep/maxbandwidth:100.000	sweep/bandwidth:1250000.000	sweep/order:8.000	sweep/bandwidthoverlap:1.000																				
Frequency	Param0		Param1		RealZ		ImagZ		AbsZ		PhaseZ		
5.00000000E+2	1.23708559E+3	7.03106314E-7	1.46108441E+2	-3.99249963E+2	4.25144989E+2	-1.21997690E+0
5.36133611E+2	1.10922223E+3	6.90430042E-7	1.44892052E+2	-3.73795785E+2	4.00895322E+2	-1.20100471E+0
5.74878498E+2	9.96575391E+2	6.77550416E-7	1.43421042E+2	-3.49799903E+2	3.78060329E+2	-1.18169151E+0
6.16423370E+2	8.97556130E+2	6.63085435E-7	1.42165126E+2	-3.27703603E+2	3.57212360E+2	-1.16147703E+0
6.60970574E+2	8.10087777E+2	6.47961386E-7	1.40833280E+2	-3.07006828E+2	3.37768005E+2	-1.14070616E+0
7.08737081E+2	7.32083163E+2	6.31840174E-7	1.39632678E+2	-2.87620103E+2	3.19722742E+2	-1.11883519E+0
7.59955541E+2	6.63193435E+2	6.14643834E-7	1.38498163E+2	-2.69572303E+2	3.03069282E+2	-1.09619356E+0
8.14875417E+2	6.02065594E+2	5.96419260E-7	1.37453975E+2	-2.52710572E+2	2.87673855E+2	-1.07263414E+0
8.73764200E+2	5.48591177E+2	5.77301671E-7	1.36360599E+2	-2.37090534E+2	2.73507141E+2	-1.04885568E+0
9.36908711E+2	5.00870471E+2	5.57363853E-7	1.35343396E+2	-2.22422135E+2	2.60364091E+2	-1.02415182E+0
1.00461650E+3	4.58916807E+2	5.36492472E-7	1.34374286E+2	-2.08830379E+2	2.48327583E+2	-9.99031402E-1
1.07721735E+3	4.21863835E+2	5.15019413E-7	1.33395257E+2	-1.96163963E+2	2.37222696E+2	-9.73606557E-1
1.15506485E+3	3.88944350E+2	4.92950784E-7	1.32464370E+2	-1.84321590E+2	2.26982954E+2	-9.47657005E-1
1.23853818E+3	3.59977830E+2	4.70500986E-7	1.31512931E+2	-1.73338038E+2	2.17581551E+2	-9.21745458E-1
1.32804389E+3	3.34132946E+2	4.47729953E-7	1.30606617E+2	-1.63039499E+2	2.08901818E+2	-8.95401167E-1
1.42401793E+3	3.11541886E+2	4.24795435E-7	1.29694896E+2	-1.53572838E+2	2.01010912E+2	-8.69493935E-1
1.52692775E+3	2.91347401E+2	4.02016834E-7	1.28759740E+2	-1.44688415E+2	1.93684825E+2	-8.43583583E-1
1.63727458E+3	2.73435309E+2	3.79374503E-7	1.27845074E+2	-1.36429432E+2	1.86968861E+2	-8.17869467E-1
1.75559587E+3	2.57529512E+2	3.57129969E-7	1.26909517E+2	-1.28751364E+2	1.80784243E+2	-7.92602300E-1
1.88246790E+3	2.43413023E+2	3.35394009E-7	1.25962583E+2	-1.21632058E+2	1.75102631E+2	-7.67909564E-1
2.01850863E+3	2.30740616E+2	3.14372511E-7	1.24970141E+2	-1.14970206E+2	1.69810735E+2	-7.43745512E-1
2.16438064E+3	2.19486920E+2	2.93969640E-7	1.24009056E+2	-1.08812303E+2	1.64979892E+2	-7.20218458E-1
2.32079442E+3	2.09351179E+2	2.74451555E-7	1.23005586E+2	-1.03058169E+2	1.60472312E+2	-6.97388089E-1
2.48851178E+3	2.00236789E+2	2.55889967E-7	1.21958041E+2	-9.77073187E+1	1.56270552E+2	-6.75444948E-1
2.66834962E+3	1.91999767E+2	2.38205705E-7	1.20909370E+2	-9.27118838E+1	1.52363284E+2	-6.54159271E-1
2.86118383E+3	1.84580630E+2	2.21482235E-7	1.19847141E+2	-8.80802001E+1	1.48732848E+2	-6.33791437E-1
3.06795364E+3	1.77767751E+2	2.05717843E-7	1.18753799E+2	-8.37145738E+1	1.45294857E+2	-6.14035248E-1
3.28966612E+3	1.71571571E+2	1.90931903E-7	1.17638041E+2	-7.96532094E+1	1.42068094E+2	-5.95193807E-1
3.52740116E+3	1.65891163E+2	1.77115085E-7	1.16491713E+2	-7.58592481E+1	1.39014192E+2	-5.77217408E-1
3.78231664E+3	1.60632136E+2	1.64175837E-7	1.15331311E+2	-7.22814139E+1	1.36109936E+2	-5.59841279E-1
4.05565415E+3	1.55751346E+2	1.52101854E-7	1.14151208E+2	-6.89108482E+1	1.33338682E+2	-5.43121283E-1
4.34874501E+3	1.51240307E+2	1.40884943E-7	1.12953335E+2	-6.57619958E+1	1.30702322E+2	-5.27232156E-1
4.66301673E+3	1.47019043E+2	1.30404530E-7	1.11757400E+2	-6.27753832E+1	1.28181379E+2	-5.11790058E-1
5.00000000E+3	1.43056530E+2	1.20668285E-7	1.10544822E+2	-5.99499809E+1	1.25754357E+2	-4.96922958E-1
5.36133611E+3	1.39334726E+2	1.11589212E-7	1.09339828E+2	-5.72681082E+1	1.23429473E+2	-4.82476451E-1
5.74878498E+3	1.35823918E+2	1.03137464E-7	1.08137153E+2	-5.47171600E+1	1.21192457E+2	-4.68434319E-1
6.16423370E+3	1.32519642E+2	9.52657588E-8	1.06949608E+2	-5.22944038E+1	1.19050089E+2	-4.54779117E-1
6.60970574E+3	1.29368985E+2	8.79368807E-8	1.05761306E+2	-4.99677762E+1	1.16971076E+2	-4.41372257E-1
7.08737081E+3	1.26399357E+2	8.10827743E-8	1.04609759E+2	-4.77431078E+1	1.14989592E+2	-4.28157183E-1
7.59955541E+3	1.23564897E+2	7.47374119E-8	1.03449413E+2	-4.56172645E+1	1.13060674E+2	-4.15312590E-1
8.14875417E+3	1.20891412E+2	6.87860533E-8	1.02339914E+2	-4.35724483E+1	1.11229567E+2	-4.02515904E-1
8.73764200E+3	1.18359884E+2	6.32378528E-8	1.01261472E+2	-4.16102172E+1	1.09477377E+2	-3.89883343E-1
9.36908711E+3	1.15950751E+2	5.80871371E-8	1.00199126E+2	-3.97278079E+1	1.07787587E+2	-3.77475622E-1
1.00461650E+4	1.13665630E+2	5.32652757E-8	9.91801794E+1	-3.79034195E+1	1.06176163E+2	-3.65039463E-1
1.07721735E+4	1.11523179E+2	4.87902274E-8	9.82036179E+1	-3.61666817E+1	1.04651706E+2	-3.52868459E-1
1.15506485E+4	1.09479685E+2	4.46220233E-8	9.72546907E+1	-3.44809781E+1	1.03186302E+2	-3.40716366E-1
1.23853818E+4	1.07558342E+2	4.07514766E-8	9.63485231E+1	-3.28641029E+1	1.01799250E+2	-3.28720667E-1
1.32804389E+4	1.05743027E+2	3.71593664E-8	9.54786840E+1	-3.13053636E+1	1.00479874E+2	-3.16832781E-1
1.42401793E+4	1.04041266E+2	3.38315225E-8	9.46531160E+1	-2.98096865E+1	9.92362333E+1	-3.05102720E-1
1.52692775E+4	1.02437521E+2	3.07458110E-8	9.38671292E+1	-2.83632985E+1	9.80587368E+1	-2.93441272E-1
1.63727458E+4	1.00926489E+2	2.79127557E-8	9.31066141E+1	-2.69829627E+1	9.69377303E+1	-2.82079545E-1
1.75559587E+4	9.95130929E+1	2.52906921E-8	9.23923240E+1	-2.56496364E+1	9.58866303E+1	-2.70797153E-1
1.88246790E+4	9.82119232E+1	2.28836321E-8	9.17299835E+1	-2.43841655E+1	9.49156365E+1	-2.59816874E-1
2.01850863E+4	9.69608722E+1	2.06641174E-8	9.10796272E+1	-2.31443545E+1	9.39742521E+1	-2.48844278E-1
2.16438064E+4	9.58011416E+1	1.86256653E-8	9.04737497E+1	-2.19542485E+1	9.30993475E+1	-2.38057420E-1
2.32079442E+4	9.47154978E+1	1.67716256E-8	8.98921612E+1	-2.08225802E+1	9.22723186E+1	-2.27625010E-1
2.48851178E+4	9.37110490E+1	1.50750575E-8	8.93514858E+1	-1.97365368E+1	9.15053077E+1	-2.17395721E-1
2.66834962E+4	9.27612531E+1	1.35173290E-8	8.88352885E+1	-1.86752142E+1	9.07770492E+1	-2.07205693E-1
2.86118383E+4	9.18622135E+1	1.21028321E-8	8.83334199E+1	-1.76552731E+1	9.00805384E+1	-1.97271370E-1
3.06795364E+4	9.10691265E+1	1.08287637E-8	8.78929007E+1	-1.67083091E+1	8.94669195E+1	-1.87857017E-1
3.28966612E+4	9.03029226E+1	9.66205297E-9	8.74584118E+1	-1.57726443E+1	8.88692871E+1	-1.78426611E-1
3.52740116E+4	8.95950576E+1	8.60605249E-9	8.70527492E+1	-1.48766531E+1	8.83147557E+1	-1.69257364E-1
3.78231664E+4	8.89393262E+1	7.64978997E-9	8.66733874E+1	-1.40141531E+1	8.77990471E+1	-1.60301891E-1
4.05565415E+4	8.83215372E+1	6.78691397E-9	8.63077682E+1	-1.31834670E+1	8.73088470E+1	-1.51577836E-1
4.34874501E+4	8.77507193E+1	6.01003320E-9	8.59655987E+1	-1.23878532E+1	8.68535728E+1	-1.43117241E-1
4.66301673E+4	8.72183517E+1	5.30820550E-9	8.56425748E+1	-1.16169511E+1	8.64268720E+1	-1.34821716E-1
5.00000000E+4	8.67266161E+1	4.67654941E-9	8.53410920E+1	-1.08739156E+1	8.60310649E+1	-1.26734215E-1
5.36133611E+4	8.62689195E+1	4.10669904E-9	8.50574485E+1	-1.01510852E+1	8.56610424E+1	-1.18782064E-1
5.74878498E+4	8.58408113E+1	3.59629610E-9	8.47865755E+1	-9.45436326E+0	8.53120650E+1	-1.11049040E-1
6.16423370E+4	8.54418444E+1	3.13944533E-9	8.45294689E+1	-8.78194335E+0	8.49844323E+1	-1.03520706E-1
6.60970574E+4	8.50663664E+1	2.72896577E-9	8.42829799E+1	-8.12564486E+0	8.46737672E+1	-9.61120408E-2
7.08737081E+4	8.47303179E+1	2.36084730E-9	8.40632803E+1	-7.48821131E+0	8.43961401E+1	-8.88437717E-2
7.59955541E+4	8.44037270E+1	2.03177091E-9	8.38415556E+1	-6.86536710E+0	8.41221717E+1	-8.17027290E-2
8.14875417E+4	8.41092651E+1	1.73693758E-9	8.36412929E+1	-6.25633289E+0	8.38749526E+1	-7.46605393E-2
8.73764200E+4	8.38270019E+1	1.47498556E-9	8.34425163E+1	-5.66412939E+0	8.36345381E+1	-6.77766463E-2
9.36908711E+4	8.35679693E+1	1.23884901E-9	8.32587231E+1	-5.07417064E+0	8.34132029E+1	-6.08693288E-2
1.00461650E+5	8.33378576E+1	1.03035713E-9	8.30937440E+1	-4.50379593E+0	8.32157113E+1	-5.41483936E-2
1.07721735E+5	8.30934377E+1	8.40935370E-10	8.29079893E+1	-3.92110905E+0	8.30006617E+1	-4.72594919E-2
1.15506485E+5	8.28894410E+1	6.74323371E-10	8.27532667E+1	-3.35690227E+0	8.28213258E+1	-4.05429697E-2
1.23853818E+5	8.26994884E+1	5.23858552E-10	8.26055974E+1	-2.78493846E+0	8.26525296E+1	-3.37009129E-2
1.32804389E+5	8.25114857E+1	3.90634814E-10	8.24518388E+1	-2.21757326E+0	8.24816569E+1	-2.68888943E-2
1.42401793E+5	8.23466060E+1	2.72529889E-10	8.23134174E+1	-1.65282083E+0	8.23300100E+1	-2.00769065E-2
1.52692775E+5	8.21903802E+1	1.65961806E-10	8.21763061E+1	-1.07540991E+0	8.21833428E+1	-1.30858720E-2
1.63727458E+5	8.20492564E+1	7.08611201E-11	8.20463206E+1	-4.90729903E-1	8.20477885E+1	-5.98106539E-3
1.75559587E+5	8.19209471E+1	-1.31591505E-11	8.19208302E+1	9.74138598E-2	8.19208887E+1	1.18912255E-3
1.88246790E+5	8.18633900E+1	-8.83586189E-11	8.18516976E+1	6.99832864E-1	8.18575434E+1	8.55224659E-3
2.01850863E+5	8.17028925E+1	-1.55983741E-10	8.16815526E+1	1.32023531E+0	8.16922219E+1	1.61617908E-2
2.16438064E+5	8.16098483E+1	-2.15507346E-10	8.15631886E+1	1.95079868E+0	8.15865151E+1	2.39130743E-2
2.32079442E+5	8.15374789E+1	-2.68789986E-10	8.14542841E+1	2.60315980E+0	8.14958709E+1	3.19476639E-2
2.48851178E+5	8.14708910E+1	-3.17229659E-10	8.13380617E+1	3.28692204E+0	8.14044493E+1	4.03886612E-2
2.66834962E+5	8.14314177E+1	-3.59619962E-10	8.12355899E+1	3.98845628E+0	8.13334449E+1	4.90579993E-2
2.86118383E+5	8.13889900E+1	-3.96763195E-10	8.11156148E+1	4.70898133E+0	8.12521874E+1	5.79876371E-2
3.06795364E+5	8.13748898E+1	-4.30376136E-10	8.10056957E+1	5.46868350E+0	8.11900829E+1	6.74075831E-2
3.28966612E+5	8.13821141E+1	-4.60834253E-10	8.08959927E+1	6.27092927E+0	8.11386893E+1	7.73637434E-2
3.52740116E+5	8.14013649E+1	-4.86934891E-10	8.07779499E+1	7.09626721E+0	8.10890583E+1	8.76241257E-2
3.78231664E+5	8.14645166E+1	-5.10483700E-10	8.06765099E+1	7.97324887E+0	8.10695558E+1	9.85099546E-2
4.05565415E+5	8.14884621E+1	-5.31615232E-10	8.05072935E+1	8.88730364E+0	8.09963916E+1	1.09946031E-1
4.34874501E+5	8.16316986E+1	-5.48368293E-10	8.04283762E+1	9.83744531E+0	8.10278031E+1	1.21708781E-1
4.66301673E+5	8.17560755E+1	-5.65623150E-10	8.02821609E+1	1.08771192E+1	8.10157645E+1	1.34665914E-1
5.00000000E+5	8.19514096E+1	-5.80662767E-10	8.01597881E+1	1.19835324E+1	8.10506471E+1	1.48396826E-1
