Start time:20240907_01-25-00	sweep/start:500.000	sweep/stop:500000.000	sweep/samplecount:100.000	sweep/xmapping:1.000	sweep/scan:0.000	sweep/averaging/sample:10.000	sweep/settling/time:0.100	sweep/settling/inaccuracy:0.010	sweep/awgcontrol:0.000	sweep/averaging/time:0.100	sweep/averaging/tc:15.000	sweep/bandwidthcontrol:2.000	sweep/sincfilter:0.000	sweep/omegasuppression:80.000	sweep/maxbandwidth:100.000	sweep/bandwidth:1250000.000	sweep/order:8.000	sweep/bandwidthoverlap:1.000																				
Frequency	Param0		Param1		RealZ		ImagZ		AbsZ		PhaseZ		
5.00000000E+2	1.14077156E+3	6.80130823E-7	1.64345676E+2	-4.00588200E+2	4.32990155E+2	-1.18147576E+0
5.36133611E+2	1.02915145E+3	6.65669813E-7	1.62692177E+2	-3.75454050E+2	4.09187673E+2	-1.16189871E+0
5.74878498E+2	9.30650430E+2	6.49875360E-7	1.61221851E+2	-3.52204881E+2	3.87351051E+2	-1.14151592E+0
6.16423370E+2	8.42960488E+2	6.33437040E-7	1.59742524E+2	-3.30361596E+2	3.66955708E+2	-1.12040447E+0
6.60970574E+2	7.65763694E+2	6.16116786E-7	1.58242254E+2	-3.10057017E+2	3.48103444E+2	-1.09889112E+0
7.08737081E+2	6.97623502E+2	5.97890277E-7	1.56770659E+2	-2.91186643E+2	3.30706433E+2	-1.07691401E+0
7.59955541E+2	6.36958562E+2	5.78848441E-7	1.55375721E+2	-2.73543753E+2	3.14591518E+2	-1.05423077E+0
8.14875417E+2	5.83382551E+2	5.59151246E-7	1.53952046E+2	-2.57121782E+2	2.99687951E+2	-1.03129534E+0
8.73764200E+2	5.35894927E+2	5.38509315E-7	1.52671563E+2	-2.41882725E+2	2.86034744E+2	-1.00776521E+0
9.36908711E+2	4.93834593E+2	5.17484240E-7	1.51337247E+2	-2.27667626E+2	2.73377995E+2	-9.84136441E-1
1.00461650E+3	4.56574631E+2	4.96090758E-7	1.49985819E+2	-2.14438630E+2	2.61686239E+2	-9.60449809E-1
1.07721735E+3	4.23343341E+2	4.74373114E-7	1.48670268E+2	-2.02078456E+2	2.50875581E+2	-9.36506515E-1
1.15506485E+3	3.94201637E+2	4.52623338E-7	1.47265603E+2	-1.90696520E+2	2.40940508E+2	-9.13205908E-1
1.23853818E+3	3.67987021E+2	4.30729535E-7	1.45943600E+2	-1.80016080E+2	2.31744114E+2	-8.89549634E-1
1.32804389E+3	3.44698259E+2	4.09131141E-7	1.44539544E+2	-1.70090675E+2	2.23209593E+2	-8.66430381E-1
1.42401793E+3	3.23966484E+2	3.87811981E-7	1.43115685E+2	-1.60880636E+2	2.15324595E+2	-8.43769841E-1
1.52692775E+3	3.05460613E+2	3.66899151E-7	1.41671854E+2	-1.52329410E+2	2.08026842E+2	-8.21632357E-1
1.63727458E+3	2.88809241E+2	3.46438912E-7	1.40236470E+2	-1.44344429E+2	2.01250056E+2	-7.99832276E-1
1.75559587E+3	2.73818069E+2	3.26681910E-7	1.38739987E+2	-1.36896755E+2	1.94908980E+2	-7.78711099E-1
1.88246790E+3	2.60336428E+2	3.07627791E-7	1.37214430E+2	-1.29977350E+2	1.89002415E+2	-7.58319060E-1
2.01850863E+3	2.48099333E+2	2.89411409E-7	1.35626447E+2	-1.23508275E+2	1.83436172E+2	-7.38668226E-1
2.16438064E+3	2.36973878E+2	2.71916788E-7	1.34043201E+2	-1.17461289E+2	1.78226642E+2	-7.19562549E-1
2.32079442E+3	2.26821495E+2	2.55299107E-7	1.32410503E+2	-1.11807880E+2	1.73301893E+2	-7.01235976E-1
2.48851178E+3	2.17502629E+2	2.39514483E-7	1.30751095E+2	-1.06502834E+2	1.68637793E+2	-6.83547961E-1
2.66834962E+3	2.08938543E+2	2.24546113E-7	1.29076480E+2	-1.01529857E+2	1.64222565E+2	-6.66508492E-1
2.86118383E+3	2.01017577E+2	2.10395057E-7	1.27380844E+2	-9.68499127E+1	1.60018084E+2	-6.50071846E-1
3.06795364E+3	1.93648685E+2	1.97091318E-7	1.25641525E+2	-9.24365810E+1	1.55981779E+2	-6.34297018E-1
3.28966612E+3	1.86791300E+2	1.84466578E-7	1.23929508E+2	-8.82634114E+1	1.52147802E+2	-6.18871419E-1
3.52740116E+3	1.80354736E+2	1.72614651E-7	1.22184935E+2	-8.43058238E+1	1.48447402E+2	-6.03973085E-1
3.78231664E+3	1.74328291E+2	1.61434957E-7	1.20450053E+2	-8.05582762E+1	1.44906355E+2	-5.89485431E-1
4.05565415E+3	1.68646947E+2	1.50877665E-7	1.18729924E+2	-7.69846929E+1	1.41504201E+2	-5.75250861E-1
4.34874501E+3	1.63262104E+2	1.40923877E-7	1.17016175E+2	-7.35630387E+1	1.38218329E+2	-5.61224753E-1
4.66301673E+3	1.58188523E+2	1.31549508E-7	1.15320844E+2	-7.03102790E+1	1.35064553E+2	-5.47516035E-1
5.00000000E+3	1.53407074E+2	1.22645368E-7	1.13687433E+2	-6.71983877E+1	1.32062320E+2	-5.33834985E-1
5.36133611E+3	1.48812525E+2	1.14296838E-7	1.12033442E+2	-6.41910189E+1	1.29120019E+2	-5.20302084E-1
5.74878498E+3	1.44500448E+2	1.06375156E-7	1.10451583E+2	-6.13249578E+1	1.26334093E+2	-5.06842261E-1
6.16423370E+3	1.40397064E+2	9.88698061E-8	1.08915796E+2	-5.85560163E+1	1.23658634E+2	-4.93293785E-1
6.60970574E+3	1.36519579E+2	9.17807796E-8	1.07429707E+2	-5.59027347E+1	1.21104328E+2	-4.79807111E-1
7.08737081E+3	1.32849883E+2	8.50787474E-8	1.05997135E+2	-5.33508574E+1	1.18666368E+2	-4.66302936E-1
7.59955541E+3	1.29367565E+2	7.87432394E-8	1.04615587E+2	-5.08865625E+1	1.16335135E+2	-4.52720449E-1
8.14875417E+3	1.26100213E+2	7.27855577E-8	1.03290290E+2	-4.85390861E+1	1.14126804E+2	-4.39302603E-1
8.73764200E+3	1.22977258E+2	6.71642983E-8	1.02002952E+2	-4.62540896E+1	1.12000193E+2	-4.25726160E-1
9.36908711E+3	1.20061533E+2	6.18461310E-8	1.00801605E+2	-4.40616753E+1	1.10010886E+2	-4.12085427E-1
1.00461650E+4	1.17324898E+2	5.68718180E-8	9.96480846E+1	-4.19697532E+1	1.08125858E+2	-3.98630399E-1
1.07721735E+4	1.14749095E+2	5.21864153E-8	9.85581406E+1	-3.99468402E+1	1.06345933E+2	-3.85077657E-1
1.15506485E+4	1.12321111E+2	4.78016000E-8	9.75146855E+1	-3.79979415E+1	1.04656379E+2	-3.71564215E-1
1.23853818E+4	1.10057225E+2	4.37185627E-8	9.65245064E+1	-3.61419242E+1	1.03069002E+2	-3.58273154E-1
1.32804389E+4	1.07929395E+2	3.99064052E-8	9.55832556E+1	-3.43523494E+1	1.01568907E+2	-3.45021795E-1
1.42401793E+4	1.05945997E+2	3.63563862E-8	9.46983021E+1	-3.26364400E+1	1.00164395E+2	-3.31888188E-1
1.52692775E+4	1.04101428E+2	3.30673352E-8	9.38636363E+1	-3.09992787E+1	9.88500808E+1	-3.18980790E-1
1.63727458E+4	1.02377520E+2	3.00088532E-8	9.30799832E+1	-2.94178969E+1	9.76181216E+1	-3.06115442E-1
1.75559587E+4	1.00757251E+2	2.71911560E-8	9.23251254E+1	-2.79015489E+1	9.64490838E+1	-2.93482797E-1
1.88246790E+4	9.92770646E+1	2.46027106E-8	9.16296457E+1	-2.64713044E+1	9.53767384E+1	-2.81237412E-1
2.01850863E+4	9.78736618E+1	2.22095706E-8	9.09603625E+1	-2.50765969E+1	9.43537160E+1	-2.69004880E-1
2.16438064E+4	9.65853396E+1	2.00204997E-8	9.03383403E+1	-2.37559124E+1	9.34096315E+1	-2.57144251E-1
2.32079442E+4	9.53897030E+1	1.80132158E-8	8.97549195E+1	-2.24888642E+1	9.25294282E+1	-2.45504307E-1
2.48851178E+4	9.42740731E+1	1.61800983E-8	8.92000364E+1	-2.12744324E+1	9.17019662E+1	-2.34128543E-1
2.66834962E+4	9.32376920E+1	1.45046369E-8	8.86787701E+1	-2.01066907E+1	9.09296641E+1	-2.22966406E-1
2.86118383E+4	9.22778197E+1	1.29816066E-8	8.81879190E+1	-1.89915521E+1	9.02096938E+1	-2.12113740E-1
3.06795364E+4	9.13922142E+1	1.15987355E-8	8.77291768E+1	-1.79263795E+1	8.95419662E+1	-2.01562931E-1
3.28966612E+4	9.05719225E+1	1.03465280E-8	8.72967216E+1	-1.69089972E+1	8.89192437E+1	-1.91326420E-1
3.52740116E+4	8.98079492E+1	9.20821845E-9	8.68890739E+1	-1.59253974E+1	8.83364564E+1	-1.81272272E-1
3.78231664E+4	8.91054828E+1	8.18252426E-9	8.65082167E+1	-1.49894893E+1	8.77972460E+1	-1.71568945E-1
4.05565415E+4	8.84519101E+1	7.25630732E-9	8.61474462E+1	-1.40898404E+1	8.72920739E+1	-1.62119531E-1
4.34874501E+4	8.78499178E+1	6.42021644E-9	8.58118563E+1	-1.32245876E+1	8.68249072E+1	-1.52908457E-1
4.66301673E+4	8.72884655E+1	5.66752123E-9	8.54924033E+1	-1.23915140E+1	8.63857667E+1	-1.43940465E-1
5.00000000E+4	8.67670681E+1	4.99398701E-9	8.51884205E+1	-1.15966559E+1	8.59741210E+1	-1.35297830E-1
5.36133611E+4	8.62853700E+1	4.38599297E-9	8.49054566E+1	-1.08241447E+1	8.55926325E+1	-1.26800694E-1
5.74878498E+4	8.58371118E+1	3.84042225E-9	8.46371121E+1	-1.00779185E+1	8.52350002E+1	-1.18514095E-1
6.16423370E+4	8.54239067E+1	3.35257870E-9	8.43856523E+1	-9.36021837E+0	8.49031924E+1	-1.10470331E-1
6.60970574E+4	8.50373034E+1	2.91581238E-9	8.41450444E+1	-8.66482054E+0	8.45899975E+1	-1.02613142E-1
7.08737081E+4	8.46822033E+1	2.52485829E-9	8.39214188E+1	-7.99037181E+0	8.43009528E+1	-9.49263857E-2
7.59955541E+4	8.43500847E+1	2.17469665E-9	8.37078829E+1	-7.33193565E+0	8.40283703E+1	-8.73665774E-2
8.14875417E+4	8.40379021E+1	1.86290190E-9	8.35014056E+1	-6.69314246E+0	8.37692244E+1	-7.99850357E-2
8.73764200E+4	8.37546570E+1	1.58343924E-9	8.33130019E+1	-6.06592772E+0	8.35335376E+1	-7.26806499E-2
9.36908711E+4	8.34850131E+1	1.33450013E-9	8.31274481E+1	-5.45191107E+0	8.33060388E+1	-6.54911713E-2
1.00461650E+5	8.32352801E+1	1.11441368E-9	8.29509056E+1	-4.85685571E+0	8.30929712E+1	-5.84841941E-2
1.07721735E+5	8.30023915E+1	9.15087404E-10	8.27836058E+1	-4.25579550E+0	8.28929265E+1	-5.13634567E-2
1.15506485E+5	8.27886922E+1	7.38203317E-10	8.26261421E+1	-3.66480390E+0	8.27073773E+1	-4.43249961E-2
1.23853818E+5	8.25909596E+1	5.80476180E-10	8.24761590E+1	-3.07704973E+0	8.25335393E+1	-3.72910622E-2
1.32804389E+5	8.24035090E+1	4.40171986E-10	8.23280847E+1	-2.49177291E+0	8.23657883E+1	-3.02571383E-2
1.42401793E+5	8.22317094E+1	3.14910256E-10	8.21875872E+1	-1.90426599E+0	8.22096453E+1	-2.31656087E-2
1.52692775E+5	8.20704578E+1	2.02919702E-10	8.20495113E+1	-1.31094771E+0	8.20599839E+1	-1.59761617E-2
1.63727458E+5	8.19289659E+1	1.04090626E-10	8.19226600E+1	-7.18711602E-1	8.19258129E+1	-8.77282373E-3
1.75559587E+5	8.17988453E+1	1.55233408E-11	8.17986841E+1	-1.14573641E-1	8.17987647E+1	-1.40067477E-3
1.88246790E+5	8.16763991E+1	-6.78778723E-11	8.16685176E+1	5.35519507E-1	8.16724581E+1	6.55705648E-3
2.01850863E+5	8.15703324E+1	-1.34137820E-10	8.15546262E+1	1.13172996E+0	8.15624789E+1	1.38760612E-2
2.16438064E+5	8.14812632E+1	-1.96786132E-10	8.14425380E+1	1.77589406E+0	8.14618983E+1	2.18020300E-2
2.32079442E+5	8.14001763E+1	-2.52225772E-10	8.13272796E+1	2.43482394E+0	8.13637198E+1	2.99296490E-2
2.48851178E+5	8.13324738E+1	-3.02015855E-10	8.12126723E+1	3.11915620E+0	8.12725509E+1	3.83883895E-2
2.66834962E+5	8.12898703E+1	-3.46732734E-10	8.11087406E+1	3.83284883E+0	8.11992550E+1	4.72205427E-2
2.86118383E+5	8.12527629E+1	-3.86113001E-10	8.09951165E+1	4.56811618E+0	8.11238374E+1	5.63402000E-2
3.06795364E+5	8.12373648E+1	-4.21401950E-10	8.08851279E+1	5.33764666E+0	8.10610550E+1	6.58949071E-2
3.28966612E+5	8.12369361E+1	-4.52985159E-10	8.07696403E+1	6.14352008E+0	8.10029512E+1	7.59160682E-2
3.52740116E+5	8.12639180E+1	-4.80996670E-10	8.06585690E+1	6.98755795E+0	8.09606777E+1	8.64155224E-2
3.78231664E+5	8.13199155E+1	-5.05349553E-10	8.05516146E+1	7.86684514E+0	8.09348533E+1	9.73534505E-2
4.05565415E+5	8.14347692E+1	-5.24795179E-10	8.04801866E+1	8.76450033E+0	8.09560703E+1	1.08475333E-1
4.34874501E+5	8.15263397E+1	-5.46394409E-10	8.03360649E+1	9.77830190E+0	8.09290135E+1	1.21120839E-1
4.66301673E+5	8.16375643E+1	-5.62360163E-10	8.01864397E+1	1.07860349E+1	8.09087463E+1	1.33707765E-1
NaN	NaN	NaN	NaN	NaN	NaN	NaN
