Start time:20240908_10-54-43	sweep/start:500.000	sweep/stop:500000.000	sweep/samplecount:100.000	sweep/xmapping:1.000	sweep/scan:0.000	sweep/averaging/sample:10.000	sweep/settling/time:0.100	sweep/settling/inaccuracy:0.010	sweep/awgcontrol:0.000	sweep/averaging/time:0.100	sweep/averaging/tc:15.000	sweep/bandwidthcontrol:2.000	sweep/sincfilter:0.000	sweep/omegasuppression:80.000	sweep/maxbandwidth:100.000	sweep/bandwidth:1250000.000	sweep/order:8.000	sweep/bandwidthoverlap:1.000																				
Frequency	Param0		Param1		RealZ		ImagZ		AbsZ		PhaseZ		
5.00000000E+2	1.23852935E+3	7.03573004E-7	1.45807259E+2	-3.99157577E+2	4.24954742E+2	-1.22056784E+0
5.36133611E+2	1.11151824E+3	6.91262000E-7	1.44367629E+2	-3.73664560E+2	4.00583600E+2	-1.20210687E+0
5.74878498E+2	9.99134560E+2	6.78138433E-7	1.42946278E+2	-3.49841242E+2	3.77918692E+2	-1.18289541E+0
6.16423370E+2	8.99376630E+2	6.63991836E-7	1.41641618E+2	-3.27607628E+2	3.56916117E+2	-1.16271547E+0
6.60970574E+2	8.11181397E+2	6.48797081E-7	1.40409695E+2	-3.06892194E+2	3.37487343E+2	-1.14170537E+0
7.08737081E+2	7.33290134E+2	6.32639524E-7	1.39204900E+2	-2.87575257E+2	3.19495761E+2	-1.11997841E+0
7.59955541E+2	6.63987776E+2	6.15495730E-7	1.38098277E+2	-2.69489139E+2	3.02812711E+2	-1.09724262E+0
8.14875417E+2	6.03202598E+2	5.97315520E-7	1.36994642E+2	-2.52721133E+2	2.87463924E+2	-1.07405538E+0
8.73764200E+2	5.49254290E+2	5.78318232E-7	1.35917457E+2	-2.37022527E+2	2.73227445E+2	-1.05013757E+0
9.36908711E+2	5.01579642E+2	5.58355192E-7	1.34904465E+2	-2.22409784E+2	2.60125601E+2	-1.02556861E+0
1.00461650E+3	4.59445173E+2	5.37603110E-7	1.33917356E+2	-2.08791323E+2	2.48047732E+2	-1.00049532E+0
1.07721735E+3	4.22162674E+2	5.16144758E-7	1.32962559E+2	-1.96093806E+2	2.36921558E+2	-9.74950257E-1
1.15506485E+3	3.89241217E+2	4.94132331E-7	1.32014059E+2	-1.84275870E+2	2.26683280E+2	-9.49152451E-1
1.23853818E+3	3.60103085E+2	4.71688891E-7	1.31079870E+2	-1.73263760E+2	2.17260820E+2	-9.23126761E-1
1.32804389E+3	3.34361929E+2	4.48975210E-7	1.30145238E+2	-1.63027077E+2	2.08603959E+2	-8.97090119E-1
1.42401793E+3	3.11523464E+2	4.26100826E-7	1.29231883E+2	-1.53485772E+2	2.00645863E+2	-8.70977005E-1
1.52692775E+3	2.91308467E+2	4.03302082E-7	1.28303248E+2	-1.44617073E+2	1.93328275E+2	-8.45102170E-1
1.63727458E+3	2.73376742E+2	3.80699117E-7	1.27372527E+2	-1.36370543E+2	1.86603017E+2	-8.19501538E-1
1.75559587E+3	2.57447092E+2	3.58442721E-7	1.26437921E+2	-1.28703249E+2	1.80419164E+2	-7.94276654E-1
1.88246790E+3	2.43219239E+2	3.36684384E-7	1.25492590E+2	-1.21547608E+2	1.74706072E+2	-7.69430528E-1
2.01850863E+3	2.30555811E+2	3.15568696E-7	1.24526925E+2	-1.14906269E+2	1.69441453E+2	-7.45238805E-1
2.16438064E+3	2.19220692E+2	2.95199663E-7	1.23539365E+2	-1.08721708E+2	1.64567265E+2	-7.21687086E-1
2.32079442E+3	2.09065934E+2	2.75628485E-7	1.22542405E+2	-1.02969902E+2	1.60060745E+2	-6.98823823E-1
2.48851178E+3	1.99922965E+2	2.56978192E-7	1.21512064E+2	-9.76108087E+1	1.55862285E+2	-6.76750738E-1
2.66834962E+3	1.91674501E+2	2.39245305E-7	1.20466681E+2	-9.26184060E+1	1.51955226E+2	-6.55443829E-1
2.86118383E+3	1.84185913E+2	2.22475683E-7	1.19394883E+2	-8.79529247E+1	1.48293140E+2	-6.34905936E-1
3.06795364E+3	1.77391267E+2	2.06674091E-7	1.18304054E+2	-8.36077518E+1	1.44865820E+2	-6.15221305E-1
3.28966612E+3	1.71163097E+2	1.91824603E-7	1.17189533E+2	-7.95307262E+1	1.41628116E+2	-5.96253229E-1
3.52740116E+3	1.65461950E+2	1.77924273E-7	1.16054046E+2	-7.57230920E+1	1.38573189E+2	-5.78117549E-1
3.78231664E+3	1.60194629E+2	1.64925751E-7	1.14898379E+2	-7.21419812E+1	1.35669094E+2	-5.60665069E-1
4.05565415E+3	1.55317525E+2	1.52803785E-7	1.13722798E+2	-6.87769454E+1	1.32902759E+2	-5.43924680E-1
4.34874501E+3	1.50789842E+2	1.41502409E-7	1.12537584E+2	-6.56110982E+1	1.30267127E+2	-5.27836895E-1
4.66301673E+3	1.46565280E+2	1.30982059E-7	1.11341460E+2	-6.26248450E+1	1.27745028E+2	-5.12357211E-1
5.00000000E+3	1.42630733E+2	1.21156760E-7	1.10162706E+2	-5.98060642E+1	1.25349860E+2	-4.97366920E-1
5.36133611E+3	1.38890253E+2	1.12034877E-7	1.08953913E+2	-5.71111285E+1	1.23014782E+2	-4.82801557E-1
5.74878498E+3	1.35391386E+2	1.03535822E-7	1.07763538E+2	-5.45644070E+1	1.20790127E+2	-4.68702432E-1
6.16423370E+3	1.32066315E+2	9.56124558E-8	1.06575278E+2	-5.21221072E+1	1.18638123E+2	-4.54860409E-1
6.60970574E+3	1.28925817E+2	8.82364530E-8	1.05400187E+2	-4.97956384E+1	1.16571031E+2	-4.41360437E-1
7.08737081E+3	1.25964358E+2	8.13579593E-8	1.04251880E+2	-4.75769548E+1	1.14595031E+2	-4.28134800E-1
7.59955541E+3	1.23142541E+2	7.49447356E-8	1.03117748E+2	-4.54412964E+1	1.12686208E+2	-4.15071298E-1
8.14875417E+3	1.20475064E+2	6.89720769E-8	1.02010897E+2	-4.33998383E+1	1.10859232E+2	-4.02245946E-1
8.73764200E+3	1.17951135E+2	6.33891190E-8	1.00942951E+2	-4.14349621E+1	1.09116157E+2	-3.89507232E-1
9.36908711E+3	1.15546952E+2	5.82070515E-8	9.98888381E+1	-3.95483341E+1	1.07433006E+2	-3.76987186E-1
1.00461650E+4	1.13287849E+2	5.33667356E-8	9.88864374E+1	-3.77373046E+1	1.05842486E+2	-3.64564151E-1
1.07721735E+4	1.11138717E+2	4.88625458E-8	9.79111081E+1	-3.59879110E+1	1.04315459E+2	-3.52229367E-1
1.15506485E+4	1.09118233E+2	4.46729061E-8	9.69804403E+1	-3.43093045E+1	1.02870473E+2	-3.40034332E-1
1.23853818E+4	1.07204902E+2	4.07924038E-8	9.60776280E+1	-3.26968174E+1	1.01488879E+2	-3.28022323E-1
1.32804389E+4	1.05404783E+2	3.71823336E-8	9.52209545E+1	-3.11402271E+1	1.00183552E+2	-3.16067995E-1
1.42401793E+4	1.03709037E+2	3.38425171E-8	9.43996773E+1	-2.96445664E+1	9.89449321E+1	-3.04280407E-1
1.52692775E+4	1.02117569E+2	3.07505965E-8	9.36203698E+1	-2.82047732E+1	9.77767072E+1	-2.92619239E-1
1.63727458E+4	1.00632105E+2	2.78882476E-8	9.28895196E+1	-2.68179695E+1	9.66833375E+1	-2.81065431E-1
1.75559587E+4	9.92180639E+1	2.52727220E-8	9.21667685E+1	-2.54930343E+1	9.56274454E+1	-2.69850148E-1
1.88246790E+4	9.79142093E+1	2.28482665E-8	9.15070228E+1	-2.42136793E+1	9.46564196E+1	-2.58681357E-1
2.01850863E+4	9.66802665E+1	2.06293864E-8	9.08662964E+1	-2.29846291E+1	9.37282119E+1	-2.47753171E-1
2.16438064E+4	9.55388952E+1	1.85941728E-8	9.02703996E+1	-2.18080052E+1	9.28672937E+1	-2.37043440E-1
2.32079442E+4	9.44658361E+1	1.67275088E-8	8.97031388E+1	-2.06695091E+1	9.20536908E+1	-2.26468442E-1
2.48851178E+4	9.34664991E+1	1.50257392E-8	8.91668889E+1	-1.95800998E+1	9.12913842E+1	-2.16158572E-1
2.66834962E+4	9.25369858E+1	1.34799681E-8	8.86592505E+1	-1.85417565E+1	9.05773691E+1	-2.06163622E-1
2.86118383E+4	9.16597766E+1	1.20697818E-8	8.81720671E+1	-1.75361690E+1	8.98990096E+1	-1.96323967E-1
3.06795364E+4	9.08610009E+1	1.07788988E-8	8.77339917E+1	-1.65633603E+1	8.92838076E+1	-1.86594509E-1
3.28966612E+4	9.01073956E+1	9.61880076E-9	8.73054008E+1	-1.56406272E+1	8.86953341E+1	-1.77267990E-1
3.52740116E+4	8.94080710E+1	8.56335411E-9	8.69056588E+1	-1.47469910E+1	8.81479853E+1	-1.68088508E-1
3.78231664E+4	8.87604483E+1	7.61052864E-9	8.65304070E+1	-1.38912333E+1	8.76383347E+1	-1.59177703E-1
4.05565415E+4	8.81525304E+1	6.74836958E-9	8.61722962E+1	-1.30629749E+1	8.71567895E+1	-1.50445917E-1
4.34874501E+4	8.75897122E+1	5.97150856E-9	8.58365017E+1	-1.22674130E+1	8.67086760E+1	-1.41954773E-1
4.66301673E+4	8.70659856E+1	5.27231782E-9	8.55191038E+1	-1.15016483E+1	8.62890784E+1	-1.33689936E-1
5.00000000E+4	8.65784735E+1	4.64397813E-9	8.52187974E+1	-1.07642893E+1	8.58959452E+1	-1.25648132E-1
5.36133611E+4	8.61255662E+1	4.07533118E-9	8.49381613E+1	-1.00427061E+1	8.55298032E+1	-1.17689114E-1
5.74878498E+4	8.57036177E+1	3.56854975E-9	8.46703211E+1	-9.35358403E+0	8.51854027E+1	-1.10024510E-1
6.16423370E+4	8.53113545E+1	3.11260042E-9	8.44184278E+1	-8.68213278E+0	8.48637168E+1	-1.02486086E-1
6.60970574E+4	8.49464189E+1	2.70433273E-9	8.41802143E+1	-8.03114015E+0	8.45624488E+1	-9.51162481E-2
7.08737081E+4	8.46094522E+1	2.33793176E-9	8.39579831E+1	-7.39567370E+0	8.42830882E+1	-8.78610123E-2
7.59955541E+4	8.42966754E+1	2.01109402E-9	8.37478977E+1	-6.77929864E+0	8.40218385E+1	-8.07727634E-2
8.14875417E+4	8.39998105E+1	1.71805294E-9	8.35436834E+1	-6.17304664E+0	8.37714365E+1	-7.37560111E-2
8.73764200E+4	8.37226646E+1	1.45647541E-9	8.33491201E+1	-5.57983432E+0	8.35356836E+1	-6.68455906E-2
9.36908711E+4	8.34671173E+1	1.22364943E-9	8.31664752E+1	-5.00031993E+0	8.33166606E+1	-6.00519390E-2
1.00461650E+5	8.32297938E+1	1.01649980E-9	8.29931058E+1	-4.43208737E+0	8.31113656E+1	-5.33523986E-2
1.07721735E+5	8.30082708E+1	8.28474638E-10	8.28288179E+1	-3.85536242E+0	8.29184958E+1	-4.65125791E-2
1.15506485E+5	8.28053847E+1	6.62561925E-10	8.26743110E+1	-3.29186391E+0	8.27398219E+1	-3.97962301E-2
1.23853818E+5	8.26168785E+1	5.13580020E-10	8.25269018E+1	-2.72496962E+0	8.25718779E+1	-3.30071774E-2
1.32804389E+5	8.24356899E+1	3.80945976E-10	8.23791202E+1	-2.15867920E+0	8.24074002E+1	-2.61982075E-2
1.42401793E+5	8.22677148E+1	2.63129629E-10	8.22368644E+1	-1.59279933E+0	8.22522882E+1	-1.93660130E-2
1.52692775E+5	8.21188679E+1	1.57536084E-10	8.21062194E+1	-1.01905465E+0	8.21125434E+1	-1.24107803E-2
1.63727458E+5	8.19764952E+1	6.38014546E-11	8.19741217E+1	-4.41060139E-1	8.19753084E+1	-5.38042999E-3
1.75559587E+5	8.18523954E+1	-1.98518194E-11	8.18521321E+1	1.46712314E-1	8.18522637E+1	1.79240391E-3
1.88246790E+5	8.18563841E+1	-1.01533008E-10	8.18412930E+1	8.04184516E-1	8.18488378E+1	9.82747959E-3
2.01850863E+5	8.16376495E+1	-1.61242205E-10	8.16149017E+1	1.36253993E+0	8.16262748E+1	1.66931921E-2
2.16438064E+5	8.15502184E+1	-2.20381584E-10	8.15015327E+1	1.99195594E+0	8.15258720E+1	2.44358522E-2
2.32079442E+5	8.14742824E+1	-2.73563557E-10	8.13883098E+1	2.64519286E+0	8.14312847E+1	3.24894582E-2
2.48851178E+5	8.14170519E+1	-3.20635007E-10	8.12816289E+1	3.31770959E+0	8.13493122E+1	4.07948089E-2
2.66834962E+5	8.13670455E+1	-3.62999791E-10	8.11680005E+1	4.01941194E+0	8.12674621E+1	4.94792342E-2
2.86118383E+5	8.13288203E+1	-4.00087869E-10	8.10514749E+1	4.74118307E+0	8.11900292E+1	5.84293433E-2
3.06795364E+5	8.13209293E+1	-4.33675733E-10	8.09468233E+1	5.50295295E+0	8.11336607E+1	6.78778893E-2
3.28966612E+5	8.13247433E+1	-4.62537679E-10	8.08360753E+1	6.28502013E+0	8.10800411E+1	7.75940882E-2
3.52740116E+5	8.13564297E+1	-4.89696950E-10	8.07270227E+1	7.12808321E+0	8.10411151E+1	8.80702043E-2
3.78231664E+5	8.14034642E+1	-5.13570581E-10	8.06077720E+1	8.00862654E+0	8.10046411E+1	9.90280033E-2
4.05565415E+5	8.15265595E+1	-5.35805532E-10	8.05287135E+1	8.96389904E+0	8.10261001E+1	1.10856805E-1
4.34874501E+5	8.15672447E+1	-5.52852215E-10	8.03472998E+1	9.90007711E+0	8.09549736E+1	1.22598239E-1
4.66301673E+5	8.17403941E+1	-5.67149107E-10	8.02595145E+1	1.09013658E+1	8.09965683E+1	1.34999641E-1
5.00000000E+5	8.19026886E+1	-5.82071349E-10	8.01057202E+1	1.19974294E+1	8.09992201E+1	1.48664818E-1
