Start time:20240905_15-41-34	sweep/start:500.000	sweep/stop:500000.000	sweep/samplecount:100.000	sweep/xmapping:1.000	sweep/scan:0.000	sweep/averaging/sample:10.000	sweep/settling/time:0.100	sweep/settling/inaccuracy:0.010	sweep/awgcontrol:0.000	sweep/averaging/time:0.100	sweep/averaging/tc:15.000	sweep/bandwidthcontrol:2.000	sweep/sincfilter:0.000	sweep/omegasuppression:80.000	sweep/maxbandwidth:100.000	sweep/bandwidth:1250000.000	sweep/order:8.000	sweep/bandwidthoverlap:1.000																				
Frequency	Param0		Param1		RealZ		ImagZ		AbsZ		PhaseZ		
5.00000000E+2	1.12177493E+3	6.61838140E-7	1.74183311E+2	-4.06269073E+2	4.42034386E+2	-1.16576314E+0
5.36133611E+2	1.01368013E+3	6.46526452E-7	1.72572450E+2	-3.80988123E+2	4.18250177E+2	-1.14548345E+0
5.74878498E+2	9.17979140E+2	6.30405645E-7	1.70966287E+2	-3.57370923E+2	3.96160895E+2	-1.12457745E+0
6.16423370E+2	8.33370569E+2	6.13335196E-7	1.69414137E+2	-3.35385691E+2	3.75745553E+2	-1.10305134E+0
6.60970574E+2	7.58497877E+2	5.95382290E-7	1.67905030E+2	-3.14902324E+2	3.56869136E+2	-1.08094500E+0
7.08737081E+2	6.92181057E+2	5.76587090E-7	1.66444357E+2	-2.95813931E+2	3.39425414E+2	-1.05828098E+0
7.59955541E+2	6.33619516E+2	5.57033049E-7	1.64994771E+2	-2.78065818E+2	3.23332464E+2	-1.03526912E+0
8.14875417E+2	5.81677771E+2	5.36769077E-7	1.63597767E+2	-2.61528078E+2	3.08482042E+2	-1.01180469E+0
8.73764200E+2	5.35843650E+2	5.15968192E-7	1.62183468E+2	-2.46173703E+2	2.94796494E+2	-9.88247679E-1
9.36908711E+2	4.95057590E+2	4.94761936E-7	1.60784241E+2	-2.31831578E+2	2.82130208E+2	-9.64419783E-1
1.00461650E+3	4.59014760E+2	4.73210862E-7	1.59388464E+2	-2.18533673E+2	2.70484107E+2	-9.40639960E-1
1.07721735E+3	4.26955994E+2	4.51515185E-7	1.57987814E+2	-2.06139977E+2	2.59718773E+2	-9.16875057E-1
1.15506485E+3	3.98532573E+2	4.29877098E-7	1.56537370E+2	-1.94631163E+2	2.49770373E+2	-8.93452890E-1
1.23853818E+3	3.73290275E+2	4.08306579E-7	1.55095609E+2	-1.83959322E+2	2.40615214E+2	-8.70323312E-1
1.32804389E+3	3.50738132E+2	3.87029048E-7	1.53628177E+2	-1.74016211E+2	2.32127679E+2	-8.47544135E-1
1.42401793E+3	3.30630923E+2	3.66156177E-7	1.52132889E+2	-1.64789016E+2	2.24276251E+2	-8.25311483E-1
1.52692775E+3	3.12600636E+2	3.45811341E-7	1.50606622E+2	-1.56196574E+2	2.16978628E+2	-8.03616136E-1
1.63727458E+3	2.96415268E+2	3.26120830E-7	1.49033308E+2	-1.48205329E+2	2.10180273E+2	-7.82612602E-1
1.75559587E+3	2.81850472E+2	3.07138936E-7	1.47424079E+2	-1.40775304E+2	2.03841963E+2	-7.62332200E-1
1.88246790E+3	2.68693532E+2	2.88916739E-7	1.45784149E+2	-1.33859025E+2	1.97917299E+2	-7.42779915E-1
2.01850863E+3	2.56739091E+2	2.71532852E-7	1.44096425E+2	-1.27402531E+2	1.92341324E+2	-7.23987602E-1
2.16438064E+3	2.45848779E+2	2.55017824E-7	1.42360148E+2	-1.21378151E+2	1.87080379E+2	-7.06009248E-1
2.32079442E+3	2.35892240E+2	2.39360624E-7	1.40587760E+2	-1.15752506E+2	1.82108653E+2	-6.88815666E-1
2.48851178E+3	2.26739011E+2	2.24550542E-7	1.38784164E+2	-1.10484114E+2	1.77391612E+2	-6.72349719E-1
2.66834962E+3	2.18282937E+2	2.10586652E-7	1.36945062E+2	-1.05540608E+2	1.72895258E+2	-6.56604501E-1
2.86118383E+3	2.10432925E+2	1.97432625E-7	1.35079172E+2	-1.00889651E+2	1.68597464E+2	-6.41509486E-1
3.06795364E+3	2.03111988E+2	1.85074564E-7	1.33181578E+2	-9.65061743E+1	1.64471197E+2	-6.27059754E-1
3.28966612E+3	1.96251646E+2	1.73447025E-7	1.31270150E+2	-9.23587025E+1	1.60505398E+2	-6.13122828E-1
3.52740116E+3	1.89808437E+2	1.62538945E-7	1.29338152E+2	-8.84370617E+1	1.56682711E+2	-5.99747533E-1
3.78231664E+3	1.83724154E+2	1.52263071E-7	1.27411516E+2	-8.47046517E+1	1.52998604E+2	-5.86717220E-1
4.05565415E+3	1.77964588E+2	1.42594789E-7	1.25488621E+2	-8.11488491E+1	1.49440725E+2	-5.74025776E-1
4.34874501E+3	1.72468253E+2	1.33512983E-7	1.23556069E+2	-7.77392846E+1	1.45977735E+2	-5.61601122E-1
4.66301673E+3	1.67281939E+2	1.24922340E-7	1.21671756E+2	-7.44947681E+1	1.42665648E+2	-5.49385581E-1
5.00000000E+3	1.62321263E+2	1.16833074E-7	1.19797623E+2	-7.13738759E+1	1.39447844E+2	-5.37316001E-1
5.36133611E+3	1.57596959E+2	1.09211593E-7	1.17948154E+2	-6.83849626E+1	1.36338807E+2	-5.25425389E-1
5.74878498E+3	1.53070032E+2	1.01994671E-7	1.16136817E+2	-6.54927919E+1	1.33330665E+2	-5.13473496E-1
6.16423370E+3	1.48769142E+2	9.51521041E-8	1.14385527E+2	-6.27135355E+1	1.30449364E+2	-5.01509878E-1
6.60970574E+3	1.44653678E+2	8.86888118E-8	1.12669970E+2	-6.00300192E+1	1.27664112E+2	-4.89538270E-1
7.08737081E+3	1.40750250E+2	8.25531569E-8	1.11025483E+2	-5.74474226E+1	1.25007458E+2	-4.77490675E-1
7.59955541E+3	1.37012607E+2	7.67686530E-8	1.09413454E+2	-5.49519652E+1	1.22437832E+2	-4.65439111E-1
8.14875417E+3	1.33463938E+2	7.12747526E-8	1.07874522E+2	-5.25399441E+1	1.19988993E+2	-4.53231485E-1
8.73764200E+3	1.30094885E+2	6.60939909E-8	1.06387518E+2	-5.02211879E+1	1.17645535E+2	-4.41046032E-1
9.36908711E+3	1.26890427E+2	6.11724460E-8	1.04972509E+2	-4.79664332E+1	1.15412333E+2	-4.28612546E-1
1.00461650E+4	1.23855028E+2	5.65431897E-8	1.03608769E+2	-4.58005435E+1	1.13280479E+2	-4.16225387E-1
1.07721735E+4	1.20991926E+2	5.21701948E-8	1.02316526E+2	-4.37127202E+1	1.11263083E+2	-4.03758216E-1
1.15506485E+4	1.18284563E+2	4.80561568E-8	1.01081751E+2	-4.17000034E+1	1.09345374E+2	-3.91267548E-1
1.23853818E+4	1.15736876E+2	4.41886966E-8	9.99113139E+1	-3.97637073E+1	1.07533359E+2	-3.78772450E-1
1.32804389E+4	1.13326486E+2	4.05709371E-8	9.87861748E+1	-3.78996255E+1	1.05806853E+2	-3.66335316E-1
1.42401793E+4	1.11054877E+2	3.71667456E-8	9.77262250E+1	-3.60909758E+1	1.04177607E+2	-3.53770196E-1
1.52692775E+4	1.08942378E+2	3.40051782E-8	9.67239546E+1	-3.43775052E+1	1.02651534E+2	-3.41493968E-1
1.63727458E+4	1.06943889E+2	3.10460838E-8	9.57710608E+1	-3.27113466E+1	1.01203407E+2	-3.29134161E-1
1.75559587E+4	1.05072810E+2	2.82999508E-8	9.48663902E+1	-3.11166495E+1	9.98392618E+1	-3.16947397E-1
1.88246790E+4	1.03324012E+2	2.57428735E-8	9.40184093E+1	-2.95786660E+1	9.85614490E+1	-3.04801486E-1
2.01850863E+4	1.01679796E+2	2.33764068E-8	9.32093614E+1	-2.80984562E+1	9.73524976E+1	-2.92791381E-1
2.16438064E+4	1.00157966E+2	2.11903378E-8	9.24558802E+1	-2.66852588E+1	9.62298960E+1	-2.80990423E-1
2.32079442E+4	9.87268776E+1	1.91780230E-8	9.17342068E+1	-2.53271932E+1	9.51663374E+1	-2.69382292E-1
2.48851178E+4	9.73903066E+1	1.73251086E-8	9.10528222E+1	-2.40217338E+1	9.41682650E+1	-2.57944731E-1
2.66834962E+4	9.61463339E+1	1.56216954E-8	9.04131119E+1	-2.27674736E+1	9.32356649E+1	-2.46687176E-1
2.86118383E+4	9.49828291E+1	1.40648538E-8	8.98031304E+1	-2.15673730E+1	9.23566744E+1	-2.35698959E-1
3.06795364E+4	9.39080238E+1	1.26341974E-8	8.92401573E+1	-2.04098278E+1	9.15443434E+1	-2.24839782E-1
3.28966612E+4	9.29024034E+1	1.13285597E-8	8.87046853E+1	-1.92965598E+1	9.07792843E+1	-2.14199895E-1
3.52740116E+4	9.19661583E+1	1.01386271E-8	8.81995519E+1	-1.82267100E+1	9.00631664E+1	-2.03784503E-1
3.78231664E+4	9.10988950E+1	9.06113512E-9	8.77230632E+1	-1.72086680E+1	8.93950453E+1	-1.93710550E-1
4.05565415E+4	9.02890788E+1	8.07823682E-9	8.72741917E+1	-1.62210296E+1	8.87688367E+1	-1.83765929E-1
4.34874501E+4	8.95389318E+1	7.18666893E-9	8.68538600E+1	-1.52711758E+1	8.81861772E+1	-1.74047111E-1
4.66301673E+4	8.88391974E+1	6.38170078E-9	8.64538041E+1	-1.43605812E+1	8.76383853E+1	-1.64604077E-1
5.00000000E+4	8.81877235E+1	5.65310160E-9	8.60763096E+1	-1.34811959E+1	8.71256208E+1	-1.55357047E-1
5.36133611E+4	8.75852000E+1	4.99447784E-9	8.57237612E+1	-1.26320820E+1	8.66494822E+1	-1.46305089E-1
5.74878498E+4	8.70216535E+1	4.40157836E-9	8.53871863E+1	-1.18136581E+1	8.62005460E+1	-1.37481213E-1
6.16423370E+4	8.65022766E+1	3.86703361E-9	8.50742793E+1	-1.10220589E+1	8.57853066E+1	-1.28840387E-1
6.60970574E+4	8.60147819E+1	3.38593146E-9	8.47745803E+1	-1.02536597E+1	8.53924296E+1	-1.20367359E-1
7.08737081E+4	8.55626937E+1	2.95360093E-9	8.44926010E+1	-9.50867415E+0	8.50259639E+1	-1.12067023E-1
7.59955541E+4	8.51460732E+1	2.56616268E-9	8.42292263E+1	-8.78778996E+0	8.46864090E+1	-1.03955736E-1
8.14875417E+4	8.47517134E+1	2.21722237E-9	8.39743847E+1	-8.07933560E+0	8.43621537E+1	-9.59166750E-2
8.73764200E+4	8.43876967E+1	1.90577100E-9	8.37349343E+1	-7.39316914E+0	8.40606819E+1	-8.80641664E-2
9.36908711E+4	8.40473766E+1	1.62539470E-9	8.35073120E+1	-6.71559709E+0	8.37769091E+1	-8.02465767E-2
1.00461650E+5	8.37261959E+1	1.37640377E-9	8.32854941E+1	-6.05838313E+0	8.35055543E+1	-7.26144601E-2
1.07721735E+5	8.34439812E+1	1.15113491E-9	8.30927664E+1	-5.40216265E+0	8.32681886E+1	-6.49222661E-2
1.15506485E+5	8.31752894E+1	9.50106377E-10	8.29025962E+1	-4.75467584E+0	8.30388309E+1	-5.72897972E-2
1.23853818E+5	8.29204392E+1	7.71282190E-10	8.27155511E+1	-4.11671998E+0	8.28179318E+1	-4.97285688E-2
1.32804389E+5	8.26886120E+1	6.10615337E-10	8.25420907E+1	-3.47761035E+0	8.26153188E+1	-4.21064667E-2
1.42401793E+5	8.24697317E+1	4.68091463E-10	8.23714621E+1	-2.84509925E+0	8.24205823E+1	-3.45261395E-2
1.52692775E+5	8.22693521E+1	3.40306346E-10	8.22100405E+1	-2.20816422E+0	8.22396909E+1	-2.68535733E-2
1.63727458E+5	8.20814562E+1	2.26407963E-10	8.20514666E+1	-1.56864410E+0	8.20664600E+1	-1.91154798E-2
1.75559587E+5	8.19146130E+1	1.24339341E-10	8.19042742E+1	-9.20197065E-1	8.19094435E+1	-1.12345594E-2
1.88246790E+5	8.17738820E+1	3.33750310E-11	8.17702201E+1	-2.63899162E-1	8.17720510E+1	-3.22763321E-3
2.01850863E+5	8.16245967E+1	-4.72278310E-11	8.16226448E+1	3.99061607E-1	8.16236207E+1	4.88906649E-3
2.16438064E+5	8.15088546E+1	-1.19698569E-10	8.14945079E+1	1.08127356E+0	8.15016809E+1	1.32672761E-2
2.32079442E+5	8.14003275E+1	-1.84023865E-10	8.13615065E+1	1.77719802E+0	8.13809147E+1	2.18397559E-2
2.48851178E+5	8.13132527E+1	-2.41307050E-10	8.12367856E+1	2.49231813E+0	8.12750101E+1	3.06700596E-2
2.66834962E+5	8.12357125E+1	-2.92473379E-10	8.11070079E+1	3.23082407E+0	8.11713347E+1	3.98130879E-2
2.86118383E+5	8.11877013E+1	-3.38363210E-10	8.09901636E+1	3.99973706E+0	8.10888723E+1	4.93453651E-2
3.06795364E+5	8.11363159E+1	-3.79697958E-10	8.08511722E+1	4.80140199E+0	8.09936185E+1	5.93160472E-2
3.28966612E+5	8.11327918E+1	-4.14265325E-10	8.07430916E+1	5.60934223E+0	8.09377071E+1	6.93600449E-2
3.52740116E+5	8.11299407E+1	-4.46669298E-10	8.06099325E+1	6.47426568E+0	8.08695185E+1	8.01439381E-2
3.78231664E+5	8.11767373E+1	-4.76017446E-10	8.04978855E+1	7.39224588E+0	8.08365987E+1	9.15747357E-2
4.05565415E+5	8.12495169E+1	-4.98581725E-10	8.03928210E+1	8.29878099E+0	8.08200337E+1	1.02863614E-1
4.34874501E+5	8.13063481E+1	-5.25149043E-10	8.02144672E+1	9.35845329E+0	8.07585620E+1	1.16142739E-1
4.66301673E+5	8.14475176E+1	-5.42974979E-10	8.01025256E+1	1.03788868E+1	8.07722205E+1	1.28852073E-1
5.00000000E+5	8.15965803E+1	-5.60600572E-10	7.99454810E+1	1.14886651E+1	8.07668105E+1	1.42728938E-1
