Start time:20240905_22-10-44	sweep/start:500.000	sweep/stop:500000.000	sweep/samplecount:100.000	sweep/xmapping:1.000	sweep/scan:0.000	sweep/averaging/sample:10.000	sweep/settling/time:0.100	sweep/settling/inaccuracy:0.010	sweep/awgcontrol:0.000	sweep/averaging/time:0.100	sweep/averaging/tc:15.000	sweep/bandwidthcontrol:2.000	sweep/sincfilter:0.000	sweep/omegasuppression:80.000	sweep/maxbandwidth:100.000	sweep/bandwidth:1250000.000	sweep/order:8.000	sweep/bandwidthoverlap:1.000																				
Frequency	Param0		Param1		RealZ		ImagZ		AbsZ		PhaseZ		
5.00000000E+2	1.13840252E+3	6.64874848E-7	1.71080517E+2	-4.06804041E+2	4.41314099E+2	-1.17270277E+0
5.36133611E+2	1.02864568E+3	6.49982156E-7	1.69388361E+2	-3.81507328E+2	4.17421029E+2	-1.15294501E+0
5.74878498E+2	9.30764416E+2	6.34120959E-7	1.67856247E+2	-3.57852634E+2	3.95264845E+2	-1.13220137E+0
6.16423370E+2	8.44554772E+2	6.17554457E-7	1.66231456E+2	-3.35795164E+2	3.74688330E+2	-1.11112598E+0
6.60970574E+2	7.67970135E+2	6.00012416E-7	1.64725533E+2	-3.15229475E+2	3.55674232E+2	-1.08926604E+0
7.08737081E+2	6.99720202E+2	5.81549816E-7	1.63348013E+2	-2.95998718E+2	3.38079629E+2	-1.06653101E+0
7.59955541E+2	6.40135437E+2	5.62275050E-7	1.61904961E+2	-2.78258385E+2	3.21933200E+2	-1.04382846E+0
8.14875417E+2	5.87126046E+2	5.42397755E-7	1.60481740E+2	-2.61664753E+2	3.06957456E+2	-1.02064718E+0
8.73764200E+2	5.40283837E+2	5.21881805E-7	1.59081369E+2	-2.46256223E+2	2.93170656E+2	-9.97238640E-1
9.36908711E+2	4.98815869E+2	5.00971329E-7	1.57652827E+2	-2.31916540E+2	2.80427721E+2	-9.73768432E-1
1.00461650E+3	4.62030959E+2	4.79611447E-7	1.56275920E+2	-2.18591213E+2	2.68708564E+2	-9.50124866E-1
1.07721735E+3	4.29098443E+2	4.58336586E-7	1.54800712E+2	-2.06061776E+2	2.57729948E+2	-9.26505598E-1
1.15506485E+3	4.00137810E+2	4.36710052E-7	1.53407059E+2	-1.94551319E+2	2.47757847E+2	-9.03096446E-1
1.23853818E+3	3.74280973E+2	4.15233566E-7	1.51979178E+2	-1.83807590E+2	2.38501375E+2	-8.79903381E-1
1.32804389E+3	3.51272739E+2	3.94068551E-7	1.50490343E+2	-1.73826891E+2	2.29919859E+2	-8.57230318E-1
1.42401793E+3	3.30722101E+2	3.73213020E-7	1.48998288E+2	-1.64549470E+2	2.21984283E+2	-8.34955053E-1
1.52692775E+3	3.12259533E+2	3.52851152E-7	1.47472646E+2	-1.55889545E+2	2.14592021E+2	-8.13136419E-1
1.63727458E+3	2.95781973E+2	3.33096714E-7	1.45901227E+2	-1.47877573E+2	2.07737692E+2	-7.92125374E-1
1.75559587E+3	2.80825291E+2	3.13928467E-7	1.44332980E+2	-1.40357892E+2	2.01326474E+2	-7.71436238E-1
1.88246790E+3	2.67385332E+2	2.95566552E-7	1.42698584E+2	-1.33388972E+2	1.95334345E+2	-7.51691151E-1
2.01850863E+3	2.55167969E+2	2.78046660E-7	1.41002398E+2	-1.26876375E+2	1.89682085E+2	-7.32714068E-1
2.16438064E+3	2.44027159E+2	2.61258829E-7	1.39308660E+2	-1.20781580E+2	1.84377588E+2	-7.14285011E-1
2.32079442E+3	2.33876551E+2	2.45319456E-7	1.37578037E+2	-1.15102376E+2	1.79377466E+2	-6.96682664E-1
2.48851178E+3	2.24508553E+2	2.30227238E-7	1.35805853E+2	-1.09755837E+2	1.74612642E+2	-6.79710047E-1
2.66834962E+3	2.15876826E+2	2.15954436E-7	1.34008736E+2	-1.04742716E+2	1.70086389E+2	-6.63427182E-1
2.86118383E+3	2.07892670E+2	2.02488848E-7	1.32187864E+2	-1.00036266E+2	1.65773602E+2	-6.47822037E-1
3.06795364E+3	2.00441111E+2	1.89797541E-7	1.30343680E+2	-9.55863753E+1	1.61636108E+2	-6.32753873E-1
3.28966612E+3	1.93509225E+2	1.77855645E-7	1.28487057E+2	-9.14029849E+1	1.57681421E+2	-6.18322076E-1
3.52740116E+3	1.86983779E+2	1.66592316E-7	1.26628169E+2	-8.74226413E+1	1.53874666E+2	-6.04246168E-1
3.78231664E+3	1.80810293E+2	1.55979688E-7	1.24763971E+2	-8.36215269E+1	1.50195238E+2	-5.90470846E-1
4.05565415E+3	1.75003807E+2	1.45981623E-7	1.22912180E+2	-8.00168321E+1	1.46663216E+2	-5.77083607E-1
4.34874501E+3	1.69501459E+2	1.36561380E-7	1.21070054E+2	-7.65740945E+1	1.43253449E+2	-5.63958384E-1
4.66301673E+3	1.64294515E+2	1.27687012E-7	1.19246254E+2	-7.32928052E+1	1.39969658E+2	-5.51110388E-1
5.00000000E+3	1.59350129E+2	1.19271439E-7	1.17470242E+2	-7.01401345E+1	1.36817023E+2	-5.38275959E-1
5.36133611E+3	1.54639167E+2	1.11347427E-7	1.15709931E+2	-6.71155589E+1	1.33765792E+2	-5.25608354E-1
5.74878498E+3	1.50162329E+2	1.03844898E-7	1.13996669E+2	-6.42087540E+1	1.30835794E+2	-5.12959878E-1
6.16423370E+3	1.45890886E+2	9.67637958E-8	1.12314383E+2	-6.14094760E+1	1.28006424E+2	-5.00355459E-1
6.60970574E+3	1.41853132E+2	9.00521986E-8	1.10697960E+2	-5.87265994E+1	1.25311022E+2	-4.87758231E-1
7.08737081E+3	1.37997939E+2	8.37049244E-8	1.09124444E+2	-5.61320181E+1	1.22714906E+2	-4.75089571E-1
7.59955541E+3	1.34334829E+2	7.76952899E-8	1.07608006E+2	-5.36285360E+1	1.20231040E+2	-4.62342271E-1
8.14875417E+3	1.30865354E+2	7.20171660E-8	1.06149226E+2	-5.12210628E+1	1.17861172E+2	-4.49580897E-1
8.73764200E+3	1.27581089E+2	6.66502375E-8	1.04752085E+2	-4.89017939E+1	1.15604433E+2	-4.36764236E-1
9.36908711E+3	1.24472976E+2	6.15956367E-8	1.03408098E+2	-4.66720322E+1	1.13452694E+2	-4.23966272E-1
1.00461650E+4	1.21536635E+2	5.68235753E-8	1.02128684E+2	-4.45208738E+1	1.11410845E+2	-4.11091219E-1
1.07721735E+4	1.18774226E+2	5.23317468E-8	1.00913797E+2	-4.24542512E+1	1.09480400E+2	-3.98221331E-1
1.15506485E+4	1.16146473E+2	4.81089954E-8	9.97435271E+1	-4.04485784E+1	1.07632982E+2	-3.85260945E-1
1.23853818E+4	1.13705244E+2	4.41508776E-8	9.86491705E+1	-3.85391848E+1	1.05909999E+2	-3.72436727E-1
1.32804389E+4	1.11388286E+2	4.04460466E-8	9.75956767E+1	-3.66892197E+1	1.04264160E+2	-3.59586450E-1
1.42401793E+4	1.09225075E+2	3.69878984E-8	9.66026242E+1	-3.49193584E+1	1.02720148E+2	-3.46860045E-1
1.52692775E+4	1.07192256E+2	3.37654179E-8	9.56580043E+1	-3.32165976E+1	1.01261035E+2	-3.34216830E-1
1.63727458E+4	1.05281501E+2	3.07703427E-8	9.47573937E+1	-3.15790356E+1	9.98809316E+1	-3.21686307E-1
1.75559587E+4	1.03513877E+2	2.79746904E-8	9.39300024E+1	-3.00035466E+1	9.86055713E+1	-3.09180840E-1
1.88246790E+4	1.01852665E+2	2.54099356E-8	9.31261897E+1	-2.85072393E+1	9.73917375E+1	-2.97056591E-1
2.01850863E+4	1.00294977E+2	2.30281092E-8	9.23695118E+1	-2.70568076E+1	9.62507041E+1	-2.84948103E-1
2.16438064E+4	9.88541277E+1	2.08299945E-8	9.16661907E+1	-2.56688644E+1	9.51923385E+1	-2.73032282E-1
2.32079442E+4	9.75064788E+1	1.88159246E-8	9.09937500E+1	-2.43437308E+1	9.41938434E+1	-2.61410002E-1
2.48851178E+4	9.62452927E+1	1.69618901E-8	9.03580099E+1	-2.30642773E+1	9.32552035E+1	-2.49917816E-1
2.66834962E+4	9.50757889E+1	1.52603031E-8	8.97643096E+1	-2.18353117E+1	9.23818842E+1	-2.38617199E-1
2.86118383E+4	9.39934494E+1	1.37179452E-8	8.92006060E+1	-2.06766384E+1	9.15656736E+1	-2.27776639E-1
3.06795364E+4	9.29774290E+1	1.22994933E-8	8.86686235E+1	-1.95462460E+1	9.07974705E+1	-2.16971404E-1
3.28966612E+4	9.20395698E+1	1.10077756E-8	8.81728153E+1	-1.84646274E+1	9.00854482E+1	-2.06430936E-1
3.52740116E+4	9.11642431E+1	9.83498407E-9	8.77010957E+1	-1.74276141E+1	8.94159047E+1	-1.96160674E-1
3.78231664E+4	9.03562395E+1	8.76915712E-9	8.72621450E+1	-1.64315916E+1	8.87957165E+1	-1.86122103E-1
4.05565415E+4	8.96022042E+1	7.80757142E-9	8.68423722E+1	-1.54812889E+1	8.82114957E+1	-1.76415602E-1
4.34874501E+4	8.89023363E+1	6.93144219E-9	8.64513925E+1	-1.45563531E+1	8.76682997E+1	-1.66811501E-1
4.66301673E+4	8.82565020E+1	6.14409396E-9	8.60836822E+1	-1.36764136E+1	8.71633218E+1	-1.57556663E-1
5.00000000E+4	8.76495395E+1	5.43208950E-9	8.57314309E+1	-1.28234976E+1	8.66851800E+1	-1.48476770E-1
5.36133611E+4	8.70877285E+1	4.78895657E-9	8.54020681E+1	-1.19982844E+1	8.62407799E+1	-1.39578187E-1
5.74878498E+4	8.65686982E+1	4.21089501E-9	8.50934039E+1	-1.12043622E+1	8.58278812E+1	-1.30918210E-1
6.16423370E+4	8.60845491E+1	3.69189569E-9	8.47996715E+1	-1.04382519E+1	8.54396950E+1	-1.22476961E-1
6.60970574E+4	8.56313806E+1	3.22532884E-9	8.45194065E+1	-9.69449898E+0	8.50735768E+1	-1.14202370E-1
7.08737081E+4	8.52101061E+1	2.80836268E-9	8.42533395E+1	-8.97834814E+0	8.47303723E+1	-1.06163060E-1
7.59955541E+4	8.48259035E+1	2.43130307E-9	8.40111824E+1	-8.27318544E+0	8.44175601E+1	-9.81606944E-2
8.14875417E+4	8.44679625E+1	2.09447617E-9	8.37805449E+1	-7.58895024E+0	8.41235515E+1	-9.03347683E-2
8.73764200E+4	8.41267103E+1	1.79505768E-9	8.35524182E+1	-6.92700445E+0	8.38390725E+1	-8.27169201E-2
9.36908711E+4	8.38151058E+1	1.52663965E-9	8.33422376E+1	-6.27771031E+0	8.35783373E+1	-7.51824875E-2
1.00461650E+5	8.35248345E+1	1.28253463E-9	8.31446753E+1	-5.62211057E+0	8.33345381E+1	-6.75156302E-2
1.07721735E+5	8.32489281E+1	1.06863639E-9	8.29481880E+1	-4.99457720E+0	8.30984220E+1	-6.01406030E-2
1.15506485E+5	8.29970887E+1	8.76131632E-10	8.27665770E+1	-4.36790751E+0	8.28817527E+1	-5.27248982E-2
1.23853818E+5	8.27681717E+1	7.04505717E-10	8.25980944E+1	-3.74806569E+0	8.26830893E+1	-4.53460370E-2
1.32804389E+5	8.25519901E+1	5.50847435E-10	8.24332976E+1	-3.12790676E+0	8.24926225E+1	-3.79265060E-2
1.42401793E+5	8.23522776E+1	4.13779724E-10	8.22757959E+1	-2.50848942E+0	8.23140278E+1	-3.04793463E-2
1.52692775E+5	8.21626512E+1	2.91566098E-10	8.21192732E+1	-1.88736065E+0	8.21409593E+1	-2.29791183E-2
1.63727458E+5	8.19972323E+1	1.82263785E-10	8.19778541E+1	-1.26036860E+0	8.19875426E+1	-1.53732887E-2
1.75559587E+5	8.18439931E+1	8.53645106E-11	8.18391317E+1	-6.30709410E-1	8.18415624E+1	-7.70654717E-3
1.88246790E+5	8.17111125E+1	-7.13780719E-12	8.17087391E+1	5.63551773E-2	8.17099258E+1	6.89767793E-4
2.01850863E+5	8.15773245E+1	-7.90218719E-11	8.15718709E+1	6.66910295E-1	8.15745977E+1	8.17555876E-3
2.16438064E+5	8.14672112E+1	-1.48274749E-10	8.14452320E+1	1.33791733E+0	8.14562209E+1	1.64257241E-2
2.32079442E+5	8.13662075E+1	-2.09801713E-10	8.13158193E+1	2.02415940E+0	8.13410095E+1	2.48874255E-2
2.48851178E+5	8.12894015E+1	-2.64134757E-10	8.11978791E+1	2.72598796E+0	8.12436274E+1	3.35595440E-2
2.66834962E+5	8.12339003E+1	-3.13911021E-10	8.10856854E+1	3.46665513E+0	8.11597590E+1	4.27269656E-2
2.86118383E+5	8.11761094E+1	-3.57108185E-10	8.09562365E+1	4.21894762E+0	8.10660984E+1	5.20668170E-2
3.06795364E+5	8.11447432E+1	-3.95332951E-10	8.08356325E+1	4.99867478E+0	8.09900404E+1	6.17588768E-2
3.28966612E+5	8.11364225E+1	-4.29607919E-10	8.07174182E+1	5.81549736E+0	8.09266491E+1	7.19233505E-2
3.52740116E+5	8.11675071E+1	-4.59783416E-10	8.06159789E+1	6.66793777E+0	8.08912729E+1	8.25244851E-2
3.78231664E+5	8.11929622E+1	-4.87447441E-10	8.04809789E+1	7.56967230E+0	8.08361866E+1	9.37795380E-2
4.05565415E+5	8.13179709E+1	-5.12517464E-10	8.04109580E+1	8.53983846E+0	8.08631924E+1	1.05805970E-1
4.34874501E+5	8.13232388E+1	-5.31002494E-10	8.02064309E+1	9.46379475E+0	8.07629034E+1	1.17449697E-1
4.66301673E+5	8.14501696E+1	-5.52383746E-10	8.00589522E+1	1.05531783E+1	8.07515638E+1	1.31062693E-1
NaN	NaN	NaN	NaN	NaN	NaN	NaN
