Start time:20240906_00-23-00	sweep/start:500.000	sweep/stop:500000.000	sweep/samplecount:100.000	sweep/xmapping:1.000	sweep/scan:0.000	sweep/averaging/sample:10.000	sweep/settling/time:0.100	sweep/settling/inaccuracy:0.010	sweep/awgcontrol:0.000	sweep/averaging/time:0.100	sweep/averaging/tc:15.000	sweep/bandwidthcontrol:2.000	sweep/sincfilter:0.000	sweep/omegasuppression:80.000	sweep/maxbandwidth:100.000	sweep/bandwidth:1250000.000	sweep/order:8.000	sweep/bandwidthoverlap:1.000																				
Frequency	Param0		Param1		RealZ		ImagZ		AbsZ		PhaseZ		
5.00000000E+2	1.14692384E+3	6.68329141E-7	1.68691242E+2	-4.06225569E+2	4.39859020E+2	-1.17720015E+0
5.36133611E+2	1.03545511E+3	6.53730978E-7	1.67020805E+2	-3.80849760E+2	4.15863557E+2	-1.15750679E+0
5.74878498E+2	9.36594379E+2	6.38275117E-7	1.65399267E+2	-3.57148525E+2	3.93588609E+2	-1.13709329E+0
6.16423370E+2	8.48906184E+2	6.21747283E-7	1.63915387E+2	-3.35082820E+2	3.73026483E+2	-1.11584316E+0
6.60970574E+2	7.71510440E+2	6.04401061E-7	1.62415367E+2	-3.14525628E+2	3.53984644E+2	-1.09412918E+0
7.08737081E+2	7.03113708E+2	5.86146864E-7	1.60963002E+2	-2.95408484E+2	3.36415321E+2	-1.07189036E+0
7.59955541E+2	6.42512624E+2	5.67142141E-7	1.59531646E+2	-2.77580106E+2	3.20157883E+2	-1.04917031E+0
8.14875417E+2	5.88911985E+2	5.47376495E-7	1.58137473E+2	-2.61001095E+2	3.05170506E+2	-1.02605853E+0
8.73764200E+2	5.41324513E+2	5.27031506E-7	1.56759281E+2	-2.45528314E+2	2.91303329E+2	-1.00257851E+0
9.36908711E+2	4.99198329E+2	5.06192253E-7	1.55380597E+2	-2.31133280E+2	2.78506242E+2	-9.78934578E-1
1.00461650E+3	4.61918395E+2	4.84898506E-7	1.54028929E+2	-2.17770235E+2	2.66737304E+2	-9.55187692E-1
1.07721735E+3	4.28802615E+2	4.63473774E-7	1.52632064E+2	-2.05310678E+2	2.55830068E+2	-9.31519724E-1
1.15506485E+3	3.99431622E+2	4.41911667E-7	1.51238307E+2	-1.93742958E+2	2.45783157E+2	-9.07988910E-1
1.23853818E+3	3.73253329E+2	4.20365911E-7	1.49848350E+2	-1.82966842E+2	2.36498191E+2	-8.84581798E-1
1.32804389E+3	3.49970362E+2	3.99057328E-7	1.48414775E+2	-1.72956138E+2	2.27905182E+2	-8.61614842E-1
1.42401793E+3	3.29190653E+2	3.78042840E-7	1.46970232E+2	-1.63648942E+2	2.19957328E+2	-8.39041696E-1
1.52692775E+3	3.10582851E+2	3.57488034E-7	1.45493641E+2	-1.54982028E+2	2.12574291E+2	-8.16965561E-1
1.63727458E+3	2.93896897E+2	3.37492131E-7	1.43984792E+2	-1.46918555E+2	2.05710191E+2	-7.95482834E-1
1.75559587E+3	2.78890851E+2	3.18128712E-7	1.42449815E+2	-1.39413052E+2	1.99318714E+2	-7.74624672E-1
1.88246790E+3	2.65335400E+2	2.99525066E-7	1.40863684E+2	-1.32414288E+2	1.93329050E+2	-7.54489321E-1
2.01850863E+3	2.53045950E+2	2.81667011E-7	1.39255752E+2	-1.25880653E+2	1.87718149E+2	-7.34994787E-1
2.16438064E+3	2.41873606E+2	2.64625548E-7	1.37612080E+2	-1.19781655E+2	1.82441031E+2	-7.16235697E-1
2.32079442E+3	2.31670829E+2	2.48425915E-7	1.35931588E+2	-1.14078861E+2	1.77458118E+2	-6.98212486E-1
2.48851178E+3	2.22312784E+2	2.33073644E-7	1.34216174E+2	-1.08738168E+2	1.72736710E+2	-6.80912597E-1
2.66834962E+3	2.13701478E+2	2.18537420E-7	1.32481006E+2	-1.03731234E+2	1.68259878E+2	-6.64282267E-1
2.86118383E+3	2.05728944E+2	2.04823823E-7	1.30716489E+2	-9.90220363E+1	1.63988307E+2	-6.48304735E-1
3.06795364E+3	1.98296470E+2	1.91896168E-7	1.28927477E+2	-9.45704420E+1	1.59893287E+2	-6.32867988E-1
3.28966612E+3	1.91387766E+2	1.79688895E-7	1.27144090E+2	-9.03781133E+1	1.55993023E+2	-6.17958964E-1
3.52740116E+3	1.84904851E+2	1.68213542E-7	1.25341152E+2	-8.64047538E+1	1.52237271E+2	-6.03546992E-1
3.78231664E+3	1.78804440E+2	1.57399732E-7	1.23539832E+2	-8.26279607E+1	1.48625268E+2	-5.89503358E-1
4.05565415E+3	1.73048533E+2	1.47206947E-7	1.21746834E+2	-7.90304908E+1	1.45148582E+2	-5.75768969E-1
4.34874501E+3	1.67592748E+2	1.37632085E-7	1.19946788E+2	-7.55974826E+1	1.41782269E+2	-5.62371773E-1
4.66301673E+3	1.62444401E+2	1.28586687E-7	1.18181141E+2	-7.23262197E+1	1.38556359E+2	-5.49192404E-1
5.00000000E+3	1.57534477E+2	1.20062861E-7	1.16426909E+2	-6.91811138E+1	1.35429879E+2	-5.36145412E-1
5.36133611E+3	1.52936514E+2	1.11982059E-7	1.14745528E+2	-6.61985232E+1	1.32471812E+2	-5.23272958E-1
5.74878498E+3	1.48510174E+2	1.04357338E-7	1.13074857E+2	-6.32996302E+1	1.29586908E+2	-5.10338245E-1
6.16423370E+3	1.44319026E+2	9.71516957E-8	1.11452389E+2	-6.05232603E+1	1.26825471E+2	-4.97485016E-1
6.60970574E+3	1.40340526E+2	9.03483268E-8	1.09873866E+2	-5.78574933E+1	1.24176311E+2	-4.84685606E-1
7.08737081E+3	1.36558291E+2	8.39101271E-8	1.08347572E+2	-5.52861886E+1	1.21637820E+2	-4.71827420E-1
7.59955541E+3	1.32967628E+2	7.78300263E-8	1.06871106E+2	-5.28106416E+1	1.19207371E+2	-4.58958811E-1
8.14875417E+3	1.29564868E+2	7.20872413E-8	1.05450216E+2	-5.04271246E+1	1.16887310E+2	-4.46062430E-1
8.73764200E+3	1.26342887E+2	6.66537372E-8	1.04093314E+2	-4.81251666E+1	1.14679771E+2	-4.33057779E-1
9.36908711E+3	1.23311038E+2	6.15509646E-8	1.02790808E+2	-4.59270172E+1	1.12584373E+2	-4.20190300E-1
1.00461650E+4	1.20434927E+2	5.67437249E-8	1.01540260E+2	-4.38014750E+1	1.10584781E+2	-4.07254139E-1
1.07721735E+4	1.17725293E+2	5.22212281E-8	1.00350498E+2	-4.17560677E+1	1.08691268E+2	-3.94310098E-1
1.15506485E+4	1.15170986E+2	4.79646688E-8	9.92227449E+1	-3.97797454E+1	1.06899866E+2	-3.81293695E-1
1.23853818E+4	1.12776630E+2	4.39860849E-8	9.81501920E+1	-3.78891468E+1	1.05209542E+2	-3.68407593E-1
1.32804389E+4	1.10512377E+2	4.02669720E-8	9.71212077E+1	-3.60633667E+1	1.03600654E+2	-3.55543363E-1
1.42401793E+4	1.08398094E+2	3.67964217E-8	9.61518520E+1	-3.43147003E+1	1.02091515E+2	-3.42791051E-1
1.52692775E+4	1.06415850E+2	3.35712086E-8	9.52288870E+1	-3.26392561E+1	1.00667089E+2	-3.30197318E-1
1.63727458E+4	1.04575184E+2	3.05691915E-8	9.43691129E+1	-3.10344332E+1	9.93411657E+1	-3.17721128E-1
1.75559587E+4	1.02842938E+2	2.77853888E-8	9.35484079E+1	-2.94870806E+1	9.80856417E+1	-3.05348802E-1
1.88246790E+4	1.01214078E+2	2.51982853E-8	9.27718838E+1	-2.79856688E+1	9.69010869E+1	-2.92980048E-1
2.01850863E+4	9.97078315E+1	2.28354469E-8	9.20334329E+1	-2.65763182E+1	9.57938097E+1	-2.81120712E-1
2.16438064E+4	9.82952126E+1	2.06398181E-8	9.13421703E+1	-2.52013072E+1	9.47549368E+1	-2.69202764E-1
2.32079442E+4	9.69848679E+1	1.86309711E-8	9.06888483E+1	-2.38951550E+1	9.37840389E+1	-2.57629655E-1
2.48851178E+4	9.57528326E+1	1.67896056E-8	9.00621169E+1	-2.26388053E+1	9.28638932E+1	-2.46266584E-1
2.66834962E+4	9.46196878E+1	1.50896742E-8	8.94916541E+1	-2.14223196E+1	9.20199562E+1	-2.34956626E-1
2.86118383E+4	9.35607349E+1	1.35509627E-8	8.89403408E+1	-2.02716050E+1	9.12212891E+1	-2.24095442E-1
3.06795364E+4	9.25802798E+1	1.21446517E-8	8.84264678E+1	-1.91652502E+1	9.04795399E+1	-2.13435417E-1
3.28966612E+4	9.16707741E+1	1.08627501E-8	8.79450044E+1	-1.81014576E+1	8.97885662E+1	-2.02992129E-1
3.52740116E+4	9.08179281E+1	9.69795046E-9	8.74844069E+1	-1.70772100E+1	8.91355853E+1	-1.92778739E-1
3.78231664E+4	9.00274479E+1	8.64397764E-9	8.70501502E+1	-1.60988868E+1	8.85262835E+1	-1.82871886E-1
4.05565415E+4	8.92916262E+1	7.68784890E-9	8.66404804E+1	-1.51557417E+1	8.79560651E+1	-1.73174639E-1
4.34874501E+4	8.86135507E+1	6.82270029E-9	8.62595441E+1	-1.42497549E+1	8.74286251E+1	-1.63717682E-1
4.66301673E+4	8.79838230E+1	6.04294030E-9	8.58993983E+1	-1.33809853E+1	8.69353636E+1	-1.54533103E-1
5.00000000E+4	8.73988017E+1	5.33910077E-9	8.55600706E+1	-1.25428033E+1	8.64745491E+1	-1.45559648E-1
5.36133611E+4	8.68550800E+1	4.70436105E-9	8.52401932E+1	-1.17325713E+1	8.60438481E+1	-1.36781841E-1
5.74878498E+4	8.63502003E+1	4.13382884E-9	8.49381617E+1	-1.09515258E+1	8.56412708E+1	-1.28227838E-1
6.16423370E+4	8.58820230E+1	3.62185734E-9	8.46533691E+1	-1.01985119E+1	8.52654830E+1	-1.19895962E-1
6.60970574E+4	8.54449934E+1	3.16063147E-9	8.43835354E+1	-9.46411893E+0	8.49126058E+1	-1.11689239E-1
7.08737081E+4	8.50373165E+1	2.74738081E-9	8.41267303E+1	-8.75240575E+0	8.45807980E+1	-1.03665394E-1
7.59955541E+4	8.46623867E+1	2.37777544E-9	8.38872909E+1	-8.06353662E+0	8.42739477E+1	-9.58290390E-2
8.14875417E+4	8.43112459E+1	2.04610784E-9	8.36585947E+1	-7.38917036E+0	8.39842863E+1	-8.80966816E-2
8.73764200E+4	8.39868220E+1	1.74869634E-9	8.34443259E+1	-6.72816155E+0	8.37151345E+1	-8.04564955E-2
9.36908711E+4	8.36816316E+1	1.48518760E-9	8.32360878E+1	-6.08976094E+0	8.34585623E+1	-7.30323857E-2
1.00461650E+5	8.34083209E+1	1.24717735E-9	8.30502428E+1	-5.45329058E+0	8.32290892E+1	-6.55684245E-2
1.07721735E+5	8.31353908E+1	1.03550528E-9	8.28540984E+1	-4.82764679E+0	8.29946254E+1	-5.82010365E-2
1.15506485E+5	8.28954163E+1	8.46291664E-10	8.26810874E+1	-4.20962095E+0	8.27881825E+1	-5.08700273E-2
1.23853818E+5	8.26676974E+1	6.77532158E-10	8.25109421E+1	-3.59638813E+0	8.25892825E+1	-4.35592322E-2
1.32804389E+5	8.24557371E+1	5.27115069E-10	8.23474181E+1	-2.98654100E+0	8.24015598E+1	-3.62516878E-2
1.42401793E+5	8.22603849E+1	3.92072288E-10	8.21919409E+1	-2.37181842E+0	8.22261558E+1	-2.88490622E-2
1.52692775E+5	8.20824873E+1	2.71820306E-10	8.20448935E+1	-1.75623382E+0	8.20636882E+1	-2.14024973E-2
1.63727458E+5	8.19153148E+1	1.65230464E-10	8.18994366E+1	-1.14034822E+0	8.19073753E+1	-1.39228623E-2
1.75559587E+5	8.17659692E+1	6.91128495E-11	8.17627916E+1	-5.09672743E-1	8.17643804E+1	-6.23347362E-3
1.88246790E+5	8.16184647E+1	-1.52987616E-11	8.16155251E+1	1.20644101E-1	8.16169949E+1	1.47752562E-3
2.01850863E+5	8.15106524E+1	-9.18466894E-11	8.15033040E+1	7.73861611E-1	8.15069781E+1	9.49456715E-3
2.16438064E+5	8.14039262E+1	-1.59454125E-10	8.13785685E+1	1.43649686E+0	8.13912463E+1	1.76501957E-2
2.32079442E+5	8.13112347E+1	-2.19810992E-10	8.12560392E+1	2.11773807E+0	8.12836323E+1	2.60566298E-2
2.48851178E+5	8.12324224E+1	-2.73591669E-10	8.11344470E+1	2.81940259E+0	8.11834199E+1	3.47357835E-2
2.66834962E+5	8.11677007E+1	-3.21511981E-10	8.10126150E+1	3.54450441E+0	8.10901207E+1	4.37246189E-2
2.86118383E+5	8.11341475E+1	-3.63580169E-10	8.09066060E+1	4.29054995E+0	8.10202969E+1	5.29812985E-2
3.06795364E+5	8.11094213E+1	-4.02378647E-10	8.07896560E+1	5.08265462E+0	8.09493808E+1	6.28293927E-2
3.28966612E+5	8.10996141E+1	-4.35467024E-10	8.06697493E+1	5.88866479E+0	8.08843961E+1	7.28679068E-2
3.52740116E+5	8.11095268E+1	-4.66347537E-10	8.05434591E+1	6.75220793E+0	8.08259973E+1	8.36375970E-2
3.78231664E+5	8.11610998E+1	-4.91860299E-10	8.04371321E+1	7.63104235E+0	8.07983051E+1	9.45865674E-2
4.05565415E+5	8.11734584E+1	-5.16651939E-10	8.02567158E+1	8.57699533E+0	8.07137849E+1	1.06465271E-1
4.34874501E+5	8.12954686E+1	-5.34767952E-10	8.01641786E+1	9.52265661E+0	8.07278412E+1	1.18234968E-1
4.66301673E+5	8.14596515E+1	-5.54832226E-10	8.00557622E+1	1.06008861E+1	8.07546550E+1	1.31652825E-1
5.00000000E+5	8.16323413E+1	-5.70624512E-10	7.99205661E+1	1.16955938E+1	8.07719167E+1	1.45308448E-1
