Start time:20240908_21-42-13	sweep/start:500.000	sweep/stop:500000.000	sweep/samplecount:100.000	sweep/xmapping:1.000	sweep/scan:0.000	sweep/averaging/sample:10.000	sweep/settling/time:0.100	sweep/settling/inaccuracy:0.010	sweep/awgcontrol:0.000	sweep/averaging/time:0.100	sweep/averaging/tc:15.000	sweep/bandwidthcontrol:2.000	sweep/sincfilter:0.000	sweep/omegasuppression:80.000	sweep/maxbandwidth:100.000	sweep/bandwidth:1250000.000	sweep/order:8.000	sweep/bandwidthoverlap:1.000																				
Frequency	Param0		Param1		RealZ		ImagZ		AbsZ		PhaseZ		
5.00000000E+2	1.27256248E+3	7.12161818E-7	1.39747400E+2	-3.97879300E+2	4.21707572E+2	-1.23302559E+0
5.36133611E+2	1.14026725E+3	7.00659017E-7	1.38327680E+2	-3.72284744E+2	3.97152972E+2	-1.21504126E+0
5.74878498E+2	1.02301474E+3	6.88263710E-7	1.36982279E+2	-3.48382948E+2	3.74345873E+2	-1.19617042E+0
6.16423370E+2	9.19286133E+2	6.74821910E-7	1.35729126E+2	-3.26115701E+2	3.53233428E+2	-1.17640351E+0
6.60970574E+2	8.27552577E+2	6.60430217E-7	1.34519441E+2	-3.05329969E+2	3.33649331E+2	-1.15581141E+0
7.08737081E+2	7.46196554E+2	6.45031991E-7	1.33390310E+2	-2.85906247E+2	3.15492255E+2	-1.13426282E+0
7.59955541E+2	6.74427953E+2	6.28543236E-7	1.32315806E+2	-2.67824503E+2	2.98726371E+2	-1.11192871E+0
8.14875417E+2	6.10900721E+2	6.11055707E-7	1.31292911E+2	-2.50936411E+2	2.83208255E+2	-1.08875212E+0
8.73764200E+2	5.54702969E+2	5.92577336E-7	1.30317158E+2	-2.35169598E+2	2.68862985E+2	-1.06477925E+0
9.36908711E+2	5.05133007E+2	5.73151084E-7	1.29364785E+2	-2.20479409E+2	2.55629456E+2	-1.04018153E+0
1.00461650E+3	4.61291912E+2	5.52781746E-7	1.28468035E+2	-2.06778200E+2	2.43436360E+2	-1.01487349E+0
1.07721735E+3	4.22602156E+2	5.31602511E-7	1.27593987E+2	-1.94013566E+2	2.32210014E+2	-9.89058573E-1
1.15506485E+3	3.88381029E+2	5.09707145E-7	1.26752235E+2	-1.82104451E+2	2.21874202E+2	-9.62732097E-1
1.23853818E+3	3.58221621E+2	4.87250872E-7	1.25914392E+2	-1.71028713E+2	2.12379979E+2	-9.36174305E-1
1.32804389E+3	3.31527338E+2	4.64367890E-7	1.25093231E+2	-1.60696943E+2	2.03646322E+2	-9.09339495E-1
1.42401793E+3	3.07960809E+2	4.41124356E-7	1.24307122E+2	-1.51094207E+2	1.95657151E+2	-8.82358789E-1
1.52692775E+3	2.87084792E+2	4.17875476E-7	1.23494347E+2	-1.42135478E+2	1.88290595E+2	-8.55460398E-1
1.63727458E+3	2.68638016E+2	3.94612908E-7	1.22706690E+2	-1.33816102E+2	1.81559030E+2	-8.28678822E-1
1.75559587E+3	2.52258210E+2	3.71607516E-7	1.21909609E+2	-1.26058501E+2	1.75364475E+2	-8.02128158E-1
1.88246790E+3	2.37752863E+2	3.48981173E-7	1.21111062E+2	-1.18855423E+2	1.69689426E+2	-7.75998631E-1
2.01850863E+3	2.24846620E+2	3.26875749E-7	1.20310984E+2	-1.12146265E+2	1.64473456E+2	-7.50289068E-1
2.16438064E+3	2.13360126E+2	3.05482370E-7	1.19486367E+2	-1.05908609E+2	1.59667235E+2	-7.25231027E-1
2.32079442E+3	2.03113165E+2	2.84821028E-7	1.18666619E+2	-1.00104873E+2	1.55250612E+2	-7.00755527E-1
2.48851178E+3	1.93948422E+2	2.65068325E-7	1.17820054E+2	-9.47071700E+1	1.51165517E+2	-6.77071309E-1
2.66834962E+3	1.85709960E+2	2.46239160E-7	1.16960524E+2	-8.96714534E+1	1.47379557E+2	-6.54091981E-1
2.86118383E+3	1.78315114E+2	2.28416596E-7	1.16079551E+2	-8.49957391E+1	1.43870561E+2	-6.32024290E-1
3.06795364E+3	1.71631745E+2	2.11600704E-7	1.15181178E+2	-8.06352427E+1	1.40601374E+2	-6.10775011E-1
3.28966612E+3	1.65559550E+2	1.95807435E-7	1.14259112E+2	-7.65607088E+1	1.37537947E+2	-5.90349652E-1
3.52740116E+3	1.60036081E+2	1.81018786E-7	1.13320554E+2	-7.27587046E+1	1.34667655E+2	-5.70773920E-1
3.78231664E+3	1.54984666E+2	1.67240007E-7	1.12354017E+2	-6.92078328E+1	1.31958894E+2	-5.52086751E-1
4.05565415E+3	1.50339302E+2	1.54377025E-7	1.11380798E+2	-6.58728238E+1	1.29402130E+2	-5.34086744E-1
4.34874501E+3	1.46052800E+2	1.42458477E-7	1.10377690E+2	-6.27513801E+1	1.26968384E+2	-5.16947027E-1
4.66301673E+3	1.42093766E+2	1.31382551E-7	1.09372663E+2	-5.98230200E+1	1.24664243E+2	-5.00510100E-1
5.00000000E+3	1.38405014E+2	1.21150999E-7	1.08340819E+2	-5.70717006E+1	1.22453716E+2	-4.84840815E-1
5.36133611E+3	1.34943107E+2	1.11601643E-7	1.07322198E+2	-5.44457208E+1	1.20342805E+2	-4.69479208E-1
5.74878498E+3	1.31720966E+2	1.02786019E-7	1.06298535E+2	-5.19842951E+1	1.18328972E+2	-4.54841680E-1
6.16423370E+3	1.28661814E+2	9.46427987E-8	1.05250905E+2	-4.96388872E+1	1.16369121E+2	-4.40690490E-1
6.60970574E+3	1.25794204E+2	8.70876362E-8	1.04221047E+2	-4.74170528E+1	1.14500671E+2	-4.26976130E-1
7.08737081E+3	1.23076037E+2	8.00874871E-8	1.03194000E+2	-4.52957698E+1	1.12697420E+2	-4.13616792E-1
7.59955541E+3	1.20505664E+2	7.35902110E-8	1.02183673E+2	-4.32690204E+1	1.10967164E+2	-4.00551609E-1
8.14875417E+3	1.18069755E+2	6.75791870E-8	1.01182774E+2	-4.13360788E+1	1.09300619E+2	-3.87837116E-1
8.73764200E+3	1.15746711E+2	6.19874674E-8	1.00199920E+2	-3.94688106E+1	1.07693134E+2	-3.75237255E-1
9.36908711E+3	1.13561946E+2	5.68165617E-8	9.92441904E+1	-3.76955435E+1	1.06161968E+2	-3.62995129E-1
1.00461650E+4	1.11484336E+2	5.20161022E-8	9.83118020E+1	-3.59863234E+1	1.04691098E+2	-3.50894719E-1
1.07721735E+4	1.09513264E+2	4.75639052E-8	9.74061341E+1	-3.43410633E+1	1.03282446E+2	-3.38949573E-1
1.15506485E+4	1.07651114E+2	4.34413786E-8	9.65315892E+1	-3.27625586E+1	1.01939850E+2	-3.27198141E-1
1.23853818E+4	1.05890154E+2	3.96190300E-8	9.56909071E+1	-3.12405984E+1	1.00661437E+2	-3.15564553E-1
1.32804389E+4	1.04221143E+2	3.60957660E-8	9.48724878E+1	-2.97813707E+1	9.94370107E+1	-3.04168407E-1
1.42401793E+4	1.02647414E+2	3.28240908E-8	9.40959028E+1	-2.83665637E+1	9.82786906E+1	-2.92799733E-1
1.52692775E+4	1.01156326E+2	2.98155360E-8	9.33411023E+1	-2.70088902E+1	9.71701748E+1	-2.81664146E-1
1.63727458E+4	9.97573662E+1	2.70352685E-8	9.26272921E+1	-2.56989841E+1	9.61262429E+1	-2.70637926E-1
1.75559587E+4	9.84616003E+1	2.44810031E-8	9.19602798E+1	-2.44512337E+1	9.51554323E+1	-2.59876285E-1
1.88246790E+4	9.72289327E+1	2.21345378E-8	9.13122732E+1	-2.32435556E+1	9.42241732E+1	-2.49256572E-1
2.01850863E+4	9.60707706E+1	1.99777166E-8	9.06968930E+1	-2.20769961E+1	9.33451680E+1	-2.38771607E-1
2.16438064E+4	9.49837696E+1	1.80066679E-8	9.01089292E+1	-2.09586880E+1	9.25142463E+1	-2.28529519E-1
2.32079442E+4	9.39695661E+1	1.62010275E-8	8.95560201E+1	-1.98811294E+1	9.17362542E+1	-2.18453913E-1
2.48851178E+4	9.30308165E+1	1.45528319E-8	8.90407654E+1	-1.88487542E+1	9.10139277E+1	-2.08607210E-1
2.66834962E+4	9.21306670E+1	1.30497615E-8	8.85334463E+1	-1.78458266E+1	9.03141485E+1	-1.98906250E-1
2.86118383E+4	9.13059241E+1	1.16862440E-8	8.80654673E+1	-1.68929366E+1	8.96710591E+1	-1.89520335E-1
3.06795364E+4	9.05347386E+1	1.04445966E-8	8.76234082E+1	-1.59718674E+1	8.90671789E+1	-1.80299100E-1
3.28966612E+4	8.98151155E+1	9.31768523E-9	8.72058166E+1	-1.50846282E+1	8.85008502E+1	-1.71282416E-1
3.52740116E+4	8.91419901E+1	8.29519335E-9	8.68103648E+1	-1.42270594E+1	8.79684528E+1	-1.62442577E-1
3.78231664E+4	8.85141382E+1	7.37400918E-9	8.64344642E+1	-1.34072906E+1	8.74681205E+1	-1.53888696E-1
4.05565415E+4	8.79319602E+1	6.53929440E-9	8.60837220E+1	-1.26136114E+1	8.70029334E+1	-1.45491903E-1
4.34874501E+4	8.73900009E+1	5.78641411E-9	8.57528864E+1	-1.18485121E+1	8.65675737E+1	-1.37301080E-1
4.66301673E+4	8.68831043E+1	5.10949362E-9	8.54377642E+1	-1.11124521E+1	8.61574035E+1	-1.29338801E-1
5.00000000E+4	8.64081244E+1	4.49954780E-9	8.51379303E+1	-1.03991155E+1	8.57706761E+1	-1.21542278E-1
5.36133611E+4	8.59713741E+1	3.95038954E-9	8.48606659E+1	-9.70852207E+0	8.54142146E+1	-1.13910191E-1
5.74878498E+4	8.55625147E+1	3.45693647E-9	8.45968725E+1	-9.03826726E+0	8.50783236E+1	-1.06435511E-1
6.16423370E+4	8.51777476E+1	3.01486249E-9	8.43433818E+1	-8.38887301E+0	8.47595380E+1	-9.91349138E-2
6.60970574E+4	8.48246617E+1	2.61878381E-9	8.41088325E+1	-7.75935049E+0	8.44659888E+1	-9.19933075E-2
7.08737081E+4	8.44935618E+1	2.26241371E-9	8.38856934E+1	-7.14082788E+0	8.41890790E+1	-8.49209655E-2
7.59955541E+4	8.41836512E+1	1.94437086E-9	8.36725191E+1	-6.53969859E+0	8.39276961E+1	-7.79996954E-2
8.14875417E+4	8.38993581E+1	1.65990747E-9	8.34749498E+1	-5.95209371E+0	8.36868849E+1	-7.11834761E-2
8.73764200E+4	8.36260331E+1	1.40583617E-9	8.32791064E+1	-5.37509801E+0	8.34523895E+1	-6.44537733E-2
9.36908711E+4	8.33774444E+1	1.17744116E-9	8.30998991E+1	-4.80247889E+0	8.32385561E+1	-5.77274205E-2
1.00461650E+5	8.31389498E+1	9.74969055E-10	8.29218691E+1	-4.24272212E+0	8.30303385E+1	-5.11207212E-2
1.07721735E+5	8.29276772E+1	7.92459602E-10	8.27639343E+1	-3.68129768E+0	8.28457653E+1	-4.44501941E-2
1.15506485E+5	8.27250627E+1	6.30680244E-10	8.26066270E+1	-3.12786107E+0	8.26658236E+1	-3.78464494E-2
1.23853818E+5	8.25378546E+1	4.86143921E-10	8.24574564E+1	-2.57476279E+0	8.24976457E+1	-3.12152060E-2
1.32804389E+5	8.23628645E+1	3.56846461E-10	8.23133513E+1	-2.01871716E+0	8.23381042E+1	-2.45198663E-2
1.42401793E+5	8.21983895E+1	2.41635500E-10	8.21724375E+1	-1.46031165E+0	8.21854125E+1	-1.77694368E-2
1.52692775E+5	8.20516257E+1	1.38868396E-10	8.20418210E+1	-8.96858904E-1	8.20467232E+1	-1.09312946E-2
1.63727458E+5	8.19137817E+1	4.69819576E-11	8.19124971E+1	-3.24294187E-1	8.19131394E+1	-3.95901334E-3
1.75559587E+5	8.17883817E+1	-3.52539246E-11	8.17875541E+1	2.60129983E-1	8.17879679E+1	3.18054747E-3
1.88246790E+5	8.17193206E+1	-1.10547227E-10	8.17044246E+1	8.72675654E-1	8.17118719E+1	1.06822265E-2
2.01850863E+5	8.15776508E+1	-1.73173545E-10	8.15514710E+1	1.46115047E+0	8.15645599E+1	1.79149959E-2
2.16438064E+5	8.14920719E+1	-2.31406351E-10	8.14385112E+1	2.08849745E+0	8.14652872E+1	2.56394645E-2
2.32079442E+5	8.14202764E+1	-2.82898249E-10	8.13285255E+1	2.73163290E+0	8.13743880E+1	3.35750112E-2
2.48851178E+5	8.13619643E+1	-3.29153443E-10	8.12195508E+1	3.40094648E+0	8.12907264E+1	4.18490552E-2
2.66834962E+5	8.13095283E+1	-3.70875304E-10	8.11022146E+1	4.10038456E+0	8.12058053E+1	5.05152231E-2
2.86118383E+5	8.12939814E+1	-4.07549387E-10	8.10066028E+1	4.82485934E+0	8.11501649E+1	5.94910266E-2
3.06795364E+5	8.12711830E+1	-4.40174258E-10	8.08865368E+1	5.57783991E+0	8.10786318E+1	6.88498259E-2
3.28966612E+5	8.12840844E+1	-4.68515483E-10	8.07835279E+1	6.35892419E+0	8.10334197E+1	7.85536542E-2
3.52740116E+5	8.13145810E+1	-4.95575753E-10	8.06710780E+1	7.20495139E+0	8.09921904E+1	8.90763457E-2
3.78231664E+5	8.13675898E+1	-5.17059865E-10	8.05622155E+1	8.05492402E+0	8.09639011E+1	9.96526996E-2
4.05565415E+5	8.14932417E+1	-5.35722593E-10	8.04968082E+1	8.95539176E+0	8.09934918E+1	1.10795399E-1
4.34874501E+5	8.15443308E+1	-5.57974283E-10	8.03030048E+1	9.98353715E+0	8.09212866E+1	1.23688463E-1
4.66301673E+5	8.16574341E+1	-5.70088093E-10	8.01658734E+1	1.09340171E+1	8.09082145E+1	1.35554901E-1
5.00000000E+5	8.18737257E+1	-5.85397790E-10	8.00585003E+1	1.20545551E+1	8.09610241E+1	1.49449227E-1
