Start time:20240907_04-16-27	sweep/start:500.000	sweep/stop:500000.000	sweep/samplecount:100.000	sweep/xmapping:1.000	sweep/scan:0.000	sweep/averaging/sample:10.000	sweep/settling/time:0.100	sweep/settling/inaccuracy:0.010	sweep/awgcontrol:0.000	sweep/averaging/time:0.100	sweep/averaging/tc:15.000	sweep/bandwidthcontrol:2.000	sweep/sincfilter:0.000	sweep/omegasuppression:80.000	sweep/maxbandwidth:100.000	sweep/bandwidth:1250000.000	sweep/order:8.000	sweep/bandwidthoverlap:1.000																				
Frequency	Param0		Param1		RealZ		ImagZ		AbsZ		PhaseZ		
5.00000000E+2	1.12821485E+3	6.79901083E-7	1.65735890E+2	-3.99396051E+2	4.32418322E+2	-1.17745494E+0
5.36133611E+2	1.01854865E+3	6.65080560E-7	1.64087204E+2	-3.74441083E+2	4.08816273E+2	-1.15778253E+0
5.74878498E+2	9.21264299E+2	6.49349532E-7	1.62505005E+2	-3.51144037E+2	3.86923790E+2	-1.13735952E+0
6.16423370E+2	8.35157546E+2	6.32640469E-7	1.60990114E+2	-3.29445352E+2	3.66677061E+2	-1.11625361E+0
6.60970574E+2	7.58953843E+2	6.14947530E-7	1.59547679E+2	-3.09247164E+2	3.47978853E+2	-1.09449173E+0
7.08737081E+2	6.91514472E+2	5.96461725E-7	1.58109906E+2	-2.90407484E+2	3.30658824E+2	-1.07223064E+0
7.59955541E+2	6.31813530E+2	5.77178863E-7	1.56698296E+2	-2.72854750E+2	3.14649136E+2	-1.04949429E+0
8.14875417E+2	5.79057170E+2	5.57089926E-7	1.55328790E+2	-2.56548624E+2	2.99907044E+2	-1.02637505E+0
8.73764200E+2	5.32213682E+2	5.36400689E-7	1.53979238E+2	-2.41330156E+2	2.86268846E+2	-1.00287205E+0
9.36908711E+2	4.90800133E+2	5.15193597E-7	1.52627778E+2	-2.27188218E+2	2.73696415E+2	-9.79240005E-1
1.00461650E+3	4.54029304E+2	4.93586785E-7	1.51290802E+2	-2.14012941E+2	2.62088629E+2	-9.55438744E-1
1.07721735E+3	4.21381299E+2	4.71765228E-7	1.49937698E+2	-2.01741468E+2	2.51358183E+2	-9.31650453E-1
1.15506485E+3	3.92479030E+2	4.49830805E-7	1.48568513E+2	-1.90361282E+2	2.41474684E+2	-9.08086886E-1
1.23853818E+3	3.66730870E+2	4.27922798E-7	1.47196647E+2	-1.79762893E+2	2.32339304E+2	-8.84674019E-1
1.32804389E+3	3.43817699E+2	4.06230978E-7	1.45792141E+2	-1.69913412E+2	2.23888180E+2	-8.61654338E-1
1.42401793E+3	3.23351514E+2	3.84821423E-7	1.44383303E+2	-1.60748312E+2	2.16070727E+2	-8.38979455E-1
1.52692775E+3	3.05032669E+2	3.63904962E-7	1.42930243E+2	-1.52214773E+2	2.08802281E+2	-8.16845313E-1
1.63727458E+3	2.88620173E+2	3.43546057E-7	1.41448468E+2	-1.44281708E+2	2.02051679E+2	-7.95313628E-1
1.75559587E+3	2.73827723E+2	3.23826966E-7	1.39941449E+2	-1.36880380E+2	1.95754561E+2	-7.74340708E-1
1.88246790E+3	2.60488198E+2	3.04857893E-7	1.38392787E+2	-1.29988935E+2	1.89867552E+2	-7.54095336E-1
2.01850863E+3	2.48409093E+2	2.86658969E-7	1.36817899E+2	-1.23562421E+2	1.84355119E+2	-7.34533931E-1
2.16438064E+3	2.37400092E+2	2.69301372E-7	1.35201163E+2	-1.17547493E+2	1.79155709E+2	-7.15664677E-1
2.32079442E+3	2.27371982E+2	2.52782426E-7	1.33557610E+2	-1.11935795E+2	1.74262039E+2	-6.97549918E-1
2.48851178E+3	2.18150453E+2	2.37136271E-7	1.31872288E+2	-1.06666294E+2	1.69611318E+2	-6.80120424E-1
2.66834962E+3	2.09646344E+2	2.22331430E-7	1.30159257E+2	-1.01715188E+2	1.65189019E+2	-6.63337844E-1
2.86118383E+3	2.01788612E+2	2.08322237E-7	1.28437393E+2	-9.70620314E+1	1.60988207E+2	-6.47148520E-1
3.06795364E+3	1.94484411E+2	1.95105509E-7	1.26698702E+2	-9.26734095E+1	1.56974272E+2	-6.31521195E-1
3.28966612E+3	1.87667824E+2	1.82665143E-7	1.24940415E+2	-8.85278937E+1	1.53125098E+2	-6.16448458E-1
3.52740116E+3	1.81265399E+2	1.70930961E-7	1.23178731E+2	-8.45874796E+1	1.49425706E+2	-6.01747466E-1
3.78231664E+3	1.75256838E+2	1.59890618E-7	1.21412949E+2	-8.08538491E+1	1.45871345E+2	-5.87499988E-1
4.05565415E+3	1.69577032E+2	1.49477594E-7	1.19654479E+2	-7.72881375E+1	1.42445257E+2	-5.73507090E-1
4.34874501E+3	1.64216452E+2	1.39666336E-7	1.17908959E+2	-7.38922703E+1	1.39149526E+2	-5.59813094E-1
4.66301673E+3	1.59143143E+2	1.30364784E-7	1.16207043E+2	-7.06362273E+1	1.35991007E+2	-5.46170171E-1
5.00000000E+3	1.54384416E+2	1.21607100E-7	1.14539028E+2	-6.75562844E+1	1.32977595E+2	-5.32893286E-1
5.36133611E+3	1.49787388E+2	1.13328864E-7	1.12877368E+2	-6.45469245E+1	1.30029251E+2	-5.19450407E-1
5.74878498E+3	1.45466186E+2	1.05518478E-7	1.11264373E+2	-6.16882740E+1	1.27221083E+2	-5.06237780E-1
6.16423370E+3	1.41349677E+2	9.81139925E-8	1.09699614E+2	-5.89236747E+1	1.24523110E+2	-4.92913650E-1
6.60970574E+3	1.37456280E+2	9.11169504E-8	1.08186227E+2	-5.62726972E+1	1.21946203E+2	-4.79634672E-1
7.08737081E+3	1.33764978E+2	8.45044507E-8	1.06723315E+2	-5.37212770E+1	1.19481554E+2	-4.66339688E-1
7.59955541E+3	1.30261854E+2	7.82580918E-8	1.05310189E+2	-5.12607483E+1	1.17123441E+2	-4.52999319E-1
8.14875417E+3	1.26945626E+2	7.23489103E-8	1.03957763E+2	-4.88852377E+1	1.14878123E+2	-4.39558545E-1
8.73764200E+3	1.23843133E+2	6.68030917E-8	1.02664192E+2	-4.66295902E+1	1.12757506E+2	-4.26337231E-1
9.36908711E+3	1.20897550E+2	6.15583418E-8	1.01429313E+2	-4.44370314E+1	1.10736423E+2	-4.12920962E-1
1.00461650E+4	1.18123097E+2	5.66275429E-8	1.00251047E+2	-4.23283778E+1	1.08820789E+2	-3.99516834E-1
1.07721735E+4	1.15528915E+2	5.20049369E-8	9.91356057E+1	-4.03132803E+1	1.07018825E+2	-3.86224106E-1
1.15506485E+4	1.13077118E+2	4.76716738E-8	9.80675526E+1	-3.83660155E+1	1.05305252E+2	-3.72914817E-1
1.23853818E+4	1.10785313E+2	4.36198845E-8	9.70591680E+1	-3.64999720E+1	1.03695372E+2	-3.59698765E-1
1.32804389E+4	1.08630999E+2	3.98424260E-8	9.60969000E+1	-3.47057334E+1	1.02171925E+2	-3.46576375E-1
1.42401793E+4	1.06624902E+2	3.63232625E-8	9.51938400E+1	-3.29873682E+1	1.00747376E+2	-3.33578728E-1
1.52692775E+4	1.04745135E+2	3.30516707E-8	9.43378451E+1	-3.13336871E+1	9.94053833E+1	-3.20679191E-1
1.63727458E+4	1.03001517E+2	3.00349658E-8	9.35284880E+1	-2.97656911E+1	9.81507820E+1	-3.08117113E-1
1.75559587E+4	1.01367382E+2	2.72312836E-8	9.27666783E+1	-2.82463770E+1	9.69717237E+1	-2.95569483E-1
1.88246790E+4	9.98513752E+1	2.46433614E-8	9.20537142E+1	-2.67918508E+1	9.58733014E+1	-2.83221871E-1
2.01850863E+4	9.84329607E+1	2.22685309E-8	9.13714758E+1	-2.54011429E+1	9.48365165E+1	-2.71151832E-1
2.16438064E+4	9.71113039E+1	2.00873186E-8	9.07265385E+1	-2.40679780E+1	9.38646496E+1	-2.59307769E-1
2.32079442E+4	9.58886524E+1	1.80846139E-8	9.01258249E+1	-2.27898901E+1	9.29625939E+1	-2.47675639E-1
2.48851178E+4	9.47581277E+1	1.62561010E-8	8.95625542E+1	-2.15714140E+1	9.21237200E+1	-2.36351451E-1
2.66834962E+4	9.36946649E+1	1.45827813E-8	8.90231360E+1	-2.03929812E+1	9.13290363E+1	-2.25189742E-1
2.86118383E+4	9.27141631E+1	1.30650883E-8	8.85166299E+1	-1.92756392E+1	9.05910879E+1	-2.14415517E-1
3.06795364E+4	9.18069226E+1	1.16800755E-8	8.80450462E+1	-1.81992985E+1	8.99063109E+1	-2.03833712E-1
3.28966612E+4	9.09653521E+1	1.04262259E-8	8.75989304E+1	-1.71725039E+1	8.92662733E+1	-1.93580693E-1
3.52740116E+4	9.01866693E+1	9.28564206E-9	8.71832821E+1	-1.61816286E+1	8.86722607E+1	-1.83516409E-1
3.78231664E+4	8.94584102E+1	8.25901261E-9	8.67828895E+1	-1.52377611E+1	8.81104950E+1	-1.73813086E-1
4.05565415E+4	8.87908282E+1	7.32802168E-9	8.64151840E+1	-1.43280039E+1	8.75949528E+1	-1.64309442E-1
4.34874501E+4	8.81678653E+1	6.48864943E-9	8.60648479E+1	-1.34534681E+1	8.71100104E+1	-1.55062930E-1
4.66301673E+4	8.75962391E+1	5.73355881E-9	8.57397373E+1	-1.26164950E+1	8.66630171E+1	-1.46100277E-1
5.00000000E+4	8.70572705E+1	5.05495947E-9	8.54244905E+1	-1.18101385E+1	8.62370163E+1	-1.37381500E-1
5.36133611E+4	8.65658912E+1	4.44384295E-9	8.51362356E+1	-1.10324724E+1	8.58480874E+1	-1.28867958E-1
5.74878498E+4	8.61027744E+1	3.89527474E-9	8.48573654E+1	-1.02801799E+1	8.54778018E+1	-1.20559080E-1
6.16423370E+4	8.56777477E+1	3.40361391E-9	8.45985580E+1	-9.55499053E+0	8.51364429E+1	-1.12468453E-1
6.60970574E+4	8.52815839E+1	2.96330866E-9	8.43524334E+1	-8.85302634E+0	8.48157363E+1	-1.04569999E-1
7.08737081E+4	8.49140366E+1	2.56810596E-9	8.41207714E+1	-8.16884555E+0	8.45164733E+1	-9.68050127E-2
7.59955541E+4	8.45696399E+1	2.21547831E-9	8.38981299E+1	-7.50589198E+0	8.42332157E+1	-8.92268072E-2
8.14875417E+4	8.42530172E+1	1.90101937E-9	8.36902081E+1	-6.86305936E+0	8.39711411E+1	-8.18224337E-2
8.73764200E+4	8.39554997E+1	1.61856092E-9	8.34908304E+1	-6.22860920E+0	8.37228427E+1	-7.44643759E-2
9.36908711E+4	8.36807617E+1	1.36674864E-9	8.33031502E+1	-5.60857825E+0	8.34917425E+1	-6.72258739E-2
1.00461650E+5	8.34296108E+1	1.14162947E-9	8.31291378E+1	-4.99779921E+0	8.32792388E+1	-6.00486305E-2
1.07721735E+5	8.31794791E+1	9.41352984E-10	8.29465075E+1	-4.39592203E+0	8.30629116E+1	-5.29475396E-2
1.15506485E+5	8.29597201E+1	7.63561669E-10	8.27847571E+1	-3.80581765E+0	8.28721924E+1	-4.59401001E-2
1.23853818E+5	8.27527411E+1	6.03439602E-10	8.26279627E+1	-3.21094201E+0	8.26903284E+1	-3.88406930E-2
1.32804389E+5	8.25602323E+1	4.62871163E-10	8.24763647E+1	-2.62998155E+0	8.25182879E+1	-3.18769022E-2
1.42401793E+5	8.23837290E+1	3.34459370E-10	8.23336862E+1	-2.02982066E+0	8.23587038E+1	-2.46485944E-2
1.52692775E+5	8.22234680E+1	2.20727025E-10	8.21985467E+1	-1.43124410E+0	8.22110064E+1	-1.74102789E-2
1.63727458E+5	8.20685780E+1	1.19897456E-10	8.20601691E+1	-8.30654980E-1	8.20643734E+1	-1.01221654E-2
1.75559587E+5	8.19288309E+1	3.02416943E-11	8.19282185E+1	-2.23913890E-1	8.19285247E+1	-2.73304214E-3
1.88246790E+5	8.18301196E+1	-5.14252228E-11	8.18235192E+1	4.07188780E-1	8.18268193E+1	4.97669955E-3
2.01850863E+5	8.16949698E+1	-1.21489779E-10	8.16820269E+1	1.02818684E+0	8.16884981E+1	1.25870106E-2
2.16438064E+5	8.16005498E+1	-1.85178051E-10	8.15661058E+1	1.67612289E+0	8.15833260E+1	2.05463647E-2
2.32079442E+5	8.15080173E+1	-2.42157465E-10	8.14405526E+1	2.34398848E+0	8.14742780E+1	2.87736439E-2
2.48851178E+5	8.14440963E+1	-2.92890951E-10	8.13309512E+1	3.03347988E+0	8.13875041E+1	3.72806887E-2
2.66834962E+5	8.13858068E+1	-3.38434401E-10	8.12126146E+1	3.75032797E+0	8.12991646E+1	4.61463470E-2
2.86118383E+5	8.13571647E+1	-3.78519784E-10	8.11085683E+1	4.49031510E+0	8.12327714E+1	5.53053233E-2
3.06795364E+5	8.13249769E+1	-4.13761262E-10	8.09842461E+1	5.25294513E+0	8.11544327E+1	6.47730588E-2
3.28966612E+5	8.13352388E+1	-4.45930854E-10	8.08806591E+1	6.06348958E+0	8.11076305E+1	7.48283727E-2
3.52740116E+5	8.13505633E+1	-4.73729963E-10	8.07613656E+1	6.89810113E+0	8.10554291E+1	8.52065915E-2
3.78231664E+5	8.13941443E+1	-4.99117750E-10	8.06424556E+1	7.78570208E+0	8.10174281E+1	9.62476236E-2
4.05565415E+5	8.15211464E+1	-5.21056736E-10	8.05769893E+1	8.72180341E+0	8.10476925E+1	1.07822148E-1
4.34874501E+5	8.15427927E+1	-5.42366977E-10	8.03690453E+1	9.71201378E+0	8.09537909E+1	1.20259829E-1
4.66301673E+5	8.17679177E+1	-5.57101545E-10	8.03366953E+1	1.07219756E+1	8.10491453E+1	1.32679256E-1
5.00000000E+5	8.18821662E+1	-5.72419036E-10	8.01442866E+1	1.18011889E+1	8.10085645E+1	1.46198534E-1
