Start time:20240907_12-32-29	sweep/start:500.000	sweep/stop:500000.000	sweep/samplecount:100.000	sweep/xmapping:1.000	sweep/scan:0.000	sweep/averaging/sample:10.000	sweep/settling/time:0.100	sweep/settling/inaccuracy:0.010	sweep/awgcontrol:0.000	sweep/averaging/time:0.100	sweep/averaging/tc:15.000	sweep/bandwidthcontrol:2.000	sweep/sincfilter:0.000	sweep/omegasuppression:80.000	sweep/maxbandwidth:100.000	sweep/bandwidth:1250000.000	sweep/order:8.000	sweep/bandwidthoverlap:1.000																				
Frequency	Param0		Param1		RealZ		ImagZ		AbsZ		PhaseZ		
5.00000000E+2	1.42494172E+3	7.52701396E-7	1.15344887E+2	-3.88658281E+2	4.05413007E+2	-1.28229891E+0
5.36133611E+2	1.28836745E+3	7.41958273E-7	1.13321121E+2	-3.64907548E+2	3.82098416E+2	-1.26969124E+0
5.74878498E+2	1.16523508E+3	7.31534520E-7	1.11186516E+2	-3.42338957E+2	3.59942225E+2	-1.25675903E+0
6.16423370E+2	1.05452900E+3	7.20463699E-7	1.09177750E+2	-3.21265130E+2	3.39309695E+2	-1.24320402E+0
6.60970574E+2	9.55086772E+2	7.08832789E-7	1.07253926E+2	-3.01551559E+2	3.20057423E+2	-1.22907605E+0
7.08737081E+2	8.65886192E+2	6.96478351E-7	1.05439229E+2	-2.83162303E+2	3.02156131E+2	-1.21433936E+0
7.59955541E+2	7.85988922E+2	6.83454019E-7	1.03700451E+2	-2.65995462E+2	2.85494963E+2	-1.19906353E+0
8.14875417E+2	7.14491751E+2	6.69687308E-7	1.02044186E+2	-2.49993390E+2	2.70017988E+2	-1.18325171E+0
8.73764200E+2	6.50473399E+2	6.55246243E-7	1.00452919E+2	-2.35055630E+2	2.55620696E+2	-1.16693008E+0
9.36908711E+2	5.93354718E+2	6.40130053E-7	9.89020424E+1	-2.21138803E+2	2.42247777E+2	-1.15024028E+0
1.00461650E+3	5.42140384E+2	6.24359713E-7	9.74173066E+1	-2.08143496E+2	2.29812637E+2	-1.13305060E+0
1.07721735E+3	4.96384033E+2	6.07935850E-7	9.59800380E+1	-1.96037718E+2	2.18272663E+2	-1.11550340E+0
1.15506485E+3	4.55598710E+2	5.90937365E-7	9.45644864E+1	-1.84772864E+2	2.07565542E+2	-1.09776306E+0
1.23853818E+3	4.19149506E+2	5.73517611E-7	9.31540257E+1	-1.74263561E+2	1.97599245E+2	-1.07988582E+0
1.32804389E+3	3.86573980E+2	5.55578691E-7	9.17847674E+1	-1.64490601E+2	1.88365606E+2	-1.06183642E+0
1.42401793E+3	3.57455380E+2	5.37330156E-7	9.04180653E+1	-1.55386597E+2	1.79778813E+2	-1.04379868E+0
1.52692775E+3	3.31468724E+2	5.18802342E-7	8.90569830E+1	-1.46930108E+2	1.71812698E+2	-1.02589044E+0
1.63727458E+3	3.08167728E+2	5.00153492E-7	8.76944742E+1	-1.39047779E+2	1.64391624E+2	-1.00812386E+0
1.75559587E+3	2.87280031E+2	4.81476820E-7	8.63238640E+1	-1.31709195E+2	1.57477369E+2	-9.90625532E-1
1.88246790E+3	2.68516428E+2	4.62858543E-7	8.49468834E+1	-1.24874575E+2	1.51028583E+2	-9.73443515E-1
2.01850863E+3	2.51652462E+2	4.44477701E-7	8.35377076E+1	-1.18507048E+2	1.44991273E+2	-9.56777559E-1
2.16438064E+3	2.36425783E+2	4.26314274E-7	8.21270130E+1	-1.12570407E+2	1.39344691E+2	-9.40504813E-1
2.32079442E+3	2.22675024E+2	4.08545902E-7	8.06858563E+1	-1.07035121E+2	1.34040012E+2	-9.24851080E-1
2.48851178E+3	2.10198828E+2	3.91193393E-7	7.92294937E+1	-1.01865763E+2	1.29050170E+2	-9.09749688E-1
2.66834962E+3	1.98836125E+2	3.74337135E-7	7.77535302E+1	-9.70288554E+1	1.24339094E+2	-8.95236162E-1
2.86118383E+3	1.88459288E+2	3.58039017E-7	7.62543801E+1	-9.24992714E+1	1.19878463E+2	-8.81366395E-1
3.06795364E+3	1.78957464E+2	3.42300993E-7	7.47414176E+1	-8.82567541E+1	1.15652645E+2	-8.68126026E-1
3.28966612E+3	1.70187033E+2	3.27189506E-7	7.32084091E+1	-8.42594239E+1	1.11620436E+2	-8.55462794E-1
3.52740116E+3	1.62081151E+2	3.12698523E-7	7.16606543E+1	-8.04959114E+1	1.07772173E+2	-8.43399915E-1
3.78231664E+3	1.54538550E+2	2.98817198E-7	7.01055041E+1	-7.69364731E+1	1.04086516E+2	-8.31820699E-1
4.05565415E+3	1.47501517E+2	2.85532596E-7	6.85472199E+1	-7.35669570E+1	1.00552567E+2	-8.20705344E-1
4.34874501E+3	1.40918519E+2	2.72879211E-7	6.69768393E+1	-7.03731465E+1	9.71507944E+1	-8.10120521E-1
4.66301673E+3	1.34718447E+2	2.60718313E-7	6.54294586E+1	-6.73315717E+1	9.38858605E+1	-7.99724531E-1
5.00000000E+3	1.28854971E+2	2.49078096E-7	6.38954275E+1	-6.44252862E+1	9.07372212E+1	-7.89527309E-1
5.36133611E+3	1.23331626E+2	2.38006695E-7	6.23591912E+1	-6.16619135E+1	8.76975507E+1	-7.79775975E-1
5.74878498E+3	1.18065695E+2	2.27373188E-7	6.08511384E+1	-5.90048369E+1	8.47610282E+1	-7.69995047E-1
6.16423370E+3	1.13054310E+2	2.17137373E-7	5.93777239E+1	-5.64552334E+1	8.19323352E+1	-7.60173298E-1
6.60970574E+3	1.08279134E+2	2.07304660E-7	5.79335237E+1	-5.40064676E+1	7.92022206E+1	-7.50330747E-1
7.08737081E+3	1.03722836E+2	1.97827851E-7	5.65266486E+1	-5.16511586E+1	7.65709099E+1	-7.40359416E-1
7.59955541E+3	9.93639854E+1	1.88691893E-7	5.51564160E+1	-4.93794592E+1	7.40308130E+1	-7.30191407E-1
8.14875417E+3	9.51993665E+1	1.79842728E-7	5.38331472E+1	-4.71897619E+1	7.15882773E+1	-7.19731534E-1
8.73764200E+3	9.12238772E+1	1.71269499E-7	5.25561380E+1	-4.50802283E+1	6.92414230E+1	-7.08978371E-1
9.36908711E+3	8.74371398E+1	1.62976584E-7	5.13214695E+1	-4.30524012E+1	6.69880772E+1	-6.98001049E-1
1.00461650E+4	8.38118178E+1	1.54896719E-7	5.01412488E+1	-4.10887373E+1	6.48261459E+1	-6.86494550E-1
1.07721735E+4	8.03675155E+1	1.47040112E-7	4.90125448E+1	-3.92018734E+1	6.27615841E+1	-6.74639388E-1
1.15506485E+4	7.70833427E+1	1.39404560E-7	4.79313945E+1	-3.73803889E+1	6.07841434E+1	-6.62347177E-1
1.23853818E+4	7.39607927E+1	1.31978236E-7	4.68992645E+1	-3.56253521E+1	5.88957278E+1	-6.49625922E-1
1.32804389E+4	7.09956731E+1	1.24736099E-7	4.59206740E+1	-3.39331818E+1	5.70978909E+1	-6.36392923E-1
1.42401793E+4	6.81858405E+1	1.17713201E-7	4.49852326E+1	-3.23061091E+1	5.53837149E+1	-6.22803075E-1
1.52692775E+4	6.55263372E+1	1.10882337E-7	4.40985421E+1	-3.07397823E+1	5.37551471E+1	-6.08757006E-1
1.63727458E+4	6.30098721E+1	1.04251819E-7	4.32565801E+1	-2.92311390E+1	5.22071974E+1	-5.94272741E-1
1.75559587E+4	6.06349027E+1	9.78085371E-8	4.24624717E+1	-2.77785208E+1	5.07415787E+1	-5.79315040E-1
1.88246790E+4	5.84003698E+1	9.15703346E-8	4.17119218E+1	-2.63838419E+1	4.93557658E+1	-5.63992398E-1
2.01850863E+4	5.63023761E+1	8.55369807E-8	4.10049455E+1	-2.50453641E+1	4.80486821E+1	-5.48314743E-1
2.16438064E+4	5.43301113E+1	7.97261356E-8	4.03346327E+1	-2.37592607E+1	4.68122322E+1	-5.32331794E-1
2.32079442E+4	5.24747693E+1	7.41372280E-8	3.96990137E+1	-2.25207646E+1	4.56420483E+1	-5.16019008E-1
2.48851178E+4	5.07401036E+1	6.87558269E-8	3.91045237E+1	-2.13308084E+1	4.45439950E+1	-4.99367794E-1
2.66834962E+4	4.91110222E+1	6.36141071E-8	3.85379984E+1	-2.01857152E+1	4.35044880E+1	-4.82495879E-1
2.86118383E+4	4.75955911E+1	5.86846108E-8	3.80115454E+1	-1.90867547E+1	4.25344793E+1	-4.65350519E-1
3.06795364E+4	4.61820330E+1	5.40006845E-8	3.75127873E+1	-1.80335115E+1	4.16223110E+1	-4.48112876E-1
3.28966612E+4	4.48607325E+1	4.95479954E-8	3.70419055E+1	-1.70183501E+1	4.07642860E+1	-4.30672366E-1
3.52740116E+4	4.36298266E+1	4.53212088E-8	3.66003277E+1	-1.60400109E+1	3.99608051E+1	-4.13037883E-1
3.78231664E+4	4.24867209E+1	4.13349860E-8	3.61839254E+1	-1.51016512E+1	3.92088809E+1	-3.95380051E-1
4.05565415E+4	4.14240270E+1	3.75746282E-8	3.57931558E+1	-1.41967122E+1	3.85058002E+1	-3.77599590E-1
4.34874501E+4	4.04374156E+1	3.40434867E-8	3.54251489E+1	-1.33251748E+1	3.78484011E+1	-3.59778633E-1
4.66301673E+4	3.95246349E+1	3.07343659E-8	3.50808949E+1	-1.24856061E+1	3.72365353E+1	-3.41929228E-1
5.00000000E+4	3.86735832E+1	2.76449296E-8	3.47529901E+1	-1.16727168E+1	3.66609145E+1	-3.24037760E-1
5.36133611E+4	3.78897486E+1	2.47658049E-8	3.44477186E+1	-1.08889885E+1	3.61277649E+1	-3.06162919E-1
5.74878498E+4	3.71663230E+1	2.20921402E-8	3.41614701E+1	-1.01316428E+1	3.56322358E+1	-2.88317149E-1
6.16423370E+4	3.64944174E+1	1.96138245E-8	3.38896859E+1	-9.39539897E+0	3.51679448E+1	-2.70442660E-1
6.60970574E+4	3.58744352E+1	1.73244877E-8	3.36337044E+1	-8.68124811E+0	3.47360065E+1	-2.52598387E-1
7.08737081E+4	3.53044493E+1	1.52120755E-8	3.33944209E+1	-7.98650654E+0	3.43361564E+1	-2.34747656E-1
7.59955541E+4	3.47783050E+1	1.32667733E-8	3.31683721E+1	-7.30745121E+0	3.39638007E+1	-2.16849631E-1
8.14875417E+4	3.42950970E+1	1.14842655E-8	3.29550063E+1	-6.64550119E+0	3.36183750E+1	-1.98985214E-1
8.73764200E+4	3.38522969E+1	9.85040457E-9	3.27545448E+1	-5.99636255E+0	3.32988975E+1	-1.81064640E-1
9.36908711E+4	3.34453216E+1	8.35794585E-9	3.25635500E+1	-5.35850671E+0	3.30014909E+1	-1.63093739E-1
1.00461650E+5	3.30727000E+1	6.99617273E-9	3.23819454E+1	-4.72947890E+0	3.27255003E+1	-1.45027540E-1
1.07721735E+5	3.27353234E+1	5.75920863E-9	3.22108449E+1	-4.11021713E+0	3.24720253E+1	-1.26917632E-1
1.15506485E+5	3.24295877E+1	4.62999081E-9	3.20490211E+1	-3.49238859E+0	3.22387428E+1	-1.08541935E-1
1.23853818E+5	3.21565631E+1	3.60698599E-9	3.18966951E+1	-2.87904892E+0	3.20263655E+1	-9.00177329E-2
1.32804389E+5	3.19222405E+1	2.66220666E-9	3.17625151E+1	-2.25238544E+0	3.18422776E+1	-7.07947753E-2
1.42401793E+5	3.16973152E+1	1.84339362E-9	3.16109159E+1	-1.65261970E+0	3.16540861E+1	-5.22324817E-2
1.52692775E+5	3.15111952E+1	1.08793407E-9	3.14771441E+1	-1.03528790E+0	3.14941651E+1	-3.28782947E-2
1.63727458E+5	3.13547231E+1	4.05709395E-10	3.13493541E+1	-4.10249492E-1	3.13520385E+1	-1.30856303E-2
1.75559587E+5	3.12241434E+1	-2.06782313E-10	3.12225593E+1	2.22370367E-1	3.12233514E+1	7.12198460E-3
1.88246790E+5	3.11153277E+1	-7.46876190E-10	3.10843980E+1	8.54300249E-1	3.10998560E+1	2.74750553E-2
2.01850863E+5	3.10622473E+1	-1.24877976E-9	3.09872504E+1	1.52444666E+0	3.10247262E+1	4.91563014E-2
2.16438064E+5	3.10300392E+1	-1.68631751E-9	3.08737028E+1	2.19696890E+0	3.09517723E+1	7.10401285E-2
2.32079442E+5	3.10311629E+1	-2.07575406E-9	3.07597908E+1	2.88917515E+0	3.08951789E+1	9.36522434E-2
2.48851178E+5	3.10728617E+1	-2.41979714E-9	3.06492383E+1	3.60329199E+0	3.08603231E+1	1.17028265E-1
2.66834962E+5	3.11596230E+1	-2.72480315E-9	3.05407754E+1	4.34740217E+0	3.08486473E+1	1.41397560E-1
2.86118383E+5	3.12866315E+1	-2.98778947E-9	3.04273536E+1	5.11326847E+0	3.08540013E+1	1.66492775E-1
3.06795364E+5	3.14647558E+1	-3.21619611E-9	3.03113131E+1	5.91289630E+0	3.08826499E+1	1.92652894E-1
3.28966612E+5	3.17019926E+1	-3.40878508E-9	3.01954598E+1	6.74464905E+0	3.09395578E+1	2.19758972E-1
3.52740116E+5	3.20035356E+1	-3.56913050E-9	3.00759644E+1	7.61403009E+0	3.10247835E+1	2.47950535E-1
3.78231664E+5	3.23786811E+1	-3.70175784E-9	2.99487755E+1	8.53068332E+0	3.11400360E+1	2.77493490E-1
4.05565415E+5	3.28443001E+1	-3.80620875E-9	2.98182805E+1	9.49895748E+0	3.12947361E+1	3.08397543E-1
4.34874501E+5	3.33996187E+1	-3.87964154E-9	2.96790794E+1	1.05081698E+1	3.14844386E+1	3.40287020E-1
4.66301673E+5	3.40413959E+1	-3.92725661E-9	2.95133597E+1	1.15601231E+1	3.16966215E+1	3.73322801E-1
5.00000000E+5	3.48338327E+1	-3.95046286E-9	2.93486975E+1	1.26878331E+1	3.19738572E+1	4.08048795E-1
