Start time:20240906_02-16-11	sweep/start:500.000	sweep/stop:500000.000	sweep/samplecount:100.000	sweep/xmapping:1.000	sweep/scan:0.000	sweep/averaging/sample:10.000	sweep/settling/time:0.100	sweep/settling/inaccuracy:0.010	sweep/awgcontrol:0.000	sweep/averaging/time:0.100	sweep/averaging/tc:15.000	sweep/bandwidthcontrol:2.000	sweep/sincfilter:0.000	sweep/omegasuppression:80.000	sweep/maxbandwidth:100.000	sweep/bandwidth:1250000.000	sweep/order:8.000	sweep/bandwidthoverlap:1.000																				
Frequency	Param0		Param1		RealZ		ImagZ		AbsZ		PhaseZ		
5.00000000E+2	1.40561955E+3	7.29896974E-7	1.23423056E+2	-3.97809670E+2	4.16516256E+2	-1.26995661E+0
5.36133611E+2	1.27086596E+3	7.19550632E-7	1.21159935E+2	-3.73226750E+2	3.92400238E+2	-1.25690073E+0
5.74878498E+2	1.15007729E+3	7.08788105E-7	1.18937526E+2	-3.50201613E+2	3.69847684E+2	-1.24339319E+0
6.16423370E+2	1.04115475E+3	6.97240788E-7	1.16915127E+2	-3.28721051E+2	3.48893513E+2	-1.22908216E+0
6.60970574E+2	9.43827702E+2	6.85010816E-7	1.14967989E+2	-3.08694479E+2	3.29408449E+2	-1.21427813E+0
7.08737081E+2	8.56920931E+2	6.72192751E-7	1.13056331E+2	-2.89997502E+2	3.11255991E+2	-1.19906805E+0
7.59955541E+2	7.78892596E+2	6.58619164E-7	1.11268491E+2	-2.72553644E+2	2.94391188E+2	-1.18320301E+0
8.14875417E+2	7.09221568E+2	6.44359677E-7	1.09536867E+2	-2.56295851E+2	2.78721890E+2	-1.16690774E+0
8.73764200E+2	6.46798358E+2	6.29418725E-7	1.07883467E+2	-2.41122356E+2	2.64156839E+2	-1.15008827E+0
9.36908711E+2	5.91111262E+2	6.13910178E-7	1.06247229E+2	-2.26970151E+2	2.50607113E+2	-1.13298377E+0
1.00461650E+3	5.41449406E+2	5.97706648E-7	1.04667609E+2	-2.13815096E+2	2.38059248E+2	-1.11556463E+0
1.07721735E+3	4.96981226E+2	5.80911668E-7	1.03145179E+2	-2.01549709E+2	2.26409395E+2	-1.09778465E+0
1.15506485E+3	4.57330861E+2	5.63679158E-7	1.01623737E+2	-1.90127014E+2	2.15582157E+2	-1.07992767E+0
1.23853818E+3	4.21902886E+2	5.46055352E-7	1.00113891E+2	-1.79486892E+2	2.05519674E+2	-1.06200092E+0
1.32804389E+3	3.90289632E+2	5.28103309E-7	9.86080931E+1	-1.69594099E+2	1.96177764E+2	-1.04413877E+0
1.42401793E+3	3.62023072E+2	5.09884355E-7	9.71153862E+1	-1.60395169E+2	1.87504690E+2	-1.02636026E+0
1.52692775E+3	3.36711431E+2	4.91553247E-7	9.56167641E+1	-1.51831125E+2	1.79430367E+2	-1.00878332E+0
1.63727458E+3	3.13991010E+2	4.73205804E-7	9.41122211E+1	-1.43851590E+2	1.71902270E+2	-9.91452262E-1
1.75559587E+3	2.93615650E+2	4.54956157E-7	9.25872370E+1	-1.36428236E+2	1.64878927E+2	-9.74542314E-1
1.88246790E+3	2.75258309E+2	4.36882164E-7	9.10506836E+1	-1.29507641E+2	1.58311265E+2	-9.58024577E-1
2.01850863E+3	2.58738375E+2	4.19063649E-7	8.94963851E+1	-1.23071303E+2	1.52171445E+2	-9.42053275E-1
2.16438064E+3	2.43761196E+2	4.01600170E-7	8.79265574E+1	-1.17055554E+2	1.46400418E+2	-9.26558106E-1
2.32079442E+3	2.30199034E+2	3.84621355E-7	8.63174193E+1	-1.11442761E+2	1.40961648E+2	-9.11770661E-1
2.48851178E+3	2.17841730E+2	3.68120914E-7	8.46914788E+1	-1.06191766E+2	1.35828340E+2	-8.97561226E-1
2.66834962E+3	2.06589361E+2	3.52161506E-7	8.30409489E+1	-1.01289570E+2	1.30978534E+2	-8.84076080E-1
2.86118383E+3	1.96237070E+2	3.36783990E-7	8.13716448E+1	-9.66787884E+1	1.26365078E+2	-8.71158124E-1
3.06795364E+3	1.86727188E+2	3.22000312E-7	7.96843038E+1	-9.23560345E+1	1.21980431E+2	-8.58920975E-1
3.28966612E+3	1.77915400E+2	3.07849248E-7	7.79769203E+1	-8.82773725E+1	1.17784951E+2	-8.47275077E-1
3.52740116E+3	1.69741754E+2	2.94289081E-7	7.62633791E+1	-8.44332668E+1	1.13776446E+2	-8.36194864E-1
3.78231664E+3	1.62102854E+2	2.81349159E-7	7.45383731E+1	-8.07893164E+1	1.09922167E+2	-8.25620044E-1
4.05565415E+3	1.54960947E+2	2.68956793E-7	7.28215914E+1	-7.73402746E+1	1.06228539E+2	-8.15481167E-1
4.34874501E+3	1.48217960E+2	2.57164260E-7	7.10979058E+1	-7.40477810E+1	1.02654695E+2	-8.05718911E-1
4.66301673E+3	1.41882729E+2	2.45925200E-7	6.93768366E+1	-7.09241087E+1	9.92137832E+1	-7.96425955E-1
5.00000000E+3	1.35870942E+2	2.35121417E-7	6.76900922E+1	-6.79350258E+1	9.59015978E+1	-7.87204119E-1
5.36133611E+3	1.30165373E+2	2.24838948E-7	6.60087618E+1	-6.50760961E+1	9.26933385E+1	-7.78283308E-1
5.74878498E+3	1.24723936E+2	2.14957558E-7	6.43631987E+1	-6.23298482E+1	8.95970502E+1	-7.69350119E-1
6.16423370E+3	1.19529796E+2	2.05512995E-7	6.27384168E+1	-5.96908795E+1	8.65974023E+1	-7.60511080E-1
6.60970574E+3	1.14567630E+2	1.96393295E-7	6.11622759E+1	-5.71523653E+1	8.37091209E+1	-7.51519209E-1
7.08737081E+3	1.09828921E+2	1.87611987E-7	5.96265439E+1	-5.47119200E+1	8.09241557E+1	-7.42441486E-1
7.59955541E+3	1.05278817E+2	1.79161791E-7	5.81276967E+1	-5.23525159E+1	7.82279689E+1	-7.33172255E-1
8.14875417E+3	1.00922789E+2	1.70964298E-7	5.66846419E+1	-5.00761756E+1	7.56357857E+1	-7.23577305E-1
8.73764200E+3	9.67593058E+1	1.63035537E-7	5.52890124E+1	-4.78837287E+1	7.31418240E+1	-7.13745457E-1
9.36908711E+3	9.27817067E+1	1.55347134E-7	5.39452967E+1	-4.57716245E+1	7.07469906E+1	-7.03612250E-1
1.00461650E+4	8.89760704E+1	1.47868413E-7	5.26580388E+1	-4.37314104E+1	6.84492903E+1	-6.93051553E-1
1.07721735E+4	8.53398063E+1	1.40617753E-7	5.14186476E+1	-4.17633817E+1	6.62424139E+1	-6.82149371E-1
1.15506485E+4	8.18689400E+1	1.33547469E-7	5.02378935E+1	-3.98632299E+1	6.41320752E+1	-6.70758361E-1
1.23853818E+4	7.85635071E+1	1.26679601E-7	4.91071784E+1	-3.80331052E+1	6.21130592E+1	-6.58992468E-1
1.32804389E+4	7.54169101E+1	1.19988115E-7	4.80312820E+1	-3.62679859E+1	6.01861352E+1	-6.46751357E-1
1.42401793E+4	7.24270947E+1	1.13478487E-7	4.70068014E+1	-3.45677108E+1	5.83486593E+1	-6.34076381E-1
1.52692775E+4	6.95851105E+1	1.07149306E-7	4.60312930E+1	-3.29273800E+1	5.65958700E+1	-6.20937977E-1
1.63727458E+4	6.68949955E+1	1.00987602E-7	4.51085915E+1	-3.13488995E+1	5.49321296E+1	-6.07338862E-1
1.75559587E+4	6.43478685E+1	9.50282105E-8	4.42262658E+1	-2.98312455E+1	5.33466577E+1	-5.93415871E-1
1.88246790E+4	6.19353867E+1	8.92364307E-8	4.33920723E+1	-2.83660494E+1	5.18411492E+1	-5.78982408E-1
2.01850863E+4	5.96721411E+1	8.36097896E-8	4.26112211E+1	-2.69626883E+1	5.04252196E+1	-5.64160292E-1
2.16438064E+4	5.75292376E+1	7.81783333E-8	4.18671281E+1	-2.56071770E+1	4.90773262E+1	-5.48926858E-1
2.32079442E+4	5.55136079E+1	7.29478197E-8	4.11607128E+1	-2.43058697E+1	4.78014607E+1	-5.33413373E-1
2.48851178E+4	5.36210396E+1	6.79043402E-8	4.04956234E+1	-2.30547482E+1	4.65984689E+1	-5.17550979E-1
2.66834962E+4	5.18423310E+1	6.30503132E-8	3.98688060E+1	-2.18487996E+1	4.54630819E+1	-5.01319790E-1
2.86118383E+4	5.01710555E+1	5.83969962E-8	3.92752791E+1	-2.06865753E+1	4.43901132E+1	-4.84784450E-1
3.06795364E+4	4.86134038E+1	5.39504263E-8	3.87173002E+1	-1.95742277E+1	4.33840955E+1	-4.68092073E-1
3.28966612E+4	4.71528282E+1	4.97097770E-8	3.81888784E+1	-1.85019775E+1	4.24348161E+1	-4.51159573E-1
3.52740116E+4	4.57870224E+1	4.56727992E-8	3.76904552E+1	-1.74689234E+1	4.15419513E+1	-4.34010476E-1
3.78231664E+4	4.45152639E+1	4.18358469E-8	3.72238486E+1	-1.64746628E+1	4.07066265E+1	-4.16669310E-1
4.05565415E+4	4.33285082E+1	3.82065077E-8	3.67829039E+1	-1.55166467E+1	3.99217779E+1	-3.99194437E-1
4.34874501E+4	4.22239188E+1	3.47818591E-8	3.63675972E+1	-1.45938457E+1	3.91865088E+1	-3.81615406E-1
4.66301673E+4	4.11960980E+1	3.15568254E-8	3.59767694E+1	-1.37030862E+1	3.84980846E+1	-3.63921919E-1
5.00000000E+4	4.02385034E+1	2.85269306E-8	3.56078785E+1	-1.28408222E+1	3.78524469E+1	-3.46102079E-1
5.36133611E+4	3.93520092E+1	2.56916408E-8	3.52619494E+1	-1.20093078E+1	3.72508866E+1	-3.28253055E-1
5.74878498E+4	3.85282873E+1	2.30439306E-8	3.49353509E+1	-1.12035925E+1	3.66878622E+1	-3.10333264E-1
6.16423370E+4	3.77632165E+1	2.05763791E-8	3.46269823E+1	-1.04210514E+1	3.61611149E+1	-2.92329742E-1
6.60970574E+4	3.70570673E+1	1.82873503E-8	3.43372879E+1	-9.66384194E+0	3.56712656E+1	-2.74342316E-1
7.08737081E+4	3.64021824E+1	1.61619081E-8	3.40640632E+1	-8.92445135E+0	3.52137223E+1	-2.56231351E-1
7.59955541E+4	3.57984385E+1	1.42011146E-8	3.38063550E+1	-8.20640434E+0	3.47881405E+1	-2.38141113E-1
8.14875417E+4	3.52426288E+1	1.23893738E-8	3.35651166E+1	-7.50372464E+0	3.43936468E+1	-2.19940775E-1
8.73764200E+4	3.47276386E+1	1.07259090E-8	3.33336787E+1	-6.81658278E+0	3.40235205E+1	-2.01714266E-1
9.36908711E+4	3.42572548E+1	9.19596693E-9	3.31182597E+1	-6.14178477E+0	3.36829432E+1	-1.83366945E-1
1.00461650E+5	3.38230778E+1	7.79521881E-9	3.29115056E+1	-5.47733557E+0	3.33641786E+1	-1.64914666E-1
1.07721735E+5	3.34285222E+1	6.51096722E-9	3.27184786E+1	-4.81991067E+0	3.30715949E+1	-1.46262643E-1
1.15506485E+5	3.30684112E+1	5.33971478E-9	3.25341242E+1	-4.16923852E+0	3.28001799E+1	-1.27455034E-1
1.23853818E+5	3.27439435E+1	4.27214056E-9	3.23604600E+1	-3.52273887E+0	3.25516370E+1	-1.08432383E-1
1.32804389E+5	3.24520247E+1	3.30163604E-9	3.21946750E+1	-2.87837402E+0	3.23230937E+1	-8.91682063E-2
1.42401793E+5	3.21912731E+1	2.42265265E-9	3.20352898E+1	-2.23538985E+0	3.21131868E+1	-6.96660569E-2
1.52692775E+5	3.19649504E+1	1.62269416E-9	3.18859881E+1	-1.58675159E+0	3.19254449E+1	-4.97222706E-2
1.63727458E+5	3.17679027E+1	9.01742603E-10	3.17403373E+1	-9.35371283E-1	3.17541170E+1	-2.94609558E-2
1.75559587E+5	3.16039583E+1	2.50526209E-10	3.16015475E+1	-2.75998797E-1	3.16027529E+1	-8.73349162E-3
1.88246790E+5	3.14654015E+1	-3.29822985E-10	3.14565162E+1	3.86158604E-1	3.14609582E+1	1.22740564E-2
2.01850863E+5	3.13742207E+1	-8.61774712E-10	3.13373721E+1	1.07458253E+0	3.13557910E+1	3.42773349E-2
2.16438064E+5	3.13134582E+1	-1.33351935E-9	3.12128062E+1	1.77246096E+0	3.12630917E+1	5.67254161E-2
2.32079442E+5	3.12862105E+1	-1.75558027E-9	3.10867958E+1	2.48980982E+0	3.11863437E+1	7.99215945E-2
2.48851178E+5	3.13005985E+1	-2.12936609E-9	3.09643131E+1	3.22688828E+0	3.11320017E+1	1.03838320E-1
2.66834962E+5	3.13611318E+1	-2.45830099E-9	3.08457876E+1	3.98699176E+0	3.11023924E+1	1.28542919E-1
2.86118383E+5	3.14643037E+1	-2.74706461E-9	3.07225100E+1	4.77385675E+0	3.10911947E+1	1.54153489E-1
3.06795364E+5	3.16240688E+1	-2.99873618E-9	3.06014544E+1	5.59405521E+0	3.11085599E+1	1.80807186E-1
3.28966612E+5	3.18350281E+1	-3.21319033E-9	3.04727695E+1	6.44295531E+0	3.11464519E+1	2.08364497E-1
3.52740116E+5	3.21211526E+1	-3.39490751E-9	3.03484170E+1	7.33482587E+0	3.12222057E+1	2.37139733E-1
3.78231664E+5	3.24737099E+1	-3.54481359E-9	3.02126324E+1	8.26516719E+0	3.13227753E+1	2.67033086E-1
4.05565415E+5	3.29264482E+1	-3.66158384E-9	3.00866619E+1	9.24333375E+0	3.14745433E+1	2.98070686E-1
4.34874501E+5	3.34573214E+1	-3.75362500E-9	2.99326537E+1	1.02714284E+1	3.16459535E+1	3.30560556E-1
4.66301673E+5	3.40899949E+1	-3.81533542E-9	2.97673081E+1	1.13434480E+1	3.18554119E+1	3.64082485E-1
NaN	NaN	NaN	NaN	NaN	NaN	NaN
