Start time:20240905_16-52-09	sweep/start:500.000	sweep/stop:500000.000	sweep/samplecount:100.000	sweep/xmapping:1.000	sweep/scan:0.000	sweep/averaging/sample:10.000	sweep/settling/time:0.100	sweep/settling/inaccuracy:0.010	sweep/awgcontrol:0.000	sweep/averaging/time:0.100	sweep/averaging/tc:15.000	sweep/bandwidthcontrol:2.000	sweep/sincfilter:0.000	sweep/omegasuppression:80.000	sweep/maxbandwidth:100.000	sweep/bandwidth:1250000.000	sweep/order:8.000	sweep/bandwidthoverlap:1.000																				
Frequency	Param0		Param1		RealZ		ImagZ		AbsZ		PhaseZ		
5.00000000E+2	1.37685199E+3	7.26315429E-7	1.26663366E+2	-3.97935867E+2	4.17608160E+2	-1.26263536E+0
5.36133611E+2	1.24394558E+3	7.15737798E-7	1.24452906E+2	-3.73261305E+2	3.93462246E+2	-1.24896749E+0
5.74878498E+2	1.12603938E+3	7.04609879E-7	1.22219271E+2	-3.50265695E+2	3.70976574E+2	-1.23507237E+0
6.16423370E+2	1.01967951E+3	6.92789505E-7	1.20160705E+2	-3.28765527E+2	3.50036243E+2	-1.22038863E+0
6.60970574E+2	9.24344085E+2	6.80169982E-7	1.18240137E+2	-3.08729345E+2	3.30597251E+2	-1.20503952E+0
7.08737081E+2	8.39388784E+2	6.66908698E-7	1.16351435E+2	-2.90045509E+2	3.12512494E+2	-1.18929993E+0
7.59955541E+2	7.63151971E+2	6.52907789E-7	1.14577229E+2	-2.72602011E+2	2.95702222E+2	-1.17290523E+0
8.14875417E+2	6.95047498E+2	6.38203811E-7	1.12867178E+2	-2.56337735E+2	2.80085767E+2	-1.15603267E+0
8.73764200E+2	6.34307384E+2	6.22774669E-7	1.11216150E+2	-2.41197386E+2	2.65603489E+2	-1.13874995E+0
9.36908711E+2	5.80056922E+2	6.06731830E-7	1.09604154E+2	-2.27076128E+2	2.52144087E+2	-1.12110388E+0
1.00461650E+3	5.31681588E+2	5.89965973E-7	1.08059134E+2	-2.13953898E+2	2.39693655E+2	-1.10311049E+0
1.07721735E+3	4.88419094E+2	5.72830691E-7	1.06503368E+2	-2.01681199E+2	2.28075151E+2	-1.08493959E+0
1.15506485E+3	4.49826285E+2	5.55067664E-7	1.05010583E+2	-1.90287400E+2	2.17339638E+2	-1.06653194E+0
1.23853818E+3	4.15436473E+2	5.36925276E-7	1.03519748E+2	-1.79692898E+2	2.07378583E+2	-1.04814133E+0
1.32804389E+3	3.84693335E+2	5.18525509E-7	1.02027832E+2	-1.69822693E+2	1.98114679E+2	-1.02979591E+0
1.42401793E+3	3.57192560E+2	4.99909535E-7	1.00544729E+2	-1.60638056E+2	1.89509440E+2	-1.01154395E+0
1.52692775E+3	3.32675795E+2	4.81196378E-7	9.90471986E+1	-1.52119218E+2	1.81523014E+2	-9.93637243E-1
1.63727458E+3	3.10634410E+2	4.62515076E-7	9.75454902E+1	-1.44173029E+2	1.74071782E+2	-9.75957718E-1
1.75559587E+3	2.90881444E+2	4.43932476E-7	9.60332593E+1	-1.36791467E+2	1.67135552E+2	-9.58701676E-1
1.88246790E+3	2.73119231E+2	4.25622360E-7	9.44897660E+1	-1.29917879E+2	1.60645484E+2	-9.41979723E-1
2.01850863E+3	2.57125824E+2	4.07624880E-7	9.29262361E+1	-1.23525094E+2	1.54575983E+2	-9.25833589E-1
2.16438064E+3	2.42673687E+2	3.90019063E-7	9.13440065E+1	-1.17571505E+2	1.48885145E+2	-9.10285970E-1
2.32079442E+3	2.29560110E+2	3.72924248E-7	8.97294792E+1	-1.12013076E+2	1.43521109E+2	-8.95407831E-1
2.48851178E+3	2.17619306E+2	3.56412483E-7	8.80781251E+1	-1.06816402E+2	1.38446741E+2	-8.81249275E-1
2.66834962E+3	2.06738181E+2	3.40446360E-7	8.64122437E+1	-1.01968788E+2	1.33658931E+2	-8.67791414E-1
2.86118383E+3	1.96754130E+2	3.25128586E-7	8.47150157E+1	-9.74237912E+1	1.29104721E+2	-8.55060480E-1
3.06795364E+3	1.87556811E+2	3.10457272E-7	8.29944142E+1	-9.31562909E+1	1.24764448E+2	-8.43022834E-1
3.28966612E+3	1.79049716E+2	2.96459540E-7	8.12472110E+1	-8.91413506E+1	1.20612146E+2	-8.31695276E-1
3.52740116E+3	1.71141152E+2	2.83088926E-7	7.94901310E+1	-8.53542694E+1	1.16636325E+2	-8.20956947E-1
3.78231664E+3	1.63779462E+2	2.70380515E-7	7.77125401E+1	-8.17831205E+1	1.12817188E+2	-8.10914198E-1
4.05565415E+3	1.56852672E+2	2.58267448E-7	7.59346975E+1	-7.83867423E+1	1.09135512E+2	-8.01286032E-1
4.34874501E+3	1.50333644E+2	2.46792108E-7	7.41403141E+1	-7.51598110E+1	1.05573593E+2	-7.92226562E-1
4.66301673E+3	1.44167367E+2	2.35843590E-7	7.23595579E+1	-7.20831541E+1	1.02136609E+2	-7.83484579E-1
5.00000000E+3	1.38326239E+2	2.25401390E-7	7.05944440E+1	-6.91483044E+1	9.88183369E+1	-7.75049950E-1
5.36133611E+3	1.32757262E+2	2.15453701E-7	6.88435872E+1	-6.63328467E+1	9.56006595E+1	-7.66826495E-1
5.74878498E+3	1.27436316E+2	2.05979432E-7	6.71080664E+1	-6.36279189E+1	9.24770496E+1	-7.58784786E-1
6.16423370E+3	1.22338378E+2	1.96923226E-7	6.53993057E+1	-6.10227470E+1	8.94474422E+1	-7.50793349E-1
6.60970574E+3	1.17468432E+2	1.88214401E-7	6.37346345E+1	-5.85209690E+1	8.65263401E+1	-7.42778371E-1
7.08737081E+3	1.12784583E+2	1.79855272E-7	6.21069667E+1	-5.61019865E+1	8.36941352E+1	-7.34642089E-1
7.59955541E+3	1.08282543E+2	1.71812565E-7	6.05215780E+1	-5.37640110E+1	8.09532602E+1	-7.26338151E-1
8.14875417E+3	1.03956311E+2	1.64063470E-7	5.89806693E+1	-5.15043037E+1	7.83033379E+1	-7.17832549E-1
8.73764200E+3	9.98040858E+1	1.56583152E-7	5.74876270E+1	-4.93221320E+1	7.57462871E+1	-7.09097618E-1
9.36908711E+3	9.58156757E+1	1.49315403E-7	5.60551478E+1	-4.72099801E+1	7.32868463E+1	-6.99951791E-1
1.00461650E+4	9.19947803E+1	1.42277761E-7	5.46744646E+1	-4.51715422E+1	7.09208385E+1	-6.90508202E-1
1.07721735E+4	8.83232062E+1	1.35449725E-7	5.33465319E+1	-4.31958820E+1	6.86420914E+1	-6.80641185E-1
1.15506485E+4	8.48126380E+1	1.28804750E-7	5.20778085E+1	-4.12887165E+1	6.64594334E+1	-6.70352111E-1
1.23853818E+4	8.14579061E+1	1.22346738E-7	5.08637629E+1	-3.94478540E+1	6.43681256E+1	-6.59659273E-1
1.32804389E+4	7.82451880E+1	1.16074174E-7	4.97002270E+1	-3.76655147E+1	6.23602725E+1	-6.48508734E-1
1.42401793E+4	7.51872150E+1	1.09961103E-7	4.85952404E+1	-3.59477855E+1	6.04461806E+1	-6.36901539E-1
1.52692775E+4	7.22729301E+1	1.04015310E-7	4.75427610E+1	-3.42890663E+1	5.86178684E+1	-6.24829875E-1
1.63727458E+4	6.94916559E+1	9.82356247E-8	4.65393425E+1	-3.26831004E+1	5.68691111E+1	-6.12246618E-1
1.75559587E+4	6.68549705E+1	9.26211915E-8	4.55866009E+1	-3.11376381E+1	5.52058946E+1	-5.99254986E-1
1.88246790E+4	6.43592114E+1	8.71687815E-8	4.46842855E+1	-2.96506309E+1	5.36269088E+1	-5.85847608E-1
2.01850863E+4	6.19932576E+1	8.18772436E-8	4.38295842E+1	-2.82153530E+1	5.21261803E+1	-5.71969926E-1
2.16438064E+4	5.97527995E+1	7.67489036E-8	4.30202858E+1	-2.68297875E+1	5.07009123E+1	-5.57631057E-1
2.32079442E+4	5.76378409E+1	7.17921704E-8	4.22538506E+1	-2.54957393E+1	4.93499817E+1	-5.42911685E-1
2.48851178E+4	5.56369515E+1	6.70141013E-8	4.15244967E+1	-2.42076916E+1	4.80655422E+1	-5.27806124E-1
2.66834962E+4	5.37633055E+1	6.24060865E-8	4.08403798E+1	-2.29733996E+1	4.68584442E+1	-5.12402214E-1
2.86118383E+4	5.19948389E+1	5.79736419E-8	4.01922906E+1	-2.17800653E+1	4.57142388E+1	-4.96600498E-1
3.06795364E+4	5.03338435E+1	5.37112846E-8	3.95834910E+1	-2.06285350E+1	4.46361876E+1	-4.80416116E-1
3.28966612E+4	4.87777126E+1	4.96411366E-8	3.90068921E+1	-1.95225338E+1	4.36195709E+1	-4.64039008E-1
3.52740116E+4	4.73188388E+1	4.57542079E-8	3.84627821E+1	-1.84561254E+1	4.26616242E+1	-4.47392972E-1
3.78231664E+4	4.59513778E+1	4.20536346E-8	3.79480723E+1	-1.74272775E+1	4.17584268E+1	-4.30511391E-1
4.05565415E+4	4.46753800E+1	3.85281078E-8	3.74672131E+1	-1.64338040E+1	4.09128584E+1	-4.13348666E-1
4.34874501E+4	4.34844188E+1	3.51963078E-8	3.70116812E+1	-1.54779483E+1	4.01177199E+1	-3.96089176E-1
4.66301673E+4	4.23730971E+1	3.20437500E-8	3.65835264E+1	-1.45534498E+1	3.93720372E+1	-3.78620728E-1
5.00000000E+4	4.13341169E+1	2.90709803E-8	3.61784339E+1	-1.36573979E+1	3.86704489E+1	-3.60961597E-1
5.36133611E+4	4.03711283E+1	2.62758065E-8	3.57998195E+1	-1.27926547E+1	3.80168266E+1	-3.43197464E-1
5.74878498E+4	3.94731177E+1	2.36584670E-8	3.54404939E+1	-1.19548389E+1	3.74024970E+1	-3.25335557E-1
6.16423370E+4	3.86393129E+1	2.12075672E-8	3.51033551E+1	-1.11410939E+1	3.68289224E+1	-3.07324276E-1
6.60970574E+4	3.78671543E+1	1.89220026E-8	3.47868173E+1	-1.03515754E+1	3.62943216E+1	-2.89227591E-1
7.08737081E+4	3.71499321E+1	1.67987902E-8	3.44864452E+1	-9.58405918E+0	3.57934225E+1	-2.71067744E-1
7.59955541E+4	3.64867189E+1	1.48270212E-8	3.42043052E+1	-8.83563033E+0	3.53270840E+1	-2.52793087E-1
8.14875417E+4	3.58756116E+1	1.30005241E-8	3.39401847E+1	-8.10485892E+0	3.48944821E+1	-2.34408433E-1
8.73764200E+4	3.53102546E+1	1.13122226E-8	3.36901296E+1	-7.38797782E+0	3.44906806E+1	-2.15874945E-1
9.36908711E+4	3.47905917E+1	9.76099558E-9	3.34536580E+1	-6.68769828E+0	3.41155764E+1	-1.97308377E-1
1.00461650E+5	3.43115498E+1	8.32683221E-9	3.32307606E+1	-5.99294918E+0	3.37668313E+1	-1.78425567E-1
1.07721735E+5	3.38738779E+1	7.01958343E-9	3.30186567E+1	-5.31396709E+0	3.34435337E+1	-1.59570026E-1
1.15506485E+5	3.34748048E+1	5.81929081E-9	3.28188526E+1	-4.63978377E+0	3.31452060E+1	-1.40444806E-1
1.23853818E+5	3.31135502E+1	4.72332611E-9	3.26301518E+1	-3.97156828E+0	3.28709624E+1	-1.21118915E-1
1.32804389E+5	3.27862311E+1	3.71892548E-9	3.24503157E+1	-3.30156816E+0	3.26178409E+1	-1.01393334E-1
1.42401793E+5	3.24936491E+1	2.81227082E-9	3.22778711E+1	-2.63909979E+0	3.23855804E+1	-8.15804276E-2
1.52692775E+5	3.22378442E+1	1.98371935E-9	3.21169448E+1	-1.97051074E+0	3.21773377E+1	-6.12774270E-2
1.63727458E+5	3.20154248E+1	1.23382043E-9	3.19626447E+1	-1.29883901E+0	3.19890239E+1	-4.06138103E-2
1.75559587E+5	3.18247562E+1	5.54576218E-10	3.18126983E+1	-6.19343003E-1	3.18187267E+1	-1.94659622E-2
1.88246790E+5	3.16757867E+1	-5.70528332E-11	3.16710851E+1	6.77572701E-2	3.16734358E+1	2.13830354E-3
2.01850863E+5	3.15510307E+1	-6.08645312E-10	3.15323264E+1	7.67970092E-1	3.15416772E+1	2.43501956E-2
2.16438064E+5	3.14665896E+1	-1.10216109E-9	3.13967495E+1	1.48078821E+0	3.14316502E+1	4.71288184E-2
2.32079442E+5	3.14243888E+1	-1.54388242E-9	3.12678957E+1	2.21205656E+0	3.13460446E+1	7.06276271E-2
2.48851178E+5	3.14181656E+1	-1.93751431E-9	3.11360963E+1	2.96353100E+0	3.12768130E+1	9.48940479E-2
2.66834962E+5	3.14618709E+1	-2.28394634E-9	3.10117647E+1	3.73610819E+0	3.12360070E+1	1.19896075E-1
2.86118383E+5	3.15502254E+1	-2.59189051E-9	3.08827940E+1	4.54005684E+0	3.12147258E+1	1.45963751E-1
3.06795364E+5	3.16967131E+1	-2.85790472E-9	3.07588243E+1	5.37106396E+0	3.12242474E+1	1.72875617E-1
3.28966612E+5	3.18962203E+1	-3.08637283E-9	3.06281008E+1	6.23217214E+0	3.12557298E+1	2.00738371E-1
3.52740116E+5	3.21644738E+1	-3.28040269E-9	3.04967250E+1	7.13167417E+0	3.13195004E+1	2.29722335E-1
3.78231664E+5	3.25073839E+1	-3.44497007E-9	3.03572107E+1	8.07917755E+0	3.14139060E+1	2.60107800E-1
4.05565415E+5	3.29368049E+1	-3.57759871E-9	3.02127287E+1	9.07201747E+0	3.15453757E+1	2.91705670E-1
4.34874501E+5	3.34507975E+1	-3.67752250E-9	3.00550901E+1	1.01023783E+1	3.17075182E+1	3.24264245E-1
4.66301673E+5	3.40839730E+1	-3.74699316E-9	2.98979234E+1	1.11871933E+1	3.19224044E+1	3.58051040E-1
5.00000000E+5	3.48363428E+1	-3.79065880E-9	2.97211605E+1	1.23299828E+1	3.21772658E+1	3.93246774E-1
