Start time:20240905_23-25-57	sweep/start:500.000	sweep/stop:500000.000	sweep/samplecount:100.000	sweep/xmapping:1.000	sweep/scan:0.000	sweep/averaging/sample:10.000	sweep/settling/time:0.100	sweep/settling/inaccuracy:0.010	sweep/awgcontrol:0.000	sweep/averaging/time:0.100	sweep/averaging/tc:15.000	sweep/bandwidthcontrol:2.000	sweep/sincfilter:0.000	sweep/omegasuppression:80.000	sweep/maxbandwidth:100.000	sweep/bandwidth:1250000.000	sweep/order:8.000	sweep/bandwidthoverlap:1.000																				
Frequency	Param0		Param1		RealZ		ImagZ		AbsZ		PhaseZ		
5.00000000E+2	1.40437476E+3	7.29210026E-7	1.23725528E+2	-3.98056432E+2	4.16841620E+2	-1.26943899E+0
5.36133611E+2	1.27024452E+3	7.19073106E-7	1.21353546E+2	-3.73392443E+2	3.92617634E+2	-1.25656202E+0
5.74878498E+2	1.14926517E+3	7.08274973E-7	1.19158794E+2	-3.50351515E+2	3.70060816E+2	-1.24295735E+0
6.16423370E+2	1.04068696E+3	6.96706984E-7	1.17114973E+2	-3.28883048E+2	3.49113136E+2	-1.22869834E+0
6.60970574E+2	9.43437788E+2	6.84610271E-7	1.15122109E+2	-3.08799932E+2	3.29561078E+2	-1.21395158E+0
7.08737081E+2	8.56143374E+2	6.71680313E-7	1.13281724E+2	-2.90090678E+2	3.11424720E+2	-1.19850242E+0
7.59955541E+2	7.78178374E+2	6.58135929E-7	1.11481534E+2	-2.72624938E+2	2.94537763E+2	-1.18262483E+0
8.14875417E+2	7.08346154E+2	6.43853444E-7	1.09776100E+2	-2.56337018E+2	2.78853836E+2	-1.16617688E+0
8.73764200E+2	6.46029754E+2	6.28939177E-7	1.08106090E+2	-2.41148921E+2	2.64272081E+2	-1.14936037E+0
9.36908711E+2	5.90285840E+2	6.13341533E-7	1.06503988E+2	-2.26990494E+2	2.50734493E+2	-1.13209072E+0
1.00461650E+3	5.40537763E+2	5.97079758E-7	1.04953148E+2	-2.13812923E+2	2.38182978E+2	-1.11448389E+0
1.07721735E+3	4.96144081E+2	5.80327935E-7	1.03411339E+2	-2.01526689E+2	2.26510296E+2	-1.09669232E+0
1.15506485E+3	4.56575847E+2	5.63054770E-7	1.01892315E+2	-1.90103975E+2	2.15688586E+2	-1.07877913E+0
1.23853818E+3	4.21136952E+2	5.45356779E-7	1.00405044E+2	-1.79452217E+2	2.05631398E+2	-1.06068223E+0
1.32804389E+3	3.89504097E+2	5.27329419E-7	9.89225651E+1	-1.69543705E+2	1.96292492E+2	-1.04262476E+0
1.42401793E+3	3.61229527E+2	5.09065105E-7	9.74427023E+1	-1.60324979E+2	1.87614444E+2	-1.02467411E+0
1.52692775E+3	3.35926539E+2	4.90667797E-7	9.59600005E+1	-1.51747119E+2	1.79542502E+2	-1.00691631E+0
1.63727458E+3	3.13222331E+2	4.72261202E-7	9.44678796E+1	-1.43754191E+2	1.72015837E+2	-9.89412062E-1
1.75559587E+3	2.92871076E+2	4.53900951E-7	9.29682938E+1	-1.36325417E+2	1.65008253E+2	-9.72281566E-1
1.88246790E+3	2.74574747E+2	4.35767374E-7	9.14384618E+1	-1.29405176E+2	1.58450914E+2	-9.55650615E-1
2.01850863E+3	2.58078228E+2	4.17854858E-7	8.99047863E+1	-1.22961770E+2	1.52323562E+2	-9.39461940E-1
2.16438064E+3	2.43162562E+2	4.00312351E-7	8.83475690E+1	-1.16950962E+2	1.46570191E+2	-9.23832856E-1
2.32079442E+3	2.29645357E+2	3.83235748E-7	8.67584766E+1	-1.11340234E+2	1.41151270E+2	-9.08855508E-1
2.48851178E+3	2.17350454E+2	3.66628923E-7	8.51541276E+1	-1.06099303E+2	1.36045168E+2	-8.94478754E-1
2.66834962E+3	2.06129277E+2	3.50599393E-7	8.35183953E+1	-1.01194188E+2	1.31208179E+2	-8.80801156E-1
2.86118383E+3	1.95847867E+2	3.35151238E-7	8.18617855E+1	-9.65976375E+1	1.26619334E+2	-8.67783823E-1
3.06795364E+3	1.86379840E+2	3.20294529E-7	8.01908964E+1	-9.22788492E+1	1.22253696E+2	-8.55371119E-1
3.28966612E+3	1.77642336E+2	3.06066654E-7	7.85001137E+1	-8.82194733E+1	1.18088710E+2	-8.43629900E-1
3.52740116E+3	1.69518670E+2	2.92472699E-7	7.67933063E+1	-8.43841633E+1	1.14096008E+2	-8.32459654E-1
3.78231664E+3	1.61951361E+2	2.79503569E-7	7.50737817E+1	-8.07603127E+1	1.10264686E+2	-8.21872908E-1
4.05565415E+3	1.54852665E+2	2.67102092E-7	7.33587289E+1	-7.73194106E+1	1.06582337E+2	-8.11677823E-1
4.34874501E+3	1.48211368E+2	2.55283368E-7	7.16412896E+1	-7.40646946E+1	1.03043939E+2	-8.02028790E-1
4.66301673E+3	1.41911354E+2	2.44025599E-7	6.99265482E+1	-7.09482118E+1	9.96161182E+1	-7.92650316E-1
5.00000000E+3	1.35952078E+2	2.33229284E-7	6.82391790E+1	-6.79755269E+1	9.63185236E+1	-7.83462596E-1
5.36133611E+3	1.30306930E+2	2.22961021E-7	6.65560441E+1	-6.51383647E+1	9.31274056E+1	-7.74633661E-1
5.74878498E+3	1.24913971E+2	2.13099281E-7	6.49078833E+1	-6.24088777E+1	9.00438859E+1	-7.65772430E-1
6.16423370E+3	1.19770201E+2	2.03664733E-7	6.32840892E+1	-5.97885607E+1	8.70605997E+1	-7.57003643E-1
6.60970574E+3	1.14852842E+2	1.94614744E-7	6.16922658E+1	-5.72677596E+1	8.41756023E+1	-7.48222081E-1
7.08737081E+3	1.10154858E+2	1.85885290E-7	6.01468040E+1	-5.48436374E+1	8.13969448E+1	-7.39312493E-1
7.59955541E+3	1.05636252E+2	1.77484113E-7	5.86392917E+1	-5.24963651E+1	7.87047327E+1	-7.30180222E-1
8.14875417E+3	1.01319390E+2	1.69371303E-7	5.71785783E+1	-5.02385181E+1	7.61137216E+1	-7.20879311E-1
8.73764200E+3	9.71781306E+1	1.61499010E-7	5.57732800E+1	-4.80550127E+1	7.36202625E+1	-7.11197799E-1
9.36908711E+3	9.32245556E+1	1.53890574E-7	5.44140121E+1	-4.59547313E+1	7.12230446E+1	-7.01314859E-1
1.00461650E+4	8.94323012E+1	1.46497423E-7	5.31093999E+1	-4.39213780E+1	6.89180370E+1	-6.90987841E-1
1.07721735E+4	8.58077711E+1	1.39329275E-7	5.18540633E+1	-4.19599530E+1	6.67044344E+1	-6.80321437E-1
1.15506485E+4	8.23538932E+1	1.32344186E-7	5.06582009E+1	-4.00705211E+1	6.45902472E+1	-6.69227590E-1
1.23853818E+4	7.90522496E+1	1.25555360E-7	4.95131147E+1	-3.82436204E+1	6.25629529E+1	-6.57679739E-1
1.32804389E+4	7.59089447E+1	1.18956695E-7	4.84193941E+1	-3.64832472E+1	6.06256141E+1	-6.45727253E-1
1.42401793E+4	7.29173824E+1	1.12531489E-7	4.73792500E+1	-3.47847306E+1	5.87772989E+1	-6.33296893E-1
1.52692775E+4	7.00778327E+1	1.06276516E-7	4.63924625E+1	-3.31484878E+1	5.70182698E+1	-6.20406668E-1
1.63727458E+4	6.73797901E+1	1.00226122E-7	4.54457960E+1	-3.15722570E+1	5.53364985E+1	-6.07175820E-1
1.75559587E+4	6.48243635E+1	9.43275996E-8	4.45543810E+1	-3.00518947E+1	5.37420631E+1	-5.93405545E-1
1.88246790E+4	6.24099952E+1	8.86026345E-8	4.37113337E+1	-2.85892167E+1	5.22304900E+1	-5.79214162E-1
2.01850863E+4	6.01305516E+1	8.30737080E-8	4.29085854E+1	-2.71840048E+1	5.07948509E+1	-5.64711889E-1
2.16438064E+4	5.79736988E+1	7.77139265E-8	4.21506274E+1	-2.58254208E+1	4.94330635E+1	-5.49700807E-1
2.32079442E+4	5.59446892E+1	7.25457619E-8	4.14329166E+1	-2.45207039E+1	4.81451099E+1	-5.34380854E-1
2.48851178E+4	5.40371516E+1	6.75771470E-8	4.07518535E+1	-2.32680078E+1	4.69266875E+1	-5.18798887E-1
2.66834962E+4	5.22415541E+1	6.27831593E-8	4.01121446E+1	-2.20575723E+1	4.57768582E+1	-5.02764594E-1
2.86118383E+4	5.05642759E+1	5.81834325E-8	3.95117027E+1	-2.08975068E+1	4.46976576E+1	-4.86494813E-1
3.06795364E+4	4.89834928E+1	5.37974759E-8	3.89364733E+1	-1.97786623E+1	4.36720100E+1	-4.70005343E-1
3.28966612E+4	4.75079800E+1	4.96037117E-8	3.83977277E+1	-1.87032876E+1	4.27106366E+1	-4.53269285E-1
3.52740116E+4	4.61260764E+1	4.56020973E-8	3.78909916E+1	-1.76645272E+1	4.18062528E+1	-4.36238394E-1
3.78231664E+4	4.48365990E+1	4.18084534E-8	3.74119005E+1	-1.66664953E+1	4.09563472E+1	-4.19094133E-1
4.05565415E+4	4.36334506E+1	3.82092208E-8	3.69621009E+1	-1.57030916E+1	4.01594821E+1	-4.01737701E-1
4.34874501E+4	4.25121820E+1	3.48128920E-8	3.65372790E+1	-1.47752049E+1	3.94116665E+1	-3.84282642E-1
4.66301673E+4	4.14675220E+1	3.16147347E-8	3.61362369E+1	-1.38799338E+1	3.87102079E+1	-3.66724909E-1
5.00000000E+4	4.04932702E+1	2.86061060E-8	3.57578901E+1	-1.30125782E+1	3.80519895E+1	-3.49010792E-1
5.36133611E+4	3.95878947E+1	2.57864270E-8	3.54015476E+1	-1.21738718E+1	3.74362490E+1	-3.31212021E-1
5.74878498E+4	3.87498053E+1	2.31512332E-8	3.50676210E+1	-1.13633370E+1	3.68627655E+1	-3.13364016E-1
6.16423370E+4	3.79704193E+1	2.06953322E-8	3.47513846E+1	-1.05766680E+1	3.63252618E+1	-2.95445041E-1
6.60970574E+4	3.72505978E+1	1.84090244E-8	3.44560143E+1	-9.81275708E+0	3.58260677E+1	-2.77445695E-1
7.08737081E+4	3.65787284E+1	1.62889862E-8	3.41729384E+1	-9.06713333E+0	3.53553763E+1	-2.59354807E-1
7.59955541E+4	3.59639470E+1	1.43295500E-8	3.39105595E+1	-8.34454985E+0	3.49221644E+1	-2.41281394E-1
8.14875417E+4	3.53951438E+1	1.25192113E-8	3.36624219E+1	-7.63725149E+0	3.45179122E+1	-2.23100905E-1
8.73764200E+4	3.48689488E+1	1.08497353E-8	3.34269620E+1	-6.94270986E+0	3.41403431E+1	-2.04786312E-1
9.36908711E+4	3.43859439E+1	9.31545779E-9	3.32052652E+1	-6.26136808E+0	3.37904481E+1	-1.86377085E-1
1.00461650E+5	3.39394545E+1	7.90799923E-9	3.29925221E+1	-5.58942543E+0	3.34626389E+1	-1.67821454E-1
1.07721735E+5	3.35346700E+1	6.62406547E-9	3.27933767E+1	-4.93046643E+0	3.31619521E+1	-1.49231697E-1
1.15506485E+5	3.31663620E+1	5.44738566E-9	3.26057800E+1	-4.27530211E+0	3.28848765E+1	-1.30377201E-1
1.23853818E+5	3.28348191E+1	4.37392822E-9	3.24297447E+1	-3.62442463E+0	3.26316534E+1	-1.11300477E-1
1.32804389E+5	3.25320170E+1	3.39707280E-9	3.22576955E+1	-2.97468842E+0	3.23945659E+1	-9.19563123E-2
1.42401793E+5	3.22654181E+1	2.51100071E-9	3.20967547E+1	-2.32670113E+0	3.21809759E+1	-7.23636525E-2
1.52692775E+5	3.20312241E+1	1.70486263E-9	3.19435429E+1	-1.67357193E+0	3.19873535E+1	-5.23436980E-2
1.63727458E+5	3.18278045E+1	9.77442580E-10	3.17952385E+1	-1.01756318E+0	3.18115174E+1	-3.19927153E-2
1.75559587E+5	3.16578133E+1	3.19418691E-10	3.16538744E+1	-3.53079552E-1	3.16558438E+1	-1.11539235E-2
1.88246790E+5	3.15452669E+1	-2.93377064E-10	3.15378722E+1	3.45095258E-1	3.15415691E+1	1.09432176E-2
2.01850863E+5	3.14159935E+1	-8.05790314E-10	3.13836435E+1	1.00759666E+0	3.13998143E+1	3.20947637E-2
2.16438064E+5	3.13493835E+1	-1.28325756E-9	3.12558330E+1	1.70996566E+0	3.13025733E+1	5.46542073E-2
2.32079442E+5	3.13206907E+1	-1.70849444E-9	3.11311428E+1	2.42916210E+0	3.12257729E+1	7.78721785E-2
2.48851178E+5	3.13321771E+1	-2.08640611E-9	3.10082140E+1	3.16946334E+0	3.11697746E+1	1.01859921E-1
2.66834962E+5	3.13857649E+1	-2.42108302E-9	3.08844914E+1	3.93464468E+0	3.11341193E+1	1.26716097E-1
2.86118383E+5	3.14855996E+1	-2.71345250E-9	3.07599842E+1	4.72439178E+0	3.11206771E+1	1.52398003E-1
3.06795364E+5	3.16416052E+1	-2.96730558E-9	3.06380068E+1	5.54510652E+0	3.11357626E+1	1.79049614E-1
3.28966612E+5	3.18561639E+1	-3.18667017E-9	3.05127574E+1	6.40241273E+0	3.11772256E+1	2.06826889E-1
3.52740116E+5	3.21301499E+1	-3.36922127E-9	3.03812643E+1	7.28925139E+0	3.12434724E+1	2.35474851E-1
3.78231664E+5	3.24863718E+1	-3.52333753E-9	3.02482339E+1	8.22797840E+0	3.13473343E+1	2.65589136E-1
4.05565415E+5	3.29118944E+1	-3.64764367E-9	3.00953590E+1	9.20673886E+0	3.14721341E+1	2.96877965E-1
4.34874501E+5	3.34604847E+1	-3.73770587E-9	2.99616038E+1	1.02387290E+1	3.16627499E+1	3.29286944E-1
4.66301673E+5	3.40957674E+1	-3.79988798E-9	2.98015934E+1	1.13124723E+1	3.18764497E+1	3.62791108E-1
NaN	NaN	NaN	NaN	NaN	NaN	NaN
