Start time:20240905_17-06-18	sweep/start:500.000	sweep/stop:500000.000	sweep/samplecount:100.000	sweep/xmapping:1.000	sweep/scan:0.000	sweep/averaging/sample:10.000	sweep/settling/time:0.100	sweep/settling/inaccuracy:0.010	sweep/awgcontrol:0.000	sweep/averaging/time:0.100	sweep/averaging/tc:15.000	sweep/bandwidthcontrol:2.000	sweep/sincfilter:0.000	sweep/omegasuppression:80.000	sweep/maxbandwidth:100.000	sweep/bandwidth:1250000.000	sweep/order:8.000	sweep/bandwidthoverlap:1.000																				
Frequency	Param0		Param1		RealZ		ImagZ		AbsZ		PhaseZ		
5.00000000E+2	1.37575794E+3	7.26221435E-7	1.26775291E+2	-3.97919691E+2	4.17626700E+2	-1.26236823E+0
5.36133611E+2	1.24404262E+3	7.15772938E-7	1.24434150E+2	-3.73252466E+2	3.93447930E+2	-1.24900560E+0
5.74878498E+2	1.12545550E+3	7.04649079E-7	1.22256756E+2	-3.50211037E+2	3.70937314E+2	-1.23492839E+0
6.16423370E+2	1.01918598E+3	6.92737202E-7	1.20221174E+2	-3.28746968E+2	3.50039575E+2	-1.22020817E+0
6.60970574E+2	9.24162939E+2	6.80151305E-7	1.18263054E+2	-3.08720152E+2	3.30596867E+2	-1.20496483E+0
7.08737081E+2	8.38920004E+2	6.66767471E-7	1.16440889E+2	-2.90044923E+2	3.12545270E+2	-1.18903358E+0
7.59955541E+2	7.62991718E+2	6.52851140E-7	1.14610959E+2	-2.72601377E+2	2.95714706E+2	-1.17279925E+0
8.14875417E+2	6.94853713E+2	6.38067696E-7	1.12928769E+2	-2.56351416E+2	2.80123113E+2	-1.15585112E+0
8.73764200E+2	6.34183753E+2	6.22678018E-7	1.11258701E+2	-2.41205202E+2	2.65628406E+2	-1.13861681E+0
9.36908711E+2	5.79901365E+2	6.06638330E-7	1.09649844E+2	-2.27074865E+2	2.52162814E+2	-1.12093852E+0
1.00461650E+3	5.31439406E+2	5.89978029E-7	1.08084831E+2	-2.13911668E+2	2.39667548E+2	-1.10293534E+0
1.07721735E+3	4.88285879E+2	5.72675154E-7	1.06564989E+2	-2.01688058E+2	2.28109999E+2	-1.08471475E+0
1.15506485E+3	4.49752687E+2	5.54968853E-7	1.05048410E+2	-1.90290912E+2	2.17360992E+2	-1.06638739E+0
1.23853818E+3	4.15334612E+2	5.36795214E-7	1.03570145E+2	-1.79692762E+2	2.07403626E+2	-1.04793044E+0
1.32804389E+3	3.84660330E+2	5.18365246E-7	1.02078297E+2	-1.69839604E+2	1.98155167E+2	-1.02962155E+0
1.42401793E+3	3.57234106E+2	4.99741960E-7	1.00588067E+2	-1.60672111E+2	1.89561301E+2	-1.01144548E+0
1.52692775E+3	3.32689843E+2	4.81064628E-7	9.90836055E+1	-1.52139892E+2	1.81560205E+2	-9.93531333E-1
1.63727458E+3	3.10672409E+2	4.62338220E-7	9.75922423E+1	-1.44204612E+2	1.74124140E+2	-9.75836980E-1
1.75559587E+3	2.90938977E+2	4.43774765E-7	9.60725284E+1	-1.36825843E+2	1.67186250E+2	-9.58627578E-1
1.88246790E+3	2.73205701E+2	4.25479650E-7	9.45220061E+1	-1.29959764E+2	1.60698321E+2	-9.41970783E-1
2.01850863E+3	2.57223990E+2	4.07477305E-7	9.29593856E+1	-1.23571584E+2	1.54633062E+2	-9.25843016E-1
2.16438064E+3	2.42775824E+2	3.89901038E-7	9.13689877E+1	-1.17617553E+2	1.48936835E+2	-9.10343205E-1
2.32079442E+3	2.29662557E+2	3.72836986E-7	8.97463225E+1	-1.12057874E+2	1.43566603E+2	-8.95511348E-1
2.48851178E+3	2.17740924E+2	3.56295841E-7	8.81030736E+1	-1.06871384E+2	1.38505034E+2	-8.81362841E-1
2.66834962E+3	2.06865811E+2	3.40373579E-7	8.64249957E+1	-1.02024980E+2	1.33710047E+2	-8.67990356E-1
2.86118383E+3	1.96877064E+2	3.25066351E-7	8.47261290E+1	-9.74787875E+1	1.29153518E+2	-8.55274961E-1
3.06795364E+3	1.87693672E+2	3.10419627E-7	8.29986578E+1	-9.32177285E+1	1.24813150E+2	-8.43324890E-1
3.28966612E+3	1.79175162E+2	2.96446254E-7	8.12459108E+1	-8.91983791E+1	1.20653425E+2	-8.32021641E-1
3.52740116E+3	1.71263578E+2	2.83099965E-7	7.94827502E+1	-8.54107258E+1	1.16672618E+2	-8.21333025E-1
3.78231664E+3	1.63903136E+2	2.70414028E-7	7.76993964E+1	-8.18411772E+1	1.12850231E+2	-8.11353008E-1
4.05565415E+3	1.56973335E+2	2.58315638E-7	7.59181904E+1	-7.84446258E+1	1.09165614E+2	-8.01763561E-1
4.34874501E+3	1.50437225E+2	2.46876831E-7	7.41137871E+1	-7.52104965E+1	1.05591062E+2	-7.92742513E-1
4.66301673E+3	1.44273043E+2	2.35924697E-7	7.23349380E+1	-7.21362473E+1	1.02156652E+2	-7.84022866E-1
5.00000000E+3	1.38414394E+2	2.25507501E-7	7.05628005E+1	-6.91939164E+1	9.88276635E+1	-7.75603713E-1
5.36133611E+3	1.32841312E+2	2.15593878E-7	6.88020478E+1	-6.63779500E+1	9.56020615E+1	-7.67467715E-1
5.74878498E+3	1.27515070E+2	2.06111000E-7	6.70696589E+1	-6.36714452E+1	9.24791444E+1	-7.59412082E-1
6.16423370E+3	1.22407924E+2	1.97046043E-7	6.53638840E+1	-6.10624259E+1	8.94486293E+1	-7.51387844E-1
6.60970574E+3	1.17511611E+2	1.88363690E-7	6.36903701E+1	-5.85482250E+1	8.65121838E+1	-7.43356486E-1
7.08737081E+3	1.12824069E+2	1.80012862E-7	6.20602580E+1	-5.61285583E+1	8.36773013E+1	-7.35251906E-1
7.59955541E+3	1.08310705E+2	1.71975332E-7	6.04728546E+1	-5.37856047E+1	8.09311897E+1	-7.26937459E-1
8.14875417E+3	1.03976436E+2	1.64225842E-7	5.89317029E+1	-5.15224485E+1	7.82784031E+1	-7.18418595E-1
8.73764200E+3	9.98247264E+1	1.56713951E-7	5.74487119E+1	-4.93401194E+1	7.57284749E+1	-7.09612496E-1
9.36908711E+3	9.58285945E+1	1.49472706E-7	5.60074292E+1	-4.72258511E+1	7.32605841E+1	-7.00537078E-1
1.00461650E+4	9.19967720E+1	1.42431935E-7	5.46266327E+1	-4.51819079E+1	7.08905765E+1	-6.91050682E-1
1.07721735E+4	8.83239960E+1	1.35605813E-7	5.32979581E+1	-4.32066691E+1	6.86111406E+1	-6.81208886E-1
1.15506485E+4	8.48090551E+1	1.28958523E-7	5.20293324E+1	-4.12977847E+1	6.64270915E+1	-6.70912462E-1
1.23853818E+4	8.14435231E+1	1.22495189E-7	5.08151940E+1	-3.94510376E+1	6.43317059E+1	-6.60161060E-1
1.32804389E+4	7.82264125E+1	1.16202815E-7	4.96568374E+1	-3.76652983E+1	6.23255664E+1	-6.48926457E-1
1.42401793E+4	7.51625458E+1	1.10087917E-7	4.85509600E+1	-3.59446514E+1	6.04087222E+1	-6.37295757E-1
1.52692775E+4	7.22401280E+1	1.04133343E-7	4.74990636E+1	-3.42808559E+1	5.85776265E+1	-6.25152587E-1
1.63727458E+4	6.94675800E+1	9.83507403E-8	4.64978710E+1	-3.26809148E+1	5.68339199E+1	-6.12634522E-1
1.75559587E+4	6.68263472E+1	9.27195702E-8	4.55487158E+1	-3.11314735E+1	5.51711360E+1	-5.99550017E-1
1.88246790E+4	6.43224168E+1	8.72546303E-8	4.46474736E+1	-2.96384274E+1	5.35894894E+1	-5.86037655E-1
2.01850863E+4	6.19565010E+1	8.19553380E-8	4.37943480E+1	-2.82028289E+1	5.20897738E+1	-5.72133913E-1
2.16438064E+4	5.97146641E+1	7.68339964E-8	4.29815176E+1	-2.68182024E+1	5.06618878E+1	-5.57841970E-1
2.32079442E+4	5.76006494E+1	7.18593822E-8	4.22200414E+1	-2.54827353E+1	4.93143161E+1	-5.43040101E-1
2.48851178E+4	5.56057957E+1	6.70685807E-8	4.14959273E+1	-2.41971449E+1	4.80355493E+1	-5.27915990E-1
2.66834962E+4	5.37296065E+1	6.24507955E-8	4.08130315E+1	-2.29600629E+1	4.68280696E+1	-5.12440316E-1
2.86118383E+4	5.19618485E+1	5.80147823E-8	4.01654280E+1	-2.17671336E+1	4.56844596E+1	-4.96631782E-1
3.06795364E+4	5.03027657E+1	5.37573919E-8	3.95549876E+1	-2.06186373E+1	4.46063366E+1	-4.80514660E-1
3.28966612E+4	4.87451476E+1	4.96758098E-8	3.89803758E+1	-1.95098556E+1	4.35901843E+1	-4.64051170E-1
3.52740116E+4	4.72863173E+1	4.57810238E-8	3.84378090E+1	-1.84422684E+1	4.26331143E+1	-4.47353344E-1
3.78231664E+4	4.59188725E+1	4.20721767E-8	3.79247523E+1	-1.74119215E+1	4.17308263E+1	-4.30410208E-1
4.05565415E+4	4.46457743E+1	3.85444747E-8	3.74452616E+1	-1.64202641E+1	4.08873170E+1	-4.13261055E-1
4.34874501E+4	4.34532374E+1	3.52088555E-8	3.69891136E+1	-1.54629295E+1	4.00911054E+1	-3.95960739E-1
4.66301673E+4	4.23471105E+1	3.20491196E-8	3.65655443E+1	-1.45398112E+1	3.93502877E+1	-3.78467599E-1
5.00000000E+4	4.13063827E+1	2.90764769E-8	3.61585058E+1	-1.36432956E+1	3.86468249E+1	-3.60802321E-1
5.36133611E+4	4.03446253E+1	2.62790415E-8	3.57806391E+1	-1.27789803E+1	3.79941637E+1	-3.43028417E-1
5.74878498E+4	3.94501436E+1	2.36600577E-8	3.54235920E+1	-1.19429857E+1	3.73826937E+1	-3.25179628E-1
6.16423370E+4	3.86175388E+1	2.12099860E-8	3.50864596E+1	-1.11307258E+1	3.68096823E+1	-3.07194655E-1
6.60970574E+4	3.78466767E+1	1.89221812E-8	3.47710103E+1	-1.03413741E+1	3.62762620E+1	-2.89082337E-1
7.08737081E+4	3.71292374E+1	1.67958314E-8	3.44708565E+1	-9.57270382E+0	3.57753632E+1	-2.70878603E-1
7.59955541E+4	3.64700499E+1	1.48230947E-8	3.41917643E+1	-8.82601804E+0	3.53125382E+1	-2.52618353E-1
8.14875417E+4	3.58576745E+1	1.29962066E-8	3.39262593E+1	-8.09479373E+0	3.48786004E+1	-2.34220481E-1
8.73764200E+4	3.52926731E+1	1.13126556E-8	3.36747745E+1	-7.38121627E+0	3.44742340E+1	-2.15778770E-1
9.36908711E+4	3.47734260E+1	9.75481995E-9	3.34400435E+1	-6.67745118E+0	3.41002181E+1	-1.97091967E-1
1.00461650E+5	3.42974581E+1	8.32761443E-9	3.32177755E+1	-5.98870972E+0	3.37533001E+1	-1.78370236E-1
1.07721735E+5	3.38604054E+1	7.01438823E-9	3.30074192E+1	-5.30611559E+0	3.34311919E+1	-1.59391567E-1
1.15506485E+5	3.34621770E+1	5.81444142E-9	3.28080272E+1	-4.63263966E+0	3.31334878E+1	-1.40277052E-1
1.23853818E+5	3.31018141E+1	4.71820971E-9	3.26199548E+1	-3.96462097E+0	3.28600012E+1	-1.20946533E-1
1.32804389E+5	3.27858165E+1	3.73120058E-9	3.24477201E+1	-3.31215469E+0	3.26163302E+1	-1.01724368E-1
1.42401793E+5	3.24856251E+1	2.80750979E-9	3.22707307E+1	-2.63339870E+0	3.23779996E+1	-8.14229044E-2
1.52692775E+5	3.22280231E+1	1.97820093E-9	3.21079025E+1	-1.96387730E+0	3.21679067E+1	-6.10888159E-2
1.63727458E+5	3.20045581E+1	1.23016039E-9	3.19521436E+1	-1.29412130E+0	3.19783401E+1	-4.04797358E-2
1.75559587E+5	3.18166110E+1	5.52607491E-10	3.18046477E+1	-6.16830289E-1	3.18106288E+1	-1.93919132E-2
1.88246790E+5	3.16696488E+1	-5.52555151E-11	3.16649055E+1	6.55732345E-2	3.16672770E+1	2.07016310E-3
2.01850863E+5	3.15430566E+1	-6.10639192E-10	3.15242440E+1	7.70093768E-1	3.15336489E+1	2.44237620E-2
2.16438064E+5	3.14595302E+1	-1.10295371E-9	3.13896369E+1	1.48118520E+0	3.14245641E+1	4.71520981E-2
2.32079442E+5	3.14157737E+1	-1.54639663E-9	3.12589012E+1	2.21441426E+0	3.13372393E+1	7.07229314E-2
2.48851178E+5	3.14140390E+1	-1.93874889E-9	3.11317237E+1	2.96461332E+0	3.12725628E+1	9.49417513E-2
2.66834962E+5	3.14523003E+1	-2.28941390E-9	3.10004762E+1	3.74255085E+0	3.12255710E+1	1.20144151E-1
2.86118383E+5	3.15446573E+1	-2.59270001E-9	3.08771658E+1	4.53984507E+0	3.12091271E+1	1.45983278E-1
3.06795364E+5	3.16851843E+1	-2.85914204E-9	3.07475096E+1	5.36946009E+0	3.12128260E+1	1.72887337E-1
3.28966612E+5	3.18922059E+1	-3.08875626E-9	3.06226730E+1	6.23509184E+0	3.12509934E+1	2.00864605E-1
3.52740116E+5	3.21601709E+1	-3.28309405E-9	3.04904748E+1	7.13510508E+0	3.13141961E+1	2.29874509E-1
3.78231664E+5	3.24966997E+1	-3.44374742E-9	3.03499792E+1	8.07172876E+0	3.14050020E+1	2.59937876E-1
4.05565415E+5	3.29181472E+1	-3.57163460E-9	3.02067626E+1	9.04997192E+0	3.15333259E+1	2.91090569E-1
4.34874501E+5	3.34462023E+1	-3.67631325E-9	3.00538091E+1	1.00972362E+1	3.17046647E+1	3.24123424E-1
4.66301673E+5	3.40729332E+1	-3.74674527E-9	2.98911126E+1	1.11802819E+1	3.19135992E+1	3.57923018E-1
5.00000000E+5	3.48278260E+1	-3.79218863E-9	2.97125023E+1	1.23283547E+1	3.21686455E+1	3.93303181E-1
