Start time:20240907_09-17-36	sweep/start:500.000	sweep/stop:500000.000	sweep/samplecount:100.000	sweep/xmapping:1.000	sweep/scan:0.000	sweep/averaging/sample:10.000	sweep/settling/time:0.100	sweep/settling/inaccuracy:0.010	sweep/awgcontrol:0.000	sweep/averaging/time:0.100	sweep/averaging/tc:15.000	sweep/bandwidthcontrol:2.000	sweep/sincfilter:0.000	sweep/omegasuppression:80.000	sweep/maxbandwidth:100.000	sweep/bandwidth:1250000.000	sweep/order:8.000	sweep/bandwidthoverlap:1.000																				
Frequency	Param0		Param1		RealZ		ImagZ		AbsZ		PhaseZ		
5.00000000E+2	1.40535574E+3	7.49958460E-7	1.17470983E+2	-3.88958798E+2	4.06310706E+2	-1.27749287E+0
5.36133611E+2	1.27339602E+3	7.38971547E-7	1.15258280E+2	-3.65355867E+2	3.83104927E+2	-1.26520932E+0
5.74878498E+2	1.15227079E+3	7.28329688E-7	1.13087649E+2	-3.42810088E+2	3.60981405E+2	-1.25215315E+0
6.16423370E+2	1.04303246E+3	7.17081461E-7	1.11058850E+2	-3.21720193E+2	3.40349753E+2	-1.23840117E+0
6.60970574E+2	9.44985687E+2	7.05110317E-7	1.09151946E+2	-3.02047726E+2	3.21165038E+2	-1.22402565E+0
7.08737081E+2	8.57356308E+2	6.92474147E-7	1.07307451E+2	-2.83700153E+2	3.03316127E+2	-1.20918596E+0
7.59955541E+2	7.78637758E+2	6.79165554E-7	1.05561622E+2	-2.66553874E+2	2.86695360E+2	-1.19372259E+0
8.14875417E+2	7.08336117E+2	6.65142786E-7	1.03876373E+2	-2.50577458E+2	2.71255169E+2	-1.17781186E+0
8.73764200E+2	6.45344733E+2	6.50456340E-7	1.02258771E+2	-2.35659270E+2	2.56889373E+2	-1.16138933E+0
9.36908711E+2	5.89187756E+2	6.35085599E-7	1.00680396E+2	-2.21772640E+2	2.43556251E+2	-1.14463737E+0
1.00461650E+3	5.38707130E+2	6.19106505E-7	9.91735000E+1	-2.08782374E+2	2.31139491E+2	-1.12734067E+0
1.07721735E+3	4.93807203E+2	6.02459103E-7	9.76967240E+1	-1.96719825E+2	2.19643667E+2	-1.10984934E+0
1.15506485E+3	4.53598475E+2	5.85305273E-7	9.62518698E+1	-1.85459631E+2	2.08949032E+2	-1.09207164E+0
1.23853818E+3	4.17776990E+2	5.67612660E-7	9.48323308E+1	-1.75001687E+2	1.99044624E+2	-1.07419797E+0
1.32804389E+3	3.85795983E+2	5.49622937E-7	9.33991622E+1	-1.65256210E+2	1.89823653E+2	-1.05637493E+0
1.42401793E+3	3.57113059E+2	5.31307335E-7	9.19920721E+1	-1.56169862E+2	1.81250015E+2	-1.03846619E+0
1.52692775E+3	3.31485862E+2	5.12738385E-7	9.05946533E+1	-1.47727636E+2	1.73294102E+2	-1.02068776E+0
1.63727458E+3	3.08508889E+2	4.94143848E-7	8.91775858E+1	-1.39855049E+2	1.65867649E+2	-1.00315707E+0
1.75559587E+3	2.87943089E+2	4.75510836E-7	8.77582845E+1	-1.32543855E+2	1.58963488E+2	-9.85956692E-1
1.88246790E+3	2.69422469E+2	4.57011511E-7	8.63262113E+1	-1.25721936E+2	1.52506460E+2	-9.69090486E-1
2.01850863E+3	2.52763273E+2	4.38746767E-7	8.48703038E+1	-1.19369706E+2	1.46465339E+2	-9.52734563E-1
2.16438064E+3	2.37709109E+2	4.20756865E-7	8.34055392E+1	-1.13445017E+2	1.40805739E+2	-9.36830337E-1
2.32079442E+3	2.24066923E+2	4.03163884E-7	8.19194856E+1	-1.07910354E+2	1.35482275E+2	-9.21468766E-1
2.48851178E+3	2.11691446E+2	3.86037892E-7	8.04085837E+1	-1.02743703E+2	1.30467655E+2	-9.06747335E-1
2.66834962E+3	2.00427829E+2	3.69450014E-7	7.88698328E+1	-9.79145474E+1	1.25728713E+2	-8.92712789E-1
2.86118383E+3	1.90099138E+2	3.53413850E-7	7.73155907E+1	-9.33805452E+1	1.21233770E+2	-8.79236104E-1
3.06795364E+3	1.80606027E+2	3.37951523E-7	7.57479906E+1	-8.91223042E+1	1.16963855E+2	-8.66341142E-1
3.28966612E+3	1.71873179E+2	3.23098409E-7	7.41633191E+1	-8.51263022E+1	1.12901219E+2	-8.54114017E-1
3.52740116E+3	1.63752710E+2	3.08888524E-7	7.25611973E+1	-8.13447296E+1	1.09005011E+2	-8.42407110E-1
3.78231664E+3	1.56209447E+2	2.95272843E-7	7.09547269E+1	-7.77767648E+1	1.05279621E+2	-8.31234183E-1
4.05565415E+3	1.49154948E+2	2.82282119E-7	6.93380151E+1	-7.43931923E+1	1.01696154E+2	-8.20554723E-1
4.34874501E+3	1.42518526E+2	2.69817721E-7	6.77367672E+1	-7.11721465E+1	9.82534688E+1	-8.10124287E-1
4.66301673E+3	1.36280366E+2	2.57935929E-7	6.61337208E+1	-6.81106341E+1	9.49353863E+1	-8.00123328E-1
5.00000000E+3	1.30405061E+2	2.46582984E-7	6.45408475E+1	-6.51991708E+1	9.17412285E+1	-7.90472293E-1
5.36133611E+3	1.24799606E+2	2.35647668E-7	6.29846729E+1	-6.23970609E+1	8.86592482E+1	-7.80711615E-1
5.74878498E+3	1.19478227E+2	2.25222646E-7	6.14365234E+1	-5.97149928E+1	8.56757074E+1	-7.71189388E-1
6.16423370E+3	1.14420994E+2	2.15154859E-7	5.99332057E+1	-5.71456708E+1	8.28107293E+1	-7.61593630E-1
6.60970574E+3	1.09582071E+2	2.05512116E-7	5.84519469E+1	-5.46685938E+1	8.00330264E+1	-7.51965302E-1
7.08737081E+3	1.04968202E+2	1.96203980E-7	5.70130386E+1	-5.22883302E+1	7.73599128E+1	-7.42198623E-1
7.59955541E+3	1.00547854E+2	1.87211421E-7	5.56164683E+1	-4.99892480E+1	7.47804554E+1	-7.32163321E-1
8.14875417E+3	9.63335804E+1	1.78510844E-7	5.42656148E+1	-4.77791158E+1	7.23021502E+1	-7.21918316E-1
8.73764200E+3	9.23026691E+1	1.70070938E-7	5.29641002E+1	-4.56457210E+1	6.99194378E+1	-7.11318453E-1
9.36908711E+3	8.84617715E+1	1.61886759E-7	5.17107681E+1	-4.35938364E+1	6.76345040E+1	-7.00434892E-1
1.00461650E+4	8.47911278E+1	1.53918840E-7	5.05115514E+1	-4.16114712E+1	6.54441089E+1	-6.89086255E-1
1.07721735E+4	8.12922175E+1	1.46184220E-7	4.93594903E+1	-3.97011725E+1	6.33446321E+1	-6.77373815E-1
1.15506485E+4	7.79610879E+1	1.38646210E-7	4.82617257E+1	-3.78595087E+1	6.13395192E+1	-6.65194720E-1
1.23853818E+4	7.47932494E+1	1.31313494E-7	4.72135829E+1	-3.60851052E+1	5.94243827E+1	-6.52587308E-1
1.32804389E+4	7.17844055E+1	1.24172469E-7	4.62166001E+1	-3.43752380E+1	5.75988814E+1	-6.39511962E-1
1.42401793E+4	6.89272019E+1	1.17221537E-7	4.52687874E+1	-3.27259480E+1	5.58592054E+1	-6.25946897E-1
1.52692775E+4	6.62268980E+1	1.10471858E-7	4.43676446E+1	-3.11423056E+1	5.42063773E+1	-6.12009890E-1
1.63727458E+4	6.36816754E+1	1.03912701E-7	4.35158337E+1	-2.96231825E+1	5.26418184E+1	-5.97685878E-1
1.75559587E+4	6.12644168E+1	9.75491856E-8	4.27053832E+1	-2.81526286E+1	5.11499790E+1	-5.82835796E-1
1.88246790E+4	5.89974343E+1	9.13747227E-8	4.19442432E+1	-2.67447770E+1	4.97453787E+1	-5.67627847E-1
2.01850863E+4	5.68597181E+1	8.54230711E-8	4.12184377E+1	-2.53911216E+1	4.84114524E+1	-5.52111121E-1
2.16438064E+4	5.48543248E+1	7.96569177E-8	4.05397894E+1	-2.40895876E+1	4.71570013E+1	-5.36159279E-1
2.32079442E+4	5.29712106E+1	7.41146362E-8	3.98959648E+1	-2.28396470E+1	4.59710511E+1	-5.19938458E-1
2.48851178E+4	5.12042766E+1	6.87765643E-8	3.92911158E+1	-2.16351804E+1	4.48539082E+1	-5.03332912E-1
2.66834962E+4	4.95531903E+1	6.36808917E-8	3.87163782E+1	-2.04832122E+1	4.38009135E+1	-4.86622922E-1
2.86118383E+4	4.80064009E+1	5.88005551E-8	3.81754297E+1	-1.93726982E+1	4.28096363E+1	-4.69601833E-1
3.06795364E+4	4.65657000E+1	5.41382067E-8	3.76697873E+1	-1.83059311E+1	4.18822159E+1	-4.52350961E-1
3.28966612E+4	4.52189757E+1	4.97072650E-8	3.71913591E+1	-1.72788298E+1	4.10092082E+1	-4.34922640E-1
3.52740116E+4	4.39665847E+1	4.55096127E-8	3.67410115E+1	-1.62933991E+1	4.01917503E+1	-4.17407202E-1
3.78231664E+4	4.27996283E+1	4.15344853E-8	3.63178609E+1	-1.53428782E+1	3.94257650E+1	-3.99718090E-1
4.05565415E+4	4.17154097E+1	3.77905478E-8	3.59189294E+1	-1.44292533E+1	3.87088214E+1	-3.81985883E-1
4.34874501E+4	4.07068874E+1	3.42677057E-8	3.55433030E+1	-1.35473553E+1	3.80375766E+1	-3.64152140E-1
4.66301673E+4	3.97727980E+1	3.09643408E-8	3.51911370E+1	-1.26977893E+1	3.74118963E+1	-3.46284412E-1
5.00000000E+4	3.89074454E+1	2.78769039E-8	3.48599944E+1	-1.18783039E+1	3.68281594E+1	-3.28404491E-1
5.36133611E+4	3.81068602E+1	2.49973767E-8	3.45493888E+1	-1.10864084E+1	3.62845522E+1	-3.10506260E-1
5.74878498E+4	3.73643391E+1	2.23241503E-8	3.42547882E+1	-1.03207072E+1	3.57757952E+1	-2.92642056E-1
6.16423370E+4	3.66771024E+1	1.98400424E-8	3.39781633E+1	-9.57627190E+0	3.53018495E+1	-2.74710476E-1
6.60970574E+4	3.60429329E+1	1.75454524E-8	3.37172747E+1	-8.85521592E+0	3.48607153E+1	-2.56831279E-1
7.08737081E+4	3.54591255E+1	1.54268452E-8	3.34728776E+1	-8.15385936E+0	3.44516904E+1	-2.38942353E-1
7.59955541E+4	3.49209864E+1	1.34779609E-8	3.32420093E+1	-7.47078101E+0	3.40711572E+1	-2.21066152E-1
8.14875417E+4	3.44243071E+1	1.16836332E-8	3.30238922E+1	-6.80052534E+0	3.37168297E+1	-2.03088463E-1
8.73764200E+4	3.39693032E+1	1.00436677E-8	3.28179266E+1	-6.14701445E+0	3.33886522E+1	-1.85161115E-1
9.36908711E+4	3.35521782E+1	8.54189447E-9	3.26235629E+1	-5.50406358E+0	3.30846126E+1	-1.67140366E-1
1.00461650E+5	3.31716365E+1	7.16835853E-9	3.24407915E+1	-4.86920705E+0	3.28041788E+1	-1.48983048E-1
1.07721735E+5	3.28231852E+1	5.92111727E-9	3.22648878E+1	-4.24421870E+0	3.25428392E+1	-1.30792016E-1
1.15506485E+5	3.25086521E+1	4.78453061E-9	3.20996277E+1	-3.62346882E+0	3.23034925E+1	-1.12406131E-1
1.23853818E+5	3.22253061E+1	3.75168130E-9	3.19425614E+1	-3.00525954E+0	3.20836223E+1	-9.38071041E-2
1.32804389E+5	3.19725784E+1	2.81492778E-9	3.17932575E+1	-2.38765815E+0	3.18827918E+1	-7.49588019E-2
1.42401793E+5	3.17492534E+1	1.96883032E-9	3.16502495E+1	-1.77016704E+0	3.16997128E+1	-5.58708013E-2
1.52692775E+5	3.15542001E+1	1.20503033E-9	3.15122637E+1	-1.14956390E+0	3.15332249E+1	-3.64637199E-2
1.63727458E+5	3.13887397E+1	5.14209348E-10	3.13800879E+1	-5.21037995E-1	3.13844135E+1	-1.66025703E-2
1.75559587E+5	3.12544960E+1	-1.05295772E-10	3.12540836E+1	1.13458037E-1	3.12542898E+1	3.63016416E-3
1.88246790E+5	3.11573612E+1	-6.68775663E-10	3.11315418E+1	7.66948295E-1	3.11444466E+1	2.46332172E-2
2.01850863E+5	3.10787913E+1	-1.16222237E-9	3.10137060E+1	1.42074952E+0	3.10462316E+1	4.57783685E-2
2.16438064E+5	3.10371185E+1	-1.60733166E-9	3.08949219E+1	2.09598179E+0	3.09659386E+1	6.77384778E-2
2.32079442E+5	3.10346116E+1	-2.00315833E-9	3.07816534E+1	2.79042302E+0	3.09078737E+1	9.04050471E-2
2.48851178E+5	3.10713969E+1	-2.35502960E-9	3.06699144E+1	3.50904779E+0	3.08700030E+1	1.13917999E-1
2.66834962E+5	3.11454501E+1	-2.66355073E-9	3.05543877E+1	4.24963558E+0	3.08485033E+1	1.38197735E-1
2.86118383E+5	3.12698817E+1	-2.93264840E-9	3.04425026E+1	5.01871131E+0	3.08534189E+1	1.63389055E-1
3.06795364E+5	3.14442236E+1	-3.16364355E-9	3.03289734E+1	5.81587140E+0	3.08815644E+1	1.89459673E-1
3.28966612E+5	3.16734162E+1	-3.36509167E-9	3.02073272E+1	6.65480902E+0	3.09316867E+1	2.16840728E-1
3.52740116E+5	3.19701880E+1	-3.53050655E-9	3.00873272E+1	7.52662886E+0	3.10144724E+1	2.45128706E-1
3.78231664E+5	3.23373234E+1	-3.66539567E-9	2.99601034E+1	8.43928727E+0	3.11260267E+1	2.74569809E-1
4.05565415E+5	3.27780820E+1	-3.77696990E-9	2.98110995E+1	9.40471661E+0	3.12594088E+1	3.05594687E-1
4.34874501E+5	3.33286579E+1	-3.85176616E-9	2.96771897E+1	1.04098469E+1	3.14499739E+1	3.37359904E-1
4.66301673E+5	3.39823600E+1	-3.90567016E-9	2.95187001E+1	1.14786938E+1	3.16719901E+1	3.70867884E-1
5.00000000E+5	3.47634669E+1	-3.92836531E-9	2.93594202E+1	1.25959864E+1	3.19473803E+1	4.05276481E-1
