Start time:20240909_01-43-27	sweep/start:500.000	sweep/stop:500000.000	sweep/samplecount:100.000	sweep/xmapping:1.000	sweep/scan:0.000	sweep/averaging/sample:10.000	sweep/settling/time:0.100	sweep/settling/inaccuracy:0.010	sweep/awgcontrol:0.000	sweep/averaging/time:0.100	sweep/averaging/tc:15.000	sweep/bandwidthcontrol:2.000	sweep/sincfilter:0.000	sweep/omegasuppression:80.000	sweep/maxbandwidth:100.000	sweep/bandwidth:1250000.000	sweep/order:8.000	sweep/bandwidthoverlap:1.000																				
Frequency	Param0		Param1		RealZ		ImagZ		AbsZ		PhaseZ		
5.00000000E+2	1.55538391E+3	7.88637228E-7	9.81309002E+1	-3.78155293E+2	3.90680313E+2	-1.31689767E+0
5.36133611E+2	1.40297747E+3	7.79617346E-7	9.62529426E+1	-3.54649166E+2	3.67478793E+2	-1.30577703E+0
5.74878498E+2	1.26406191E+3	7.70789806E-7	9.44338044E+1	-3.32343768E+2	3.45499822E+2	-1.29394816E+0
6.16423370E+2	1.13923575E+3	7.61571679E-7	9.26819345E+1	-3.11442722E+2	3.24940788E+2	-1.28155289E+0
6.60970574E+2	1.02722506E+3	7.51637301E-7	9.10510505E+1	-2.91958175E+2	3.05826543E+2	-1.26849159E+0
7.08737081E+2	9.26673464E+2	7.41122422E-7	8.95054578E+1	-2.73735346E+2	2.87997001E+2	-1.25477636E+0
7.59955541E+2	8.36703440E+2	7.29931127E-7	8.80334353E+1	-2.56725437E+2	2.71399779E+2	-1.24045267E+0
8.14875417E+2	7.56096011E+2	7.18127955E-7	8.66230423E+1	-2.40814794E+2	2.55920532E+2	-1.22549915E+0
8.73764200E+2	6.83880944E+2	7.05560767E-7	8.52992861E+1	-2.25961448E+2	2.41525456E+2	-1.20984017E+0
9.36908711E+2	6.19346801E+2	6.92268507E-7	8.40308932E+1	-2.12092109E+2	2.28132101E+2	-1.19357010E+0
1.00461650E+3	5.61545777E+2	6.78301297E-7	8.28160496E+1	-1.99114272E+2	2.15650164E+2	-1.17663970E+0
1.07721735E+3	5.10109375E+2	6.63534178E-7	8.16395639E+1	-1.87029622E+2	2.04071310E+2	-1.15922045E+0
1.15506485E+3	4.64052422E+2	6.47979852E-7	8.05305405E+1	-1.75741914E+2	1.93314224E+2	-1.14111792E+0
1.23853818E+3	4.22972890E+2	6.31741661E-7	7.94469079E+1	-1.65203126E+2	1.83313624E+2	-1.12254158E+0
1.32804389E+3	3.86377777E+2	6.14743817E-7	7.84008829E+1	-1.55388732E+2	1.74046996E+2	-1.10351793E+0
1.42401793E+3	3.53648708E+2	5.97114169E-7	7.73874381E+1	-1.46216106E+2	1.65432662E+2	-1.08400976E+0
1.52692775E+3	3.24484933E+2	5.78803983E-7	7.64078330E+1	-1.37677277E+2	1.57458534E+2	-1.06413942E+0
1.63727458E+3	2.98474175E+2	5.59951005E-7	7.54469302E+1	-1.29717849E+2	1.50063186E+2	-1.04399867E+0
1.75559587E+3	2.75290661E+2	5.40612964E-7	7.45028205E+1	-1.22308052E+2	1.43212884E+2	-1.02368277E+0
1.88246790E+3	2.54607290E+2	5.20920280E-7	7.35661693E+1	-1.15405811E+2	1.36859354E+2	-1.00328973E+0
2.01850863E+3	2.36137619E+2	5.00903809E-7	7.26487572E+1	-1.08982852E+2	1.30977495E+2	-9.82834872E-1
2.16438064E+3	2.19627004E+2	4.80771577E-7	7.17280525E+1	-1.02997590E+2	1.25512617E+2	-9.62487086E-1
2.32079442E+3	2.04851689E+2	4.60599457E-7	7.08085366E+1	-9.74238108E+1	1.20437735E+2	-9.42303180E-1
2.48851178E+3	1.91634041E+2	4.40476572E-7	6.98902647E+1	-9.22426385E+1	1.15729657E+2	-9.22399054E-1
2.66834962E+3	1.79783007E+2	4.20589868E-7	6.89573168E+1	-8.74199159E+1	1.11343403E+2	-9.02918626E-1
2.86118383E+3	1.69117283E+2	4.00973551E-7	6.80241350E+1	-8.29263147E+1	1.07256966E+2	-8.83801635E-1
3.06795364E+3	1.59525500E+2	3.81773555E-7	6.70767328E+1	-7.87474496E+1	1.03442975E+2	-8.65260740E-1
3.28966612E+3	1.50849751E+2	3.63070204E-7	6.61173741E+1	-7.48483943E+1	9.98688608E+1	-8.47256309E-1
3.52740116E+3	1.42988626E+2	3.44967002E-7	6.51380124E+1	-7.12111926E+1	9.65090397E+1	-8.29910112E-1
3.78231664E+3	1.35834817E+2	3.27464315E-7	6.41503789E+1	-6.78128568E+1	9.33480306E+1	-8.13144820E-1
4.05565415E+3	1.29307195E+2	3.10643083E-7	6.31465337E+1	-6.46360282E+1	9.03620551E+1	-7.97054115E-1
4.34874501E+3	1.23333116E+2	2.94537764E-7	6.21259655E+1	-6.16648441E+1	8.75339291E+1	-7.81673172E-1
4.66301673E+3	1.17826334E+2	2.79201984E-7	6.10815823E+1	-5.88732447E+1	8.48352449E+1	-7.66990500E-1
5.00000000E+3	1.12764608E+2	2.64561543E-7	6.00318477E+1	-5.62640646E+1	8.22767753E+1	-7.53011250E-1
5.36133611E+3	1.08026123E+2	2.50574346E-7	5.89839042E+1	-5.37838397E+1	7.98235707E+1	-7.39317758E-1
5.74878498E+3	1.03613747E+2	2.37344683E-7	5.79154465E+1	-5.14454802E+1	7.74650657E+1	-7.26305450E-1
6.16423370E+3	9.94966725E+1	2.24775307E-7	5.68456484E+1	-4.92394662E+1	7.52060690E+1	-7.13821784E-1
6.60970574E+3	9.56112016E+1	2.12836891E-7	5.57751598E+1	-4.71366261E+1	7.30255435E+1	-7.01653337E-1
7.08737081E+3	9.19468088E+1	2.01509388E-7	5.47055002E+1	-4.51365079E+1	7.09224657E+1	-6.89848665E-1
7.59955541E+3	8.84678855E+1	1.90749714E-7	5.36401526E+1	-4.32222727E+1	6.88870877E+1	-6.78256655E-1
8.14875417E+3	8.51749314E+1	1.80509473E-7	5.25875856E+1	-4.13967357E+1	6.69264070E+1	-6.66884704E-1
8.73764200E+3	8.20464572E+1	1.70775077E-7	5.15457574E+1	-3.96507457E+1	6.50318904E+1	-6.55697614E-1
9.36908711E+3	7.90467044E+1	1.61455125E-7	5.05268323E+1	-3.79607527E+1	6.31979395E+1	-6.44331877E-1
1.00461650E+4	7.61972329E+1	1.52569916E-7	4.95273282E+1	-3.63440377E+1	6.14316315E+1	-6.33063843E-1
1.07721735E+4	7.34674718E+1	1.44070626E-7	4.85502751E+1	-3.47812698E+1	5.97232447E+1	-6.21646083E-1
1.15506485E+4	7.08665786E+1	1.35939502E-7	4.75992369E+1	-3.32792372E+1	5.80792135E+1	-6.10158520E-1
1.23853818E+4	6.83762928E+1	1.28131016E-7	4.66785164E+1	-3.18248322E+1	5.64951669E+1	-5.98397995E-1
1.32804389E+4	6.59923401E+1	1.20647273E-7	4.57843304E+1	-3.04172674E+1	5.49674003E+1	-5.86403824E-1
1.42401793E+4	6.37248920E+1	1.13460240E-7	4.49241148E+1	-2.90621440E+1	5.35049937E+1	-5.74204393E-1
1.52692775E+4	6.15576968E+1	1.06572744E-7	4.40912063E+1	-2.77510091E+1	5.20975342E+1	-5.61757169E-1
1.63727458E+4	5.94929200E+1	9.99193165E-8	4.33001319E+1	-2.64792270E+1	5.07548143E+1	-5.48852597E-1
1.75559587E+4	5.75325761E+1	9.35492490E-8	4.25390212E+1	-2.52549207E+1	4.94709960E+1	-5.35765650E-1
1.88246790E+4	5.56732385E+1	8.74365284E-8	4.18121771E+1	-2.40740735E+1	4.82474794E+1	-5.22410550E-1
2.01850863E+4	5.39036572E+1	8.15781436E-8	4.11154395E+1	-2.29301798E+1	4.70773040E+1	-5.08737531E-1
2.16438064E+4	5.22309372E+1	7.59578016E-8	4.04549125E+1	-2.18265441E+1	4.59673578E+1	-4.94767484E-1
2.32079442E+4	5.06429656E+1	7.05833909E-8	3.98233037E+1	-2.07575194E+1	4.49084645E+1	-4.80495277E-1
2.48851178E+4	4.91424509E+1	6.54457475E-8	3.92235624E+1	-1.97244467E+1	4.39037803E+1	-4.65942824E-1
2.66834962E+4	4.77270692E+1	6.05436732E-8	3.86548034E+1	-1.87266279E+1	4.29520717E+1	-4.51136862E-1
2.86118383E+4	4.63907240E+1	5.58876623E-8	3.81113139E+1	-1.77634203E+1	4.20477280E+1	-4.36156066E-1
3.06795364E+4	4.51348544E+1	5.14428310E-8	3.76022525E+1	-1.68298180E+1	4.11967497E+1	-4.20835241E-1
3.28966612E+4	4.39600723E+1	4.72393056E-8	3.71208728E+1	-1.59335191E+1	4.03959930E+1	-4.05450886E-1
3.52740116E+4	4.28501607E+1	4.32579823E-8	3.66624695E+1	-1.50617400E+1	3.96357503E+1	-3.89800523E-1
3.78231664E+4	4.18008029E+1	3.95030515E-8	3.62226958E+1	-1.42145719E+1	3.89119232E+1	-3.73956338E-1
4.05565415E+4	4.08251924E+1	3.59674643E-8	3.58112718E+1	-1.33998079E+1	3.82361355E+1	-3.58050260E-1
4.34874501E+4	3.99117175E+1	3.26372344E-8	3.54241168E+1	-1.26083019E+1	3.76010285E+1	-3.41942763E-1
4.66301673E+4	3.90583485E+1	2.95219946E-8	3.50571551E+1	-1.18435821E+1	3.70037103E+1	-3.25797802E-1
5.00000000E+4	3.82598220E+1	2.66073394E-8	3.47097286E+1	-1.11005751E+1	3.64415702E+1	-3.09532068E-1
5.36133611E+4	3.75169414E+1	2.38810516E-8	3.43848481E+1	-1.03776943E+1	3.59167695E+1	-2.93116607E-1
5.74878498E+4	3.68225539E+1	2.13468686E-8	3.40755985E+1	-9.67492267E+0	3.54224584E+1	-2.76644860E-1
6.16423370E+4	3.61754434E+1	1.89958421E-8	3.37823859E+1	-8.99128347E+0	3.49584437E+1	-2.60122770E-1
6.60970574E+4	3.55746063E+1	1.68128951E-8	3.35071931E+1	-8.32305279E+0	3.45254283E+1	-2.43468447E-1
7.08737081E+4	3.50185658E+1	1.47880766E-8	3.32503070E+1	-7.66779920E+0	3.41229844E+1	-2.26646118E-1
7.59955541E+4	3.44986774E+1	1.29251880E-8	3.30025707E+1	-7.02676022E+0	3.37423331E+1	-2.09782948E-1
8.14875417E+4	3.40210360E+1	1.12084639E-8	3.27718404E+1	-6.39831395E+0	3.33905969E+1	-1.92812706E-1
8.73764200E+4	3.35775178E+1	9.63264975E-9	3.25511490E+1	-5.78009245E+0	3.30603507E+1	-1.75737758E-1
9.36908711E+4	3.31707788E+1	8.18583653E-9	3.23443778E+1	-5.17004924E+0	3.27549722E+1	-1.58502986E-1
1.00461650E+5	3.27976420E+1	6.85622188E-9	3.21499099E+1	-4.56338807E+0	3.24721609E+1	-1.40999052E-1
1.07721735E+5	3.24536572E+1	5.64891569E-9	3.19615585E+1	-3.96588304E+0	3.22066680E+1	-1.23451905E-1
1.15506485E+5	3.21420508E+1	4.54187578E-9	3.17852580E+1	-3.36760250E+0	3.19631566E+1	-1.05554785E-1
1.23853818E+5	3.18613529E+1	3.53453124E-9	3.16185173E+1	-2.77093786E+0	3.17397029E+1	-8.74132279E-2
1.32804389E+5	3.16086404E+1	2.61905339E-9	3.14585184E+1	-2.17310447E+0	3.15334900E+1	-6.89688492E-2
1.42401793E+5	3.13884429E+1	1.78727742E-9	3.13095582E+1	-1.57157080E+0	3.13489757E+1	-5.01525132E-2
1.52692775E+5	3.11954538E+1	1.03430954E-9	3.11655889E+1	-9.64751686E-1	3.11805178E+1	-3.09457873E-2
1.63727458E+5	3.10282290E+1	3.54530702E-10	3.10242555E+1	-3.51086053E-1	3.10262422E+1	-1.13160192E-2
1.75559587E+5	3.08958391E+1	-2.59014968E-10	3.08934315E+1	2.72706599E-1	3.08946353E+1	8.82710112E-3
1.88246790E+5	3.08071083E+1	-8.18254728E-10	3.07718851E+1	9.16899127E-1	3.07894880E+1	2.97937761E-2
2.01850863E+5	3.07191931E+1	-1.30726107E-9	3.06397142E+1	1.56051248E+0	3.06794279E+1	5.08870738E-2
2.16438064E+5	3.06800928E+1	-1.74837825E-9	3.05177011E+1	2.22616508E+0	3.05987893E+1	7.28177078E-2
2.32079442E+5	3.06807393E+1	-2.14423373E-9	3.04009716E+1	2.91636547E+0	3.05405351E+1	9.56373547E-2
2.48851178E+5	3.07192522E+1	-2.49267437E-9	3.02851203E+1	3.62597676E+0	3.05014139E+1	1.19160779E-1
2.66834962E+5	3.07993387E+1	-2.79940843E-9	3.01689284E+1	4.36104044E+0	3.04825039E+1	1.43559609E-1
2.86118383E+5	3.09260406E+1	-3.06972742E-9	3.00507438E+1	5.12867223E+0	3.04852509E+1	1.69038418E-1
3.06795364E+5	3.11032224E+1	-3.29807800E-9	2.99328129E+1	5.91892034E+0	3.05124063E+1	1.95221730E-1
3.28966612E+5	3.13440116E+1	-3.49474703E-9	2.98155723E+1	6.75064227E+0	3.05702411E+1	2.22659241E-1
3.52740116E+5	3.16471795E+1	-3.65938772E-9	2.96911134E+1	7.62087082E+0	3.06535477E+1	2.51248048E-1
3.78231664E+5	3.20231010E+1	-3.79342405E-9	2.95595371E+1	8.53355999E+0	3.07666708E+1	2.81049110E-1
4.05565415E+5	3.24723136E+1	-3.89691601E-9	2.94138465E+1	9.48476778E+0	3.09052682E+1	3.11932210E-1
4.34874501E+5	3.30551230E+1	-3.97069100E-9	2.92881480E+1	1.05036595E+1	3.11146788E+1	3.44343677E-1
4.66301673E+5	3.37162200E+1	-4.01895029E-9	2.91255705E+1	1.15630578E+1	3.13369432E+1	3.77923359E-1
5.00000000E+5	3.45064481E+1	-4.03874366E-9	2.89559455E+1	1.26775058E+1	3.16095980E+1	4.12679344E-1
