Start time:20240907_12-51-01	sweep/start:500.000	sweep/stop:500000.000	sweep/samplecount:100.000	sweep/xmapping:1.000	sweep/scan:0.000	sweep/averaging/sample:10.000	sweep/settling/time:0.100	sweep/settling/inaccuracy:0.010	sweep/awgcontrol:0.000	sweep/averaging/time:0.100	sweep/averaging/tc:15.000	sweep/bandwidthcontrol:2.000	sweep/sincfilter:0.000	sweep/omegasuppression:80.000	sweep/maxbandwidth:100.000	sweep/bandwidth:1250000.000	sweep/order:8.000	sweep/bandwidthoverlap:1.000																				
Frequency	Param0		Param1		RealZ		ImagZ		AbsZ		PhaseZ		
5.00000000E+2	1.42105086E+3	7.52334245E-7	1.15713079E+2	-3.88644545E+2	4.05504754E+2	-1.28141883E+0
5.36133611E+2	1.28692228E+3	7.41505218E-7	1.13552388E+2	-3.65019010E+2	3.82273500E+2	-1.26919997E+0
5.74878498E+2	1.16410443E+3	7.31048484E-7	1.11407711E+2	-3.42459497E+2	3.60125238E+2	-1.25627822E+0
6.16423370E+2	1.05344943E+3	7.19963510E-7	1.09402556E+2	-3.21373741E+2	3.39484914E+2	-1.24267998E+0
6.60970574E+2	9.54189347E+2	7.08244937E-7	1.07490279E+2	-3.01681741E+2	3.20259329E+2	-1.22851694E+0
7.08737081E+2	8.65292919E+2	6.95890251E-7	1.05650497E+2	-2.83295870E+2	3.02355062E+2	-1.21383868E+0
7.59955541E+2	7.85549530E+2	6.82808079E-7	1.03913535E+2	-2.66141267E+2	2.85708245E+2	-1.19855403E+0
8.14875417E+2	7.14127684E+2	6.69016077E-7	1.02256933E+2	-2.50135978E+2	2.70230440E+2	-1.18272223E+0
8.73764200E+2	6.50224433E+2	6.54596191E-7	1.00648251E+2	-2.35189004E+2	2.55820132E+2	-1.16643283E+0
9.36908711E+2	5.93060321E+2	6.39454715E-7	9.91089031E+1	-2.21257714E+2	2.42440821E+2	-1.14966163E+0
1.00461650E+3	5.41927318E+2	6.23690054E-7	9.76134822E+1	-2.08257087E+2	2.29998712E+2	-1.13248743E+0
1.07721735E+3	4.96262187E+2	6.07271380E-7	9.61639473E+1	-1.96150503E+2	2.18454860E+2	-1.11497432E+0
1.15506485E+3	4.55554329E+2	5.90272505E-7	9.47387018E+1	-1.84886991E+2	2.07746533E+2	-1.09726682E+0
1.23853818E+3	4.19185378E+2	5.72786101E-7	9.33346641E+1	-1.74393707E+2	1.97799204E+2	-1.07939062E+0
1.32804389E+3	3.86694236E+2	5.54892081E-7	9.19429921E+1	-1.64621713E+2	1.88557214E+2	-1.06144247E+0
1.42401793E+3	3.57560191E+2	5.36608786E-7	9.05865717E+1	-1.55512776E+2	1.79972639E+2	-1.04334204E+0
1.52692775E+3	3.31603677E+2	5.18114399E-7	8.92131598E+1	-1.47052450E+2	1.71998288E+2	-1.02548262E+0
1.63727458E+3	3.08301575E+2	4.99478534E-7	8.78476175E+1	-1.39163048E+2	1.64570830E+2	-1.00771040E+0
1.75559587E+3	2.87416560E+2	4.80860978E-7	8.64621546E+1	-1.31814073E+2	1.57640903E+2	-9.90256516E-1
1.88246790E+3	2.68703668E+2	4.62271249E-7	8.50726807E+1	-1.24987917E+2	1.51193058E+2	-9.73177209E-1
2.01850863E+3	2.51839578E+2	4.43870502E-7	8.36695081E+1	-1.18620010E+2	1.45159545E+2	-9.56483795E-1
2.16438064E+3	2.36636211E+2	4.25743265E-7	8.22484699E+1	-1.12686090E+2	1.39509734E+2	-9.40290221E-1
2.32079442E+3	2.22883942E+2	4.07972356E-7	8.08096694E+1	-1.07149310E+2	1.34205728E+2	-9.24626552E-1
2.48851178E+3	2.10418168E+2	3.90657647E-7	7.93445406E+1	-1.01980273E+2	1.29211193E+2	-9.09590961E-1
2.66834962E+3	1.99051446E+2	3.73838178E-7	7.78615713E+1	-9.71392492E+1	1.24492804E+2	-8.95113446E-1
2.86118383E+3	1.88672083E+2	3.57571998E-7	7.63565471E+1	-9.26068356E+1	1.20026449E+2	-8.81279649E-1
3.06795364E+3	1.79165257E+2	3.41873628E-7	7.48359427E+1	-8.83605232E+1	1.15792921E+2	-8.68082215E-1
3.28966612E+3	1.70388000E+2	3.26805091E-7	7.32944766E+1	-8.43588692E+1	1.11751954E+2	-8.55465058E-1
3.52740116E+3	1.62282648E+2	3.12337999E-7	7.17426319E+1	-8.05951534E+1	1.07900807E+2	-8.43444018E-1
3.78231664E+3	1.54750297E+2	2.98476373E-7	7.01840703E+1	-7.70402597E+1	1.04216148E+2	-8.31934219E-1
4.05565415E+3	1.47691527E+2	2.85214783E-7	6.86227602E+1	-7.36608216E+1	1.00672737E+2	-8.20791967E-1
4.34874501E+3	1.41100131E+2	2.72570818E-7	6.70520968E+1	-7.04632941E+1	9.72679782E+1	-8.10199009E-1
4.66301673E+3	1.34890364E+2	2.60470540E-7	6.54910861E+1	-6.74168661E+1	9.39899799E+1	-7.99886726E-1
5.00000000E+3	1.29031745E+2	2.48886524E-7	6.39442807E+1	-6.45133383E+1	9.08341455E+1	-7.89828063E-1
5.36133611E+3	1.23491012E+2	2.37792405E-7	6.24156565E+1	-6.17418685E+1	8.77939208E+1	-7.79971338E-1
5.74878498E+3	1.18214805E+2	2.27167786E-7	6.09068274E+1	-5.90800047E+1	8.48533361E+1	-7.70174146E-1
6.16423370E+3	1.13193690E+2	2.16964677E-7	5.94262892E+1	-5.65260737E+1	8.20163455E+1	-7.60391249E-1
6.60970574E+3	1.08413438E+2	2.07154128E-7	5.79776999E+1	-5.40753920E+1	7.92815347E+1	-7.50586708E-1
7.08737081E+3	1.03846297E+2	1.97693351E-7	5.65676916E+1	-5.17150024E+1	7.66442774E+1	-7.40613126E-1
7.59955541E+3	9.94788886E+1	1.88570644E-7	5.51949938E+1	-4.94393488E+1	7.40995047E+1	-7.30446319E-1
8.14875417E+3	9.53113971E+1	1.79738314E-7	5.38686112E+1	-4.72489702E+1	7.16539778E+1	-7.20026657E-1
8.73764200E+3	9.13422456E+1	1.71192615E-7	5.25865091E+1	-4.51445325E+1	6.93063474E+1	-7.09397311E-1
9.36908711E+3	8.75307806E+1	1.62889602E-7	5.13536586E+1	-4.31025234E+1	6.70449536E+1	-6.98265236E-1
1.00461650E+4	8.39056368E+1	1.54824566E-7	5.01710421E+1	-4.11400015E+1	6.48816863E+1	-6.86814634E-1
1.07721735E+4	8.04510458E+1	1.46978511E-7	4.90397551E+1	-3.92479547E+1	6.28116196E+1	-6.74941726E-1
1.15506485E+4	7.71601808E+1	1.39348348E-7	4.79576503E+1	-3.74230505E+1	6.08310854E+1	-6.62634771E-1
1.23853818E+4	7.40312951E+1	1.31917751E-7	4.69269845E+1	-3.56640366E+1	5.89412031E+1	-6.49864075E-1
1.32804389E+4	7.10662225E+1	1.24694600E-7	4.59448565E+1	-3.39734827E+1	5.71412932E+1	-6.36708634E-1
1.42401793E+4	6.82485725E+1	1.17673020E-7	4.50089001E+1	-3.23418001E+1	5.54237599E+1	-6.23077042E-1
1.52692775E+4	6.55855244E+1	1.10845823E-7	4.41218186E+1	-3.07736492E+1	5.37936105E+1	-6.09026045E-1
1.63727458E+4	6.30663575E+1	1.04199722E-7	4.32845992E+1	-2.92616634E+1	5.22475056E+1	-5.94456553E-1
1.75559587E+4	6.06884121E+1	9.77674494E-8	4.24881745E+1	-2.78081777E+1	5.07793245E+1	-5.79526684E-1
1.88246790E+4	5.84463955E+1	9.15432432E-8	4.17330582E+1	-2.64101991E+1	4.93877192E+1	-5.64214655E-1
2.01850863E+4	5.63460468E+1	8.55168171E-8	4.10247145E+1	-2.50709626E+1	4.80788982E+1	-5.48554788E-1
2.16438064E+4	5.43711563E+1	7.97070154E-8	4.03543849E+1	-2.37831488E+1	4.68413766E+1	-5.32557184E-1
2.32079442E+4	5.25131420E+1	7.41220889E-8	3.97178517E+1	-2.25433223E+1	4.56695650E+1	-5.16245107E-1
2.48851178E+4	5.07717668E+1	6.87371246E-8	3.91226060E+1	-2.13481842E+1	4.45681916E+1	-4.99515702E-1
2.66834962E+4	4.91428122E+1	6.35929353E-8	3.85577259E+1	-2.02023955E+1	4.35297033E+1	-4.82625044E-1
2.86118383E+4	4.76282517E+1	5.86870390E-8	3.80264854E+1	-1.91081481E+1	4.25574318E+1	-4.65642246E-1
3.06795364E+4	4.62096479E+1	5.39918888E-8	3.75290879E+1	-1.80491956E+1	4.16437982E+1	-4.48282719E-1
3.28966612E+4	4.48883305E+1	4.95414352E-8	3.70584561E+1	-1.70341728E+1	4.07859317E+1	-4.30855473E-1
3.52740116E+4	4.36563646E+1	4.53146663E-8	3.66171161E+1	-1.60548112E+1	3.99821231E+1	-4.13208383E-1
3.78231664E+4	4.25090197E+1	4.13284742E-8	3.61989715E+1	-1.51134787E+1	3.92273220E+1	-3.95510570E-1
4.05565415E+4	4.14462892E+1	3.75685965E-8	3.58087228E+1	-1.42082384E+1	3.85245205E+1	-3.77728723E-1
4.34874501E+4	4.04608852E+1	3.40392960E-8	3.54416911E+1	-1.33374926E+1	3.78682214E+1	-3.59929292E-1
4.66301673E+4	3.95450188E+1	3.07271351E-8	3.50967745E+1	-1.24947594E+1	3.72545649E+1	-3.42017780E-1
5.00000000E+4	3.86930915E+1	2.76369365E-8	3.47690040E+1	-1.16806078E+1	3.66786075E+1	-3.24102696E-1
5.36133611E+4	3.79100720E+1	2.47588155E-8	3.44646052E+1	-1.08970936E+1	3.61463091E+1	-3.06235916E-1
5.74878498E+4	3.71830735E+1	2.20845253E-8	3.41762814E+1	-1.01371083E+1	3.56479898E+1	-2.88346001E-1
6.16423370E+4	3.65120014E+1	1.96082048E-8	3.39050702E+1	-9.40149852E+0	3.51843995E+1	-2.70492904E-1
6.60970574E+4	3.58925950E+1	1.73172846E-8	3.36503507E+1	-8.68632822E+0	3.47533942E+1	-2.52620217E-1
7.08737081E+4	3.53215470E+1	1.52061934E-8	3.34102412E+1	-7.99106857E+0	3.43526041E+1	-2.34769697E-1
7.59955541E+4	3.47967662E+1	1.32603549E-8	3.31858351E+1	-7.31164059E+0	3.39817560E+1	-2.16859460E-1
8.14875417E+4	3.43124948E+1	1.14776255E-8	3.29719077E+1	-6.64843621E+0	3.36355230E+1	-1.98971423E-1
8.73764200E+4	3.38675130E+1	9.84445293E-9	3.27695967E+1	-5.99818838E+0	3.33140322E+1	-1.81037187E-1
9.36908711E+4	3.34643931E+1	8.35402614E-9	3.25819452E+1	-5.36207567E+0	3.30202214E+1	-1.63109926E-1
1.00461650E+5	3.30944796E+1	6.99096190E-9	3.24033874E+1	-4.73219956E+0	3.27471105E+1	-1.45015127E-1
1.07721735E+5	3.27539360E+1	5.75400238E-9	3.22295063E+1	-4.11121682E+0	3.24906631E+1	-1.26875453E-1
1.15506485E+5	3.24486600E+1	4.62582441E-9	3.20681047E+1	-3.49337692E+0	3.22578212E+1	-1.08508306E-1
1.23853818E+5	3.21739687E+1	3.60353711E-9	3.19141743E+1	-2.87942983E+0	3.20438083E+1	-8.99805378E-2
1.32804389E+5	3.19476155E+1	2.67114820E-9	3.17864366E+1	-2.26345006E+0	3.18669241E+1	-7.10880267E-2
1.42401793E+5	3.17142797E+1	1.84167239E-9	3.16279028E+1	-1.65284814E+0	3.16710618E+1	-5.22116798E-2
1.52692775E+5	3.15279488E+1	1.08550484E-9	3.14939954E+1	-1.03407873E+0	3.15109675E+1	-3.28223630E-2
1.63727458E+5	3.13698455E+1	4.04689229E-10	3.13644956E+1	-4.09613090E-1	3.13671704E+1	-1.30590257E-2
1.75559587E+5	3.12435492E+1	-2.08404555E-10	3.12419372E+1	2.24393252E-1	3.12427432E+1	7.18231492E-3
1.88246790E+5	3.11700320E+1	-7.59130245E-10	3.11382198E+1	8.71459290E-1	3.11541188E+1	2.79765278E-2
2.01850863E+5	3.10799843E+1	-1.24905178E-9	3.10048265E+1	1.52651483E+0	3.10423826E+1	4.91950227E-2
2.16438064E+5	3.10488214E+1	-1.68602611E-9	3.08922557E+1	2.19923967E+0	3.09704396E+1	7.10707423E-2
2.32079442E+5	3.10511612E+1	-2.07642213E-9	3.07790937E+1	2.89378233E+0	3.09148282E+1	9.37422298E-2
2.48851178E+5	3.10932075E+1	-2.42127056E-9	3.06682483E+1	3.61008491E+0	3.08799969E+1	1.17174853E-1
2.66834962E+5	3.11788676E+1	-2.72771703E-9	3.05575900E+1	4.35713738E+0	3.08666657E+1	1.41633026E-1
2.86118383E+5	3.13054050E+1	-2.98811497E-9	3.04444254E+1	5.11976438E+0	3.08719139E+1	1.66608647E-1
3.06795364E+5	3.14847492E+1	-3.21503522E-9	3.03299630E+1	5.91815726E+0	3.09019624E+1	1.92704433E-1
3.28966612E+5	3.17251844E+1	-3.40917971E-9	3.02151164E+1	6.75476063E+0	3.09609453E+1	2.19939281E-1
3.52740116E+5	3.20256863E+1	-3.56924736E-9	3.00941518E+1	7.62415738E+0	3.10449007E+1	2.48123000E-1
3.78231664E+5	3.24004420E+1	-3.70097319E-9	2.99668314E+1	8.53975556E+0	3.11598872E+1	2.77614718E-1
4.05565415E+5	3.28715890E+1	-3.80555554E-9	2.98394378E+1	9.51195533E+0	3.13188394E+1	3.08588010E-1
4.34874501E+5	3.34149395E+1	-3.87557374E-9	2.96965933E+1	1.05081714E+1	3.15009494E+1	3.40101412E-1
4.66301673E+5	3.40761904E+1	-3.92750102E-9	2.95350145E+1	1.15811377E+1	3.17244488E+1	3.73690881E-1
NaN	NaN	NaN	NaN	NaN	NaN	NaN
