Start time:20240904_17-29-03	sweep/start:500.000	sweep/stop:500000.000	sweep/samplecount:100.000	sweep/xmapping:1.000	sweep/scan:0.000	sweep/averaging/sample:10.000	sweep/settling/time:0.100	sweep/settling/inaccuracy:0.010	sweep/awgcontrol:0.000	sweep/averaging/time:0.100	sweep/averaging/tc:15.000	sweep/bandwidthcontrol:2.000	sweep/sincfilter:0.000	sweep/omegasuppression:80.000	sweep/maxbandwidth:100.000	sweep/bandwidth:1250000.000	sweep/order:8.000	sweep/bandwidthoverlap:1.000																				
Frequency	Param0		Param1		RealZ		ImagZ		AbsZ		PhaseZ		
5.00000000E+2	1.12271444E+3	7.56868444E-7	1.38153971E+2	-3.68810066E+2	3.93836760E+2	-1.21238179E+0
5.36133611E+2	1.01826560E+3	7.42750253E-7	1.35931383E+2	-3.46318974E+2	3.72040567E+2	-1.19676918E+0
5.74878498E+2	9.24166991E+2	7.27946920E-7	1.33842331E+2	-3.25236610E+2	3.51699628E+2	-1.18039600E+0
6.16423370E+2	8.40175789E+2	7.12301102E-7	1.31841688E+2	-3.05594391E+2	3.32821525E+2	-1.16349453E+0
6.60970574E+2	7.65011647E+2	6.95929291E-7	1.29912590E+2	-2.87240907E+2	3.15253269E+2	-1.14605008E+0
7.08737081E+2	6.97827209E+2	6.78734319E-7	1.28074107E+2	-2.70130689E+2	2.98954130E+2	-1.12806700E+0
7.59955541E+2	6.37805579E+2	6.60828793E-7	1.26289850E+2	-2.54163789E+2	2.83810430E+2	-1.10964485E+0
8.14875417E+2	5.84277240E+2	6.42189643E-7	1.24561252E+2	-2.39296425E+2	2.69774515E+2	-1.09085899E+0
8.73764200E+2	5.36472305E+2	6.22892211E-7	1.22884942E+2	-2.25441014E+2	2.56757399E+2	-1.07173300E+0
9.36908711E+2	4.93712740E+2	6.03028767E-7	1.21254657E+2	-2.12514155E+2	2.44673171E+2	-1.05229606E+0
1.00461650E+3	4.55530316E+2	5.82699916E-7	1.19647371E+2	-2.00468213E+2	2.33458775E+2	-1.03270388E+0
1.07721735E+3	4.21527299E+2	5.61926331E-7	1.18066370E+2	-1.89284251E+2	2.23087866E+2	-1.01309518E+0
1.15506485E+3	3.91071803E+2	5.40855842E-7	1.16515349E+2	-1.78857587E+2	2.13461623E+2	-9.93408046E-1
1.23853818E+3	3.63823229E+2	5.19614883E-7	1.14976558E+2	-1.69149433E+2	2.04526626E+2	-9.73801840E-1
1.32804389E+3	3.39495094E+2	4.98288383E-7	1.13446083E+2	-1.60138602E+2	1.96250826E+2	-9.54438797E-1
1.42401793E+3	3.17728054E+2	4.77038858E-7	1.11910882E+2	-1.51766858E+2	1.88566236E+2	-9.35416640E-1
1.52692775E+3	2.98184026E+2	4.55967511E-7	1.10376999E+2	-1.43977688E+2	1.81418459E+2	-9.16739389E-1
1.63727458E+3	2.80603156E+2	4.35231160E-7	1.08826752E+2	-1.36725515E+2	1.74748759E+2	-8.98529428E-1
1.75559587E+3	2.64807837E+2	4.14903879E-7	1.07261346E+2	-1.29994795E+2	1.68533806E+2	-8.80924701E-1
1.88246790E+3	2.50569446E+2	3.95080422E-7	1.05680254E+2	-1.23741367E+2	1.62727510E+2	-8.63960677E-1
2.01850863E+3	2.37739161E+2	3.75851322E-7	1.04076885E+2	-1.17945550E+2	1.57299558E+2	-8.47782262E-1
2.16438064E+3	2.26065525E+2	3.57297686E-7	1.02450640E+2	-1.12536321E+2	1.52185930E+2	-8.32276784E-1
2.32079442E+3	2.15460018E+2	3.39484554E-7	1.00793203E+2	-1.07506442E+2	1.47366567E+2	-8.17615770E-1
2.48851178E+3	2.05787416E+2	3.22451985E-7	9.91038642E+1	-1.02823887E+2	1.42808711E+2	-8.03818619E-1
2.66834962E+3	1.96925146E+2	3.06218501E-7	9.73845226E+1	-9.84566681E+1	1.38482710E+2	-7.90872672E-1
2.86118383E+3	1.88784312E+2	2.90812149E-7	9.56300708E+1	-9.43840356E+1	1.34363153E+2	-7.78840665E-1
3.06795364E+3	1.81245698E+2	2.76198568E-7	9.38521045E+1	-9.05652936E+1	1.30423503E+2	-7.67577377E-1
3.28966612E+3	1.74252605E+2	2.62409881E-7	9.20379484E+1	-8.69877460E+1	1.26640642E+2	-7.57196268E-1
3.52740116E+3	1.67738161E+2	2.49389420E-7	9.02018917E+1	-8.36296462E+1	1.23005281E+2	-7.47608030E-1
3.78231664E+3	1.61606744E+2	2.37137953E-7	8.83356582E+1	-8.04515345E+1	1.19480701E+2	-7.38721654E-1
4.05565415E+3	1.55826070E+2	2.25575532E-7	8.64587662E+1	-7.74429530E+1	1.16071226E+2	-7.30446104E-1
4.34874501E+3	1.50369032E+2	2.14710620E-7	8.45607701E+1	-7.45975663E+1	1.12762232E+2	-7.22880416E-1
4.66301673E+3	1.45183155E+2	2.04489774E-7	8.26498469E+1	-7.18913617E+1	1.09541615E+2	-7.15894655E-1
5.00000000E+3	1.40211825E+2	1.94825955E-7	8.07447194E+1	-6.92939696E+1	1.06401900E+2	-7.09227174E-1
5.36133611E+3	1.35479654E+2	1.85732083E-7	7.88359123E+1	-6.68248520E+1	1.03347289E+2	-7.03125162E-1
5.74878498E+3	1.30916101E+2	1.77136568E-7	7.69352436E+1	-6.44440092E+1	1.00359664E+2	-6.97274323E-1
6.16423370E+3	1.26504128E+2	1.68989595E-7	7.50515654E+1	-6.21417344E+1	9.74388667E+1	-6.91574867E-1
6.60970574E+3	1.22249099E+2	1.61261816E-7	7.31892836E+1	-5.99220547E+1	9.45902952E+1	-6.86056094E-1
7.08737081E+3	1.18127248E+2	1.53893103E-7	7.13612000E+1	-5.77692063E+1	9.18134093E+1	-6.80526441E-1
7.59955541E+3	1.14134261E+2	1.46903413E-7	6.95532842E+1	-5.56844077E+1	8.90977703E+1	-6.75107114E-1
8.14875417E+3	1.10258853E+2	1.40197770E-7	6.77932208E+1	-5.36552127E+1	8.64569415E+1	-6.69508172E-1
8.73764200E+3	1.06501301E+2	1.33789371E-7	6.60707008E+1	-5.16844081E+1	8.38845372E+1	-6.63829330E-1
9.36908711E+3	1.02863368E+2	1.27653747E-7	6.43899376E+1	-4.97724996E+1	8.13840636E+1	-6.58050381E-1
1.00461650E+4	9.93327389E+1	1.21737972E-7	6.27641099E+1	-4.79082182E+1	7.89590458E+1	-6.51962665E-1
1.07721735E+4	9.59027841E+1	1.16057620E-7	6.11814743E+1	-4.60901385E+1	7.65994367E+1	-6.45632016E-1
1.15506485E+4	9.25890528E+1	1.10564672E-7	5.96586057E+1	-4.43236337E+1	7.43218257E+1	-6.38976762E-1
1.23853818E+4	8.93747593E+1	1.05268890E-7	5.81846525E+1	-4.26002980E+1	7.21126845E+1	-6.31983416E-1
1.32804389E+4	8.62698382E+1	1.00148569E-7	5.67659182E+1	-4.09245287E+1	6.99799011E+1	-6.24638461E-1
1.42401793E+4	8.32719498E+1	9.51961079E-8	5.54013271E+1	-3.92946487E+1	6.79218412E+1	-6.16922180E-1
1.52692775E+4	8.03683317E+1	9.04072371E-8	5.40862429E+1	-3.77027731E+1	6.59304254E+1	-6.08767690E-1
1.63727458E+4	7.75911951E+1	8.57780628E-8	5.28265356E+1	-3.61694683E+1	6.40224476E+1	-6.00372441E-1
1.75559587E+4	7.48955679E+1	8.12705294E-8	5.16235081E+1	-3.46610031E+1	6.21801567E+1	-5.91285442E-1
1.88246790E+4	7.23190460E+1	7.69276477E-8	5.04669801E+1	-3.32085477E+1	6.04129441E+1	-5.81996214E-1
2.01850863E+4	6.98314640E+1	7.27041151E-8	4.93644129E+1	-3.17859050E+1	5.87127683E+1	-5.72077313E-1
2.16438064E+4	6.74540505E+1	6.86175570E-8	4.83126260E+1	-3.04100714E+1	5.70866211E+1	-5.61788301E-1
2.32079442E+4	6.51691123E+1	6.46655480E-8	4.73053507E+1	-2.90697676E+1	5.55233976E+1	-5.51022760E-1
2.48851178E+4	6.29868134E+1	6.08400326E-8	4.63472649E+1	-2.77704319E+1	5.40302355E+1	-5.39817595E-1
2.66834962E+4	6.09060559E+1	5.71345635E-8	4.54393948E+1	-2.65102922E+1	5.26073596E+1	-5.28139768E-1
2.86118383E+4	5.89178375E+1	5.35561423E-8	4.45745048E+1	-2.52853039E+1	5.12467886E+1	-5.15997518E-1
3.06795364E+4	5.70204308E+1	5.01125242E-8	4.37475636E+1	-2.40967954E+1	4.99450189E+1	-5.03468388E-1
3.28966612E+4	5.52163855E+1	4.67880388E-8	4.29650300E+1	-2.29429693E+1	4.87070185E+1	-4.90469753E-1
3.52740116E+4	5.35001483E+1	4.35892319E-8	4.22212036E+1	-2.18222503E+1	4.75272622E+1	-4.77040695E-1
3.78231664E+4	5.18706468E+1	4.05128458E-8	4.15162946E+1	-2.07334105E+1	4.64055713E+1	-4.63170829E-1
4.05565415E+4	5.03265169E+1	3.75616420E-8	4.08480909E+1	-1.96767780E+1	4.53402926E+1	-4.48905742E-1
4.34874501E+4	4.88661017E+1	3.47363931E-8	4.02151783E+1	-1.86520350E+1	4.43301138E+1	-4.34275375E-1
4.66301673E+4	4.74823400E+1	3.20319283E-8	3.96156675E+1	-1.76534265E+1	4.33710110E+1	-4.19203292E-1
5.00000000E+4	4.61785415E+1	2.94544301E-8	3.90485867E+1	-1.66857614E+1	4.24641823E+1	-4.03823655E-1
5.36133611E+4	4.49467537E+1	2.69962541E-8	3.85123347E+1	-1.57418071E+1	4.16053412E+1	-3.88024207E-1
5.74878498E+4	4.37879280E+1	2.46653595E-8	3.80039769E+1	-1.48260964E+1	4.07935706E+1	-3.71959883E-1
6.16423370E+4	4.26963271E+1	2.24470938E-8	3.75256495E+1	-1.39295735E+1	4.00275831E+1	-3.55436234E-1
6.60970574E+4	4.16705849E+1	2.03544496E-8	3.70708345E+1	-1.30581997E+1	3.93034776E+1	-3.38677827E-1
7.08737081E+4	4.07085099E+1	1.83764295E-8	3.66421678E+1	-1.22065383E+1	3.86218598E+1	-3.21565896E-1
7.59955541E+4	3.98079400E+1	1.65112860E-8	3.62384440E+1	-1.13733446E+1	3.79812823E+1	-3.04112002E-1
8.14875417E+4	3.89649286E+1	1.47615044E-8	3.58553260E+1	-1.05591574E+1	3.73778038E+1	-2.86397257E-1
8.73764200E+4	3.81799994E+1	1.31167793E-8	3.54967379E+1	-9.75945763E+0	3.68139299E+1	-2.68310023E-1
9.36908711E+4	3.74455970E+1	1.15797012E-8	3.51550542E+1	-8.97352414E+0	3.62822545E+1	-2.49918949E-1
1.00461650E+5	3.67639528E+1	1.01492914E-8	3.48317548E+1	-8.20376936E+0	3.57848150E+1	-2.31309980E-1
1.07721735E+5	3.61300099E+1	8.80915360E-9	3.45277277E+1	-7.43795375E+0	3.53197841E+1	-2.12177307E-1
1.15506485E+5	3.55449305E+1	7.56643365E-9	3.42404146E+1	-6.68334915E+0	3.48865756E+1	-1.92765258E-1
1.23853818E+5	3.50044822E+1	6.41366760E-9	3.39676596E+1	-5.93451176E+0	3.44821742E+1	-1.72964897E-1
1.32804389E+5	3.45088231E+1	5.34625277E-9	3.37098994E+1	-5.18954708E+0	3.41070220E+1	-1.52748081E-1
1.42401793E+5	3.40549093E+1	4.36172188E-9	3.34638351E+1	-4.44742590E+0	3.37580786E+1	-1.32128160E-1
1.52692775E+5	3.36460494E+1	3.45450586E-9	3.32328079E+1	-3.70582912E+0	3.34387903E+1	-1.11052381E-1
1.63727458E+5	3.32764013E+1	2.62030568E-9	3.30107965E+1	-2.96104984E+0	3.31433328E+1	-8.94600157E-2
1.75559587E+5	3.29516603E+1	1.85547839E-9	3.28024557E+1	-2.21229976E+0	3.28769734E+1	-6.73411356E-2
1.88246790E+5	3.26854337E+1	1.16139467E-9	3.26141710E+1	-1.46400647E+0	3.26497773E+1	-4.48604814E-2
2.01850863E+5	3.24215789E+1	5.17142649E-10	3.24069247E+1	-6.89117079E-1	3.24142510E+1	-2.12612917E-2
2.16438064E+5	3.22222666E+1	-6.28327795E-11	3.22220221E+1	8.87173164E-2	3.22221444E+1	2.75330698E-3
2.32079442E+5	3.20683028E+1	-5.88685915E-10	3.20440192E+1	8.82110925E-1	3.20561587E+1	2.75211463E-2
2.48851178E+5	3.19621922E+1	-1.06247523E-9	3.18723318E+1	1.69234457E+0	3.19172303E+1	5.30477899E-2
2.66834962E+5	3.19004629E+1	-1.48974036E-9	3.16992228E+1	2.52568220E+0	3.17996836E+1	7.95085094E-2
2.86118383E+5	3.18954220E+1	-1.87077665E-9	3.15325822E+1	3.38248293E+0	3.17134832E+1	1.06860811E-1
3.06795364E+5	3.19515988E+1	-2.20870516E-9	3.13710377E+1	4.26764088E+0	3.16599875E+1	1.35207622E-1
3.28966612E+5	3.20618960E+1	-2.50638897E-9	3.12010814E+1	5.18249577E+0	3.16285603E+1	1.64597156E-1
3.52740116E+5	3.22439975E+1	-2.76412038E-9	3.10330997E+1	6.13007377E+0	3.16327549E+1	1.95022698E-1
3.78231664E+5	3.25125150E+1	-2.98547623E-9	3.08698856E+1	7.12093445E+0	3.16805558E+1	2.26710083E-1
4.05565415E+5	3.28677906E+1	-3.17116856E-9	3.07019411E+1	8.15448424E+0	3.17664125E+1	2.59607720E-1
4.34874501E+5	3.33131592E+1	-3.32570923E-9	3.05165981E+1	9.23803970E+0	3.18842324E+1	2.93952034E-1
4.66301673E+5	3.38730064E+1	-3.44491402E-9	3.03280932E+1	1.03687020E+1	3.20515779E+1	3.29426492E-1
5.00000000E+5	3.45541618E+1	-3.53266386E-9	3.01240041E+1	1.15522168E+1	3.22631316E+1	3.66191925E-1
