Start time:20240905_12-51-45	sweep/start:500.000	sweep/stop:500000.000	sweep/samplecount:100.000	sweep/xmapping:1.000	sweep/scan:0.000	sweep/averaging/sample:10.000	sweep/settling/time:0.100	sweep/settling/inaccuracy:0.010	sweep/awgcontrol:0.000	sweep/averaging/time:0.100	sweep/averaging/tc:15.000	sweep/bandwidthcontrol:2.000	sweep/sincfilter:0.000	sweep/omegasuppression:80.000	sweep/maxbandwidth:100.000	sweep/bandwidth:1250000.000	sweep/order:8.000	sweep/bandwidthoverlap:1.000																				
Frequency	Param0		Param1		RealZ		ImagZ		AbsZ		PhaseZ		
5.00000000E+2	1.36166660E+3	7.28549306E-7	1.27102628E+2	-3.96126582E+2	4.16018451E+2	-1.26031015E+0
5.36133611E+2	1.23247349E+3	7.17886558E-7	1.24703133E+2	-3.71675041E+2	3.92037266E+2	-1.24708216E+0
5.74878498E+2	1.11523258E+3	7.06624756E-7	1.22519054E+2	-3.48749576E+2	3.69644682E+2	-1.23295534E+0
6.16423370E+2	1.01035957E+3	6.94648519E-7	1.20435130E+2	-3.27380705E+2	3.48830548E+2	-1.21828693E+0
6.60970574E+2	9.16147449E+2	6.81970824E-7	1.18477782E+2	-3.07418404E+2	3.29458749E+2	-1.20294277E+0
7.08737081E+2	8.31827372E+2	6.68605388E-7	1.16602193E+2	-2.88785031E+2	3.11436783E+2	-1.18704577E+0
7.59955541E+2	7.56549558E+2	6.54512490E-7	1.14794857E+2	-2.71422392E+2	2.94699810E+2	-1.17067347E+0
8.14875417E+2	6.89066814E+2	6.39700559E-7	1.13081861E+2	-2.55212510E+2	2.79143219E+2	-1.15370442E+0
8.73764200E+2	6.28887127E+2	6.24208799E-7	1.11412877E+2	-2.40110985E+2	2.64700049E+2	-1.13635645E+0
9.36908711E+2	5.75076493E+2	6.08040436E-7	1.09807851E+2	-2.26031276E+2	2.51292468E+2	-1.11856646E+0
1.00461650E+3	5.26956363E+2	5.91252690E-7	1.08255104E+2	-2.12900311E+2	2.38842440E+2	-1.10038942E+0
1.07721735E+3	4.84142715E+2	5.73887869E-7	1.06722864E+2	-2.00697090E+2	2.27308365E+2	-1.08206402E+0
1.15506485E+3	4.45872099E+2	5.56057638E-7	1.05216318E+2	-1.89321271E+2	2.16594132E+2	-1.06354513E+0
1.23853818E+3	4.11667944E+2	5.37799453E-7	1.03738129E+2	-1.78729011E+2	2.06653477E+2	-1.04489732E+0
1.32804389E+3	3.81127928E+2	5.19253125E-7	1.02261450E+2	-1.68870626E+2	1.97420093E+2	-1.02629795E+0
1.42401793E+3	3.53850103E+2	5.00428143E-7	1.00805517E+2	-1.59713142E+2	1.88865138E+2	-1.00777526E+0
1.52692775E+3	3.29456331E+2	4.81527974E-7	9.93380539E+1	-1.51193585E+2	1.80907572E+2	-9.89498052E-1
1.63727458E+3	3.07565814E+2	4.62621929E-7	9.78713608E+1	-1.43258788E+2	1.73498945E+2	-9.71449223E-1
1.75559587E+3	2.87947696E+2	4.43817758E-7	9.63932818E+1	-1.35884353E+2	1.66601988E+2	-9.53804526E-1
1.88246790E+3	2.70335649E+2	4.25296394E-7	9.48782632E+1	-1.29023607E+2	1.60152978E+2	-9.36733546E-1
2.01850863E+3	2.54459640E+2	4.07041663E-7	9.33596230E+1	-1.22638641E+2	1.54130645E+2	-9.20129067E-1
2.16438064E+3	2.40121998E+2	3.89178904E-7	9.18226403E+1	-1.16692920E+2	1.48487829E+2	-9.04110365E-1
2.32079442E+3	2.27140527E+2	3.71811226E-7	9.02573717E+1	-1.11151758E+2	1.43182075E+2	-8.88769399E-1
2.48851178E+3	2.15326913E+2	3.55010105E-7	8.86621937E+1	-1.05973447E+2	1.38171474E+2	-8.74106586E-1
2.66834962E+3	2.04593723E+2	3.38752773E-7	8.70540468E+1	-1.01154851E+2	1.33456777E+2	-8.60179482E-1
2.86118383E+3	1.94753368E+2	3.23180075E-7	8.54070581E+1	-9.66382231E+1	1.28970198E+2	-8.47014416E-1
3.06795364E+3	1.85704440E+2	3.08269757E-7	8.37349232E+1	-9.24035126E+1	1.24699426E+2	-8.34573125E-1
3.28966612E+3	1.77351375E+2	2.94039036E-7	8.20376252E+1	-8.84268805E+1	1.20621248E+2	-8.22862070E-1
3.52740116E+3	1.69619514E+2	2.80452958E-7	8.03282053E+1	-8.46912642E+1	1.16727165E+2	-8.11831665E-1
3.78231664E+3	1.62395844E+2	2.67549310E-7	7.85969128E+1	-8.11562508E+1	1.12977041E+2	-8.01417372E-1
4.05565415E+3	1.55650653E+2	2.55273578E-7	7.68581309E+1	-7.78193134E+1	1.09375582E+2	-7.91612195E-1
4.34874501E+3	1.49291491E+2	2.43665330E-7	7.50973315E+1	-7.46443777E+1	1.05883863E+2	-7.82373272E-1
4.66301673E+3	1.43287023E+2	2.32598868E-7	7.33487158E+1	-7.16232138E+1	1.02517896E+2	-7.73496406E-1
5.00000000E+3	1.37587825E+2	2.22093683E-7	7.16014712E+1	-6.87365953E+1	9.92546748E+1	-7.64986891E-1
5.36133611E+3	1.32191096E+2	2.12082920E-7	6.98717243E+1	-6.59875885E+1	9.61062942E+1	-7.56816550E-1
5.74878498E+3	1.27019843E+2	2.02563094E-7	6.81537351E+1	-6.33399165E+1	9.30423382E+1	-7.48805749E-1
6.16423370E+3	1.22081809E+2	1.93488073E-7	6.64569692E+1	-6.08001495E+1	9.00732313E+1	-7.40975514E-1
6.60970574E+3	1.17338458E+2	1.84807176E-7	6.47906405E+1	-5.83490073E+1	8.71919366E+1	-7.33134191E-1
7.08737081E+3	1.12794501E+2	1.76487028E-7	6.31606426E+1	-5.59902331E+1	8.44048167E+1	-7.25291407E-1
7.59955541E+3	1.08410616E+2	1.68520531E-7	6.15619181E+1	-5.37037762E+1	8.16943414E+1	-7.17329323E-1
8.14875417E+3	1.04206386E+2	1.60829263E-7	6.00159864E+1	-5.14988377E+1	7.90825453E+1	-7.09169331E-1
8.73764200E+3	1.00155797E+2	1.53429662E-7	5.85112327E+1	-4.93626857E+1	7.65521987E+1	-7.00792835E-1
9.36908711E+3	9.62608662E+1	1.46294792E-7	5.70520996E+1	-4.72963257E+1	7.41072501E+1	-6.92176848E-1
1.00461650E+4	9.25193409E+1	1.39379572E-7	5.56488014E+1	-4.52968126E+1	7.17536786E+1	-6.83205241E-1
1.07721735E+4	8.89233562E+1	1.32684807E-7	5.42965354E+1	-4.33603085E+1	6.94854671E+1	-6.73876526E-1
1.15506485E+4	8.54791762E+1	1.26195674E-7	5.29975452E+1	-4.14903198E+1	6.73066600E+1	-6.64209733E-1
1.23853818E+4	8.21695512E+1	1.19887611E-7	5.17541230E+1	-3.96752282E+1	6.52120620E+1	-6.54047033E-1
1.32804389E+4	7.90042699E+1	1.13757608E-7	5.05659136E+1	-3.79211208E+1	6.32054038E+1	-6.43459157E-1
1.42401793E+4	7.59763879E+1	1.07816503E-7	4.94258798E+1	-3.62254355E+1	6.12796850E+1	-6.32482885E-1
1.52692775E+4	7.30889827E+1	1.02031124E-7	4.83431950E+1	-3.45874282E+1	5.94420294E+1	-6.21023957E-1
1.63727458E+4	7.03295406E+1	9.64069287E-8	4.73117398E+1	-3.30001773E+1	5.76837305E+1	-6.09049539E-1
1.75559587E+4	6.77117575E+1	9.09709915E-8	4.63245492E+1	-3.14762233E+1	5.60063978E+1	-5.96815358E-1
1.88246790E+4	6.52160254E+1	8.56759420E-8	4.53910835E+1	-2.99979235E+1	5.44079590E+1	-5.83983666E-1
2.01850863E+4	6.28469948E+1	8.05397898E-8	4.45058007E+1	-2.85707794E+1	5.28871988E+1	-5.70699805E-1
2.16438064E+4	6.06050545E+1	7.55675500E-8	4.36668529E+1	-2.71962852E+1	5.14434835E+1	-5.57025121E-1
2.32079442E+4	5.84792893E+1	7.07697566E-8	4.28672848E+1	-2.58697535E+1	5.00684364E+1	-5.42977893E-1
2.48851178E+4	5.64727169E+1	6.61323425E-8	4.21126338E+1	-2.45914687E+1	4.87669426E+1	-5.28530814E-1
2.66834962E+4	5.45757081E+1	6.16587419E-8	4.13986257E+1	-2.33562189E+1	4.75327180E+1	-5.13663694E-1
2.86118383E+4	5.27867784E+1	5.73615429E-8	4.07208624E+1	-2.21660619E+1	4.63629496E+1	-4.98488624E-1
3.06795364E+4	5.11042414E+1	5.32213200E-8	4.00855433E+1	-2.10164335E+1	4.52608139E+1	-4.82889936E-1
3.28966612E+4	4.95198979E+1	4.92605017E-8	3.94824256E+1	-1.99073790E+1	4.42172554E+1	-4.67008826E-1
3.52740116E+4	4.80298576E+1	4.54754719E-8	3.89113666E+1	-1.88364785E+1	4.32308616E+1	-4.50836188E-1
3.78231664E+4	4.66351482E+1	4.18660297E-8	3.83736486E+1	-1.78051641E+1	4.23032007E+1	-4.34430665E-1
4.05565415E+4	4.53282222E+1	3.84328789E-8	3.78659133E+1	-1.68097331E+1	4.14293921E+1	-4.17792856E-1
4.34874501E+4	4.41013679E+1	3.51718202E-8	3.73857295E+1	-1.58451580E+1	4.06049481E+1	-4.00878419E-1
4.66301673E+4	4.29583175E+1	3.20831093E-8	3.69356739E+1	-1.49147708E+1	3.98333328E+1	-3.83781331E-1
5.00000000E+4	4.18874040E+1	2.91667676E-8	3.65091102E+1	-1.40127335E+1	3.91059055E+1	-3.66476150E-1
5.36133611E+4	4.08900915E+1	2.64183993E-8	3.61085782E+1	-1.31397733E+1	3.84250317E+1	-3.49000447E-1
5.74878498E+4	3.99597949E+1	2.38357506E-8	3.57306116E+1	-1.22927334E+1	3.77860809E+1	-3.31354753E-1
6.16423370E+4	3.90943902E+1	2.14193169E-8	3.53735833E+1	-1.14725004E+1	3.71874800E+1	-3.13620314E-1
6.60970574E+4	3.82892759E+1	1.91541695E-8	3.50387504E+1	-1.06721294E+1	3.66279727E+1	-2.95654014E-1
7.08737081E+4	3.75405512E+1	1.70441876E-8	3.47216232E+1	-9.89331843E+0	3.61035853E+1	-2.77576715E-1
7.59955541E+4	3.68497302E+1	1.50832374E-8	3.44249768E+1	-9.13630483E+0	3.56167251E+1	-2.59417167E-1
8.14875417E+4	3.62079275E+1	1.32610702E-8	3.41443287E+1	-8.39405681E+0	3.51609923E+1	-2.41059967E-1
8.73764200E+4	3.56138481E+1	1.15775523E-8	3.38779026E+1	-7.66877988E+0	3.47350324E+1	-2.22613529E-1
9.36908711E+4	3.50684086E+1	1.00200599E-8	3.36294544E+1	-6.95638026E+0	3.43413955E+1	-2.03976982E-1
1.00461650E+5	3.45654705E+1	8.58833720E-9	3.33929554E+1	-6.25729439E+0	3.39741551E+1	-1.85235565E-1
1.07721735E+5	3.41021088E+1	7.26461647E-9	3.31695129E+1	-5.56181097E+0	3.36325785E+1	-1.66132908E-1
1.15506485E+5	3.36810164E+1	6.05386404E-9	3.29592679E+1	-4.87732447E+0	3.33181879E+1	-1.46914169E-1
1.23853818E+5	3.32975422E+1	4.94461629E-9	3.27597567E+1	-4.19734544E+0	3.30275549E+1	-1.27430772E-1
1.32804389E+5	3.29530706E+1	3.93454815E-9	3.25718157E+1	-3.52391157E+0	3.27618886E+1	-1.07769799E-1
1.42401793E+5	3.26414067E+1	3.00754771E-9	3.23914958E+1	-2.84516665E+0	3.25162112E+1	-8.76119854E-2
1.52692775E+5	3.23670253E+1	2.16654032E-9	3.22211846E+1	-2.16775122E+0	3.22940226E+1	-6.71759738E-2
1.63727458E+5	3.21281460E+1	1.40186181E-9	3.20593218E+1	-1.48541100E+0	3.20937154E+1	-4.63000854E-2
1.75559587E+5	3.19244238E+1	7.12047209E-10	3.19043640E+1	-7.99993195E-1	3.19143923E+1	-2.50694751E-2
1.88246790E+5	3.17570981E+1	9.04777992E-11	3.17527887E+1	-1.07856024E-1	3.17549433E+1	-3.39740775E-3
2.01850863E+5	3.16228761E+1	-4.79021498E-10	3.16112083E+1	6.07306526E-1	3.16170417E+1	1.92093834E-2
2.16438064E+5	3.15271750E+1	-9.83542333E-10	3.14712121E+1	1.32710446E+0	3.14991811E+1	4.21438692E-2
2.32079442E+5	3.14737535E+1	-1.43700264E-9	3.13374488E+1	2.06674195E+0	3.14055272E+1	6.58558177E-2
2.48851178E+5	3.14591864E+1	-1.84026236E-9	3.12035053E+1	2.82455592E+0	3.13310850E+1	9.02744361E-2
2.66834962E+5	3.14918636E+1	-2.19967102E-9	3.10727413E+1	3.60876222E+0	3.12816005E+1	1.15621173E-1
2.86118383E+5	3.15708964E+1	-2.51255796E-9	3.09416768E+1	4.41237679E+0	3.12547032E+1	1.41647991E-1
3.06795364E+5	3.17053586E+1	-2.78883500E-9	3.08102724E+1	5.25145510E+0	3.12546114E+1	1.68822573E-1
3.28966612E+5	3.19026679E+1	-3.02615504E-9	3.06809554E+1	6.12235618E+0	3.12858487E+1	1.96961957E-1
3.52740116E+5	3.21635775E+1	-3.22608903E-9	3.05479744E+1	7.02518756E+0	3.13453686E+1	2.26042023E-1
3.78231664E+5	3.24931053E+1	-3.39643998E-9	3.04018530E+1	7.97357044E+0	3.14300907E+1	2.56495515E-1
4.05565415E+5	3.29155796E+1	-3.53614147E-9	3.02540716E+1	8.97336405E+0	3.15567788E+1	2.88334911E-1
4.34874501E+5	3.34291797E+1	-3.64047210E-9	3.01007966E+1	1.00093268E+1	3.17213635E+1	3.21024734E-1
4.66301673E+5	3.40544484E+1	-3.71519393E-9	2.99404462E+1	1.10983948E+1	3.19312589E+1	3.54979948E-1
5.00000000E+5	3.48019570E+1	-3.76495506E-9	2.97593832E+1	1.22500272E+1	3.21820551E+1	3.90496781E-1
