Start time:20240908_14-04-26	sweep/start:500.000	sweep/stop:500000.000	sweep/samplecount:100.000	sweep/xmapping:1.000	sweep/scan:0.000	sweep/averaging/sample:10.000	sweep/settling/time:0.100	sweep/settling/inaccuracy:0.010	sweep/awgcontrol:0.000	sweep/averaging/time:0.100	sweep/averaging/tc:15.000	sweep/bandwidthcontrol:2.000	sweep/sincfilter:0.000	sweep/omegasuppression:80.000	sweep/maxbandwidth:100.000	sweep/bandwidth:1250000.000	sweep/order:8.000	sweep/bandwidthoverlap:1.000																				
Frequency	Param0		Param1		RealZ		ImagZ		AbsZ		PhaseZ		
5.00000000E+2	1.50380286E+3	7.72068361E-7	1.05129242E+2	-3.83459788E+2	3.97609825E+2	-1.30321145E+0
5.36133611E+2	1.35663194E+3	7.63082334E-7	1.03078997E+2	-3.59464762E+2	3.73952135E+2	-1.29153302E+0
5.74878498E+2	1.22458611E+3	7.53685139E-7	1.01088536E+2	-3.37005446E+2	3.51840258E+2	-1.27937519E+0
6.16423370E+2	1.10567232E+3	7.43770439E-7	9.92086814E+1	-3.15990304E+2	3.31198189E+2	-1.26658087E+0
6.60970574E+2	9.98956126E+2	7.33243742E-7	9.74243851E+1	-2.96363166E+2	3.11965770E+2	-1.25319167E+0
7.08737081E+2	9.02809595E+2	7.22010463E-7	9.57810825E+1	-2.78025208E+2	2.94061282E+2	-1.23902516E+0
7.59955541E+2	8.16878274E+2	7.10181330E-7	9.41817688E+1	-2.60892301E+2	2.77371598E+2	-1.22435695E+0
8.14875417E+2	7.39785592E+2	6.97717859E-7	9.26567931E+1	-2.44869056E+2	2.61813176E+2	-1.20905410E+0
8.73764200E+2	6.70789479E+2	6.84499610E-7	9.12106339E+1	-2.29921166E+2	2.47352227E+2	-1.19313460E+0
9.36908711E+2	6.09139856E+2	6.70566559E-7	8.98182082E+1	-2.15973447E+2	2.33905626E+2	-1.17667896E+0
1.00461650E+3	5.53876953E+2	6.55920322E-7	8.84952953E+1	-2.02938618E+2	2.21394446E+2	-1.15958739E+0
1.07721735E+3	5.04485125E+2	6.40515320E-7	8.72322696E+1	-1.90782358E+2	2.09779355E+2	-1.14194253E+0
1.15506485E+3	4.60432932E+2	6.24423947E-7	8.60018174E+1	-1.79448467E+2	1.98992627E+2	-1.12388092E+0
1.23853818E+3	4.21064843E+2	6.07637869E-7	8.48186316E+1	-1.68878480E+2	1.88981856E+2	-1.10535310E+0
1.32804389E+3	3.85928377E+2	5.90246448E-7	8.36615226E+1	-1.59022334E+2	1.79686821E+2	-1.08648802E+0
1.42401793E+3	3.54545252E+2	5.72246004E-7	8.25419400E+1	-1.49838843E+2	1.71069726E+2	-1.06728431E+0
1.52692775E+3	3.26590016E+2	5.53754043E-7	8.14340636E+1	-1.41294176E+2	1.63081425E+2	-1.04795251E+0
1.63727458E+3	3.01588387E+2	5.34870720E-7	8.03425307E+1	-1.33324605E+2	1.55661084E+2	-1.02846107E+0
1.75559587E+3	2.79282562E+2	5.15679087E-7	7.92560030E+1	-1.25909908E+2	1.48777751E+2	-1.00899197E+0
1.88246790E+3	2.59330242E+2	4.96231579E-7	7.81866946E+1	-1.19008464E+2	1.42394431E+2	-9.89526874E-1
2.01850863E+3	2.41457468E+2	4.76694968E-7	7.71183320E+1	-1.12576905E+2	1.36458040E+2	-9.70189518E-1
2.16438064E+3	2.25495721E+2	4.57190141E-7	7.60368785E+1	-1.06603862E+2	1.30942699E+2	-9.51222577E-1
2.32079442E+3	2.11143295E+2	4.37793316E-7	7.49564759E+1	-1.01035060E+2	1.25803644E+2	-9.32508570E-1
2.48851178E+3	1.98251531E+2	4.18634222E-7	7.38642496E+1	-9.58528712E+1	1.21011158E+2	-9.14240871E-1
2.66834962E+3	1.86632243E+2	3.99811870E-7	7.27595167E+1	-9.10237553E+1	1.16530131E+2	-8.96454013E-1
2.86118383E+3	1.76147103E+2	3.81420727E-7	7.16379828E+1	-8.65264248E+1	1.12333534E+2	-8.79254293E-1
3.06795364E+3	1.66643459E+2	3.63539628E-7	7.04993682E+1	-8.23292018E+1	1.08389384E+2	-8.62650026E-1
3.28966612E+3	1.57992108E+2	3.46217789E-7	6.93464775E+1	-7.84044765E+1	1.04671849E+2	-8.46627390E-1
3.52740116E+3	1.50119365E+2	3.29535075E-7	6.81705251E+1	-7.47428608E+1	1.01161830E+2	-8.31354030E-1
3.78231664E+3	1.42889717E+2	3.13492217E-7	6.69817415E+1	-7.13053167E+1	9.78314978E+1	-8.16653203E-1
4.05565415E+3	1.36228342E+2	2.98149154E-7	6.57716378E+1	-6.80738750E+1	9.46570703E+1	-8.02597176E-1
4.34874501E+3	1.30089577E+2	2.83451455E-7	6.45557942E+1	-6.50429483E+1	9.16407978E+1	-7.89157089E-1
4.66301673E+3	1.24388432E+2	2.69455899E-7	6.33233494E+1	-6.21839637E+1	8.87507297E+1	-7.76320169E-1
5.00000000E+3	1.19059177E+2	2.56119908E-7	6.20835768E+1	-5.94747744E+1	8.59745279E+1	-7.63940139E-1
5.36133611E+3	1.14103104E+2	2.43406992E-7	6.08446061E+1	-5.69253210E+1	8.33220160E+1	-7.52131274E-1
5.74878498E+3	1.09425216E+2	2.31297999E-7	5.96070288E+1	-5.44932478E+1	8.07620702E+1	-7.40609830E-1
6.16423370E+3	1.05010661E+2	2.19804739E-7	5.83649965E+1	-5.21773322E+1	7.82875906E+1	-7.29480993E-1
6.60970574E+3	1.00821718E+2	2.08852819E-7	5.71312564E+1	-4.99608935E+1	7.58951341E+1	-7.18542874E-1
7.08737081E+3	9.68512338E+1	1.98389796E-7	5.59150284E+1	-4.78429619E+1	7.35896695E+1	-7.07757488E-1
7.59955541E+3	9.30689309E+1	1.88404224E-7	5.47137874E+1	-4.58099891E+1	7.13593278E+1	-6.97054658E-1
8.14875417E+3	8.94720389E+1	1.78842427E-7	5.35373034E+1	-4.38617002E+1	6.92104880E+1	-6.86383156E-1
8.73764200E+3	8.60283109E+1	1.69700129E-7	5.23801134E+1	-4.19820956E+1	6.71280318E+1	-6.75648334E-1
9.36908711E+3	8.27417311E+1	1.60906000E-7	5.12569472E+1	-4.01723021E+1	6.51236403E+1	-6.64749574E-1
1.00461650E+4	7.95979851E+1	1.52449603E-7	5.01657003E+1	-3.84251366E+1	6.31908905E+1	-6.53640230E-1
1.07721735E+4	7.65999830E+1	1.44318177E-7	4.91075122E+1	-3.67435273E+1	6.13321660E+1	-6.42364910E-1
1.15506485E+4	7.37311169E+1	1.36476158E-7	4.80859361E+1	-3.51165551E+1	5.95435114E+1	-6.30765243E-1
1.23853818E+4	7.09981452E+1	1.28913051E-7	4.71028091E+1	-3.35490292E+1	5.78291626E+1	-6.18900965E-1
1.32804389E+4	6.83850701E+1	1.21631297E-7	4.61523813E+1	-3.20326628E+1	5.61794786E+1	-6.06730314E-1
1.42401793E+4	6.59007453E+1	1.14575036E-7	4.52488845E+1	-3.05691611E+1	5.46070984E+1	-5.94146798E-1
1.52692775E+4	6.35301264E+1	1.07766310E-7	4.43819107E+1	-2.91519129E+1	5.30997955E+1	-5.81170178E-1
1.63727458E+4	6.12852726E+1	1.01219789E-7	4.35501094E+1	-2.77915095E+1	5.16621741E+1	-5.67999757E-1
1.75559587E+4	5.91507928E+1	9.48937352E-8	4.27588309E+1	-2.64745347E+1	5.02913383E+1	-5.54388349E-1
1.88246790E+4	5.71273183E+1	8.87967305E-8	4.20055339E+1	-2.52031455E+1	4.89863602E+1	-5.40416440E-1
2.01850863E+4	5.52189914E+1	8.29311368E-8	4.12909981E+1	-2.39812567E+1	4.77498403E+1	-5.26172157E-1
2.16438064E+4	5.34075198E+1	7.72760519E-8	4.06138337E+1	-2.27947496E+1	4.65734272E+1	-5.11443807E-1
2.32079442E+4	5.17027828E+1	7.18627601E-8	3.99699606E+1	-2.16554925E+1	4.54594124E+1	-4.96521340E-1
2.48851178E+4	5.00951588E+1	6.66782507E-8	3.93591147E+1	-2.05562890E+1	4.44038406E+1	-4.81308581E-1
2.66834962E+4	4.85788515E+1	6.17168219E-8	3.87803698E+1	-1.94932982E+1	4.34039838E+1	-4.65772468E-1
2.86118383E+4	4.71513119E+1	5.69931721E-8	3.82289965E+1	-1.84686463E+1	4.24564163E+1	-4.50041075E-1
3.06795364E+4	4.58224699E+1	5.24831607E-8	3.77167967E+1	-1.74848507E+1	4.15725483E+1	-4.34091634E-1
3.28966612E+4	4.45716140E+1	4.82075712E-8	3.72284167E+1	-1.65340737E+1	4.07348821E+1	-4.17957613E-1
3.52740116E+4	4.33985026E+1	4.41538773E-8	3.67669627E+1	-1.56147870E+1	3.99453518E+1	-4.01613244E-1
3.78231664E+4	4.23014221E+1	4.03211448E-8	3.63319032E+1	-1.47269807E+1	3.92032035E+1	-3.85106227E-1
4.05565415E+4	4.12764150E+1	3.67153803E-8	3.59195311E+1	-1.38714364E+1	3.85049279E+1	-3.68536882E-1
4.34874501E+4	4.03202159E+1	3.33129270E-8	3.55338957E+1	-1.30413416E+1	3.78514774E+1	-3.51748560E-1
4.66301673E+4	3.94298715E+1	3.01268883E-8	3.51697474E+1	-1.22404033E+1	3.72389396E+1	-3.34925734E-1
5.00000000E+4	3.85965721E+1	2.71473138E-8	3.48232782E+1	-1.14629162E+1	3.66614125E+1	-3.18002455E-1
5.36133611E+4	3.78246072E+1	2.43633686E-8	3.44999433E+1	-1.07098415E+1	3.61240474E+1	-3.00998560E-1
5.74878498E+4	3.71059281E+1	2.17766891E-8	3.41930639E+1	-9.97996690E+0	3.56197329E+1	-2.83982496E-1
6.16423370E+4	3.64388143E+1	1.93729305E-8	3.39043157E+1	-9.26986685E+0	3.51487278E+1	-2.66889813E-1
6.60970574E+4	3.58184773E+1	1.71423872E-8	3.36315812E+1	-8.57605778E+0	3.47078093E+1	-2.49679108E-1
7.08737081E+4	3.52462076E+1	1.50831494E-8	3.33756598E+1	-7.90131375E+0	3.42981841E+1	-2.32459125E-1
7.59955541E+4	3.47167186E+1	1.31839696E-8	3.31340832E+1	-7.24148908E+0	3.39161708E+1	-2.15167837E-1
8.14875417E+4	3.42282026E+1	1.14343569E-8	3.29068455E+1	-6.59406419E+0	3.35610216E+1	-1.97766483E-1
8.73764200E+4	3.37777003E+1	9.83023730E-9	3.26913513E+1	-5.95937979E+0	3.32300868E+1	-1.80312353E-1
9.36908711E+4	3.33631576E+1	8.35638443E-9	3.24880741E+1	-5.33195696E+0	3.29227085E+1	-1.62670253E-1
1.00461650E+5	3.29835161E+1	7.01634672E-9	3.22943824E+1	-4.71753515E+0	3.26371304E+1	-1.45053164E-1
1.07721735E+5	3.26370384E+1	5.78083651E-9	3.21133711E+1	-4.10081837E+0	3.23741460E+1	-1.27010754E-1
1.15506485E+5	3.23215780E+1	4.66048722E-9	3.19398506E+1	-3.49174882E+0	3.21301474E+1	-1.08890216E-1
1.23853818E+5	3.20391781E+1	3.64166928E-9	3.17772039E+1	-2.88527237E+0	3.19079222E+1	-9.05486384E-2
1.32804389E+5	3.17837212E+1	2.71626753E-9	3.16196210E+1	-2.27785570E+0	3.17015649E+1	-7.19150730E-2
1.42401793E+5	3.15604412E+1	1.87602064E-9	3.14721171E+1	-1.66725465E+0	3.15162482E+1	-5.29261389E-2
1.52692775E+5	3.13649895E+1	1.11765289E-9	3.13295522E+1	-1.05367016E+0	3.13472658E+1	-3.36191560E-2
1.63727458E+5	3.11982708E+1	4.31371480E-10	3.11922916E+1	-4.31847820E-1	3.11952811E+1	-1.38438105E-2
1.75559587E+5	3.10626948E+1	-1.86940311E-10	3.10614201E+1	1.98960857E-1	3.10620574E+1	6.40531484E-3
1.88246790E+5	3.09770661E+1	-7.44209209E-10	3.09433834E+1	8.43356211E-1	3.09602160E+1	2.72496045E-2
2.01850863E+5	3.08853250E+1	-1.24123991E-9	3.08124858E+1	1.49811501E+0	3.08488839E+1	4.85821279E-2
2.16438064E+5	3.08472658E+1	-1.68607112E-9	3.06937108E+1	2.17097836E+0	3.07703925E+1	7.06127979E-2
2.32079442E+5	3.08425608E+1	-2.08238823E-9	3.05743872E+1	2.86342918E+0	3.07081813E+1	9.33821174E-2
2.48851178E+5	3.08826019E+1	-2.43104268E-9	3.04628207E+1	3.57598842E+0	3.06719931E+1	1.16853829E-1
2.66834962E+5	3.09626318E+1	-2.73943635E-9	3.03488843E+1	4.31583042E+0	3.06542220E+1	1.41260069E-1
2.86118383E+5	3.10841343E+1	-3.00959646E-9	3.02291229E+1	5.08391491E+0	3.06536477E+1	1.66620123E-1
3.06795364E+5	3.12610949E+1	-3.24121371E-9	3.01123439E+1	5.88145876E+0	3.06813435E+1	1.92888844E-1
3.28966612E+5	3.14952702E+1	-3.43801296E-9	2.99928600E+1	6.71278033E+0	3.07348861E+1	2.20183963E-1
3.52740116E+5	3.18010393E+1	-3.60405024E-9	2.98734230E+1	7.58842847E+0	3.08221655E+1	2.48758004E-1
3.78231664E+5	3.21735551E+1	-3.73930865E-9	2.97422956E+1	8.50359440E+0	3.09340488E+1	2.78479798E-1
4.05565415E+5	3.26367667E+1	-3.84568942E-9	2.96080635E+1	9.46960266E+0	3.10855497E+1	3.09550528E-1
4.34874501E+5	3.31842427E+1	-3.92076604E-9	2.94608430E+1	1.04734901E+1	3.12671666E+1	3.41571089E-1
4.66301673E+5	3.38444027E+1	-3.97170554E-9	2.92998820E+1	1.15392151E+1	3.14902675E+1	3.75177418E-1
NaN	NaN	NaN	NaN	NaN	NaN	NaN
