Start time:20240906_02-30-14	sweep/start:500.000	sweep/stop:500000.000	sweep/samplecount:100.000	sweep/xmapping:1.000	sweep/scan:0.000	sweep/averaging/sample:10.000	sweep/settling/time:0.100	sweep/settling/inaccuracy:0.010	sweep/awgcontrol:0.000	sweep/averaging/time:0.100	sweep/averaging/tc:15.000	sweep/bandwidthcontrol:2.000	sweep/sincfilter:0.000	sweep/omegasuppression:80.000	sweep/maxbandwidth:100.000	sweep/bandwidth:1250000.000	sweep/order:8.000	sweep/bandwidthoverlap:1.000																				
Frequency	Param0		Param1		RealZ		ImagZ		AbsZ		PhaseZ		
5.00000000E+2	1.39725804E+3	7.29084238E-7	1.24282962E+2	-3.97755053E+2	4.16719738E+2	-1.26794694E+0
5.36133611E+2	1.26332150E+3	7.18810237E-7	1.21971125E+2	-3.73110885E+2	3.92541327E+2	-1.25484405E+0
5.74878498E+2	1.14350397E+3	7.07911663E-7	1.19743822E+2	-3.50126901E+2	3.70037080E+2	-1.24126508E+0
6.16423370E+2	1.03545865E+3	6.96330988E-7	1.17684946E+2	-3.28645834E+2	3.49081420E+2	-1.22693220E+0
6.60970574E+2	9.39140277E+2	6.84018214E-7	1.15695014E+2	-3.08655908E+2	3.29626775E+2	-1.21217039E+0
7.08737081E+2	8.52439927E+2	6.71037786E-7	1.13831613E+2	-2.89960167E+2	3.11503684E+2	-1.19670565E+0
7.59955541E+2	7.75161932E+2	6.57358172E-7	1.12016905E+2	-2.72549834E+2	2.94671351E+2	-1.18084669E+0
8.14875417E+2	7.05925456E+2	6.42931541E-7	1.10301826E+2	-2.56316902E+2	2.79042739E+2	-1.16441660E+0
8.73764200E+2	6.44120050E+2	6.27895373E-7	1.08618616E+2	-2.41175064E+2	2.64505988E+2	-1.14763267E+0
9.36908711E+2	5.88847396E+2	6.12229326E-7	1.06987448E+2	-2.27052754E+2	2.50996553E+2	-1.13045232E+0
1.00461650E+3	5.39493605E+2	5.95899584E-7	1.05412444E+2	-2.13910127E+2	2.38472909E+2	-1.11293457E+0
1.07721735E+3	4.95453375E+2	5.79090928E-7	1.03845172E+2	-2.01659645E+2	2.26826881E+2	-1.09525826E+0
1.15506485E+3	4.56154993E+2	5.61721773E-7	1.02320076E+2	-1.90274569E+2	2.16041223E+2	-1.07740703E+0
1.23853818E+3	4.20992351E+2	5.43997192E-7	1.00805328E+2	-1.79656768E+2	2.06005508E+2	-1.05947136E+0
1.32804389E+3	3.89601056E+2	5.25948603E-7	9.92979432E+1	-1.69783684E+2	1.96689048E+2	-1.04159121E+0
1.42401793E+3	3.61515346E+2	5.07695781E-7	9.77910175E+1	-1.60592246E+2	1.88023809E+2	-1.02382932E+0
1.52692775E+3	3.36357996E+2	4.89347063E-7	9.62771648E+1	-1.52033878E+2	1.79954419E+2	-1.00627837E+0
1.63727458E+3	3.13824486E+2	4.70954428E-7	9.47619397E+1	-1.44079110E+2	1.72448879E+2	-9.89021759E-1
1.75559587E+3	2.93599578E+2	4.52712087E-7	9.32171432E+1	-1.36671419E+2	1.65434316E+2	-9.72217192E-1
1.88246790E+3	2.75370142E+2	4.34650172E-7	9.16635184E+1	-1.29765922E+2	1.58875409E+2	-9.55804053E-1
2.01850863E+3	2.58946886E+2	4.16874256E-7	9.00886062E+1	-1.23337773E+2	1.52735600E+2	-9.39943416E-1
2.16438064E+3	2.44085866E+2	3.99458755E-7	8.84961947E+1	-1.17341780E+2	1.46971664E+2	-9.24628795E-1
2.32079442E+3	2.30589819E+2	3.82526275E-7	8.68713674E+1	-1.11736377E+2	1.41533221E+2	-9.09946707E-1
2.48851178E+3	2.18307262E+2	3.66109278E-7	8.52197606E+1	-1.06497345E+2	1.36396819E+2	-8.95930097E-1
2.66834962E+3	2.07091430E+2	3.50245975E-7	8.35443090E+1	-1.01595562E+2	1.31534444E+2	-8.82591575E-1
2.86118383E+3	1.96799742E+2	3.34962263E-7	8.18496967E+1	-9.69980701E+1	1.26917291E+2	-8.69896301E-1
3.06795364E+3	1.87294126E+2	3.20253062E-7	8.01471101E+1	-9.26688890E+1	1.22519723E+2	-8.57729050E-1
3.28966612E+3	1.78517511E+2	3.06206619E-7	7.84141547E+1	-8.85975157E+1	1.18314410E+2	-8.46296716E-1
3.52740116E+3	1.70372500E+2	2.92741065E-7	7.66787367E+1	-8.47603619E+1	1.14297628E+2	-8.35416305E-1
3.78231664E+3	1.62747919E+2	2.79905358E-7	7.49298692E+1	-8.11183992E+1	1.10429526E+2	-8.25035185E-1
4.05565415E+3	1.55607882E+2	2.67660416E-7	7.31772061E+1	-7.76662481E+1	1.06709652E+2	-8.15148991E-1
4.34874501E+3	1.48888810E+2	2.55958158E-7	7.14334643E+1	-7.43834890E+1	1.03129256E+2	-8.05626420E-1
4.66301673E+3	1.42526304E+2	2.44782302E-7	6.97009619E+1	-7.12460258E+1	9.96705594E+1	-7.96359744E-1
5.00000000E+3	1.36511976E+2	2.34077587E-7	6.79918801E+1	-6.82554751E+1	9.63416098E+1	-7.87332842E-1
5.36133611E+3	1.30779431E+2	2.23880443E-7	6.62917706E+1	-6.53834918E+1	9.31106865E+1	-7.78500404E-1
5.74878498E+3	1.25309978E+2	2.14096959E-7	6.46233048E+1	-6.26240628E+1	8.99885816E+1	-7.69687998E-1
6.16423370E+3	1.20103680E+2	2.04711575E-7	6.29867704E+1	-5.99800765E+1	8.69766801E+1	-7.60951777E-1
6.60970574E+3	1.15126567E+2	1.95672462E-7	6.13924920E+1	-5.74357787E+1	8.40708440E+1	-7.52112718E-1
7.08737081E+3	1.10361577E+2	1.86955770E-7	5.98426316E+1	-5.49835116E+1	8.12670114E+1	-7.43106203E-1
7.59955541E+3	1.05786245E+2	1.78573705E-7	5.83283048E+1	-5.26131265E+1	7.85514627E+1	-7.33928387E-1
8.14875417E+3	1.01417443E+2	1.70440240E-7	5.68715982E+1	-5.03328249E+1	7.59458493E+1	-7.24480125E-1
8.73764200E+3	9.72376109E+1	1.62577160E-7	5.54615295E+1	-4.81348656E+1	7.34366842E+1	-7.14792569E-1
9.36908711E+3	9.32285858E+1	1.54925668E-7	5.41103330E+1	-4.60076256E+1	7.10255573E+1	-7.04642563E-1
1.00461650E+4	8.93973979E+1	1.47512439E-7	5.28074098E+1	-4.39570520E+1	6.87084056E+1	-6.94189039E-1
1.07721735E+4	8.57412225E+1	1.40285833E-7	5.15647944E+1	-4.19797623E+1	6.64923190E+1	-6.83289634E-1
1.15506485E+4	8.22532307E+1	1.33260513E-7	5.03749005E+1	-4.00732786E+1	6.43700108E+1	-6.71991561E-1
1.23853818E+4	7.89227381E+1	1.26424322E-7	4.92375190E+1	-3.82312237E+1	6.23374670E+1	-6.60224857E-1
1.32804389E+4	7.57565504E+1	1.19759965E-7	4.81567692E+1	-3.64570465E+1	6.04002541E+1	-6.47997391E-1
1.42401793E+4	7.27450366E+1	1.13300175E-7	4.71200255E+1	-3.47483975E+1	5.85469723E+1	-6.35416963E-1
1.52692775E+4	6.98825848E+1	1.07000720E-7	4.61379200E+1	-3.30987781E+1	5.67823652E+1	-6.22300533E-1
1.63727458E+4	6.71852151E+1	1.00863241E-7	4.52128082E+1	-3.15187844E+1	5.51147176E+1	-6.08790915E-1
1.75559587E+4	6.46040880E+1	9.49188326E-8	4.43239128E+1	-2.99816039E+1	5.35117363E+1	-5.94724912E-1
1.88246790E+4	6.21913834E+1	8.91489926E-8	4.34892778E+1	-2.85191307E+1	5.20063292E+1	-5.80423448E-1
2.01850863E+4	5.99068854E+1	8.35555525E-8	4.26985685E+1	-2.71066490E+1	5.05760638E+1	-5.65642160E-1
2.16438064E+4	5.77490836E+1	7.81438600E-8	4.19498149E+1	-2.57444436E+1	4.92195425E+1	-5.50429443E-1
2.32079442E+4	5.57246856E+1	7.29305050E-8	4.12410767E+1	-2.44401218E+1	4.79389822E+1	-5.34972400E-1
2.48851178E+4	5.38168468E+1	6.78976534E-8	4.05728089E+1	-2.31807529E+1	4.67279415E+1	-5.19077214E-1
2.66834962E+4	5.20265886E+1	6.30573026E-8	3.99427553E+1	-2.19695590E+1	4.55860207E+1	-5.02863268E-1
2.86118383E+4	5.03470468E+1	5.84255144E-8	3.93445947E+1	-2.08059325E+1	4.45071243E+1	-4.86431433E-1
3.06795364E+4	4.87756092E+1	5.39934321E-8	3.87810402E+1	-1.96875533E+1	4.34921700E+1	-4.69756208E-1
3.28966612E+4	4.73047525E+1	4.97537770E-8	3.82520244E+1	-1.86087389E+1	4.25382480E+1	-4.52770988E-1
3.52740116E+4	4.59280286E+1	4.57238645E-8	3.77503213E+1	-1.75701755E+1	4.16388981E+1	-4.35612116E-1
3.78231664E+4	4.46483610E+1	4.18965125E-8	3.72807464E+1	-1.65731759E+1	4.07985811E+1	-4.18312922E-1
4.05565415E+4	4.34497424E+1	3.82744488E-8	3.68347206E+1	-1.56096913E+1	4.00057386E+1	-4.00833926E-1
4.34874501E+4	4.23389723E+1	3.48521503E-8	3.64185803E+1	-1.46837410E+1	3.92673562E+1	-3.83256502E-1
4.66301673E+4	4.13021107E+1	3.16272360E-8	3.60253342E+1	-1.37875895E+1	3.85735964E+1	-3.65521012E-1
5.00000000E+4	4.03387579E+1	2.86038078E-8	3.56538701E+1	-1.29241778E+1	3.79240403E+1	-3.47758306E-1
5.36133611E+4	3.94433859E+1	2.57662518E-8	3.53053249E+1	-1.20870006E+1	3.73170411E+1	-3.29849131E-1
5.74878498E+4	3.86130949E+1	2.31192970E-8	3.49764107E+1	-1.12782160E+1	3.67497954E+1	-3.11925660E-1
6.16423370E+4	3.78418593E+1	2.06547672E-8	3.46650220E+1	-1.04940518E+1	3.62186262E+1	-2.93957111E-1
6.60970574E+4	3.71305883E+1	1.83637152E-8	3.43741943E+1	-9.73390044E+0	3.57258178E+1	-2.75950122E-1
7.08737081E+4	3.64695952E+1	1.62363259E-8	3.40987359E+1	-8.99129006E+0	3.52642467E+1	-2.57815653E-1
7.59955541E+4	3.58613010E+1	1.42730534E-8	3.38399061E+1	-8.27065939E+0	3.48359449E+1	-2.39706365E-1
8.14875417E+4	3.52988468E+1	1.24603728E-8	3.35951141E+1	-7.56551952E+0	3.44364456E+1	-2.21501959E-1
8.73764200E+4	3.47812433E+1	1.07932493E-8	3.33640732E+1	-6.87623131E+0	3.40652894E+1	-2.03251012E-1
9.36908711E+4	3.43050892E+1	9.25739277E-9	3.31466104E+1	-6.19674299E+0	3.37208752E+1	-1.84816119E-1
1.00461650E+5	3.38664443E+1	7.85549639E-9	3.29376083E+1	-5.53115042E+0	3.33987975E+1	-1.66375778E-1
1.07721735E+5	3.34695498E+1	6.56812336E-9	3.27446315E+1	-4.87208086E+0	3.31051065E+1	-1.47706576E-1
1.15506485E+5	3.31040007E+1	5.39386112E-9	3.25572606E+1	-4.21904663E+0	3.28294925E+1	-1.28870324E-1
1.23853818E+5	3.27766603E+1	4.32545579E-9	3.23824915E+1	-3.57269636E+0	3.25789798E+1	-1.09883619E-1
1.32804389E+5	3.24814156E+1	3.35213529E-9	3.22154823E+1	-2.92693759E+0	3.23481756E+1	-9.06062243E-2
1.42401793E+5	3.22176422E+1	2.46711088E-9	3.20555138E+1	-2.27971450E+0	3.21364758E+1	-7.09981695E-2
1.52692775E+5	3.19872644E+1	1.66634255E-9	3.19038341E+1	-1.63148314E+0	3.19455220E+1	-5.10930216E-2
1.63727458E+5	3.17887614E+1	9.41153782E-10	3.17586772E+1	-9.77457676E-1	3.17737158E+1	-3.07679453E-2
1.75559587E+5	3.16207587E+1	2.88389421E-10	3.16175590E+1	-3.18042144E-1	3.16191588E+1	-1.00586925E-2
1.88246790E+5	3.14951935E+1	-2.95628896E-10	3.14871114E+1	3.46883083E-1	3.14911518E+1	1.10135710E-2
2.01850863E+5	3.13857230E+1	-8.31471504E-10	3.13513798E+1	1.03763987E+0	3.13685467E+1	3.30850261E-2
2.16438064E+5	3.13227805E+1	-1.30507209E-9	3.12262778E+1	1.73591525E+0	3.12744919E+1	5.55343279E-2
2.32079442E+5	3.12949159E+1	-1.72781557E-9	3.11015595E+1	2.45227888E+0	3.11980879E+1	7.86846688E-2
2.48851178E+5	3.13064928E+1	-2.10386412E-9	3.09779462E+1	3.19024641E+0	3.11417862E+1	1.02622668E-1
2.66834962E+5	3.13615191E+1	-2.43712930E-9	3.08548506E+1	3.95386405E+0	3.11071533E+1	1.27449407E-1
2.86118383E+5	3.14649046E+1	-2.72716290E-9	3.07335305E+1	4.74106197E+0	3.10970675E+1	1.53056987E-1
3.06795364E+5	3.16185908E+1	-2.97852445E-9	3.06097895E+1	5.55690088E+0	3.11101013E+1	1.79584200E-1
3.28966612E+5	3.18389494E+1	-3.19682645E-9	3.04894592E+1	6.41444694E+0	3.11568988E+1	2.07358447E-1
3.52740116E+5	3.21126443E+1	-3.37920833E-9	3.03567156E+1	7.30096869E+0	3.12223382E+1	2.36023260E-1
3.78231664E+5	3.24655066E+1	-3.53061510E-9	3.02228778E+1	8.23277307E+0	3.13241285E+1	2.65949266E-1
4.05565415E+5	3.28889275E+1	-3.65068583E-9	3.00736742E+1	9.20134404E+0	3.14498150E+1	2.96915783E-1
4.34874501E+5	3.34269757E+1	-3.74129421E-9	2.99318618E+1	1.02281413E+1	3.16311805E+1	3.29274103E-1
4.66301673E+5	3.40689315E+1	-3.80545842E-9	2.97730728E+1	1.13092969E+1	3.18486529E+1	3.63015841E-1
NaN	NaN	NaN	NaN	NaN	NaN	NaN
