Start time:20240905_17-48-55	sweep/start:500.000	sweep/stop:500000.000	sweep/samplecount:100.000	sweep/xmapping:1.000	sweep/scan:0.000	sweep/averaging/sample:10.000	sweep/settling/time:0.100	sweep/settling/inaccuracy:0.010	sweep/awgcontrol:0.000	sweep/averaging/time:0.100	sweep/averaging/tc:15.000	sweep/bandwidthcontrol:2.000	sweep/sincfilter:0.000	sweep/omegasuppression:80.000	sweep/maxbandwidth:100.000	sweep/bandwidth:1250000.000	sweep/order:8.000	sweep/bandwidthoverlap:1.000																				
Frequency	Param0		Param1		RealZ		ImagZ		AbsZ		PhaseZ		
5.00000000E+2	1.37312954E+3	7.24847546E-7	1.27410203E+2	-3.98393404E+2	4.18271047E+2	-1.26126572E+0
5.36133611E+2	1.24208839E+3	7.14417908E-7	1.25016116E+2	-3.73700356E+2	3.94057094E+2	-1.24796402E+0
5.74878498E+2	1.12421032E+3	7.03112557E-7	1.22839578E+2	-3.50724868E+2	3.71614717E+2	-1.23390341E+0
6.16423370E+2	1.01851438E+3	6.91183748E-7	1.20758858E+2	-3.29259563E+2	3.50705817E+2	-1.21927029E+0
6.60970574E+2	9.23899356E+2	6.78479917E-7	1.18796634E+2	-3.09262752E+2	3.31294575E+2	-1.20404672E+0
7.08737081E+2	8.39008180E+2	6.65230735E-7	1.16895563E+2	-2.90536950E+2	3.13171356E+2	-1.18827157E+0
7.59955541E+2	7.63136192E+2	6.51186395E-7	1.15093970E+2	-2.73103876E+2	2.96365235E+2	-1.17195400E+0
8.14875417E+2	6.95362612E+2	6.36427273E-7	1.13360602E+2	-2.56858107E+2	2.80760957E+2	-1.15517112E+0
8.73764200E+2	6.34820625E+2	6.20988644E-7	1.11685406E+2	-2.41715864E+2	2.66270897E+2	-1.13796492E+0
9.36908711E+2	5.80694531E+2	6.04934129E-7	1.10057618E+2	-2.27589906E+2	2.52803969E+2	-1.12037189E+0
1.00461650E+3	5.32307831E+2	5.88232904E-7	1.08490969E+2	-2.14430165E+2	2.40313519E+2	-1.10239996E+0
1.07721735E+3	4.89318118E+2	5.71002636E-7	1.06926081E+2	-2.02207012E+2	2.28737543E+2	-1.08437886E+0
1.15506485E+3	4.50859163E+2	5.53351722E-7	1.05381279E+2	-1.90805915E+2	2.17972732E+2	-1.06619232E+0
1.23853818E+3	4.16515631E+2	5.35318319E-7	1.03851493E+2	-1.80196094E+2	2.07980206E+2	-1.04796693E+0
1.32804389E+3	3.85877825E+2	5.16984956E-7	1.02327112E+2	-1.70337674E+2	1.98710246E+2	-1.02983954E+0
1.42401793E+3	3.58419418E+2	4.98421464E-7	1.00825175E+2	-1.61158254E+2	1.90099183E+2	-1.01174527E+0
1.52692775E+3	3.33881907E+2	4.79794890E-7	9.93082835E+1	-1.52627329E+2	1.82091289E+2	-9.93958264E-1
1.63727458E+3	3.11864466E+2	4.61245842E-7	9.77700532E+1	-1.44679026E+2	1.74616736E+2	-9.76516406E-1
1.75559587E+3	2.92106044E+2	4.42811783E-7	9.62214694E+1	-1.37289112E+2	1.67651042E+2	-9.59488424E-1
1.88246790E+3	2.74299821E+2	4.24646765E-7	9.46478012E+1	-1.30398113E+2	1.61126889E+2	-9.42939596E-1
2.01850863E+3	2.58278562E+2	4.06772925E-7	9.30591836E+1	-1.23996692E+2	1.55032873E+2	-9.26977018E-1
2.16438064E+3	2.43788214E+2	3.89309125E-7	9.14478363E+1	-1.18030492E+2	1.49311434E+2	-9.11622811E-1
2.32079442E+3	2.30620181E+2	3.72390627E-7	8.97953776E+1	-1.12451839E+2	1.43904920E+2	-8.96956656E-1
2.48851178E+3	2.18639236E+2	3.55982886E-7	8.81256276E+1	-1.07245482E+2	1.38808212E+2	-8.82951804E-1
2.66834962E+3	2.07696560E+2	3.40156947E-7	8.64316324E+1	-1.02377366E+2	1.33983403E+2	-8.69652538E-1
2.86118383E+3	1.97658440E+2	3.24933821E-7	8.47182192E+1	-9.78166350E+1	1.29403519E+2	-8.57033811E-1
3.06795364E+3	1.88397204E+2	3.10377646E-7	8.29747574E+1	-9.35275434E+1	1.25028845E+2	-8.45115450E-1
3.28966612E+3	1.79827331E+2	2.96479249E-7	8.12079852E+1	-8.94912169E+1	1.20844590E+2	-8.33885440E-1
3.52740116E+3	1.71863809E+2	2.83216693E-7	7.94270774E+1	-8.56853482E+1	1.16835952E+2	-8.23283119E-1
3.78231664E+3	1.64421289E+2	2.70578794E-7	7.76363637E+1	-8.20832853E+1	1.12982613E+2	-8.13233018E-1
4.05565415E+3	1.57442968E+2	2.58572848E-7	7.58321900E+1	-7.86684416E+1	1.09266852E+2	-8.03753644E-1
4.34874501E+3	1.50868717E+2	2.47114401E-7	7.40378334E+1	-7.54214286E+1	1.05688187E+2	-7.94655239E-1
4.66301673E+3	1.44640327E+2	2.36203539E-7	7.22497843E+1	-7.23201268E+1	1.02226377E+2	-7.85884727E-1
5.00000000E+3	1.38744019E+2	2.25827140E-7	7.04676557E+1	-6.93633538E+1	9.88785394E+1	-7.77500923E-1
5.36133611E+3	1.33114727E+2	2.15906875E-7	6.87105227E+1	-6.65225252E+1	9.56367209E+1	-7.69220114E-1
5.74878498E+3	1.27747588E+2	2.06444180E-7	6.69729774E+1	-6.37985617E+1	9.24966824E+1	-7.61128414E-1
6.16423370E+3	1.22608081E+2	1.97355790E-7	6.52751784E+1	-6.11752835E+1	8.94609652E+1	-7.52986583E-1
6.60970574E+3	1.17680906E+2	1.88674084E-7	6.36017727E+1	-5.86474944E+1	8.65142426E+1	-7.44894288E-1
7.08737081E+3	1.12964372E+2	1.80308005E-7	6.19762924E+1	-5.62143398E+1	8.36726531E+1	-7.36685379E-1
7.59955541E+3	1.08423370E+2	1.72266976E-7	6.03895105E+1	-5.38585293E+1	8.09174530E+1	-7.28295379E-1
8.14875417E+3	1.04075262E+2	1.64495879E-7	5.88551453E+1	-5.15891111E+1	7.82647085E+1	-7.19703681E-1
8.73764200E+3	9.98849821E+1	1.56971298E-7	5.73738250E+1	-4.93865127E+1	7.57019383E+1	-7.10721932E-1
9.36908711E+3	9.58805749E+1	1.49702855E-7	5.59408657E+1	-4.72679789E+1	7.32368919E+1	-7.01562729E-1
1.00461650E+4	9.20348839E+1	1.42645830E-7	5.45642190E+1	-4.52167831E+1	7.08647410E+1	-6.91991252E-1
1.07721735E+4	8.83460747E+1	1.35798356E-7	5.32406950E+1	-4.32323346E+1	6.85828433E+1	-6.82025382E-1
1.15506485E+4	8.48201687E+1	1.29140318E-7	5.19741917E+1	-4.13175875E+1	6.63962324E+1	-6.71662377E-1
1.23853818E+4	8.14489181E+1	1.22661836E-7	5.07640460E+1	-3.94675582E+1	6.43014509E+1	-6.60851810E-1
1.32804389E+4	7.82229762E+1	1.16360058E-7	4.96071872E+1	-3.76768993E+1	6.22930317E+1	-6.49556513E-1
1.42401793E+4	7.51550126E+1	1.10219248E-7	4.85085428E+1	-3.59524876E+1	6.03793021E+1	-6.37818078E-1
1.52692775E+4	7.22307638E+1	1.04257696E-7	4.74582844E+1	-3.42878846E+1	5.85486807E+1	-6.25657503E-1
1.63727458E+4	6.94464250E+1	9.84449314E-8	4.64636406E+1	-3.26781799E+1	5.68043449E+1	-6.12941606E-1
1.75559587E+4	6.68044586E+1	9.28187196E-8	4.55122975E+1	-3.11296460E+1	5.51400426E+1	-5.99895338E-1
1.88246790E+4	6.43023355E+1	8.73409683E-8	4.46150513E+1	-2.96369553E+1	5.35616652E+1	-5.86349545E-1
2.01850863E+4	6.19382332E+1	8.20247136E-8	4.37672832E+1	-2.82009398E+1	5.20659981E+1	-5.72384863E-1
2.16438064E+4	5.96963736E+1	7.68818211E-8	4.29607439E+1	-2.68137104E+1	5.06418859E+1	-5.57983857E-1
2.32079442E+4	5.75830417E+1	7.19112334E-8	4.21977666E+1	-2.54798778E+1	4.92937697E+1	-5.43223972E-1
2.48851178E+4	5.55883120E+1	6.71145959E-8	4.14750565E+1	-2.41939575E+1	4.80159167E+1	-5.28077611E-1
2.66834962E+4	5.37035789E+1	6.24867771E-8	4.07914668E+1	-2.29500305E+1	4.68043559E+1	-5.12479404E-1
2.86118383E+4	5.19452324E+1	5.80349716E-8	4.01520720E+1	-2.17605077E+1	4.56695597E+1	-4.96643566E-1
3.06795364E+4	5.02860405E+1	5.37647788E-8	3.95451328E+1	-2.06094783E+1	4.45933644E+1	-4.80434679E-1
3.28966612E+4	4.87305971E+1	4.96888674E-8	3.89692976E+1	-1.95036142E+1	4.35774843E+1	-4.64036872E-1
3.52740116E+4	4.72729384E+1	4.57872371E-8	3.84290513E+1	-1.84353513E+1	4.26222263E+1	-4.47295911E-1
3.78231664E+4	4.59092160E+1	4.20789129E-8	3.79174400E+1	-1.74076900E+1	4.17224153E+1	-4.30391166E-1
4.05565415E+4	4.46350759E+1	3.85477261E-8	3.74381637E+1	-1.64146021E+1	4.08785430E+1	-4.13203938E-1
4.34874501E+4	4.34452722E+1	3.52052873E-8	3.69854649E+1	-1.54570036E+1	4.00854535E+1	-3.95859449E-1
4.66301673E+4	4.23339882E+1	3.20511659E-8	3.65566692E+1	-1.45327054E+1	3.93394154E+1	-3.78383116E-1
5.00000000E+4	4.13007462E+1	2.90728632E-8	3.61559212E+1	-1.36387636E+1	3.86428069E+1	-3.60716204E-1
5.36133611E+4	4.03374757E+1	2.62749859E-8	3.57769811E+1	-1.27734378E+1	3.79888550E+1	-3.42923407E-1
5.74878498E+4	3.94427060E+1	2.36560945E-8	3.54194872E+1	-1.19373505E+1	3.73770039E+1	-3.25071848E-1
6.16423370E+4	3.86120159E+1	2.12032553E-8	3.50843945E+1	-1.11249473E+1	3.68059669E+1	-3.07061974E-1
6.60970574E+4	3.78396226E+1	1.89151043E-8	3.47676950E+1	-1.03345941E+1	3.62711519E+1	-2.88929226E-1
7.08737081E+4	3.71250746E+1	1.67887433E-8	3.44696270E+1	-9.56725004E+0	3.57727197E+1	-2.70740901E-1
7.59955541E+4	3.64646283E+1	1.48149772E-8	3.41896543E+1	-8.81932881E+0	3.53088237E+1	-2.52449856E-1
8.14875417E+4	3.58550592E+1	1.29898337E-8	3.39258426E+1	-8.09013498E+0	3.48771142E+1	-2.34093323E-1
8.73764200E+4	3.52915017E+1	1.13031127E-8	3.36763628E+1	-7.37509282E+0	3.44744748E+1	-2.15595402E-1
9.36908711E+4	3.47719648E+1	9.74699974E-9	3.34408012E+1	-6.67196870E+0	3.40998880E+1	-1.96929954E-1
1.00461650E+5	3.42928892E+1	8.32229328E-9	3.32149645E+1	-5.98357943E+0	3.37496237E+1	-1.78235415E-1
1.07721735E+5	3.38596421E+1	7.00850567E-9	3.30081066E+1	-5.30165694E+0	3.34311633E+1	-1.59256620E-1
1.15506485E+5	3.34625499E+1	5.80653459E-9	3.28101220E+1	-4.62668715E+0	3.31347302E+1	-1.40090327E-1
1.23853818E+5	3.31021983E+1	4.71192053E-9	3.26215876E+1	-3.95958036E+0	3.28610143E+1	-1.20788268E-1
1.32804389E+5	3.27946019E+1	3.70838897E-9	3.24603155E+1	-3.29406938E+0	3.26270305E+1	-1.01133669E-1
1.42401793E+5	3.24852336E+1	2.80180112E-9	3.22712142E+1	-2.62805192E+0	3.23780470E+1	-8.12570987E-2
1.52692775E+5	3.22295150E+1	1.97316343E-9	3.21099864E+1	-1.95909414E+0	3.21696952E+1	-6.09364525E-2
1.63727458E+5	3.20073847E+1	1.22373778E-9	3.19555013E+1	-1.28761364E+0	3.19814325E+1	-4.02721729E-2
1.75559587E+5	3.18187442E+1	5.46311542E-10	3.18070494E+1	-6.09889534E-1	3.18128963E+1	-1.91723167E-2
1.88246790E+5	3.16549874E+1	-4.83644395E-11	3.16505693E+1	5.72744256E-2	3.16527782E+1	1.81009091E-3
2.01850863E+5	3.15455371E+1	-6.15998273E-10	3.15263884E+1	7.76966355E-1	3.15359613E+1	2.46399623E-2
2.16438064E+5	3.14619373E+1	-1.10913372E-9	3.13912443E+1	1.48967452E+0	3.14265709E+1	4.74195224E-2
2.32079442E+5	3.14192560E+1	-1.55061375E-9	3.12614793E+1	2.22088262E+0	3.13402683E+1	7.09229898E-2
2.48851178E+5	3.14176190E+1	-1.94269708E-9	3.11340665E+1	2.97121313E+0	3.12755214E+1	9.51447160E-2
2.66834962E+5	3.14580128E+1	-2.28800352E-9	3.10064944E+1	3.74164737E+0	3.12314376E+1	1.20092384E-1
2.86118383E+5	3.15509700E+1	-2.59569417E-9	3.08815718E+1	4.54664738E+0	3.12144765E+1	1.46178330E-1
3.06795364E+5	3.16939982E+1	-2.86082447E-9	3.07544854E+1	5.37533200E+0	3.12207079E+1	1.73034196E-1
3.28966612E+5	3.18953669E+1	-3.09034224E-9	3.06242117E+1	6.23922867E+0	3.12533272E+1	2.00984427E-1
3.52740116E+5	3.21615698E+1	-3.28204714E-9	3.04926706E+1	7.13365654E+0	3.13160046E+1	2.29813455E-1
3.78231664E+5	3.25022545E+1	-3.44373356E-9	3.03544987E+1	8.07427826E+0	3.14100245E+1	2.59979333E-1
4.05565415E+5	3.29311732E+1	-3.57860881E-9	3.02070115E+1	9.07130404E+0	3.15396942E+1	2.91736249E-1
4.34874501E+5	3.34501164E+1	-3.67815037E-9	3.00535610E+1	1.01033845E+1	3.17063888E+1	3.24309674E-1
4.66301673E+5	3.40746067E+1	-3.74815238E-9	2.98894625E+1	1.11844115E+1	3.19135019E+1	3.58062387E-1
NaN	NaN	NaN	NaN	NaN	NaN	NaN
