Start time:20240908_16-28-24	sweep/start:500.000	sweep/stop:500000.000	sweep/samplecount:100.000	sweep/xmapping:1.000	sweep/scan:0.000	sweep/averaging/sample:10.000	sweep/settling/time:0.100	sweep/settling/inaccuracy:0.010	sweep/awgcontrol:0.000	sweep/averaging/time:0.100	sweep/averaging/tc:15.000	sweep/bandwidthcontrol:2.000	sweep/sincfilter:0.000	sweep/omegasuppression:80.000	sweep/maxbandwidth:100.000	sweep/bandwidth:1250000.000	sweep/order:8.000	sweep/bandwidthoverlap:1.000																				
Frequency	Param0		Param1		RealZ		ImagZ		AbsZ		PhaseZ		
5.00000000E+2	1.51663635E+3	7.74309901E-7	1.03800546E+2	-3.82953041E+2	3.96771460E+2	-1.30610337E+0
5.36133611E+2	1.36834527E+3	7.65579181E-7	1.01712308E+2	-3.58931906E+2	3.73065021E+2	-1.29466080E+0
5.74878498E+2	1.23435769E+3	7.56343770E-7	9.97712400E+1	-3.36450672E+2	3.50932128E+2	-1.28251642E+0
6.16423370E+2	1.11415326E+3	7.46521795E-7	9.79260461E+1	-3.15460080E+2	3.30309820E+2	-1.26980484E+0
6.60970574E+2	1.00597564E+3	7.36138835E-7	9.61881991E+1	-2.95822175E+2	3.11067411E+2	-1.25642382E+0
7.08737081E+2	9.09475069E+2	7.25138652E-7	9.44920131E+1	-2.77505534E+2	2.93151955E+2	-1.24260523E+0
7.59955541E+2	8.22403642E+2	7.13477760E-7	9.29274985E+1	-2.60361966E+2	2.76448689E+2	-1.22797309E+0
8.14875417E+2	7.44526190E+2	7.01153000E-7	9.14227629E+1	-2.44353226E+2	2.60895809E+2	-1.21277823E+0
8.73764200E+2	6.74750583E+2	6.88113299E-7	8.99952534E+1	-2.29401807E+2	2.46423085E+2	-1.19694196E+0
9.36908711E+2	6.12441002E+2	6.74365754E-7	8.86160616E+1	-2.15451363E+2	2.32963727E+2	-1.18058305E+0
1.00461650E+3	5.56441261E+2	6.59919788E-7	8.73183313E+1	-2.02393236E+2	2.20425757E+2	-1.16349280E+0
1.07721735E+3	5.06534117E+2	6.44684517E-7	8.60698213E+1	-1.90234793E+2	2.08799647E+2	-1.14591518E+0
1.15506485E+3	4.61900587E+2	6.28737002E-7	8.48723728E+1	-1.78883416E+2	1.97996456E+2	-1.12779165E+0
1.23853818E+3	4.22159805E+2	6.12123925E-7	8.36954671E+1	-1.68309025E+2	1.87970369E+2	-1.10933302E+0
1.32804389E+3	3.86617448E+2	5.94879537E-7	8.25570745E+1	-1.58437155E+2	1.78656103E+2	-1.09043403E+0
1.42401793E+3	3.54922290E+2	5.76981853E-7	8.14558874E+1	-1.49249613E+2	1.70030906E+2	-1.07120689E+0
1.52692775E+3	3.26580365E+2	5.58585133E-7	8.03779218E+1	-1.40674232E+2	1.62018055E+2	-1.05168962E+0
1.63727458E+3	3.01310398E+2	5.39720290E-7	7.93177109E+1	-1.32694954E+2	1.54593824E+2	-1.03203676E+0
1.75559587E+3	2.78747589E+2	5.20493610E-7	7.82711179E+1	-1.25265784E+2	1.47708784E+2	-1.01231181E+0
1.88246790E+3	2.58583019E+2	5.01027262E-7	7.72301426E+1	-1.18346558E+2	1.41316676E+2	-9.92612225E-1
2.01850863E+3	2.40585002E+2	4.81415911E-7	7.61890058E+1	-1.11915892E+2	1.35388078E+2	-9.73093179E-1
2.16438064E+3	2.24442274E+2	4.61780166E-7	7.51501691E+1	-1.05921323E+2	1.29872532E+2	-9.53729277E-1
2.32079442E+3	2.09983087E+2	4.42208726E-7	7.41100340E+1	-1.00347177E+2	1.24747158E+2	-9.34672442E-1
2.48851178E+3	1.96999241E+2	4.22889068E-7	7.30502641E+1	-9.51551634E+1	1.19961854E+2	-9.16065466E-1
2.66834962E+3	1.85321029E+2	4.03831768E-7	7.19880835E+1	-9.03250862E+1	1.15502838E+2	-8.97894169E-1
2.86118383E+3	1.74765443E+2	3.85202980E-7	7.09080710E+1	-8.58156478E+1	1.11320619E+2	-8.80232941E-1
3.06795364E+3	1.65235928E+2	3.67016003E-7	6.98204408E+1	-8.16207760E+1	1.07409707E+2	-8.63161270E-1
3.28966612E+3	1.56583790E+2	3.49424207E-7	6.87079092E+1	-7.77030750E+1	1.03723405E+2	-8.46758815E-1
3.52740116E+3	1.48722521E+2	3.32408935E-7	6.75852974E+1	-7.40518639E+1	1.00256936E+2	-8.31022536E-1
3.78231664E+3	1.41517610E+2	3.16062820E-7	6.64430454E+1	-7.06270639E+1	9.69683489E+1	-8.15913349E-1
4.05565415E+3	1.34859740E+2	3.00452502E-7	6.52726158E+1	-6.73953453E+1	9.38224251E+1	-8.01397120E-1
4.34874501E+3	1.28745143E+2	2.85481044E-7	6.40980721E+1	-6.43719837E+1	9.08422550E+1	-7.87530266E-1
4.66301673E+3	1.23088897E+2	2.71213227E-7	6.29079716E+1	-6.15293392E+1	8.79958673E+1	-7.74319684E-1
5.00000000E+3	1.17815581E+2	2.57604620E-7	6.17125728E+1	-5.88409766E+1	8.52684139E+1	-7.61582581E-1
5.36133611E+3	1.12894877E+2	2.44659669E-7	6.05099822E+1	-5.63010546E+1	8.26514781E+1	-7.49381808E-1
5.74878498E+3	1.08268763E+2	2.32342984E-7	5.93053786E+1	-5.38868417E+1	8.01306422E+1	-7.37564461E-1
6.16423370E+3	1.03916894E+2	2.20642861E-7	5.80987917E+1	-5.15943427E+1	7.77010033E+1	-7.26170745E-1
6.60970574E+3	9.98036036E+1	2.09495927E-7	5.69007827E+1	-4.94085394E+1	7.53584967E+1	-7.15038620E-1
7.08737081E+3	9.58910756E+1	1.98858359E-7	5.57161418E+1	-4.73116485E+1	7.30936432E+1	-7.04003381E-1
7.59955541E+3	9.21709504E+1	1.88738453E-7	5.45392329E+1	-4.53034755E+1	7.09008666E+1	-6.93157592E-1
8.14875417E+3	8.86320386E+1	1.79061073E-7	5.33838942E+1	-4.33783707E+1	6.87860691E+1	-6.82361203E-1
8.73764200E+3	8.52583640E+1	1.69773392E-7	5.22582090E+1	-4.15274477E+1	6.67491526E+1	-6.71475646E-1
9.36908711E+3	8.20318816E+1	1.60899927E-7	5.11511874E+1	-3.97439820E+1	6.47767560E+1	-6.60552388E-1
1.00461650E+4	7.89533236E+1	1.52355996E-7	5.00805126E+1	-3.80258475E+1	6.28810216E+1	-6.49422967E-1
1.07721735E+4	7.60065379E+1	1.44165955E-7	4.90352322E+1	-3.63668003E+1	6.10491458E+1	-6.38133298E-1
1.15506485E+4	7.31928202E+1	1.36283860E-7	4.80242365E+1	-3.47663909E+1	5.92876824E+1	-6.26609286E-1
1.23853818E+4	7.05055167E+1	1.28683801E-7	4.70504647E+1	-3.32200396E+1	5.75961570E+1	-6.14775678E-1
1.32804389E+4	6.79402152E+1	1.21344132E-7	4.61163756E+1	-3.17243802E+1	5.59746055E+1	-6.02572538E-1
1.42401793E+4	6.55015176E+1	1.14275135E-7	4.52191295E+1	-3.02845151E+1	5.44235389E+1	-5.90118962E-1
1.52692775E+4	6.31705972E+1	1.07473236E-7	4.43534216E+1	-2.88895462E+1	5.29323347E+1	-5.77322814E-1
1.63727458E+4	6.09578840E+1	1.00904044E-7	4.35293185E+1	-2.75436606E+1	5.15116982E+1	-5.64160884E-1
1.75559587E+4	5.88631045E+1	9.45601619E-8	4.27481528E+1	-2.62466045E+1	5.01626250E+1	-5.50637130E-1
1.88246790E+4	5.68636975E+1	8.84623306E-8	4.19968568E+1	-2.49872060E+1	4.88681546E+1	-5.36718666E-1
2.01850863E+4	5.49835797E+1	8.26087254E-8	4.12836834E+1	-2.37819694E+1	4.76437264E+1	-5.22632185E-1
2.16438064E+4	5.32000411E+1	7.69662776E-8	4.06087217E+1	-2.26123278E+1	4.64799490E+1	-5.08075103E-1
2.32079442E+4	5.15220012E+1	7.15610959E-8	3.99689792E+1	-2.14886577E+1	4.53793100E+1	-4.93299140E-1
2.48851178E+4	4.99358829E+1	6.63986693E-8	3.93576583E+1	-2.04042580E+1	4.43323734E+1	-4.78284033E-1
2.66834962E+4	4.84402819E+1	6.14496765E-8	3.87814997E+1	-1.93541207E+1	4.33426668E+1	-4.62891720E-1
2.86118383E+4	4.70298158E+1	5.67336847E-8	3.82331181E+1	-1.83391654E+1	4.24039675E+1	-4.47249300E-1
3.06795364E+4	4.57093417E+1	5.22493607E-8	3.77155974E+1	-1.73634328E+1	4.15205385E+1	-4.31450710E-1
3.28966612E+4	4.44725353E+1	4.79847839E-8	3.72292085E+1	-1.64214281E+1	4.06900146E+1	-4.15419632E-1
3.52740116E+4	4.33100238E+1	4.39449435E-8	3.67677183E+1	-1.55095333E+1	3.99050216E+1	-3.99178103E-1
3.78231664E+4	4.22240013E+1	4.01370939E-8	3.63306852E+1	-1.46324363E+1	3.91666554E+1	-3.82880806E-1
4.05565415E+4	4.12089913E+1	3.65411470E-8	3.59200703E+1	-1.37832651E+1	3.84737555E+1	-3.66393984E-1
4.34874501E+4	4.02612109E+1	3.31540426E-8	3.55342555E+1	-1.29602788E+1	3.78239627E+1	-3.49733345E-1
4.66301673E+4	3.93765982E+1	2.99869071E-8	3.51676221E+1	-1.21663333E+1	3.72126501E+1	-3.33064652E-1
5.00000000E+4	3.85526527E+1	2.70214820E-8	3.48228105E+1	-1.13966475E+1	3.66403018E+1	-3.16288499E-1
5.36133611E+4	3.77847670E+1	2.42487697E-8	3.44983888E+1	-1.06477579E+1	3.61042045E+1	-2.99369068E-1
5.74878498E+4	3.70698589E+1	2.16744140E-8	3.41901443E+1	-9.92259272E+0	3.56008964E+1	-2.82458428E-1
6.16423370E+4	3.64061808E+1	1.92735983E-8	3.39022497E+1	-9.21351608E+0	3.51319147E+1	-2.65358133E-1
6.60970574E+4	3.57898039E+1	1.70620469E-8	3.36271126E+1	-8.52789857E+0	3.46916094E+1	-2.48365771E-1
7.08737081E+4	3.52216757E+1	1.50102229E-8	3.33719553E+1	-7.85676618E+0	3.42843432E+1	-2.31219609E-1
7.59955541E+4	3.46944475E+1	1.31197379E-8	3.31294259E+1	-7.20057348E+0	3.39029073E+1	-2.14018154E-1
8.14875417E+4	3.42067645E+1	1.13771325E-8	3.29004907E+1	-6.55568788E+0	3.35472702E+1	-1.96682053E-1
8.73764200E+4	3.37584273E+1	9.77635378E-9	3.26853770E+1	-5.92224986E+0	3.32175695E+1	-1.79244950E-1
9.36908711E+4	3.33457902E+1	8.31130993E-9	3.24812052E+1	-5.29931531E+0	3.29106587E+1	-1.61725318E-1
1.00461650E+5	3.29651201E+1	6.96972846E-9	3.22860471E+1	-4.68236818E+0	3.26238168E+1	-1.44023463E-1
1.07721735E+5	3.26195062E+1	5.74456731E-9	3.21031099E+1	-4.07159913E+0	3.23602780E+1	-1.26155259E-1
1.15506485E+5	3.23062380E+1	4.63052773E-9	3.19298777E+1	-3.46657295E+0	3.21175066E+1	-1.08144739E-1
1.23853818E+5	3.20232036E+1	3.61217801E-9	3.17658046E+1	-2.85945346E+0	3.18942445E+1	-8.97747586E-2
1.32804389E+5	3.17694441E+1	2.68937169E-9	3.16087772E+1	-2.25351404E+0	3.16890088E+1	-7.11735164E-2
1.42401793E+5	3.15463686E+1	1.85370967E-9	3.14602421E+1	-1.64607062E+0	3.15032759E+1	-5.22745817E-2
1.52692775E+5	3.13510709E+1	1.09480153E-9	3.13171115E+1	-1.03125888E+0	3.13340866E+1	-3.29176757E-2
1.63727458E+5	3.11863862E+1	4.11938492E-10	3.11809395E+1	-4.12086157E-1	3.11836627E+1	-1.32151938E-2
1.75559587E+5	3.10510665E+1	-2.04733873E-10	3.10495392E+1	2.17733928E-1	3.10503028E+1	7.01235145E-3
1.88246790E+5	3.09917175E+1	-7.93917039E-10	3.09544813E+1	9.00695035E-1	3.09730891E+1	2.90868860E-2
2.01850863E+5	3.08736324E+1	-1.25759399E-9	3.07989504E+1	1.51661200E+0	3.08362688E+1	4.92025888E-2
2.16438064E+5	3.08372626E+1	-1.70199413E-9	3.06809604E+1	2.18985968E+0	3.07590122E+1	7.12543674E-2
2.32079442E+5	3.08373155E+1	-2.09521465E-9	3.05659948E+1	2.87978588E+0	3.07013554E+1	9.39380514E-2
2.48851178E+5	3.08732178E+1	-2.44619805E-9	3.04486419E+1	3.59551371E+0	3.06601949E+1	1.17540231E-1
2.66834962E+5	3.09521793E+1	-2.75177909E-9	3.03336204E+1	4.33163288E+0	3.06413390E+1	1.41840776E-1
2.86118383E+5	3.10765909E+1	-3.02032664E-9	3.02162563E+1	5.09863129E+0	3.06434044E+1	1.67163359E-1
3.06795364E+5	3.12526025E+1	-3.25146522E-9	3.00977608E+1	5.89560140E+0	3.06697465E+1	1.93432569E-1
3.28966612E+5	3.14899861E+1	-3.45101242E-9	2.99774794E+1	6.73357568E+0	3.07244269E+1	2.20953806E-1
3.52740116E+5	3.17968885E+1	-3.61475424E-9	2.98592376E+1	7.60635614E+0	3.08128356E+1	2.49435315E-1
3.78231664E+5	3.21699384E+1	-3.74931687E-9	2.97274178E+1	8.52113450E+0	3.09245727E+1	2.79157338E-1
4.05565415E+5	3.26379230E+1	-3.84792504E-9	2.96057233E+1	9.47470742E+0	3.10848722E+1	3.09729652E-1
4.34874501E+5	3.31779787E+1	-3.92769379E-9	2.94448440E+1	1.04843297E+1	3.12557252E+1	3.42069154E-1
4.66301673E+5	3.38483011E+1	-3.97790864E-9	2.92900492E+1	1.15546819E+1	3.14867957E+1	3.75748998E-1
5.00000000E+5	3.46403876E+1	-3.99826654E-9	2.91260638E+1	1.26731966E+1	3.17637850E+1	4.10407018E-1
