Start time:20240907_22-26-44	sweep/start:500.000	sweep/stop:500000.000	sweep/samplecount:100.000	sweep/xmapping:1.000	sweep/scan:0.000	sweep/averaging/sample:10.000	sweep/settling/time:0.100	sweep/settling/inaccuracy:0.010	sweep/awgcontrol:0.000	sweep/averaging/time:0.100	sweep/averaging/tc:15.000	sweep/bandwidthcontrol:2.000	sweep/sincfilter:0.000	sweep/omegasuppression:80.000	sweep/maxbandwidth:100.000	sweep/bandwidth:1250000.000	sweep/order:8.000	sweep/bandwidthoverlap:1.000																				
Frequency	Param0		Param1		RealZ		ImagZ		AbsZ		PhaseZ		
5.00000000E+2	1.44723787E+3	7.57763975E-7	1.12451521E+2	-3.87425300E+2	4.03415093E+2	-1.28830514E+0
5.36133611E+2	1.30764592E+3	7.48376994E-7	1.10188355E+2	-3.63242157E+2	3.79587175E+2	-1.27627197E+0
5.74878498E+2	1.18103836E+3	7.38346539E-7	1.08142996E+2	-3.40625410E+2	3.57380216E+2	-1.26337758E+0
6.16423370E+2	1.07005567E+3	7.27524324E-7	1.06037753E+2	-3.19721699E+2	3.36847151E+2	-1.25055574E+0
6.60970574E+2	9.66970674E+2	7.16157711E-7	1.04298744E+2	-2.99958819E+2	3.17574486E+2	-1.23616298E+0
7.08737081E+2	8.76097345E+2	7.04440102E-7	1.02431045E+2	-2.81508871E+2	2.99565330E+2	-1.22182402E+0
7.59955541E+2	7.94723927E+2	6.91772668E-7	1.00710150E+2	-2.64374988E+2	2.82907548E+2	-1.20683099E+0
8.14875417E+2	7.21435040E+2	6.78573532E-7	9.90647210E+1	-2.48303910E+2	2.67336241E+2	-1.19118201E+0
8.73764200E+2	6.56328954E+2	6.64289628E-7	9.75322160E+1	-2.33453589E+2	2.53008156E+2	-1.17505696E+0
9.36908711E+2	5.97282028E+2	6.49530376E-7	9.60926329E+1	-2.19455126E+2	2.39571191E+2	-1.15807609E+0
1.00461650E+3	5.44837720E+2	6.34144994E-7	9.46502657E+1	-2.06422657E+2	2.27088077E+2	-1.14087438E+0
1.07721735E+3	4.98124102E+2	6.18086727E-7	9.32379540E+1	-1.94295474E+2	2.15508821E+2	-1.12337620E+0
1.15506485E+3	4.56225144E+2	6.01149288E-7	9.19470206E+1	-1.83014380E+2	2.04813385E+2	-1.10522793E+0
1.23853818E+3	4.18827251E+2	5.83893184E-7	9.06214753E+1	-1.72460053E+2	1.94819728E+2	-1.08698599E+0
1.32804389E+3	3.85582919E+2	5.66085093E-7	8.93113210E+1	-1.62666489E+2	1.85571829E+2	-1.06868611E+0
1.42401793E+3	3.55735107E+2	5.47805021E-7	8.80498185E+1	-1.53524047E+2	1.76981371E+2	-1.05007153E+0
1.52692775E+3	3.29163502E+2	5.29249873E-7	8.67714540E+1	-1.45026557E+2	1.69002928E+2	-1.03161728E+0
1.63727458E+3	3.05362941E+2	5.10417635E-7	8.55140634E+1	-1.37113692E+2	1.61594620E+2	-1.01315206E+0
1.75559587E+3	2.84056815E+2	4.91399895E-7	8.42706137E+1	-1.29754005E+2	1.54717935E+2	-9.94797680E-1
1.88246790E+3	2.64974762E+2	4.72384390E-7	8.30155032E+1	-1.22904173E+2	1.48313892E+2	-9.76738256E-1
2.01850863E+3	2.47861789E+2	4.53547555E-7	8.17281676E+1	-1.16523788E+2	1.42328098E+2	-9.59140665E-1
2.16438064E+3	2.32440440E+2	4.34868190E-7	8.04408654E+1	-1.10575649E+2	1.36739563E+2	-9.41868685E-1
2.32079442E+3	2.18542322E+2	4.16470410E-7	7.91401733E+1	-1.05034794E+2	1.31512265E+2	-9.25080497E-1
2.48851178E+3	2.06002179E+2	3.98516078E-7	7.78046130E+1	-9.98717195E+1	1.26601417E+2	-9.08963769E-1
2.66834962E+3	1.94665307E+2	3.81006170E-7	7.64510608E+1	-9.50663107E+1	1.21993314E+2	-8.93507745E-1
2.86118383E+3	1.84303674E+2	3.63987953E-7	7.50901707E+1	-9.05585958E+1	1.17640952E+2	-8.78509014E-1
3.06795364E+3	1.74861655E+2	3.47556846E-7	7.37049346E+1	-8.63466770E+1	1.13526060E+2	-8.64219934E-1
3.28966612E+3	1.66182004E+2	3.31729086E-7	7.23042868E+1	-8.23878667E+1	1.09616015E+2	-8.50490890E-1
3.52740116E+3	1.58204128E+2	3.16583739E-7	7.08735381E+1	-7.86729113E+1	1.05889026E+2	-8.37504474E-1
3.78231664E+3	1.50827683E+2	3.02055073E-7	6.94347439E+1	-7.51764388E+1	1.02336118E+2	-8.25081681E-1
4.05565415E+3	1.43984022E+2	2.88208740E-7	6.79742954E+1	-7.18798109E+1	9.89303404E+1	-8.13316544E-1
4.34874501E+3	1.37565045E+2	2.74963255E-7	6.65143385E+1	-6.87451091E+1	9.56558812E+1	-8.01889204E-1
4.66301673E+3	1.31562504E+2	2.62283044E-7	6.50619362E+1	-6.57773143E+1	9.25187058E+1	-7.90865726E-1
5.00000000E+3	1.25946270E+2	2.50214098E-7	6.36043096E+1	-6.29699696E+1	8.95026558E+1	-7.80386600E-1
5.36133611E+3	1.20595289E+2	2.38656744E-7	6.21634862E+1	-6.02687664E+1	8.65830434E+1	-7.69923739E-1
5.74878498E+3	1.15548162E+2	2.27676283E-7	6.07198933E+1	-5.76989290E+1	8.37619959E+1	-7.59892852E-1
6.16423370E+3	1.10741004E+2	2.17125788E-7	5.93061587E+1	-5.52304529E+1	8.10408752E+1	-7.49828867E-1
6.60970574E+3	1.06167531E+2	2.07021109E-7	5.79145367E+1	-5.28635003E+1	7.84132852E+1	-7.39833713E-1
7.08737081E+3	1.01802581E+2	1.97309968E-7	5.65537656E+1	-5.05864679E+1	7.58770007E+1	-7.29759501E-1
7.59955541E+3	9.76422932E+1	1.87985465E-7	5.52220520E+1	-4.83997173E+1	7.34302917E+1	-7.19654232E-1
8.14875417E+3	9.36578550E+1	1.79016503E-7	5.39219919E+1	-4.62886245E+1	7.10648861E+1	-7.09371736E-1
8.73764200E+3	8.98596546E+1	1.70304566E-7	5.26764498E+1	-4.42569660E+1	6.88003453E+1	-6.98757180E-1
9.36908711E+3	8.62168195E+1	1.61918144E-7	5.14619557E+1	-4.22912898E+1	6.66099551E+1	-6.87891317E-1
1.00461650E+4	8.27458151E+1	1.53801518E-7	5.02916900E+1	-4.04001576E+1	6.45091222E+1	-6.76760088E-1
1.07721735E+4	7.94349605E+1	1.45904558E-7	4.91748481E+1	-3.85750741E+1	6.24996167E+1	-6.65185347E-1
1.15506485E+4	7.62680495E+1	1.38251526E-7	4.81005765E+1	-3.68085799E+1	6.05684497E+1	-6.53184829E-1
1.23853818E+4	7.32608371E+1	1.30838292E-7	4.70705090E+1	-3.51111375E+1	5.87232906E+1	-6.40888930E-1
1.32804389E+4	7.03978243E+1	1.23637589E-7	4.60876273E+1	-3.34723652E+1	5.69602376E+1	-6.28144459E-1
1.42401793E+4	6.76721758E+1	1.16619372E-7	4.51569287E+1	-3.18860370E+1	5.52799023E+1	-6.14818989E-1
1.52692775E+4	6.50929564E+1	1.09832306E-7	4.42669974E+1	-3.03628458E+1	5.36793223E+1	-6.01201790E-1
1.63727458E+4	6.26423228E+1	1.03254019E-7	4.34188824E+1	-2.88904816E+1	5.21522726E+1	-5.87118103E-1
1.75559587E+4	6.03360539E+1	9.68748956E-8	4.26190866E+1	-2.74787323E+1	5.07096385E+1	-5.72676931E-1
1.88246790E+4	5.81585575E+1	9.07029730E-8	4.18617495E+1	-2.61192036E+1	4.93418579E+1	-5.57836429E-1
2.01850863E+4	5.60988809E+1	8.47394506E-8	4.11433889E+1	-2.48056359E+1	4.80426692E+1	-5.42554238E-1
2.16438064E+4	5.41645234E+1	7.89927136E-8	4.04648813E+1	-2.35447306E+1	4.68162471E+1	-5.26971421E-1
2.32079442E+4	5.23472671E+1	7.34600177E-8	3.98250870E+1	-2.23315208E+1	4.56588923E+1	-5.11051510E-1
2.48851178E+4	5.06381311E+1	6.81559945E-8	3.92176509E+1	-2.11632686E+1	4.45635327E+1	-4.94851671E-1
2.66834962E+4	4.90420549E+1	6.30666659E-8	3.86494267E+1	-2.00416821E+1	4.35367349E+1	-4.78377689E-1
2.86118383E+4	4.75440902E+1	5.82078598E-8	3.81109268E+1	-1.89606541E+1	4.25669978E+1	-4.61655431E-1
3.06795364E+4	4.61420762E+1	5.35780498E-8	3.76024067E+1	-1.79196005E+1	4.16539687E+1	-4.44716000E-1
3.28966612E+4	4.48388474E+1	4.91779710E-8	3.71263393E+1	-1.69215003E+1	4.08007630E+1	-4.27651445E-1
3.52740116E+4	4.36181592E+1	4.50031073E-8	3.66763155E+1	-1.59562286E+1	3.99969170E+1	-4.10356728E-1
3.78231664E+4	4.24830680E+1	4.10575214E-8	3.62536869E+1	-1.50279079E+1	3.92449722E+1	-3.92961312E-1
4.05565415E+4	4.14266674E+1	3.73352518E-8	3.58567287E+1	-1.41322242E+1	3.85412088E+1	-3.75436097E-1
4.34874501E+4	4.04457375E+1	3.38453484E-8	3.54816948E+1	-1.32714971E+1	3.78824934E+1	-3.57926879E-1
4.66301673E+4	3.95357487E+1	3.05725690E-8	3.51300365E+1	-1.24407722E+1	3.72678453E+1	-3.40353718E-1
5.00000000E+4	3.86887427E+1	2.75107706E-8	3.47980298E+1	-1.16356833E+1	3.66918522E+1	-3.22690143E-1
5.36133611E+4	3.79079110E+1	2.46538749E-8	3.44895101E+1	-1.08581283E+1	3.61583362E+1	-3.05000775E-1
5.74878498E+4	3.71815012E+1	2.20024232E-8	3.41955899E+1	-1.01047010E+1	3.56573046E+1	-2.87320679E-1
6.16423370E+4	3.65079188E+1	1.95420178E-8	3.39181384E+1	-9.37232733E+0	3.51892120E+1	-2.69594834E-1
6.60970574E+4	3.58870801E+1	1.72710486E-8	3.36570354E+1	-8.66352602E+0	3.47541756E+1	-2.51936866E-1
7.08737081E+4	3.53161742E+1	1.51707911E-8	3.34141158E+1	-7.97217595E+0	3.43519830E+1	-2.34208574E-1
7.59955541E+4	3.47898936E+1	1.32357572E-8	3.31855795E+1	-7.29658014E+0	3.39782692E+1	-2.16428220E-1
8.14875417E+4	3.43032670E+1	1.14629103E-8	3.29670320E+1	-6.63714509E+0	3.36285132E+1	-1.98670945E-1
8.73764200E+4	3.38573428E+1	9.83937061E-9	3.27614895E+1	-5.99180882E+0	3.33049093E+1	-1.80892594E-1
9.36908711E+4	3.34493910E+1	8.35091866E-9	3.25687464E+1	-5.35550766E+0	3.30061317E+1	-1.62978512E-1
1.00461650E+5	3.30769435E+1	6.99043156E-9	3.23870366E+1	-4.72694716E+0	3.27301723E+1	-1.44928522E-1
1.07721735E+5	3.27349025E+1	5.75618978E-9	3.22109849E+1	-4.10802754E+0	3.24718871E+1	-1.26850200E-1
1.15506485E+5	3.24269289E+1	4.63192750E-9	3.20461406E+1	-3.49324890E+0	3.22359725E+1	-1.08578147E-1
1.23853818E+5	3.21516968E+1	3.61038250E-9	3.18914606E+1	-2.88085106E+0	3.20213143E+1	-9.00884787E-2
1.32804389E+5	3.19041450E+1	2.68661347E-9	3.17417628E+1	-2.27026092E+0	3.18228503E+1	-7.14012330E-2
1.42401793E+5	3.16863097E+1	1.84625354E-9	3.15997328E+1	-1.65402376E+0	3.16429916E+1	-5.22952417E-2
1.52692775E+5	3.14997637E+1	1.09098635E-9	3.14655587E+1	-1.03743395E+0	3.14826565E+1	-3.29585194E-2
1.63727458E+5	3.13399074E+1	4.10536091E-10	3.13344172E+1	-4.14736469E-1	3.13371622E+1	-1.32350370E-2
1.75559587E+5	3.12097607E+1	-2.04732108E-10	3.12082099E+1	2.19962754E-1	3.12089853E+1	7.04812111E-3
1.88246790E+5	3.11363773E+1	-7.56023065E-10	3.11052378E+1	8.65802875E-1	3.11208008E+1	2.78283360E-2
2.01850863E+5	3.10433960E+1	-1.24772979E-9	3.09686607E+1	1.52132737E+0	3.10060058E+1	4.90852787E-2
2.16438064E+5	3.10112256E+1	-1.68859388E-9	3.08547529E+1	2.19725099E+0	3.09328903E+1	7.10927131E-2
2.32079442E+5	3.10135475E+1	-2.07705889E-9	3.07422964E+1	2.88770707E+0	3.08776241E+1	9.36578867E-2
2.48851178E+5	3.10548570E+1	-2.42526699E-9	3.06300750E+1	3.60708728E+0	3.08417347E+1	1.17223036E-1
2.66834962E+5	3.11339844E+1	-2.72739646E-9	3.05154910E+1	4.34436100E+0	3.08231864E+1	1.41415454E-1
2.86118383E+5	3.12631785E+1	-2.99199175E-9	3.04034494E+1	5.11260120E+0	3.08303173E+1	1.66599939E-1
3.06795364E+5	3.14448304E+1	-3.21917153E-9	3.02914701E+1	5.91074705E+0	3.08627630E+1	1.92707637E-1
3.28966612E+5	3.16831245E+1	-3.41267069E-9	3.01759235E+1	6.74395771E+0	3.09203417E+1	2.19874792E-1
3.52740116E+5	3.19827211E+1	-3.57530929E-9	3.00524934E+1	7.61630058E+0	3.10025887E+1	2.48207360E-1
3.78231664E+5	3.23600030E+1	-3.70810345E-9	2.99263908E+1	8.53399590E+0	3.11194165E+1	2.77792890E-1
4.05565415E+5	3.28173673E+1	-3.80410403E-9	2.98013620E+1	9.48053972E+0	3.12730268E+1	3.08000529E-1
4.34874501E+5	3.33714789E+1	-3.88199770E-9	2.96556229E+1	1.04973918E+1	3.14587334E+1	3.40212899E-1
4.66301673E+5	3.40260176E+1	-3.93652506E-9	2.94850709E+1	1.15710630E+1	3.16742712E+1	3.73970291E-1
5.00000000E+5	3.48200118E+1	-3.95680870E-9	2.93258809E+1	1.26932998E+1	3.19550851E+1	4.08489151E-1
