Start time:20240908_13-36-34	sweep/start:500.000	sweep/stop:500000.000	sweep/samplecount:100.000	sweep/xmapping:1.000	sweep/scan:0.000	sweep/averaging/sample:10.000	sweep/settling/time:0.100	sweep/settling/inaccuracy:0.010	sweep/awgcontrol:0.000	sweep/averaging/time:0.100	sweep/averaging/tc:15.000	sweep/bandwidthcontrol:2.000	sweep/sincfilter:0.000	sweep/omegasuppression:80.000	sweep/maxbandwidth:100.000	sweep/bandwidth:1250000.000	sweep/order:8.000	sweep/bandwidthoverlap:1.000																				
Frequency	Param0		Param1		RealZ		ImagZ		AbsZ		PhaseZ		
5.00000000E+2	1.50785057E+3	7.71951702E-7	1.04915819E+2	-3.83653502E+2	3.97740294E+2	-1.30385772E+0
5.36133611E+2	1.36171223E+3	7.62346282E-7	1.02936058E+2	-3.59963103E+2	3.74391866E+2	-1.29226692E+0
5.74878498E+2	1.22869448E+3	7.53076683E-7	1.00955642E+2	-3.37418958E+2	3.52198238E+2	-1.28007392E+0
6.16423370E+2	1.10972967E+3	7.43066700E-7	9.90814397E+1	-3.16443407E+2	3.31592470E+2	-1.26735629E+0
6.60970574E+2	1.00223146E+3	7.32682965E-7	9.73021850E+1	-2.96734806E+2	3.12280748E+2	-1.25393508E+0
7.08737081E+2	9.06281818E+2	7.21520066E-7	9.56077422E+1	-2.78400209E+2	2.94359510E+2	-1.23999689E+0
7.59955541E+2	8.19893011E+2	7.09838546E-7	9.39952871E+1	-2.61210452E+2	2.77607676E+2	-1.22537792E+0
8.14875417E+2	7.42532633E+2	6.97380032E-7	9.24778753E+1	-2.45184927E+2	2.62045435E+2	-1.21011928E+0
8.73764200E+2	6.73247950E+2	6.84191571E-7	9.10385863E+1	-2.30224901E+2	2.47571264E+2	-1.19423298E+0
9.36908711E+2	6.11311321E+2	6.70361744E-7	8.96395690E+1	-2.16246206E+2	2.34089033E+2	-1.17783101E+0
1.00461650E+3	5.55761148E+2	6.55808891E-7	8.83159988E+1	-2.03181888E+2	2.21545923E+2	-1.16076813E+0
1.07721735E+3	5.06196462E+2	6.40492248E-7	8.70441421E+1	-1.91009812E+2	2.09908151E+2	-1.14320819E+0
1.15506485E+3	4.61883376E+2	6.24498302E-7	8.58156421E+1	-1.79645454E+2	1.99089966E+2	-1.12515183E+0
1.23853818E+3	4.22362589E+2	6.07805846E-7	8.46252462E+1	-1.69059463E+2	1.89056963E+2	-1.10669684E+0
1.32804389E+3	3.87082106E+2	5.90507412E-7	8.34620411E+1	-1.59187777E+2	1.79740538E+2	-1.08789878E+0
1.42401793E+3	3.55541002E+2	5.72591801E-7	8.23416252E+1	-1.49985598E+2	1.71101792E+2	-1.06872360E+0
1.52692775E+3	3.27397284E+2	5.54169968E-7	8.12413996E+1	-1.41414453E+2	1.63089585E+2	-1.04934429E+0
1.63727458E+3	3.02313236E+2	5.35319233E-7	8.01535105E+1	-1.33442426E+2	1.55664596E+2	-1.02989177E+0
1.75559587E+3	2.79871006E+2	5.16169390E-7	7.90758796E+1	-1.26008137E+2	1.48765068E+2	-1.01036840E+0
1.88246790E+3	2.59800389E+2	4.96815781E-7	7.80018805E+1	-1.19082430E+2	1.42354904E+2	-9.90897220E-1
2.01850863E+3	2.41882880E+2	4.77312658E-7	7.69332681E+1	-1.12650397E+2	1.36414222E+2	-9.71613196E-1
2.16438064E+3	2.25819786E+2	4.57828644E-7	7.58605870E+1	-1.06658297E+2	1.30884763E+2	-9.52560655E-1
2.32079442E+3	2.11405428E+2	4.38472578E-7	7.47795387E+1	-1.01078289E+2	1.25733051E+2	-9.33843602E-1
2.48851178E+3	1.98447453E+2	4.19339448E-7	7.36896067E+1	-9.58819917E+1	1.20927725E+2	-9.15531803E-1
2.66834962E+3	1.86786461E+2	4.00509906E-7	7.25913637E+1	-9.10471166E+1	1.16443478E+2	-8.97707270E-1
2.86118383E+3	1.76259673E+2	3.82126578E-7	7.14722534E+1	-8.65412769E+1	1.12239368E+2	-8.80476028E-1
3.06795364E+3	1.66707393E+2	3.64244743E-7	7.03375778E+1	-8.23311553E+1	1.08285706E+2	-8.63796635E-1
3.28966612E+3	1.58040311E+2	3.46918505E-7	6.91865572E+1	-7.84058990E+1	1.04567035E+2	-8.47781971E-1
3.52740116E+3	1.50130083E+2	3.30187991E-7	6.80227774E+1	-7.47339728E+1	1.01055752E+2	-8.32374980E-1
3.78231664E+3	1.42878928E+2	3.14153036E-7	6.68322312E+1	-7.12907444E+1	9.77185625E+1	-8.17666259E-1
4.05565415E+3	1.36193871E+2	2.98767045E-7	6.56314030E+1	-6.80522842E+1	9.45441411E+1	-8.03505209E-1
4.34874501E+3	1.30041660E+2	2.84060671E-7	6.44163805E+1	-6.50180193E+1	9.15249309E+1	-7.90046345E-1
4.66301673E+3	1.24319571E+2	2.70037327E-7	6.31887623E+1	-6.21512674E+1	8.86318215E+1	-7.77120908E-1
5.00000000E+3	1.18993566E+2	2.56626180E-7	6.19648210E+1	-5.94455698E+1	8.58685910E+1	-7.64651263E-1
5.36133611E+3	1.14010939E+2	2.43915933E-7	6.07227723E+1	-5.68841376E+1	8.32049292E+1	-7.52770214E-1
5.74878498E+3	1.09319511E+2	2.31804907E-7	5.94831428E+1	-5.44465217E+1	8.06391222E+1	-7.41218766E-1
6.16423370E+3	1.04893793E+2	2.20255966E-7	5.82514940E+1	-5.21246919E+1	7.81678970E+1	-7.29946694E-1
6.60970574E+3	1.00708431E+2	2.09261277E-7	5.70260280E+1	-4.99102577E+1	7.57825953E+1	-7.18953967E-1
7.08737081E+3	9.67345577E+1	1.98766430E-7	5.58150315E+1	-4.77904235E+1	7.34795370E+1	-7.08098963E-1
7.59955541E+3	9.29499805E+1	1.88745759E-7	5.46198850E+1	-4.57557139E+1	7.12524892E+1	-6.97316642E-1
8.14875417E+3	8.93368647E+1	1.79164197E-7	5.34441544E+1	-4.37978931E+1	6.90979967E+1	-6.86523180E-1
8.73764200E+3	8.59055530E+1	1.69980669E-7	5.22962113E+1	-4.19242314E+1	6.70263749E+1	-6.75757565E-1
9.36908711E+3	8.26095770E+1	1.61156900E-7	5.11766528E+1	-4.01077522E+1	6.50206246E+1	-6.64729966E-1
1.00461650E+4	7.94721261E+1	1.52678414E-7	5.00894409E+1	-3.83635534E+1	6.30929025E+1	-6.53600328E-1
1.07721735E+4	7.64763657E+1	1.44516206E-7	4.90368451E+1	-3.66817053E+1	6.12385474E+1	-6.42247930E-1
1.15506485E+4	7.36130353E+1	1.36648329E-7	4.80203484E+1	-3.50566643E+1	5.94552234E+1	-6.30602345E-1
1.23853818E+4	7.08756979E+1	1.29067804E-7	4.70382327E+1	-3.34854024E+1	5.77396532E+1	-6.18652235E-1
1.32804389E+4	6.82711630E+1	1.21744439E-7	4.60975898E+1	-3.19710532E+1	5.60993409E+1	-6.06384999E-1
1.42401793E+4	6.57876839E+1	1.14679799E-7	4.51939850E+1	-3.05075606E+1	5.45271270E+1	-5.93774298E-1
1.52692775E+4	6.34198533E+1	1.07862459E-7	4.43274465E+1	-2.90915318E+1	5.30211281E+1	-5.80782279E-1
1.63727458E+4	6.11812058E+1	1.01288931E-7	4.35017309E+1	-2.77324258E+1	5.15896139E+1	-5.67538824E-1
1.75559587E+4	5.90508350E+1	9.49388683E-8	4.27153223E+1	-2.64154611E+1	5.02232558E+1	-5.53844334E-1
1.88246790E+4	5.70330230E+1	8.88178742E-8	4.19675676E+1	-2.51447891E+1	4.89237899E+1	-5.39792878E-1
2.01850863E+4	5.51247271E+1	8.29336479E-8	4.12553801E+1	-2.39203912E+1	4.76884845E+1	-5.25443592E-1
2.16438064E+4	5.33248532E+1	7.72794054E-8	4.05801985E+1	-2.27416051E+1	4.65180946E+1	-5.10801436E-1
2.32079442E+4	5.16254937E+1	7.18502326E-8	3.99404393E+1	-2.16033827E+1	4.54086433E+1	-4.95822045E-1
2.48851178E+4	5.00202606E+1	6.66544948E-8	3.93314393E+1	-2.05038142E+1	4.43550310E+1	-4.80548776E-1
2.66834962E+4	4.85093475E+1	6.16850873E-8	3.87552513E+1	-1.94427978E+1	4.33588738E+1	-4.64992003E-1
2.86118383E+4	4.70924697E+1	5.69472711E-8	3.82109392E+1	-1.84220369E+1	4.24198946E+1	-4.49236891E-1
3.06795364E+4	4.57597968E+1	5.24456678E-8	3.76929334E+1	-1.74374229E+1	4.15309640E+1	-4.33297227E-1
3.28966612E+4	4.45152692E+1	4.81562331E-8	3.72098612E+1	-1.64873648E+1	4.06989802E+1	-4.17093797E-1
3.52740116E+4	4.33468870E+1	4.40943041E-8	3.67516925E+1	-1.55687040E+1	3.99132992E+1	-4.00700091E-1
3.78231664E+4	4.22533560E+1	4.02627310E-8	3.63170655E+1	-1.46829369E+1	3.91729230E+1	-3.84206524E-1
4.05565415E+4	4.12337563E+1	3.66505239E-8	3.59084519E+1	-1.38283558E+1	3.84790898E+1	-3.67596196E-1
4.34874501E+4	4.02816445E+1	3.32499394E-8	3.55238684E+1	-1.30005615E+1	3.78280298E+1	-3.50827855E-1
4.66301673E+4	3.93952525E+1	3.00622667E-8	3.51617884E+1	-1.22006623E+1	3.72183762E+1	-3.33987577E-1
5.00000000E+4	3.85651209E+1	2.70799652E-8	3.48172867E+1	-1.14231955E+1	3.66433196E+1	-3.17023937E-1
5.36133611E+4	3.77974606E+1	2.43024706E-8	3.44946500E+1	-1.06737663E+1	3.61083117E+1	-3.00087856E-1
5.74878498E+4	3.70821420E+1	2.17134538E-8	3.41901300E+1	-9.94375460E+0	3.56067866E+1	-2.83029313E-1
6.16423370E+4	3.64172504E+1	1.93145609E-8	3.39012125E+1	-9.23562258E+0	3.51367179E+1	-2.65973011E-1
6.60970574E+4	3.58024414E+1	1.70826204E-8	3.36326434E+1	-8.54260106E+0	3.47005871E+1	-2.48737288E-1
7.08737081E+4	3.52331493E+1	1.50276055E-8	3.33776194E+1	-7.86976272E+0	3.42928367E+1	-2.31550657E-1
7.59955541E+4	3.47066513E+1	1.31314477E-8	3.31373558E+1	-7.21126122E+0	3.39129275E+1	-2.14276449E-1
8.14875417E+4	3.42175498E+1	1.13851684E-8	3.29082945E+1	-6.56394344E+0	3.35565375E+1	-1.96877881E-1
8.73764200E+4	3.37724960E+1	9.77977807E-9	3.26974034E+1	-5.92897381E+0	3.32306023E+1	-1.79379527E-1
9.36908711E+4	3.33588339E+1	8.31365058E-9	3.24927768E+1	-5.30477027E+0	3.29229577E+1	-1.61832251E-1
1.00461650E+5	3.29817659E+1	6.96678496E-9	3.23022402E+1	-4.68510282E+0	3.26402347E+1	-1.44035170E-1
1.07721735E+5	3.26348260E+1	5.74277539E-9	3.21180269E+1	-4.07413281E+0	3.23753953E+1	-1.26174925E-1
1.15506485E+5	3.23252576E+1	4.62632647E-9	3.19489134E+1	-3.46753288E+0	3.21365346E+1	-1.08110500E-1
1.23853818E+5	3.20431537E+1	3.60850129E-9	3.17857965E+1	-2.86012160E+0	3.19142157E+1	-8.97394448E-2
1.32804389E+5	3.17902089E+1	2.68755978E-9	3.16294428E+1	-2.25493565E+0	3.17097240E+1	-7.11719737E-2
1.42401793E+5	3.15650779E+1	1.85030914E-9	3.14791139E+1	-1.64501185E+0	3.15220666E+1	-5.22097541E-2
1.52692775E+5	3.13719208E+1	1.09260167E-9	3.13380303E+1	-1.03055942E+0	3.13549710E+1	-3.28734171E-2
1.63727458E+5	3.12077084E+1	4.10503866E-10	3.12022887E+1	-4.11213258E-1	3.12049984E+1	-1.31781803E-2
1.75559587E+5	3.10736098E+1	-2.06481454E-10	3.10720531E+1	2.19911165E-1	3.10728314E+1	7.07733901E-3
1.88246790E+5	3.09894803E+1	-7.59241240E-10	3.09550921E+1	8.61404729E-1	3.09722772E+1	2.78165648E-2
2.01850863E+5	3.08992912E+1	-1.25538227E-9	3.08246856E+1	1.51646947E+0	3.08619659E+1	4.91569569E-2
2.16438064E+5	3.08602222E+1	-1.69902169E-9	3.07041152E+1	2.18931390E+0	3.07820698E+1	7.11831270E-2
2.32079442E+5	3.08619609E+1	-2.09395616E-9	3.05903166E+1	2.88264799E+0	3.07258385E+1	9.39565451E-2
2.48851178E+5	3.08976959E+1	-2.44363247E-9	3.04729985E+1	3.59746563E+0	3.06846124E+1	1.17510324E-1
2.66834962E+5	3.09773766E+1	-2.75152625E-9	3.03574366E+1	4.33816253E+0	3.06658400E+1	1.41941813E-1
2.86118383E+5	3.11057307E+1	-3.01563851E-9	3.02456211E+1	5.10044145E+0	3.06726612E+1	1.67062280E-1
3.06795364E+5	3.12843890E+1	-3.24753587E-9	3.01288011E+1	5.90054552E+0	3.07011585E+1	1.93396241E-1
3.28966612E+5	3.15145425E+1	-3.44475030E-9	3.00038404E+1	6.73251373E+0	3.07499154E+1	2.20732232E-1
3.52740116E+5	3.18205140E+1	-3.60913757E-9	2.98843781E+1	7.60657824E+0	3.08372544E+1	2.49241054E-1
3.78231664E+5	3.21979082E+1	-3.74163107E-9	2.97586021E+1	8.51998652E+0	3.09542360E+1	2.78844121E-1
4.05565415E+5	3.26642793E+1	-3.84940829E-9	2.96230694E+1	9.49155371E+0	3.11065295E+1	3.10075750E-1
4.34874501E+5	3.32045702E+1	-3.92422567E-9	2.94689928E+1	1.04920616E+1	3.12810678E+1	3.42043073E-1
4.66301673E+5	3.38696225E+1	-3.97312760E-9	2.93130224E+1	1.15571204E+1	3.15090608E+1	3.75553427E-1
5.00000000E+5	3.46712852E+1	-3.99394783E-9	2.91538047E+1	1.26828579E+1	3.17930774E+1	4.10337671E-1
