Start time:20240905_13-57-39	sweep/start:500.000	sweep/stop:500000.000	sweep/samplecount:100.000	sweep/xmapping:1.000	sweep/scan:0.000	sweep/averaging/sample:10.000	sweep/settling/time:0.100	sweep/settling/inaccuracy:0.010	sweep/awgcontrol:0.000	sweep/averaging/time:0.100	sweep/averaging/tc:15.000	sweep/bandwidthcontrol:2.000	sweep/sincfilter:0.000	sweep/omegasuppression:80.000	sweep/maxbandwidth:100.000	sweep/bandwidth:1250000.000	sweep/order:8.000	sweep/bandwidthoverlap:1.000																				
Frequency	Param0		Param1		RealZ		ImagZ		AbsZ		PhaseZ		
5.00000000E+2	1.36192284E+3	7.27334703E-7	1.27468251E+2	-3.96678231E+2	4.16655478E+2	-1.25987908E+0
5.36133611E+2	1.23289853E+3	7.16559296E-7	1.25084224E+2	-3.72249869E+2	3.92703503E+2	-1.24662774E+0
5.74878498E+2	1.11551446E+3	7.05202070E-7	1.22935106E+2	-3.49317639E+2	3.70318589E+2	-1.23240380E+0
6.16423370E+2	1.01026306E+3	6.93294723E-7	1.20858405E+2	-3.27859701E+2	3.49426306E+2	-1.21762336E+0
6.60970574E+2	9.16299222E+2	6.80505049E-7	1.18907802E+2	-3.07922117E+2	3.30083473E+2	-1.20227593E+0
7.08737081E+2	8.32015124E+2	6.67115023E-7	1.17031408E+2	-2.89267162E+2	3.12044628E+2	-1.18634883E+0
7.59955541E+2	7.56456959E+2	6.52985145E-7	1.15260403E+2	-2.71853910E+2	2.95278703E+2	-1.16979061E+0
8.14875417E+2	6.89058803E+2	6.38147838E-7	1.13542917E+2	-2.55628130E+2	2.79710094E+2	-1.15279933E+0
8.73764200E+2	6.28946775E+2	6.22525508E-7	1.11902009E+2	-2.40537586E+2	2.65293033E+2	-1.13536081E+0
9.36908711E+2	5.75168020E+2	6.06333231E-7	1.10297479E+2	-2.26437710E+2	2.51872136E+2	-1.11752305E+0
1.00461650E+3	5.27250856E+2	5.89406231E-7	1.08758492E+2	-2.13341491E+2	2.39463991E+2	-1.09935064E+0
1.07721735E+3	4.84453106E+2	5.72047658E-7	1.07219941E+2	-2.01114184E+2	2.27910139E+2	-1.08099756E+0
1.15506485E+3	4.46300757E+2	5.54222706E-7	1.05695227E+2	-1.89737647E+2	2.17190830E+2	-1.06254904E+0
1.23853818E+3	4.12193673E+2	5.35927948E-7	1.04214363E+2	-1.79153187E+2	2.07259496E+2	-1.04393742E+0
1.32804389E+3	3.81770052E+2	5.17349892E-7	1.02732115E+2	-1.69310825E+2	1.98040510E+2	-1.02541640E+0
1.42401793E+3	3.54572484E+2	4.98532233E-7	1.01265244E+2	-1.60159976E+2	1.89488438E+2	-1.00698222E+0
1.52692775E+3	3.30236838E+2	4.79686371E-7	9.97773702E+1	-1.51639832E+2	1.81521797E+2	-9.88825292E-1
1.63727458E+3	3.08442471E+2	4.60835395E-7	9.82872861E+1	-1.43720497E+2	1.74114825E+2	-9.70972645E-1
1.75559587E+3	2.88872160E+2	4.42128717E-7	9.67809431E+1	-1.36347967E+2	1.67204424E+2	-9.53517774E-1
1.88246790E+3	2.71284969E+2	4.23656022E-7	9.52558126E+1	-1.29490539E+2	1.60752822E+2	-9.36562205E-1
2.01850863E+3	2.55465711E+2	4.05477966E-7	9.37172382E+1	-1.23120346E+2	1.54730542E+2	-9.20175793E-1
2.16438064E+3	2.41143452E+2	3.87736906E-7	9.21525692E+1	-1.17174623E+2	1.49070414E+2	-9.04369264E-1
2.32079442E+3	2.28189483E+2	3.70497506E-7	9.05575053E+1	-1.11640529E+2	1.43750721E+2	-8.89291921E-1
2.48851178E+3	2.16382308E+2	3.53821292E-7	8.89358922E+1	-1.06463893E+2	1.38723298E+2	-8.74861990E-1
2.66834962E+3	2.05627060E+2	3.37747665E-7	8.72860491E+1	-1.01634240E+2	1.33971539E+2	-8.61201025E-1
2.86118383E+3	1.95776442E+2	3.22308931E-7	8.56108902E+1	-9.71152423E+1	1.29462717E+2	-8.48274707E-1
3.06795364E+3	1.86707201E+2	3.07560965E-7	8.39020938E+1	-9.28739090E+1	1.25160396E+2	-8.36107100E-1
3.28966612E+3	1.78341070E+2	2.93472686E-7	8.21730275E+1	-8.88955501E+1	1.21057116E+2	-8.24675193E-1
3.52740116E+3	1.70563927E+2	2.80019188E-7	8.04349743E+1	-8.51441115E+1	1.17129437E+2	-8.13830910E-1
3.78231664E+3	1.63301229E+2	2.67247192E-7	7.86738292E+1	-8.15963322E+1	1.13346958E+2	-8.03630997E-1
4.05565415E+3	1.56516056E+2	2.55119095E-7	7.68990140E+1	-7.82462248E+1	1.09708387E+2	-7.94081500E-1
4.34874501E+3	1.50089855E+2	2.43603819E-7	7.51176335E+1	-7.50448910E+1	1.06180952E+2	-7.84913737E-1
4.66301673E+3	1.44038003E+2	2.32633683E-7	7.33460650E+1	-7.20067713E+1	1.02784340E+2	-7.76184334E-1
5.00000000E+3	1.38318182E+2	2.22225462E-7	7.15749696E+1	-6.91168791E+1	9.94993440E+1	-7.67928487E-1
5.36133611E+3	1.32824764E+2	2.12292116E-7	6.98247206E+1	-6.63246580E+1	9.63039561E+1	-7.59696307E-1
5.74878498E+3	1.27600829E+2	2.02856576E-7	6.80838302E+1	-6.36564615E+1	9.32070442E+1	-7.51804014E-1
6.16423370E+3	1.22604197E+2	1.93826308E-7	6.63752304E+1	-6.10918194E+1	9.02102086E+1	-7.43972645E-1
6.60970574E+3	1.17805286E+2	1.85205362E-7	6.46914586E+1	-5.86174962E+1	8.72983146E+1	-7.36179865E-1
7.08737081E+3	1.13200477E+2	1.76916068E-7	6.30518561E+1	-5.62313394E+1	8.44837271E+1	-7.28281166E-1
7.59955541E+3	1.08777381E+2	1.68970546E-7	6.14472460E+1	-5.39287156E+1	8.17561646E+1	-7.20324689E-1
8.14875417E+3	1.04510562E+2	1.61303539E-7	5.98917894E+1	-5.16942744E+1	7.91158930E+1	-7.12066288E-1
8.73764200E+3	1.00425173E+2	1.53915572E-7	5.83830123E+1	-4.95433942E+1	7.65710394E+1	-7.03676447E-1
9.36908711E+3	9.64844965E+1	1.46778019E-7	5.69226519E+1	-4.74548738E+1	7.41090641E+1	-6.94938657E-1
1.00461650E+4	9.27011122E+1	1.39867176E-7	5.55154396E+1	-4.54354366E+1	7.17380162E+1	-6.85877460E-1
1.07721735E+4	8.90709222E+1	1.33159121E-7	5.41650108E+1	-4.34819391E+1	6.94588184E+1	-6.76426488E-1
1.15506485E+4	8.55898273E+1	1.26646820E-7	5.28698298E+1	-4.15920742E+1	6.72690090E+1	-6.66571157E-1
1.23853818E+4	8.22542842E+1	1.20332195E-7	5.16257754E+1	-3.97645622E+1	6.51647233E+1	-6.56333324E-1
1.32804389E+4	7.90606764E+1	1.14190492E-7	5.04374470E+1	-3.79958233E+1	6.31475943E+1	-6.45626138E-1
1.42401793E+4	7.60119574E+1	1.08216539E-7	4.93046680E+1	-3.62876559E+1	6.12188231E+1	-6.34473107E-1
1.52692775E+4	7.31016128E+1	1.02414162E-7	4.82230458E+1	-3.46369725E+1	5.93732455E+1	-6.22880093E-1
1.63727458E+4	7.03349901E+1	9.67638514E-8	4.71984031E+1	-3.30455673E+1	5.76168298E+1	-6.10821011E-1
1.75559587E+4	6.76887955E+1	9.12753545E-8	4.62209534E+1	-3.15002223E+1	5.59342526E+1	-5.98211147E-1
1.88246790E+4	6.51822650E+1	8.59773743E-8	4.52848995E+1	-3.00174963E+1	5.43302152E+1	-5.85361780E-1
2.01850863E+4	6.28047506E+1	8.08164243E-8	4.44042463E+1	-2.85842696E+1	5.28090674E+1	-5.71953638E-1
2.16438064E+4	6.05496313E+1	7.58231540E-8	4.35668199E+1	-2.72008649E+1	5.13610249E+1	-5.58130456E-1
2.32079442E+4	5.84188952E+1	7.09893502E-8	4.27757566E+1	-2.58678754E+1	4.99891229E+1	-5.43891761E-1
2.48851178E+4	5.63988323E+1	6.63266133E-8	4.20227711E+1	-2.45788794E+1	4.86830059E+1	-5.29238320E-1
2.66834962E+4	5.44987455E+1	6.18257838E-8	4.13143909E+1	-2.33388838E+1	4.74508425E+1	-5.14217782E-1
2.86118383E+4	5.27084329E+1	5.74947822E-8	4.06449012E+1	-2.21431900E+1	4.62853001E+1	-4.98839242E-1
3.06795364E+4	5.10229543E+1	5.33377446E-8	4.00115397E+1	-2.09900835E+1	4.51830383E+1	-4.83133962E-1
3.28966612E+4	4.94391055E+1	4.93507566E-8	3.94148503E+1	-1.98772357E+1	4.41433454E+1	-4.67088297E-1
3.52740116E+4	4.79499719E+1	4.55474749E-8	3.88478650E+1	-1.88041859E+1	4.31596343E+1	-4.50803816E-1
3.78231664E+4	4.65549350E+1	4.19156252E-8	3.83149391E+1	-1.77683688E+1	4.22344587E+1	-4.34225454E-1
4.05565415E+4	4.52486088E+1	3.84598199E-8	3.78125546E+1	-1.67683092E+1	4.13638186E+1	-4.17400944E-1
4.34874501E+4	4.40269984E+1	3.51817860E-8	3.73386332E+1	-1.58029872E+1	4.05451347E+1	-4.00374063E-1
4.66301673E+4	4.28862741E+1	3.20761563E-8	3.68932991E+1	-1.48694521E+1	3.97770805E+1	-3.83123777E-1
5.00000000E+4	4.18208405E+1	2.91485530E-8	3.64717936E+1	-1.39674379E+1	3.90548468E+1	-3.65735749E-1
5.36133611E+4	4.08261223E+1	2.63925302E-8	3.60735085E+1	-1.30936413E+1	3.83763139E+1	-3.48183317E-1
5.74878498E+4	3.99016257E+1	2.38008831E-8	3.57006053E+1	-1.22465898E+1	3.77427104E+1	-3.30457313E-1
6.16423370E+4	3.90406167E+1	2.13757761E-8	3.53478020E+1	-1.14250982E+1	3.71483511E+1	-3.12620636E-1
6.60970574E+4	3.82421262E+1	1.91061267E-8	3.50177778E+1	-1.06258885E+1	3.65944569E+1	-2.94612221E-1
7.08737081E+4	3.74971670E+1	1.69901878E-8	3.47039643E+1	-9.84556740E+0	3.60735408E+1	-2.76437810E-1
7.59955541E+4	3.68125510E+1	1.50256342E-8	3.44120383E+1	-9.08881318E+0	3.55920625E+1	-2.58220730E-1
8.14875417E+4	3.61765321E+1	1.32056996E-8	3.41342787E+1	-8.34930169E+0	3.51405724E+1	-2.39891468E-1
8.73764200E+4	3.55898772E+1	1.15175355E-8	3.38743735E+1	-7.62309690E+0	3.47215321E+1	-2.21352734E-1
9.36908711E+4	3.50485819E+1	9.96378747E-9	3.36274381E+1	-6.91298829E+0	3.43306571E+1	-2.02751136E-1
1.00461650E+5	3.45500423E+1	8.53223759E-9	3.33937988E+1	-6.21380344E+0	3.39670010E+1	-1.83972508E-1
1.07721735E+5	3.40935687E+1	7.21164063E-9	3.31748377E+1	-5.52075587E+0	3.36310662E+1	-1.64902785E-1
1.15506485E+5	3.36758933E+1	6.00141406E-9	3.29666538E+1	-4.83541561E+0	3.33193865E+1	-1.45637480E-1
1.23853818E+5	3.32987926E+1	4.89653227E-9	3.27711920E+1	-4.15813518E+0	3.30339390E+1	-1.26209436E-1
1.32804389E+5	3.29706077E+1	3.87396704E-9	3.26002899E+1	-3.47453670E+0	3.27849259E+1	-1.06179068E-1
1.42401793E+5	3.26484062E+1	2.96645955E-9	3.24050710E+1	-2.80807512E+0	3.25265111E+1	-8.64394909E-2
1.52692775E+5	3.23783404E+1	2.12951396E-9	3.22372733E+1	-2.13251327E+0	3.23077299E+1	-6.60543098E-2
1.63727458E+5	3.21435247E+1	1.36966575E-9	3.20777249E+1	-1.45282407E+0	3.21106079E+1	-4.52598164E-2
1.75559587E+5	3.19423199E+1	6.81109282E-10	3.19239335E+1	-7.66132690E-1	3.19331254E+1	-2.39940896E-2
1.88246790E+5	3.17788291E+1	5.60198911E-11	3.17746744E+1	-6.69444593E-2	3.17767516E+1	-2.10611662E-3
2.01850863E+5	3.16451167E+1	-5.01778728E-10	3.16322876E+1	6.37030253E-1	3.16387015E+1	2.01358858E-2
2.16438064E+5	3.15517676E+1	-1.00364703E-9	3.14933615E+1	1.35624165E+0	3.15225510E+1	4.30377813E-2
2.32079442E+5	3.14982361E+1	-1.45297458E-9	3.13585736E+1	2.09274905E+0	3.14283273E+1	6.66372886E-2
2.48851178E+5	3.14875400E+1	-1.85476545E-9	3.12271477E+1	2.85154071E+0	3.13570735E+1	9.10635286E-2
2.66834962E+5	3.15231906E+1	-2.21253351E-9	3.10979654E+1	3.63642441E+0	3.13098561E+1	1.16405836E-1
2.86118383E+5	3.16037251E+1	-2.52342834E-9	3.09672036E+1	4.43973169E+0	3.12838455E+1	1.42398488E-1
3.06795364E+5	3.17394458E+1	-2.79333110E-9	3.08387094E+1	5.27043741E+0	3.12858361E+1	1.69267947E-1
3.28966612E+5	3.19306544E+1	-3.03069797E-9	3.07022641E+1	6.14118943E+0	3.13104356E+1	1.97418637E-1
3.52740116E+5	3.21942567E+1	-3.23080074E-9	3.05696860E+1	7.04716259E+0	3.13714569E+1	2.26569587E-1
3.78231664E+5	3.25261547E+1	-3.39856794E-9	3.04263281E+1	7.99311353E+0	3.14587261E+1	2.56899005E-1
4.05565415E+5	3.29599760E+1	-3.53107178E-9	3.02952960E+1	8.98481694E+0	3.15995602E+1	2.88311328E-1
4.34874501E+5	3.34686512E+1	-3.64051909E-9	3.01291685E+1	1.00307303E+1	3.17550406E+1	3.21382219E-1
4.66301673E+5	3.40945896E+1	-3.71603846E-9	2.99655555E+1	1.11233085E+1	3.19634670E+1	3.55438003E-1
5.00000000E+5	3.48342847E+1	-3.76212558E-9	2.97855036E+1	1.22629356E+1	3.22111251E+1	3.90558818E-1
