Start time:20240906_15-22-03	sweep/start:500.000	sweep/stop:500000.000	sweep/samplecount:100.000	sweep/xmapping:1.000	sweep/scan:0.000	sweep/averaging/sample:10.000	sweep/settling/time:0.100	sweep/settling/inaccuracy:0.010	sweep/awgcontrol:0.000	sweep/averaging/time:0.100	sweep/averaging/tc:15.000	sweep/bandwidthcontrol:2.000	sweep/sincfilter:0.000	sweep/omegasuppression:80.000	sweep/maxbandwidth:100.000	sweep/bandwidth:1250000.000	sweep/order:8.000	sweep/bandwidthoverlap:1.000																				
Frequency	Param0		Param1		RealZ		ImagZ		AbsZ		PhaseZ		
5.00000000E+2	1.41498479E+3	7.33708929E-7	1.21585543E+2	-3.96558359E+2	4.14778961E+2	-1.27329379E+0
5.36133611E+2	1.27991560E+3	7.23583729E-7	1.19250697E+2	-3.72035022E+2	3.90679907E+2	-1.26060706E+0
5.74878498E+2	1.15792774E+3	7.12856140E-7	1.17086317E+2	-3.49096302E+2	3.68208419E+2	-1.24718840E+0
6.16423370E+2	1.04877168E+3	7.01561255E-7	1.14983963E+2	-3.27674483E+2	3.47263421E+2	-1.23331183E+0
6.60970574E+2	9.51160377E+2	6.89451744E-7	1.13002206E+2	-3.07755872E+2	3.27846276E+2	-1.21889796E+0
7.08737081E+2	8.63281223E+2	6.76780314E-7	1.11117510E+2	-2.89099473E+2	3.09718603E+2	-1.20384728E+0
7.59955541E+2	7.84351988E+2	6.63454975E-7	1.09329499E+2	-2.71661265E+2	2.92835767E+2	-1.18818149E+0
8.14875417E+2	7.13993283E+2	6.49378104E-7	1.07603478E+2	-2.55440068E+2	2.77178896E+2	-1.17210841E+0
8.73764200E+2	6.51158801E+2	6.34687002E-7	1.05913382E+2	-2.40309734E+2	2.62614576E+2	-1.15567220E+0
9.36908711E+2	5.94870647E+2	6.19312470E-7	1.04299661E+2	-2.26199864E+2	2.49087935E+2	-1.13875408E+0
1.00461650E+3	5.44589789E+2	6.03317346E-7	1.02729284E+2	-2.13054000E+2	2.36527618E+2	-1.12151024E+0
1.07721735E+3	4.99769163E+2	5.86768265E-7	1.01178570E+2	-2.00820356E+2	2.24868674E+2	-1.10409239E+0
1.15506485E+3	4.59624388E+2	5.69736231E-7	9.96622284E+1	-1.89405984E+2	2.14026137E+2	-1.08642230E+0
1.23853818E+3	4.23796344E+2	5.52292439E-7	9.81543036E+1	-1.78782452E+2	2.03954488E+2	-1.06870943E+0
1.32804389E+3	3.91806750E+2	5.34464567E-7	9.66641882E+1	-1.68907412E+2	1.94611612E+2	-1.05100033E+0
1.42401793E+3	3.63150518E+2	5.16398517E-7	9.51811912E+1	-1.59704845E+2	1.85916910E+2	-1.03333658E+0
1.52692775E+3	3.37497008E+2	4.98164774E-7	9.37009647E+1	-1.51142061E+2	1.77830801E+2	-1.01583459E+0
1.63727458E+3	3.14522748E+2	4.79971620E-7	9.21872409E+1	-1.43165973E+2	1.70279134E+2	-9.98708102E-1
1.75559587E+3	2.93841121E+2	4.61760134E-7	9.06889865E+1	-1.35733785E+2	1.63242620E+2	-9.81775356E-1
1.88246790E+3	2.75249594E+2	4.43718599E-7	8.91695086E+1	-1.28812534E+2	1.56664835E+2	-9.65295748E-1
2.01850863E+3	2.58500473E+2	4.25966683E-7	8.76192383E+1	-1.22362097E+2	1.50497887E+2	-9.49369532E-1
2.16438064E+3	2.43358203E+2	4.08522654E-7	8.60563036E+1	-1.16347839E+2	1.44715262E+2	-9.33954278E-1
2.32079442E+3	2.29598486E+2	3.91471955E-7	8.44795587E+1	-1.10722999E+2	1.39270882E+2	-9.19038932E-1
2.48851178E+3	2.17084840E+2	3.74915086E-7	8.28746290E+1	-1.05463837E+2	1.34129882E+2	-9.04767377E-1
2.66834962E+3	2.05673396E+2	3.58858997E-7	8.12533466E+1	-1.00546234E+2	1.29273553E+2	-8.91124194E-1
2.86118383E+3	1.95208120E+2	3.43361561E-7	7.96135594E+1	-9.59317151E+1	1.24664401E+2	-8.78088759E-1
3.06795364E+3	1.85550310E+2	3.28473849E-7	7.79515739E+1	-9.15832435E+1	1.20266115E+2	-8.65631866E-1
3.28966612E+3	1.76660171E+2	3.14143563E-7	7.62840165E+1	-8.75048335E+1	1.16087670E+2	-8.53799108E-1
3.52740116E+3	1.68385645E+2	3.00419083E-7	7.46060219E+1	-8.36452279E+1	1.12082929E+2	-8.42455504E-1
3.78231664E+3	1.60672766E+2	2.87315083E-7	7.29142466E+1	-7.99927872E+1	1.08237394E+2	-8.31658237E-1
4.05565415E+3	1.53447020E+2	2.74772438E-7	7.12259560E+1	-7.65262929E+1	1.04543821E+2	-8.21255928E-1
4.34874501E+3	1.46672825E+2	2.62779017E-7	6.95430522E+1	-7.32382391E+1	1.00995425E+2	-8.11272437E-1
4.66301673E+3	1.40258443E+2	2.51316803E-7	6.78697271E+1	-7.00928110E+1	9.75669111E+1	-8.01510446E-1
5.00000000E+3	1.34236547E+2	2.40329606E-7	6.62176491E+1	-6.71122281E+1	9.42805833E+1	-7.92107583E-1
5.36133611E+3	1.28470568E+2	2.29809828E-7	6.45865387E+1	-6.42343226E+1	9.10904454E+1	-7.82664018E-1
5.74878498E+3	1.23002705E+2	2.19709975E-7	6.29851063E+1	-6.14834503E+1	8.80189660E+1	-7.73334206E-1
6.16423370E+3	1.17787855E+2	2.10027534E-7	6.14098667E+1	-5.88401616E+1	8.50490235E+1	-7.64031731E-1
6.60970574E+3	1.12823510E+2	2.00700104E-7	5.98743411E+1	-5.63053858E+1	8.21902261E+1	-7.54688559E-1
7.08737081E+3	1.08073094E+2	1.91681637E-7	5.83865341E+1	-5.38611732E+1	7.94355926E+1	-7.45104143E-1
7.59955541E+3	1.03530376E+2	1.83005557E-7	5.69328312E+1	-5.15066023E+1	7.67741974E+1	-7.35400603E-1
8.14875417E+3	9.91943435E+1	1.74573678E-7	5.55370779E+1	-4.92401953E+1	7.42223950E+1	-7.25372571E-1
8.73764200E+3	9.50360010E+1	1.66396109E-7	5.41910470E+1	-4.70471121E+1	7.17641998E+1	-7.14949306E-1
9.36908711E+3	9.10787275E+1	1.58501278E-7	5.28852962E+1	-4.49429734E+1	6.94026329E+1	-7.04389459E-1
1.00461650E+4	8.72958413E+1	1.50796491E-7	5.16407050E+1	-4.29098628E+1	6.71417811E+1	-6.93318829E-1
1.07721735E+4	8.36859037E+1	1.43302799E-7	5.04484286E+1	-4.09484843E+1	6.49755518E+1	-6.81828446E-1
1.15506485E+4	8.02458324E+1	1.36008348E-7	4.93090472E+1	-3.90571806E+1	6.29034620E+1	-6.69898848E-1
1.23853818E+4	7.69774321E+1	1.28915626E-7	4.82202651E+1	-3.72381278E+1	6.09251357E+1	-6.57590061E-1
1.32804389E+4	7.38745642E+1	1.22007107E-7	4.71847173E+1	-3.54873617E+1	5.90402440E+1	-6.44840178E-1
1.42401793E+4	7.09224546E+1	1.15274977E-7	4.62007913E+1	-3.37958628E+1	5.72422353E+1	-6.31555368E-1
1.52692775E+4	6.81321187E+1	1.08738704E-7	4.52643038E+1	-3.21728993E+1	5.55333488E+1	-6.17923372E-1
1.63727458E+4	6.54847173E+1	1.02378076E-7	4.43765616E+1	-3.06056700E+1	5.39072025E+1	-6.03766821E-1
1.75559587E+4	6.29875105E+1	9.61977885E-8	4.35377611E+1	-2.90998008E+1	5.23673099E+1	-5.89188332E-1
1.88246790E+4	6.06386653E+1	9.02095898E-8	4.27448373E+1	-2.76562594E+1	5.09115886E+1	-5.74269135E-1
2.01850863E+4	5.84217989E+1	8.44146754E-8	4.19936014E+1	-2.62655491E+1	4.95312195E+1	-5.58933978E-1
2.16438064E+4	5.63367486E+1	7.88249809E-8	4.12813508E+1	-2.49300448E+1	4.82250669E+1	-5.43286421E-1
2.32079442E+4	5.43772974E+1	7.34344847E-8	4.06087504E+1	-2.36457902E+1	4.69914255E+1	-5.27290509E-1
2.48851178E+4	5.25377282E+1	6.82391702E-8	3.99760180E+1	-2.24090798E+1	4.58284747E+1	-5.10916913E-1
2.66834962E+4	5.08135912E+1	6.32671495E-8	3.93748044E+1	-2.12226275E+1	4.47300257E+1	-4.94350989E-1
2.86118383E+4	4.92002910E+1	5.84965094E-8	3.88107068E+1	-2.00805118E+1	4.36978036E+1	-4.77467503E-1
3.06795364E+4	4.76980030E+1	5.39361497E-8	3.82829458E+1	-1.89851547E+1	4.27319559E+1	-4.60375690E-1
3.28966612E+4	4.62886638E+1	4.96055653E-8	3.77788154E+1	-1.79301975E+1	4.18178297E+1	-4.43129951E-1
3.52740116E+4	4.49780147E+1	4.54805036E-8	3.73090792E+1	-1.69151087E+1	4.09644762E+1	-4.25659366E-1
3.78231664E+4	4.37563050E+1	4.15781770E-8	3.68649938E+1	-1.59388873E+1	4.01631162E+1	-4.08086675E-1
4.05565415E+4	4.26203011E+1	3.78925584E-8	3.64474036E+1	-1.49995358E+1	3.94131871E+1	-3.90414224E-1
4.34874501E+4	4.15653636E+1	3.44188123E-8	3.60557944E+1	-1.40943918E+1	3.87126879E+1	-3.72641391E-1
4.66301673E+4	4.05831019E+1	3.11589914E-8	3.56849122E+1	-1.32208721E+1	3.80552812E+1	-3.54810081E-1
5.00000000E+4	3.96728384E+1	2.81031955E-8	3.53374062E+1	-1.23775164E+1	3.74424252E+1	-3.36912389E-1
5.36133611E+4	3.88286666E+1	2.52519417E-8	3.50093601E+1	-1.15633675E+1	3.68695914E+1	-3.19012302E-1
5.74878498E+4	3.80458521E+1	2.25948065E-8	3.47002353E+1	-1.07746778E+1	3.63345569E+1	-3.01068464E-1
6.16423370E+4	3.73207553E+1	2.01237959E-8	3.44092732E+1	-1.00090944E+1	3.58354582E+1	-2.83072315E-1
6.60970574E+4	3.66517446E+1	1.78363288E-8	3.41356204E+1	-9.26765620E+0	3.53713166E+1	-2.65104891E-1
7.08737081E+4	3.60342923E+1	1.57206087E-8	3.38784157E+1	-8.54620824E+0	3.49397300E+1	-2.47105673E-1
7.59955541E+4	3.54656130E+1	1.37696945E-8	3.36366200E+1	-7.84354094E+0	3.45390119E+1	-2.29090853E-1
8.14875417E+4	3.49380711E+1	1.19751889E-8	3.34051552E+1	-7.15592659E+0	3.41630164E+1	-2.11026903E-1
8.73764200E+4	3.44567374E+1	1.03271948E-8	3.31900506E+1	-6.48393335E+0	3.38174638E+1	-1.92927892E-1
9.36908711E+4	3.40112154E+1	8.82072358E-9	3.29825106E+1	-5.82488311E+0	3.34929138E+1	-1.74802749E-1
1.00461650E+5	3.36058042E+1	7.43735841E-9	3.27896663E+1	-5.17309158E+0	3.31952272E+1	-1.56476183E-1
1.07721735E+5	3.32360699E+1	6.17761433E-9	3.26063751E+1	-4.53123056E+0	3.29197169E+1	-1.38083273E-1
1.15506485E+5	3.29004816E+1	5.02880636E-9	3.24328624E+1	-3.89438312E+0	3.26658352E+1	-1.19503080E-1
1.23853818E+5	3.25983496E+1	3.98526295E-9	3.22685400E+1	-3.26227948E+0	3.24330256E+1	-1.00755499E-1
1.32804389E+5	3.23252074E+1	3.04169690E-9	3.21090644E+1	-2.63437203E+0	3.22169546E+1	-8.18611481E-2
1.42401793E+5	3.20836031E+1	2.17858381E-9	3.19586077E+1	-1.99866765E+0	3.20210444E+1	-6.24579159E-2
1.52692775E+5	3.18747451E+1	1.40062927E-9	3.18163752E+1	-1.36275859E+0	3.18455468E+1	-4.28058258E-2
1.63727458E+5	3.16949632E+1	7.01177015E-10	3.16784050E+1	-7.24240385E-1	3.16866830E+1	-2.28582890E-2
1.75559587E+5	3.15456408E+1	6.63817122E-11	3.15454721E+1	-7.28667849E-2	3.15455564E+1	-2.30989173E-3
1.88246790E+5	3.14353780E+1	-5.16261168E-10	3.14166671E+1	6.02548071E-1	3.14260198E+1	1.91827443E-2
2.01850863E+5	3.13440434E+1	-1.00927590E-9	3.12936689E+1	1.25554381E+0	3.13188460E+1	4.00998294E-2
2.16438064E+5	3.12948710E+1	-1.46653228E-9	3.11734363E+1	1.94564210E+0	3.12340946E+1	6.23326101E-2
2.32079442E+5	3.12794514E+1	-1.87156696E-9	3.10531596E+1	2.65085990E+0	3.11661001E+1	8.51587714E-2
2.48851178E+5	3.13076193E+1	-2.23159626E-9	3.09384126E+1	3.37973955E+0	3.11224685E+1	1.08809427E-1
2.66834962E+5	3.13752333E+1	-2.54806536E-9	3.08215045E+1	4.13117955E+0	3.10971364E+1	1.33241467E-1
2.86118383E+5	3.14866562E+1	-2.82720001E-9	3.07004019E+1	4.91306916E+0	3.10910437E+1	1.58687151E-1
3.06795364E+5	3.16493735E+1	-3.06670386E-9	3.05789523E+1	5.72121343E+0	3.11095593E+1	1.84958087E-1
3.28966612E+5	3.18705527E+1	-3.27001396E-9	3.04572537E+1	6.56086970E+0	3.11558903E+1	2.12170325E-1
3.52740116E+5	3.21626432E+1	-3.44316662E-9	3.03352289E+1	7.44546255E+0	3.12355748E+1	2.40681824E-1
3.78231664E+5	3.25300956E+1	-3.58503566E-9	3.02096100E+1	8.37262267E+0	3.13483890E+1	2.70364868E-1
4.05565415E+5	3.29629975E+1	-3.70142585E-9	3.00574524E+1	9.34520614E+0	3.14767167E+1	3.01436890E-1
4.34874501E+5	3.35137242E+1	-3.78191580E-9	2.99246151E+1	1.03635066E+1	3.16683635E+1	3.33393123E-1
4.66301673E+5	3.41530213E+1	-3.83798332E-9	2.97632692E+1	1.14303401E+1	3.18826830E+1	3.66674200E-1
NaN	NaN	NaN	NaN	NaN	NaN	NaN
