Start time:20240905_11-41-24	sweep/start:500.000	sweep/stop:500000.000	sweep/samplecount:100.000	sweep/xmapping:1.000	sweep/scan:0.000	sweep/averaging/sample:10.000	sweep/settling/time:0.100	sweep/settling/inaccuracy:0.010	sweep/awgcontrol:0.000	sweep/averaging/time:0.100	sweep/averaging/tc:15.000	sweep/bandwidthcontrol:2.000	sweep/sincfilter:0.000	sweep/omegasuppression:80.000	sweep/maxbandwidth:100.000	sweep/bandwidth:1250000.000	sweep/order:8.000	sweep/bandwidthoverlap:1.000																				
Frequency	Param0		Param1		RealZ		ImagZ		AbsZ		PhaseZ		
5.00000000E+2	1.34893143E+3	7.29009127E-7	1.27929595E+2	-3.95224248E+2	4.15413280E+2	-1.25775098E+0
5.36133611E+2	1.21935128E+3	7.18174689E-7	1.25679260E+2	-3.70744952E+2	3.91467883E+2	-1.24396242E+0
5.74878498E+2	1.10326667E+3	7.06716810E-7	1.23523276E+2	-3.47880791E+2	3.69159928E+2	-1.22960878E+0
6.16423370E+2	9.99925703E+2	6.94516675E-7	1.21428783E+2	-3.26611020E+2	3.48453317E+2	-1.21484806E+0
6.60970574E+2	9.06719772E+2	6.81629854E-7	1.19490656E+2	-3.06702582E+2	3.29157253E+2	-1.19928939E+0
7.08737081E+2	8.23446267E+2	6.68044928E-7	1.17621133E+2	-2.88131760E+2	3.11214794E+2	-1.18322395E+0
7.59955541E+2	7.49029181E+2	6.53695143E-7	1.15837963E+2	-2.70827531E+2	2.94560672E+2	-1.16662529E+0
8.14875417E+2	6.82594758E+2	6.38697996E-7	1.14096003E+2	-2.54682960E+2	2.79072235E+2	-1.14961327E+0
8.73764200E+2	6.23141860E+2	6.22994691E-7	1.12430641E+2	-2.39623830E+2	2.64688932E+2	-1.13209384E+0
9.36908711E+2	5.70038913E+2	6.06621603E-7	1.10820542E+2	-2.25589927E+2	2.51340427E+2	-1.11417500E+0
1.00461650E+3	5.22549116E+2	5.89566694E-7	1.09282354E+2	-2.12515311E+2	2.38967345E+2	-1.09582737E+0
1.07721735E+3	4.80330510E+2	5.72070146E-7	1.07722589E+2	-2.00345413E+2	2.27469650E+2	-1.07745766E+0
1.15506485E+3	4.42543477E+2	5.54038901E-7	1.06217403E+2	-1.89007089E+2	2.16808249E+2	-1.05880519E+0
1.23853818E+3	4.08827320E+2	5.35588771E-7	1.04733627E+2	-1.78462413E+2	2.06925025E+2	-1.04008972E+0
1.32804389E+3	3.78668304E+2	5.16838730E-7	1.03265589E+2	-1.68640508E+2	1.97745805E+2	-1.02135155E+0
1.42401793E+3	3.51765700E+2	4.97918700E-7	1.01786368E+2	-1.59513276E+2	1.89221962E+2	-1.00282799E+0
1.52692775E+3	3.27683132E+2	4.78846023E-7	1.00325750E+2	-1.51029127E+2	1.81314793E+2	-9.84447297E-1
1.63727458E+3	3.06094825E+2	4.59838055E-7	9.88472967E+1	-1.43128811E+2	1.73944374E+2	-9.66394970E-1
1.75559587E+3	2.86767960E+2	4.40952677E-7	9.73546119E+1	-1.35794927E+2	1.67087351E+2	-9.48802193E-1
1.88246790E+3	2.69342219E+2	4.22296443E-7	9.58541624E+1	-1.28955618E+2	1.60678475E+2	-9.31589776E-1
2.01850863E+3	2.53676952E+2	4.03971853E-7	9.43311917E+1	-1.22602099E+2	1.54692109E+2	-9.14988563E-1
2.16438064E+3	2.39560719E+2	3.86088171E-7	9.27778304E+1	-1.16697032E+2	1.49083612E+2	-8.99092236E-1
2.32079442E+3	2.26727744E+2	3.68717453E-7	9.12004485E+1	-1.11176210E+2	1.43797329E+2	-8.83785324E-1
2.48851178E+3	2.15085653E+2	3.51894666E-7	8.95998407E+1	-1.06035411E+2	1.38822333E+2	-8.69212641E-1
2.66834962E+3	2.04487353E+2	3.35673046E-7	8.79751910E+1	-1.01243169E+2	1.34126111E+2	-8.55403506E-1
2.86118383E+3	1.94763994E+2	3.20134686E-7	8.63155738E+1	-9.67511606E+1	1.29657879E+2	-8.42340814E-1
3.06795364E+3	1.85841346E+2	3.05271725E-7	8.46289067E+1	-9.25499732E+1	1.25409528E+2	-8.30075020E-1
3.28966612E+3	1.77567353E+2	2.91099086E-7	8.29177478E+1	-8.85896808E+1	1.21340367E+2	-8.18457178E-1
3.52740116E+3	1.69923388E+2	2.77602138E-7	8.11864032E+1	-8.48777735E+1	1.17454113E+2	-8.07623079E-1
3.78231664E+3	1.62787734E+2	2.64794570E-7	7.94322783E+1	-8.13702244E+1	1.13712798E+2	-7.97449296E-1
4.05565415E+3	1.56098305E+2	2.52619830E-7	7.76706030E+1	-7.80482325E+1	1.10110169E+2	-7.87823230E-1
4.34874501E+3	1.49796823E+2	2.41066421E-7	7.59015282E+1	-7.48916912E+1	1.06629300E+2	-7.78701432E-1
4.66301673E+3	1.43852299E+2	2.30140006E-7	7.41189275E+1	-7.18927149E+1	1.03257823E+2	-7.70152530E-1
5.00000000E+3	1.38215716E+2	2.19736173E-7	7.23502517E+1	-6.90317508E+1	9.99997086E+1	-7.61930597E-1
5.36133611E+3	1.32828983E+2	2.09837780E-7	7.05946024E+1	-6.62828120E+1	9.68349584E+1	-7.53907465E-1
5.74878498E+3	1.27694094E+2	2.00448034E-7	6.88457514E+1	-6.36510656E+1	9.37613766E+1	-7.46212118E-1
6.16423370E+3	1.22773237E+2	1.91466999E-7	6.71287767E+1	-6.11174640E+1	9.07833528E+1	-7.38559240E-1
6.60970574E+3	1.18050444E+2	1.82910362E-7	6.54328024E+1	-5.86763976E+1	8.78884027E+1	-7.31012654E-1
7.08737081E+3	1.13515574E+2	1.74707191E-7	6.37748597E+1	-5.63223484E+1	8.50848973E+1	-7.23423640E-1
7.59955541E+3	1.09145148E+2	1.66838898E-7	6.21544534E+1	-5.40433236E+1	8.23641729E+1	-7.15706690E-1
8.14875417E+3	1.04944212E+2	1.59259602E-7	6.05819516E+1	-5.18416067E+1	7.97353443E+1	-7.07809452E-1
8.73764200E+3	1.00891575E+2	1.51950306E-7	5.90571570E+1	-4.97053490E+1	7.71904759E+1	-6.99625377E-1
9.36908711E+3	9.69946974E+1	1.44925154E-7	5.75718496E+1	-4.76408039E+1	7.47272648E+1	-6.91286779E-1
1.00461650E+4	9.32466973E+1	1.38106807E-7	5.61462984E+1	-4.56404424E+1	7.23564569E+1	-6.82547971E-1
1.07721735E+4	8.96379066E+1	1.31511763E-7	5.47702014E+1	-4.37002424E+1	7.00677256E+1	-6.73449087E-1
1.15506485E+4	8.61803132E+1	1.25115120E-7	5.34497310E+1	-4.18263165E+1	6.78698352E+1	-6.64000820E-1
1.23853818E+4	8.28595428E+1	1.18892417E-7	5.21876915E+1	-4.00086619E+1	6.57590163E+1	-6.54059779E-1
1.32804389E+4	7.96767645E+1	1.12859234E-7	5.09762338E+1	-3.82497700E+1	6.37308508E+1	-6.43721969E-1
1.42401793E+4	7.66327539E+1	1.07003014E-7	4.98170358E+1	-3.65496858E+1	6.17868645E+1	-6.32973225E-1
1.52692775E+4	7.37237812E+1	1.01301983E-7	4.87143145E+1	-3.49044215E+1	5.99283183E+1	-6.21722531E-1
1.63727458E+4	7.09531737E+1	9.57605071E-8	4.76655911E+1	-3.33169012E+1	5.81551787E+1	-6.10035507E-1
1.75559587E+4	6.83036678E+1	9.03928431E-8	4.66607189E+1	-3.17785369E+1	5.64543904E+1	-5.97898027E-1
1.88246790E+4	6.57914671E+1	8.51701482E-8	4.57117786E+1	-3.02965039E+1	5.48401763E+1	-5.85301709E-1
2.01850863E+4	6.33995640E+1	8.01003142E-8	4.48109770E+1	-2.88612651E+1	5.33009978E+1	-5.72192981E-1
2.16438064E+4	6.11381305E+1	7.51995568E-8	4.39553442E+1	-2.74822716E+1	5.18396331E+1	-5.58765863E-1
2.32079442E+4	5.89896326E+1	7.04552497E-8	4.31434118E+1	-2.61468914E+1	5.04481316E+1	-5.44853217E-1
2.48851178E+4	5.69536216E+1	6.58631521E-8	4.23759885E+1	-2.48543950E+1	4.91270378E+1	-5.30449266E-1
2.66834962E+4	5.50336613E+1	6.14497080E-8	4.16457597E+1	-2.36124805E+1	4.78739868E+1	-5.15789191E-1
2.86118383E+4	5.32275819E+1	5.71945305E-8	4.09592421E+1	-2.24165477E+1	4.66921979E+1	-5.00759551E-1
3.06795364E+4	5.15207228E+1	5.30975355E-8	4.03110269E+1	-2.12573354E+1	4.55725052E+1	-4.85274166E-1
3.28966612E+4	4.99151507E+1	4.91809354E-8	3.96949956E+1	-2.01417226E+1	4.45127137E+1	-4.69559726E-1
3.52740116E+4	4.84078104E+1	4.54274154E-8	3.91161643E+1	-1.90644575E+1	4.35146856E+1	-4.53501171E-1
3.78231664E+4	4.69888660E+1	4.18521677E-8	3.85652668E+1	-1.80238270E+1	4.25692160E+1	-4.37195584E-1
4.05565415E+4	4.56625241E+1	3.84404508E-8	3.80499368E+1	-1.70193550E+1	4.16828040E+1	-4.20597980E-1
4.34874501E+4	4.44178766E+1	3.52037135E-8	3.75611203E+1	-1.60482845E+1	4.08458713E+1	-4.03781535E-1
4.66301673E+4	4.32561523E+1	3.21330234E-8	3.71029512E+1	-1.51096627E+1	4.00615889E+1	-3.86728824E-1
5.00000000E+4	4.21679270E+1	2.92340825E-8	3.66682916E+1	-1.42007822E+1	3.93220783E+1	-3.69490296E-1
5.36133611E+4	4.11530649E+1	2.64980312E-8	3.62601566E+1	-1.33198204E+1	3.86292192E+1	-3.52038551E-1
5.74878498E+4	4.02066604E+1	2.39265713E-8	3.58749437E+1	-1.24659571E+1	3.79790953E+1	-3.34431344E-1
6.16423370E+4	3.93263888E+1	2.15165946E-8	3.55121319E+1	-1.16384011E+1	3.73706289E+1	-3.16699359E-1
6.60970574E+4	3.85056697E+1	1.92614892E-8	3.51690007E+1	-1.08326962E+1	3.67995370E+1	-2.98796712E-1
7.08737081E+4	3.77440666E+1	1.71549439E-8	3.48469200E+1	-1.00477173E+1	3.62665751E+1	-2.80724365E-1
7.59955541E+4	3.70398260E+1	1.51934941E-8	3.45453520E+1	-9.28291277E+0	3.57708517E+1	-2.62515340E-1
8.14875417E+4	3.63846861E+1	1.33747559E-8	3.42579547E+1	-8.53565809E+0	3.53053102E+1	-2.44186437E-1
8.73764200E+4	3.57803421E+1	1.16881352E-8	3.39886569E+1	-7.80365081E+0	3.48729949E+1	-2.25684405E-1
9.36908711E+4	3.52235065E+1	1.01277671E-8	3.37357320E+1	-7.08457139E+0	3.44715937E+1	-2.06994113E-1
1.00461650E+5	3.47091703E+1	8.69578168E-9	3.34934705E+1	-6.38106512E+0	3.40959025E+1	-1.88260587E-1
1.07721735E+5	3.42367416E+1	7.37008525E-9	3.32664488E+1	-5.68138971E+0	3.37481083E+1	-1.69152403E-1
1.15506485E+5	3.38063963E+1	6.15458241E-9	3.30527372E+1	-4.99104092E+0	3.34274428E+1	-1.49870095E-1
1.23853818E+5	3.34135333E+1	5.04161453E-9	3.28490059E+1	-4.30629250E+0	3.31300672E+1	-1.30350222E-1
1.32804389E+5	3.30715957E+1	4.04107332E-9	3.26653610E+1	-3.64276604E+0	3.28678508E+1	-1.11058878E-1
1.42401793E+5	3.27412904E+1	3.09477079E-9	3.24743709E+1	-2.94415276E+0	3.26075576E+1	-9.04136370E-2
1.52692775E+5	3.24612022E+1	2.24794763E-9	3.23028807E+1	-2.26146781E+0	3.23819447E+1	-6.98942000E-2
1.63727458E+5	3.22150504E+1	1.48180048E-9	3.21375481E+1	-1.57820247E+0	3.21762759E+1	-4.90683222E-2
1.75559587E+5	3.20017011E+1	7.84148520E-10	3.19771994E+1	-8.85148773E-1	3.19894479E+1	-2.76735542E-2
1.88246790E+5	3.18303976E+1	1.54011101E-10	3.18253569E+1	-1.84530049E-1	3.18278770E+1	-5.79783561E-3
2.01850863E+5	3.16903383E+1	-4.13196795E-10	3.16816003E+1	5.26140025E-1	3.16859690E+1	1.66055912E-2
2.16438064E+5	3.15891874E+1	-9.23803533E-10	3.15395145E+1	1.25166054E+0	3.15643412E+1	3.96646591E-2
2.32079442E+5	3.15269724E+1	-1.38129953E-9	3.14003503E+1	1.99398156E+0	3.14635976E+1	6.34167392E-2
2.48851178E+5	3.15069052E+1	-1.78675090E-9	3.12646715E+1	2.75196644E+0	3.13855547E+1	8.77953324E-2
2.66834962E+5	3.15373756E+1	-2.14936125E-9	3.11352410E+1	3.53842369E+0	3.13356632E+1	1.13161375E-1
2.86118383E+5	3.16095034E+1	-2.46838348E-9	3.09995891E+1	4.34822376E+0	3.13030608E+1	1.39357930E-1
3.06795364E+5	3.17367276E+1	-2.74873064E-9	3.08639601E+1	5.19008648E+0	3.12973017E+1	1.66601397E-1
3.28966612E+5	3.19310727E+1	-2.98825111E-9	3.07355260E+1	6.06181728E+0	3.13275966E+1	1.94725985E-1
3.52740116E+5	3.21867044E+1	-3.19452663E-9	3.05977000E+1	6.97278893E+0	3.13821465E+1	2.24059710E-1
3.78231664E+5	3.25106960E+1	-3.36661782E-9	3.04504884E+1	7.92049140E+0	3.14637341E+1	2.54471528E-1
4.05565415E+5	3.29344197E+1	-3.50220591E-9	3.03154451E+1	8.91039132E+0	3.15978095E+1	2.85871640E-1
4.34874501E+5	3.34419296E+1	-3.61481124E-9	3.01521880E+1	9.95954461E+0	3.17544849E+1	3.19026352E-1
4.66301673E+5	3.40638548E+1	-3.69671193E-9	2.99826927E+1	1.10618072E+1	3.19581917E+1	3.53447232E-1
NaN	NaN	NaN	NaN	NaN	NaN	NaN
