Start time:20240909_06-54-55	sweep/start:500.000	sweep/stop:500000.000	sweep/samplecount:100.000	sweep/xmapping:1.000	sweep/scan:0.000	sweep/averaging/sample:10.000	sweep/settling/time:0.100	sweep/settling/inaccuracy:0.010	sweep/awgcontrol:0.000	sweep/averaging/time:0.100	sweep/averaging/tc:15.000	sweep/bandwidthcontrol:2.000	sweep/sincfilter:0.000	sweep/omegasuppression:80.000	sweep/maxbandwidth:100.000	sweep/bandwidth:1250000.000	sweep/order:8.000	sweep/bandwidthoverlap:1.000																				
Frequency	Param0		Param1		RealZ		ImagZ		AbsZ		PhaseZ		
5.00000000E+2	1.57860354E+3	7.96344828E-7	9.51123530E+1	-3.75630501E+2	3.87485015E+2	-1.32280140E+0
5.36133611E+2	1.42115450E+3	7.88244707E-7	9.32515353E+1	-3.51893355E+2	3.64039539E+2	-1.31175114E+0
5.74878498E+2	1.27925944E+3	7.79710181E-7	9.15023521E+1	-3.29670318E+2	3.42133311E+2	-1.30005429E+0
6.16423370E+2	1.15209943E+3	7.70673582E-7	8.98251755E+1	-3.08899523E+2	3.21694703E+2	-1.28780951E+0
6.60970574E+2	1.03790897E+3	7.61083017E-7	8.82400758E+1	-2.89480220E+2	3.02630325E+2	-1.27492113E+0
7.08737081E+2	9.35247708E+2	7.50817569E-7	8.67734122E+1	-2.71339215E+2	2.84876462E+2	-1.26127771E+0
7.59955541E+2	8.43606486E+2	7.39897025E-7	8.53596021E+1	-2.54408342E+2	2.68346551E+2	-1.24707725E+0
8.14875417E+2	7.61477025E+2	7.28290838E-7	8.40258036E+1	-2.38586174E+2	2.52949996E+2	-1.23217877E+0
8.73764200E+2	6.87875609E+2	7.16004378E-7	8.27631085E+1	-2.23787801E+2	2.38601579E+2	-1.21656725E+0
9.36908711E+2	6.22222653E+2	7.02951136E-7	8.15523346E+1	-2.09983136E+2	2.25263628E+2	-1.20035094E+0
1.00461650E+3	5.63566063E+2	6.89161245E-7	8.03918601E+1	-1.97086952E+2	2.12852340E+2	-1.18349781E+0
1.07721735E+3	5.11215231E+2	6.74563273E-7	7.92855023E+1	-1.85056098E+2	2.01325486E+2	-1.16601527E+0
1.15506485E+3	4.64485137E+2	6.59167549E-7	7.82289848E+1	-1.73828715E+2	1.90620558E+2	-1.14791339E+0
1.23853818E+3	4.22813306E+2	6.43044991E-7	7.72021268E+1	-1.63345999E+2	1.80671205E+2	-1.12928394E+0
1.32804389E+3	3.85669967E+2	6.26158757E-7	7.62110395E+1	-1.53571431E+2	1.71441848E+2	-1.11014686E+0
1.42401793E+3	3.52543801E+2	6.08564229E-7	7.52505472E+1	-1.44452301E+2	1.62877600E+2	-1.09053976E+0
1.52692775E+3	3.23027901E+2	5.90287908E-7	7.43172768E+1	-1.35954020E+2	1.54940483E+2	-1.07053999E+0
1.63727458E+3	2.96676098E+2	5.71375473E-7	7.34171870E+1	-1.28027498E+2	1.47584294E+2	-1.05012877E+0
1.75559587E+3	2.73270809E+2	5.51970769E-7	7.25165698E+1	-1.20656570E+2	1.40771663E+2	-1.02962985E+0
1.88246790E+3	2.52325116E+2	5.32156730E-7	7.16343106E+1	-1.13770210E+2	1.34443800E+2	-1.00886712E+0
2.01850863E+3	2.33681183E+2	5.11965575E-7	7.07645188E+1	-1.07371872E+2	1.28593687E+2	-9.88078302E-1
2.16438064E+3	2.17031776E+2	4.91577145E-7	6.98969748E+1	-1.01411423E+2	1.23166002E+2	-9.67327295E-1
2.32079442E+3	2.02146520E+2	4.71053336E-7	6.90392427E+1	-9.58625334E+1	1.18135695E+2	-9.46648121E-1
2.48851178E+3	1.88829232E+2	4.50611061E-7	6.81685943E+1	-9.06932514E+1	1.13455820E+2	-9.26247020E-1
2.66834962E+3	1.76902462E+2	4.30198576E-7	6.73148201E+1	-8.58887188E+1	1.09124503E+2	-9.06046098E-1
2.86118383E+3	1.66200384E+2	4.10145495E-7	6.64342426E+1	-8.14118399E+1	1.05078049E+2	-8.86359063E-1
3.06795364E+3	1.56574755E+2	3.90409834E-7	6.55539076E+1	-7.72448827E+1	1.01311830E+2	-8.67086249E-1
3.28966612E+3	1.47890525E+2	3.71163138E-7	6.46577529E+1	-7.33596877E+1	9.77868545E+1	-8.48364349E-1
3.52740116E+3	1.40053245E+2	3.52459881E-7	6.37490122E+1	-6.97446715E+1	9.44894485E+1	-8.30281430E-1
3.78231664E+3	1.32917776E+2	3.34353152E-7	6.28317348E+1	-6.63598328E+1	9.13862921E+1	-8.12700419E-1
4.05565415E+3	1.26437312E+2	3.16956377E-7	6.18919350E+1	-6.32047278E+1	8.84615711E+1	-7.95892002E-1
4.34874501E+3	1.20522269E+2	3.00228017E-7	6.09462383E+1	-6.02572392E+1	8.57051858E+1	-7.79713575E-1
4.66301673E+3	1.15074765E+2	2.84254955E-7	5.99822420E+1	-5.74854152E+1	8.30809386E+1	-7.64145923E-1
5.00000000E+3	1.10085548E+2	2.68969136E-7	5.90177007E+1	-5.48990591E+1	8.06039441E+1	-7.49259062E-1
5.36133611E+3	1.05448296E+2	2.54517241E-7	5.80224299E+1	-5.24572573E+1	7.82199865E+1	-7.35067891E-1
5.74878498E+3	1.01128705E+2	2.40727396E-7	5.70306111E+1	-5.01491893E+1	7.59436094E+1	-7.21281702E-1
6.16423370E+3	9.71025629E+1	2.27674781E-7	5.60257441E+1	-4.79724846E+1	7.37580051E+1	-7.08115882E-1
6.60970574E+3	9.33285319E+1	2.15290350E-7	5.50185929E+1	-4.59103353E+1	7.16575501E+1	-6.95397687E-1
7.08737081E+3	8.97898591E+1	2.03530048E-7	5.40160827E+1	-4.39586078E+1	6.96426337E+1	-6.83102675E-1
7.59955541E+3	8.64214543E+1	1.92385587E-7	5.30106259E+1	-4.20847819E+1	6.76849715E+1	-6.71006252E-1
8.14875417E+3	8.32421186E+1	1.81811828E-7	5.20118819E+1	-4.03031423E+1	6.57995380E+1	-6.59237193E-1
8.73764200E+3	8.02207450E+1	1.71742087E-7	5.10276280E+1	-3.85960551E+1	6.39802650E+1	-6.47569050E-1
9.36908711E+3	7.73485935E+1	1.62176555E-7	5.00541045E+1	-3.69621586E+1	6.22222996E+1	-6.36064225E-1
1.00461650E+4	7.46076797E+1	1.53053241E-7	4.90991103E+1	-3.53899426E+1	6.05241331E+1	-6.24540394E-1
1.07721735E+4	7.19935836E+1	1.44345790E-7	4.81651620E+1	-3.38777176E+1	5.88861835E+1	-6.12981179E-1
1.15506485E+4	6.94972637E+1	1.36039097E-7	4.72513725E+1	-3.24214256E+1	5.73048085E+1	-6.01368562E-1
1.23853818E+4	6.71104709E+1	1.28092062E-7	4.63626727E+1	-3.10148885E+1	5.57801109E+1	-5.89590330E-1
1.32804389E+4	6.48307095E+1	1.20480773E-7	4.55017103E+1	-2.96564068E+1	5.43130568E+1	-5.77614756E-1
1.42401793E+4	6.26522272E+1	1.13194820E-7	4.46673640E+1	-2.83431892E+1	5.29009435E+1	-5.65429504E-1
1.52692775E+4	6.05725479E+1	1.06217915E-7	4.38608384E+1	-2.70737764E+1	5.15437938E+1	-5.53018004E-1
1.63727458E+4	5.85959508E+1	9.95149697E-8	4.30901830E+1	-2.58485202E+1	5.02484840E+1	-5.40324126E-1
1.75559587E+4	5.67097888E+1	9.31143759E-8	4.23434859E+1	-2.46641290E+1	4.90029603E+1	-5.27435677E-1
1.88246790E+4	5.49225337E+1	8.69653409E-8	4.16344744E+1	-2.35210810E+1	4.78191468E+1	-5.14242904E-1
2.01850863E+4	5.32183781E+1	8.10773378E-8	4.09541299E+1	-2.24114150E+1	4.66852477E+1	-5.00715669E-1
2.16438064E+4	5.16047500E+1	7.54563864E-8	4.03032017E+1	-2.13421778E+1	4.56052261E+1	-4.86999785E-1
2.32079442E+4	5.00758070E+1	7.00836164E-8	3.96831204E+1	-2.03079832E+1	4.45776207E+1	-4.73006287E-1
2.48851178E+4	4.86248916E+1	6.49441093E-8	3.90937733E+1	-1.93030304E+1	4.35996607E+1	-4.58644976E-1
2.66834962E+4	4.72558328E+1	6.00648769E-8	3.85301734E+1	-1.83357875E+1	4.26705451E+1	-4.44167118E-1
2.86118383E+4	4.59679547E+1	5.54173819E-8	3.79986269E+1	-1.74018206E+1	4.17937690E+1	-4.29453044E-1
3.06795364E+4	4.47482697E+1	5.10204652E-8	3.74874652E+1	-1.64981554E+1	4.09572851E+1	-4.14588907E-1
3.28966612E+4	4.36035678E+1	4.68305060E-8	3.70104669E+1	-1.56209388E+1	4.01719853E+1	-3.99384713E-1
3.52740116E+4	4.25244163E+1	4.28813560E-8	3.65538407E+1	-1.47732009E+1	3.94262696E+1	-3.84078040E-1
3.78231664E+4	4.15098346E+1	3.91544743E-8	3.61209436E+1	-1.39517677E+1	3.87217561E+1	-3.68598304E-1
4.05565415E+4	4.05599040E+1	3.56441885E-8	3.57128546E+1	-1.31568216E+1	3.80592952E+1	-3.52976933E-1
4.34874501E+4	3.96690366E+1	3.23446541E-8	3.53269176E+1	-1.23852196E+1	3.74350743E+1	-3.37199216E-1
4.66301673E+4	3.88352651E+1	2.92573611E-8	3.49609109E+1	-1.16383392E+1	3.68472013E+1	-3.21356689E-1
5.00000000E+4	3.80528874E+1	2.63642123E-8	3.46144432E+1	-1.09096205E+1	3.62929678E+1	-3.05320368E-1
5.36133611E+4	3.73247702E+1	2.36693343E-8	3.42879843E+1	-1.02041783E+1	3.57741685E+1	-2.89255496E-1
5.74878498E+4	3.66440434E+1	2.11576383E-8	3.39792312E+1	-9.51568508E+0	3.52864906E+1	-2.73049646E-1
6.16423370E+4	3.60078011E+1	1.88253718E-8	3.36858864E+1	-8.84396664E+0	3.48274991E+1	-2.56747810E-1
6.60970574E+4	3.54169225E+1	1.66628261E-8	3.34100485E+1	-8.18839115E+0	3.43988532E+1	-2.40349983E-1
7.08737081E+4	3.48669764E+1	1.46601418E-8	3.31494202E+1	-7.54559372E+0	3.39973536E+1	-2.23810311E-1
7.59955541E+4	3.43576639E+1	1.28143012E-8	3.29034936E+1	-6.91717265E+0	3.36227181E+1	-2.07208721E-1
8.14875417E+4	3.38851370E+1	1.11110245E-8	3.26710980E+1	-6.29793493E+0	3.32725808E+1	-1.90431925E-1
8.73764200E+4	3.34463157E+1	9.54682009E-9	3.24491533E+1	-5.68832630E+0	3.29439619E+1	-1.73536430E-1
9.36908711E+4	3.30426790E+1	8.10891398E-9	3.22405705E+1	-5.08531406E+0	3.26391609E+1	-1.56441416E-1
1.00461650E+5	3.26701990E+1	6.79397893E-9	3.20412406E+1	-4.48916387E+0	3.23541915E+1	-1.39199715E-1
1.07721735E+5	3.23328864E+1	5.59126912E-9	3.18559429E+1	-3.89788074E+0	3.20935286E+1	-1.21754385E-1
1.15506485E+5	3.20235314E+1	4.49266286E-9	3.16781659E+1	-3.30764834E+0	3.18503806E+1	-1.04037146E-1
1.23853818E+5	3.17438759E+1	3.49082597E-9	3.15095623E+1	-2.71718862E+0	3.16265021E+1	-8.60209748E-2
1.32804389E+5	3.14942216E+1	2.57639682E-9	3.13504926E+1	-2.12265969E+0	3.14222749E+1	-6.76041832E-2
1.42401793E+5	3.12708687E+1	1.75017767E-9	3.11960626E+1	-1.52762645E+0	3.12334432E+1	-4.89294825E-2
1.52692775E+5	3.10797429E+1	9.99735462E-10	3.10521486E+1	-9.25662297E-1	3.10659427E+1	-2.98011004E-2
1.63727458E+5	3.09147821E+1	3.22898292E-10	3.09115220E+1	-3.17434070E-1	3.09131520E+1	-1.02687592E-2
1.75559587E+5	3.07794606E+1	-2.89863507E-10	3.07764794E+1	3.02884989E-1	3.07779700E+1	9.84112764E-3
1.88246790E+5	3.06880795E+1	-7.96307376E-10	3.06555148E+1	8.86018831E-1	3.06717898E+1	2.88918718E-2
2.01850863E+5	3.06041486E+1	-1.33527880E-9	3.05221621E+1	1.58189629E+0	3.05631279E+1	5.17814631E-2
2.16438064E+5	3.05668765E+1	-1.77716330E-9	3.04009666E+1	2.24584238E+0	3.04838087E+1	7.37400992E-2
2.32079442E+5	3.05646040E+1	-2.17140973E-9	3.02809915E+1	2.93053719E+0	3.04224673E+1	9.64776508E-2
2.48851178E+5	3.06030736E+1	-2.52158737E-9	3.01639306E+1	3.63954025E+0	3.03827087E+1	1.20078215E-1
2.66834962E+5	3.06841015E+1	-2.82967300E-9	3.00473722E+1	4.37400113E+0	3.03640678E+1	1.44554776E-1
2.86118383E+5	3.08101752E+1	-3.09691394E-9	2.99295360E+1	5.13391715E+0	3.03666634E+1	1.69880185E-1
3.06795364E+5	3.09878652E+1	-3.32778958E-9	2.98099498E+1	5.92566993E+0	3.03932016E+1	1.96223747E-1
3.28966612E+5	3.12273340E+1	-3.52413932E-9	2.96910684E+1	6.75375662E+0	3.04495140E+1	2.23661923E-1
3.52740116E+5	3.15336718E+1	-3.69083303E-9	2.95663879E+1	7.62661881E+0	3.05341901E+1	2.52445879E-1
3.78231664E+5	3.19095249E+1	-3.82393371E-9	2.94344189E+1	8.53540106E+0	3.06469950E+1	2.82239206E-1
4.05565415E+5	3.23581173E+1	-3.92452033E-9	2.92908246E+1	9.47855545E+0	3.07862938E+1	3.12966470E-1
4.34874501E+5	3.29400986E+1	-3.99925387E-9	2.91616919E+1	1.04968672E+1	3.09933694E+1	3.45515038E-1
4.66301673E+5	3.36121821E+1	-4.04517763E-9	2.90086607E+1	1.15560162E+1	3.12256997E+1	3.79095671E-1
NaN	NaN	NaN	NaN	NaN	NaN	NaN
