Start time:20240906_14-44-59	sweep/start:500.000	sweep/stop:500000.000	sweep/samplecount:100.000	sweep/xmapping:1.000	sweep/scan:0.000	sweep/averaging/sample:10.000	sweep/settling/time:0.100	sweep/settling/inaccuracy:0.010	sweep/awgcontrol:0.000	sweep/averaging/time:0.100	sweep/averaging/tc:15.000	sweep/bandwidthcontrol:2.000	sweep/sincfilter:0.000	sweep/omegasuppression:80.000	sweep/maxbandwidth:100.000	sweep/bandwidth:1250000.000	sweep/order:8.000	sweep/bandwidthoverlap:1.000																				
Frequency	Param0		Param1		RealZ		ImagZ		AbsZ		PhaseZ		
5.00000000E+2	1.42557546E+3	7.34887083E-7	1.20481569E+2	-3.96534547E+2	4.14433909E+2	-1.27582377E+0
5.36133611E+2	1.28971082E+3	7.24757880E-7	1.18163558E+2	-3.72067396E+2	3.90380299E+2	-1.26328429E+0
5.74878498E+2	1.16670355E+3	7.14232424E-7	1.15978429E+2	-3.49086537E+2	3.67848352E+2	-1.25003547E+0
6.16423370E+2	1.05650926E+3	7.03072655E-7	1.13886695E+2	-3.27646359E+2	3.46875077E+2	-1.23626985E+0
6.60970574E+2	9.57416983E+2	6.91246681E-7	1.11922762E+2	-3.07619920E+2	3.27348016E+2	-1.22185027E+0
7.08737081E+2	8.68766806E+2	6.78696742E-7	1.10050385E+2	-2.88958492E+2	3.09205596E+2	-1.20690514E+0
7.59955541E+2	7.89060520E+2	6.65509127E-7	1.08278763E+2	-2.71503549E+2	2.92298600E+2	-1.19131486E+0
8.14875417E+2	7.18132670E+2	6.51616227E-7	1.06542999E+2	-2.55265691E+2	2.76608003E+2	-1.17539685E+0
8.73764200E+2	6.54520295E+2	6.37056583E-7	1.04887194E+2	-2.40103023E+2	2.62012952E+2	-1.15893792E+0
9.36908711E+2	5.97656553E+2	6.21790732E-7	1.03298796E+2	-2.25979095E+2	2.48469705E+2	-1.14204002E+0
1.00461650E+3	5.46931242E+2	6.05972213E-7	1.01725450E+2	-2.12811541E+2	2.35874586E+2	-1.12489724E+0
1.07721735E+3	5.01519233E+2	5.89527462E-7	1.00213406E+2	-2.00539810E+2	2.24185066E+2	-1.10737413E+0
1.15506485E+3	4.61084305E+2	5.72557403E-7	9.87144774E+1	-1.89132610E+2	2.13344072E+2	-1.08975698E+0
1.23853818E+3	4.24909455E+2	5.55183553E-7	9.72307698E+1	-1.78494952E+2	2.03259123E+2	-1.07201158E+0
1.32804389E+3	3.92604426E+2	5.37430246E-7	9.57609336E+1	-1.68600141E+2	1.93897304E+2	-1.05425634E+0
1.42401793E+3	3.63698634E+2	5.19391462E-7	9.43032334E+1	-1.59389006E+2	1.85197072E+2	-1.03653577E+0
1.52692775E+3	3.37826874E+2	5.01225398E-7	9.28332497E+1	-1.50809659E+2	1.77091970E+2	-1.01901003E+0
1.63727458E+3	3.14634420E+2	4.82984982E-7	9.13600594E+1	-1.42822819E+2	1.69543559E+2	-1.00171436E+0
1.75559587E+3	2.93804514E+2	4.64747379E-7	8.98867109E+1	-1.35386482E+2	1.62508833E+2	-9.84692970E-1
1.88246790E+3	2.75092503E+2	4.46701575E-7	8.83816630E+1	-1.28459385E+2	1.55926689E+2	-9.68161054E-1
2.01850863E+3	2.58218089E+2	4.28860018E-7	8.68678830E+1	-1.22003398E+2	1.49769351E+2	-9.52054032E-1
2.16438064E+3	2.42962180E+2	4.11355118E-7	8.53306327E+1	-1.15977579E+2	1.43986513E+2	-9.36477049E-1
2.32079442E+3	2.29157638E+2	3.94239671E-7	8.37720273E+1	-1.10359624E+2	1.38553237E+2	-9.21507898E-1
2.48851178E+3	2.16580004E+2	3.77605754E-7	8.21894041E+1	-1.05097492E+2	1.33418818E+2	-9.07109076E-1
2.66834962E+3	2.05111556E+2	3.61448864E-7	8.05949793E+1	-1.00176895E+2	1.28572786E+2	-8.93301338E-1
2.86118383E+3	1.94598995E+2	3.45863381E-7	7.89768080E+1	-9.55587297E+1	1.23970993E+2	-8.80119850E-1
3.06795364E+3	1.84945383E+2	3.30850910E-7	7.73421608E+1	-9.12264501E+1	1.19599646E+2	-8.67578463E-1
3.28966612E+3	1.76006767E+2	3.16442599E-7	7.56922869E+1	-8.71380064E+1	1.15422505E+2	-8.55575055E-1
3.52740116E+3	1.67725695E+2	3.02632616E-7	7.40311226E+1	-8.32845372E+1	1.11431240E+2	-8.44151152E-1
3.78231664E+3	1.60003892E+2	2.89412005E-7	7.23648751E+1	-7.96365888E+1	1.07604189E+2	-8.33201478E-1
4.05565415E+3	1.52801083E+2	2.76798043E-7	7.06885445E+1	-7.61867141E+1	1.03929235E+2	-8.22814971E-1
4.34874501E+3	1.46011957E+2	2.64667383E-7	6.90371872E+1	-7.28980209E+1	1.00400472E+2	-8.12592839E-1
4.66301673E+3	1.39599646E+2	2.53133928E-7	6.73768945E+1	-6.97577559E+1	9.69834548E+1	-8.02757904E-1
5.00000000E+3	1.33561204E+2	2.41982185E-7	6.57637212E+1	-6.67728563E+1	9.37202302E+1	-7.93012028E-1
5.36133611E+3	1.27820256E+2	2.31443119E-7	6.41313271E+1	-6.39097447E+1	9.05388459E+1	-7.83667607E-1
5.74878498E+3	1.22366263E+2	2.21271680E-7	6.25433142E+1	-6.11680093E+1	8.74825216E+1	-7.74281574E-1
6.16423370E+3	1.17174428E+2	2.11507527E-7	6.09847522E+1	-5.85381356E+1	8.45331496E+1	-7.64931162E-1
6.60970574E+3	1.12207719E+2	2.02084287E-7	5.94692825E+1	-5.60028291E+1	8.16878967E+1	-7.55387342E-1
7.08737081E+3	1.07474469E+2	1.93011086E-7	5.79906533E+1	-5.35686351E+1	7.89462767E+1	-7.45780624E-1
7.59955541E+3	1.02943145E+2	1.84241156E-7	5.65568618E+1	-5.12197469E+1	7.63029564E+1	-7.35918425E-1
8.14875417E+3	9.86112404E+1	1.75768295E-7	5.51656990E+1	-4.89561392E+1	7.37560707E+1	-7.25831279E-1
8.73764200E+3	9.44832445E+1	1.67538058E-7	5.38292563E+1	-4.67800583E+1	7.13159361E+1	-7.15447420E-1
9.36908711E+3	9.05301474E+1	1.59549130E-7	5.25426038E+1	-4.46762175E+1	6.89687585E+1	-7.04659825E-1
1.00461650E+4	8.67633996E+1	1.51786383E-7	5.13079131E+1	-4.26514590E+1	6.67206785E+1	-6.93527751E-1
1.07721735E+4	8.31680117E+1	1.44223754E-7	5.01283288E+1	-4.06967326E+1	6.45683623E+1	-6.81925490E-1
1.15506485E+4	7.97472489E+1	1.36870334E-7	4.89994620E+1	-3.88152673E+1	6.25105773E+1	-6.69940301E-1
1.23853818E+4	7.64895076E+1	1.29707898E-7	4.79229191E+1	-3.69999214E+1	6.05442023E+1	-6.57477898E-1
1.32804389E+4	7.33926277E+1	1.22742189E-7	4.68951272E+1	-3.52505834E+1	5.86664862E+1	-6.44581631E-1
1.42401793E+4	7.04599711E+1	1.15954190E-7	4.59208729E+1	-3.35686869E+1	5.68821884E+1	-6.31237314E-1
1.52692775E+4	6.76803125E+1	1.09356777E-7	4.49938768E+1	-3.19491838E+1	5.51833265E+1	-6.17458083E-1
1.63727458E+4	6.50512660E+1	1.02941325E-7	4.41156254E+1	-3.03906003E+1	5.35703014E+1	-6.03227343E-1
1.75559587E+4	6.25691713E+1	9.67046855E-8	4.32861939E+1	-2.88909418E+1	5.20421101E+1	-5.88537880E-1
1.88246790E+4	6.02322167E+1	9.06771008E-8	4.24972980E+1	-2.74533422E+1	5.05935413E+1	-5.73559584E-1
2.01850863E+4	5.80268962E+1	8.48204594E-8	4.17563159E+1	-2.60652917E+1	4.92238701E+1	-5.58041058E-1
2.16438064E+4	5.59594072E+1	7.91804892E-8	4.10534652E+1	-2.47374319E+1	4.79304451E+1	-5.42304300E-1
2.32079442E+4	5.40111471E+1	7.37296831E-8	4.03912950E+1	-2.34547098E+1	4.67073887E+1	-5.26097897E-1
2.48851178E+4	5.21844405E+1	6.84953311E-8	3.97640777E+1	-2.22234992E+1	4.55528930E+1	-5.09638183E-1
2.66834962E+4	5.04776846E+1	6.34738062E-8	3.91737753E+1	-2.10432094E+1	4.44679822E+1	-4.92944197E-1
2.86118383E+4	4.88792600E+1	5.86681699E-8	3.86162314E+1	-1.99077715E+1	4.34457453E+1	-4.75993169E-1
3.06795364E+4	4.73861681E+1	5.40737105E-8	3.80927549E+1	-1.88151982E+1	4.24861117E+1	-4.58780752E-1
3.28966612E+4	4.59935210E+1	4.97008504E-8	3.75995575E+1	-1.77653962E+1	4.15852863E+1	-4.41398005E-1
3.52740116E+4	4.46953017E+1	4.55519170E-8	3.71342649E+1	-1.67562983E+1	4.07397493E+1	-4.23880886E-1
3.78231664E+4	4.34861352E+1	4.16182898E-8	3.66975053E+1	-1.57837185E+1	3.99478745E+1	-4.06185246E-1
4.05565415E+4	4.23601090E+1	3.79094310E-8	3.62842413E+1	-1.48478360E+1	3.92046479E+1	-3.88419825E-1
4.34874501E+4	4.13178959E+1	3.44150002E-8	3.58986624E+1	-1.39478752E+1	3.85130782E+1	-3.70583570E-1
4.66301673E+4	4.03486669E+1	3.11331404E-8	3.55352124E+1	-1.30784981E+1	3.78655311E+1	-3.52657773E-1
5.00000000E+4	3.94500054E+1	2.80650604E-8	3.51923180E+1	-1.22408280E+1	3.72603963E+1	-3.34737385E-1
5.36133611E+4	3.86170961E+1	2.51964370E-8	3.48707757E+1	-1.14296584E+1	3.66961591E+1	-3.16736890E-1
5.74878498E+4	3.78459246E+1	2.25236042E-8	3.45686810E+1	-1.06437765E+1	3.61702045E+1	-2.98690753E-1
6.16423370E+4	3.71320742E+1	2.00485732E-8	3.42820404E+1	-9.88458185E+0	3.56786107E+1	-2.80717395E-1
6.60970574E+4	3.64731401E+1	1.77552563E-8	3.40129507E+1	-9.14758392E+0	3.52215717E+1	-2.62727459E-1
7.08737081E+4	3.58642111E+1	1.56352781E-8	3.37591924E+1	-8.42992999E+0	3.47957871E+1	-2.44703528E-1
7.59955541E+4	3.53042711E+1	1.36795743E-8	3.35216416E+1	-7.73024309E+0	3.44014116E+1	-2.26642491E-1
8.14875417E+4	3.47878803E+1	1.18844779E-8	3.32959460E+1	-7.04807487E+0	3.40337389E+1	-2.08600377E-1
8.73764200E+4	3.43130873E+1	1.02341540E-8	3.30834346E+1	-6.37817505E+0	3.36926517E+1	-1.90453929E-1
9.36908711E+4	3.38778416E+1	8.72317008E-9	3.28826615E+1	-5.72050265E+0	3.33765426E+1	-1.72243321E-1
1.00461650E+5	3.34832391E+1	7.34899676E-9	3.26944771E+1	-5.07820351E+0	3.30865077E+1	-1.54091682E-1
1.07721735E+5	3.31198945E+1	6.08892052E-9	3.25141389E+1	-4.43797350E+0	3.28156190E+1	-1.35655353E-1
1.15506485E+5	3.27906553E+1	4.94191961E-9	3.23433040E+1	-3.80378863E+0	3.25662116E+1	-1.17068919E-1
1.23853818E+5	3.24941032E+1	3.90254146E-9	3.21807179E+1	-3.17568254E+0	3.23370309E+1	-9.83642990E-2
1.32804389E+5	3.22277098E+1	2.95819632E-9	3.20250333E+1	-2.54764135E+0	3.21262117E+1	-7.93843748E-2
1.42401793E+5	3.19948878E+1	2.10102586E-9	3.18795615E+1	-1.91743038E+0	3.19371726E+1	-6.00737046E-2
1.52692775E+5	3.17899320E+1	1.32907272E-9	3.17377821E+1	-1.28651019E+0	3.17638464E+1	-4.05134266E-2
1.63727458E+5	3.16159384E+1	6.31712180E-10	3.16025976E+1	-6.49306003E-1	3.16092673E+1	-2.05430808E-2
1.75559587E+5	3.14727627E+1	4.66533107E-12	3.14727616E+1	-5.09738885E-3	3.14727621E+1	-1.61963565E-4
1.88246790E+5	3.13656869E+1	-5.68544722E-10	3.13442150E+1	6.61048169E-1	3.13549473E+1	2.10855351E-2
2.01850863E+5	3.12809353E+1	-1.06699724E-9	3.12249837E+1	1.32176936E+0	3.12529470E+1	4.23052514E-2
2.16438064E+5	3.12341110E+1	-1.51942420E-9	3.11045516E+1	2.00745417E+0	3.11692640E+1	6.44495354E-2
2.32079442E+5	3.12246013E+1	-1.92151709E-9	3.09874084E+1	2.71108353E+0	3.11057788E+1	8.72676378E-2
2.48851178E+5	3.12556728E+1	-2.27827855E-9	3.08729452E+1	3.43742518E+0	3.10637195E+1	1.10884325E-1
2.66834962E+5	3.13291490E+1	-2.59098864E-9	3.07594378E+1	4.18615277E+0	3.10429864E+1	1.35262280E-1
2.86118383E+5	3.14434092E+1	-2.86631628E-9	3.06390771E+1	4.96426385E+0	3.10386378E+1	1.60628084E-1
3.06795364E+5	3.16143005E+1	-3.10306217E-9	3.05227849E+1	5.77200593E+0	3.10637488E+1	1.86897837E-1
3.28966612E+5	3.18394954E+1	-3.30384103E-9	3.04022191E+1	6.61031462E+0	3.11125587E+1	2.14096403E-1
3.52740116E+5	3.21316751E+1	-3.47449308E-9	3.02779473E+1	7.49179324E+0	3.11910429E+1	2.42562175E-1
3.78231664E+5	3.25028088E+1	-3.61406742E-9	3.01529534E+1	8.41752992E+0	3.13058406E+1	2.72230569E-1
4.05565415E+5	3.29508955E+1	-3.72572792E-9	3.00135373E+1	9.38936995E+0	3.14479397E+1	3.03192493E-1
4.34874501E+5	3.34924241E+1	-3.80669163E-9	2.98676744E+1	1.04049295E+1	3.16281645E+1	3.35219900E-1
4.66301673E+5	3.41420577E+1	-3.86072666E-9	2.97108078E+1	1.14741231E+1	3.18494591E+1	3.68548001E-1
5.00000000E+5	3.49220961E+1	-3.88856175E-9	2.95448342E+1	1.26043521E+1	3.21211370E+1	4.03240135E-1
