Start time:20240907_05-48-41	sweep/start:500.000	sweep/stop:500000.000	sweep/samplecount:100.000	sweep/xmapping:1.000	sweep/scan:0.000	sweep/averaging/sample:10.000	sweep/settling/time:0.100	sweep/settling/inaccuracy:0.010	sweep/awgcontrol:0.000	sweep/averaging/time:0.100	sweep/averaging/tc:15.000	sweep/bandwidthcontrol:2.000	sweep/sincfilter:0.000	sweep/omegasuppression:80.000	sweep/maxbandwidth:100.000	sweep/bandwidth:1250000.000	sweep/order:8.000	sweep/bandwidthoverlap:1.000																				
Frequency	Param0		Param1		RealZ		ImagZ		AbsZ		PhaseZ		
5.00000000E+2	1.41499407E+3	7.43933989E-7	1.18543673E+2	-3.92027895E+2	4.09558888E+2	-1.27715216E+0
5.36133611E+2	1.27982202E+3	7.33963828E-7	1.16212560E+2	-3.67730877E+2	3.85657050E+2	-1.26470229E+0
5.74878498E+2	1.15795408E+3	7.23336847E-7	1.14047576E+2	-3.45043411E+2	3.63403095E+2	-1.25156992E+0
6.16423370E+2	1.04813381E+3	7.12108748E-7	1.12017522E+2	-3.23823047E+2	3.42650401E+2	-1.23775907E+0
6.60970574E+2	9.50096946E+2	7.00190771E-7	1.10054738E+2	-3.04056827E+2	3.23361420E+2	-1.22351155E+0
7.08737081E+2	8.62072247E+2	6.87570214E-7	1.08204189E+2	-2.85607475E+2	3.05417391E+2	-1.20864908E+0
7.59955541E+2	7.83001914E+2	6.74321528E-7	1.06441489E+2	-2.68354360E+2	2.88693363E+2	-1.19318528E+0
8.14875417E+2	7.12342383E+2	6.60366151E-7	1.04743636E+2	-2.52273811E+2	2.73154369E+2	-1.17725709E+0
8.73764200E+2	6.49174366E+2	6.45710387E-7	1.03109327E+2	-2.37285443E+2	2.58719766E+2	-1.16087548E+0
9.36908711E+2	5.92703189E+2	6.30426942E-7	1.01518758E+2	-2.23303438E+2	2.45296729E+2	-1.14410502E+0
1.00461650E+3	5.42316491E+2	6.14446444E-7	9.99810604E+1	-2.10297786E+2	2.32854831E+2	-1.12700037E+0
1.07721735E+3	4.97125539E+2	5.97908021E-7	9.84930205E+1	-1.98147706E+2	2.21276727E+2	-1.10949652E+0
1.15506485E+3	4.56818038E+2	5.80876586E-7	9.70148714E+1	-1.86832155E+2	2.10518741E+2	-1.09185799E+0
1.23853818E+3	4.20869670E+2	5.63367582E-7	9.55537676E+1	-1.76309834E+2	2.00538477E+2	-1.07414290E+0
1.32804389E+3	3.88699024E+2	5.45440446E-7	9.41222568E+1	-1.66511946E+2	1.91272653E+2	-1.05631402E+0
1.42401793E+3	3.59962633E+2	5.27232392E-7	9.26918952E+1	-1.57397046E+2	1.82662579E+2	-1.03857491E+0
1.52692775E+3	3.34222490E+2	5.08863831E-7	9.12580995E+1	-1.48904221E+2	1.74643947E+2	-1.02097135E+0
1.63727458E+3	3.11179636E+2	4.90409049E-7	8.98175475E+1	-1.41004251E+2	1.67180713E+2	-1.00362520E+0
1.75559587E+3	2.90485870E+2	4.71980122E-7	8.83684835E+1	-1.33644327E+2	1.60217962E+2	-9.86573028E-1
1.88246790E+3	2.71894305E+2	4.53677894E-7	8.69038442E+1	-1.26792669E+2	1.53716165E+2	-9.69935577E-1
2.01850863E+3	2.55149996E+2	4.35603921E-7	8.54204432E+1	-1.20409189E+2	1.47631383E+2	-9.53777500E-1
2.16438064E+3	2.40011359E+2	4.17855793E-7	8.39162207E+1	-1.14450486E+2	1.41918448E+2	-9.38127811E-1
2.32079442E+3	2.26308208E+2	4.00504591E-7	8.23891032E+1	-1.08891530E+2	1.36547903E+2	-9.23074240E-1
2.48851178E+3	2.13836551E+2	3.83607677E-7	8.08442241E+1	-1.03690216E+2	1.31481747E+2	-9.08574802E-1
2.66834962E+3	2.02467906E+2	3.67228855E-7	7.92770291E+1	-9.88241168E+1	1.26692753E+2	-8.94713373E-1
2.86118383E+3	1.92051213E+2	3.51414987E-7	7.76886915E+1	-9.42585481E+1	1.22148299E+2	-8.81467455E-1
3.06795364E+3	1.82483021E+2	3.36179855E-7	7.60838644E+1	-8.99736534E+1	1.17830442E+2	-8.68848351E-1
3.28966612E+3	1.73646514E+2	3.21555453E-7	7.44621859E+1	-8.59388242E+1	1.13710592E+2	-8.56826106E-1
3.52740116E+3	1.65442266E+2	3.07542426E-7	7.28286626E+1	-8.21274905E+1	1.09767659E+2	-8.45335700E-1
3.78231664E+3	1.57801231E+2	2.94117160E-7	7.11916391E+1	-7.85231086E+1	1.05991170E+2	-8.34328665E-1
4.05565415E+3	1.50660971E+2	2.81292647E-7	6.95485019E+1	-7.51082557E+1	1.02363297E+2	-8.23813366E-1
4.34874501E+3	1.43932870E+2	2.69007600E-7	6.79160977E+1	-7.18523647E+1	9.88704139E+1	-8.13553488E-1
4.66301673E+3	1.37597900E+2	2.57279195E-7	6.62870725E+1	-6.87530779E+1	9.55037268E+1	-8.03657407E-1
5.00000000E+3	1.31622513E+2	2.45987558E-7	6.46910290E+1	-6.58017180E+1	9.22756499E+1	-7.93909457E-1
5.36133611E+3	1.25938183E+2	2.35262863E-7	6.30903474E+1	-6.29689737E+1	8.91374424E+1	-7.84435333E-1
5.74878498E+3	1.20539102E+2	2.24941316E-7	6.15248572E+1	-6.02564760E+1	8.61170773E+1	-7.74983303E-1
6.16423370E+3	1.15377381E+2	2.15012350E-7	5.99930420E+1	-5.76426478E+1	8.31975961E+1	-7.65420540E-1
6.60970574E+3	1.10462207E+2	2.05435780E-7	5.85017828E+1	-5.51341759E+1	8.03880338E+1	-7.55771789E-1
7.08737081E+3	1.05770287E+2	1.96194137E-7	5.70514954E+1	-5.27207716E+1	7.76810980E+1	-7.45966715E-1
7.59955541E+3	1.01284694E+2	1.87276755E-7	5.56406743E+1	-5.03950787E+1	7.50702914E+1	-7.35968395E-1
8.14875417E+3	9.69971727E+1	1.78617398E-7	5.42830174E+1	-4.81523951E+1	7.25623813E+1	-7.25620804E-1
8.73764200E+3	9.28971201E+1	1.70229731E-7	5.29707578E+1	-4.59883635E+1	7.01486337E+1	-7.14956538E-1
9.36908711E+3	8.89944342E+1	1.62082680E-7	5.17099912E+1	-4.39087481E+1	6.78373156E+1	-7.03991504E-1
1.00461650E+4	8.52580380E+1	1.54145168E-7	5.05034613E+1	-4.18954215E+1	6.56187930E+1	-6.92504558E-1
1.07721735E+4	8.17115702E+1	1.46410805E-7	4.93528195E+1	-3.99624267E+1	6.35035146E+1	-6.80645387E-1
1.15506485E+4	7.83299139E+1	1.38889665E-7	4.82504966E+1	-3.80965456E+1	6.14772904E+1	-6.68341104E-1
1.23853818E+4	7.51170591E+1	1.31553765E-7	4.72026417E+1	-3.62992309E+1	5.95459789E+1	-6.55555944E-1
1.32804389E+4	7.20669939E+1	1.24414422E-7	4.62040137E+1	-3.45683882E+1	5.77042838E+1	-6.42327926E-1
1.42401793E+4	6.91816020E+1	1.17466924E-7	4.52554097E+1	-3.29057681E+1	5.59539250E+1	-6.28691391E-1
1.52692775E+4	6.64465298E+1	1.10702453E-7	4.43559261E+1	-3.13025352E+1	5.42890156E+1	-6.14549632E-1
1.63727458E+4	6.38656090E+1	1.04116822E-7	4.35073271E+1	-2.97612851E+1	5.27126344E+1	-5.99942405E-1
1.75559587E+4	6.14320295E+1	9.77302059E-8	4.27030199E+1	-2.82804718E+1	5.12184842E+1	-5.84945139E-1
1.88246790E+4	5.91422907E+1	9.15600513E-8	4.19381618E+1	-2.68609268E+1	4.98028002E+1	-5.69659942E-1
2.01850863E+4	5.69835452E+1	8.55633189E-8	4.12213324E+1	-2.54899851E+1	4.84658399E+1	-5.53816582E-1
2.16438064E+4	5.49586872E+1	7.97831822E-8	4.05429274E+1	-2.41755471E+1	4.72036657E+1	-5.37690822E-1
2.32079442E+4	5.30620865E+1	7.42149229E-8	3.99038197E+1	-2.29142976E+1	4.60149966E+1	-5.21261583E-1
2.48851178E+4	5.12856108E+1	6.88710744E-8	3.92992307E+1	-2.17038057E+1	4.48941530E+1	-5.04584739E-1
2.66834962E+4	4.96198191E+1	6.37425994E-8	3.87291761E+1	-2.05374165E+1	4.38375943E+1	-4.87579330E-1
2.86118383E+4	4.80654327E+1	5.88446123E-8	3.81913712E+1	-1.94191586E+1	4.28448916E+1	-4.70400460E-1
3.06795364E+4	4.66204687E+1	5.41548560E-8	3.76927042E+1	-1.83442514E+1	4.19195841E+1	-4.52934211E-1
3.28966612E+4	4.52704939E+1	4.97121108E-8	3.72173765E+1	-1.73123046E+1	4.10469124E+1	-4.35395175E-1
3.52740116E+4	4.40120380E+1	4.54961163E-8	3.67700850E+1	-1.63183091E+1	4.02284275E+1	-4.17680271E-1
3.78231664E+4	4.28432493E+1	4.15120194E-8	3.63496145E+1	-1.53636292E+1	3.94630915E+1	-3.99889339E-1
4.05565415E+4	4.17584918E+1	3.77550012E-8	3.59551142E+1	-1.44451063E+1	3.87483076E+1	-3.82017421E-1
4.34874501E+4	4.07530911E+1	3.42268058E-8	3.55841862E+1	-1.35621260E+1	3.80810396E+1	-3.64132217E-1
4.66301673E+4	3.98170592E+1	3.09182575E-8	3.52333595E+1	-1.27082305E+1	3.74551566E+1	-3.46164024E-1
5.00000000E+4	3.89502126E+1	2.78268501E-8	3.49033820E+1	-1.18847830E+1	3.68713188E+1	-3.28191288E-1
5.36133611E+4	3.81492421E+1	2.49456720E-8	3.45940023E+1	-1.10900840E+1	3.63281567E+1	-3.10227374E-1
5.74878498E+4	3.74093166E+1	2.22664078E-8	3.43039302E+1	-1.03211892E+1	3.58229896E+1	-2.92259200E-1
6.16423370E+4	3.67270438E+1	1.97829241E-8	3.40320431E+1	-9.57686659E+0	3.53538730E+1	-2.74313249E-1
6.60970574E+4	3.60922272E+1	1.74881201E-8	3.37716805E+1	-8.85261287E+0	3.49126792E+1	-2.56363322E-1
7.08737081E+4	3.55086485E+1	1.53723635E-8	3.35276558E+1	-8.14972578E+0	3.45039381E+1	-2.38450214E-1
7.59955541E+4	3.49718037E+1	1.34212836E-8	3.32991958E+1	-7.46300760E+0	3.41252537E+1	-2.20476454E-1
8.14875417E+4	3.44772290E+1	1.16326337E-8	3.30822793E+1	-6.79323926E+0	3.37725528E+1	-2.02528461E-1
8.73764200E+4	3.40235898E+1	9.99207295E-9	3.28782649E+1	-6.13647168E+0	3.34460251E+1	-1.84519153E-1
9.36908711E+4	3.36095878E+1	8.49311897E-9	3.26866224E+1	-5.49259526E+0	3.31448926E+1	-1.66482664E-1
1.00461650E+5	3.32327130E+1	7.12684474E-9	3.25061845E+1	-4.85969771E+0	3.28674413E+1	-1.48401611E-1
1.07721735E+5	3.28835658E+1	5.88094678E-9	3.23296799E+1	-4.23166004E+0	3.26054467E+1	-1.30150970E-1
1.15506485E+5	3.25715984E+1	4.74713207E-9	3.21665398E+1	-3.60961559E+0	3.23684355E+1	-1.11748970E-1
1.23853818E+5	3.22893468E+1	3.71987106E-9	3.20096842E+1	-2.99197383E+0	3.21492114E+1	-9.32001014E-2
1.32804389E+5	3.20364087E+1	2.78605640E-9	3.18596779E+1	-2.37283441E+0	3.19479211E+1	-7.43404018E-2
1.42401793E+5	3.18152611E+1	1.94216179E-9	3.17183121E+1	-1.75358292E+0	3.17667496E+1	-5.52299098E-2
1.52692775E+5	3.16227902E+1	1.18069817E-9	3.15822654E+1	-1.13130752E+0	3.16025213E+1	-3.58056666E-2
1.63727458E+5	3.14590014E+1	4.94331392E-10	3.14509515E+1	-5.03150815E-1	3.14549762E+1	-1.59965896E-2
1.75559587E+5	3.13249336E+1	-1.23943082E-10	3.13243587E+1	1.34152385E-1	3.13246462E+1	4.28266280E-3
1.88246790E+5	3.12279246E+1	-6.71255880E-10	3.12019803E+1	7.73392748E-1	3.12149476E+1	2.47823082E-2
2.01850863E+5	3.11501607E+1	-1.17459091E-9	3.10832273E+1	1.44239262E+0	3.11166760E+1	4.63709460E-2
2.16438064E+5	3.11120536E+1	-1.61885736E-9	3.09667759E+1	2.12102963E+0	3.10393298E+1	6.83869105E-2
2.32079442E+5	3.11098213E+1	-2.01204923E-9	3.08527811E+1	2.81609321E+0	3.09810346E+1	9.10229595E-2
2.48851178E+5	3.11468993E+1	-2.36050962E-9	3.07406486E+1	3.53389162E+0	3.09431072E+1	1.14455829E-1
2.66834962E+5	3.12255470E+1	-2.66864123E-9	3.06277351E+1	4.27895457E+0	3.09251965E+1	1.38810024E-1
2.86118383E+5	3.13490499E+1	-2.93540358E-9	3.05139570E+1	5.04796453E+0	3.09286851E+1	1.63946499E-1
3.06795364E+5	3.15236075E+1	-3.16687456E-9	3.03978770E+1	5.84976766E+0	3.09556253E+1	1.90115892E-1
3.28966612E+5	3.17568305E+1	-3.36369135E-9	3.02806590E+1	6.68575107E+0	3.10099621E+1	2.17306380E-1
3.52740116E+5	3.20459369E+1	-3.52929227E-9	3.01514192E+1	7.55793085E+0	3.10842480E+1	2.45605268E-1
3.78231664E+5	3.24218732E+1	-3.66216301E-9	3.00307896E+1	8.47384151E+0	3.12034364E+1	2.75021421E-1
4.05565415E+5	3.28895616E+1	-3.76554386E-9	2.99104944E+1	9.43952081E+0	3.13646772E+1	3.05699588E-1
4.34874501E+5	3.34170261E+1	-3.84768441E-9	2.97455210E+1	1.04503747E+1	3.15278733E+1	3.37855799E-1
4.66301673E+5	3.40733877E+1	-3.89493414E-9	2.95983832E+1	1.15087902E+1	3.17571582E+1	3.70841669E-1
5.00000000E+5	3.48594708E+1	-3.92448298E-9	2.94242972E+1	1.26461642E+1	3.20267907E+1	4.05917875E-1
