Start time:20240904_21-05-38	sweep/start:500.000	sweep/stop:500000.000	sweep/samplecount:100.000	sweep/xmapping:1.000	sweep/scan:0.000	sweep/averaging/sample:10.000	sweep/settling/time:0.100	sweep/settling/inaccuracy:0.010	sweep/awgcontrol:0.000	sweep/averaging/time:0.100	sweep/averaging/tc:15.000	sweep/bandwidthcontrol:2.000	sweep/sincfilter:0.000	sweep/omegasuppression:80.000	sweep/maxbandwidth:100.000	sweep/bandwidth:1250000.000	sweep/order:8.000	sweep/bandwidthoverlap:1.000																				
Frequency	Param0		Param1		RealZ		ImagZ		AbsZ		PhaseZ		
5.00000000E+2	1.19229420E+3	7.75351726E-7	1.26374766E+2	-3.67022164E+2	3.88169880E+2	-1.23918645E+0
5.36133611E+2	1.07955411E+3	7.62787033E-7	1.24159944E+2	-3.44414911E+2	3.66111088E+2	-1.22480239E+0
5.74878498E+2	9.77920506E+2	7.49293658E-7	1.22160066E+2	-3.23326023E+2	3.45633915E+2	-1.20955284E+0
6.16423370E+2	8.87085915E+2	7.35048137E-7	1.20234838E+2	-3.03648092E+2	3.26586262E+2	-1.19377089E+0
6.60970574E+2	8.05691989E+2	7.20000856E-7	1.18414326E+2	-2.85277922E+2	3.08877726E+2	-1.17735444E+0
7.08737081E+2	7.32901223E+2	7.04282634E-7	1.16640583E+2	-2.68106256E+2	2.92379883E+2	-1.16044113E+0
7.59955541E+2	6.67812904E+2	6.87661667E-7	1.14974820E+2	-2.52115908E+2	2.77095011E+2	-1.14293131E+0
8.14875417E+2	6.09642083E+2	6.70321179E-7	1.13362318E+2	-2.37190659E+2	2.62888620E+2	-1.12495395E+0
8.73764200E+2	5.57509110E+2	6.52311341E-7	1.11809823E+2	-2.23234288E+2	2.49669754E+2	-1.10645845E+0
9.36908711E+2	5.11084754E+2	6.33596749E-7	1.10293966E+2	-2.10249373E+2	2.37422744E+2	-1.08767360E+0
1.00461650E+3	4.69578831E+2	6.14270260E-7	1.08822299E+2	-1.98137190E+2	2.26054509E+2	-1.06854677E+0
1.07721735E+3	4.32470223E+2	5.94448810E-7	1.07374944E+2	-1.86834371E+2	2.15491211E+2	-1.04918257E+0
1.15506485E+3	3.99333284E+2	5.74161962E-7	1.05953962E+2	-1.76308527E+2	2.05696232E+2	-1.02967295E+0
1.23853818E+3	3.69748322E+2	5.53463398E-7	1.04563466E+2	-1.66519205E+2	1.96626968E+2	-1.01008825E+0
1.32804389E+3	3.43356796E+2	5.32516662E-7	1.03178879E+2	-1.57420731E+2	1.88221062E+2	-9.90610645E-1
1.42401793E+3	3.19718950E+2	5.11426338E-7	1.01808572E+2	-1.48946779E+2	1.80416542E+2	-9.71214461E-1
1.52692775E+3	2.98556001E+2	4.90348152E-7	1.00433161E+2	-1.41060631E+2	1.73161549E+2	-9.52071434E-1
1.63727458E+3	2.79604559E+2	4.69318935E-7	9.90686410E+1	-1.33736482E+2	1.66433298E+2	-9.33225417E-1
1.75559587E+3	2.62617962E+2	4.48573359E-7	9.76786343E+1	-1.26929300E+2	1.60162927E+2	-9.14899225E-1
1.88246790E+3	2.47307176E+2	4.28169646E-7	9.62798565E+1	-1.20585605E+2	1.54307158E+2	-8.97009931E-1
2.01850863E+3	2.33534688E+2	4.08174222E-7	9.48728643E+1	-1.14696311E+2	1.48849267E+2	-8.79708973E-1
2.16438064E+3	2.21112638E+2	3.88742037E-7	9.34384894E+1	-1.09223070E+2	1.43737367E+2	-8.63127644E-1
2.32079442E+3	2.09855435E+2	3.69934758E-7	9.19807260E+1	-1.04125889E+2	1.38933995E+2	-8.47250594E-1
2.48851178E+3	1.99617252E+2	3.51813604E-7	9.04982114E+1	-9.93734250E+1	1.34406116E+2	-8.32107391E-1
2.66834962E+3	1.90297933E+2	3.34412031E-7	8.89927404E+1	-9.49495991E+1	1.30135062E+2	-8.17771225E-1
2.86118383E+3	1.81773570E+2	3.17790956E-7	8.74567523E+1	-9.08220357E+1	1.26084598E+2	-8.04272446E-1
3.06795364E+3	1.73947180E+2	3.01946795E-7	8.58969295E+1	-8.69669233E+1	1.22235545E+2	-7.91587890E-1
3.28966612E+3	1.66721218E+2	2.86920844E-7	8.43040424E+1	-8.33552666E+1	1.18554934E+2	-7.79739276E-1
3.52740116E+3	1.60020810E+2	2.72660615E-7	8.26929794E+1	-7.99654204E+1	1.15033028E+2	-7.68631102E-1
3.78231664E+3	1.53773831E+2	2.59188884E-7	8.10544663E+1	-7.67738823E+1	1.11642535E+2	-7.58283037E-1
4.05565415E+3	1.47934202E+2	2.46493700E-7	7.93878421E+1	-7.37681981E+1	1.08370553E+2	-7.48722338E-1
4.34874501E+3	1.42439402E+2	2.34496038E-7	7.77104678E+1	-7.09233075E+1	1.05209470E+2	-7.39766213E-1
4.66301673E+3	1.37238984E+2	2.23150808E-7	7.60287960E+1	-6.82183009E+1	1.02147514E+2	-7.31304349E-1
5.00000000E+3	1.32292585E+2	2.12453402E-7	7.43364097E+1	-6.56372886E+1	9.91673114E+1	-7.23329737E-1
5.36133611E+3	1.27612089E+2	2.02355989E-7	7.26432306E+1	-6.31911016E+1	9.62816409E+1	-7.15924441E-1
5.74878498E+3	1.23123173E+2	1.92809070E-7	7.09533553E+1	-6.08409688E+1	9.34665833E+1	-7.08819665E-1
6.16423370E+3	1.18812831E+2	1.83739934E-7	6.92822299E+1	-5.85797767E+1	9.07282633E+1	-7.01889673E-1
6.60970574E+3	1.14669132E+2	1.75153156E-7	6.76214995E+1	-5.64041784E+1	8.80573597E+1	-6.95200032E-1
7.08737081E+3	1.10683278E+2	1.66986986E-7	6.59841556E+1	-5.43086892E+1	8.54595962E+1	-6.88642534E-1
7.59955541E+3	1.06823999E+2	1.59207498E-7	6.43720197E+1	-5.22754204E+1	8.29245233E+1	-6.82065300E-1
8.14875417E+3	1.03105126E+2	1.51781311E-7	6.27921623E+1	-5.03124044E+1	8.04623748E+1	-6.75504459E-1
8.73764200E+3	9.94974701E+1	1.44667464E-7	6.12490557E+1	-4.84012315E+1	7.80648837E+1	-6.68759090E-1
9.36908711E+3	9.60121424E+1	1.37872141E-7	5.97373148E+1	-4.65506255E+1	7.57331338E+1	-6.61963184E-1
1.00461650E+4	9.26449424E+1	1.31320439E-7	5.82763978E+1	-4.47534905E+1	7.34779797E+1	-6.54891893E-1
1.07721735E+4	8.93912006E+1	1.25029996E-7	5.68556567E+1	-4.30096461E+1	7.12909208E+1	-6.47629597E-1
1.15506485E+4	8.62383295E+1	1.18958725E-7	5.54827580E+1	-4.13086412E+1	6.91718175E+1	-6.39991841E-1
1.23853818E+4	8.31941360E+1	1.13107057E-7	5.41550767E+1	-3.96561776E+1	6.71221632E+1	-6.32057488E-1
1.32804389E+4	8.02609666E+1	1.07453181E-7	5.28769010E+1	-3.80523909E+1	6.51456151E+1	-6.23786642E-1
1.42401793E+4	7.74330385E+1	1.01974875E-7	5.16513514E+1	-3.64919014E+1	6.32417666E+1	-6.15077933E-1
1.52692775E+4	7.47051614E+1	9.66842049E-8	5.04701372E+1	-3.49734867E+1	6.14034174E+1	-6.05981474E-1
1.63727458E+4	7.20905103E+1	9.15661569E-8	4.93386726E+1	-3.35044022E+1	5.96393321E+1	-5.96540301E-1
1.75559587E+4	6.95799183E+1	8.66051585E-8	4.82577527E+1	-3.20774010E+1	5.79462721E+1	-5.86646623E-1
1.88246790E+4	6.71669139E+1	8.18060418E-8	4.72217185E+1	-3.06895132E+1	5.63181769E+1	-5.76306673E-1
2.01850863E+4	6.48624285E+1	7.71485266E-8	4.62386494E+1	-2.93451570E+1	5.47645054E+1	-5.65505459E-1
2.16438064E+4	6.26501891E+1	7.26519733E-8	4.52953598E+1	-2.80373537E+1	5.32706566E+1	-5.54265502E-1
2.32079442E+4	6.05373409E+1	6.83080630E-8	4.43952371E+1	-2.67699905E+1	5.18417744E+1	-5.42616883E-1
2.48851178E+4	5.85199884E+1	6.41057824E-8	4.35395099E+1	-2.55390353E+1	5.04770395E+1	-5.30487050E-1
2.66834962E+4	5.66016120E+1	6.00425335E-8	4.27293531E+1	-2.43465090E+1	4.91787579E+1	-5.17905615E-1
2.86118383E+4	5.47786707E+1	5.61382281E-8	4.19558346E+1	-2.31946648E+1	4.79404294E+1	-5.05017408E-1
3.06795364E+4	5.30422750E+1	5.23767755E-8	4.12202946E+1	-2.20749969E+1	4.67591510E+1	-4.91671486E-1
3.28966612E+4	5.13976861E+1	4.87514133E-8	4.05267545E+1	-2.09896061E+1	4.56396911E+1	-4.77880416E-1
3.52740116E+4	4.98356851E+1	4.52764249E-8	3.98657101E+1	-1.99364019E+1	4.45728053E+1	-4.63718784E-1
3.78231664E+4	4.83574240E+1	4.19454823E-8	3.92395050E+1	-1.89151425E+1	4.35605484E+1	-4.49179371E-1
4.05565415E+4	4.69623774E+1	3.87589254E-8	3.86476461E+1	-1.79260923E+1	4.26026448E+1	-4.34298542E-1
4.34874501E+4	4.56424111E+1	3.57151834E-8	3.80862850E+1	-1.69642198E+1	4.16935232E+1	-4.19034874E-1
4.66301673E+4	4.43996914E+1	3.28086180E-8	3.75584204E+1	-1.60295764E+1	4.08360414E+1	-4.03386225E-1
5.00000000E+4	4.32264283E+1	3.00513094E-8	3.70551657E+1	-1.51220746E+1	4.00220247E+1	-3.87466372E-1
5.36133611E+4	4.21260399E+1	2.74338897E-8	3.65817453E+1	-1.42414872E+1	3.92561340E+1	-3.71253419E-1
5.74878498E+4	4.10933180E+1	2.49508683E-8	3.61368138E+1	-1.33832828E+1	3.85354587E+1	-3.54688077E-1
6.16423370E+4	4.01223571E+1	2.26085905E-8	3.57140042E+1	-1.25475065E+1	3.78540623E+1	-3.37861811E-1
6.60970574E+4	3.92121561E+1	2.04011182E-8	3.53143144E+1	-1.17324164E+1	3.72122347E+1	-3.20755738E-1
7.08737081E+4	3.83595603E+1	1.83232868E-8	3.49368666E+1	-1.09351808E+1	3.66082346E+1	-3.03338798E-1
7.59955541E+4	3.75663301E+1	1.63765788E-8	3.45821057E+1	-1.01587772E+1	3.60433461E+1	-2.85720583E-1
8.14875417E+4	3.68251508E+1	1.45513232E-8	3.42472734E+1	-9.39602373E+0	3.55128288E+1	-2.67769530E-1
8.73764200E+4	3.61337979E+1	1.28486063E-8	3.39295250E+1	-8.64811627E+0	3.50143199E+1	-2.49570703E-1
9.36908711E+4	3.54938715E+1	1.12617188E-8	3.36317016E+1	-7.91378098E+0	3.45502430E+1	-2.31103049E-1
1.00461650E+5	3.48996031E+1	9.78986459E-9	3.33485326E+1	-7.19207279E+0	3.41152539E+1	-2.12410589E-1
1.07721735E+5	3.43504916E+1	8.41854205E-9	3.30830956E+1	-6.47528924E+0	3.37108380E+1	-1.93284548E-1
1.15506485E+5	3.38462922E+1	7.14891671E-9	3.28337895E+1	-5.76578679E+0	3.33361971E+1	-1.73832900E-1
1.23853818E+5	3.33808052E+1	5.98186011E-9	3.25937962E+1	-5.06474138E+0	3.29849536E+1	-1.54156869E-1
1.32804389E+5	3.29591666E+1	4.90231330E-9	3.23707347E+1	-4.36437531E+0	3.26636256E+1	-1.34016576E-1
1.42401793E+5	3.25753103E+1	3.91242284E-9	3.21571553E+1	-3.66696935E+0	3.23655575E+1	-1.13542314E-1
1.52692775E+5	3.22321655E+1	3.00356493E-9	3.19564831E+1	-2.96813632E+0	3.20940283E+1	-9.26148549E-2
1.63727458E+5	3.19250082E+1	2.17152015E-9	3.17634530E+1	-2.26529090E+0	3.18441281E+1	-7.11969821E-2
1.75559587E+5	3.16605181E+1	1.41331044E-9	3.15835727E+1	-1.55891097E+0	3.16220220E+1	-4.93182567E-2
1.88246790E+5	3.14617719E+1	7.07625004E-10	3.14351992E+1	-8.27434771E-1	3.14484810E+1	-2.63192796E-2
2.01850863E+5	3.12437353E+1	9.57935101E-11	3.12432849E+1	-1.18595037E-1	3.12435101E+1	-3.79583724E-3
2.16438064E+5	3.10951113E+1	-4.70428006E-10	3.10828106E+1	6.18328446E-1	3.10889603E+1	1.98903116E-2
2.32079442E+5	3.09865380E+1	-9.82208648E-10	3.09256252E+1	1.37249836E+0	3.09560666E+1	4.43515143E-2
2.48851178E+5	3.09259969E+1	-1.44178733E-9	3.07764043E+1	2.14566742E+0	3.08511099E+1	6.96053040E-2
2.66834962E+5	3.09116035E+1	-1.85149288E-9	3.06295833E+1	2.93905314E+0	3.07702703E+1	9.56618204E-2
2.86118383E+5	3.09455086E+1	-2.21588034E-9	3.04822874E+1	3.75765699E+0	3.07130247E+1	1.22654651E-1
3.06795364E+5	3.10349324E+1	-2.53726770E-9	3.03359749E+1	4.60472667E+0	3.06834635E+1	1.50641005E-1
3.28966612E+5	3.11880243E+1	-2.81629319E-9	3.01928482E+1	5.48152621E+0	3.06864022E+1	1.79594344E-1
3.52740116E+5	3.14039284E+1	-3.05612890E-9	3.00445293E+1	6.39080637E+0	3.07167095E+1	2.09587427E-1
3.78231664E+5	3.16999366E+1	-3.25904196E-9	2.98977045E+1	7.34047016E+0	3.07856351E+1	2.40757320E-1
4.05565415E+5	3.20870710E+1	-3.42691750E-9	2.97511700E+1	8.33639261E+0	3.08970529E+1	2.73197832E-1
4.34874501E+5	3.25558842E+1	-3.55995527E-9	2.95885781E+1	9.37005238E+0	3.10367891E+1	3.06686538E-1
4.66301673E+5	3.31272177E+1	-3.66649470E-9	2.94035689E+1	1.04636370E+1	3.12099076E+1	3.41888181E-1
NaN	NaN	NaN	NaN	NaN	NaN	NaN
