Start time:20240909_06-50-15	sweep/start:500.000	sweep/stop:500000.000	sweep/samplecount:100.000	sweep/xmapping:1.000	sweep/scan:0.000	sweep/averaging/sample:10.000	sweep/settling/time:0.100	sweep/settling/inaccuracy:0.010	sweep/awgcontrol:0.000	sweep/averaging/time:0.100	sweep/averaging/tc:15.000	sweep/bandwidthcontrol:2.000	sweep/sincfilter:0.000	sweep/omegasuppression:80.000	sweep/maxbandwidth:100.000	sweep/bandwidth:1250000.000	sweep/order:8.000	sweep/bandwidthoverlap:1.000																				
Frequency	Param0		Param1		RealZ		ImagZ		AbsZ		PhaseZ		
5.00000000E+2	1.57937882E+3	7.96003620E-7	9.51478789E+1	-3.75794362E+2	3.87652580E+2	-1.32281631E+0
5.36133611E+2	1.42224486E+3	7.87999888E-7	9.32435235E+1	-3.52023766E+2	3.64163546E+2	-1.31186414E+0
5.74878498E+2	1.28021683E+3	7.79449007E-7	9.15006334E+1	-3.29800240E+2	3.42258047E+2	-1.30016068E+0
6.16423370E+2	1.15298710E+3	7.70464636E-7	8.98116954E+1	-3.09007324E+2	3.21794455E+2	-1.28794325E+0
6.60970574E+2	1.03865917E+3	7.60805886E-7	8.82459602E+1	-2.89603317E+2	3.02749788E+2	-1.27502111E+0
7.08737081E+2	9.36089632E+2	7.50532569E-7	8.67696059E+1	-2.71468429E+2	2.84998382E+2	-1.26142854E+0
7.59955541E+2	8.44430116E+2	7.39676532E-7	8.53388784E+1	-2.54519080E+2	2.68444947E+2	-1.24728165E+0
8.14875417E+2	7.62085474E+2	7.28110995E-7	8.40104249E+1	-2.38674156E+2	2.53027877E+2	-1.23235162E+0
8.73764200E+2	6.88602458E+2	7.15811305E-7	8.27360045E+1	-2.23890491E+2	2.38688501E+2	-1.21682299E+0
9.36908711E+2	6.22828181E+2	7.02776927E-7	8.15289203E+1	-2.10075075E+2	2.25340860E+2	-1.20059551E+0
1.00461650E+3	5.64196662E+2	6.89009232E-7	8.03580080E+1	-1.97180891E+2	2.12926546E+2	-1.18381165E+0
1.07721735E+3	5.11622842E+2	6.74451703E-7	7.92640664E+1	-1.85122954E+2	2.01378503E+2	-1.16624386E+0
1.15506485E+3	4.64863837E+2	6.59129364E-7	7.81942377E+1	-1.73883092E+2	1.90655893E+2	-1.14819664E+0
1.23853818E+3	4.23188196E+2	6.43021517E-7	7.71632920E+1	-1.63402625E+2	1.80705816E+2	-1.12961214E+0
1.32804389E+3	3.86020925E+2	6.26195050E-7	7.61620199E+1	-1.53621216E+2	1.71464666E+2	-1.11053201E+0
1.42401793E+3	3.52791479E+2	6.08584880E-7	7.52162374E+1	-1.44492781E+2	1.62897657E+2	-1.09084137E+0
1.52692775E+3	3.23249428E+2	5.90321592E-7	7.42832353E+1	-1.35992695E+2	1.54958099E+2	-1.07085246E+0
1.63727458E+3	2.96904413E+2	5.71481322E-7	7.33681850E+1	-1.28064229E+2	1.47591793E+2	-1.05054058E+0
1.75559587E+3	2.73433913E+2	5.52048546E-7	7.24812466E+1	-1.20686779E+2	1.40779366E+2	-1.02995545E+0
1.88246790E+3	2.52491241E+2	5.32267574E-7	7.15925558E+1	-1.13802454E+2	1.34448848E+2	-1.00925770E+0
2.01850863E+3	2.33792141E+2	5.12100444E-7	7.07252755E+1	-1.07391567E+2	1.28588543E+2	-9.88417401E-1
2.16438064E+3	2.17123447E+2	4.91723968E-7	6.98581632E+1	-1.01428209E+2	1.23157805E+2	-9.67664121E-1
2.32079442E+3	2.02212876E+2	4.71210031E-7	6.90018183E+1	-9.58739001E+1	1.18123054E+2	-9.46961450E-1
2.48851178E+3	1.88873810E+2	4.50736584E-7	6.81398540E+1	-9.07016753E+1	1.13445289E+2	-9.26494147E-1
2.66834962E+3	1.76940262E+2	4.30395382E-7	6.72732376E+1	-8.58932797E+1	1.09102448E+2	-9.06371868E-1
2.86118383E+3	1.66226409E+2	4.10309786E-7	6.64002121E+1	-8.14154798E+1	1.05059358E+2	-8.86631924E-1
3.06795364E+3	1.56586024E+2	3.90560745E-7	6.55236851E+1	-7.72446745E+1	1.01292118E+2	-8.67312408E-1
3.28966612E+3	1.47897927E+2	3.71298845E-7	6.46307409E+1	-7.33595236E+1	9.77688727E+1	-8.48570504E-1
3.52740116E+3	1.40039331E+2	3.52577855E-7	6.37263354E+1	-6.97362698E+1	9.44679483E+1	-8.30398611E-1
3.78231664E+3	1.32905772E+2	3.34496113E-7	6.28037217E+1	-6.63526151E+1	9.13617921E+1	-8.12868751E-1
4.05565415E+3	1.26430762E+2	3.17008522E-7	6.18816089E+1	-6.32013066E+1	8.84519012E+1	-7.95948356E-1
4.34874501E+3	1.20489485E+2	3.00370998E-7	6.09173676E+1	-6.02409864E+1	8.56732290E+1	-7.79815602E-1
4.66301673E+3	1.15053968E+2	2.84361834E-7	5.99601935E+1	-5.74755010E+1	8.30581610E+1	-7.64243421E-1
5.00000000E+3	1.10033766E+2	2.69128911E-7	5.89831887E+1	-5.48737249E+1	8.05614194E+1	-7.49320592E-1
5.36133611E+3	1.05414036E+2	2.54590916E-7	5.80054320E+1	-5.24400274E+1	7.81958226E+1	-7.35050222E-1
5.74878498E+3	1.01111945E+2	2.40798344E-7	5.70147473E+1	-5.01417043E+1	7.59267539E+1	-7.21345642E-1
6.16423370E+3	9.70815174E+1	2.27723820E-7	5.60136675E+1	-4.79620766E+1	7.37420626E+1	-7.08115193E-1
6.60970574E+3	9.33077693E+1	2.15331049E-7	5.50078643E+1	-4.58998464E+1	7.16425927E+1	-6.95381220E-1
7.08737081E+3	8.97576866E+1	2.03556483E-7	5.40065593E+1	-4.39408159E+1	6.96240173E+1	-6.82990810E-1
7.59955541E+3	8.63955132E+1	1.92406987E-7	5.30024564E+1	-4.20703448E+1	6.76695971E+1	-6.70914223E-1
8.14875417E+3	8.32146409E+1	1.81819623E-7	5.20059206E+1	-4.02869470E+1	6.57849068E+1	-6.59098104E-1
8.73764200E+3	8.01994296E+1	1.71736529E-7	5.10251369E+1	-3.85826673E+1	6.39702028E+1	-6.47425628E-1
9.36908711E+3	7.73285236E+1	1.62171938E-7	5.00512862E+1	-3.69494356E+1	6.22124751E+1	-6.35926618E-1
1.00461650E+4	7.45885438E+1	1.53049428E-7	4.90959625E+1	-3.53777158E+1	6.05144308E+1	-6.24406901E-1
1.07721735E+4	7.19754668E+1	1.44335753E-7	4.81632795E+1	-3.38655135E+1	5.88776232E+1	-6.12830033E-1
1.15506485E+4	6.94815945E+1	1.36026504E-7	4.72503374E+1	-3.24104048E+1	5.72977204E+1	-6.01220190E-1
1.23853818E+4	6.70942253E+1	1.28074596E-7	4.63622951E+1	-3.10029001E+1	5.57731320E+1	-5.89415436E-1
1.32804389E+4	6.48156030E+1	1.20462037E-7	4.55016465E+1	-2.96448440E+1	5.43066905E+1	-5.77437023E-1
1.42401793E+4	6.26386559E+1	1.13184256E-7	4.46656347E+1	-2.83333077E+1	5.28941897E+1	-5.65289285E-1
1.52692775E+4	6.05642376E+1	1.06192838E-7	4.38638499E+1	-2.70655314E+1	5.15420269E+1	-5.52851167E-1
1.63727458E+4	5.85867864E+1	9.95060859E-8	4.30890475E+1	-2.58414896E+1	5.02438928E+1	-5.40215753E-1
1.75559587E+4	5.67020837E+1	9.30817234E-8	4.23481688E+1	-2.46548560E+1	4.90023407E+1	-5.27224066E-1
1.88246790E+4	5.49195218E+1	8.69312764E-8	4.16411873E+1	-2.35143685E+1	4.78216904E+1	-5.14051653E-1
2.01850863E+4	5.32126988E+1	8.10540231E-8	4.09572005E+1	-2.24042590E+1	4.66845066E+1	-5.00549632E-1
2.16438064E+4	5.16015448E+1	7.54340003E-8	4.03070312E+1	-2.13365482E+1	4.56059763E+1	-4.86851397E-1
2.32079442E+4	5.00731407E+1	7.00600287E-8	3.96874274E+1	-2.03022704E+1	4.45788529E+1	-4.72848195E-1
2.48851178E+4	4.86268918E+1	6.49370167E-8	3.90964242E+1	-1.93030261E+1	4.36020357E+1	-4.58617959E-1
2.66834962E+4	4.72564633E+1	6.00514552E-8	3.85336766E+1	-1.83336011E+1	4.26727695E+1	-4.44085579E-1
2.86118383E+4	4.59682634E+1	5.54069133E-8	3.80012829E+1	-1.73998664E+1	4.17953700E+1	-4.29384075E-1
3.06795364E+4	4.47498869E+1	5.09925315E-8	3.74950405E+1	-1.64930508E+1	4.09621632E+1	-4.14400353E-1
3.28966612E+4	4.36036583E+1	4.68184192E-8	3.70134090E+1	-1.56181807E+1	4.01736236E+1	-3.99292987E-1
3.52740116E+4	4.25248291E+1	4.28710986E-8	3.65565510E+1	-1.47709057E+1	3.94279226E+1	-3.83998310E-1
3.78231664E+4	4.15121758E+1	3.91432463E-8	3.61251413E+1	-1.39501747E+1	3.87250980E+1	-3.68520873E-1
4.05565415E+4	4.05609062E+1	3.56347143E-8	3.57157949E+1	-1.31547325E+1	3.80613321E+1	-3.52898723E-1
4.34874501E+4	3.96707344E+1	3.23433469E-8	3.53284112E+1	-1.23857727E+1	3.74366667E+1	-3.37199960E-1
4.66301673E+4	3.88374546E+1	2.92477063E-8	3.49647909E+1	-1.16364458E+1	3.68502847E+1	-3.21274683E-1
5.00000000E+4	3.80573430E+1	2.63604371E-8	3.46186598E+1	-1.09106642E+1	3.62973031E+1	-3.05312876E-1
5.36133611E+4	3.73280215E+1	2.36654744E-8	3.42913951E+1	-1.02044178E+1	3.57775060E+1	-2.89234722E-1
5.74878498E+4	3.66459156E+1	2.11517759E-8	3.39820840E+1	-9.51433320E+0	3.52888734E+1	-2.72990956E-1
6.16423370E+4	3.60111773E+1	1.88204396E-8	3.36897757E+1	-8.84349962E+0	3.48311425E+1	-2.56706485E-1
6.60970574E+4	3.54206296E+1	1.66553996E-8	3.34148370E+1	-8.18677142E+0	3.44031185E+1	-2.40271124E-1
7.08737081E+4	3.48719020E+1	1.46601529E-8	3.31536392E+1	-7.54762592E+0	3.40019184E+1	-2.23841048E-1
7.59955541E+4	3.43608259E+1	1.28101870E-8	3.29071596E+1	-6.91635880E+0	3.36261384E+1	-2.07162606E-1
8.14875417E+4	3.38868757E+1	1.11070761E-8	3.26734860E+1	-6.29648019E+0	3.32746504E+1	-1.90375411E-1
8.73764200E+4	3.34513399E+1	9.54429728E-9	3.24542488E+1	-5.68857032E+0	3.29490228E+1	-1.73517025E-1
9.36908711E+4	3.30476006E+1	8.10562460E-9	3.22457745E+1	-5.08482931E+0	3.26442258E+1	-1.56401904E-1
1.00461650E+5	3.26736482E+1	6.79089594E-9	3.20450533E+1	-4.48813461E+0	3.23578244E+1	-1.39151863E-1
1.07721735E+5	3.23363997E+1	5.58718042E-9	3.18599895E+1	-3.89594838E+0	3.20973107E+1	-1.21679316E-1
1.15506485E+5	3.20272237E+1	4.48955201E-9	3.16822127E+1	-3.30616136E+0	3.18542511E+1	-1.03977526E-1
1.23853818E+5	3.17502528E+1	3.48913154E-9	3.15160245E+1	-2.71697232E+0	3.16329218E+1	-8.59966121E-2
1.32804389E+5	3.14970394E+1	2.57355922E-9	3.13535862E+1	-2.12072167E+0	3.14252309E+1	-6.75359878E-2
1.42401793E+5	3.12757736E+1	1.74979173E-9	3.12009654E+1	-1.52776945E+0	3.12383471E+1	-4.89263747E-2
1.52692775E+5	3.10811063E+1	1.00017070E-9	3.10534844E+1	-9.26145697E-1	3.10672923E+1	-2.98153730E-2
1.63727458E+5	3.09174013E+1	3.22661700E-10	3.09141452E+1	-3.17255522E-1	3.09157732E+1	-1.02621089E-2
1.75559587E+5	3.07824540E+1	-2.90357837E-10	3.07794618E+1	3.03460385E-1	3.07809578E+1	9.85886729E-3
1.88246790E+5	3.06698221E+1	-8.45742949E-10	3.06334913E+1	9.39348933E-1	3.06516477E+1	3.06587010E-2
2.01850863E+5	3.06079583E+1	-1.33548945E-9	3.05259155E+1	1.58253740E+0	3.05669094E+1	5.17960531E-2
2.16438064E+5	3.05692139E+1	-1.77796187E-9	3.04031177E+1	2.24718242E+0	3.04860527E+1	7.37787362E-2
2.32079442E+5	3.05662935E+1	-2.17190370E-9	3.02825067E+1	2.93151220E+0	3.04240692E+1	9.65047574E-2
2.48851178E+5	3.06049066E+1	-2.52192297E-9	3.01655701E+1	3.64044085E+0	3.03844443E+1	1.20101173E-1
2.66834962E+5	3.06820249E+1	-2.82793376E-9	3.00461913E+1	4.37084283E+0	3.03624437E+1	1.44457478E-1
2.86118383E+5	3.08133729E+1	-3.09570931E-9	2.99331286E+1	5.13306992E+0	3.03700617E+1	1.69832673E-1
3.06795364E+5	3.09919543E+1	-3.32832081E-9	2.98132227E+1	5.92804802E+0	3.03968754E+1	1.96279500E-1
3.28966612E+5	3.12287509E+1	-3.52393129E-9	2.96924547E+1	6.75398116E+0	3.04509157E+1	2.23658987E-1
3.52740116E+5	3.15372043E+1	-3.68803346E-9	2.95720885E+1	7.62315369E+0	3.05388439E+1	2.52289444E-1
3.78231664E+5	3.19115450E+1	-3.82230435E-9	2.94379440E+1	8.53332119E+0	3.06498004E+1	2.82142082E-1
4.05565415E+5	3.23727650E+1	-3.91867581E-9	2.93098538E+1	9.47486819E+0	3.08032624E+1	3.12662505E-1
4.34874501E+5	3.29420865E+1	-3.99730756E-9	2.91662853E+1	1.04940608E+1	3.09967450E+1	3.45379378E-1
4.66301673E+5	3.36012145E+1	-4.04681968E-9	2.89985382E+1	1.15529185E+1	3.12151561E+1	3.79123233E-1
5.00000000E+5	3.44062530E+1	-4.06752401E-9	2.88328191E+1	1.26766371E+1	3.14964944E+1	4.14222055E-1
