Start time:20240909_09-28-05	sweep/start:500.000	sweep/stop:500000.000	sweep/samplecount:100.000	sweep/xmapping:1.000	sweep/scan:0.000	sweep/averaging/sample:10.000	sweep/settling/time:0.100	sweep/settling/inaccuracy:0.010	sweep/awgcontrol:0.000	sweep/averaging/time:0.100	sweep/averaging/tc:15.000	sweep/bandwidthcontrol:2.000	sweep/sincfilter:0.000	sweep/omegasuppression:80.000	sweep/maxbandwidth:100.000	sweep/bandwidth:1250000.000	sweep/order:8.000	sweep/bandwidthoverlap:1.000																				
Frequency	Param0		Param1		RealZ		ImagZ		AbsZ		PhaseZ		
5.00000000E+2	1.58257848E+3	7.99214344E-7	9.42624263E+1	-3.74555990E+2	3.86235162E+2	-1.32425174E+0
5.36133611E+2	1.42631412E+3	7.90117905E-7	9.25465981E+1	-3.51333957E+2	3.63318632E+2	-1.31323228E+0
5.74878498E+2	1.28359712E+3	7.81697240E-7	9.08067188E+1	-3.29109827E+2	3.41407595E+2	-1.30157860E+0
6.16423370E+2	1.15544379E+3	7.72738041E-7	8.91643241E+1	-3.08340758E+2	3.20973994E+2	-1.28930042E+0
6.60970574E+2	1.04030403E+3	7.63149194E-7	8.76352252E+1	-2.88941688E+2	3.01939126E+2	-1.27631726E+0
7.08737081E+2	9.37277053E+2	7.53013671E-7	8.61621658E+1	-2.70802268E+2	2.84179151E+2	-1.26275090E+0
7.59955541E+2	8.44906283E+2	7.42140325E-7	8.47918436E+1	-2.53872877E+2	2.67658554E+2	-1.24845191E+0
8.14875417E+2	7.62274867E+2	7.30598731E-7	8.34856504E+1	-2.38052818E+2	2.52267714E+2	-1.23349607E+0
8.73764200E+2	6.88487969E+2	7.18379858E-7	8.22263378E+1	-2.23272614E+2	2.37932411E+2	-1.21793211E+0
9.36908711E+2	6.22464403E+2	7.05369931E-7	8.10434480E+1	-2.09472222E+2	2.24603325E+2	-1.20163944E+0
1.00461650E+3	5.63544847E+2	6.91612163E-7	7.99058854E+1	-1.96584824E+2	2.12204016E+2	-1.18472460E+0
1.07721735E+3	5.10879818E+2	6.77061538E-7	7.88272616E+1	-1.84546774E+2	2.00676980E+2	-1.16711469E+0
1.15506485E+3	4.63964438E+2	6.61700131E-7	7.77893275E+1	-1.73321374E+2	1.89977574E+2	-1.14892783E+0
1.23853818E+3	4.22158699E+2	6.45525588E-7	7.67930967E+1	-1.62854815E+2	1.80052412E+2	-1.13017213E+0
1.32804389E+3	3.84922691E+2	6.28603920E-7	7.58246603E+1	-1.53092295E+2	1.70840950E+2	-1.11092603E+0
1.42401793E+3	3.51729394E+2	6.10974133E-7	7.48832753E+1	-1.43983131E+2	1.62291858E+2	-1.09121118E+0
1.52692775E+3	3.22160777E+2	5.92630843E-7	7.39725588E+1	-1.35495817E+2	1.54373107E+2	-1.07107570E+0
1.63727458E+3	2.95801159E+2	5.73670802E-7	7.30844270E+1	-1.27581833E+2	1.47032165E+2	-1.05058420E+0
1.75559587E+3	2.72331236E+2	5.54165892E-7	7.22115281E+1	-1.20212100E+2	1.40233569E+2	-1.02986155E+0
1.88246790E+3	2.51389464E+2	5.34222832E-7	7.13523313E+1	-1.13340498E+2	1.33929921E+2	-1.00893924E+0
2.01850863E+3	2.32739537E+2	5.13955061E-7	7.04950225E+1	-1.06945922E+2	1.28089729E+2	-9.88005097E-1
2.16438064E+3	2.16107166E+2	4.93418542E-7	6.96492642E+1	-1.00998439E+2	1.22685390E+2	-9.67079412E-1
2.32079442E+3	2.01232702E+2	4.72796772E-7	6.88028781E+1	-9.54544535E+1	1.17666430E+2	-9.46251374E-1
2.48851178E+3	1.87933870E+2	4.52146754E-7	6.79625189E+1	-9.02970374E+1	1.13015304E+2	-9.25598168E-1
2.66834962E+3	1.76022227E+2	4.31674595E-7	6.71096364E+1	-8.54931811E+1	1.08686648E+2	-9.05287052E-1
2.86118383E+3	1.65343334E+2	4.11421292E-7	6.62555210E+1	-8.10253928E+1	1.04665699E+2	-8.85347677E-1
3.06795364E+3	1.55740171E+2	3.91532330E-7	6.53920768E+1	-7.68638364E+1	1.00916664E+2	-8.65865743E-1
3.28966612E+3	1.47090873E+2	3.72144070E-7	6.45096157E+1	-7.29882523E+1	9.74103463E+1	-8.46983952E-1
3.52740116E+3	1.39266791E+2	3.53259793E-7	6.36234890E+1	-6.93735589E+1	9.41309677E+1	-8.28605821E-1
3.78231664E+3	1.32184596E+2	3.35016198E-7	6.27191389E+1	-6.60061624E+1	9.10522044E+1	-8.10927791E-1
4.05565415E+3	1.25715649E+2	3.17462993E-7	6.17979930E+1	-6.28488834E+1	8.81417859E+1	-7.93828910E-1
4.34874501E+3	1.19845902E+2	3.00588973E-7	6.08693932E+1	-5.99154747E+1	8.54104632E+1	-7.77500665E-1
4.66301673E+3	1.14442160E+2	2.84484215E-7	5.99212570E+1	-5.71573345E+1	8.28101322E+1	-7.61795137E-1
5.00000000E+3	1.09483625E+2	2.69121509E-7	5.89626395E+1	-5.45788466E+1	8.03457743E+1	-7.46807717E-1
5.36133611E+3	1.04879519E+2	2.54481447E-7	5.79973569E+1	-5.21444284E+1	7.79918898E+1	-7.32308154E-1
5.74878498E+3	1.00603339E+2	2.40596564E-7	5.70187363E+1	-4.98511676E+1	7.57382020E+1	-7.18430284E-1
6.16423370E+3	9.66201038E+1	2.27435691E-7	5.60315917E+1	-4.76889803E+1	7.35783811E+1	-7.05137421E-1
6.60970574E+3	9.28810011E+1	2.14957562E-7	5.50400500E+1	-4.56373505E+1	7.14994749E+1	-6.92273953E-1
7.08737081E+3	8.93703419E+1	2.03124868E-7	5.40493172E+1	-4.36929878E+1	6.95011218E+1	-6.79836575E-1
7.59955541E+3	8.60427603E+1	1.91912214E-7	5.30576460E+1	-4.18343455E+1	6.75664584E+1	-6.67670611E-1
8.14875417E+3	8.29032301E+1	1.81268993E-7	5.20744288E+1	-4.00673451E+1	6.57049338E+1	-6.55817372E-1
8.73764200E+3	7.99202913E+1	1.71158645E-7	5.11007397E+1	-3.83757781E+1	6.39060715E+1	-6.44129823E-1
9.36908711E+3	7.70789611E+1	1.61571993E-7	5.01334769E+1	-3.67541939E+1	6.21629818E+1	-6.32614492E-1
1.00461650E+4	7.43682874E+1	1.52425137E-7	4.91861751E+1	-3.51939165E+1	6.04805059E+1	-6.21069323E-1
1.07721735E+4	7.17857517E+1	1.43694177E-7	4.82612720E+1	-3.36945288E+1	5.88597628E+1	-6.09496116E-1
1.15506485E+4	6.93192571E+1	1.35381581E-7	4.73533151E+1	-3.22515136E+1	5.72930765E+1	-5.97916498E-1
1.23853818E+4	6.69629772E+1	1.27421042E-7	4.64733412E+1	-3.08580916E+1	5.57852425E+1	-5.86151086E-1
1.32804389E+4	6.47107573E+1	1.19834447E-7	4.56127772E+1	-2.95146044E+1	5.43289733E+1	-5.74311852E-1
1.42401793E+4	6.25571038E+1	1.12564113E-7	4.47809694E+1	-2.82140476E+1	5.29279486E+1	-5.62219305E-1
1.52692775E+4	6.05029133E+1	1.05600284E-7	4.39786679E+1	-2.69576337E+1	5.15833060E+1	-5.49902205E-1
1.63727458E+4	5.85420549E+1	9.89334689E-8	4.32045472E+1	-2.57419835E+1	5.02919763E+1	-5.37337737E-1
1.75559587E+4	5.66844755E+1	9.25264804E-8	4.24694917E+1	-2.45703671E+1	4.90648633E+1	-5.24491796E-1
1.88246790E+4	5.49109238E+1	8.64077129E-8	4.17590412E+1	-2.34352282E+1	4.78855668E+1	-5.11402375E-1
2.01850863E+4	5.32249259E+1	8.05585082E-8	4.10776362E+1	-2.23379024E+1	4.67584658E+1	-4.98068494E-1
2.16438064E+4	5.16264516E+1	7.49717837E-8	4.04261513E+1	-2.12787457E+1	4.56843380E+1	-4.84513258E-1
2.32079442E+4	5.01098632E+1	6.96293150E-8	3.98057693E+1	-2.02524644E+1	4.46616350E+1	-4.70648614E-1
2.48851178E+4	4.86715634E+1	6.45307914E-8	3.92142485E+1	-1.92577578E+1	4.36877412E+1	-4.56494886E-1
2.66834962E+4	4.73106456E+1	5.96794943E-8	3.86497962E+1	-1.82959007E+1	4.27615107E+1	-4.42122775E-1
2.86118383E+4	4.60303219E+1	5.50701865E-8	3.81150032E+1	-1.73692911E+1	4.18861056E+1	-4.27590106E-1
3.06795364E+4	4.48155286E+1	5.06974938E-8	3.76026889E+1	-1.64688235E+1	4.10509973E+1	-4.12804279E-1
3.28966612E+4	4.36770577E+1	4.65532703E-8	3.71203913E+1	-1.56008335E+1	4.02654873E+1	-3.97863130E-1
3.52740116E+4	4.26039413E+1	4.26334197E-8	3.66625045E+1	-1.47589954E+1	3.95217306E+1	-3.82714552E-1
3.78231664E+4	4.15930894E+1	3.89381021E-8	3.62265492E+1	-1.39431426E+1	3.88171882E+1	-3.67410783E-1
4.05565415E+4	4.06477666E+1	3.54495551E-8	3.58184730E+1	-1.31521067E+1	3.81567940E+1	-3.51904100E-1
4.34874501E+4	3.97553436E+1	3.21837986E-8	3.54255263E+1	-1.23849121E+1	3.75280424E+1	-3.36322154E-1
4.66301673E+4	3.89224810E+1	2.91153321E-8	3.50577258E+1	-1.16399963E+1	3.69395948E+1	-3.20571433E-1
5.00000000E+4	3.81417752E+1	2.62492902E-8	3.47080397E+1	-1.09168771E+1	3.63844231E+1	-3.04737318E-1
5.36133611E+4	3.74120775E+1	2.35685523E-8	3.43789677E+1	-1.02115217E+1	3.58634717E+1	-2.88728114E-1
5.74878498E+4	3.67280258E+1	2.10766529E-8	3.40647532E+1	-9.52489965E+0	3.53713321E+1	-2.72648489E-1
6.16423370E+4	3.60929135E+1	1.87613034E-8	3.37700706E+1	-8.85678040E+0	3.49121789E+1	-2.56490485E-1
6.60970574E+4	3.54994629E+1	1.66145374E-8	3.34900906E+1	-8.20329528E+0	3.44801425E+1	-2.40217220E-1
7.08737081E+4	3.49480318E+1	1.46225460E-8	3.32272872E+1	-7.56145936E+0	3.40767999E+1	-2.23757127E-1
7.59955541E+4	3.44358222E+1	1.27824777E-8	3.29789419E+1	-6.93154842E+0	3.36995100E+1	-2.07165587E-1
8.14875417E+4	3.39598303E+1	1.10936294E-8	3.27416242E+1	-6.31553948E+0	3.33451646E+1	-1.90549994E-1
8.73764200E+4	3.35187727E+1	9.53416364E-9	3.25178254E+1	-5.70514000E+0	3.30145059E+1	-1.73678908E-1
9.36908711E+4	3.31134539E+1	8.10279924E-9	3.23074514E+1	-5.10292738E+0	3.27079700E+1	-1.56654754E-1
1.00461650E+5	3.27420651E+1	6.79444999E-9	3.21089146E+1	-4.50885399E+0	3.24239444E+1	-1.39511515E-1
1.07721735E+5	3.23983569E+1	5.58925828E-9	3.19188791E+1	-3.91208228E+0	3.21577244E+1	-1.21955043E-1
1.15506485E+5	3.20862242E+1	4.49484082E-9	3.17385078E+1	-3.32204615E+0	3.19118924E+1	-1.04289515E-1
1.23853818E+5	3.18042937E+1	3.49694649E-9	3.15678253E+1	-2.73217603E+0	3.16858389E+1	-8.63342476E-2
1.32804389E+5	3.15484703E+1	2.58881227E-9	3.14026119E+1	-2.14011264E+0	3.14754566E+1	-6.80455830E-2
1.42401793E+5	3.13255694E+1	1.75822800E-9	3.12496792E+1	-1.53998001E+0	3.12876013E+1	-4.92400302E-2
1.52692775E+5	3.11304475E+1	1.00904192E-9	3.11021999E+1	-9.37311879E-1	3.11163205E+1	-3.01273924E-2
1.63727458E+5	3.09653085E+1	3.30942294E-10	3.09618673E+1	-3.26404598E-1	3.09635878E+1	-1.05417572E-2
1.75559587E+5	3.08274114E+1	-2.81764523E-10	3.08245813E+1	2.95341821E-1	3.08259963E+1	9.58108035E-3
1.88246790E+5	3.06836222E+1	-8.11659066E-10	3.06508173E+1	9.02095537E-1	3.06672125E+1	2.94327305E-2
2.01850863E+5	3.06511153E+1	-1.32836607E-9	3.05695996E+1	1.57857191E+0	3.06103303E+1	5.15927879E-2
2.16438064E+5	3.06112610E+1	-1.77043709E-9	3.04458822E+1	2.24390158E+0	3.05284596E+1	7.35683019E-2
2.32079442E+5	3.06084886E+1	-2.16576399E-9	3.03251260E+1	2.93138027E+0	3.04664779E+1	9.63656577E-2
2.48851178E+5	3.06458751E+1	-2.51380183E-9	3.02075848E+1	3.63863546E+0	3.04259408E+1	1.19876828E-1
2.66834962E+5	3.07237006E+1	-2.82320858E-9	3.00873957E+1	4.37545916E+0	3.04038836E+1	1.44412623E-1
2.86118383E+5	3.08533178E+1	-3.09044878E-9	2.99726264E+1	5.13776092E+0	3.04097841E+1	1.69765182E-1
3.06795364E+5	3.10322673E+1	-3.32161629E-9	2.98536288E+1	5.93183030E+0	3.04372435E+1	1.96142490E-1
3.28966612E+5	3.12753016E+1	-3.51745943E-9	2.97377377E+1	6.76192119E+0	3.04968312E+1	2.23583554E-1
3.52740116E+5	3.15770523E+1	-3.67893697E-9	2.96139011E+1	7.62472563E+0	3.05797269E+1	2.51997891E-1
3.78231664E+5	3.19542720E+1	-3.81598079E-9	2.94788096E+1	8.54245278E+0	3.06915931E+1	2.82057129E-1
4.05565415E+5	3.24225160E+1	-3.92163854E-9	2.93421500E+1	9.50707325E+0	3.08439024E+1	3.13333855E-1
4.34874501E+5	3.29761673E+1	-3.99369737E-9	2.91956010E+1	1.05059809E+1	3.10283579E+1	3.45421018E-1
4.66301673E+5	3.36507005E+1	-4.03746195E-9	2.90479681E+1	1.15628479E+1	3.12647469E+1	3.78833256E-1
NaN	NaN	NaN	NaN	NaN	NaN	NaN
