Start time:20240906_19-32-02	sweep/start:500.000	sweep/stop:500000.000	sweep/samplecount:100.000	sweep/xmapping:1.000	sweep/scan:0.000	sweep/averaging/sample:10.000	sweep/settling/time:0.100	sweep/settling/inaccuracy:0.010	sweep/awgcontrol:0.000	sweep/averaging/time:0.100	sweep/averaging/tc:15.000	sweep/bandwidthcontrol:2.000	sweep/sincfilter:0.000	sweep/omegasuppression:80.000	sweep/maxbandwidth:100.000	sweep/bandwidth:1250000.000	sweep/order:8.000	sweep/bandwidthoverlap:1.000																				
Frequency	Param0		Param1		RealZ		ImagZ		AbsZ		PhaseZ		
5.00000000E+2	1.43035914E+3	7.37269919E-7	1.19435800E+2	-3.95690641E+2	4.13323120E+2	-1.27765106E+0
5.36133611E+2	1.29333411E+3	7.27335284E-7	1.17134445E+2	-3.71178442E+2	3.89222198E+2	-1.26511297E+0
5.74878498E+2	1.17000160E+3	7.16974561E-7	1.14919583E+2	-3.48209077E+2	3.66682526E+2	-1.25202135E+0
6.16423370E+2	1.05927535E+3	7.05796775E-7	1.12870888E+2	-3.26835518E+2	3.45776371E+2	-1.23827484E+0
6.60970574E+2	9.60005662E+2	6.94013125E-7	1.10905285E+2	-3.06870785E+2	3.26296898E+2	-1.22399562E+0
7.08737081E+2	8.70989533E+2	6.81530433E-7	1.09043099E+2	-2.88244607E+2	3.08180721E+2	-1.20913515E+0
7.59955541E+2	7.91072210E+2	6.68403645E-7	1.07271363E+2	-2.70836132E+2	2.91306301E+2	-1.19367833E+0
8.14875417E+2	7.19908134E+2	6.54601282E-7	1.05532055E+2	-2.54629808E+2	2.75632651E+2	-1.17789301E+0
8.73764200E+2	6.56120714E+2	6.40078147E-7	1.03882991E+2	-2.39516353E+2	2.61074248E+2	-1.16156315E+0
9.36908711E+2	5.98975423E+2	6.24965185E-7	1.02283037E+2	-2.25395642E+2	2.47517710E+2	-1.14479235E+0
1.00461650E+3	5.47978783E+2	6.09176066E-7	1.00733199E+2	-2.12255666E+2	2.34946051E+2	-1.12768725E+0
1.07721735E+3	5.02482081E+2	5.92781725E-7	9.92183545E+1	-2.00027884E+2	2.23283314E+2	-1.11033568E+0
1.15506485E+3	4.61778727E+2	5.75969803E-7	9.77108251E+1	-1.88609043E+2	2.12416518E+2	-1.09280523E+0
1.23853818E+3	4.25442714E+2	5.58624842E-7	9.62411327E+1	-1.77996434E+2	2.02348923E+2	-1.07512795E+0
1.32804389E+3	3.93005221E+2	5.40952099E-7	9.47682152E+1	-1.68117177E+2	1.92988084E+2	-1.05749322E+0
1.42401793E+3	3.63923622E+2	5.22980978E-7	9.33161587E+1	-1.58908927E+2	1.84282265E+2	-1.03981913E+0
1.52692775E+3	3.37924006E+2	5.04845873E-7	9.18552613E+1	-1.50341968E+2	1.76181999E+2	-1.02234565E+0
1.63727458E+3	3.14600751E+2	4.86618227E-7	9.03954931E+1	-1.42362717E+2	1.68637151E+2	-1.00506249E+0
1.75559587E+3	2.93679961E+2	4.68442067E-7	8.89166246E+1	-1.34932812E+2	1.61595266E+2	-9.88141391E-1
1.88246790E+3	2.74849135E+2	4.50405625E-7	8.74220654E+1	-1.28004923E+2	1.55009284E+2	-9.71599324E-1
2.01850863E+3	2.57887772E+2	4.32531073E-7	8.59247123E+1	-1.21556060E+2	1.48858766E+2	-9.55472406E-1
2.16438064E+3	2.42538296E+2	4.15007859E-7	8.43992803E+1	-1.15528432E+2	1.43073608E+2	-9.39859955E-1
2.32079442E+3	2.28660991E+2	3.97856757E-7	8.28532894E+1	-1.09911998E+2	1.37641981E+2	-9.24858223E-1
2.48851178E+3	2.16008307E+2	3.81167034E-7	8.12875231E+1	-1.04647591E+2	1.32509546E+2	-9.10378920E-1
2.66834962E+3	2.04487375E+2	3.64955040E-7	7.97062045E+1	-9.97287981E+1	1.27667194E+2	-8.96525334E-1
2.86118383E+3	1.93918548E+2	3.49316193E-7	7.80999668E+1	-9.51074497E+1	1.23065153E+2	-8.83275829E-1
3.06795364E+3	1.84204171E+2	3.34250613E-7	7.64763560E+1	-9.07669006E+1	1.18689778E+2	-8.70638767E-1
3.28966612E+3	1.75224392E+2	3.19734352E-7	7.48500020E+1	-8.66776950E+1	1.14523124E+2	-8.58491646E-1
3.52740116E+3	1.66907872E+2	3.05831930E-7	7.32072168E+1	-8.28224850E+1	1.10538956E+2	-8.46944933E-1
3.78231664E+3	1.59156523E+2	2.92551747E-7	7.15497299E+1	-7.91722302E+1	1.06712727E+2	-8.35928368E-1
4.05565415E+3	1.51901202E+2	2.79753247E-7	6.99164034E+1	-7.57105131E+1	1.03055254E+2	-8.25164541E-1
4.34874501E+3	1.45085276E+2	2.67568634E-7	6.82710811E+1	-7.24167652E+1	9.95245122E+1	-8.14856889E-1
4.66301673E+3	1.38684636E+2	2.55872144E-7	6.66456011E+1	-6.92898582E+1	9.61390699E+1	-8.04848010E-1
5.00000000E+3	1.32616390E+2	2.44723979E-7	6.50222391E+1	-6.62957218E+1	9.28601877E+1	-7.95095564E-1
5.36133611E+3	1.26883815E+2	2.33962931E-7	6.34410038E+1	-6.34419061E+1	8.97197664E+1	-7.85405274E-1
5.74878498E+3	1.21424155E+2	2.23675321E-7	6.18751542E+1	-6.07009351E+1	8.66783611E+1	-7.75818945E-1
6.16423370E+3	1.16220069E+2	2.13758336E-7	6.03483718E+1	-5.80669082E+1	8.37477873E+1	-7.66133916E-1
6.60970574E+3	1.11262694E+2	2.04234196E-7	5.88506359E+1	-5.55381205E+1	8.09189733E+1	-7.56447854E-1
7.08737081E+3	1.06531616E+2	1.95025889E-7	5.73986308E+1	-5.31052345E+1	7.81969873E+1	-7.46564789E-1
7.59955541E+3	1.02006270E+2	1.86132901E-7	5.59879535E+1	-5.07589527E+1	7.55719675E+1	-7.36452253E-1
8.14875417E+3	9.76943908E+1	1.77530635E-7	5.46221856E+1	-4.85046173E+1	7.30498536E+1	-7.26146763E-1
8.73764200E+3	9.35778115E+1	1.69168684E-7	5.33108140E+1	-4.63321311E+1	7.06307956E+1	-7.15475442E-1
9.36908711E+3	8.96392004E+1	1.61061749E-7	5.20453403E+1	-4.42333039E+1	6.83030209E+1	-7.04435663E-1
1.00461650E+4	8.58943193E+1	1.53159930E-7	5.08379187E+1	-4.22160440E+1	6.60809230E+1	-6.93007381E-1
1.07721735E+4	8.23252957E+1	1.45482591E-7	4.96792722E+1	-4.02719584E+1	6.39520191E+1	-6.81194590E-1
1.15506485E+4	7.89264608E+1	1.38008421E-7	4.85723284E+1	-3.83975372E+1	6.19164111E+1	-6.68935441E-1
1.23853818E+4	7.56994977E+1	1.30733582E-7	4.75166580E+1	-3.65944564E+1	5.99748873E+1	-6.56266305E-1
1.32804389E+4	7.26304434E+1	1.23646691E-7	4.65118186E+1	-3.48543355E+1	5.81220612E+1	-6.43094674E-1
1.42401793E+4	6.97262937E+1	1.16755598E-7	4.55558947E+1	-3.31828888E+1	5.63599475E+1	-6.29532833E-1
1.52692775E+4	6.69737440E+1	1.10054269E-7	4.46474586E+1	-3.15723238E+1	5.46827886E+1	-6.15506606E-1
1.63727458E+4	6.43784668E+1	1.03546054E-7	4.37867032E+1	-3.00274043E+1	5.30935088E+1	-6.01108466E-1
1.75559587E+4	6.19293770E+1	9.72202205E-8	4.29743381E+1	-2.85408488E+1	5.15885057E+1	-5.86249274E-1
1.88246790E+4	5.96212574E+1	9.10959878E-8	4.22042963E+1	-2.71121836E+1	5.01624679E+1	-5.71016343E-1
2.01850863E+4	5.74452421E+1	8.51619263E-8	4.14777884E+1	-2.57350847E+1	4.88129243E+1	-5.55324029E-1
2.16438064E+4	5.54047442E+1	7.94409765E-8	4.07906797E+1	-2.44155197E+1	4.75394275E+1	-5.39357306E-1
2.32079442E+4	5.34906136E+1	7.39301085E-8	4.01421431E+1	-2.31481348E+1	4.63381899E+1	-5.23076553E-1
2.48851178E+4	5.16881200E+1	6.86328464E-8	3.95268893E+1	-2.19247603E+1	4.52003372E+1	-5.06428931E-1
2.66834962E+4	5.00113326E+1	6.35557043E-8	3.89501749E+1	-2.07565396E+1	4.41355880E+1	-4.89619725E-1
2.86118383E+4	4.84393641E+1	5.86857414E-8	3.84084538E+1	-1.96283357E+1	4.31332938E+1	-4.72442170E-1
3.06795364E+4	4.69744876E+1	5.40613545E-8	3.78937206E+1	-1.85500411E+1	4.21904978E+1	-4.55235051E-1
3.28966612E+4	4.56092488E+1	4.96507251E-8	3.74125692E+1	-1.75116768E+1	4.13081006E+1	-4.37778377E-1
3.52740116E+4	4.43340931E+1	4.54725582E-8	3.69562164E+1	-1.65123709E+1	4.04774053E+1	-4.20197141E-1
3.78231664E+4	4.31486292E+1	4.15128293E-8	3.65292799E+1	-1.55499212E+1	3.97012387E+1	-4.02449656E-1
4.05565415E+4	4.20480456E+1	3.77852779E-8	3.61263914E+1	-1.46262771E+1	3.89749169E+1	-3.84692477E-1
4.34874501E+4	4.10268321E+1	3.42763868E-8	3.57487668E+1	-1.37362407E+1	3.82969797E+1	-3.66850062E-1
4.66301673E+4	4.00765769E+1	3.09857607E-8	3.53916761E+1	-1.28765864E+1	3.76613492E+1	-3.48942838E-1
5.00000000E+4	3.91960253E+1	2.79054835E-8	3.50566625E+1	-1.20462538E+1	3.70686097E+1	-3.30981941E-1
5.36133611E+4	3.83797815E+1	2.50376031E-8	3.47396142E+1	-1.12453544E+1	3.65143643E+1	-3.13059323E-1
5.74878498E+4	3.76264126E+1	2.23663099E-8	3.44437096E+1	-1.04701523E+1	3.59999060E+1	-2.95102923E-1
6.16423370E+4	3.69297466E+1	1.98905299E-8	3.41644732E+1	-9.71977855E+0	3.55202103E+1	-2.77176276E-1
6.60970574E+4	3.62840962E+1	1.75973891E-8	3.39003640E+1	-8.98940399E+0	3.50719841E+1	-2.59205794E-1
7.08737081E+4	3.56894281E+1	1.54810182E-8	3.36522790E+1	-8.27977641E+0	3.46558883E+1	-2.41247296E-1
7.59955541E+4	3.51411490E+1	1.35329430E-8	3.34179615E+1	-7.58850470E+0	3.42687257E+1	-2.23292025E-1
8.14875417E+4	3.46364734E+1	1.17434905E-8	3.31966850E+1	-6.91347928E+0	3.39089383E+1	-2.05323306E-1
8.73764200E+4	3.41712683E+1	1.01005729E-8	3.29868545E+1	-6.25060612E+0	3.35738388E+1	-1.87267534E-1
9.36908711E+4	3.37475402E+1	8.60235101E-9	3.27898767E+1	-5.60371739E+0	3.32652624E+1	-1.69262593E-1
1.00461650E+5	3.33599520E+1	7.22569583E-9	3.26051093E+1	-4.96101956E+0	3.29803712E+1	-1.50996530E-1
1.07721735E+5	3.30047315E+1	5.97655360E-9	3.24267368E+1	-4.32925805E+0	3.27144577E+1	-1.32724031E-1
1.15506485E+5	3.26848937E+1	4.83937411E-9	3.22597785E+1	-3.70325731E+0	3.24716404E+1	-1.14294576E-1
1.23853818E+5	3.23950441E+1	3.80511020E-9	3.20996709E+1	-3.07918401E+0	3.22470193E+1	-9.56331063E-2
1.32804389E+5	3.21377827E+1	2.86748506E-9	3.19488559E+1	-2.45676999E+0	3.20431800E+1	-7.67459382E-2
1.42401793E+5	3.19086861E+1	2.01902586E-9	3.18030137E+1	-1.83321907E+0	3.18558061E+1	-5.75792216E-2
1.52692775E+5	3.17102345E+1	1.25126176E-9	3.16643500E+1	-1.20535915E+0	3.16872840E+1	-3.80483906E-2
1.63727458E+5	3.15413757E+1	5.60372101E-10	3.15309509E+1	-5.73317822E-1	3.15361629E+1	-1.81806997E-2
1.75559587E+5	3.14024652E+1	-6.24518951E-11	3.14023178E+1	6.79321419E-2	3.14023915E+1	2.16328139E-3
1.88246790E+5	3.12872120E+1	-6.02615473E-10	3.12637316E+1	6.96451439E-1	3.12754674E+1	2.22818872E-2
2.01850863E+5	3.12200152E+1	-1.12427248E-9	3.11582697E+1	1.38703835E+0	3.11891272E+1	4.44865289E-2
2.16438064E+5	3.11793421E+1	-1.57070677E-9	3.10416535E+1	2.06738063E+0	3.11104217E+1	6.65019980E-2
2.32079442E+5	3.11722978E+1	-1.96890883E-9	3.09245974E+1	2.76767460E+0	3.10482006E+1	8.92597013E-2
2.48851178E+5	3.12040977E+1	-2.32240606E-9	3.08085395E+1	3.49092440E+0	3.10056878E+1	1.12829051E-1
2.66834962E+5	3.12814342E+1	-2.63276905E-9	3.06961983E+1	4.23844452E+0	3.09874346E+1	1.37209600E-1
2.86118383E+5	3.14000813E+1	-2.90214942E-9	3.05793856E+1	5.00962191E+0	3.09870165E+1	1.62381075E-1
3.06795364E+5	3.15728978E+1	-3.13707201E-9	3.04624447E+1	5.81610631E+0	3.10127015E+1	1.88656593E-1
3.28966612E+5	3.18013723E+1	-3.33569060E-9	3.03426204E+1	6.65298450E+0	3.10634345E+1	2.15846253E-1
3.52740116E+5	3.20997857E+1	-3.50407216E-9	3.02216010E+1	7.53402928E+0	3.11465392E+1	2.44313011E-1
3.78231664E+5	3.24601690E+1	-3.64152394E-9	3.00860166E+1	8.45154705E+0	3.12505548E+1	2.73854965E-1
4.05565415E+5	3.29047977E+1	-3.74384171E-9	2.99530669E+1	9.40282474E+0	3.13942603E+1	3.04176831E-1
4.34874501E+5	3.34680682E+1	-3.82669251E-9	2.98166787E+1	1.04341485E+1	3.15896588E+1	3.36624340E-1
4.66301673E+5	3.41287458E+1	-3.87810476E-9	2.96674746E+1	1.15044809E+1	3.18200172E+1	3.69928436E-1
5.00000000E+5	3.48995250E+1	-3.90895705E-9	2.94839142E+1	1.26361431E+1	3.20776309E+1	4.04897258E-1
