Start time:20240907_17-38-20	sweep/start:500.000	sweep/stop:500000.000	sweep/samplecount:100.000	sweep/xmapping:1.000	sweep/scan:0.000	sweep/averaging/sample:10.000	sweep/settling/time:0.100	sweep/settling/inaccuracy:0.010	sweep/awgcontrol:0.000	sweep/averaging/time:0.100	sweep/averaging/tc:15.000	sweep/bandwidthcontrol:2.000	sweep/sincfilter:0.000	sweep/omegasuppression:80.000	sweep/maxbandwidth:100.000	sweep/bandwidth:1250000.000	sweep/order:8.000	sweep/bandwidthoverlap:1.000																				
Frequency	Param0		Param1		RealZ		ImagZ		AbsZ		PhaseZ		
5.00000000E+2	1.41925151E+3	7.54021572E-7	1.15360068E+2	-3.87836274E+2	4.04629366E+2	-1.28168496E+0
5.36133611E+2	1.28323324E+3	7.44219895E-7	1.13065163E+2	-3.63737810E+2	3.80905408E+2	-1.26942222E+0
5.74878498E+2	1.16067752E+3	7.33784991E-7	1.10921564E+2	-3.41233742E+2	3.58809239E+2	-1.25650987E+0
6.16423370E+2	1.05014266E+3	7.22648383E-7	1.08946147E+2	-3.20218190E+2	3.38243931E+2	-1.24285641E+0
6.60970574E+2	9.51167528E+2	7.10924755E-7	1.07034937E+2	-3.00585489E+2	3.19073845E+2	-1.22870807E+0
7.08737081E+2	8.62316104E+2	6.98487789E-7	1.05235371E+2	-2.82261617E+2	3.01240950E+2	-1.21393019E+0
7.59955541E+2	7.82757080E+2	6.85522081E-7	1.03471264E+2	-2.65116035E+2	2.84592377E+2	-1.19869142E+0
8.14875417E+2	7.11479933E+2	6.71724346E-7	1.01821006E+2	-2.49150691E+2	2.69153463E+2	-1.18283618E+0
8.73764200E+2	6.47604579E+2	6.57224063E-7	1.00247949E+2	-2.34246381E+2	2.54796037E+2	-1.16642169E+0
9.36908711E+2	5.90603179E+2	6.42094562E-7	9.87035393E+1	-2.20345698E+2	2.41442782E+2	-1.14964969E+0
1.00461650E+3	5.39534304E+2	6.26253200E-7	9.72341387E+1	-2.07380490E+2	2.29043984E+2	-1.13236279E+0
1.07721735E+3	4.93960735E+2	6.09780465E-7	9.57990556E+1	-1.95303619E+2	2.17533823E+2	-1.11476670E+0
1.15506485E+3	4.53325509E+2	5.92713890E-7	9.43912849E+1	-1.84065910E+2	2.06857377E+2	-1.09695139E+0
1.23853818E+3	4.16932404E+2	5.75149382E-7	9.30166911E+1	-1.73578701E+2	1.96930624E+2	-1.07886136E+0
1.32804389E+3	3.84480209E+2	5.57168327E-7	9.16464661E+1	-1.63820560E+2	1.87713215E+2	-1.06074050E+0
1.42401793E+3	3.55456223E+2	5.38759940E-7	9.03093989E+1	-1.54742524E+2	1.79167622E+2	-1.04251492E+0
1.52692775E+3	3.29509276E+2	5.20138479E-7	8.89658796E+1	-1.46287913E+2	1.71216476E+2	-1.02440130E+0
1.63727458E+3	3.06317964E+2	5.01390044E-7	8.76117012E+1	-1.38424084E+2	1.63820137E+2	-1.00652029E+0
1.75559587E+3	2.85504355E+2	4.82552210E-7	8.62674376E+1	-1.31101705E+2	1.56938613E+2	-9.88804360E-1
1.88246790E+3	2.66828682E+2	4.63807671E-7	8.49050271E+1	-1.24282871E+2	1.50516099E+2	-9.71462335E-1
2.01850863E+3	2.50035990E+2	4.45201984E-7	8.35360451E+1	-1.17935349E+2	1.44523415E+2	-9.54507821E-1
2.16438064E+3	2.34905104E+2	4.26885859E-7	8.21441839E+1	-1.12019733E+2	1.38910359E+2	-9.38068514E-1
2.32079442E+3	2.21215010E+2	4.08935976E-7	8.07326137E+1	-1.06496529E+2	1.33638564E+2	-9.22145684E-1
2.48851178E+3	2.08833033E+2	3.91391006E-7	7.93054514E+1	-1.01352072E+2	1.28691870E+2	-9.06833151E-1
2.66834962E+3	1.97561911E+2	3.74370499E-7	7.78525936E+1	-9.65384922E+1	1.24018978E+2	-8.92140296E-1
2.86118383E+3	1.87270082E+2	3.57909790E-7	7.63776923E+1	-9.20309975E+1	1.19596223E+2	-8.78080195E-1
3.06795364E+3	1.77848123E+2	3.42025843E-7	7.48863117E+1	-8.78090533E+1	1.15405328E+2	-8.64660826E-1
3.28966612E+3	1.69168342E+2	3.26776934E-7	7.33733598E+1	-8.38379357E+1	1.11411173E+2	-8.51863881E-1
3.52740116E+3	1.61161013E+2	3.12153692E-7	7.18455873E+1	-8.01056735E+1	1.07604403E+2	-8.39704815E-1
3.78231664E+3	1.53708885E+2	2.98171807E-7	7.03044268E+1	-7.65748157E+1	1.03953908E+2	-8.28063034E-1
4.05565415E+3	1.46759038E+2	2.84783183E-7	6.87628129E+1	-7.32341411E+1	1.00456777E+2	-8.16876665E-1
4.34874501E+3	1.40259639E+2	2.72009665E-7	6.72150329E+1	-7.00692183E+1	9.70956030E+1	-8.06185501E-1
4.66301673E+3	1.34134347E+2	2.59807011E-7	6.56717007E+1	-6.70526529E+1	9.38553707E+1	-7.95802448E-1
5.00000000E+3	1.28373330E+2	2.48180690E-7	6.41286305E+1	-6.41866358E+1	9.07326052E+1	-7.85850220E-1
5.36133611E+3	1.22897372E+2	2.36985361E-7	6.26205100E+1	-6.14375106E+1	8.77262563E+1	-7.75862598E-1
5.74878498E+3	1.17708277E+2	2.26331729E-7	6.11150184E+1	-5.88106961E+1	8.48159389E+1	-7.66185947E-1
6.16423370E+3	1.12759893E+2	2.16085819E-7	5.96425738E+1	-5.62854647E+1	8.20078667E+1	-7.56447691E-1
6.60970574E+3	1.08054461E+2	2.06246683E-7	5.81998581E+1	-5.38658583E+1	7.93016660E+1	-7.46743695E-1
7.08737081E+3	1.03547783E+2	1.96790423E-7	5.67877837E+1	-5.15305409E+1	7.66827822E+1	-7.36901104E-1
7.59955541E+3	9.92470796E+1	1.87669670E-7	5.54152804E+1	-4.92843927E+1	7.41606682E+1	-7.26908062E-1
8.14875417E+3	9.51319638E+1	1.78854923E-7	5.40853926E+1	-4.71170855E+1	7.17303948E+1	-7.16651567E-1
8.73764200E+3	9.11907988E+1	1.70324671E-7	5.27993775E+1	-4.50226952E+1	6.93888852E+1	-7.06066772E-1
9.36908711E+3	8.74386502E+1	1.62058787E-7	5.15608202E+1	-4.30103509E+1	6.71446833E+1	-6.95230260E-1
1.00461650E+4	8.38489584E+1	1.54027789E-7	5.03721359E+1	-4.10645713E+1	6.49896231E+1	-6.83955143E-1
1.07721735E+4	8.04301389E+1	1.46226415E-7	4.92331207E+1	-3.91908984E+1	6.29271540E+1	-6.72313744E-1
1.15506485E+4	7.71714945E+1	1.38642394E-7	4.81435407E+1	-3.73832640E+1	6.09533343E+1	-6.60243992E-1
1.23853818E+4	7.40634847E+1	1.31260134E-7	4.71040510E+1	-3.56356350E+1	5.90651347E+1	-6.47667323E-1
1.32804389E+4	7.11147549E+1	1.24085106E-7	4.61131408E+1	-3.39544241E+1	5.72653883E+1	-6.34693840E-1
1.42401793E+4	6.83156765E+1	1.17112461E-7	4.51693711E+1	-3.23342543E+1	5.55497626E+1	-6.21281012E-1
1.52692775E+4	6.56688029E+1	1.10331252E-7	4.42755742E+1	-3.07765653E+1	5.39214594E+1	-6.07439147E-1
1.63727458E+4	6.31664518E+1	1.03740383E-7	4.34302426E+1	-2.92770901E+1	5.23768481E+1	-5.93143206E-1
1.75559587E+4	6.07893736E+1	9.73595286E-8	4.26230909E+1	-2.78263011E+1	5.09021706E+1	-5.78373097E-1
1.88246790E+4	5.85575624E+1	9.11751675E-8	4.18632929E+1	-2.64362821E+1	4.95117397E+1	-5.63253207E-1
2.01850863E+4	5.64551061E+1	8.51895904E-8	4.11465574E+1	-2.50976885E+1	4.81968177E+1	-5.47709698E-1
2.16438064E+4	5.44811039E+1	7.94294587E-8	4.04665751E+1	-2.38142801E+1	4.69538462E+1	-5.31915205E-1
2.32079442E+4	5.26278484E+1	7.38794498E-8	3.98258729E+1	-2.25798531E+1	4.57815463E+1	-5.15774353E-1
2.48851178E+4	5.08857920E+1	6.85416700E-8	3.92213413E+1	-2.13891341E+1	4.46744775E+1	-4.99261704E-1
2.66834962E+4	4.92567664E+1	6.34340189E-8	3.86502298E+1	-2.02470984E+1	4.36323885E+1	-4.82548615E-1
2.86118383E+4	4.77344137E+1	5.85469217E-8	3.81137619E+1	-1.91488668E+1	4.26536991E+1	-4.65576507E-1
3.06795364E+4	4.63113545E+1	5.38834215E-8	3.76090378E+1	-1.80910398E+1	4.17339847E+1	-4.48355992E-1
3.28966612E+4	4.49884634E+1	4.94496447E-8	3.71362795E+1	-1.70763251E+1	4.08742479E+1	-4.30997303E-1
3.52740116E+4	4.37511535E+1	4.52494960E-8	3.66879814E+1	-1.60976244E+1	4.00642172E+1	-4.13476798E-1
3.78231664E+4	4.26028240E+1	4.12840956E-8	3.62666723E+1	-1.51588628E+1	3.93072850E+1	-3.95912445E-1
4.05565415E+4	4.15335638E+1	3.75399085E-8	3.58710364E+1	-1.42520425E+1	3.85986007E+1	-3.78188178E-1
4.34874501E+4	4.05406889E+1	3.40241273E-8	3.54981463E+1	-1.33791216E+1	3.79357260E+1	-3.60432182E-1
4.66301673E+4	3.96210070E+1	3.07274046E-8	3.51489361E+1	-1.25374845E+1	3.73180417E+1	-3.42627567E-1
5.00000000E+4	3.87671698E+1	2.76445131E-8	3.48200913E+1	-1.17233792E+1	3.67406640E+1	-3.24763416E-1
5.36133611E+4	3.79762302E+1	2.47730911E-8	3.45101632E+1	-1.09368427E+1	3.62017389E+1	-3.06903434E-1
5.74878498E+4	3.72475398E+1	2.21039722E-8	3.42210382E+1	-1.01769357E+1	3.57022335E+1	-2.89059003E-1
6.16423370E+4	3.65708513E+1	1.96325238E-8	3.39458637E+1	-9.43967443E+0	3.52339202E+1	-2.71227641E-1
6.60970574E+4	3.59486271E+1	1.73422051E-8	3.36902253E+1	-8.72273225E+0	3.48011112E+1	-2.53346693E-1
7.08737081E+4	3.53742250E+1	1.52317658E-8	3.34485551E+1	-8.02563800E+0	3.43979173E+1	-2.35488014E-1
7.59955541E+4	3.48446534E+1	1.32912333E-8	3.32200785E+1	-7.34632510E+0	3.40226707E+1	-2.17638474E-1
8.14875417E+4	3.43556635E+1	1.15046317E-8	3.30040528E+1	-6.67896887E+0	3.36730773E+1	-1.99671579E-1
8.73764200E+4	3.39070084E+1	9.87333937E-9	3.27990668E+1	-6.02822040E+0	3.33484367E+1	-1.81763915E-1
9.36908711E+4	3.34985894E+1	8.38210391E-9	3.26076801E+1	-5.38984883E+0	3.30501329E+1	-1.63812666E-1
1.00461650E+5	3.31232797E+1	7.01803152E-9	3.24251441E+1	-4.75784978E+0	3.27723529E+1	-1.45693653E-1
1.07721735E+5	3.27828375E+1	5.78004501E-9	3.22523399E+1	-4.13639671E+0	3.25165068E+1	-1.27554746E-1
1.15506485E+5	3.24775608E+1	4.65071605E-9	3.20919270E+1	-3.51791435E+0	3.22841681E+1	-1.09183971E-1
1.23853818E+5	3.22018561E+1	3.62712708E-9	3.19379959E+1	-2.90295697E+0	3.20696546E+1	-9.06444474E-2
1.32804389E+5	3.19523689E+1	2.70084437E-9	3.17875283E+1	-2.28903059E+0	3.18698420E+1	-7.18862507E-2
1.42401793E+5	3.17366850E+1	1.86054550E-9	3.16483471E+1	-1.67204603E+0	3.16924853E+1	-5.27829433E-2
1.52692775E+5	3.15476783E+1	1.10311960E-9	3.15125494E+1	-1.05213602E+0	3.15301090E+1	-3.33754443E-2
1.63727458E+5	3.13886738E+1	4.20907526E-10	3.13828764E+1	-4.26534193E-1	3.13857749E+1	-1.35904656E-2
1.75559587E+5	3.12600821E+1	-1.92387185E-10	3.12587061E+1	2.07368001E-1	3.12593941E+1	6.63382995E-3
1.88246790E+5	3.11715235E+1	-7.25004198E-10	3.11405648E+1	8.32620713E-1	3.11560370E+1	2.67237862E-2
2.01850863E+5	3.10942496E+1	-1.23684575E-9	3.10204487E+1	1.51305310E+0	3.10573272E+1	4.87373645E-2
2.16438064E+5	3.10615233E+1	-1.67540721E-9	3.09067245E+1	2.18730612E+0	3.09840272E+1	7.06534082E-2
2.32079442E+5	3.10631554E+1	-2.06627384E-9	3.07934072E+1	2.88209132E+0	3.09279872E+1	9.33225606E-2
2.48851178E+5	3.11032159E+1	-2.41100747E-9	3.06814002E+1	3.59748148E+0	3.08915881E+1	1.16719898E-1
2.66834962E+5	3.11903975E+1	-2.71676423E-9	3.05733251E+1	4.34348102E+0	3.08803200E+1	1.41123311E-1
2.86118383E+5	3.13151262E+1	-2.97961701E-9	3.04581194E+1	5.10908713E+0	3.08836503E+1	1.66194168E-1
3.06795364E+5	3.14945678E+1	-3.20790258E-9	3.03436626E+1	5.90953676E+0	3.09137597E+1	1.92345875E-1
3.28966612E+5	3.17354823E+1	-3.40268914E-9	3.02294633E+1	6.74729355E+0	3.09733206E+1	2.19602914E-1
3.52740116E+5	3.20303408E+1	-3.56480459E-9	3.01025129E+1	7.61789150E+0	3.10514692E+1	2.47861234E-1
3.78231664E+5	3.24077625E+1	-3.69386691E-9	2.99812290E+1	8.52937942E+0	3.11708925E+1	2.77168005E-1
4.05565415E+5	3.28530962E+1	-3.79838330E-9	2.98360897E+1	9.48763182E+0	3.13082717E+1	3.07880148E-1
4.34874501E+5	3.34187613E+1	-3.87234050E-9	2.97047418E+1	1.05034860E+1	3.15070721E+1	3.39874952E-1
4.66301673E+5	3.40900527E+1	-3.92423198E-9	2.95503868E+1	1.15822364E+1	3.17391580E+1	3.73546086E-1
5.00000000E+5	3.48691482E+1	-3.94770951E-9	2.93755107E+1	1.27034273E+1	3.20046688E+1	4.08163808E-1
