Start time:20240909_14-02-13	sweep/start:500.000	sweep/stop:500000.000	sweep/samplecount:100.000	sweep/xmapping:1.000	sweep/scan:0.000	sweep/averaging/sample:10.000	sweep/settling/time:0.100	sweep/settling/inaccuracy:0.010	sweep/awgcontrol:0.000	sweep/averaging/time:0.100	sweep/averaging/tc:15.000	sweep/bandwidthcontrol:2.000	sweep/sincfilter:0.000	sweep/omegasuppression:80.000	sweep/maxbandwidth:100.000	sweep/bandwidth:1250000.000	sweep/order:8.000	sweep/bandwidthoverlap:1.000																				
Frequency	Param0		Param1		RealZ		ImagZ		AbsZ		PhaseZ		
5.00000000E+2	1.59642242E+3	8.04286021E-7	9.24332967E+1	-3.72851999E+2	3.84138687E+2	-1.32778680E+0
5.36133611E+2	1.43812922E+3	7.95681972E-7	9.06840004E+1	-3.49559221E+2	3.61130505E+2	-1.31696801E+0
5.74878498E+2	1.29392133E+3	7.87481061E-7	8.89544154E+1	-3.27394345E+2	3.39263836E+2	-1.30549679E+0
6.16423370E+2	1.16389634E+3	7.78735268E-7	8.73581499E+1	-3.06666487E+2	3.18866406E+2	-1.29328324E+0
6.60970574E+2	1.04730426E+3	7.69428840E-7	8.58467271E+1	-2.87294125E+2	2.99845928E+2	-1.28043046E+0
7.08737081E+2	9.42937359E+2	7.59420436E-7	8.44277355E+1	-2.69224758E+2	2.82152472E+2	-1.26691352E+0
7.59955541E+2	8.49245187E+2	7.48824841E-7	8.30909363E+1	-2.52310197E+2	2.65639874E+2	-1.25266160E+0
8.14875417E+2	7.65612565E+2	7.37472864E-7	8.18221326E+1	-2.36535771E+2	2.50287903E+2	-1.23776208E+0
8.73764200E+2	6.90762680E+2	7.25424727E-7	8.06196744E+1	-2.21787108E+2	2.35985284E+2	-1.22214553E+0
9.36908711E+2	6.23883535E+2	7.12570100E-7	7.94874440E+1	-2.08020783E+2	2.22690146E+2	-1.20580424E+0
1.00461650E+3	5.64253640E+2	6.98936214E-7	7.84008232E+1	-1.95169801E+2	2.10328176E+2	-1.18882038E+0
1.07721735E+3	5.11071179E+2	6.84493271E-7	7.73625142E+1	-1.83174207E+2	1.98841015E+2	-1.17117754E+0
1.15506485E+3	4.63656607E+2	6.69316606E-7	7.63525438E+1	-1.71964087E+2	1.88152488E+2	-1.15294082E+0
1.23853818E+3	4.21396140E+2	6.53181246E-7	7.54103897E+1	-1.61526832E+2	1.78262853E+2	-1.13401056E+0
1.32804389E+3	3.83772320E+2	6.36340461E-7	7.44825610E+1	-1.51778428E+2	1.69069050E+2	-1.11459041E+0
1.42401793E+3	3.50299104E+2	6.18636016E-7	7.35987750E+1	-1.42705305E+2	1.60566447E+2	-1.09463648E+0
1.52692775E+3	3.20478507E+2	6.00242485E-7	7.27364056E+1	-1.34238107E+2	1.52677615E+2	-1.07423479E+0
1.63727458E+3	2.93901476E+2	5.81194104E-7	7.18972834E+1	-1.26338819E+2	1.45364084E+2	-1.05342014E+0
1.75559587E+3	2.70305753E+2	5.61537388E-7	7.10705063E+1	-1.18994744E+2	1.38602908E+2	-1.03239579E+0
1.88246790E+3	2.49282044E+2	5.41415423E-7	7.02530570E+1	-1.12148708E+2	1.32336031E+2	-1.01117101E+0
2.01850863E+3	2.30557842E+2	5.20897675E-7	6.94454011E+1	-1.05775789E+2	1.26535297E+2	-9.89841495E-1
2.16438064E+3	2.13865661E+2	5.00057346E-7	6.86525936E+1	-9.98461477E+1	1.21171086E+2	-9.68452078E-1
2.32079442E+3	1.98978310E+2	4.79123765E-7	6.78506833E+1	-9.43244334E+1	1.16193004E+2	-9.47212652E-1
2.48851178E+3	1.85675460E+2	4.58133790E-7	6.70545692E+1	-8.91856067E+1	1.11581306E+2	-9.26109612E-1
2.66834962E+3	1.73776489E+2	4.37245488E-7	6.62548776E+1	-8.44027889E+1	1.07301164E+2	-9.05278498E-1
2.86118383E+3	1.63141208E+2	4.16583007E-7	6.54467621E+1	-7.99611457E+1	1.03329878E+2	-8.84887002E-1
3.06795364E+3	1.53575681E+2	3.96272998E-7	6.46299588E+1	-7.58192455E+1	9.96272540E+1	-8.64898104E-1
3.28966612E+3	1.44978616E+2	3.76387307E-7	6.38065604E+1	-7.19674204E+1	9.61799708E+1	-8.45432153E-1
3.52740116E+3	1.37224347E+2	3.57062000E-7	6.29675781E+1	-6.83795931E+1	9.29552834E+1	-8.26578761E-1
3.78231664E+3	1.30197639E+2	3.38394921E-7	6.21083062E+1	-6.50300929E+1	8.99241611E+1	-8.08375269E-1
4.05565415E+3	1.23824269E+2	3.20403784E-7	6.12358393E+1	-6.19084387E+1	8.70774537E+1	-7.90859990E-1
4.34874501E+3	1.18017060E+2	3.03141213E-7	6.03488699E+1	-5.89933030E+1	8.43931042E+1	-7.74039993E-1
4.66301673E+3	1.12701486E+2	2.86613132E-7	5.94522468E+1	-5.62653245E+1	8.18557052E+1	-7.57864603E-1
5.00000000E+3	1.07835790E+2	2.70847142E-7	5.85451141E+1	-5.37189726E+1	7.94560163E+1	-7.42435430E-1
5.36133611E+3	1.03310675E+2	2.55916664E-7	5.76118427E+1	-5.13107572E+1	7.71486766E+1	-7.27613362E-1
5.74878498E+3	9.91205069E+1	2.41753067E-7	5.66670267E+1	-4.90480625E+1	7.49457430E+1	-7.13451825E-1
6.16423370E+3	9.52319945E+1	2.28284439E-7	5.57243404E+1	-4.69205482E+1	7.28473749E+1	-6.99838144E-1
6.60970574E+3	9.15858252E+1	2.15560233E-7	5.47686816E+1	-4.49046364E+1	7.08239711E+1	-6.86755606E-1
7.08737081E+3	8.81594100E+1	2.03501327E-7	5.38126259E+1	-4.29917502E+1	6.88773499E+1	-6.74079416E-1
7.59955541E+3	8.49223493E+1	1.92112749E-7	5.28496917E+1	-4.11707419E+1	6.69934321E+1	-6.61814055E-1
8.14875417E+3	8.18651586E+1	1.81309044E-7	5.18943089E+1	-3.94375007E+1	6.51792590E+1	-6.49843891E-1
8.73764200E+3	7.89646399E+1	1.71067156E-7	5.09455890E+1	-3.77815694E+1	6.34263357E+1	-6.38107454E-1
9.36908711E+3	7.62004915E+1	1.61356652E-7	5.00037942E+1	-3.61930134E+1	6.17277383E+1	-6.26524688E-1
1.00461650E+4	7.35678268E+1	1.52117568E-7	4.90781466E+1	-3.46685458E+1	6.00880402E+1	-6.15004870E-1
1.07721735E+4	7.10591760E+1	1.43327710E-7	4.81695153E+1	-3.32051775E+1	5.85054360E+1	-6.03535770E-1
1.15506485E+4	6.86559019E+1	1.34942198E-7	4.72807859E+1	-3.17904426E+1	5.69745995E+1	-5.91944474E-1
1.23853818E+4	6.63619975E+1	1.26962880E-7	4.64101232E+1	-3.04297367E+1	5.54965626E+1	-5.80351007E-1
1.32804389E+4	6.41693943E+1	1.19337652E-7	4.55646565E+1	-2.91156050E+1	5.40726955E+1	-5.68600169E-1
1.42401793E+4	6.20710461E+1	1.12048589E-7	4.47442344E+1	-2.78437583E+1	5.27002981E+1	-5.56646062E-1
1.52692775E+4	6.00724824E+1	1.05077288E-7	4.39529184E+1	-2.66176942E+1	5.13844417E+1	-5.44523772E-1
1.63727458E+4	5.81636881E+1	9.84025545E-8	4.31906684E+1	-2.54301872E+1	5.01211382E+1	-5.32135279E-1
1.75559587E+4	5.63365548E+1	9.20196763E-8	4.24539983E+1	-2.42769422E+1	4.89051324E+1	-5.19457062E-1
1.88246790E+4	5.46029393E+1	8.59392115E-8	4.17435779E+1	-2.31688508E+1	4.77422457E+1	-5.06695212E-1
2.01850863E+4	5.29478425E+1	8.00956090E-8	4.10674096E+1	-2.20884251E+1	4.66307915E+1	-4.93473186E-1
2.16438064E+4	5.13819950E+1	7.45256541E-8	4.04206501E+1	-2.10491013E+1	4.55729485E+1	-4.80110406E-1
2.32079442E+4	4.98930842E+1	6.92113057E-8	3.98013524E+1	-2.00415696E+1	4.45624530E+1	-4.66475537E-1
2.48851178E+4	4.84849848E+1	6.41486197E-8	3.92115188E+1	-1.90689931E+1	4.36024065E+1	-4.52636559E-1
2.66834962E+4	4.71454032E+1	5.93184803E-8	3.86488849E+1	-1.81212826E+1	4.26862654E+1	-4.38434510E-1
2.86118383E+4	4.58868460E+1	5.47449470E-8	3.81136958E+1	-1.72123013E+1	4.18200581E+1	-4.24187078E-1
3.06795364E+4	4.46914955E+1	5.04080614E-8	3.76005888E+1	-1.63285714E+1	4.09930060E+1	-4.09690856E-1
3.28966612E+4	4.35691512E+1	4.62868081E-8	3.71194752E+1	-1.54728334E+1	4.02152213E+1	-3.94937685E-1
3.52740116E+4	4.25100412E+1	4.23963552E-8	3.66606609E+1	-1.46438427E+1	3.94771605E+1	-3.80026074E-1
3.78231664E+4	4.15112037E+1	3.87251873E-8	3.62243867E+1	-1.38387750E+1	3.87778016E+1	-3.64919005E-1
4.05565415E+4	4.05736141E+1	3.52641745E-8	3.58128632E+1	-1.30574159E+1	3.81189886E+1	-3.49622969E-1
4.34874501E+4	3.96929801E+1	3.20235160E-8	3.54202564E+1	-1.23020710E+1	3.74958069E+1	-3.34282969E-1
4.66301673E+4	3.88667982E+1	2.89782530E-8	3.50501229E+1	-1.15661110E+1	3.69091595E+1	-3.18736505E-1
5.00000000E+4	3.80909725E+1	2.61346602E-8	3.46972759E+1	-1.08513597E+1	3.63545455E+1	-3.03107011E-1
5.36133611E+4	3.73643058E+1	2.34748876E-8	3.43642229E+1	-1.01535958E+1	3.58328806E+1	-2.87295635E-1
5.74878498E+4	3.66871780E+1	2.09993587E-8	3.40503931E+1	-9.47541837E+0	3.53442050E+1	-2.71409629E-1
6.16423370E+4	3.60524995E+1	1.86992329E-8	3.37514362E+1	-8.81272839E+0	3.48829992E+1	-2.55404467E-1
6.60970574E+4	3.54623237E+1	1.65617783E-8	3.34710035E+1	-8.16403561E+0	3.44522795E+1	-2.39242206E-1
7.08737081E+4	3.49121730E+1	1.45828573E-8	3.32053923E+1	-7.52823460E+0	3.40480895E+1	-2.22948326E-1
7.59955541E+4	3.44015587E+1	1.27552155E-8	3.29548300E+1	-6.90483073E+0	3.36704250E+1	-2.06536343E-1
8.14875417E+4	3.39243587E+1	1.10717872E-8	3.27144821E+1	-6.29130160E+0	3.33139284E+1	-1.89989910E-1
8.73764200E+4	3.34860525E+1	9.52131846E-9	3.24905831E+1	-5.68712339E+0	3.29845626E+1	-1.73283635E-1
9.36908711E+4	3.30786129E+1	8.09435427E-9	3.22767442E+1	-5.08740538E+0	3.26752189E+1	-1.56332150E-1
1.00461650E+5	3.27030608E+1	6.78608762E-9	3.20736636E+1	-4.49300193E+0	3.23868333E+1	-1.39178168E-1
1.07721735E+5	3.23598966E+1	5.59189854E-9	3.18816627E+1	-3.90472611E+0	3.21198896E+1	-1.21868674E-1
1.15506485E+5	3.20484386E+1	4.49610398E-9	3.17017477E+1	-3.31522222E+0	3.18746218E+1	-1.04196649E-1
1.23853818E+5	3.17630714E+1	3.49878200E-9	3.15272712E+1	-2.72655970E+0	3.16449517E+1	-8.62679336E-2
1.32804389E+5	3.15146516E+1	2.59736055E-9	3.13683038E+1	-2.14253086E+0	3.14413926E+1	-6.81965648E-2
1.42401793E+5	3.12816825E+1	1.76505201E-9	3.12055240E+1	-1.54160960E+0	3.12435801E+1	-4.93616876E-2
1.52692775E+5	3.10854922E+1	1.01448099E-9	3.10570630E+1	-9.39637531E-1	3.10712743E+1	-3.02459710E-2
1.63727458E+5	3.09169963E+1	3.35487281E-10	3.09134762E+1	-3.29854756E-1	3.09152362E+1	-1.06698507E-2
1.75559587E+5	3.07786713E+1	-2.77633770E-10	3.07759365E+1	2.90093322E-1	3.07773039E+1	9.42570081E-3
1.88246790E+5	3.06659104E+1	-8.67517386E-10	3.06295932E+1	9.63624359E-1	3.06477434E+1	3.14498113E-2
2.01850863E+5	3.05974672E+1	-1.32771321E-9	3.05164574E+1	1.57229612E+0	3.05569355E+1	5.14773729E-2
2.16438064E+5	3.05572060E+1	-1.77258783E-9	3.03923007E+1	2.23871357E+0	3.04746419E+1	7.35277535E-2
2.32079442E+5	3.05531012E+1	-2.16716182E-9	3.02709040E+1	2.92272906E+0	3.04116753E+1	9.62540560E-2
2.48851178E+5	3.05888789E+1	-2.51857570E-9	3.01513730E+1	3.63199419E+0	3.03693381E+1	1.19881067E-1
2.66834962E+5	3.06696633E+1	-2.82786751E-9	3.00346165E+1	4.36729661E+0	3.03504790E+1	1.44396755E-1
2.86118383E+5	3.07951579E+1	-3.09658410E-9	2.99159630E+1	5.12854186E+0	3.03523772E+1	1.69781232E-1
3.06795364E+5	3.09689172E+1	-3.33018754E-9	2.97914764E+1	5.92264028E+0	3.03744920E+1	1.96244513E-1
3.28966612E+5	3.12096906E+1	-3.52671501E-9	2.96738103E+1	6.75094585E+0	3.04320626E+1	2.23697674E-1
3.52740116E+5	3.15144809E+1	-3.69489024E-9	2.95465897E+1	7.62524367E+0	3.05146756E+1	2.52564346E-1
3.78231664E+5	3.18974932E+1	-3.82927468E-9	2.94186717E+1	8.53952454E+0	3.06330192E+1	2.82511720E-1
4.05565415E+5	3.23663374E+1	-3.92868079E-9	2.92909746E+1	9.49105993E+0	3.07902834E+1	3.13351436E-1
4.34874501E+5	3.29239948E+1	-4.00765139E-9	2.91366651E+1	1.05047592E+1	3.09724940E+1	3.46028223E-1
4.66301673E+5	3.35935823E+1	-4.05372392E-9	2.89802114E+1	1.15626909E+1	3.12017472E+1	3.79631603E-1
NaN	NaN	NaN	NaN	NaN	NaN	NaN
