Start time:20240907_05-11-34	sweep/start:500.000	sweep/stop:500000.000	sweep/samplecount:100.000	sweep/xmapping:1.000	sweep/scan:0.000	sweep/averaging/sample:10.000	sweep/settling/time:0.100	sweep/settling/inaccuracy:0.010	sweep/awgcontrol:0.000	sweep/averaging/time:0.100	sweep/averaging/tc:15.000	sweep/bandwidthcontrol:2.000	sweep/sincfilter:0.000	sweep/omegasuppression:80.000	sweep/maxbandwidth:100.000	sweep/bandwidth:1250000.000	sweep/order:8.000	sweep/bandwidthoverlap:1.000																				
Frequency	Param0		Param1		RealZ		ImagZ		AbsZ		PhaseZ		
5.00000000E+2	1.41203902E+3	7.44607348E-7	1.18553395E+2	-3.91595517E+2	4.09147849E+2	-1.27682352E+0
5.36133611E+2	1.27949854E+3	7.33611431E-7	1.16338154E+2	-3.67858513E+2	3.85816609E+2	-1.26449158E+0
5.74878498E+2	1.15774342E+3	7.22978334E-7	1.14166221E+2	-3.45168406E+2	3.63559016E+2	-1.25136795E+0
6.16423370E+2	1.04799221E+3	7.11643399E-7	1.12160290E+2	-3.23980134E+2	3.42845539E+2	-1.23751530E+0
6.60970574E+2	9.49871936E+2	6.99789766E-7	1.10186314E+2	-3.04173973E+2	3.23516362E+2	-1.22325238E+0
7.08737081E+2	8.61855180E+2	6.87139277E-7	1.08343302E+2	-2.85723518E+2	3.05575203E+2	-1.20835791E+0
7.59955541E+2	7.82880597E+2	6.73902504E-7	1.06567900E+2	-2.68464505E+2	2.88842366E+2	-1.19291909E+0
8.14875417E+2	7.12270827E+2	6.59861961E-7	1.04887618E+2	-2.52402373E+2	2.73328325E+2	-1.17695094E+0
8.73764200E+2	6.49040901E+2	6.45205022E-7	1.03259688E+2	-2.37396683E+2	2.58881730E+2	-1.16051405E+0
9.36908711E+2	5.92628128E+2	6.29906412E-7	1.01666280E+2	-2.23414983E+2	2.45459342E+2	-1.14374598E+0
1.00461650E+3	5.42195500E+2	6.13925773E-7	1.00133490E+2	-2.10392973E+2	2.33006267E+2	-1.12658496E+0
1.07721735E+3	4.97114770E+2	5.97358792E-7	9.86395560E+1	-1.98255912E+2	2.21438865E+2	-1.10912145E+0
1.15506485E+3	4.56962258E+2	5.80294617E-7	9.71505222E+1	-1.86964953E+2	2.10699118E+2	-1.09157707E+0
1.23853818E+3	4.20932405E+2	5.62760582E-7	9.57053283E+1	-1.76425513E+2	2.00712411E+2	-1.07375364E+0
1.32804389E+3	3.88792147E+2	5.44849845E-7	9.42652723E+1	-1.66624287E+2	1.91440840E+2	-1.05595245E+0
1.42401793E+3	3.60106081E+2	5.26667165E-7	9.28217056E+1	-1.57511238E+2	1.82826857E+2	-1.03828006E+0
1.52692775E+3	3.34400701E+2	5.08279390E-7	9.13885707E+1	-1.49025266E+2	1.74815335E+2	-1.02069683E+0
1.63727458E+3	3.11373553E+2	4.89828325E-7	8.99453815E+1	-1.41125619E+2	1.67351762E+2	-1.00337056E+0
1.75559587E+3	2.90729907E+2	4.71411096E-7	8.84878471E+1	-1.33775796E+2	1.60393463E+2	-9.86404355E-1
1.88246790E+3	2.72153338E+2	4.53144922E-7	8.70130620E+1	-1.26923683E+2	1.53885979E+2	-9.69831477E-1
2.01850863E+3	2.55393194E+2	4.35073437E-7	8.55321072E+1	-1.20534542E+2	1.47798232E+2	-9.53652030E-1
2.16438064E+3	2.40300068E+2	4.17364397E-7	8.40143776E+1	-1.14587277E+2	1.42086805E+2	-9.38139957E-1
2.32079442E+3	2.26589466E+2	4.00042058E-7	8.24824215E+1	-1.09024297E+2	1.36710085E+2	-9.23115857E-1
2.48851178E+3	2.14140534E+2	3.83167485E-7	8.09317195E+1	-1.03830716E+2	1.31646349E+2	-9.08706882E-1
2.66834962E+3	2.02772124E+2	3.66863255E-7	7.93473265E+1	-9.89617458E+1	1.26844100E+2	-8.94960026E-1
2.86118383E+3	1.92355751E+2	3.51098496E-7	7.77485576E+1	-9.43956740E+1	1.22292198E+2	-8.81802866E-1
3.06795364E+3	1.82769847E+2	3.35884139E-7	7.61420974E+1	-9.01047145E+1	1.17968127E+2	-8.69188791E-1
3.28966612E+3	1.73934181E+2	3.21305767E-7	7.45107032E+1	-8.60703956E+1	1.13841811E+2	-8.57260836E-1
3.52740116E+3	1.65727565E+2	3.07334680E-7	7.28687259E+1	-8.22587690E+1	1.09892476E+2	-8.45855528E-1
3.78231664E+3	1.58081915E+2	2.93966830E-7	7.12191791E+1	-7.86529880E+1	1.06105910E+2	-8.34958540E-1
4.05565415E+3	1.50927008E+2	2.81143048E-7	6.95788752E+1	-7.52337079E+1	1.02476002E+2	-8.24427657E-1
4.34874501E+3	1.44195048E+2	2.68958979E-7	6.79220183E+1	-7.19765093E+1	9.89647339E+1	-8.14371706E-1
4.66301673E+3	1.37832962E+2	2.57241948E-7	6.62928092E+1	-6.88665192E+1	9.55894038E+1	-8.04437907E-1
5.00000000E+3	1.31847547E+2	2.46012390E-7	6.46824024E+1	-6.59120831E+1	9.23483405E+1	-7.94813905E-1
5.36133611E+3	1.26137470E+2	2.35300188E-7	6.30804553E+1	-6.30687332E+1	8.92009473E+1	-7.85305240E-1
5.74878498E+3	1.20712508E+2	2.24964315E-7	6.15204678E+1	-6.03450240E+1	8.61759243E+1	-7.75753043E-1
6.16423370E+3	1.15551530E+2	2.15079130E-7	5.99786733E+1	-5.77337519E+1	8.32503900E+1	-7.66329241E-1
6.60970574E+3	1.10619487E+2	2.05531861E-7	5.84808767E+1	-5.52187605E+1	8.04308678E+1	-7.56715383E-1
7.08737081E+3	1.05911288E+2	1.96305109E-7	5.70276679E+1	-5.27988523E+1	7.77166247E+1	-7.46912672E-1
7.59955541E+3	1.01405333E+2	1.87398525E-7	5.56145271E+1	-5.04641843E+1	7.50973340E+1	-7.36884175E-1
8.14875417E+3	9.71003699E+1	1.78753698E-7	5.42533534E+1	-4.82140456E+1	7.25811313E+1	-7.26527448E-1
8.73764200E+3	9.29865553E+1	1.70386789E-7	5.29358443E+1	-4.60447405E+1	7.01592601E+1	-7.15889562E-1
9.36908711E+3	8.90680970E+1	1.62231608E-7	5.16770664E+1	-4.39574647E+1	6.78437759E+1	-7.04852981E-1
1.00461650E+4	8.53282129E+1	1.54294894E-7	5.04710946E+1	-4.19437345E+1	6.56247536E+1	-6.93386074E-1
1.07721735E+4	8.17625621E+1	1.46570298E-7	4.93166087E+1	-4.00015545E+1	6.35000179E+1	-6.81483117E-1
1.15506485E+4	7.83737733E+1	1.39033971E-7	4.82182314E+1	-3.81319658E+1	6.14739351E+1	-6.69118564E-1
1.23853818E+4	7.51524909E+1	1.31704931E-7	4.71680232E+1	-3.63314182E+1	5.95381760E+1	-6.56338948E-1
1.32804389E+4	7.20894373E+1	1.24557282E-7	4.61699838E+1	-3.45933620E+1	5.76920110E+1	-6.43027895E-1
1.42401793E+4	6.91961825E+1	1.17591791E-7	4.52250702E+1	-3.29256010E+1	5.59410600E+1	-6.29297088E-1
1.52692775E+4	6.64537255E+1	1.10814040E-7	4.43278074E+1	-3.13176164E+1	5.42747440E+1	-6.15075362E-1
1.63727458E+4	6.38688289E+1	1.04242506E-7	4.34746387E+1	-2.97763259E+1	5.26941564E+1	-6.00528222E-1
1.75559587E+4	6.14241720E+1	9.78408063E-8	4.26714318E+1	-2.82879143E+1	5.11962627E+1	-5.85407028E-1
1.88246790E+4	5.91323615E+1	9.16585369E-8	4.19089837E+1	-2.68665994E+1	4.97812931E+1	-5.70072030E-1
2.01850863E+4	5.69784797E+1	8.56541422E-8	4.11954940E+1	-2.54987807E+1	4.84484943E+1	-5.54251480E-1
2.16438064E+4	5.49485387E+1	7.98585279E-8	4.05192892E+1	-2.41798038E+1	4.71855457E+1	-5.38024874E-1
2.32079442E+4	5.30474393E+1	7.42836169E-8	3.98799571E+1	-2.29154655E+1	4.59948865E+1	-5.21541941E-1
2.48851178E+4	5.12636021E+1	6.89309189E-8	3.92742913E+1	-2.16995650E+1	4.48702742E+1	-5.04770671E-1
2.66834962E+4	4.96035463E+1	6.37819712E-8	3.87115569E+1	-2.05340152E+1	4.38204346E+1	-4.87699140E-1
2.86118383E+4	4.80500897E+1	5.88821906E-8	3.81741743E+1	-1.94166091E+1	4.28284071E+1	-4.70529403E-1
3.06795364E+4	4.66037683E+1	5.41943697E-8	3.76738458E+1	-1.83418778E+1	4.19015891E+1	-4.53080237E-1
3.28966612E+4	4.52509402E+1	4.97403933E-8	3.71994913E+1	-1.73063512E+1	4.10281849E+1	-4.35447468E-1
3.52740116E+4	4.39943755E+1	4.55193446E-8	3.67540097E+1	-1.63129536E+1	4.02115618E+1	-4.17720700E-1
3.78231664E+4	4.28279853E+1	4.15295829E-8	3.63359298E+1	-1.53588691E+1	3.94486332E+1	-3.99913247E-1
4.05565415E+4	4.17429767E+1	3.77677976E-8	3.59420822E+1	-1.44393979E+1	3.87340870E+1	-3.82006096E-1
4.34874501E+4	4.07364785E+1	3.42344746E-8	3.55713380E+1	-1.35547389E+1	3.80664031E+1	-3.64071090E-1
4.66301673E+4	3.98035719E+1	3.09211906E-8	3.52234028E+1	-1.27015406E+1	3.74435207E+1	-3.46086178E-1
5.00000000E+4	3.89390993E+1	2.78209651E-8	3.48970245E+1	-1.18767157E+1	3.68627007E+1	-3.28039709E-1
5.36133611E+4	3.81384251E+1	2.49402230E-8	3.45874284E+1	-1.10824111E+1	3.63195546E+1	-3.10081456E-1
5.74878498E+4	3.73979247E+1	2.22599550E-8	3.42968665E+1	-1.03129321E+1	3.58138469E+1	-2.92095245E-1
6.16423370E+4	3.67148328E+1	1.97764970E-8	3.40240088E+1	-9.56831276E+0	3.53438226E+1	-2.74141857E-1
6.60970574E+4	3.60834067E+1	1.74777770E-8	3.37670542E+1	-8.84400318E+0	3.49060217E+1	-2.56158337E-1
7.08737081E+4	3.55018389E+1	1.53593149E-8	3.35251161E+1	-8.14062975E+0	3.44993228E+1	-2.38211404E-1
7.59955541E+4	3.49650466E+1	1.34114037E-8	3.32957201E+1	-7.45529468E+0	3.41201759E+1	-2.20278151E-1
8.14875417E+4	3.44733997E+1	1.16237797E-8	3.30809387E+1	-6.78703967E+0	3.37699929E+1	-2.02356615E-1
8.73764200E+4	3.40206787E+1	9.98390746E-9	3.28774489E+1	-6.13078030E+0	3.34441793E+1	-1.84356341E-1
9.36908711E+4	3.36055123E+1	8.48303832E-9	3.26850054E+1	-5.48513939E+0	3.31420632E+1	-1.66268893E-1
1.00461650E+5	3.32276692E+1	7.12080028E-9	3.25026708E+1	-4.85431451E+0	3.28631708E+1	-1.48255412E-1
1.07721735E+5	3.28819738E+1	5.87159037E-9	3.23298987E+1	-4.22475151E+0	3.26047678E+1	-1.29940007E-1
1.15506485E+5	3.25690381E+1	4.73749895E-9	3.21656957E+1	-3.60191327E+0	3.23667386E+1	-1.11515390E-1
1.23853818E+5	3.22862176E+1	3.71039601E-9	3.20080460E+1	-2.98391101E+0	3.21468309E+1	-9.29551186E-2
1.32804389E+5	3.20266827E+1	2.77804673E-9	3.18511219E+1	-2.36465438E+0	3.19387817E+1	-7.41049681E-2
1.42401793E+5	3.18147868E+1	1.93617575E-9	3.17184370E+1	-1.74815885E+0	3.17665754E+1	-5.50592066E-2
1.52692775E+5	3.16234836E+1	1.17431069E-9	3.15833930E+1	-1.12525200E+0	3.16034319E+1	-3.56129039E-2
1.63727458E+5	3.14592314E+1	4.88585328E-10	3.14513675E+1	-4.97312519E-1	3.14552992E+1	-1.58107946E-2
1.75559587E+5	3.13277048E+1	-1.28114331E-10	3.13270905E+1	1.38691703E-1	3.13273976E+1	4.42718555E-3
1.88246790E+5	3.12156313E+1	-6.79823192E-10	3.11886583E+1	7.82729966E-1	3.12021395E+1	2.50901119E-2
2.01850863E+5	3.11547633E+1	-1.17834477E-9	3.10873725E+1	1.44740931E+0	3.11210496E+1	4.65257951E-2
2.16438064E+5	3.11157656E+1	-1.62137812E-9	3.09699852E+1	2.12480611E+0	3.10427898E+1	6.85012130E-2
2.32079442E+5	3.11124854E+1	-2.01598527E-9	3.08543809E+1	2.82199010E+0	3.09831644E+1	9.12078038E-2
2.48851178E+5	3.11510300E+1	-2.36422046E-9	3.07433572E+1	3.54022794E+0	3.09465223E+1	1.14649251E-1
2.66834962E+5	3.12268369E+1	-2.66901759E-9	3.06287874E+1	4.27988307E+0	3.09263665E+1	1.38835028E-1
2.86118383E+5	3.13547940E+1	-2.93875583E-9	3.05173915E+1	5.05522507E+0	3.09332592E+1	1.64159934E-1
3.06795364E+5	3.15266293E+1	-3.16913789E-9	3.03990305E+1	5.85473240E+0	3.09576963E+1	1.90266323E-1
3.28966612E+5	3.17584802E+1	-3.36571182E-9	3.02803949E+1	6.69005772E+0	3.10106323E+1	2.17443796E-1
3.52740116E+5	3.20601789E+1	-3.53040662E-9	3.01621034E+1	7.56636054E+0	3.10966625E+1	2.45784616E-1
3.78231664E+5	3.24273597E+1	-3.66409582E-9	3.00327830E+1	8.48031021E+0	3.12071121E+1	2.75203583E-1
4.05565415E+5	3.28914735E+1	-3.76695424E-9	2.99098952E+1	9.44342284E+0	3.13652751E+1	3.05823838E-1
4.34874501E+5	3.34405598E+1	-3.85027711E-9	2.97574389E+1	1.04689822E+1	3.15452904E+1	3.38286994E-1
4.66301673E+5	3.40868939E+1	-3.89571025E-9	2.96054599E+1	1.15183991E+1	3.17672470E+1	3.71042792E-1
5.00000000E+5	3.48701595E+1	-3.92213631E-9	2.94359838E+1	1.26475040E+1	3.20380602E+1	4.05812159E-1
