Start time:20240906_08-47-29	sweep/start:500.000	sweep/stop:500000.000	sweep/samplecount:100.000	sweep/xmapping:1.000	sweep/scan:0.000	sweep/averaging/sample:10.000	sweep/settling/time:0.100	sweep/settling/inaccuracy:0.010	sweep/awgcontrol:0.000	sweep/averaging/time:0.100	sweep/averaging/tc:15.000	sweep/bandwidthcontrol:2.000	sweep/sincfilter:0.000	sweep/omegasuppression:80.000	sweep/maxbandwidth:100.000	sweep/bandwidth:1250000.000	sweep/order:8.000	sweep/bandwidthoverlap:1.000																				
Frequency	Param0		Param1		RealZ		ImagZ		AbsZ		PhaseZ		
5.00000000E+2	1.40664380E+3	7.33453480E-7	1.22259323E+2	-3.96267506E+2	4.14699026E+2	-1.27153484E+0
5.36133611E+2	1.27188051E+3	7.23414432E-7	1.19913364E+2	-3.71666708E+2	3.90532159E+2	-1.25870333E+0
5.74878498E+2	1.15099468E+3	7.12573553E-7	1.17731648E+2	-3.48780254E+2	3.68114678E+2	-1.24525335E+0
6.16423370E+2	1.04236527E+3	7.01117601E-7	1.15664508E+2	-3.27393259E+2	3.47224177E+2	-1.23119426E+0
6.60970574E+2	9.44898007E+2	6.88954358E-7	1.13715996E+2	-3.07438830E+2	3.27795621E+2	-1.21652047E+0
7.08737081E+2	8.57543104E+2	6.76178242E-7	1.11841030E+2	-2.88790660E+2	3.09690921E+2	-1.20130880E+0
7.59955541E+2	7.79567669E+2	6.62593381E-7	1.10057449E+2	-2.71448983E+2	2.92911587E+2	-1.18560541E+0
8.14875417E+2	7.09637509E+2	6.48489317E-7	1.08314573E+2	-2.55209758E+2	2.77243701E+2	-1.16942220E+0
8.73764200E+2	6.47248026E+2	6.33572116E-7	1.06656533E+2	-2.40119979E+2	2.62741740E+2	-1.15279269E+0
9.36908711E+2	5.91412851E+2	6.18044824E-7	1.05047742E+2	-2.26034386E+2	2.49252030E+2	-1.13575056E+0
1.00461650E+3	5.41582940E+2	6.01927018E-7	1.03468785E+2	-2.12911090E+2	2.36721193E+2	-1.11843413E+0
1.07721735E+3	4.97018989E+2	5.85189783E-7	1.01946250E+2	-2.00689262E+2	2.25098242E+2	-1.10078465E+0
1.15506485E+3	4.57306898E+2	5.67996472E-7	1.00425624E+2	-1.89314602E+2	2.14301950E+2	-1.08307128E+0
1.23853818E+3	4.21774869E+2	5.50384815E-7	9.89287948E+1	-1.78714208E+2	2.04268636E+2	-1.06522506E+0
1.32804389E+3	3.90275055E+2	5.32287464E-7	9.74518564E+1	-1.68926331E+2	1.95020472E+2	-1.04754313E+0
1.42401793E+3	3.62111592E+2	5.13683333E-7	9.60529965E+1	-1.59861547E+2	1.86499049E+2	-1.02975122E+0
1.52692775E+3	3.36643754E+2	4.95330761E-7	9.45803322E+1	-1.51309049E+2	1.78437301E+2	-1.01213916E+0
1.63727458E+3	3.13848429E+2	4.77066272E-7	9.30619872E+1	-1.43341620E+2	1.70901594E+2	-9.94961077E-1
1.75559587E+3	2.93385043E+2	4.58869423E-7	9.15319144E+1	-1.35926443E+2	1.63872178E+2	-9.78151496E-1
1.88246790E+3	2.74984502E+2	4.40699996E-7	9.00244605E+1	-1.29038465E+2	1.57338265E+2	-9.61645247E-1
2.01850863E+3	2.58351142E+2	4.22828680E-7	8.84939220E+1	-1.22602317E+2	1.51203517E+2	-9.45591137E-1
2.16438064E+3	2.43346212E+2	4.05373104E-7	8.69204852E+1	-1.16604446E+2	1.45436476E+2	-9.30226256E-1
2.32079442E+3	2.29670898E+2	3.88367883E-7	8.53245728E+1	-1.10978766E+2	1.39987749E+2	-9.15348186E-1
2.48851178E+3	2.17322573E+2	3.71861078E-7	8.36933779E+1	-1.05753850E+2	1.34864595E+2	-9.01322608E-1
2.66834962E+3	2.05984284E+2	3.55794024E-7	8.20729889E+1	-1.00845269E+2	1.30022093E+2	-8.87666744E-1
2.86118383E+3	1.95610908E+2	3.40386080E-7	8.04061669E+1	-9.62453622E+1	1.25412608E+2	-8.74822527E-1
3.06795364E+3	1.86047009E+2	3.25530793E-7	7.87343363E+1	-9.19194835E+1	1.21030110E+2	-8.62507511E-1
3.28966612E+3	1.77196777E+2	3.11295521E-7	7.70443416E+1	-8.78417740E+1	1.16841809E+2	-8.50788977E-1
3.52740116E+3	1.68980694E+2	2.97659903E-7	7.53452602E+1	-8.39939594E+1	1.12835694E+2	-8.39623484E-1
3.78231664E+3	1.61317763E+2	2.84628234E-7	7.36381426E+1	-8.03527449E+1	1.08991468E+2	-8.28974453E-1
4.05565415E+3	1.54163891E+2	2.72180554E-7	7.19282072E+1	-7.69094578E+1	1.05303048E+2	-8.18853351E-1
4.34874501E+3	1.47395312E+2	2.60319049E-7	7.02158270E+1	-7.36153571E+1	1.01732411E+2	-8.09029325E-1
4.66301673E+3	1.41033856E+2	2.48978453E-7	6.85151057E+1	-7.04885054E+1	9.83003018E+1	-7.99593959E-1
5.00000000E+3	1.35029960E+2	2.38111958E-7	6.68370130E+1	-6.75115729E+1	9.49999946E+1	-7.90419094E-1
5.36133611E+3	1.29272433E+2	2.27679139E-7	6.51895453E+1	-6.46338466E+1	9.17998422E+1	-7.81117769E-1
5.74878498E+3	1.23800642E+2	2.17699936E-7	6.35622385E+1	-6.18780042E+1	8.87076420E+1	-7.71972381E-1
6.16423370E+3	1.18613068E+2	2.08142247E-7	6.19605812E+1	-5.92471161E+1	8.57282598E+1	-7.63014997E-1
6.60970574E+3	1.13636777E+2	1.98929275E-7	6.04010160E+1	-5.67053236E+1	8.28479128E+1	-7.53850200E-1
7.08737081E+3	1.08879155E+2	1.90043093E-7	5.88844295E+1	-5.42578161E+1	8.00705114E+1	-7.44528927E-1
7.59955541E+3	1.04335253E+2	1.81464008E-7	5.74123678E+1	-5.19033117E+1	7.73959549E+1	-7.35044919E-1
8.14875417E+3	9.99798780E+1	1.73165640E-7	5.59872463E+1	-4.96288833E+1	7.48170966E+1	-7.25268157E-1
8.73764200E+3	9.58147892E+1	1.65129327E-7	5.46107442E+1	-4.74360983E+1	7.23361382E+1	-7.15206288E-1
9.36908711E+3	9.18374499E+1	1.57308033E-7	5.32927920E+1	-4.53227568E+1	6.99590884E+1	-7.04754189E-1
1.00461650E+4	8.80313142E+1	1.49700724E-7	5.20291176E+1	-4.32800460E+1	6.76771124E+1	-6.93857960E-1
1.07721735E+4	8.44068263E+1	1.42303565E-7	5.08191241E+1	-4.13146162E+1	6.54941291E+1	-6.82601881E-1
1.15506485E+4	8.09489026E+1	1.35128754E-7	4.96553002E+1	-3.94194509E+1	6.33998582E+1	-6.70986980E-1
1.23853818E+4	7.76599106E+1	1.28126010E-7	4.85501979E+1	-3.75936457E+1	6.14036154E+1	-6.58888397E-1
1.32804389E+4	7.45276084E+1	1.21288271E-7	4.75022778E+1	-3.58296624E+1	5.94998415E+1	-6.46229911E-1
1.42401793E+4	7.15497300E+1	1.14659534E-7	4.64971174E+1	-3.41302526E+1	5.76789056E+1	-6.33201358E-1
1.52692775E+4	6.87382692E+1	1.08205130E-7	4.55461187E+1	-3.25009567E+1	5.59532062E+1	-6.19784309E-1
1.63727458E+4	6.60706248E+1	1.01922324E-7	4.46450805E+1	-3.09280586E+1	5.43114007E+1	-6.05846325E-1
1.75559587E+4	6.35517073E+1	9.58339140E-8	4.37883630E+1	-2.94177559E+1	5.27524899E+1	-5.91559586E-1
1.88246790E+4	6.11802583E+1	8.99212044E-8	4.29814547E+1	-2.79680339E+1	5.12797861E+1	-5.76867185E-1
2.01850863E+4	5.89280889E+1	8.42042641E-8	4.22110320E+1	-2.65639635E+1	4.98739955E+1	-5.61694998E-1
2.16438064E+4	5.68155557E+1	7.86697089E-8	4.14873241E+1	-2.52175985E+1	4.85502355E+1	-5.46163278E-1
2.32079442E+4	5.48290185E+1	7.33428783E-8	4.07999334E+1	-2.39245828E+1	4.72971488E+1	-5.30350403E-1
2.48851178E+4	5.29663613E+1	6.81959551E-8	4.01572091E+1	-2.26799326E+1	4.61192058E+1	-5.14118703E-1
2.66834962E+4	5.12174646E+1	6.32673533E-8	3.95456276E+1	-2.14841809E+1	4.50047415E+1	-4.97665988E-1
2.86118383E+4	4.95849289E+1	5.85355079E-8	3.89737845E+1	-2.03360825E+1	4.39603490E+1	-4.80926254E-1
3.06795364E+4	4.80551932E+1	5.40285254E-8	3.84291994E+1	-1.92332836E+1	4.29735104E+1	-4.64036483E-1
3.28966612E+4	4.66258094E+1	4.97211664E-8	3.79190549E+1	-1.81700820E+1	4.20476708E+1	-4.46853937E-1
3.52740116E+4	4.52885077E+1	4.56280927E-8	3.74361319E+1	-1.71453364E+1	4.11755576E+1	-4.29477681E-1
3.78231664E+4	4.40462377E+1	4.17480960E-8	3.69834803E+1	-1.61618481E+1	4.03606636E+1	-4.11992216E-1
4.05565415E+4	4.28889082E+1	3.80830894E-8	3.65561070E+1	-1.52152073E+1	3.95961048E+1	-3.94406376E-1
4.34874501E+4	4.18137371E+1	3.46178397E-8	3.61575416E+1	-1.43008428E+1	3.88829260E+1	-3.76633860E-1
4.66301673E+4	4.08114157E+1	3.13705288E-8	3.57774516E+1	-1.34202231E+1	3.82116271E+1	-3.58860814E-1
5.00000000E+4	3.98820146E+1	2.83202255E-8	3.54221444E+1	-1.25689358E+1	3.75859878E+1	-3.40973634E-1
5.36133611E+4	3.90215925E+1	2.54698590E-8	3.50885038E+1	-1.17476035E+1	3.70028282E+1	-3.23069266E-1
5.74878498E+4	3.82218817E+1	2.28144153E-8	3.47721434E+1	-1.09523874E+1	3.64562306E+1	-3.05138905E-1
6.16423370E+4	3.74822478E+1	2.03437041E-8	3.44752271E+1	-1.01817341E+1	3.59473087E+1	-2.87171314E-1
6.60970574E+4	3.67958948E+1	1.80522466E-8	3.41937469E+1	-9.43277157E+0	3.54709672E+1	-2.69167865E-1
7.08737081E+4	3.61633757E+1	1.59339051E-8	3.39293506E+1	-8.70626259E+0	3.50285577E+1	-2.51180473E-1
7.59955541E+4	3.55789579E+1	1.39720372E-8	3.36812461E+1	-7.99482868E+0	3.46171003E+1	-2.33054243E-1
8.14875417E+4	3.50413638E+1	1.21696692E-8	3.34468895E+1	-7.30275253E+0	3.42348452E+1	-2.14965212E-1
8.73764200E+4	3.45471927E+1	1.05120786E-8	3.32264008E+1	-6.62458664E+0	3.38803611E+1	-1.96796635E-1
9.36908711E+4	3.40923583E+1	8.99024301E-9	3.30174894E+1	-5.95730244E+0	3.35506196E+1	-1.78508148E-1
1.00461650E+5	3.36729797E+1	7.59876363E-9	3.28169134E+1	-5.30032365E+0	3.32421909E+1	-1.60129122E-1
1.07721735E+5	3.32924185E+1	6.33235354E-9	3.26280954E+1	-4.65570463E+0	3.29585832E+1	-1.41733302E-1
1.15506485E+5	3.29456112E+1	5.17233449E-9	3.24493087E+1	-4.01306190E+0	3.26965183E+1	-1.23046938E-1
1.23853818E+5	3.26351191E+1	4.11486904E-9	3.22825621E+1	-3.37363785E+0	3.24583620E+1	-1.04125460E-1
1.32804389E+5	3.23550946E+1	3.15754567E-9	3.21216508E+1	-2.73830766E+0	3.22381614E+1	-8.50424376E-2
1.42401793E+5	3.21064849E+1	2.28949120E-9	3.19682006E+1	-2.10254456E+0	3.20372681E+1	-6.56752909E-2
1.52692775E+5	3.18893073E+1	1.50269540E-9	3.18220470E+1	-1.46299396E+0	3.18556594E+1	-4.59418743E-2
1.63727458E+5	3.17018210E+1	7.90897310E-10	3.16807437E+1	-8.17148767E-1	3.16912806E+1	-2.57875120E-2
1.75559587E+5	3.15466256E+1	1.50263293E-10	3.15457626E+1	-1.64949501E-1	3.15461941E+1	-5.22884949E-3
1.88246790E+5	3.14472023E+1	-3.95351828E-10	3.14368895E+1	4.62441590E-1	3.14420451E+1	1.47058005E-2
2.01850863E+5	3.13323623E+1	-9.43591980E-10	3.12883716E+1	1.17319691E+0	3.13103592E+1	3.74786976E-2
2.16438064E+5	3.12756998E+1	-1.40728280E-9	3.11640495E+1	1.86533073E+0	3.12198248E+1	5.97838802E-2
2.32079442E+5	3.12570708E+1	-1.82030516E-9	3.10433789E+1	2.57559757E+0	3.11500416E+1	8.27781022E-2
2.48851178E+5	3.12758287E+1	-2.18445592E-9	3.09229498E+1	3.30333476E+0	3.10988887E+1	1.06421113E-1
2.66834962E+5	3.13406198E+1	-2.50793456E-9	3.08056548E+1	4.05953889E+0	3.10719860E+1	1.31024063E-1
2.86118383E+5	3.14500986E+1	-2.79162614E-9	3.06856541E+1	4.84328657E+0	3.10655250E+1	1.56544128E-1
3.06795364E+5	3.16104398E+1	-3.03564434E-9	3.05646601E+1	5.65365907E+0	3.10831521E+1	1.82906365E-1
3.28966612E+5	3.18282348E+1	-3.24750650E-9	3.04388635E+1	6.50313204E+0	3.11257978E+1	2.10481349E-1
3.52740116E+5	3.21130072E+1	-3.42381418E-9	3.03129718E+1	7.38676705E+0	3.12000108E+1	2.39024806E-1
3.78231664E+5	3.24753042E+1	-3.57087793E-9	3.01828882E+1	8.31814974E+0	3.13081214E+1	2.68916112E-1
4.05565415E+5	3.29280305E+1	-3.68691116E-9	3.00518829E+1	9.29695379E+0	3.14571024E+1	3.00024820E-1
4.34874501E+5	3.34444734E+1	-3.76932230E-9	2.98971915E+1	1.02981910E+1	3.16211277E+1	3.31725290E-1
4.66301673E+5	3.40957298E+1	-3.83288642E-9	2.97362528E+1	1.13856796E+1	3.18414688E+1	3.65668762E-1
5.00000000E+5	3.48617682E+1	-3.86162358E-9	2.95721643E+1	1.25069730E+1	3.21082207E+1	4.00116513E-1
