Start time:20240908_02-09-45	sweep/start:500.000	sweep/stop:500000.000	sweep/samplecount:100.000	sweep/xmapping:1.000	sweep/scan:0.000	sweep/averaging/sample:10.000	sweep/settling/time:0.100	sweep/settling/inaccuracy:0.010	sweep/awgcontrol:0.000	sweep/averaging/time:0.100	sweep/averaging/tc:15.000	sweep/bandwidthcontrol:2.000	sweep/sincfilter:0.000	sweep/omegasuppression:80.000	sweep/maxbandwidth:100.000	sweep/bandwidth:1250000.000	sweep/order:8.000	sweep/bandwidthoverlap:1.000																				
Frequency	Param0		Param1		RealZ		ImagZ		AbsZ		PhaseZ		
5.00000000E+2	1.47502510E+3	7.61747242E-7	1.09585337E+2	-3.86823051E+2	4.02046050E+2	-1.29473406E+0
5.36133611E+2	1.33254951E+3	7.52459299E-7	1.07387815E+2	-3.62722213E+2	3.78285010E+2	-1.28295743E+0
5.74878498E+2	1.20332614E+3	7.42755137E-7	1.05347488E+2	-3.40101787E+2	3.56043993E+2	-1.27041617E+0
6.16423370E+2	1.08816276E+3	7.32436228E-7	1.03349592E+2	-3.19029751E+2	3.35352241E+2	-1.25751469E+0
6.60970574E+2	9.83990104E+2	7.21460483E-7	1.01523798E+2	-2.99317977E+2	3.16066988E+2	-1.24378967E+0
7.08737081E+2	8.90916390E+2	7.09849979E-7	9.97536858E+1	-2.80929416E+2	2.98114309E+2	-1.22959907E+0
7.59955541E+2	8.07187265E+2	6.97663148E-7	9.80711484E+1	-2.63711574E+2	2.81356978E+2	-1.21475685E+0
8.14875417E+2	7.32075490E+2	6.84643249E-7	9.65110742E+1	-2.47667067E+2	2.65807011E+2	-1.19921744E+0
8.73764200E+2	6.64894179E+2	6.71060279E-7	9.49801922E+1	-2.32659678E+2	2.51300149E+2	-1.18320968E+0
9.36908711E+2	6.04715831E+2	6.56698836E-7	9.35370064E+1	-2.18664418E+2	2.37830404E+2	-1.16658595E+0
1.00461650E+3	5.50987269E+2	6.41657807E-7	9.21346251E+1	-2.05611777E+2	2.25310883E+2	-1.14952362E+0
1.07721735E+3	5.02884530E+2	6.25939079E-7	9.07885933E+1	-1.93425961E+2	2.13673051E+2	-1.13195052E+0
1.15506485E+3	4.59972757E+2	6.09532643E-7	8.94838412E+1	-1.82079015E+2	2.02879586E+2	-1.11400717E+0
1.23853818E+3	4.21652032E+2	5.92528553E-7	8.82095275E+1	-1.71501611E+2	1.92856745E+2	-1.09574546E+0
1.32804389E+3	3.87424558E+2	5.74933520E-7	8.69723622E+1	-1.61650964E+2	1.83562596E+2	-1.07719295E+0
1.42401793E+3	3.56862346E+2	5.56898408E-7	8.57456682E+1	-1.52469929E+2	1.74926840E+2	-1.05849987E+0
1.52692775E+3	3.29572399E+2	5.38403037E-7	8.45469324E+1	-1.43931060E+2	1.66926134E+2	-1.03968361E+0
1.63727458E+3	3.05212293E+2	5.19625302E-7	8.33486749E+1	-1.35985433E+2	1.59496206E+2	-1.02092836E+0
1.75559587E+3	2.83404394E+2	5.00671817E-7	8.21512792E+1	-1.28581493E+2	1.52584512E+2	-1.00226078E+0
1.88246790E+3	2.63884964E+2	4.81611730E-7	8.09553727E+1	-1.21692777E+2	1.46160545E+2	-9.83779391E-1
2.01850863E+3	2.46399826E+2	4.62573111E-7	7.97514478E+1	-1.15284209E+2	1.40181106E+2	-9.65607661E-1
2.16438064E+3	2.30688465E+2	4.43672164E-7	7.85368441E+1	-1.09313804E+2	1.34601425E+2	-9.47792772E-1
2.32079442E+3	2.16539703E+2	4.24993640E-7	7.73126573E+1	-1.03749758E+2	1.29388019E+2	-9.30384607E-1
2.48851178E+3	2.03798753E+2	4.06622395E-7	7.60755429E+1	-9.85728773E+1	1.24515463E+2	-9.13507676E-1
2.66834962E+3	1.92279379E+2	3.88710068E-7	7.48102971E+1	-9.37437805E+1	1.19935304E+2	-8.97258100E-1
2.86118383E+3	1.81805355E+2	3.71260656E-7	7.35342946E+1	-8.92279972E+1	1.15624081E+2	-8.81522006E-1
3.06795364E+3	1.72270284E+2	3.54387904E-7	7.22320727E+1	-8.50056875E+1	1.11550166E+2	-8.66457735E-1
3.28966612E+3	1.63564227E+2	3.38095689E-7	7.09135573E+1	-8.10566988E+1	1.07698287E+2	-8.52043571E-1
3.52740116E+3	1.55571543E+2	3.22414399E-7	6.95811253E+1	-7.73518569E+1	1.04042505E+2	-8.38235174E-1
3.78231664E+3	1.48191673E+2	3.07385277E-7	6.82314641E+1	-7.38634005E+1	1.00555133E+2	-8.25012474E-1
4.05565415E+3	1.41361963E+2	2.93014226E-7	6.68662666E+1	-7.05779610E+1	9.72231784E+1	-8.12396699E-1
4.34874501E+3	1.35027149E+2	2.79296281E-7	6.54885838E+1	-6.74831961E+1	9.40358259E+1	-8.00397306E-1
4.66301673E+3	1.29081933E+2	2.66169489E-7	6.41143740E+1	-6.45395551E+1	9.09725630E+1	-7.88702995E-1
5.00000000E+3	1.23523267E+2	2.53666143E-7	6.27341159E+1	-6.17539751E+1	8.80291022E+1	-7.77524953E-1
5.36133611E+3	1.18284225E+2	2.41722930E-7	6.13611294E+1	-5.91004681E+1	8.51942110E+1	-7.66633709E-1
5.74878498E+3	1.13319806E+2	2.30333328E-7	5.99935143E+1	-5.65617497E+1	8.24527340E+1	-7.55963426E-1
6.16423370E+3	1.08637629E+2	2.19428852E-7	5.86455616E+1	-5.41462165E+1	7.98192628E+1	-7.45528585E-1
6.60970574E+3	1.04174903E+2	2.09010658E-7	5.73117955E+1	-5.18247888E+1	7.72686915E+1	-7.35163949E-1
7.08737081E+3	9.99280718E+1	1.99012985E-7	5.60048872E+1	-4.95975090E+1	7.48094937E+1	-7.24797903E-1
7.59955541E+3	9.58716937E+1	1.89428849E-7	5.47217565E+1	-4.74531007E+1	7.24311221E+1	-7.14378431E-1
8.14875417E+3	9.20052127E+1	1.80219430E-7	5.34688299E+1	-4.53926774E+1	7.01385130E+1	-7.03887585E-1
8.73764200E+3	8.83034878E+1	1.71334994E-7	5.22531876E+1	-4.34021082E+1	6.79274516E+1	-6.93129908E-1
9.36908711E+3	8.47705037E+1	1.62752958E-7	5.10778969E+1	-4.14843037E+1	6.58019683E+1	-6.82122088E-1
1.00461650E+4	8.13999645E+1	1.54451331E-7	4.99452258E+1	-3.96360185E+1	6.37615839E+1	-6.70820004E-1
1.07721735E+4	7.81793492E+1	1.46430153E-7	4.88511101E+1	-3.78512483E+1	6.17992555E+1	-6.59203117E-1
1.15506485E+4	7.51135891E+1	1.38654484E-7	4.78029429E+1	-3.61321076E+1	5.99220376E+1	-6.47237980E-1
1.23853818E+4	7.21877978E+1	1.31119587E-7	4.67976471E+1	-3.44702662E+1	5.81224489E+1	-6.34857610E-1
1.32804389E+4	6.94042146E+1	1.23818135E-7	4.58358268E+1	-3.28675601E+1	5.64021236E+1	-6.22091625E-1
1.42401793E+4	6.67631755E+1	1.16739168E-7	4.49192626E+1	-3.13243104E+1	5.47626935E+1	-6.08943167E-1
1.52692775E+4	6.42485440E+1	1.09870322E-7	4.40464958E+1	-2.98300036E+1	5.31970218E+1	-5.95286257E-1
1.63727458E+4	6.18716071E+1	1.03250644E-7	4.32098075E+1	-2.83966987E+1	5.17055137E+1	-5.81407359E-1
1.75559587E+4	5.96204649E+1	9.67907628E-8	4.24285126E+1	-2.70079403E+1	5.02952047E+1	-5.66863041E-1
1.88246790E+4	5.75001553E+1	9.05919121E-8	4.16787114E+1	-2.56791211E+1	4.89543904E+1	-5.52188778E-1
2.01850863E+4	5.54930837E+1	8.45940334E-8	4.09703632E+1	-2.43926436E+1	4.76819858E+1	-5.37010265E-1
2.16438064E+4	5.36108256E+1	7.88220559E-8	4.03016685E+1	-2.31599055E+1	4.64823162E+1	-5.21581497E-1
2.32079442E+4	5.18405557E+1	7.32636891E-8	3.96721066E+1	-2.19715259E+1	4.53500169E+1	-5.05777469E-1
2.48851178E+4	5.01717394E+1	6.79484070E-8	3.90706210E+1	-2.08261170E+1	4.42746080E+1	-4.89727137E-1
2.66834962E+4	4.86042775E+1	6.28538679E-8	3.85034336E+1	-1.97209808E+1	4.32600457E+1	-4.73350081E-1
2.86118383E+4	4.71460371E+1	5.79931763E-8	3.79720250E+1	-1.86642884E+1	4.23111152E+1	-4.56846539E-1
3.06795364E+4	4.57748577E+1	5.33611622E-8	3.74682245E+1	-1.76418470E+1	4.14137977E+1	-4.40055413E-1
3.28966612E+4	4.44970037E+1	4.89609853E-8	3.69951293E+1	-1.66593156E+1	4.05730502E+1	-4.23112566E-1
3.52740116E+4	4.33043796E+1	4.47919943E-8	3.65495298E+1	-1.57126246E+1	3.97838499E+1	-4.06013238E-1
3.78231664E+4	4.21919232E+1	4.08553663E-8	3.61289253E+1	-1.48003239E+1	3.90429103E+1	-3.88800162E-1
4.05565415E+4	4.11591516E+1	3.71386456E-8	3.57368592E+1	-1.39203333E+1	3.83522986E+1	-3.71442094E-1
4.34874501E+4	4.01954508E+1	3.36502971E-8	3.53649485E+1	-1.30702124E+1	3.77029183E+1	-3.54011307E-1
4.66301673E+4	3.93012256E+1	3.03905673E-8	3.50135698E+1	-1.22525965E+1	3.70955012E+1	-3.36620040E-1
5.00000000E+4	3.84698536E+1	2.73399560E-8	3.46831995E+1	-1.14600723E+1	3.65274911E+1	-3.19127558E-1
5.36133611E+4	3.76999342E+1	2.44944861E-8	3.43737200E+1	-1.06927241E+1	3.59984303E+1	-3.01583978E-1
5.74878498E+4	3.69879864E+1	2.18466597E-8	3.40842505E+1	-9.94844982E+0	3.55064472E+1	-2.83989050E-1
6.16423370E+4	3.63270190E+1	1.93976860E-8	3.38087267E+1	-9.22714750E+0	3.50452601E+1	-2.66433346E-1
6.60970574E+4	3.57168190E+1	1.71306774E-8	3.35505224E+1	-8.52527859E+0	3.46167291E+1	-2.48836294E-1
7.08737081E+4	3.51536029E+1	1.50428510E-8	3.33066289E+1	-7.84324353E+0	3.42176564E+1	-2.31272438E-1
7.59955541E+4	3.46346499E+1	1.31192656E-8	3.30775716E+1	-7.17665365E+0	3.38471581E+1	-2.13652957E-1
8.14875417E+4	3.41576088E+1	1.13524846E-8	3.28622321E+1	-6.52448930E+0	3.35036605E+1	-1.95991957E-1
8.73764200E+4	3.37188221E+1	9.73235759E-9	3.26587654E+1	-5.88388697E+0	3.31845612E+1	-1.78250399E-1
9.36908711E+4	3.33173582E+1	8.25246223E-9	3.24668034E+1	-5.25497626E+0	3.28893314E+1	-1.60465292E-1
1.00461650E+5	3.29477223E+1	6.90245737E-9	3.22824713E+1	-4.63421391E+0	3.26134006E+1	-1.42577966E-1
1.07721735E+5	3.26132111E+1	5.66838342E-9	3.21104990E+1	-4.01775123E+0	3.23608789E+1	-1.24475771E-1
1.15506485E+5	3.23118398E+1	4.54941974E-9	3.19482140E+1	-3.40839969E+0	3.21295125E+1	-1.06283128E-1
1.23853818E+5	3.20405619E+1	3.53366184E-9	3.17937473E+1	-2.80127727E+0	3.19169160E+1	-8.78808667E-2
1.32804389E+5	3.17992013E+1	2.60828115E-9	3.16476052E+1	-2.19029882E+0	3.17233127E+1	-6.90988277E-2
1.42401793E+5	3.15818069E+1	1.77858542E-9	3.15022355E+1	-1.58324599E+0	3.15419961E+1	-5.02159592E-2
1.52692775E+5	3.13968751E+1	1.02518577E-9	3.13669628E+1	-9.68634188E-1	3.13819154E+1	-3.08709037E-2
1.63727458E+5	3.12432237E+1	3.47513923E-10	3.12393261E+1	-3.48924257E-1	3.12412748E+1	-1.11689259E-2
1.75559587E+5	3.11156034E+1	-2.64069530E-10	3.11130472E+1	2.81996340E-1	3.11143253E+1	9.06335596E-3
1.88246790E+5	3.10159098E+1	-8.11515506E-10	3.09808922E+1	9.22263772E-1	3.09983926E+1	2.97573586E-2
2.01850863E+5	3.09576332E+1	-1.30222658E-9	3.08769162E+1	1.57869676E+0	3.09172483E+1	5.10842217E-2
2.16438064E+5	3.09249635E+1	-1.73932128E-9	3.07603756E+1	2.25006007E+0	3.08425598E+1	7.30179609E-2
2.32079442E+5	3.09318894E+1	-2.12515629E-9	3.06502697E+1	2.93797558E+0	3.07907576E+1	9.55628327E-2
2.48851178E+5	3.09760984E+1	-2.46914513E-9	3.05393352E+1	3.65218183E+0	3.07569415E+1	1.19024179E-1
2.66834962E+5	3.10593947E+1	-2.77099203E-9	3.04258928E+1	4.39030112E+0	3.07410119E+1	1.43305741E-1
2.86118383E+5	3.11944016E+1	-3.03260739E-9	3.03175398E+1	5.15599380E+0	3.07528455E+1	1.68454662E-1
3.06795364E+5	3.13745404E+1	-3.25908320E-9	3.02011902E+1	5.95285814E+0	3.07822751E+1	1.94612035E-1
3.28966612E+5	3.16189449E+1	-3.44988528E-9	3.00893334E+1	6.78416248E+0	3.08446587E+1	2.21759238E-1
3.52740116E+5	3.19184616E+1	-3.61047504E-9	2.99637650E+1	7.65309829E+0	3.09256734E+1	2.50065595E-1
3.78231664E+5	3.22983560E+1	-3.74059519E-9	2.98385748E+1	8.56715862E+0	3.10441122E+1	2.79595952E-1
4.05565415E+5	3.27545734E+1	-3.83620790E-9	2.97086824E+1	9.51256637E+0	3.11944734E+1	3.09879780E-1
4.34874501E+5	3.33117496E+1	-3.91620472E-9	2.95562757E+1	1.05355248E+1	3.13778775E+1	3.42414979E-1
4.66301673E+5	3.39816808E+1	-3.96259788E-9	2.94048483E+1	1.16008760E+1	3.16105373E+1	3.75775333E-1
5.00000000E+5	3.47784800E+1	-3.98065719E-9	2.92462141E+1	1.27199243E+1	3.18926113E+1	4.10247478E-1
