Start time:20240907_08-49-43	sweep/start:500.000	sweep/stop:500000.000	sweep/samplecount:100.000	sweep/xmapping:1.000	sweep/scan:0.000	sweep/averaging/sample:10.000	sweep/settling/time:0.100	sweep/settling/inaccuracy:0.010	sweep/awgcontrol:0.000	sweep/averaging/time:0.100	sweep/averaging/tc:15.000	sweep/bandwidthcontrol:2.000	sweep/sincfilter:0.000	sweep/omegasuppression:80.000	sweep/maxbandwidth:100.000	sweep/bandwidth:1250000.000	sweep/order:8.000	sweep/bandwidthoverlap:1.000																				
Frequency	Param0		Param1		RealZ		ImagZ		AbsZ		PhaseZ		
5.00000000E+2	1.41013977E+3	7.46880149E-7	1.18025336E+2	-3.90515271E+2	4.07960982E+2	-1.27729513E+0
5.36133611E+2	1.27572539E+3	7.36752560E-7	1.15717147E+2	-3.66377930E+2	3.84217713E+2	-1.26487067E+0
5.74878498E+2	1.15386299E+3	7.26167370E-7	1.13569625E+2	-3.43723227E+2	3.61999618E+2	-1.25167898E+0
6.16423370E+2	1.04478256E+3	7.14860405E-7	1.11528962E+2	-3.22621669E+2	3.41355325E+2	-1.23796110E+0
6.60970574E+2	9.46645249E+2	7.02890725E-7	1.09614399E+2	-3.02903527E+2	3.22127107E+2	-1.22357838E+0
7.08737081E+2	8.58843838E+2	6.90270433E-7	1.07767398E+2	-2.84502159E+2	3.04229026E+2	-1.20870451E+0
7.59955541E+2	7.80022201E+2	6.77005478E-7	1.06007203E+2	-2.67302069E+2	2.87555091E+2	-1.19323992E+0
8.14875417E+2	7.09508834E+2	6.62981818E-7	1.04332788E+2	-2.51276114E+2	2.72075392E+2	-1.17724557E+0
8.73764200E+2	6.46534303E+2	6.48298746E-7	1.02702885E+2	-2.36332471E+2	2.57683764E+2	-1.16084822E+0
9.36908711E+2	5.90175815E+2	6.32996171E-7	1.01120417E+2	-2.22381375E+2	2.44292481E+2	-1.14402732E+0
1.00461650E+3	5.39893242E+2	6.16936430E-7	9.96048224E+1	-2.09415470E+2	2.31896446E+2	-1.12683197E+0
1.07721735E+3	4.94863519E+2	6.00412295E-7	9.81047681E+1	-1.97291458E+2	2.20337165E+2	-1.10934466E+0
1.15506485E+3	4.54713703E+2	5.83248645E-7	9.66504263E+1	-1.86029473E+2	2.09638428E+2	-1.09163634E+0
1.23853818E+3	4.18799578E+2	5.65670584E-7	9.52089493E+1	-1.75524126E+2	1.99683409E+2	-1.07378624E+0
1.32804389E+3	3.86739003E+2	5.47675878E-7	9.37847227E+1	-1.65754741E+2	1.90447391E+2	-1.05590042E+0
1.42401793E+3	3.58037283E+2	5.29397311E-7	9.23694514E+1	-1.56651174E+2	1.81856279E+2	-1.03802147E+0
1.52692775E+3	3.32427474E+2	5.10908075E-7	9.09496756E+1	-1.48196917E+2	1.73879757E+2	-1.02035814E+0
1.63727458E+3	3.09406677E+2	4.92338034E-7	8.95331755E+1	-1.40306706E+2	1.66439663E+2	-1.00281464E+0
1.75559587E+3	2.88753757E+2	4.73802511E-7	8.81017711E+1	-1.32957866E+2	1.59498328E+2	-9.85594072E-1
1.88246790E+3	2.70240113E+2	4.55371814E-7	8.66545960E+1	-1.26129012E+2	1.53027929E+2	-9.68827224E-1
2.01850863E+3	2.53544898E+2	4.37125943E-7	8.52021490E+1	-1.19762947E+2	1.46978127E+2	-9.52444803E-1
2.16438064E+3	2.38448922E+2	4.19239848E-7	8.37199287E+1	-1.13815200E+2	1.41290221E+2	-9.36589536E-1
2.32079442E+3	2.24795497E+2	4.01717303E-7	8.22221680E+1	-1.08271361E+2	1.35952833E+2	-9.21301061E-1
2.48851178E+3	2.12394497E+2	3.84684670E-7	8.06952393E+1	-1.03089781E+2	1.30916862E+2	-9.06652232E-1
2.66834962E+3	2.01097609E+2	3.68119091E-7	7.91595796E+1	-9.82474567E+1	1.26169735E+2	-8.92579528E-1
2.86118383E+3	1.90745169E+2	3.52172072E-7	7.75900495E+1	-9.37001107E+1	1.21654950E+2	-8.79173605E-1
3.06795364E+3	1.81212740E+2	3.36768739E-7	7.60158929E+1	-8.94238883E+1	1.17367150E+2	-8.66265980E-1
3.28966612E+3	1.72462929E+2	3.22003448E-7	7.44151950E+1	-8.54180358E+1	1.13286638E+2	-8.54129237E-1
3.52740116E+3	1.64323358E+2	3.07825161E-7	7.28116049E+1	-8.16279198E+1	1.09383030E+2	-8.42422145E-1
3.78231664E+3	1.56751506E+2	2.94281030E-7	7.11932158E+1	-7.80459449E+1	1.05639215E+2	-8.31283699E-1
4.05565415E+3	1.49665206E+2	2.81354374E-7	6.95660494E+1	-7.46470454E+1	1.02037331E+2	-8.20616152E-1
4.34874501E+3	1.43012081E+2	2.68935679E-7	6.79583122E+1	-7.14179747E+1	9.85842760E+1	-8.10215529E-1
4.66301673E+3	1.36760607E+2	2.57108434E-7	6.63459720E+1	-6.83500336E+1	9.52550011E+1	-8.00275470E-1
5.00000000E+3	1.30833164E+2	2.45752472E-7	6.47590239E+1	-6.54132759E+1	9.20468789E+1	-7.90424165E-1
5.36133611E+3	1.25225730E+2	2.34897424E-7	6.31859694E+1	-6.26102409E+1	8.89522854E+1	-7.80821517E-1
5.74878498E+3	1.19877265E+2	2.24505059E-7	6.16331434E+1	-5.99146742E+1	8.59558759E+1	-7.71260889E-1
6.16423370E+3	1.14803881E+2	2.14498106E-7	6.01175182E+1	-5.73376690E+1	8.30766173E+1	-7.61735261E-1
6.60970574E+3	1.09946178E+2	2.04882470E-7	5.86325545E+1	-5.48511511E+1	8.02896336E+1	-7.52089372E-1
7.08737081E+3	1.05315880E+2	1.95599380E-7	5.71903532E+1	-5.24625177E+1	7.76083263E+1	-7.42308467E-1
7.59955541E+3	1.00885134E+2	1.86642004E-7	5.57879372E+1	-5.01585433E+1	7.50211534E+1	-7.32313765E-1
8.14875417E+3	9.66475981E+1	1.77960965E-7	5.44344553E+1	-4.79358873E+1	7.25324707E+1	-7.22002268E-1
8.73764200E+3	9.26062189E+1	1.69559054E-7	5.31261006E+1	-4.57976490E+1	7.01413378E+1	-7.11451423E-1
9.36908711E+3	8.87456342E+1	1.61399261E-7	5.18686044E+1	-4.37351118E+1	6.78462391E+1	-7.00527462E-1
1.00461650E+4	8.50640709E+1	1.53454559E-7	5.06662451E+1	-4.17469593E+1	6.56496538E+1	-6.89180910E-1
1.07721735E+4	8.15515760E+1	1.45742717E-7	4.95107206E+1	-3.98292074E+1	6.35427200E+1	-6.77452254E-1
1.15506485E+4	7.82075165E+1	1.38226050E-7	4.84098184E+1	-3.79802726E+1	6.15305749E+1	-6.65253425E-1
1.23853818E+4	7.50287073E+1	1.30919574E-7	4.73573668E+1	-3.62000238E+1	5.96084052E+1	-6.52654288E-1
1.32804389E+4	7.20116342E+1	1.23796256E-7	4.63587319E+1	-3.44853009E+1	5.77786122E+1	-6.39572334E-1
1.42401793E+4	6.91495358E+1	1.16872129E-7	4.54074731E+1	-3.28339306E+1	5.60348611E+1	-6.26058596E-1
1.52692775E+4	6.64358688E+1	1.10137524E-7	4.45041366E+1	-3.12418407E+1	5.43752786E+1	-6.12066040E-1
1.63727458E+4	6.38762760E+1	1.03598919E-7	4.36480632E+1	-2.97140016E+1	5.28022310E+1	-5.97698432E-1
1.75559587E+4	6.14663133E+1	9.72550008E-8	4.28391131E+1	-2.82484083E+1	5.13143479E+1	-5.82959776E-1
1.88246790E+4	5.91821902E+1	9.11043877E-8	4.20716099E+1	-2.68303844E+1	4.98987974E+1	-5.67702099E-1
2.01850863E+4	5.70417446E+1	8.51519800E-8	4.13499895E+1	-2.54726089E+1	4.85661972E+1	-5.52119005E-1
2.16438064E+4	5.50286938E+1	7.94084692E-8	4.06675975E+1	-2.41667388E+1	4.73062867E+1	-5.36181178E-1
2.32079442E+4	5.31394690E+1	7.38821632E-8	4.00221034E+1	-2.29125403E+1	4.61167356E+1	-5.19951295E-1
2.48851178E+4	5.13624784E+1	6.85617321E-8	3.94133096E+1	-2.17015180E+1	4.49929458E+1	-5.03314460E-1
2.66834962E+4	4.97078721E+1	6.34756839E-8	3.88391191E+1	-2.05458685E+1	4.39387067E+1	-4.86577046E-1
2.86118383E+4	4.81574874E+1	5.86145929E-8	3.82959739E+1	-1.94333772E+1	4.29445906E+1	-4.69591607E-1
3.06795364E+4	4.67143716E+1	5.39624795E-8	3.77909742E+1	-1.83636555E+1	4.20164444E+1	-4.52325981E-1
3.28966612E+4	4.53612706E+1	4.95529417E-8	3.73079638E+1	-1.73335648E+1	4.11380194E+1	-4.34935014E-1
3.52740116E+4	4.41032864E+1	4.53593725E-8	3.68576980E+1	-1.63418386E+1	4.03180556E+1	-4.17332220E-1
3.78231664E+4	4.29340923E+1	4.14054342E-8	3.64316866E+1	-1.53913480E+1	3.95494803E+1	-3.99727006E-1
4.05565415E+4	4.18464290E+1	3.76711939E-8	3.60320179E+1	-1.44742860E+1	3.88305457E+1	-3.81976398E-1
4.34874501E+4	4.08358087E+1	3.41584291E-8	3.56561598E+1	-1.35899366E+1	3.81581986E+1	-3.64141509E-1
4.66301673E+4	3.99003939E+1	3.08694760E-8	3.53029394E+1	-1.27398451E+1	3.75313361E+1	-3.46327389E-1
5.00000000E+4	3.90295911E+1	2.77938114E-8	3.49683470E+1	-1.19170038E+1	3.69432035E+1	-3.28450085E-1
5.36133611E+4	3.82252262E+1	2.49215453E-8	3.46562959E+1	-1.11214158E+1	3.63970432E+1	-3.10524637E-1
5.74878498E+4	3.74831734E+1	2.22554064E-8	3.43632108E+1	-1.03543191E+1	3.58893047E+1	-2.92667268E-1
6.16423370E+4	3.67926275E+1	1.97827316E-8	3.40839229E+1	-9.60849997E+0	3.54123859E+1	-2.74776283E-1
6.60970574E+4	3.61582488E+1	1.74939356E-8	3.38240419E+1	-8.88551089E+0	3.49716760E+1	-2.56893634E-1
7.08737081E+4	3.55712368E+1	1.53849881E-8	3.35770540E+1	-8.18283400E+0	3.45597647E+1	-2.39043497E-1
7.59955541E+4	3.50317767E+1	1.34397151E-8	3.33464273E+1	-7.49669057E+0	3.41787155E+1	-2.21135881E-1
8.14875417E+4	3.45332094E+1	1.16530029E-8	3.31269257E+1	-6.82538269E+0	3.38227595E+1	-2.03193870E-1
8.73764200E+4	3.40778515E+1	1.00188285E-8	3.29212005E+1	-6.17076379E+0	3.34945336E+1	-1.85290397E-1
9.36908711E+4	3.36592798E+1	8.52202046E-9	3.27261454E+1	-5.52610809E+0	3.31894333E+1	-1.67281115E-1
1.00461650E+5	3.32738935E+1	7.15359714E-9	3.25393366E+1	-4.88896541E+0	3.29045654E+1	-1.49132337E-1
1.07721735E+5	3.29245776E+1	5.90973299E-9	3.23632772E+1	-4.26210114E+0	3.26427209E+1	-1.30942062E-1
1.15506485E+5	3.26114507E+1	4.77464967E-9	3.22002487E+1	-3.63879069E+0	3.24051975E+1	-1.12527674E-1
1.23853818E+5	3.23262442E+1	3.74641932E-9	3.20416429E+1	-3.01978251E+0	3.21836289E+1	-9.39679994E-2
1.32804389E+5	3.20702948E+1	2.81234108E-9	3.18896628E+1	-2.40000891E+0	3.19798513E+1	-7.51181827E-2
1.42401793E+5	3.18469097E+1	1.96990977E-9	3.17468820E+1	-1.78200962E+0	3.17968565E+1	-5.60729572E-2
1.52692775E+5	3.16524244E+1	1.20653393E-9	3.16099900E+1	-1.15816183E+0	3.16312001E+1	-3.66227252E-2
1.63727458E+5	3.14850442E+1	5.19663881E-10	3.14761265E+1	-5.29796934E-1	3.14805850E+1	-1.68301188E-2
1.75559587E+5	3.13491577E+1	-9.98815836E-11	3.13487835E+1	1.08277159E-1	3.13489706E+1	3.45393538E-3
1.88246790E+5	3.12782965E+1	-6.30032524E-10	3.12549504E+1	7.28237238E-1	3.12666194E+1	2.32975395E-2
2.01850863E+5	3.11722863E+1	-1.15448315E-9	3.11074825E+1	1.41981446E+0	3.11398676E+1	4.56105621E-2
2.16438064E+5	3.11316657E+1	-1.59853947E-9	3.09897280E+1	2.09728283E+0	3.10606158E+1	6.75736692E-2
2.32079442E+5	3.11266544E+1	-1.99308831E-9	3.08739895E+1	2.79298282E+0	3.10000646E+1	9.02183707E-2
2.48851178E+5	3.11617893E+1	-2.34412668E-9	3.07605156E+1	3.51331134E+0	3.09605024E+1	1.13722173E-1
2.66834962E+5	3.12391084E+1	-2.65064961E-9	3.06484206E+1	4.25482262E+0	3.09423550E+1	1.37945144E-1
2.86118383E+5	3.13612878E+1	-2.92076961E-9	3.05333297E+1	5.02795030E+0	3.09445398E+1	1.63206205E-1
3.06795364E+5	3.15331142E+1	-3.15157197E-9	3.04168674E+1	5.82689522E+0	3.09699621E+1	1.89274779E-1
3.28966612E+5	3.17638687E+1	-3.35224169E-9	3.02963213E+1	6.66791938E+0	3.10214178E+1	2.16636189E-1
3.52740116E+5	3.20575708E+1	-3.51653215E-9	3.01739527E+1	7.53897002E+0	3.11015050E+1	2.44837743E-1
3.78231664E+5	3.24260581E+1	-3.65108346E-9	3.00474865E+1	8.45399225E+0	3.12141240E+1	2.74264161E-1
4.05565415E+5	3.28677493E+1	-3.75454326E-9	2.99100515E+1	9.40556421E+0	3.13540436E+1	3.04670989E-1
4.34874501E+5	3.34315926E+1	-3.83705503E-9	2.97736861E+1	1.04359442E+1	3.15496703E+1	3.37127995E-1
4.66301673E+5	3.40795381E+1	-3.89330219E-9	2.96055641E+1	1.15088364E+1	3.17638756E+1	3.70761126E-1
5.00000000E+5	3.48557067E+1	-3.91478515E-9	2.94447556E+1	1.26223265E+1	3.20361922E+1	4.04982028E-1
