Start time:20240908_01-27-49	sweep/start:500.000	sweep/stop:500000.000	sweep/samplecount:100.000	sweep/xmapping:1.000	sweep/scan:0.000	sweep/averaging/sample:10.000	sweep/settling/time:0.100	sweep/settling/inaccuracy:0.010	sweep/awgcontrol:0.000	sweep/averaging/time:0.100	sweep/averaging/tc:15.000	sweep/bandwidthcontrol:2.000	sweep/sincfilter:0.000	sweep/omegasuppression:80.000	sweep/maxbandwidth:100.000	sweep/bandwidth:1250000.000	sweep/order:8.000	sweep/bandwidthoverlap:1.000																				
Frequency	Param0		Param1		RealZ		ImagZ		AbsZ		PhaseZ		
5.00000000E+2	1.46570422E+3	7.60483744E-7	1.10516536E+2	-3.87002088E+2	4.02473010E+2	-1.29262924E+0
5.36133611E+2	1.32373023E+3	7.51071288E-7	1.08353715E+2	-3.62891914E+2	3.78722947E+2	-1.28063913E+0
5.74878498E+2	1.19628117E+3	7.41256680E-7	1.06248776E+2	-3.40315372E+2	3.56515581E+2	-1.26817860E+0
6.16423370E+2	1.08133685E+3	7.30758951E-7	1.04308379E+2	-3.19236899E+2	3.35845859E+2	-1.25498887E+0
6.60970574E+2	9.78059568E+2	7.19703544E-7	1.02457778E+2	-2.99519899E+2	3.16559270E+2	-1.24120046E+0
7.08737081E+2	8.85465078E+2	7.07986750E-7	1.00697373E+2	-2.81112076E+2	2.98603358E+2	-1.22682559E+0
7.59955541E+2	8.02370114E+2	6.95641568E-7	9.90184259E+1	-2.63902928E+2	2.81867711E+2	-1.21184353E+0
8.14875417E+2	7.27910144E+2	6.82492654E-7	9.74465518E+1	-2.47863823E+2	2.66331202E+2	-1.19621291E+0
8.73764200E+2	6.61390475E+2	6.68663176E-7	9.59241397E+1	-2.32898818E+2	2.51879539E+2	-1.18009888E+0
9.36908711E+2	6.01703567E+2	6.54172866E-7	9.44717620E+1	-2.18904254E+2	2.38419772E+2	-1.16337689E+0
1.00461650E+3	5.48326431E+2	6.38998892E-7	9.30713432E+1	-2.05842636E+2	2.25905883E+2	-1.14615754E+0
1.07721735E+3	5.00681448E+2	6.23092314E-7	9.17241696E+1	-1.93678239E+2	2.14300221E+2	-1.12849866E+0
1.15506485E+3	4.58237266E+2	6.06558855E-7	9.03980209E+1	-1.82351131E+2	2.03528224E+2	-1.11056573E+0
1.23853818E+3	4.20252297E+2	5.89382373E-7	8.91253967E+1	-1.71790028E+2	1.93533332E+2	-1.09221873E+0
1.32804389E+3	3.86343235E+2	5.71692114E-7	8.78714325E+1	-1.61947961E+2	1.84251272E+2	-1.07365955E+0
1.42401793E+3	3.56055877E+2	5.53528988E-7	8.66395536E+1	-1.52781243E+2	1.75637470E+2	-1.05493269E+0
1.52692775E+3	3.29065430E+2	5.34927494E-7	8.54269377E+1	-1.44268116E+2	1.67663506E+2	-1.03617620E+0
1.63727458E+3	3.04925407E+2	5.16096835E-7	8.42123291E+1	-1.36333272E+2	1.60245056E+2	-1.01746757E+0
1.75559587E+3	2.83348678E+2	4.97106499E-7	8.29943648E+1	-1.28950682E+2	1.53350393E+2	-9.98924036E-1
1.88246790E+3	2.63999449E+2	4.78018548E-7	8.17848340E+1	-1.22075351E+2	1.46939275E+2	-9.80521527E-1
2.01850863E+3	2.46673096E+2	4.59002942E-7	8.05586195E+1	-1.15680388E+2	1.40966817E+2	-9.62497553E-1
2.16438064E+3	2.31116612E+2	4.40141106E-7	7.93207404E+1	-1.09729487E+2	1.35396973E+2	-9.44882188E-1
2.32079442E+3	2.17079219E+2	4.21515676E-7	7.80771827E+1	-1.04177188E+2	1.30188069E+2	-9.27637549E-1
2.48851178E+3	2.04437393E+2	4.03279842E-7	7.68048445E+1	-9.90090783E+1	1.25306751E+2	-9.11026994E-1
2.66834962E+3	1.92984170E+2	3.85475600E-7	7.55158803E+1	-9.41845039E+1	1.20720210E+2	-8.94966897E-1
2.86118383E+3	1.82584161E+2	3.68168427E-7	7.42092670E+1	-8.96795464E+1	1.16402047E+2	-8.79514253E-1
3.06795364E+3	1.73097087E+2	3.51433081E-7	7.28810976E+1	-8.54625703E+1	1.12318767E+2	-8.64688329E-1
3.28966612E+3	1.64436323E+2	3.35281103E-7	7.15374446E+1	-8.15214583E+1	1.08458998E+2	-8.50535759E-1
3.52740116E+3	1.56465898E+2	3.19806493E-7	7.01660158E+1	-7.78159287E+1	1.04778760E+2	-8.37047096E-1
3.78231664E+3	1.49108028E+2	3.04959689E-7	6.87836265E+1	-7.43303662E+1	1.01272853E+2	-8.24136267E-1
4.05565415E+3	1.42297270E+2	2.90783846E-7	6.73829149E+1	-7.10489056E+1	9.79203988E+1	-8.11874258E-1
4.34874501E+3	1.35936476E+2	2.77195233E-7	6.59866039E+1	-6.79393419E+1	9.47100112E+1	-7.99977864E-1
4.66301673E+3	1.29989660E+2	2.64271144E-7	6.45749917E+1	-6.49934728E+1	9.16192183E+1	-7.88627961E-1
5.00000000E+3	1.24398089E+2	2.51937182E-7	6.31648544E+1	-6.21915434E+1	8.86430316E+1	-7.77633967E-1
5.36133611E+3	1.19160016E+2	2.40161331E-7	6.17621680E+1	-5.95400316E+1	8.57879995E+1	-7.67081201E-1
5.74878498E+3	1.14184552E+2	2.28939719E-7	6.03640831E+1	-5.69984487E+1	8.30219594E+1	-7.56728772E-1
6.16423370E+3	1.09459458E+2	2.18177274E-7	5.89904202E+1	-5.45636299E+1	8.03558300E+1	-7.46433900E-1
6.60970574E+3	1.04970731E+2	2.07885181E-7	5.76347182E+1	-5.22321518E+1	7.77814790E+1	-7.36263988E-1
7.08737081E+3	1.00689797E+2	1.98016123E-7	5.63041536E+1	-4.99909590E+1	7.52944470E+1	-7.26074770E-1
7.59955541E+3	9.66001403E+1	1.88556591E-7	5.49976574E+1	-4.78334511E+1	7.28888290E+1	-7.15840918E-1
8.14875417E+3	9.26829158E+1	1.79455151E-7	5.37232259E+1	-4.57497555E+1	7.05636250E+1	-7.05412030E-1
8.73764200E+3	8.89521052E+1	1.70654863E-7	5.24933261E+1	-4.37474858E+1	6.83329485E+1	-6.94772537E-1
9.36908711E+3	8.53883401E+1	1.62168808E-7	5.13001135E+1	-4.18178175E+1	6.61848285E+1	-6.83916927E-1
1.00461650E+4	8.19821015E+1	1.53942383E-7	5.01535653E+1	-3.99539051E+1	6.41224974E+1	-6.72683542E-1
1.07721735E+4	7.87293830E+1	1.45991935E-7	4.90465096E+1	-3.81554885E+1	6.21401757E+1	-6.61147374E-1
1.15506485E+4	7.56248072E+1	1.38293005E-7	4.79820941E+1	-3.64191597E+1	6.02381656E+1	-6.49246190E-1
1.23853818E+4	7.26672899E+1	1.30807160E-7	4.69679828E+1	-3.47425465E+1	5.84211948E+1	-6.36880989E-1
1.32804389E+4	6.98555247E+1	1.23565501E-7	4.59945942E+1	-3.31281417E+1	5.66831236E+1	-6.24195343E-1
1.42401793E+4	6.71820354E+1	1.16531843E-7	4.50684616E+1	-3.15693634E+1	5.50253666E+1	-6.11045172E-1
1.52692775E+4	6.46393021E+1	1.09716406E-7	4.41842445E+1	-3.00631133E+1	5.34419178E+1	-5.97452521E-1
1.63727458E+4	6.22339874E+1	1.03096938E-7	4.33486370E+1	-2.86121272E+1	5.19399501E+1	-5.83405588E-1
1.75559587E+4	5.99637678E+1	9.67200513E-8	4.25492454E+1	-2.72208505E+1	5.05115140E+1	-5.69135332E-1
1.88246790E+4	5.78209100E+1	9.05181284E-8	4.18014659E+1	-2.58773283E+1	4.91629816E+1	-5.54311475E-1
2.01850863E+4	5.57909185E+1	8.45535800E-8	4.10849223E+1	-2.45803715E+1	4.78765656E+1	-5.39155347E-1
2.16438064E+4	5.38874730E+1	7.87994876E-8	4.04116330E+1	-2.33362526E+1	4.66656274E+1	-5.23683872E-1
2.32079442E+4	5.20914117E+1	7.32695759E-8	3.97719964E+1	-2.21352132E+1	4.55168037E+1	-5.07860181E-1
2.48851178E+4	5.04071037E+1	6.79608077E-8	3.91692131E+1	-2.09804439E+1	4.44342944E+1	-4.91748379E-1
2.66834962E+4	4.88272844E+1	6.28807264E-8	3.85993962E+1	-1.98693286E+1	4.34131740E+1	-4.75383795E-1
2.86118383E+4	4.73500979E+1	5.80333169E-8	3.80617810E+1	-1.88023861E+1	4.24526680E+1	-4.58833284E-1
3.06795364E+4	4.59669619E+1	5.34103458E-8	3.75554709E+1	-1.77735044E+1	4.15488976E+1	-4.42027736E-1
3.28966612E+4	4.46788533E+1	4.90090259E-8	3.70827406E+1	-1.67834639E+1	4.07039841E+1	-4.25009854E-1
3.52740116E+4	4.34707823E+1	4.48509767E-8	3.66308053E+1	-1.58288930E+1	3.99045080E+1	-4.07885619E-1
3.78231664E+4	4.23499009E+1	4.09098186E-8	3.62111774E+1	-1.49094061E+1	3.91604363E+1	-3.90581572E-1
4.05565415E+4	4.13048836E+1	3.71993824E-8	3.58143681E+1	-1.40228148E+1	3.84617772E+1	-3.73193451E-1
4.34874501E+4	4.03327824E+1	3.37203198E-8	3.54387606E+1	-1.31695884E+1	3.78066637E+1	-3.55800033E-1
4.66301673E+4	3.94307214E+1	3.04486285E-8	3.50889317E+1	-1.23429635E+1	3.71965306E+1	-3.38243938E-1
5.00000000E+4	3.85931825E+1	2.74003635E-8	3.47571860E+1	-1.15467933E+1	3.66249972E+1	-3.20742028E-1
5.36133611E+4	3.78153482E+1	2.45563256E-8	3.44448571E+1	-1.07747890E+1	3.60907781E+1	-3.03169730E-1
5.74878498E+4	3.70952010E+1	2.19068134E-8	3.41526115E+1	-1.00248247E+1	3.55935105E+1	-2.85510729E-1
6.16423370E+4	3.64302519E+1	1.94580827E-8	3.38767063E+1	-9.30084404E+0	3.51302853E+1	-2.67947644E-1
6.60970574E+4	3.58137009E+1	1.71902843E-8	3.36161614E+1	-8.59493055E+0	3.46975381E+1	-2.50315975E-1
7.08737081E+4	3.52473636E+1	1.50966256E-8	3.33734716E+1	-7.90811411E+0	3.42976222E+1	-2.32666764E-1
7.59955541E+4	3.47234641E+1	1.31713881E-8	3.31428176E+1	-7.23789141E+0	3.39239360E+1	-2.15009262E-1
8.14875417E+4	3.42408437E+1	1.14039188E-8	3.29248226E+1	-6.58253385E+0	3.35763861E+1	-1.97324573E-1
8.73764200E+4	3.37981205E+1	9.77902557E-9	3.27207913E+1	-5.93725968E+0	3.32550936E+1	-1.79499209E-1
9.36908711E+4	3.33938596E+1	8.29781021E-9	3.25283404E+1	-5.30602358E+0	3.29582589E+1	-1.61695912E-1
1.00461650E+5	3.30207802E+1	6.94142795E-9	3.23437269E+1	-4.67957475E+0	3.26805003E+1	-1.43685550E-1
1.07721735E+5	3.26835508E+1	5.71051235E-9	3.21701829E+1	-4.06388148E+0	3.24258509E+1	-1.25658881E-1
1.15506485E+5	3.23795269E+1	4.58826918E-9	3.20074246E+1	-3.45109051E+0	3.21929381E+1	-1.07406626E-1
1.23853818E+5	3.21048305E+1	3.57266627E-9	3.18510674E+1	-2.84299496E+0	3.19776972E+1	-8.90230959E-2
1.32804389E+5	3.18423087E+1	2.65951782E-9	3.16840921E+1	-2.23893616E+0	3.17631019E+1	-7.05470346E-2
1.42401793E+5	3.16429525E+1	1.81274748E-9	3.15598229E+1	-1.61973568E+0	3.16013604E+1	-5.12777231E-2
1.52692775E+5	3.14567294E+1	1.05853817E-9	3.14246585E+1	-1.00389673E+0	3.14406898E+1	-3.19352840E-2
1.63727458E+5	3.12994165E+1	3.79492928E-10	3.12947438E+1	-3.82395540E-1	3.12970801E+1	-1.22185523E-2
1.75559587E+5	3.11708341E+1	-2.32322207E-10	3.11688448E+1	2.48979971E-1	3.11698394E+1	7.98793267E-3
1.88246790E+5	3.10594328E+1	-7.92222274E-10	3.10255041E+1	9.02604025E-1	3.10424604E+1	2.90862059E-2
2.01850863E+5	3.10094783E+1	-1.27407752E-9	3.09318162E+1	1.54990897E+0	3.09706229E+1	5.00654017E-2
2.16438064E+5	3.09764795E+1	-1.71101940E-9	3.08163822E+1	2.22117193E+0	3.08963272E+1	7.19532006E-2
2.32079442E+5	3.09803805E+1	-2.10029402E-9	3.07039651E+1	2.91325056E+0	3.08418631E+1	9.45987017E-2
2.48851178E+5	3.10206507E+1	-2.44421645E-9	3.05907081E+1	3.62660017E+0	3.08049293E+1	1.18001574E-1
2.66834962E+5	3.11044733E+1	-2.75091990E-9	3.04772396E+1	4.37219217E+0	3.07892592E+1	1.42485423E-1
2.86118383E+5	3.12379673E+1	-3.01172576E-9	3.03692431E+1	5.13638733E+0	3.08005426E+1	1.67545667E-1
3.06795364E+5	3.14174173E+1	-3.23760419E-9	3.02542745E+1	5.93211632E+0	3.08303611E+1	1.93618983E-1
3.28966612E+5	3.16581554E+1	-3.42768601E-9	3.01417805E+1	6.76063028E+0	3.08906647E+1	2.20642669E-1
3.52740116E+5	3.19587365E+1	-3.59259432E-9	3.00151399E+1	7.63787757E+0	3.09716957E+1	2.49178962E-1
3.78231664E+5	3.23336005E+1	-3.72239746E-9	2.98883045E+1	8.54901042E+0	3.10869182E+1	2.78593315E-1
4.05565415E+5	3.27955110E+1	-3.83131451E-9	2.97459736E+1	9.52424412E+0	3.12335458E+1	3.09871790E-1
4.34874501E+5	3.33421529E+1	-3.89959840E-9	2.96054458E+1	1.05179001E+1	3.14182945E+1	3.41361014E-1
4.66301673E+5	3.40152386E+1	-3.94195770E-9	2.94673839E+1	1.15763925E+1	3.16597540E+1	3.74331367E-1
5.00000000E+5	3.48036119E+1	-3.96525671E-9	2.92966601E+1	1.27017392E+1	3.19316365E+1	4.09095186E-1
