Start time:20240908_09-16-44	sweep/start:500.000	sweep/stop:500000.000	sweep/samplecount:100.000	sweep/xmapping:1.000	sweep/scan:0.000	sweep/averaging/sample:10.000	sweep/settling/time:0.100	sweep/settling/inaccuracy:0.010	sweep/awgcontrol:0.000	sweep/averaging/time:0.100	sweep/averaging/tc:15.000	sweep/bandwidthcontrol:2.000	sweep/sincfilter:0.000	sweep/omegasuppression:80.000	sweep/maxbandwidth:100.000	sweep/bandwidth:1250000.000	sweep/order:8.000	sweep/bandwidthoverlap:1.000																				
Frequency	Param0		Param1		RealZ		ImagZ		AbsZ		PhaseZ		
5.00000000E+2	1.48250570E+3	7.67426313E-7	1.07622250E+2	-3.84665069E+2	3.99436885E+2	-1.29798996E+0
5.36133611E+2	1.34155747E+3	7.56945651E-7	1.05619428E+2	-3.61301517E+2	3.76422996E+2	-1.28639061E+0
5.74878498E+2	1.21128421E+3	7.47618903E-7	1.03533085E+2	-3.38656777E+2	3.54129289E+2	-1.27410284E+0
6.16423370E+2	1.09344130E+3	7.37468159E-7	1.01675122E+2	-3.17549513E+2	3.33429973E+2	-1.26092407E+0
6.60970574E+2	9.89059540E+2	7.26737098E-7	9.97949614E+1	-2.97899042E+2	3.14170180E+2	-1.24755021E+0
7.08737081E+2	8.94868741E+2	7.15244369E-7	9.80813084E+1	-2.79552480E+2	2.96259298E+2	-1.23336351E+0
7.59955541E+2	8.10164725E+2	7.03287391E-7	9.64255206E+1	-2.62340448E+2	2.79500289E+2	-1.21856549E+0
8.14875417E+2	7.34171307E+2	6.90289649E-7	9.49418231E+1	-2.46352426E+2	2.64014166E+2	-1.20294764E+0
8.73764200E+2	6.66525996E+2	6.76826381E-7	9.34308040E+1	-2.31397263E+2	2.49547622E+2	-1.18704590E+0
9.36908711E+2	6.05579641E+2	6.62606271E-7	9.20381780E+1	-2.17405991E+2	2.36085577E+2	-1.17032664E+0
1.00461650E+3	5.51330072E+2	6.47832409E-7	9.06365381E+1	-2.04341974E+2	2.23541112E+2	-1.15331648E+0
1.07721735E+3	5.02723749E+2	6.32165840E-7	8.93434490E+1	-1.92179055E+2	2.11931703E+2	-1.13562340E+0
1.15506485E+3	4.59271426E+2	6.15851231E-7	8.80894872E+1	-1.80823677E+2	2.01139167E+2	-1.11747595E+0
1.23853818E+3	4.20500293E+2	5.98925694E-7	8.68602867E+1	-1.70235275E+2	1.91114526E+2	-1.09899296E+0
1.32804389E+3	3.85910660E+2	5.81451886E-7	8.56477682E+1	-1.60364704E+2	1.81803136E+2	-1.08025696E+0
1.42401793E+3	3.55147442E+2	5.63309943E-7	8.44769358E+1	-1.51213118E+2	1.73210166E+2	-1.06132758E+0
1.52692775E+3	3.27530418E+2	5.44735528E-7	8.33405449E+1	-1.42656619E+2	1.65216703E+2	-1.04207262E+0
1.63727458E+3	3.02945168E+2	5.25870743E-7	8.21904277E+1	-1.34699381E+2	1.57794774E+2	-1.02292752E+0
1.75559587E+3	2.80894697E+2	5.06722970E-7	8.10636217E+1	-1.27275395E+2	1.50898437E+2	-1.00367471E+0
1.88246790E+3	2.61243392E+2	4.87386046E-7	7.99387392E+1	-1.20387958E+2	1.44511120E+2	-9.84635621E-1
2.01850863E+3	2.43682212E+2	4.68057716E-7	7.87975681E+1	-1.13984675E+2	1.38569707E+2	-9.65933395E-1
2.16438064E+3	2.27841180E+2	4.48799590E-7	7.76625700E+1	-1.07996547E+2	1.33021539E+2	-9.47352513E-1
2.32079442E+3	2.13643357E+2	4.29715614E-7	7.65157453E+1	-1.02432513E+2	1.27855698E+2	-9.29226399E-1
2.48851178E+3	2.00880627E+2	4.10988055E-7	7.53383778E+1	-9.72530097E+1	1.23020403E+2	-9.11696387E-1
2.66834962E+3	1.89380469E+2	3.92551653E-7	7.41652699E+1	-9.24389809E+1	1.18513514E+2	-8.94644805E-1
2.86118383E+3	1.78941732E+2	3.74658670E-7	7.29600078E+1	-8.79342159E+1	1.14261059E+2	-8.78199491E-1
3.06795364E+3	1.69465751E+2	3.57235894E-7	7.17510779E+1	-8.37325055E+1	1.10269442E+2	-8.62305297E-1
3.28966612E+3	1.60828633E+2	3.40456656E-7	7.05111719E+1	-7.98021900E+1	1.06490446E+2	-8.47130608E-1
3.52740116E+3	1.52934296E+2	3.24303928E-7	6.92535377E+1	-7.61261282E+1	1.02913752E+2	-8.32636394E-1
3.78231664E+3	1.45656289E+2	3.08789260E-7	6.79840852E+1	-7.26668631E+1	9.95103470E+1	-8.18679478E-1
4.05565415E+3	1.38940296E+2	2.93946534E-7	6.66983221E+1	-6.94148248E+1	9.62656965E+1	-8.05353194E-1
4.34874501E+3	1.32735577E+2	2.79794738E-7	6.53943043E+1	-6.63606445E+1	9.31673249E+1	-7.92732408E-1
4.66301673E+3	1.26951131E+2	2.66284975E-7	6.40850132E+1	-6.34726368E+1	9.01979197E+1	-7.80597415E-1
5.00000000E+3	1.21552816E+2	2.53417562E-7	6.27696537E+1	-6.07437109E+1	8.73488866E+1	-7.68997015E-1
5.36133611E+3	1.16448132E+2	2.41134641E-7	6.14590862E+1	-5.81341219E+1	8.45978463E+1	-7.57603039E-1
5.74878498E+3	1.11640510E+2	2.29470138E-7	6.01425722E+1	-5.56526580E+1	8.19411215E+1	-7.46642975E-1
6.16423370E+3	1.07117509E+2	2.18318917E-7	5.88430894E+1	-5.32974275E+1	7.93922229E+1	-7.35985623E-1
6.60970574E+3	1.02803190E+2	2.07699302E-7	5.75498034E+1	-5.10325714E+1	7.69175097E+1	-7.25449001E-1
7.08737081E+3	9.87056845E+1	1.97541223E-7	5.62769320E+1	-4.88647102E+1	7.45308865E+1	-7.15017115E-1
7.59955541E+3	9.47936771E+1	1.87821307E-7	5.50248150E+1	-4.67789922E+1	7.22219113E+1	-7.04577405E-1
8.14875417E+3	9.10661498E+1	1.78496434E-7	5.38008629E+1	-4.47761589E+1	6.99959810E+1	-6.94102878E-1
8.73764200E+3	8.75074403E+1	1.69526099E-7	5.26106736E+1	-4.28478974E+1	6.78514948E+1	-6.83480131E-1
9.36908711E+3	8.40982795E+1	1.60912573E-7	5.14484570E+1	-4.09851548E+1	6.57778586E+1	-6.72679956E-1
1.00461650E+4	8.08420405E+1	1.52601955E-7	5.03251548E+1	-3.91888620E+1	6.37839178E+1	-6.61625738E-1
1.07721735E+4	7.77333893E+1	1.44593272E-7	4.92378501E+1	-3.74574293E+1	6.18661857E+1	-6.50342274E-1
1.15506485E+4	7.47623241E+1	1.36838940E-7	4.81945411E+1	-3.57829852E+1	6.00261266E+1	-6.38664256E-1
1.23853818E+4	7.19303671E+1	1.29373127E-7	4.71849513E+1	-3.41703262E+1	5.82583114E+1	-6.26769499E-1
1.32804389E+4	6.92279978E+1	1.22126316E-7	4.62229086E+1	-3.26092332E+1	5.65678301E+1	-6.14392847E-1
1.42401793E+4	6.66563367E+1	1.15113710E-7	4.53033723E+1	-3.11024311E+1	5.49523140E+1	-6.01632981E-1
1.52692775E+4	6.42105723E+1	1.08337626E-7	4.44235108E+1	-2.96481081E+1	5.34084162E+1	-5.88507932E-1
1.63727458E+4	6.18856553E+1	1.01802268E-7	4.35800061E+1	-2.82446403E+1	5.19324279E+1	-5.75045465E-1
1.75559587E+4	5.97008636E+1	9.54727685E-8	4.27870529E+1	-2.69015245E+1	5.05413097E+1	-5.61277421E-1
1.88246790E+4	5.76101819E+1	8.93367144E-8	4.20336585E+1	-2.55878511E+1	4.92094165E+1	-5.46826103E-1
2.01850863E+4	5.56418182E+1	8.34777326E-8	4.13070877E+1	-2.43336362E+1	4.79416462E+1	-5.32359594E-1
2.16438064E+4	5.37831633E+1	7.78169095E-8	4.06234945E+1	-2.31212389E+1	4.67424863E+1	-5.17433742E-1
2.32079442E+4	5.20332466E+1	7.23853505E-8	3.99749865E+1	-2.19551527E+1	4.56073274E+1	-5.02245899E-1
2.48851178E+4	5.03870154E+1	6.71645454E-8	3.93648796E+1	-2.08298990E+1	4.45362629E+1	-4.86694209E-1
2.66834962E+4	4.88357964E+1	6.21755488E-8	3.87845512E+1	-1.97441867E+1	4.35209653E+1	-4.70880020E-1
2.86118383E+4	4.73818021E+1	5.74080540E-8	3.82381945E+1	-1.86985252E+1	4.25651797E+1	-4.54809965E-1
3.06795364E+4	4.60203810E+1	5.28630257E-8	3.77241436E+1	-1.76909134E+1	4.16662868E+1	-4.38504354E-1
3.28966612E+4	4.47429236E+1	4.85594123E-8	3.72336982E+1	-1.67211306E+1	4.08159835E+1	-4.22093540E-1
3.52740116E+4	4.35479593E+1	4.44673522E-8	3.67741856E+1	-1.57829021E+1	4.00180052E+1	-4.05409416E-1
3.78231664E+4	4.24348697E+1	4.06037460E-8	3.63415143E+1	-1.48809186E+1	3.92701849E+1	-3.88647160E-1
4.05565415E+4	4.13955458E+1	3.69561129E-8	3.59345309E+1	-1.40085329E+1	3.85685042E+1	-3.71712728E-1
4.34874501E+4	4.04280721E+1	3.35306442E-8	3.55507024E+1	-1.31679123E+1	3.79110321E+1	-3.54730027E-1
4.66301673E+4	3.95240564E+1	3.03185403E-8	3.51868178E+1	-1.23536881E+1	3.72924358E+1	-3.37644226E-1
5.00000000E+4	3.86829219E+1	2.73109611E-8	3.48445491E+1	-1.15648757E+1	3.67136074E+1	-3.20459222E-1
5.36133611E+4	3.79062170E+1	2.45026192E-8	3.45263301E+1	-1.08025496E+1	3.61768235E+1	-3.03229743E-1
5.74878498E+4	3.71790544E+1	2.18925629E-8	3.42210731E+1	-1.00610777E+1	3.56694146E+1	-2.85945367E-1
6.16423370E+4	3.65081502E+1	1.94672317E-8	3.39367136E+1	-9.34163233E+0	3.51989579E+1	-2.68613737E-1
6.60970574E+4	3.58842535E+1	1.72216444E-8	3.36666638E+1	-8.64053441E+0	3.47577775E+1	-2.51227213E-1
7.08737081E+4	3.53086563E+1	1.51491745E-8	3.34128913E+1	-7.95883015E+0	3.43476971E+1	-2.33838906E-1
7.59955541E+4	3.47769142E+1	1.32350673E-8	3.31744994E+1	-7.29104234E+0	3.39662585E+1	-2.16339040E-1
8.14875417E+4	3.42862533E+1	1.14762662E-8	3.29489642E+1	-6.63794250E+0	3.36109585E+1	-1.98800300E-1
8.73764200E+4	3.38357692E+1	9.86268948E-9	3.27369422E+1	-5.99768467E+0	3.32818212E+1	-1.81198958E-1
9.36908711E+4	3.34207294E+1	8.38520456E-9	3.25352709E+1	-5.36736551E+0	3.29750282E+1	-1.63498064E-1
1.00461650E+5	3.30427586E+1	7.02902135E-9	3.23475041E+1	-4.74233366E+0	3.26932832E+1	-1.45568854E-1
1.07721735E+5	3.26940794E+1	5.79754564E-9	3.21646930E+1	-4.12644342E+0	3.24283060E+1	-1.27594127E-1
1.15506485E+5	3.23798321E+1	4.67573023E-9	3.19935687E+1	-3.51538545E+0	3.21861210E+1	-1.09438864E-1
1.23853818E+5	3.20972092E+1	3.65217922E-9	3.18323067E+1	-2.90386700E+0	3.19644835E+1	-9.09721024E-2
1.32804389E+5	3.18423627E+1	2.72453348E-9	3.16763540E+1	-2.29311060E+0	3.17592499E+1	-7.22657974E-2
1.42401793E+5	3.16214135E+1	1.88476984E-9	3.15317490E+1	-1.68144596E+0	3.15765494E+1	-5.32750347E-2
1.52692775E+5	3.14259096E+1	1.12405177E-9	3.13898568E+1	-1.06380445E+0	3.14078780E+1	-3.38771067E-2
1.63727458E+5	3.12612759E+1	4.38628380E-10	3.12550565E+1	-4.40884801E-1	3.12581660E+1	-1.41050952E-2
1.75559587E+5	3.11278181E+1	-1.78950592E-10	3.11266424E+1	1.91257754E-1	3.11272302E+1	6.14442202E-3
1.88246790E+5	3.10270397E+1	-7.56241786E-10	3.09941511E+1	8.59078969E-1	3.10105876E+1	2.77239711E-2
2.01850863E+5	3.09512766E+1	-1.23212509E-9	3.08790404E+1	1.49350835E+0	3.09151374E+1	4.83287480E-2
2.16438064E+5	3.09137443E+1	-1.67685677E-9	3.07608743E+1	2.16850175E+0	3.08372146E+1	7.03790193E-2
2.32079442E+5	3.09121652E+1	-2.07228199E-9	3.06447741E+1	2.86253799E+0	3.07781793E+1	9.31400419E-2
2.48851178E+5	3.09482445E+1	-2.42148882E-9	3.05290744E+1	3.57726925E+0	3.07379450E+1	1.16643919E-1
2.66834962E+5	3.10296831E+1	-2.73301142E-9	3.04148294E+1	4.32441050E+0	3.07207180E+1	1.41234326E-1
2.86118383E+5	3.11543175E+1	-2.99712584E-9	3.03005322E+1	5.08626653E+0	3.07244593E+1	1.66310143E-1
3.06795364E+5	3.13308446E+1	-3.22836226E-9	3.01833923E+1	5.88506264E+0	3.07517670E+1	1.92560964E-1
3.28966612E+5	3.15686428E+1	-3.42712130E-9	3.00651610E+1	6.72326754E+0	3.08077316E+1	2.20003636E-1
3.52740116E+5	3.18688089E+1	-3.59155303E-9	2.99419629E+1	7.59561688E+0	3.08903656E+1	2.48437288E-1
3.78231664E+5	3.22438407E+1	-3.72288974E-9	2.98172411E+1	8.50613534E+0	3.10068115E+1	2.77894097E-1
4.05565415E+5	3.27119426E+1	-3.82800763E-9	2.96889573E+1	9.47359389E+0	3.11638162E+1	3.08881660E-1
4.34874501E+5	3.32551512E+1	-3.90715343E-9	2.95326767E+1	1.04849434E+1	3.13386911E+1	3.41147449E-1
4.66301673E+5	3.39198927E+1	-3.95629701E-9	2.93782879E+1	1.15509079E+1	3.15675185E+1	3.74612018E-1
NaN	NaN	NaN	NaN	NaN	NaN	NaN
