Start time:20240908_16-05-09	sweep/start:500.000	sweep/stop:500000.000	sweep/samplecount:100.000	sweep/xmapping:1.000	sweep/scan:0.000	sweep/averaging/sample:10.000	sweep/settling/time:0.100	sweep/settling/inaccuracy:0.010	sweep/awgcontrol:0.000	sweep/averaging/time:0.100	sweep/averaging/tc:15.000	sweep/bandwidthcontrol:2.000	sweep/sincfilter:0.000	sweep/omegasuppression:80.000	sweep/maxbandwidth:100.000	sweep/bandwidth:1250000.000	sweep/order:8.000	sweep/bandwidthoverlap:1.000																				
Frequency	Param0		Param1		RealZ		ImagZ		AbsZ		PhaseZ		
5.00000000E+2	1.50729543E+3	7.74917572E-7	1.04202724E+2	-3.82368929E+2	3.96313274E+2	-1.30473833E+0
5.36133611E+2	1.36207269E+3	7.65093416E-7	1.02230609E+2	-3.58879332E+2	3.73156101E+2	-1.29328604E+0
5.74878498E+2	1.22924863E+3	7.55718897E-7	1.00270637E+2	-3.36456964E+2	3.51080466E+2	-1.28115778E+0
6.16423370E+2	1.10973804E+3	7.45856004E-7	9.84067405E+1	-3.15470667E+2	3.30462759E+2	-1.26842512E+0
6.60970574E+2	1.00212449E+3	7.35393105E-7	9.66637070E+1	-2.95846468E+2	3.11237869E+2	-1.25499503E+0
7.08737081E+2	9.05933547E+2	7.24299174E-7	9.49810505E+1	-2.77533883E+2	2.93336774E+2	-1.24105823E+0
7.59955541E+2	8.19163197E+2	7.12593111E-7	9.34167769E+1	-2.60378287E+2	2.76628905E+2	-1.22632713E+0
8.14875417E+2	7.41778944E+2	7.00156963E-7	9.19065038E+1	-2.44392061E+2	2.61102064E+2	-1.21109514E+0
8.73764200E+2	6.72391802E+2	6.87037891E-7	9.04710252E+1	-2.29449242E+2	2.46641366E+2	-1.19521644E+0
9.36908711E+2	6.10218795E+2	6.73212349E-7	8.91051691E+1	-2.15485284E+2	2.33181561E+2	-1.17869853E+0
1.00461650E+3	5.54716152E+2	6.58647462E-7	8.77891831E+1	-2.02462659E+2	2.20676393E+2	-1.16165830E+0
1.07721735E+3	5.05052597E+2	6.43325443E-7	8.65384503E+1	-1.90309117E+2	2.09060910E+2	-1.14401944E+0
1.15506485E+3	4.60730005E+2	6.27320555E-7	8.53216871E+1	-1.78970573E+2	1.98268145E+2	-1.12593265E+0
1.23853818E+3	4.21135774E+2	6.10626848E-7	8.41473450E+1	-1.68394414E+2	1.88248386E+2	-1.10738563E+0
1.32804389E+3	3.85749988E+2	5.93246315E-7	8.30209314E+1	-1.58533418E+2	1.78956197E+2	-1.08838393E+0
1.42401793E+3	3.54243152E+2	5.75295581E-7	8.19082527E+1	-1.49353516E+2	1.70339177E+2	-1.06916802E+0
1.52692775E+3	3.26074986E+2	5.56823032E-7	8.08246119E+1	-1.40791566E+2	1.62341872E+2	-1.04965912E+0
1.63727458E+3	3.00939926E+2	5.37913677E-7	7.97563564E+1	-1.32818652E+2	1.54925372E+2	-1.03001614E+0
1.75559587E+3	2.78505194E+2	5.18668570E-7	7.86969775E+1	-1.25396578E+2	1.48045656E+2	-1.01034049E+0
1.88246790E+3	2.58465644E+2	4.99149478E-7	7.76515970E+1	-1.18492611E+2	1.41669579E+2	-9.90684282E-1
2.01850863E+3	2.40552540E+2	4.79528058E-7	7.66024628E+1	-1.12066851E+2	1.35745779E+2	-9.71201226E-1
2.16438064E+3	2.24511636E+2	4.59860688E-7	7.55595422E+1	-1.06088413E+2	1.30245906E+2	-9.51908180E-1
2.32079442E+3	2.10120531E+2	4.40324012E-7	7.45060204E+1	-1.00519138E+2	1.25120919E+2	-9.32943115E-1
2.48851178E+3	1.97201541E+2	4.21031755E-7	7.34361361E+1	-9.53354740E+1	1.20340014E+2	-9.14434430E-1
2.66834962E+3	1.85575826E+2	4.02028571E-7	7.23606856E+1	-9.05114623E+1	1.15880947E+2	-8.96382099E-1
2.86118383E+3	1.75057474E+2	3.83458653E-7	7.12688837E+1	-8.60052128E+1	1.11696690E+2	-8.78823779E-1
3.06795364E+3	1.65568507E+2	3.65364031E-7	7.01630855E+1	-8.18164920E+1	1.07781247E+2	-8.61925864E-1
3.28966612E+3	1.56952660E+2	3.47843696E-7	6.90383636E+1	-7.79067321E+1	1.04094931E+2	-8.45676626E-1
3.52740116E+3	1.49087275E+2	3.30924171E-7	6.79009039E+1	-7.42470724E+1	1.00613919E+2	-8.30013340E-1
3.78231664E+3	1.41884908E+2	3.14714280E-7	6.67345102E+1	-7.08175449E+1	9.73068326E+1	-8.15073012E-1
4.05565415E+3	1.35278657E+2	2.99149538E-7	6.55594761E+1	-6.76073411E+1	9.41742941E+1	-8.00775143E-1
4.34874501E+3	1.29165860E+2	2.84257414E-7	6.43742414E+1	-6.45825910E+1	9.11863703E+1	-7.87013817E-1
4.66301673E+3	1.23517300E+2	2.70114186E-7	6.31631005E+1	-6.17426768E+1	8.83274336E+1	-7.74026693E-1
5.00000000E+3	1.18235003E+2	2.56557519E-7	6.19629020E+1	-5.90489830E+1	8.55931291E+1	-7.61323207E-1
5.36133611E+3	1.13323650E+2	2.43740240E-7	6.07383495E+1	-5.65149918E+1	8.29643986E+1	-7.49394648E-1
5.74878498E+3	1.08696955E+2	2.31510160E-7	5.95207427E+1	-5.41017986E+1	8.04345912E+1	-7.37741765E-1
6.16423370E+3	1.04329921E+2	2.19893633E-7	5.83006326E+1	-5.18028624E+1	7.79903863E+1	-7.26451420E-1
6.60970574E+3	1.00204605E+2	2.08834417E-7	5.70877864E+1	-4.96129380E+1	7.56337163E+1	-7.15458089E-1
7.08737081E+3	9.62841562E+1	1.98282939E-7	5.58885977E+1	-4.75147456E+1	7.33565705E+1	-7.04592089E-1
7.59955541E+3	9.25541453E+1	1.88227718E-7	5.47016021E+1	-4.55037878E+1	7.11537772E+1	-6.93865036E-1
8.14875417E+3	8.89941113E+1	1.78605799E-7	5.35366807E+1	-4.35691752E+1	6.90249902E+1	-6.83110631E-1
8.73764200E+3	8.56051327E+1	1.69416629E-7	5.23912949E+1	-4.17146964E+1	6.69698718E+1	-6.72428299E-1
9.36908711E+3	8.23624375E+1	1.60571432E-7	5.12807939E+1	-3.99235683E+1	6.49893158E+1	-6.61510861E-1
1.00461650E+4	7.92639740E+1	1.52112619E-7	5.01918940E+1	-3.81992503E+1	6.30746301E+1	-6.50544630E-1
1.07721735E+4	7.63026528E+1	1.43953165E-7	4.91419698E+1	-3.65339488E+1	6.12344890E+1	-6.39287411E-1
1.15506485E+4	7.34732017E+1	1.36105952E-7	4.81246857E+1	-3.49269142E+1	5.94632216E+1	-6.27805385E-1
1.23853818E+4	7.07701357E+1	1.28545508E-7	4.71430528E+1	-3.33744326E+1	5.77608883E+1	-6.16034686E-1
1.32804389E+4	6.81878697E+1	1.21255053E-7	4.61980320E+1	-3.18729850E+1	5.61261559E+1	-6.03929344E-1
1.42401793E+4	6.57345939E+1	1.14214453E-7	4.52950397E+1	-3.04271317E+1	5.45660244E+1	-5.91516454E-1
1.52692775E+4	6.33875126E+1	1.07439064E-7	4.44231614E+1	-2.90250959E+1	5.30648059E+1	-5.78745946E-1
1.63727458E+4	6.11643974E+1	1.00872975E-7	4.35999107E+1	-2.76732672E+1	5.16407026E+1	-5.65550826E-1
1.75559587E+4	5.90520323E+1	9.45808232E-8	4.28048586E+1	-2.63715344E+1	5.02763747E+1	-5.52164578E-1
1.88246790E+4	5.70420403E+1	8.84961050E-8	4.20510534E+1	-2.51075015E+1	4.89762988E+1	-5.38263700E-1
2.01850863E+4	5.51494031E+1	8.26320033E-8	4.13401256E+1	-2.38930368E+1	4.77481228E+1	-5.24057727E-1
2.16438064E+4	5.33516799E+1	7.70129699E-8	4.06577897E+1	-2.27179553E+1	4.65742566E+1	-5.09544016E-1
2.32079442E+4	5.16606600E+1	7.16234745E-8	4.00124556E+1	-2.15887291E+1	4.54650399E+1	-4.94784956E-1
2.48851178E+4	5.00625177E+1	6.64452987E-8	3.94032896E+1	-2.04941040E+1	4.44142748E+1	-4.79607051E-1
2.66834962E+4	4.85529571E+1	6.15198532E-8	3.88178871E+1	-1.94395164E+1	4.34133988E+1	-4.64277484E-1
2.86118383E+4	4.71405040E+1	5.68161119E-8	3.82684581E+1	-1.84260522E+1	4.24734550E+1	-4.48733913E-1
3.06795364E+4	4.58096258E+1	5.23226487E-8	3.77507288E+1	-1.74421677E+1	4.15854152E+1	-4.32817250E-1
3.28966612E+4	4.45653349E+1	4.80627826E-8	3.72617115E+1	-1.64968326E+1	4.07502227E+1	-4.16790764E-1
3.52740116E+4	4.33964446E+1	4.40264721E-8	3.67981524E+1	-1.55821999E+1	3.99613436E+1	-4.00557563E-1
3.78231664E+4	4.23045169E+1	4.02163371E-8	3.63604548E+1	-1.47013191E+1	3.92200392E+1	-3.84226378E-1
4.05565415E+4	4.12810846E+1	3.66198933E-8	3.59467788E+1	-1.38474221E+1	3.85217084E+1	-3.67700525E-1
4.34874501E+4	4.03252211E+1	3.32379437E-8	3.55562431E+1	-1.30217866E+1	3.78657281E+1	-3.51060412E-1
4.66301673E+4	3.94363865E+1	3.00627223E-8	3.51904861E+1	-1.22235547E+1	3.72529947E+1	-3.34315605E-1
5.00000000E+4	3.86063337E+1	2.70972426E-8	3.48429225E+1	-1.14511236E+1	3.66763888E+1	-3.17529575E-1
5.36133611E+4	3.78350373E+1	2.43203352E-8	3.45184978E+1	-1.06996239E+1	3.61387417E+1	-3.00576321E-1
5.74878498E+4	3.71166038E+1	2.17408106E-8	3.42102032E+1	-9.97138628E+0	3.56337839E+1	-2.83616581E-1
6.16423370E+4	3.64491377E+1	1.93420021E-8	3.39201154E+1	-9.26200396E+0	3.51618964E+1	-2.66555604E-1
6.60970574E+4	3.58299348E+1	1.71220376E-8	3.36459022E+1	-8.57226580E+0	3.47207500E+1	-2.49471366E-1
7.08737081E+4	3.52566542E+1	1.50663569E-8	3.33884471E+1	-7.89788103E+0	3.43098373E+1	-2.32275905E-1
7.59955541E+4	3.47263071E+1	1.31700339E-8	3.31455942E+1	-7.23834645E+0	3.39267459E+1	-2.15004900E-1
8.14875417E+4	3.42373099E+1	1.14258764E-8	3.29168102E+1	-6.59292247E+0	3.35705679E+1	-1.97674818E-1
8.73764200E+4	3.37838800E+1	9.82421856E-9	3.26982351E+1	-5.95807497E+0	3.32366251E+1	-1.80236588E-1
9.36908711E+4	3.33701489E+1	8.35337881E-9	3.24951378E+1	-5.33231541E+0	3.29297371E+1	-1.62646251E-1
1.00461650E+5	3.29906247E+1	7.00679890E-9	3.23028878E+1	-4.71337181E+0	3.26449452E+1	-1.44889311E-1
1.07721735E+5	3.26403931E+1	5.78179332E-9	3.21163954E+1	-4.10230501E+0	3.23773342E+1	-1.27044469E-1
1.15506485E+5	3.23255858E+1	4.66378848E-9	3.19431827E+1	-3.49502008E+0	3.21338154E+1	-1.08980145E-1
1.23853818E+5	3.20417502E+1	3.64430146E-9	3.17793375E+1	-2.88778346E+0	3.19102741E+1	-9.06209630E-2
1.32804389E+5	3.17861491E+1	2.71770527E-9	3.16218388E+1	-2.27939433E+0	3.17038875E+1	-7.19584691E-2
1.42401793E+5	3.15591001E+1	1.87911872E-9	3.14704961E+1	-1.66985116E+0	3.15147670E+1	-5.30111324E-2
1.52692775E+5	3.13641764E+1	1.12000287E-9	3.13285929E+1	-1.05582558E+0	3.13463796E+1	-3.36889124E-2
1.63727458E+5	3.11968080E+1	4.33700491E-10	3.11907650E+1	-4.34137730E-1	3.11937864E+1	-1.39178912E-2
1.75559587E+5	3.10607432E+1	-1.82632959E-10	3.10595266E+1	1.94352547E-1	3.10601349E+1	6.25733982E-3
1.88246790E+5	3.09607245E+1	-7.64586819E-10	3.09256701E+1	8.65317859E-1	3.09431882E+1	2.79777695E-2
2.01850863E+5	3.08816432E+1	-1.23861209E-9	3.08091370E+1	1.49460273E+0	3.08453688E+1	4.84736669E-2
2.16438064E+5	3.08416358E+1	-1.68360664E-9	3.06886109E+1	2.16704945E+0	3.07650282E+1	7.04971026E-2
2.32079442E+5	3.08396361E+1	-2.08024386E-9	3.05720854E+1	2.85999355E+0	3.07055693E+1	9.32777119E-2
2.48851178E+5	3.08759324E+1	-2.43072293E-9	3.04565292E+1	3.57400816E+0	3.06655138E+1	1.16813604E-1
2.66834962E+5	3.09573185E+1	-2.73848585E-9	3.03443001E+1	4.31294227E+0	3.06492767E+1	1.41187813E-1
2.86118383E+5	3.10790339E+1	-3.00895102E-9	3.02247930E+1	5.08126187E+0	3.06489374E+1	1.66558205E-1
3.06795364E+5	3.12566276E+1	-3.24223164E-9	3.01076619E+1	5.88155094E+0	3.06767661E+1	1.92921043E-1
3.28966612E+5	3.14927444E+1	-3.43843769E-9	2.99903324E+1	6.71250228E+0	3.07323586E+1	2.20193149E-1
3.52740116E+5	3.17920369E+1	-3.60530943E-9	2.98647309E+1	7.58672248E+0	3.08133189E+1	2.48773798E-1
3.78231664E+5	3.21719699E+1	-3.74043905E-9	2.97396924E+1	8.50499932E+0	3.09319329E+1	2.78546645E-1
4.05565415E+5	3.26395140E+1	-3.84678510E-9	2.96085403E+1	9.47324834E+0	3.10871089E+1	3.09657563E-1
4.34874501E+5	3.31843964E+1	-3.92029576E-9	2.94617399E+1	1.04726052E+1	3.12677150E+1	3.41534705E-1
4.66301673E+5	3.38477825E+1	-3.97107744E-9	2.93032518E+1	1.15398803E+1	3.14936502E+1	3.75157700E-1
5.00000000E+5	3.46320124E+1	-3.99537708E-9	2.91279730E+1	1.26617920E+1	3.17609861E+1	4.10054012E-1
