Start time:20240905_13-38-50	sweep/start:500.000	sweep/stop:500000.000	sweep/samplecount:100.000	sweep/xmapping:1.000	sweep/scan:0.000	sweep/averaging/sample:10.000	sweep/settling/time:0.100	sweep/settling/inaccuracy:0.010	sweep/awgcontrol:0.000	sweep/averaging/time:0.100	sweep/averaging/tc:15.000	sweep/bandwidthcontrol:2.000	sweep/sincfilter:0.000	sweep/omegasuppression:80.000	sweep/maxbandwidth:100.000	sweep/bandwidth:1250000.000	sweep/order:8.000	sweep/bandwidthoverlap:1.000																				
Frequency	Param0		Param1		RealZ		ImagZ		AbsZ		PhaseZ		
5.00000000E+2	1.36367989E+3	7.27721688E-7	1.27211930E+2	-3.96602273E+2	4.16504800E+2	-1.26040920E+0
5.36133611E+2	1.23424429E+3	7.17042299E-7	1.24824157E+2	-3.72132162E+2	3.92509140E+2	-1.24716026E+0
5.74878498E+2	1.11707925E+3	7.05738585E-7	1.22634644E+2	-3.49218155E+2	3.70125087E+2	-1.23308032E+0
6.16423370E+2	1.01199934E+3	6.93733413E-7	1.20566124E+2	-3.27836270E+2	3.49303326E+2	-1.21838527E+0
6.60970574E+2	9.17633428E+2	6.81112917E-7	1.18595175E+2	-3.07834446E+2	3.29889173E+2	-1.20306424E+0
7.08737081E+2	8.33178165E+2	6.67792578E-7	1.16709996E+2	-2.89169437E+2	3.11833595E+2	-1.18718676E+0
7.59955541E+2	7.57690595E+2	6.53630828E-7	1.14936961E+2	-2.71801613E+2	2.95104434E+2	-1.17073051E+0
8.14875417E+2	6.90199844E+2	6.38841562E-7	1.13211152E+2	-2.55580759E+2	2.79532278E+2	-1.15381520E+0
8.73764200E+2	6.29989985E+2	6.23339770E-7	1.11542347E+2	-2.40476297E+2	2.65085924E+2	-1.13649346E+0
9.36908711E+2	5.76098899E+2	6.07216291E-7	1.09928342E+2	-2.26374354E+2	2.51653711E+2	-1.11873152E+0
1.00461650E+3	5.27990203E+2	5.90490769E-7	1.08351964E+2	-2.13233722E+2	2.39183548E+2	-1.10066025E+0
1.07721735E+3	4.85172044E+2	5.73117024E-7	1.06819802E+2	-2.01036080E+2	2.27653195E+2	-1.08238717E+0
1.15506485E+3	4.46810062E+2	5.55300178E-7	1.05318750E+2	-1.89645550E+2	2.16927349E+2	-1.06385856E+0
1.23853818E+3	4.12591085E+2	5.37064990E-7	1.03834977E+2	-1.79052176E+2	2.06981605E+2	-1.04527641E+0
1.32804389E+3	3.82043729E+2	5.18601192E-7	1.02335703E+2	-1.69186629E+2	1.97728885E+2	-1.02680456E+0
1.42401793E+3	3.54716121E+2	4.99785376E-7	1.00884781E+2	-1.60024112E+2	1.89170442E+2	-1.00829833E+0
1.52692775E+3	3.30288183E+2	4.80939172E-7	9.94083575E+1	-1.51497135E+2	1.81199901E+2	-9.90093663E-1
1.63727458E+3	3.08408803E+2	4.62112979E-7	9.79207650E+1	-1.43565833E+2	1.73780393E+2	-9.72211175E-1
1.75559587E+3	2.88750276E+2	4.43415820E-7	9.64206677E+1	-1.36178370E+2	1.66857706E+2	-9.54690172E-1
1.88246790E+3	2.71106461E+2	4.24921584E-7	9.49061662E+1	-1.29315481E+2	1.60404721E+2	-9.37671383E-1
2.01850863E+3	2.55207576E+2	4.06729152E-7	9.33772708E+1	-1.22927913E+2	1.54371586E+2	-9.21173142E-1
2.16438064E+3	2.40836524E+2	3.88975923E-7	9.18173817E+1	-1.16972419E+2	1.48704333E+2	-9.05300446E-1
2.32079442E+3	2.27826554E+2	3.71653045E-7	9.02474982E+1	-1.11427845E+2	1.43390292E+2	-8.90036576E-1
2.48851178E+3	2.15991014E+2	3.54924551E-7	8.86388058E+1	-1.06246634E+2	1.38366128E+2	-8.75503153E-1
2.66834962E+3	2.05222011E+2	3.38781825E-7	8.70052866E+1	-1.01417353E+2	1.33624098E+2	-8.61737500E-1
2.86118383E+3	1.95332000E+2	3.23291880E-7	8.53423029E+1	-9.68853631E+1	1.29112674E+2	-8.48657811E-1
3.06795364E+3	1.86260111E+2	3.08443446E-7	8.36580726E+1	-9.26471157E+1	1.24828528E+2	-8.36339749E-1
3.28966612E+3	1.77864110E+2	2.94267907E-7	8.19507856E+1	-8.86576107E+1	1.20731534E+2	-8.24689159E-1
3.52740116E+3	1.70087679E+2	2.80753000E-7	8.02255541E+1	-8.49072346E+1	1.16813433E+2	-8.13741577E-1
3.78231664E+3	1.62826201E+2	2.67907207E-7	7.84812785E+1	-8.13602917E+1	1.13043391E+2	-8.03407884E-1
4.05565415E+3	1.56032391E+2	2.55679792E-7	7.67315429E+1	-7.80056155E+1	1.09419404E+2	-7.93631762E-1
4.34874501E+3	1.49631339E+2	2.44091908E-7	7.49673082E+1	-7.48155135E+1	1.05912504E+2	-7.84384731E-1
4.66301673E+3	1.43601302E+2	2.33069638E-7	7.32072519E+1	-7.17868694E+1	1.02531247E+2	-7.75602335E-1
5.00000000E+3	1.37866839E+2	2.22549680E-7	7.14660624E+1	-6.88868767E+1	9.92612714E+1	-7.67023811E-1
5.36133611E+3	1.32426706E+2	2.12613563E-7	6.97137454E+1	-6.61207625E+1	9.60830974E+1	-7.58953151E-1
5.74878498E+3	1.27216889E+2	2.03121554E-7	6.79871173E+1	-6.34575555E+1	9.30005889E+1	-7.50951958E-1
6.16423370E+3	1.22248326E+2	1.94045603E-7	6.62903710E+1	-6.09054466E+1	9.00215908E+1	-7.43087725E-1
6.60970574E+3	1.17474626E+2	1.85371109E-7	6.46213268E+1	-5.84418528E+1	8.71284461E+1	-7.35226469E-1
7.08737081E+3	1.12893689E+2	1.77046488E-7	6.29910917E+1	-5.60662013E+1	8.43285044E+1	-7.27299271E-1
7.59955541E+3	1.08482910E+2	1.69063631E-7	6.13960591E+1	-5.37675271E+1	8.16114152E+1	-7.19253960E-1
8.14875417E+3	1.04248825E+2	1.61369735E-7	5.98487464E+1	-5.15488981E+1	7.89883626E+1	-7.11029074E-1
8.73764200E+3	1.00164129E+2	1.53965325E-7	5.83423537E+1	-4.93961607E+1	7.64448231E+1	-7.02552059E-1
9.36908711E+3	9.62599477E+1	1.46803429E-7	5.68905880E+1	-4.73259544E+1	7.40019257E+1	-6.93878007E-1
1.00461650E+4	9.24975464E+1	1.39883351E-7	5.54860501E+1	-4.53169026E+1	7.16402363E+1	-6.84856870E-1
1.07721735E+4	8.88828165E+1	1.33161787E-7	5.41392939E+1	-4.33703783E+1	6.93689621E+1	-6.75404452E-1
1.15506485E+4	8.54172129E+1	1.26641228E-7	5.28463857E+1	-4.14879552E+1	6.71862408E+1	-6.65568917E-1
1.23853818E+4	8.20994386E+1	1.20314193E-7	5.16065990E+1	-3.96690264E+1	6.50912649E+1	-6.55350318E-1
1.32804389E+4	7.89219574E+1	1.14166059E-7	5.04207351E+1	-3.79084759E+1	6.30817176E+1	-6.44679573E-1
1.42401793E+4	7.58854411E+1	1.08191544E-7	4.92881763E+1	-3.62067757E+1	6.11576240E+1	-6.33567838E-1
1.52692775E+4	7.29859028E+1	1.02367324E-7	4.82135770E+1	-3.45595448E+1	5.93204125E+1	-6.21913086E-1
1.63727458E+4	7.02163876E+1	9.67362721E-8	4.71799276E+1	-3.29675314E+1	5.75569627E+1	-6.09894486E-1
1.75559587E+4	6.75852702E+1	9.12598121E-8	4.62000232E+1	-3.14324475E+1	5.58788064E+1	-5.97419833E-1
1.88246790E+4	6.50954260E+1	8.59396457E-8	4.52734622E+1	-2.99567823E+1	5.42871557E+1	-5.84546003E-1
2.01850863E+4	6.27279502E+1	8.07780662E-8	4.43940502E+1	-2.85292126E+1	5.27707091E+1	-5.71180949E-1
2.16438064E+4	6.04810241E+1	7.57904202E-8	4.35556459E+1	-2.71513491E+1	5.13253355E+1	-5.57427415E-1
2.32079442E+4	5.83532508E+1	7.09474752E-8	4.27668886E+1	-2.58182131E+1	4.99558501E+1	-5.43132946E-1
2.48851178E+4	5.63433337E+1	6.62816725E-8	4.20169696E+1	-2.45346691E+1	4.86556886E+1	-5.28514209E-1
2.66834962E+4	5.44469186E+1	6.18004694E-8	4.13022625E+1	-2.33002994E+1	4.74213127E+1	-5.13635157E-1
2.86118383E+4	5.26567002E+1	5.74738485E-8	4.06300089E+1	-2.21053023E+1	4.62541042E+1	-4.98273941E-1
3.06795364E+4	5.09793925E+1	5.33110969E-8	4.00007226E+1	-2.09560179E+1	4.51576409E+1	-4.82577213E-1
3.28966612E+4	4.93995719E+1	4.93293878E-8	3.94030107E+1	-1.98467778E+1	4.41190646E+1	-4.66592724E-1
3.52740116E+4	4.79149857E+1	4.55249172E-8	3.88375645E+1	-1.87761796E+1	4.31381658E+1	-4.50323486E-1
3.78231664E+4	4.65210226E+1	4.18973103E-8	3.83028167E+1	-1.77420524E+1	4.22123939E+1	-4.33780700E-1
4.05565415E+4	4.52206806E+1	3.84431221E-8	3.78022689E+1	-1.67461274E+1	4.13454269E+1	-4.17011357E-1
4.34874501E+4	4.40004579E+1	3.51691005E-8	3.73270430E+1	-1.57828654E+1	4.05266207E+1	-4.00028290E-1
4.66301673E+4	4.28614345E+1	3.20630161E-8	3.68821161E+1	-1.48502493E+1	3.97595322E+1	-3.82780961E-1
5.00000000E+4	4.17950664E+1	2.91412272E-8	3.64574027E+1	-1.39498150E+1	3.90351068E+1	-3.65445997E-1
5.36133611E+4	4.08034181E+1	2.63810269E-8	3.60617698E+1	-1.30763994E+1	3.83593987E+1	-3.47865216E-1
5.74878498E+4	3.98797865E+1	2.37915488E-8	3.56881207E+1	-1.22308081E+1	3.77257821E+1	-3.30168998E-1
6.16423370E+4	3.90208541E+1	2.13686444E-8	3.53355196E+1	-1.14115382E+1	3.71324946E+1	-3.12374889E-1
6.60970574E+4	3.82214269E+1	1.90992146E-8	3.50041505E+1	-1.06121636E+1	3.65774327E+1	-2.94361339E-1
7.08737081E+4	3.74794101E+1	1.69877399E-8	3.46907208E+1	-9.83573231E+0	3.60581163E+1	-2.76275651E-1
7.59955541E+4	3.67925780E+1	1.50226762E-8	3.43966831E+1	-9.07804081E+0	3.55744662E+1	-2.58038184E-1
8.14875417E+4	3.61575811E+1	1.31997296E-8	3.41201544E+1	-8.33770396E+0	3.51240978E+1	-2.39666275E-1
8.73764200E+4	3.55712745E+1	1.15151955E-8	3.38590356E+1	-7.61411512E+0	3.47045970E+1	-2.21197275E-1
9.36908711E+4	3.50297771E+1	9.95929148E-9	3.36120861E+1	-6.90300893E+0	3.43136107E+1	-2.02556353E-1
1.00461650E+5	3.45309966E+1	8.52919220E-9	3.33774180E+1	-6.20511628E+0	3.39493079E+1	-1.83809206E-1
1.07721735E+5	3.40761726E+1	7.20819456E-9	3.31596749E+1	-5.51278147E+0	3.36148004E+1	-1.64742820E-1
1.15506485E+5	3.36578735E+1	5.99988937E-9	3.29501081E+1	-4.82917562E+0	3.33021106E+1	-1.45524189E-1
1.23853818E+5	3.32801151E+1	4.89340396E-9	3.27540547E+1	-4.15097596E+0	3.30160371E+1	-1.26059656E-1
1.32804389E+5	3.29435580E+1	3.88016060E-9	3.25729707E+1	-3.47431882E+0	3.27577403E+1	-1.06260887E-1
1.42401793E+5	3.26331557E+1	2.96366205E-9	3.23906143E+1	-2.80286564E+0	3.25116589E+1	-8.63182422E-2
1.52692775E+5	3.23636156E+1	2.12621153E-9	3.22231750E+1	-2.12730706E+0	3.22933190E+1	-6.59222625E-2
1.63727458E+5	3.21276643E+1	1.36489131E-9	3.20624179E+1	-1.44635494E+0	3.20950245E+1	-4.50800383E-2
1.75559587E+5	3.19260681E+1	6.77769211E-10	3.19078892E+1	-7.61605015E-1	3.19169774E+1	-2.38643301E-2
1.88246790E+5	3.17707257E+1	7.21112761E-11	3.17669762E+1	-8.61977186E-2	3.17688509E+1	-2.71145907E-3
2.01850863E+5	3.16292639E+1	-5.04875916E-10	3.16162954E+1	6.40317429E-1	3.16227790E+1	2.02499945E-2
2.16438064E+5	3.15371810E+1	-1.00810842E-9	3.14783371E+1	1.36099118E+0	3.15077453E+1	4.32088969E-2
2.32079442E+5	3.14852319E+1	-1.45706207E-9	3.13449596E+1	2.09685864E+0	3.14150175E+1	6.67966799E-2
2.48851178E+5	3.14754623E+1	-1.85751476E-9	3.12146025E+1	2.85352551E+0	3.13447610E+1	9.11629808E-2
2.66834962E+5	3.15073740E+1	-2.21550755E-9	3.10816537E+1	3.63757648E+0	3.12937899E+1	1.16502939E-1
2.86118383E+5	3.15908029E+1	-2.52615131E-9	3.09537070E+1	4.44076781E+0	3.12706324E+1	1.42492559E-1
3.06795364E+5	3.17257312E+1	-2.79831467E-9	3.08230185E+1	5.27487225E+0	3.12711177E+1	1.69492293E-1
3.28966612E+5	3.19136699E+1	-3.03433397E-9	3.06843585E+1	6.14170332E+0	3.12929782E+1	1.97546961E-1
3.52740116E+5	3.21901382E+1	-3.23494239E-9	3.05622151E+1	7.05356938E+0	3.13656169E+1	2.26822141E-1
3.78231664E+5	3.25148615E+1	-3.40191965E-9	3.04132557E+1	7.99478300E+0	3.14465067E+1	2.57055970E-1
4.05565415E+5	3.29431702E+1	-3.54285347E-9	3.02660123E+1	9.00148213E+0	3.15762312E+1	2.89081095E-1
4.34874501E+5	3.34583146E+1	-3.64283439E-9	3.01179008E+1	1.00302456E+1	3.17441988E+1	3.21480046E-1
4.66301673E+5	3.40790817E+1	-3.71757069E-9	2.99522373E+1	1.11179048E+1	3.19490953E+1	3.55424313E-1
NaN	NaN	NaN	NaN	NaN	NaN	NaN
