Start time:20240909_13-52-50	sweep/start:500.000	sweep/stop:500000.000	sweep/samplecount:100.000	sweep/xmapping:1.000	sweep/scan:0.000	sweep/averaging/sample:10.000	sweep/settling/time:0.100	sweep/settling/inaccuracy:0.010	sweep/awgcontrol:0.000	sweep/averaging/time:0.100	sweep/averaging/tc:15.000	sweep/bandwidthcontrol:2.000	sweep/sincfilter:0.000	sweep/omegasuppression:80.000	sweep/maxbandwidth:100.000	sweep/bandwidth:1250000.000	sweep/order:8.000	sweep/bandwidthoverlap:1.000																				
Frequency	Param0		Param1		RealZ		ImagZ		AbsZ		PhaseZ		
5.00000000E+2	1.59657926E+3	8.05060836E-7	9.22577303E+1	-3.72538880E+2	3.83792535E+2	-1.32803450E+0
5.36133611E+2	1.43726658E+3	7.96102756E-7	9.06417356E+1	-3.49371315E+2	3.60938009E+2	-1.31695062E+0
5.74878498E+2	1.29269381E+3	7.87903056E-7	8.89385152E+1	-3.27200364E+2	3.39072480E+2	-1.30539206E+0
6.16423370E+2	1.16292251E+3	7.79129932E-7	8.73384307E+1	-3.06495923E+2	3.18696969E+2	-1.29319611E+0
6.60970574E+2	1.04673028E+3	7.69771858E-7	8.58158202E+1	-2.87161287E+2	2.99709800E+2	-1.28040236E+0
7.08737081E+2	9.42160094E+2	7.59844398E-7	8.43990907E+1	-2.69061692E+2	2.81988307E+2	-1.26683742E+0
7.59955541E+2	8.48872016E+2	7.49207196E-7	8.30437905E+1	-2.52184934E+2	2.65506150E+2	-1.25268269E+0
8.14875417E+2	7.65200717E+2	7.37845393E-7	8.17829508E+1	-2.36414660E+2	2.50160640E+2	-1.23775182E+0
8.73764200E+2	6.90448956E+2	7.25757842E-7	8.05823728E+1	-2.21685558E+2	2.35877101E+2	-1.22214707E+0
9.36908711E+2	6.23756402E+2	7.12943931E-7	7.94267835E+1	-2.07928684E+2	2.22582464E+2	-1.20591112E+0
1.00461650E+3	5.64034549E+2	6.99281300E-7	7.83561758E+1	-1.95079198E+2	2.10227459E+2	-1.18885680E+0
1.07721735E+3	5.10887507E+2	6.84874452E-7	7.73088218E+1	-1.83083190E+2	1.98736279E+2	-1.17124824E+0
1.15506485E+3	4.63493422E+2	6.69589057E-7	7.63186638E+1	-1.71897225E+2	1.88077630E+2	-1.15296119E+0
1.23853818E+3	4.21368567E+2	6.53517872E-7	7.53497771E+1	-1.61469611E+2	1.78185366E+2	-1.13418294E+0
1.32804389E+3	3.83737675E+2	6.36628948E-7	7.44322753E+1	-1.51731017E+2	1.69004336E+2	-1.11473394E+0
1.42401793E+3	3.50252526E+2	6.19007578E-7	7.35346601E+1	-1.42647649E+2	1.60485821E+2	-1.09482688E+0
1.52692775E+3	3.20464985E+2	6.00599641E-7	7.26712090E+1	-1.34191922E+2	1.52605953E+2	-1.07446623E+0
1.63727458E+3	2.93953077E+2	5.81572284E-7	7.18202056E+1	-1.26307671E+2	1.45298899E+2	-1.05377517E+0
1.75559587E+3	2.70352343E+2	5.61941045E-7	7.09894386E+1	-1.18964952E+2	1.38535773E+2	-1.03278791E+0
1.88246790E+3	2.49306811E+2	5.41813308E-7	7.01759038E+1	-1.12119012E+2	1.32269915E+2	-1.01154615E+0
2.01850863E+3	2.30576408E+2	5.21309116E-7	6.93665693E+1	-1.05747684E+2	1.26468549E+2	-9.90240597E-1
2.16438064E+3	2.13864627E+2	5.00515508E-7	6.85673613E+1	-9.98130736E+1	1.21095553E+2	-9.68877306E-1
2.32079442E+3	1.98981799E+2	4.79576031E-7	6.77659555E+1	-9.42972254E+1	1.16121452E+2	-9.47668153E-1
2.48851178E+3	1.85664662E+2	4.58607538E-7	6.69671289E+1	-8.91562257E+1	1.11505287E+2	-9.26578052E-1
2.66834962E+3	1.73772489E+2	4.37724554E-7	6.61654835E+1	-8.43793176E+1	1.07227518E+2	-9.05799115E-1
2.86118383E+3	1.63114051E+2	4.17077397E-7	6.53559780E+1	-7.99316837E+1	1.03249591E+2	-8.85386687E-1
3.06795364E+3	1.53550532E+2	3.96769950E-7	6.45378393E+1	-7.57937106E+1	9.95480758E+1	-8.65435940E-1
3.28966612E+3	1.44933262E+2	3.76912241E-7	6.37094097E+1	-7.19355506E+1	9.60916876E+1	-8.45968627E-1
3.52740116E+3	1.37164494E+2	3.57593743E-7	6.28684707E+1	-6.83438163E+1	9.28618431E+1	-8.27102878E-1
3.78231664E+3	1.30139805E+2	3.38898976E-7	6.20129225E+1	-6.49980535E+1	8.98351243E+1	-8.08896774E-1
4.05565415E+3	1.23750282E+2	3.20884914E-7	6.11433954E+1	-6.18708122E+1	8.69857019E+1	-7.91311367E-1
4.34874501E+3	1.17937597E+2	3.03617405E-7	6.02554218E+1	-5.89547596E+1	8.42993451E+1	-7.74487934E-1
4.66301673E+3	1.12616709E+2	2.87083542E-7	5.93577047E+1	-5.62257246E+1	8.17598268E+1	-7.58307653E-1
5.00000000E+3	1.07719220E+2	2.71322799E-7	5.84458413E+1	-5.36639907E+1	7.93457015E+1	-7.42770731E-1
5.36133611E+3	1.03211957E+2	2.56341793E-7	5.75209510E+1	-5.12658757E+1	7.70509564E+1	-7.27962942E-1
5.74878498E+3	9.90200518E+1	2.42133345E-7	5.65825457E+1	-4.90022658E+1	7.48518976E+1	-7.13727850E-1
6.16423370E+3	9.51288869E+1	2.28652008E-7	5.56397325E+1	-4.68739361E+1	7.27526342E+1	-7.00097097E-1
6.60970574E+3	9.14800577E+1	2.15911102E-7	5.46847196E+1	-4.48569130E+1	7.07287867E+1	-6.86986485E-1
7.08737081E+3	8.80587885E+1	2.03823600E-7	5.37327604E+1	-4.29468529E+1	6.87869301E+1	-6.74294180E-1
7.59955541E+3	8.48164991E+1	1.92402700E-7	5.27734143E+1	-4.11220489E+1	6.69033348E+1	-6.61940556E-1
8.14875417E+3	8.17647532E+1	1.81572622E-7	5.18221045E+1	-3.93915089E+1	6.50939440E+1	-6.49952513E-1
8.73764200E+3	7.88564790E+1	1.71320976E-7	5.08717648E+1	-3.77310450E+1	6.33369421E+1	-6.38161027E-1
9.36908711E+3	7.61001714E+1	1.61581550E-7	4.99353726E+1	-3.61462161E+1	6.16448733E+1	-6.26560517E-1
1.00461650E+4	7.34722142E+1	1.52315781E-7	4.90143074E+1	-3.46235084E+1	6.00099132E+1	-6.15005664E-1
1.07721735E+4	7.09611007E+1	1.43501291E-7	4.81083251E+1	-3.31573330E+1	5.84279017E+1	-6.03455961E-1
1.15506485E+4	6.85647480E+1	1.35105561E-7	4.72215011E+1	-3.17468126E+1	5.69010572E+1	-5.91889515E-1
1.23853818E+4	6.62733047E+1	1.27102572E-7	4.63547212E+1	-3.03861866E+1	5.54263525E+1	-5.80242002E-1
1.32804389E+4	6.40819388E+1	1.19466850E-7	4.55099908E+1	-2.90724811E+1	5.40034113E+1	-5.68472329E-1
1.42401793E+4	6.19837920E+1	1.12161699E-7	4.46912564E+1	-2.77997318E+1	5.26320580E+1	-5.56467663E-1
1.52692775E+4	5.99856118E+1	1.05184190E-7	4.38994876E+1	-2.65739026E+1	5.13160554E+1	-5.44333165E-1
1.63727458E+4	5.80736357E+1	9.84836213E-8	4.31399107E+1	-2.53818686E+1	5.00528858E+1	-5.31817939E-1
1.75559587E+4	5.62588837E+1	9.21055031E-8	4.24048140E+1	-2.42379699E+1	4.88430904E+1	-5.19264290E-1
1.88246790E+4	5.45324667E+1	8.59950094E-8	4.17023136E+1	-2.31310832E+1	4.76878393E+1	-5.06422668E-1
2.01850863E+4	5.28823548E+1	8.01554540E-8	4.10256467E+1	-2.20551364E+1	4.65782437E+1	-4.93268496E-1
2.16438064E+4	5.13198127E+1	7.45819792E-8	4.03795761E+1	-2.10181374E+1	4.55222174E+1	-4.79923857E-1
2.32079442E+4	4.98278340E+1	6.92607520E-8	3.97588551E+1	-2.00082734E+1	4.45095228E+1	-4.66236790E-1
2.48851178E+4	4.84191439E+1	6.41845561E-8	3.91702281E+1	-1.90336987E+1	4.35498430E+1	-4.52322411E-1
2.66834962E+4	4.70851006E+1	5.93643078E-8	3.86065104E+1	-1.80922273E+1	4.26355651E+1	-4.38239413E-1
2.86118383E+4	4.58269514E+1	5.47822587E-8	3.80720043E+1	-1.71827318E+1	4.17698919E+1	-4.23952741E-1
3.06795364E+4	4.46364438E+1	5.04242827E-8	3.75651193E+1	-1.62983166E+1	4.09484229E+1	-4.09358177E-1
3.28966612E+4	4.35159127E+1	4.63101186E-8	3.70820081E+1	-1.54461028E+1	4.01703551E+1	-3.94682340E-1
3.52740116E+4	4.24586255E+1	4.24139231E-8	3.66243361E+1	-1.46176935E+1	3.94337288E+1	-3.79751966E-1
3.78231664E+4	4.14613896E+1	3.87400113E-8	3.61884510E+1	-1.38137420E+1	3.87353000E+1	-3.64646383E-1
4.05565415E+4	4.05257857E+1	3.52797270E-8	3.57768430E+1	-1.30346523E+1	3.80773511E+1	-3.49385348E-1
4.34874501E+4	3.96462164E+1	3.20346877E-8	3.53848446E+1	-1.22795752E+1	3.74549757E+1	-3.34025800E-1
4.66301673E+4	3.88226638E+1	2.89881306E-8	3.50157879E+1	-1.15455942E+1	3.68701256E+1	-3.18499892E-1
5.00000000E+4	3.80484480E+1	2.61371862E-8	3.46648367E+1	-1.08301582E+1	3.63172581E+1	-3.02816452E-1
5.36133611E+4	3.73258516E+1	2.34789362E-8	3.43335788E+1	-1.01358486E+1	3.57984646E+1	-2.87062763E-1
5.74878498E+4	3.66482325E+1	2.10006436E-8	3.40191363E+1	-9.45724964E+0	3.53092228E+1	-2.71151225E-1
6.16423370E+4	3.60169261E+1	1.87019980E-8	3.37217434E+1	-8.79758812E+0	3.48504453E+1	-2.55199373E-1
6.60970574E+4	3.54271133E+1	1.65645665E-8	3.34408663E+1	-8.14995763E+0	3.44196653E+1	-2.39052332E-1
7.08737081E+4	3.48770892E+1	1.45864493E-8	3.31744841E+1	-7.51551973E+0	3.40151355E+1	-2.22784686E-1
7.59955541E+4	3.43677312E+1	1.27577191E-8	3.29246043E+1	-6.89306709E+0	3.36384297E+1	-2.06378332E-1
8.14875417E+4	3.38935357E+1	1.10713319E-8	3.26869716E+1	-6.28004147E+0	3.32847869E+1	-1.89813789E-1
8.73764200E+4	3.34547517E+1	9.51998702E-9	3.24622853E+1	-5.67606498E+0	3.29547826E+1	-1.73101150E-1
9.36908711E+4	3.30477307E+1	8.09438001E-9	3.22480647E+1	-5.07815573E+0	3.26454493E+1	-1.56189050E-1
1.00461650E+5	3.26730976E+1	6.78338780E-9	3.20458963E+1	-4.48321495E+0	3.23579773E+1	-1.38997679E-1
1.07721735E+5	3.23316013E+1	5.59024555E-9	3.18548862E+1	-3.89688279E+0	3.20923586E+1	-1.21727521E-1
1.15506485E+5	3.20197241E+1	4.49765555E-9	3.16737214E+1	-3.31046585E+0	3.18462528E+1	-1.04139634E-1
1.23853818E+5	3.17362967E+1	3.49797499E-9	3.15011970E+1	-2.72138040E+0	3.16185283E+1	-8.61757904E-2
1.32804389E+5	3.14984776E+1	2.58482579E-9	3.13537563E+1	-2.13011497E+0	3.14260336E+1	-6.78338469E-2
1.42401793E+5	3.12543997E+1	1.76569921E-9	3.11783843E+1	-1.53948973E+0	3.12163689E+1	-4.93367599E-2
1.52692775E+5	3.10580918E+1	1.01435947E-9	3.10297445E+1	-9.37871190E-1	3.10439149E+1	-3.02157103E-2
1.63727458E+5	3.08898378E+1	3.34963525E-10	3.08863379E+1	-3.28761634E-1	3.08880878E+1	-1.06438371E-2
1.75559587E+5	3.07540786E+1	-2.78164862E-10	3.07513398E+1	2.90183631E-1	3.07527092E+1	9.43618063E-3
1.88246790E+5	3.06510183E+1	-8.17973517E-10	3.06163901E+1	9.07711180E-1	3.06336957E+1	2.96386970E-2
2.01850863E+5	3.05689889E+1	-1.32664652E-9	3.04883341E+1	1.56812447E+0	3.05286348E+1	5.13883034E-2
2.16438064E+5	3.05274247E+1	-1.77292478E-9	3.03629370E+1	2.23479544E+0	3.04450698E+1	7.34702603E-2
2.32079442E+5	3.05231941E+1	-2.16895247E-9	3.02413589E+1	2.91942863E+0	3.03819497E+1	9.62393836E-2
2.48851178E+5	3.05595236E+1	-2.51810194E-9	3.01234254E+1	3.62446455E+0	3.03406910E+1	1.19744822E-1
2.66834962E+5	3.06450996E+1	-2.82866922E-9	3.00112037E+1	4.36163427E+0	3.03264954E+1	1.44323058E-1
2.86118383E+5	3.07624294E+1	-3.09773735E-9	2.98853463E+1	5.11975479E+0	3.03207166E+1	1.69666204E-1
3.06795364E+5	3.09420576E+1	-3.33182210E-9	2.97664909E+1	5.91544291E+0	3.03485828E+1	1.96172438E-1
3.28966612E+5	3.11736869E+1	-3.52849708E-9	2.96414721E+1	6.73921443E+0	3.03979270E+1	2.23557336E-1
3.52740116E+5	3.14785216E+1	-3.69715789E-9	2.95148185E+1	7.61302080E+0	3.04808601E+1	2.52436553E-1
3.78231664E+5	3.18570323E+1	-3.82748394E-9	2.93892709E+1	8.51618950E+0	3.05982832E+1	2.82047097E-1
4.05565415E+5	3.23166888E+1	-3.92983769E-9	2.92529236E+1	9.46698362E+0	3.07466681E+1	3.12987865E-1
4.34874501E+5	3.28861912E+1	-4.01088191E-9	2.91055102E+1	1.04899188E+1	3.09381535E+1	3.45918630E-1
4.66301673E+5	3.35523447E+1	-4.05846841E-9	2.89451103E+1	1.15479998E+1	3.11637006E+1	3.79611292E-1
5.00000000E+5	3.43528280E+1	-4.07741480E-9	2.87798787E+1	1.26644440E+1	3.14431250E+1	4.14544521E-1
