Start time:20240908_09-35-19	sweep/start:500.000	sweep/stop:500000.000	sweep/samplecount:100.000	sweep/xmapping:1.000	sweep/scan:0.000	sweep/averaging/sample:10.000	sweep/settling/time:0.100	sweep/settling/inaccuracy:0.010	sweep/awgcontrol:0.000	sweep/averaging/time:0.100	sweep/averaging/tc:15.000	sweep/bandwidthcontrol:2.000	sweep/sincfilter:0.000	sweep/omegasuppression:80.000	sweep/maxbandwidth:100.000	sweep/bandwidth:1250000.000	sweep/order:8.000	sweep/bandwidthoverlap:1.000																				
Frequency	Param0		Param1		RealZ		ImagZ		AbsZ		PhaseZ		
5.00000000E+2	1.48651562E+3	7.68128193E-7	1.07191550E+2	-3.84514946E+2	3.99176380E+2	-1.29892782E+0
5.36133611E+2	1.34351007E+3	7.58026265E-7	1.05212885E+2	-3.60949781E+2	3.75971410E+2	-1.28716597E+0
5.74878498E+2	1.21339176E+3	7.48476608E-7	1.03166984E+2	-3.38435315E+2	3.53810537E+2	-1.27490954E+0
6.16423370E+2	1.09586280E+3	7.38275834E-7	1.01290542E+2	-3.17396795E+2	3.33167380E+2	-1.26188362E+0
6.60970574E+2	9.90734925E+2	7.27561480E-7	9.94569214E+1	-2.97730969E+2	3.13903509E+2	-1.24840125E+0
7.08737081E+2	8.96107039E+2	7.16208852E-7	9.77402693E+1	-2.79343018E+2	2.95948794E+2	-1.23421652E+0
7.59955541E+2	8.11257489E+2	7.04146857E-7	9.61192064E+1	-2.62180264E+2	2.79244331E+2	-1.21939711E+0
8.14875417E+2	7.35238799E+2	6.91449177E-7	9.45625594E+1	-2.46138092E+2	2.63677912E+2	-1.20399747E+0
8.73764200E+2	6.67151567E+2	6.78032819E-7	9.30820402E+1	-2.31161306E+2	2.49198350E+2	-1.18798917E+0
9.36908711E+2	6.06276422E+2	6.63874881E-7	9.16663997E+1	-2.17192173E+2	2.35743865E+2	-1.17142528E+0
1.00461650E+3	5.51756554E+2	6.49032831E-7	9.03094662E+1	-2.04139732E+2	2.23223725E+2	-1.15428850E+0
1.07721735E+3	5.03039831E+2	6.33487208E-7	8.90008961E+1	-1.91963090E+2	2.11591562E+2	-1.13666118E+0
1.15506485E+3	4.59513403E+2	6.17172959E-7	8.77560381E+1	-1.80621008E+2	2.00811035E+2	-1.11852674E+0
1.23853818E+3	4.20649567E+2	6.00279177E-7	8.65314655E+1	-1.70034485E+2	1.90786323E+2	-1.10004982E+0
1.32804389E+3	3.86018176E+2	5.82756486E-7	8.53361669E+1	-1.60184418E+2	1.81497409E+2	-1.08130338E+0
1.42401793E+3	3.55082227E+2	5.64650182E-7	8.41794376E+1	-1.51011401E+2	1.72889043E+2	-1.06226078E+0
1.52692775E+3	3.27426607E+2	5.46150069E-7	8.30316421E+1	-1.42451796E+2	1.64884105E+2	-1.04306365E+0
1.63727458E+3	3.02744588E+2	5.27273204E-7	8.18966862E+1	-1.34486840E+2	1.57460401E+2	-1.02381690E+0
1.75559587E+3	2.80707732E+2	5.08121033E-7	8.07690399E+1	-1.27078146E+2	1.50573880E+2	-1.00462108E+0
1.88246790E+3	2.60993419E+2	4.88793984E-7	7.96487650E+1	-1.20182680E+2	1.44179758E+2	-9.85523496E-1
2.01850863E+3	2.43356109E+2	4.69408014E-7	7.85280346E+1	-1.13770050E+2	1.38239924E+2	-9.66654374E-1
2.16438064E+3	2.27511365E+2	4.50113973E-7	7.73993438E+1	-1.07789478E+2	1.32699774E+2	-9.48051920E-1
2.32079442E+3	2.13311433E+2	4.30998602E-7	7.62570348E+1	-1.02231901E+2	1.27540178E+2	-9.29910182E-1
2.48851178E+3	2.00521188E+2	4.12155900E-7	7.51052192E+1	-9.70535591E+1	1.22719955E+2	-9.12203046E-1
2.66834962E+3	1.88988091E+2	3.93704561E-7	7.39343012E+1	-9.22302613E+1	1.18206185E+2	-8.95063880E-1
2.86118383E+3	1.78538404E+2	3.75731765E-7	7.27435175E+1	-8.77262311E+1	1.13962762E+2	-8.78496099E-1
3.06795364E+3	1.69072894E+2	3.58273260E-7	7.15369682E+1	-8.35309765E+1	1.09977098E+2	-8.62591265E-1
3.28966612E+3	1.60428271E+2	3.41396510E-7	7.03147671E+1	-7.96009410E+1	1.06209587E+2	-8.47261760E-1
3.52740116E+3	1.52531680E+2	3.25167076E-7	6.90695634E+1	-7.59255666E+1	1.02641592E+2	-8.32647339E-1
3.78231664E+3	1.45270900E+2	3.09598872E-7	6.78064453E+1	-7.24747482E+1	9.92486938E+1	-8.18664069E-1
4.05565415E+3	1.38568218E+2	2.94698678E-7	6.65284261E+1	-6.92292839E+1	9.60141935E+1	-8.05290230E-1
4.34874501E+3	1.32359142E+2	2.80440999E-7	6.52441073E+1	-6.61729575E+1	9.29282193E+1	-7.92465999E-1
4.66301673E+3	1.26583706E+2	2.66894848E-7	6.39381884E+1	-6.32885512E+1	8.99640636E+1	-7.80292070E-1
5.00000000E+3	1.21194937E+2	2.53944371E-7	6.26376229E+1	-6.05631140E+1	8.71284263E+1	-7.68561308E-1
5.36133611E+3	1.16117514E+2	2.41622818E-7	6.13320974E+1	-5.79664075E+1	8.43903469E+1	-7.57193307E-1
5.74878498E+3	1.11337596E+2	2.29873446E-7	6.00325584E+1	-5.54975003E+1	8.17550040E+1	-7.46163952E-1
6.16423370E+3	1.06815438E+2	2.18698444E-7	5.87346396E+1	-5.31413992E+1	7.92071098E+1	-7.35444775E-1
6.60970574E+3	1.02515760E+2	2.08027067E-7	5.74506811E+1	-5.08824075E+1	7.67437307E+1	-7.24841938E-1
7.08737081E+3	9.84367141E+1	1.97831877E-7	5.61842864E+1	-4.87229150E+1	7.43679804E+1	-7.14394192E-1
7.59955541E+3	9.45426674E+1	1.88062723E-7	5.49420422E+1	-4.66448189E+1	7.20719584E+1	-7.03902919E-1
8.14875417E+3	9.08250300E+1	1.78707173E-7	5.37230088E+1	-4.46456280E+1	6.98526581E+1	-6.93379548E-1
8.73764200E+3	8.72769459E+1	1.69720985E-7	5.25343738E+1	-4.27221156E+1	6.77129209E+1	-6.82751381E-1
9.36908711E+3	8.38860705E+1	1.61090665E-7	5.13752151E+1	-4.08687184E+1	6.56480380E+1	-6.71987848E-1
1.00461650E+4	8.06483715E+1	1.52738710E-7	5.02615328E+1	-3.90805457E+1	6.36671874E+1	-6.60897399E-1
1.07721735E+4	7.75491328E+1	1.44713035E-7	4.91767660E+1	-3.73531955E+1	6.17544779E+1	-6.49597820E-1
1.15506485E+4	7.45932403E+1	1.36959693E-7	4.81327596E+1	-3.56877559E+1	5.99197671E+1	-6.38002877E-1
1.23853818E+4	7.17685597E+1	1.29453665E-7	4.71315714E+1	-3.40760899E+1	5.81598227E+1	-6.25995504E-1
1.32804389E+4	6.90790961E+1	1.22202481E-7	4.61703577E+1	-3.25223708E+1	5.64748312E+1	-6.13672464E-1
1.42401793E+4	6.65137092E+1	1.15196587E-7	4.52476087E+1	-3.10199957E+1	5.48596962E+1	-6.00969483E-1
1.52692775E+4	6.40767260E+1	1.08398324E-7	4.43725914E+1	-2.95689540E+1	5.33221364E+1	-5.87803287E-1
1.63727458E+4	6.17634146E+1	1.01840583E-7	4.35350935E+1	-2.81703978E+1	5.18543723E+1	-5.74315057E-1
1.75559587E+4	5.95768011E+1	9.55146168E-8	4.27378354E+1	-2.68264951E+1	5.04597215E+1	-5.60537795E-1
1.88246790E+4	5.75024733E+1	8.94085527E-8	4.19792799E+1	-2.55274831E+1	4.91315825E+1	-5.46352077E-1
2.01850863E+4	5.55428762E+1	8.35106736E-8	4.12630479E+1	-2.42740432E+1	4.78734618E+1	-5.31753993E-1
2.16438064E+4	5.36930093E+1	7.78375629E-8	4.05834079E+1	-2.30658248E+1	4.66802452E+1	-5.16826830E-1
2.32079442E+4	5.19481313E+1	7.23913033E-8	3.99383335E+1	-2.19009421E+1	4.55491140E+1	-5.01590098E-1
2.48851178E+4	5.03072455E+1	6.71758182E-8	3.93268964E+1	-2.07803427E+1	4.44795205E+1	-4.86108823E-1
2.66834962E+4	4.87601327E+1	6.21835609E-8	3.87471044E+1	-1.96971005E+1	4.34662390E+1	-4.70305481E-1
2.86118383E+4	4.73111850E+1	5.74130595E-8	3.82018796E+1	-1.86545533E+1	4.25132468E+1	-4.54256025E-1
3.06795364E+4	4.59542089E+1	5.28736677E-8	3.76866963E+1	-1.76514933E+1	4.16156498E+1	-4.38028786E-1
3.28966612E+4	4.46847165E+1	4.85648871E-8	3.72000893E+1	-1.66861855E+1	4.07710122E+1	-4.21649358E-1
3.52740116E+4	4.34938948E+1	4.44711038E-8	3.67417504E+1	-1.57507329E+1	3.99755153E+1	-4.04989930E-1
3.78231664E+4	4.23800475E+1	4.06066421E-8	3.63072846E+1	-1.48487548E+1	3.92263233E+1	-3.88219022E-1
4.05565415E+4	4.13439554E+1	3.69607750E-8	3.59003519E+1	-1.39795301E+1	3.85261281E+1	-3.71333562E-1
4.34874501E+4	4.03767248E+1	3.35335460E-8	3.55156870E+1	-1.31393715E+1	3.78682865E+1	-3.54344439E-1
4.66301673E+4	3.94750871E+1	3.03159562E-8	3.51534313E+1	-1.23256245E+1	3.72516411E+1	-3.37230303E-1
5.00000000E+4	3.86376401E+1	2.73123081E-8	3.48115028E+1	-1.15409522E+1	3.66747094E+1	-3.20123949E-1
5.36133611E+4	3.78589334E+1	2.45032778E-8	3.44907651E+1	-1.07782508E+1	3.61356276E+1	-3.02881876E-1
5.74878498E+4	3.71362966E+1	2.18918236E-8	3.41881532E+1	-1.00395005E+1	3.56317470E+1	-2.85624994E-1
6.16423370E+4	3.64645967E+1	1.94666691E-8	3.39020595E+1	-9.32069070E+0	3.51599904E+1	-2.68301064E-1
6.60970574E+4	3.58447813E+1	1.72198316E-8	3.36346378E+1	-8.62191181E+0	3.47221289E+1	-2.50937009E-1
7.08737081E+4	3.52697426E+1	1.51453428E-8	3.33809198E+1	-7.94044268E+0	3.43123367E+1	-2.33533512E-1
7.59955541E+4	3.47388467E+1	1.32330474E-8	3.31419923E+1	-7.27481442E+0	3.39310270E+1	-2.16077575E-1
8.14875417E+4	3.42480802E+1	1.14744808E-8	3.29155357E+1	-6.62279456E+0	3.35751977E+1	-1.98554652E-1
8.73764200E+4	3.37968696E+1	9.85707192E-9	3.27029532E+1	-5.98116084E+0	3.32454124E+1	-1.80894308E-1
9.36908711E+4	3.33861063E+1	8.38123408E-9	3.25041624E+1	-5.35414139E+0	3.29421830E+1	-1.63255702E-1
1.00461650E+5	3.30065946E+1	7.03156959E-9	3.23130967E+1	-4.73382027E+0	3.26580049E+1	-1.45463750E-1
1.07721735E+5	3.26588117E+1	5.79267072E-9	3.21319910E+1	-4.11433895E+0	3.23943304E+1	-1.27351959E-1
1.15506485E+5	3.23475833E+1	4.66831506E-9	3.19636697E+1	-3.50303830E+0	3.21550535E+1	-1.09158728E-1
1.23853818E+5	3.20650402E+1	3.64757940E-9	3.18015887E+1	-2.89450708E+0	3.19330428E+1	-9.07675939E-2
1.32804389E+5	3.18128076E+1	2.71754840E-9	3.16481026E+1	-2.28306879E+0	3.17303482E+1	-7.20144659E-2
1.42401793E+5	3.15891581E+1	1.87792844E-9	3.15004133E+1	-1.67197067E+0	3.15447545E+1	-5.30279778E-2
1.52692775E+5	3.13959684E+1	1.11779505E-9	3.13604173E+1	-1.05588404E+0	3.13781878E+1	-3.36566105E-2
1.63727458E+5	3.12317432E+1	4.30987424E-10	3.12257555E+1	-4.32389496E-1	3.12287492E+1	-1.38463223E-2
1.75559587E+5	3.10979570E+1	-1.86482153E-10	3.10966842E+1	1.98923986E-1	3.10973206E+1	6.39686795E-3
1.88246790E+5	3.09776923E+1	-7.39171715E-10	3.09463762E+1	8.38280269E-1	3.09620270E+1	2.70753399E-2
2.01850863E+5	3.09238139E+1	-1.23935929E-9	3.08509234E+1	1.49957779E+0	3.08873471E+1	4.85689942E-2
2.16438064E+5	3.08874181E+1	-1.68393277E-9	3.07336540E+1	2.17387243E+0	3.08104401E+1	7.06150302E-2
2.32079442E+5	3.08850602E+1	-2.07730188E-9	3.06170853E+1	2.86436587E+0	3.07507809E+1	9.32829682E-2
2.48851178E+5	3.09218047E+1	-2.42797152E-9	3.05014869E+1	3.58054401E+0	3.07109267E+1	1.16854359E-1
2.66834962E+5	3.10000353E+1	-2.73501630E-9	3.03860383E+1	4.31935249E+0	3.06915014E+1	1.41203260E-1
2.86118383E+5	3.11281782E+1	-3.00379751E-9	3.02728097E+1	5.08865106E+0	3.06975148E+1	1.66536264E-1
3.06795364E+5	3.13067706E+1	-3.23610497E-9	3.01566007E+1	5.88941134E+0	3.07263043E+1	1.92866756E-1
3.28966612E+5	3.15448190E+1	-3.43218534E-9	3.00404050E+1	6.72258297E+0	3.07834230E+1	2.20157402E-1
3.52740116E+5	3.18480406E+1	-3.59710278E-9	2.99192192E+1	7.59662222E+0	3.08685681E+1	2.48650020E-1
3.78231664E+5	3.22274639E+1	-3.73063972E-9	2.97950376E+1	8.51316481E+0	3.09873923E+1	2.78308875E-1
4.05565415E+5	3.26710485E+1	-3.83840002E-9	2.96438298E+1	9.47301833E+0	3.11206519E+1	3.09304826E-1
4.34874501E+5	3.32256834E+1	-3.91169345E-9	2.95046914E+1	1.04778893E+1	3.13099581E+1	3.41234131E-1
4.66301673E+5	3.39029070E+1	-3.95950839E-9	2.93611428E+1	1.15477577E+1	3.15504042E+1	3.74717805E-1
NaN	NaN	NaN	NaN	NaN	NaN	NaN
