Start time:20240906_05-34-12	sweep/start:500.000	sweep/stop:500000.000	sweep/samplecount:100.000	sweep/xmapping:1.000	sweep/scan:0.000	sweep/averaging/sample:10.000	sweep/settling/time:0.100	sweep/settling/inaccuracy:0.010	sweep/awgcontrol:0.000	sweep/averaging/time:0.100	sweep/averaging/tc:15.000	sweep/bandwidthcontrol:2.000	sweep/sincfilter:0.000	sweep/omegasuppression:80.000	sweep/maxbandwidth:100.000	sweep/bandwidth:1250000.000	sweep/order:8.000	sweep/bandwidthoverlap:1.000																				
Frequency	Param0		Param1		RealZ		ImagZ		AbsZ		PhaseZ		
5.00000000E+2	1.39816683E+3	7.30457055E-7	1.23791390E+2	-3.97185898E+2	4.16029989E+2	-1.26866672E+0
5.36133611E+2	1.26511068E+3	7.20267434E-7	1.21386698E+2	-3.72602694E+2	3.91876905E+2	-1.25585865E+0
5.74878498E+2	1.14476204E+3	7.09257044E-7	1.19233502E+2	-3.49681714E+2	3.69450856E+2	-1.24218214E+0
6.16423370E+2	1.03708670E+3	6.97747284E-7	1.17119246E+2	-3.28246630E+2	3.48515097E+2	-1.22807421E+0
6.60970574E+2	9.40209211E+2	6.85454841E-7	1.15171104E+2	-3.08253924E+2	3.29066670E+2	-1.21323244E+0
7.08737081E+2	8.53496622E+2	6.72527865E-7	1.13291663E+2	-2.89584182E+2	3.10956599E+2	-1.19788014E+0
7.59955541E+2	7.75970207E+2	6.58891446E-7	1.11488330E+2	-2.72179953E+2	2.94128511E+2	-1.18203082E+0
8.14875417E+2	7.06487631E+2	6.44571377E-7	1.09768289E+2	-2.55931312E+2	2.78477858E+2	-1.16562913E+0
8.73764200E+2	6.44566938E+2	6.29538395E-7	1.08097640E+2	-2.40813316E+2	2.63962411E+2	-1.14886949E+0
9.36908711E+2	5.89241508E+2	6.13844474E-7	1.06481404E+2	-2.26726625E+2	2.50486036E+2	-1.13172488E+0
1.00461650E+3	5.39711458E+2	5.97510972E-7	1.04929222E+2	-2.13591552E+2	2.37973727E+2	-1.11416423E+0
1.07721735E+3	4.95630541E+2	5.80740751E-7	1.03357385E+2	-2.01356196E+2	2.26333976E+2	-1.09656050E+0
1.15506485E+3	4.56112543E+2	5.63412803E-7	1.01848967E+2	-1.89950970E+2	2.15533257E+2	-1.07862105E+0
1.23853818E+3	4.20987937E+2	5.45680637E-7	1.00332866E+2	-1.79366212E+2	2.05521101E+2	-1.06078439E+0
1.32804389E+3	3.89559691E+2	5.27657393E-7	9.88238761E+1	-1.69504093E+2	1.96208554E+2	-1.04295746E+0
1.42401793E+3	3.61390676E+2	5.09416614E-7	9.73244765E+1	-1.60312515E+2	1.87542413E+2	-1.02517829E+0
1.52692775E+3	3.36219298E+2	4.91036719E-7	9.58211221E+1	-1.51773586E+2	1.79490694E+2	-1.00764908E+0
1.63727458E+3	3.13623328E+2	4.72676719E-7	9.43038304E+1	-1.43814696E+2	1.71976393E+2	-9.90402458E-1
1.75559587E+3	2.93355333E+2	4.54418156E-7	9.27675855E+1	-1.36411292E+2	1.64966256E+2	-9.73580034E-1
1.88246790E+3	2.75117324E+2	4.36317969E-7	9.12239842E+1	-1.29520200E+2	1.58421267E+2	-9.57175277E-1
2.01850863E+3	2.58693962E+2	4.18525938E-7	8.96514943E+1	-1.23105276E+2	1.52290183E+2	-9.41360742E-1
2.16438064E+3	2.43794299E+2	4.01113636E-7	8.80595647E+1	-1.17106498E+2	1.46521054E+2	-9.26041113E-1
2.32079442E+3	2.30304765E+2	3.84140095E-7	8.64426714E+1	-1.11516022E+2	1.41096275E+2	-9.11386799E-1
2.48851178E+3	2.18009288E+2	3.67691164E-7	8.47979891E+1	-1.06282876E+2	1.35965984E+2	-8.97366604E-1
2.66834962E+3	2.06792347E+2	3.51763540E-7	8.31373180E+1	-1.01392045E+2	1.31118880E+2	-8.84003198E-1
2.86118383E+3	1.96479844E+2	3.36440939E-7	8.14515934E+1	-9.67948029E+1	1.26505321E+2	-8.71265158E-1
3.06795364E+3	1.86982027E+2	3.21750306E-7	7.97393479E+1	-9.24741098E+1	1.22105793E+2	-8.59211358E-1
3.28966612E+3	1.78208048E+2	3.07668262E-7	7.80125830E+1	-8.84110098E+1	1.17908735E+2	-8.47798729E-1
3.52740116E+3	1.70036919E+2	2.94178580E-7	7.62814195E+1	-8.45683292E+1	1.13888794E+2	-8.36872223E-1
3.78231664E+3	1.62413689E+2	2.81310774E-7	7.45377694E+1	-8.09325320E+1	1.10027060E+2	-8.26506726E-1
4.05565415E+3	1.55262220E+2	2.69040604E-7	7.27888570E+1	-7.74799383E+1	1.06307850E+2	-8.16605962E-1
4.34874501E+3	1.48522046E+2	2.57299655E-7	7.10528220E+1	-7.41916897E+1	1.02727360E+2	-8.07005724E-1
4.66301673E+3	1.42180082E+2	2.46105157E-7	6.93215101E+1	-7.10680374E+1	9.92780833E+1	-7.97838100E-1
5.00000000E+3	1.36120802E+2	2.35448530E-7	6.75949089E+1	-6.80588069E+1	9.59222240E+1	-7.88817870E-1
5.36133611E+3	1.30421611E+2	2.25160137E-7	6.59174047E+1	-6.52069755E+1	9.27202998E+1	-7.79980239E-1
5.74878498E+3	1.24955374E+2	2.15347127E-7	6.42538880E+1	-6.24524327E+1	8.96039537E+1	-7.71181555E-1
6.16423370E+3	1.19741658E+2	2.05918479E-7	6.26260971E+1	-5.98073959E+1	8.65964934E+1	-7.62379927E-1
6.60970574E+3	1.14747937E+2	1.96863571E-7	6.10320707E+1	-5.72572304E+1	8.36857464E+1	-7.53497059E-1
7.08737081E+3	1.09977058E+2	1.88115705E-7	5.94869656E+1	-5.48042180E+1	8.08838761E+1	-7.44448988E-1
7.59955541E+3	1.05400701E+2	1.79682749E-7	5.79832366E+1	-5.24348929E+1	7.81759155E+1	-7.35191905E-1
8.14875417E+3	1.01024749E+2	1.71513431E-7	5.65320504E+1	-5.01524009E+1	7.55720591E+1	-7.25670043E-1
8.73764200E+3	9.68369293E+1	1.63597681E-7	5.51319505E+1	-4.79507740E+1	7.30671523E+1	-7.15846321E-1
9.36908711E+3	9.28191300E+1	1.55918707E-7	5.37827921E+1	-4.58201177E+1	7.06545961E+1	-7.05623630E-1
1.00461650E+4	8.89903102E+1	1.48440885E-7	5.24933271E+1	-4.37704010E+1	6.83476220E+1	-6.95030084E-1
1.07721735E+4	8.53288485E+1	1.41179049E-7	5.12543528E+1	-4.17907429E+1	6.61322531E+1	-6.84036804E-1
1.15506485E+4	8.18358178E+1	1.34105308E-7	5.00713954E+1	-3.98809340E+1	6.40127610E+1	-6.72591753E-1
1.23853818E+4	7.85105559E+1	1.27216015E-7	4.89432803E+1	-3.80410219E+1	6.19884191E+1	-6.60712417E-1
1.32804389E+4	7.53443945E+1	1.20497271E-7	4.78709559E+1	-3.62654065E+1	6.00567079E+1	-6.48325763E-1
1.42401793E+4	7.23363471E+1	1.13965978E-7	4.68478614E+1	-3.45554766E+1	5.82134275E+1	-6.35524589E-1
1.52692775E+4	6.94887571E+1	1.07596994E-7	4.58808425E+1	-3.29112514E+1	5.64641704E+1	-6.22255855E-1
1.63727458E+4	6.67791523E+1	1.01421555E-7	4.49554820E+1	-3.13224090E+1	5.47913212E+1	-6.08536599E-1
1.75559587E+4	6.42259410E+1	9.54135677E-8	4.40830533E+1	-2.97986559E+1	5.32097317E+1	-5.94413168E-1
1.88246790E+4	6.18134191E+1	8.95776568E-8	4.32587324E+1	-2.83311159E+1	5.17104450E+1	-5.79827877E-1
2.01850863E+4	5.95369917E+1	8.39338071E-8	4.24757775E+1	-2.69200348E+1	5.02879707E+1	-5.64883699E-1
2.16438064E+4	5.73953800E+1	7.84741814E-8	4.17367674E+1	-2.55644256E+1	4.89438210E+1	-5.49571438E-1
2.32079442E+4	5.53768957E+1	7.32021303E-8	4.10377980E+1	-2.42578829E+1	4.76712264E+1	-5.33857637E-1
2.48851178E+4	5.34789699E+1	6.81191603E-8	4.03783368E+1	-2.29995979E+1	4.64692564E+1	-5.17768380E-1
2.66834962E+4	5.17045229E+1	6.32512422E-8	3.97532733E+1	-2.17968161E+1	4.53367842E+1	-5.01538960E-1
2.86118383E+4	5.00344586E+1	5.85559689E-8	3.91684790E+1	-2.06301642E+1	4.42693302E+1	-4.84781268E-1
3.06795364E+4	4.84767054E+1	5.40836861E-8	3.86139127E+1	-1.95151478E+1	4.32651739E+1	-4.67951594E-1
3.28966612E+4	4.70215834E+1	4.98137133E-8	3.80926947E+1	-1.84424895E+1	4.23223206E+1	-4.50885514E-1
3.52740116E+4	4.56596233E+1	4.57475454E-8	3.76008741E+1	-1.74073548E+1	4.14347891E+1	-4.33571469E-1
3.78231664E+4	4.43878240E+1	4.18949062E-8	3.71349725E+1	-1.64114115E+1	4.05997614E+1	-4.16130633E-1
4.05565415E+4	4.32084009E+1	3.82445513E-8	3.67006505E+1	-1.54544057E+1	3.98218083E+1	-3.98557164E-1
4.34874501E+4	4.21091967E+1	3.48033424E-8	3.62899146E+1	-1.45320761E+1	3.90914204E+1	-3.80889019E-1
4.66301673E+4	4.10861356E+1	3.15580025E-8	3.59046531E+1	-1.36396231E+1	3.84081169E+1	-3.63046129E-1
5.00000000E+4	4.01345990E+1	2.85156785E-8	3.55402355E+1	-1.27782921E+1	3.77676197E+1	-3.45152179E-1
5.36133611E+4	3.92515497E+1	2.56719475E-8	3.51961619E+1	-1.19471366E+1	3.71685875E+1	-3.27240307E-1
5.74878498E+4	3.84349809E+1	2.30141885E-8	3.48748280E+1	-1.11426975E+1	3.66116559E+1	-3.09254265E-1
6.16423370E+4	3.76771911E+1	2.05390523E-8	3.45715277E+1	-1.03618297E+1	3.60909691E+1	-2.91201258E-1
6.60970574E+4	3.69745075E+1	1.82438296E-8	3.42838959E+1	-9.60440734E+0	3.56037943E+1	-2.73141675E-1
7.08737081E+4	3.63273325E+1	1.61189738E-8	3.40145409E+1	-8.86952845E+0	3.51519208E+1	-2.55076962E-1
7.59955541E+4	3.57310386E+1	1.41543314E-8	3.37620854E+1	-8.15327912E+0	3.47326126E+1	-2.36955401E-1
8.14875417E+4	3.51783981E+1	1.23419229E-8	3.35219085E+1	-7.45175733E+0	3.43401666E+1	-2.18738432E-1
8.73764200E+4	3.46703990E+1	1.06756944E-8	3.32955821E+1	-6.76574608E+0	3.39760374E+1	-2.00472998E-1
9.36908711E+4	3.42028017E+1	9.14634088E-9	3.30809123E+1	-6.09205309E+0	3.36371801E+1	-1.82115709E-1
1.00461650E+5	3.37777425E+1	7.74279620E-9	3.28816134E+1	-5.42827393E+0	3.33266661E+1	-1.63609740E-1
1.07721735E+5	3.33848779E+1	6.46459263E-9	3.26874025E+1	-4.77479341E+0	3.30342995E+1	-1.45048554E-1
1.15506485E+5	3.30305400E+1	5.29516020E-9	3.25067754E+1	-4.12624408E+0	3.27676112E+1	-1.26259663E-1
1.23853818E+5	3.27101596E+1	4.23113311E-9	3.23350731E+1	-3.48259104E+0	3.25220756E+1	-1.07289627E-1
1.32804389E+5	3.24216838E+1	3.27000510E-9	3.21699086E+1	-2.84594313E+0	3.22955508E+1	-8.82362708E-2
1.42401793E+5	3.21654579E+1	2.38674875E-9	3.20144047E+1	-2.19906061E+0	3.20898424E+1	-6.85819958E-2
1.52692775E+5	3.19401538E+1	1.59175023E-9	3.18643437E+1	-1.55422998E+0	3.19022262E+1	-4.87378346E-2
1.63727458E+5	3.17475106E+1	8.71613076E-10	3.17218046E+1	-9.03010345E-1	3.17346550E+1	-2.84588634E-2
1.75559587E+5	3.15872495E+1	2.23805056E-10	3.15853285E+1	-2.46304054E-1	3.15862890E+1	-7.79789418E-3
1.88246790E+5	3.14691807E+1	-3.60121047E-10	3.14592486E+1	4.21547264E-1	3.14642138E+1	1.34003233E-2
2.01850863E+5	3.13629000E+1	-8.85150066E-10	3.13240699E+1	1.10286353E+0	3.13434789E+1	3.51936440E-2
2.16438064E+5	3.12991365E+1	-1.35334344E-9	3.11956217E+1	1.79699771E+0	3.12473362E+1	5.75405758E-2
2.32079442E+5	3.12770255E+1	-1.76999898E-9	3.10745206E+1	2.50853075E+0	3.11756086E+1	8.05516149E-2
2.48851178E+5	3.12958519E+1	-2.14308744E-9	3.09554197E+1	3.24625617E+0	3.11251704E+1	1.04486853E-1
2.66834962E+5	3.13501921E+1	-2.47170410E-9	3.08298449E+1	4.00525974E+0	3.10889298E+1	1.29191416E-1
2.86118383E+5	3.14583323E+1	-2.75826905E-9	3.07110377E+1	4.79062734E+0	3.10824392E+1	1.54743333E-1
3.06795364E+5	3.16214791E+1	-3.00541124E-9	3.05947007E+1	5.60481173E+0	3.11038533E+1	1.81186405E-1
3.28966612E+5	3.18345079E+1	-3.22026488E-9	3.04665666E+1	6.45572390E+0	3.11430274E+1	2.08806786E-1
3.52740116E+5	3.21168535E+1	-3.39964215E-9	3.03401302E+1	7.34206201E+0	3.12158535E+1	2.37427494E-1
3.78231664E+5	3.24708339E+1	-3.55097635E-9	3.02030132E+1	8.27616597E+0	3.13164017E+1	2.67452925E-1
4.05565415E+5	3.29184539E+1	-3.66418478E-9	3.00769345E+1	9.24466291E+0	3.14656344E+1	2.98201860E-1
4.34874501E+5	3.34373351E+1	-3.75800938E-9	2.99111782E+1	1.02699132E+1	3.16251490E+1	3.30735556E-1
4.66301673E+5	3.40831865E+1	-3.81788829E-9	2.97577916E+1	1.13451643E+1	3.18471377E+1	3.64238883E-1
NaN	NaN	NaN	NaN	NaN	NaN	NaN
