Start time:20240906_03-22-18	sweep/start:500.000	sweep/stop:500000.000	sweep/samplecount:100.000	sweep/xmapping:1.000	sweep/scan:0.000	sweep/averaging/sample:10.000	sweep/settling/time:0.100	sweep/settling/inaccuracy:0.010	sweep/awgcontrol:0.000	sweep/averaging/time:0.100	sweep/averaging/tc:15.000	sweep/bandwidthcontrol:2.000	sweep/sincfilter:0.000	sweep/omegasuppression:80.000	sweep/maxbandwidth:100.000	sweep/bandwidth:1250000.000	sweep/order:8.000	sweep/bandwidthoverlap:1.000																				
Frequency	Param0		Param1		RealZ		ImagZ		AbsZ		PhaseZ		
5.00000000E+2	1.39988422E+3	7.29306361E-7	1.24022302E+2	-3.97787999E+2	4.16673526E+2	-1.26856764E+0
5.36133611E+2	1.26640307E+3	7.18910552E-7	1.21700760E+2	-3.73244002E+2	3.92583959E+2	-1.25560400E+0
5.74878498E+2	1.14649330E+3	7.07997350E-7	1.19470864E+2	-3.50284383E+2	3.70097889E+2	-1.24210060E+0
6.16423370E+2	1.03817839E+3	6.96454011E-7	1.17409687E+2	-3.28796454E+2	3.49130562E+2	-1.22781991E+0
6.60970574E+2	9.41237247E+2	6.84230791E-7	1.15437632E+2	-3.08752818E+2	3.29627298E+2	-1.21300472E+0
7.08737081E+2	8.54382611E+2	6.71274535E-7	1.13572215E+2	-2.90061053E+2	3.11502923E+2	-1.19759914E+0
7.59955541E+2	7.76732558E+2	6.57668955E-7	1.11765211E+2	-2.72617280E+2	2.94638166E+2	-1.18172381E+0
8.14875417E+2	7.07247892E+2	6.43371021E-7	1.10032845E+2	-2.56345959E+2	2.78963225E+2	-1.16534346E+0
8.73764200E+2	6.45156761E+2	6.28337076E-7	1.08375961E+2	-2.41193102E+2	2.64422891E+2	-1.14849742E+0
9.36908711E+2	5.89662325E+2	6.12716811E-7	1.06753987E+2	-2.27051498E+2	2.50895990E+2	-1.13129193E+0
1.00461650E+3	5.40164240E+2	5.96468820E-7	1.05170816E+2	-2.13889231E+2	2.38347447E+2	-1.11380516E+0
1.07721735E+3	4.96050807E+2	5.79630191E-7	1.03619777E+2	-2.01652180E+2	2.26717142E+2	-1.09612704E+0
1.15506485E+3	4.56575258E+2	5.62329378E-7	1.02096614E+2	-1.90239495E+2	2.15904574E+2	-1.07824165E+0
1.23853818E+3	4.21273358E+2	5.44629092E-7	1.00592373E+2	-1.79605276E+2	2.05856460E+2	-1.06025114E+0
1.32804389E+3	3.89789903E+2	5.26614134E-7	9.90873269E+1	-1.69720176E+2	1.96527955E+2	-1.04235316E+0
1.42401793E+3	3.61664290E+2	5.08337820E-7	9.75923061E+1	-1.60534703E+2	1.87871365E+2	-1.02457341E+0
1.52692775E+3	3.36448784E+2	4.90014574E-7	9.60788067E+1	-1.51968613E+2	1.79793206E+2	-1.00701625E+0
1.63727458E+3	3.13871293E+2	4.71619976E-7	9.45696140E+1	-1.44011369E+2	1.72286641E+2	-9.89738366E-1
1.75559587E+3	2.93577916E+2	4.53351327E-7	9.30402075E+1	-1.36594543E+2	1.65271139E+2	-9.72839537E-1
1.88246790E+3	2.75337326E+2	4.35272112E-7	9.14923825E+1	-1.29693527E+2	1.58717571E+2	-9.56421568E-1
2.01850863E+3	2.58865543E+2	4.17459688E-7	8.99324196E+1	-1.23258119E+2	1.52579174E+2	-9.40462112E-1
2.16438064E+3	2.43966672E+2	4.00063227E-7	8.83375801E+1	-1.17251423E+2	1.46804035E+2	-9.25120816E-1
2.32079442E+3	2.30465446E+2	3.83108184E-7	8.67184129E+1	-1.11649066E+2	1.41370426E+2	-9.10421793E-1
2.48851178E+3	2.18176044E+2	3.66623614E-7	8.50852027E+1	-1.06414571E+2	1.36248129E+2	-8.96321621E-1
2.66834962E+3	2.06954029E+2	3.50729752E-7	8.34175046E+1	-1.01514078E+2	1.31390975E+2	-8.82943107E-1
2.86118383E+3	1.96639494E+2	3.35394808E-7	8.17375869E+1	-9.69113214E+1	1.26778695E+2	-8.70130856E-1
3.06795364E+3	1.87166930E+2	3.20696595E-7	8.00281154E+1	-9.25965290E+1	1.22387158E+2	-8.58077679E-1
3.28966612E+3	1.78377203E+2	3.06627086E-7	7.83010405E+1	-8.85215635E+1	1.18182572E+2	-8.46587500E-1
3.52740116E+3	1.70227442E+2	2.93145353E-7	7.65689356E+1	-8.46837150E+1	1.14167131E+2	-8.35679130E-1
3.78231664E+3	1.62610484E+2	2.80273326E-7	7.48287076E+1	-8.10468797E+1	1.10308351E+2	-8.25268915E-1
4.05565415E+3	1.55472045E+2	2.68006819E-7	7.30807915E+1	-7.75965055E+1	1.06592776E+2	-8.15358635E-1
4.34874501E+3	1.48752267E+2	2.56287810E-7	7.13405109E+1	-7.43141580E+1	1.03014866E+2	-8.05811064E-1
4.66301673E+3	1.42393000E+2	2.45118930E-7	6.96045644E+1	-7.11786990E+1	9.95550233E+1	-7.96578959E-1
5.00000000E+3	1.36382023E+2	2.34368621E-7	6.79073699E+1	-6.81904199E+1	9.62358788E+1	-7.87477910E-1
5.36133611E+3	1.30653547E+2	2.24186500E-7	6.62016320E+1	-6.53209139E+1	9.30025696E+1	-7.78701934E-1
5.74878498E+3	1.25192050E+2	2.14412464E-7	6.45292799E+1	-6.25661631E+1	8.98807699E+1	-7.69953390E-1
6.16423370E+3	1.19983472E+2	2.04995976E-7	6.29005709E+1	-5.99211728E+1	8.68736371E+1	-7.61145015E-1
6.60970574E+3	1.15002206E+2	1.95961901E-7	6.13034297E+1	-5.73752481E+1	8.39644546E+1	-7.52310939E-1
7.08737081E+3	1.10236172E+2	1.87238048E-7	5.97542866E+1	-5.49227545E+1	8.11608513E+1	-7.43291423E-1
7.59955541E+3	1.05666131E+2	1.78840162E-7	5.82435206E+1	-5.25553010E+1	7.84497765E+1	-7.34104924E-1
8.14875417E+3	1.01290139E+2	1.70703514E-7	5.67858672E+1	-5.02713987E+1	7.58409410E+1	-7.24622783E-1
8.73764200E+3	9.71130144E+1	1.62805356E-7	5.53847304E+1	-4.80740020E+1	7.33387898E+1	-7.14852195E-1
9.36908711E+3	9.31006623E+1	1.55158115E-7	5.40303646E+1	-4.59454281E+1	7.09243449E+1	-7.04704822E-1
1.00461650E+4	8.92736765E+1	1.47716149E-7	5.27345384E+1	-4.38961786E+1	6.86134541E+1	-6.94186632E-1
1.07721735E+4	8.56146126E+1	1.40485470E-7	5.14909367E+1	-4.19172995E+1	6.63956067E+1	-6.83262373E-1
1.15506485E+4	8.21210688E+1	1.33452679E-7	5.03004720E+1	-4.00073862E+1	6.42707437E+1	-6.71910167E-1
1.23853818E+4	7.87977294E+1	1.26600138E-7	4.91667586E+1	-3.81688184E+1	6.22433041E+1	-6.60130163E-1
1.32804389E+4	7.56317069E+1	1.19931780E-7	4.80849641E+1	-3.63948362E+1	6.03054549E+1	-6.47893602E-1
1.42401793E+4	7.26210129E+1	1.13434350E-7	4.70570129E+1	-3.46837915E+1	5.84579157E+1	-6.35167244E-1
1.52692775E+4	6.97638641E+1	1.07121010E-7	4.60775827E+1	-3.30364377E+1	5.66970024E+1	-6.22027403E-1
1.63727458E+4	6.70576927E+1	1.00967356E-7	4.51526101E+1	-3.14495034E+1	5.50257188E+1	-6.08383697E-1
1.75559587E+4	6.45080382E+1	9.49938367E-8	4.42774027E+1	-2.99292481E+1	5.34438804E+1	-5.94401052E-1
1.88246790E+4	6.20829345E+1	8.92089169E-8	4.34414577E+1	-2.84572105E+1	5.19323901E+1	-5.79931355E-1
2.01850863E+4	5.97936944E+1	8.36076543E-8	4.26489168E+1	-2.70408218E+1	5.04988738E+1	-5.65068622E-1
2.16438064E+4	5.76462979E+1	7.81804955E-8	4.19052105E+1	-2.56833322E+1	4.91495701E+1	-5.49844397E-1
2.32079442E+4	5.56211064E+1	7.29494393E-8	4.11986493E+1	-2.43759244E+1	4.78697654E+1	-5.34270531E-1
2.48851178E+4	5.37200248E+1	6.79012739E-8	4.05346168E+1	-2.31184983E+1	4.66639100E+1	-5.18324859E-1
2.66834962E+4	5.19316789E+1	6.30607000E-8	3.99026772E+1	-2.19086579E+1	4.55215663E+1	-5.02115340E-1
2.86118383E+4	5.02599429E+1	5.84026605E-8	3.93129227E+1	-2.07451006E+1	4.44507055E+1	-4.85554718E-1
3.06795364E+4	4.86911891E+1	5.39615507E-8	3.87507230E+1	-1.96265185E+1	4.34375273E+1	-4.68819234E-1
3.28966612E+4	4.72282054E+1	4.97184330E-8	3.82241361E+1	-1.85518936E+1	4.24883202E+1	-4.51855029E-1
3.52740116E+4	4.58580200E+1	4.56786286E-8	3.77264853E+1	-1.75149710E+1	4.15940130E+1	-4.34650650E-1
3.78231664E+4	4.45809049E+1	4.18444217E-8	3.72582176E+1	-1.65175744E+1	4.07554297E+1	-4.17290832E-1
4.05565415E+4	4.33911160E+1	3.82135609E-8	3.68179085E+1	-1.55567265E+1	3.99696152E+1	-3.99777961E-1
4.34874501E+4	4.22830709E+1	3.47859760E-8	3.64031899E+1	-1.46303248E+1	3.92331321E+1	-3.82140460E-1
4.66301673E+4	4.12506470E+1	3.15619845E-8	3.60108209E+1	-1.37364632E+1	3.85417911E+1	-3.64416726E-1
5.00000000E+4	4.02923855E+1	2.85355004E-8	3.56420965E+1	-1.28742395E+1	3.78959772E+1	-3.46625296E-1
5.36133611E+4	3.94009690E+1	2.56970325E-8	3.52951431E+1	-1.20380938E+1	3.72915921E+1	-3.28696795E-1
5.74878498E+4	3.85768992E+1	2.30509843E-8	3.49691936E+1	-1.12320321E+1	3.67287769E+1	-3.10789211E-1
6.16423370E+4	3.78112867E+1	2.05876316E-8	3.46605698E+1	-1.04501496E+1	3.62016676E+1	-2.92832047E-1
6.60970574E+4	3.71028268E+1	1.82978843E-8	3.43705409E+1	-9.69072421E+0	3.57105618E+1	-2.74814679E-1
7.08737081E+4	3.64472461E+1	1.61729261E-8	3.40978120E+1	-8.95044975E+0	3.52529622E+1	-2.56702131E-1
7.59955541E+4	3.58403253E+1	1.42129806E-8	3.38383462E+1	-8.23065295E+0	3.48249528E+1	-2.38601059E-1
8.14875417E+4	3.52832025E+1	1.24019942E-8	3.35968077E+1	-7.52711614E+0	3.44296815E+1	-2.20402988E-1
8.73764200E+4	3.47687012E+1	1.07374687E-8	3.33670285E+1	-6.83883311E+0	3.40606553E+1	-2.02158112E-1
9.36908711E+4	3.42945257E+1	9.20598551E-9	3.31494837E+1	-6.16096863E+0	3.37171443E+1	-1.83757509E-1
1.00461650E+5	3.38587264E+1	7.80263189E-9	3.29426276E+1	-5.49351302E+0	3.33975361E+1	-1.65239497E-1
1.07721735E+5	3.34654207E+1	6.52558991E-9	3.27499219E+1	-4.84071521E+0	3.31057384E+1	-1.46745938E-1
1.15506485E+5	3.31037853E+1	5.35310992E-9	3.25651517E+1	-4.18815886E+0	3.28333640E+1	-1.27906496E-1
1.23853818E+5	3.27783064E+1	4.28502921E-9	3.23913269E+1	-3.54044857E+0	3.25842421E+1	-1.08870179E-1
1.32804389E+5	3.24878731E+1	3.33207404E-9	3.22249361E+1	-2.91084960E+0	3.23561375E+1	-9.00846690E-2
1.42401793E+5	3.22236612E+1	2.43624281E-9	3.20654563E+1	-2.25231027E+0	3.21444614E+1	-7.01258383E-2
1.52692775E+5	3.19956881E+1	1.63679840E-9	3.19151191E+1	-1.60354629E+0	3.19553782E+1	-5.02018776E-2
1.63727458E+5	3.17991349E+1	9.15561006E-10	3.17706352E+1	-9.51546210E-1	3.17848819E+1	-2.99415427E-2
1.75559587E+5	3.16326556E+1	2.64111976E-10	3.16299690E+1	-2.91492279E-1	3.16313123E+1	-9.21543692E-3
1.88246790E+5	3.15172788E+1	-3.32978220E-10	3.15080925E+1	3.91046711E-1	3.15126849E+1	1.24104511E-2
2.01850863E+5	3.13994141E+1	-8.49880582E-10	3.13634883E+1	1.06148595E+0	3.13814460E+1	3.38317271E-2
2.16438064E+5	3.13367869E+1	-1.32185151E-9	3.12376623E+1	1.75966128E+0	3.12871854E+1	5.62719355E-2
2.32079442E+5	3.13108206E+1	-1.74350034E-9	3.11136608E+1	2.47676110E+0	3.12120851E+1	7.94361493E-2
2.48851178E+5	3.13254420E+1	-2.11645245E-9	3.09923940E+1	3.21277539E+0	3.11584730E+1	1.03294406E-1
2.66834962E+5	3.13790094E+1	-2.44760044E-9	3.08672048E+1	3.97465546E+0	3.11220550E+1	1.28061625E-1
2.86118383E+5	3.14838416E+1	-2.73628764E-9	3.07463707E+1	4.76177606E+0	3.11129212E+1	1.53652063E-1
3.06795364E+5	3.16420361E+1	-2.98677800E-9	3.06256068E+1	5.57931281E+0	3.11296732E+1	1.80201812E-1
3.28966612E+5	3.18565883E+1	-3.20192960E-9	3.05007807E+1	6.43063069E+0	3.11713139E+1	2.07791766E-1
3.52740116E+5	3.21371152E+1	-3.38403845E-9	3.03725571E+1	7.32079409E+0	3.12423808E+1	2.36521661E-1
3.78231664E+5	3.24906150E+1	-3.53381498E-9	3.02392278E+1	8.25106787E+0	3.13447141E+1	2.66375321E-1
4.05565415E+5	3.29149387E+1	-3.65401216E-9	3.00886825E+1	9.22160708E+0	3.14700988E+1	2.97392002E-1
4.34874501E+5	3.34501652E+1	-3.74577062E-9	2.99407802E+1	1.02505289E+1	3.16468640E+1	3.29852525E-1
4.66301673E+5	3.41050166E+1	-3.80922702E-9	2.97891865E+1	1.13386138E+1	3.18741366E+1	3.63696159E-1
NaN	NaN	NaN	NaN	NaN	NaN	NaN
