Start time:20240907_06-02-38	sweep/start:500.000	sweep/stop:500000.000	sweep/samplecount:100.000	sweep/xmapping:1.000	sweep/scan:0.000	sweep/averaging/sample:10.000	sweep/settling/time:0.100	sweep/settling/inaccuracy:0.010	sweep/awgcontrol:0.000	sweep/averaging/time:0.100	sweep/averaging/tc:15.000	sweep/bandwidthcontrol:2.000	sweep/sincfilter:0.000	sweep/omegasuppression:80.000	sweep/maxbandwidth:100.000	sweep/bandwidth:1250000.000	sweep/order:8.000	sweep/bandwidthoverlap:1.000																				
Frequency	Param0		Param1		RealZ		ImagZ		AbsZ		PhaseZ		
5.00000000E+2	1.41321058E+3	7.44707944E-7	1.18442302E+2	-3.91605933E+2	4.09125648E+2	-1.27709079E+0
5.36133611E+2	1.28032724E+3	7.33911202E-7	1.16190173E+2	-3.67778815E+2	3.85696015E+2	-1.26479509E+0
5.74878498E+2	1.15850231E+3	7.23302613E-7	1.14013971E+2	-3.45088672E+2	3.63435530E+2	-1.25169681E+0
6.16423370E+2	1.04859861E+3	7.12037021E-7	1.11998621E+2	-3.23879391E+2	3.42697470E+2	-1.23786494E+0
6.60970574E+2	9.50321382E+2	7.00158784E-7	1.10043646E+2	-3.04084156E+2	3.23383339E+2	-1.22357257E+0
7.08737081E+2	8.62038728E+2	6.87578792E-7	1.08204980E+2	-2.85602019E+2	3.05412569E+2	-1.20864035E+0
7.59955541E+2	7.83081757E+2	6.74327436E-7	1.06431976E+2	-2.68360074E+2	2.88695169E+2	-1.19322322E+0
8.14875417E+2	7.12346172E+2	6.60327058E-7	1.04753819E+2	-2.52284752E+2	2.73168377E+2	-1.17723801E+0
8.73764200E+2	6.49153162E+2	6.45780371E-7	1.03092827E+2	-2.37265439E+2	2.58694843E+2	-1.16090318E+0
9.36908711E+2	5.92600091E+2	6.30425001E-7	1.01530894E+2	-2.23290580E+2	2.45290048E+2	-1.14403829E+0
1.00461650E+3	5.42040836E+2	6.14489046E-7	1.00001839E+2	-2.10249146E+2	2.32819829E+2	-1.12683007E+0
1.07721735E+3	4.96931308E+2	5.97965913E-7	9.85009656E+1	-1.98105435E+2	2.21242413E+2	-1.10937932E+0
1.15506485E+3	4.56649207E+2	5.80869258E-7	9.70374254E+1	-1.86804167E+2	2.10504299E+2	-1.09170162E+0
1.23853818E+3	4.20641530E+2	5.63324554E-7	9.55933318E+1	-1.76273754E+2	2.00525615E+2	-1.07388371E+0
1.32804389E+3	3.88479868E+2	5.45427093E-7	9.41531189E+1	-1.66468555E+2	1.91250072E+2	-1.05606190E+0
1.42401793E+3	3.59742853E+2	5.27227179E-7	9.27207032E+1	-1.57348274E+2	1.82635179E+2	-1.03830349E+0
1.52692775E+3	3.33989442E+2	5.08822877E-7	9.12976573E+1	-1.48852914E+2	1.74620883E+2	-1.02062467E+0
1.63727458E+3	3.10950581E+2	4.90354986E-7	8.98595778E+1	-1.40950854E+2	1.67158270E+2	-1.00324151E+0
1.75559587E+3	2.90246065E+2	4.71864190E-7	8.84272493E+1	-1.33589974E+2	1.60205056E+2	-9.86079934E-1
1.88246790E+3	2.71651291E+2	4.53567739E-7	8.69605630E+1	-1.26731246E+2	1.53697588E+2	-9.69405248E-1
2.01850863E+3	2.54905245E+2	4.35466437E-7	8.54833673E+1	-1.20344306E+2	1.47614899E+2	-9.53175509E-1
2.16438064E+3	2.39774129E+2	4.17679955E-7	8.39870732E+1	-1.14385745E+2	1.41908164E+2	-9.37455401E-1
2.32079442E+3	2.26082764E+2	4.00269516E-7	8.24728986E+1	-1.08829781E+2	1.36549260E+2	-9.22312012E-1
2.48851178E+3	2.13629050E+2	3.83343951E-7	8.09324644E+1	-1.03631371E+2	1.31489639E+2	-9.07770395E-1
2.66834962E+3	2.02267245E+2	3.66954815E-7	7.93660327E+1	-9.87632570E+1	1.26701019E+2	-8.93864857E-1
2.86118383E+3	1.91868864E+2	3.51111167E-7	7.77827438E+1	-9.42015430E+1	1.22164177E+2	-8.80576566E-1
3.06795364E+3	1.82312415E+2	3.35842440E-7	7.61847104E+1	-8.99183396E+1	1.17853376E+2	-8.67891906E-1
3.28966612E+3	1.73486082E+2	3.21204376E-7	7.45648304E+1	-8.58839103E+1	1.13736362E+2	-8.55827871E-1
3.52740116E+3	1.65313971E+2	3.07126248E-7	7.29457657E+1	-8.20845253E+1	1.09813269E+2	-8.44278246E-1
3.78231664E+3	1.57679657E+2	2.93697377E-7	7.13085421E+1	-7.84792833E+1	1.06037287E+2	-8.33234299E-1
4.05565415E+3	1.50548953E+2	2.80870172E-7	6.96649524E+1	-7.50651675E+1	1.02410865E+2	-8.22693172E-1
4.34874501E+3	1.43843191E+2	2.68598779E-7	6.80275229E+1	-7.18160980E+1	9.89206545E+1	-8.12483051E-1
4.66301673E+3	1.37537845E+2	2.56823390E-7	6.64099134E+1	-6.87284478E+1	9.55713150E+1	-8.02553224E-1
5.00000000E+3	1.31587625E+2	2.45564912E-7	6.48044326E+1	-6.57863708E+1	9.23442538E+1	-7.92917222E-1
5.36133611E+3	1.25905743E+2	2.34788420E-7	6.32173949E+1	-6.29523148E+1	8.92156546E+1	-7.83297187E-1
5.74878498E+3	1.20509308E+2	2.24446135E-7	6.16572630E+1	-6.02383259E+1	8.61990374E+1	-7.73758095E-1
6.16423370E+3	1.15375681E+2	2.14517185E-7	6.01257880E+1	-5.76363017E+1	8.32889771E+1	-7.64261346E-1
6.60970574E+3	1.10474855E+2	2.04950796E-7	5.86322607E+1	-5.51330066E+1	8.04822369E+1	-7.54649313E-1
7.08737081E+3	1.05795889E+2	1.95721865E-7	5.71792592E+1	-5.27244039E+1	7.77774421E+1	-7.44886158E-1
7.59955541E+3	1.01322195E+2	1.86804945E-7	5.57692284E+1	-5.04029136E+1	7.51708759E+1	-7.34897607E-1
8.14875417E+3	9.70421553E+1	1.78174826E-7	5.44046529E+1	-4.81630398E+1	7.26604757E+1	-7.24619518E-1
8.73764200E+3	9.29622790E+1	1.69783157E-7	5.30956293E+1	-4.60080947E+1	7.02558942E+1	-7.14003386E-1
9.36908711E+3	8.90585231E+1	1.61656336E-7	5.18301925E+1	-4.39266603E+1	6.79405650E+1	-7.03047316E-1
1.00461650E+4	8.53378441E+1	1.53728634E-7	5.06236693E+1	-4.19208643E+1	6.57275801E+1	-6.91634805E-1
1.07721735E+4	8.17941465E+1	1.46022967E-7	4.94669368E+1	-3.99890986E+1	6.36090077E+1	-6.79842276E-1
1.15506485E+4	7.84182367E+1	1.38509363E-7	4.83647934E+1	-3.81251690E+1	6.15847529E+1	-6.67555793E-1
1.23853818E+4	7.52131995E+1	1.31192978E-7	4.73145755E+1	-3.63319625E+1	5.96546778E+1	-6.54847065E-1
1.32804389E+4	7.21677168E+1	1.24073248E-7	4.63133835E+1	-3.46034916E+1	5.78128977E+1	-6.41680807E-1
1.42401793E+4	6.92812054E+1	1.17139401E-7	4.53629744E+1	-3.29393692E+1	5.60606950E+1	-6.28047786E-1
1.52692775E+4	6.65458516E+1	1.10404939E-7	4.44575862E+1	-3.13367304E+1	5.43917994E+1	-6.13985619E-1
1.63727458E+4	6.39750057E+1	1.03832989E-7	4.36101353E+1	-2.98012473E+1	5.28200580E+1	-5.99467935E-1
1.75559587E+4	6.15327059E+1	9.74860007E-8	4.27955409E+1	-2.83172557E+1	5.13159370E+1	-5.84547273E-1
1.88246790E+4	5.92456556E+1	9.13269255E-8	4.20310852E+1	-2.68988282E+1	4.99014946E+1	-5.69295206E-1
2.01850863E+4	5.70872060E+1	8.53609114E-8	4.13089030E+1	-2.55300663E+1	4.85614026E+1	-5.53570167E-1
2.16438064E+4	5.50630370E+1	7.96002444E-8	4.06284000E+1	-2.42168575E+1	4.72982356E+1	-5.37515469E-1
2.32079442E+4	5.31610447E+1	7.40569670E-8	3.99835389E+1	-2.29539364E+1	4.61038683E+1	-5.21146110E-1
2.48851178E+4	5.13801533E+1	6.87332678E-8	3.93746389E+1	-2.17419474E+1	4.49786045E+1	-5.04516536E-1
2.66834962E+4	4.97175786E+1	6.36191315E-8	3.88049819E+1	-2.05782174E+1	4.39236806E+1	-4.87591476E-1
2.86118383E+4	4.81618393E+1	5.87332372E-8	3.82662561E+1	-1.94593608E+1	4.29298641E+1	-4.70444596E-1
3.06795364E+4	4.67095544E+1	5.40720959E-8	3.77592371E+1	-1.83836097E+1	4.19966324E+1	-4.53083619E-1
3.28966612E+4	4.53579083E+1	4.96450249E-8	3.72815611E+1	-1.73521993E+1	4.11219361E+1	-4.35616511E-1
3.52740116E+4	4.40976969E+1	4.54399208E-8	3.68330556E+1	-1.63578396E+1	4.03020212E+1	-4.17943002E-1
3.78231664E+4	4.29252865E+1	4.14673860E-8	3.64099694E+1	-1.54020286E+1	3.95336359E+1	-4.00189656E-1
4.05565415E+4	4.18387792E+1	3.77167266E-8	3.60151604E+1	-1.44823531E+1	3.88179126E+1	-3.82331114E-1
4.34874501E+4	4.08293488E+1	3.41959960E-8	3.56420033E+1	-1.35973296E+1	3.81476052E+1	-3.64454770E-1
4.66301673E+4	3.98902410E+1	3.08962454E-8	3.52889735E+1	-1.27426053E+1	3.75191372E+1	-3.46522943E-1
5.00000000E+4	3.90221127E+1	2.78112782E-8	3.49584688E+1	-1.19188404E+1	3.69344461E+1	-3.28583423E-1
5.36133611E+4	3.82169508E+1	2.49370617E-8	3.46461662E+1	-1.11226789E+1	3.63877840E+1	-3.10642750E-1
5.74878498E+4	3.74738409E+1	2.22640840E-8	3.43538495E+1	-1.03529561E+1	3.58799483E+1	-2.92706172E-1
6.16423370E+4	3.67870234E+1	1.97845093E-8	3.40790448E+1	-9.60652475E+0	3.54071549E+1	-2.74759971E-1
6.60970574E+4	3.61524056E+1	1.74931481E-8	3.38194780E+1	-8.88247652E+0	3.49664909E+1	-2.56842864E-1
7.08737081E+4	3.55659155E+1	1.53764795E-8	3.35746750E+1	-8.17650576E+0	3.45559554E+1	-2.38881874E-1
7.59955541E+4	3.50276609E+1	1.34304921E-8	3.33450870E+1	-7.49036471E+0	3.41760208E+1	-2.20963894E-1
8.14875417E+4	3.45299461E+1	1.16434367E-8	3.31262635E+1	-6.81899890E+0	3.38208234E+1	-2.03012950E-1
8.73764200E+4	3.40727652E+1	1.00077332E-8	3.29190931E+1	-6.16261534E+0	3.34909619E+1	-1.85062854E-1
9.36908711E+4	3.36554839E+1	8.50814934E-9	3.27256099E+1	-5.51640099E+0	3.31872903E+1	-1.66995389E-1
1.00461650E+5	3.32741830E+1	7.14323075E-9	3.25416878E+1	-4.88227597E+0	3.29058973E+1	-1.48920686E-1
1.07721735E+5	3.29280357E+1	5.89908020E-9	3.23685486E+1	-4.25555833E+0	3.26470936E+1	-1.30722284E-1
1.15506485E+5	3.26135160E+1	4.76259091E-9	3.22042854E+1	-3.63028562E+0	3.24082548E+1	-1.12252910E-1
1.23853818E+5	3.23296088E+1	3.73363574E-9	3.20468415E+1	-3.01027980E+0	3.21879146E+1	-9.36589237E-2
1.32804389E+5	3.20752305E+1	2.80367207E-9	3.18956201E+1	-2.39342779E+0	3.19852992E+1	-7.48990074E-2
1.42401793E+5	3.18533032E+1	1.95552032E-9	3.17546677E+1	-1.76978186E+0	3.18039472E+1	-5.56753671E-2
1.52692775E+5	3.16579101E+1	1.19563180E-9	3.16162166E+1	-1.14812178E+0	3.16370565E+1	-3.62983813E-2
1.63727458E+5	3.14942768E+1	5.09075240E-10	3.14857112E+1	-5.19312031E-1	3.14899937E+1	-1.64920849E-2
1.75559587E+5	3.13585667E+1	-1.10244493E-10	3.13581103E+1	1.19582441E-1	3.13583385E+1	3.81342686E-3
1.88246790E+5	3.13023237E+1	-6.82430830E-10	3.12764505E+1	7.89572927E-1	3.12893824E+1	2.52480451E-2
2.01850863E+5	3.11824603E+1	-1.16294876E-9	3.11166402E+1	1.43111370E+0	3.11495329E+1	4.59595218E-2
2.16438064E+5	3.11427405E+1	-1.60648973E-9	3.09992415E+1	2.10911042E+0	3.10709082E+1	6.79327941E-2
2.32079442E+5	3.11391935E+1	-2.00105501E-9	3.08842151E+1	2.80620579E+0	3.10114422E+1	9.06133152E-2
2.48851178E+5	3.11753624E+1	-2.35047179E-9	3.07714187E+1	3.52560485E+0	3.09727321E+1	1.14076577E-1
2.66834962E+5	3.12502927E+1	-2.65764554E-9	3.06559095E+1	4.26862526E+0	3.09516743E+1	1.38353539E-1
2.86118383E+5	3.13752969E+1	-2.92627338E-9	3.05432033E+1	5.04130411E+0	3.09564544E+1	1.63580030E-1
3.06795364E+5	3.15517913E+1	-3.15716610E-9	3.04297745E+1	5.84317448E+0	3.09857046E+1	1.89712396E-1
3.28966612E+5	3.17850181E+1	-3.35558223E-9	3.03118326E+1	6.68242497E+0	3.10396865E+1	2.16985225E-1
3.52740116E+5	3.20703316E+1	-3.51715253E-9	3.01839243E+1	7.54579799E+0	3.11128342E+1	2.44972915E-1
3.78231664E+5	3.24438577E+1	-3.65627062E-9	3.00552835E+1	8.47284565E+0	3.12267406E+1	2.74777761E-1
4.05565415E+5	3.29021908E+1	-3.75508964E-9	2.99349487E+1	9.42463460E+0	3.13835203E+1	3.05012607E-1
4.34874501E+5	3.34515125E+1	-3.83719486E-9	2.97872909E+1	1.04473171E+1	3.15662770E+1	3.37325379E-1
4.66301673E+5	3.41048571E+1	-3.89190283E-9	2.96245930E+1	1.15206435E+1	3.17858838E+1	3.70890537E-1
5.00000000E+5	3.48802324E+1	-3.91719654E-9	2.94534171E+1	1.26426863E+1	3.20521750E+1	4.05459649E-1
