Start time:20240907_20-25-46	sweep/start:500.000	sweep/stop:500000.000	sweep/samplecount:100.000	sweep/xmapping:1.000	sweep/scan:0.000	sweep/averaging/sample:10.000	sweep/settling/time:0.100	sweep/settling/inaccuracy:0.010	sweep/awgcontrol:0.000	sweep/averaging/time:0.100	sweep/averaging/tc:15.000	sweep/bandwidthcontrol:2.000	sweep/sincfilter:0.000	sweep/omegasuppression:80.000	sweep/maxbandwidth:100.000	sweep/bandwidth:1250000.000	sweep/order:8.000	sweep/bandwidthoverlap:1.000																				
Frequency	Param0		Param1		RealZ		ImagZ		AbsZ		PhaseZ		
5.00000000E+2	1.42372267E+3	7.56833000E-7	1.14271722E+2	-3.86824413E+2	4.03349923E+2	-1.28355604E+0
5.36133611E+2	1.28768336E+3	7.46318869E-7	1.12164844E+2	-3.63114054E+2	3.80043118E+2	-1.27119726E+0
5.74878498E+2	1.16486966E+3	7.35949589E-7	1.10010000E+2	-3.40653868E+2	3.57976623E+2	-1.25843077E+0
6.16423370E+2	1.05380751E+3	7.24948889E-7	1.08027646E+2	-3.19640941E+2	3.37402294E+2	-1.24488253E+0
6.60970574E+2	9.54214146E+2	7.13343984E-7	1.06127241E+2	-3.00008452E+2	3.18226442E+2	-1.23078687E+0
7.08737081E+2	8.64794213E+2	7.01040151E-7	1.04336008E+2	-2.81679098E+2	3.00381631E+2	-1.21605817E+0
7.59955541E+2	7.84809324E+2	6.88032463E-7	1.02618111E+2	-2.64584841E+2	2.83787983E+2	-1.20081143E+0
8.14875417E+2	7.13019196E+2	6.74341604E-7	1.00987875E+2	-2.48611590E+2	2.68339853E+2	-1.18495020E+0
8.73764200E+2	6.48823618E+2	6.59986390E-7	9.94095976E+1	-2.33702837E+2	2.53967096E+2	-1.16861443E+0
9.36908711E+2	5.91471896E+2	6.44894754E-7	9.78939024E+1	-2.19814161E+2	2.40627270E+2	-1.15181733E+0
1.00461650E+3	5.40116446E+2	6.29135095E-7	9.64374923E+1	-2.06850860E+2	2.28226794E+2	-1.13453807E+0
1.07721735E+3	4.94221045E+2	6.12728978E-7	9.50254738E+1	-1.94765863E+2	2.16710829E+2	-1.11687877E+0
1.15506485E+3	4.53240225E+2	5.95725251E-7	9.36463645E+1	-1.83506546E+2	2.06020133E+2	-1.09892986E+0
1.23853818E+3	4.16700972E+2	5.78172480E-7	9.22897544E+1	-1.73031295E+2	1.96105147E+2	-1.08081022E+0
1.32804389E+3	3.84045350E+2	5.60190281E-7	9.09476809E+1	-1.63268340E+2	1.86890428E+2	-1.06256100E+0
1.42401793E+3	3.54881354E+2	5.41815121E-7	8.96215123E+1	-1.54184910E+2	1.78339571E+2	-1.04427026E+0
1.52692775E+3	3.28766082E+2	5.23132784E-7	8.83146534E+1	-1.45723655E+2	1.70396191E+2	-1.02594603E+0
1.63727458E+3	3.05471046E+2	5.04271649E-7	8.70003815E+1	-1.37865986E+2	1.63021768E+2	-1.00785801E+0
1.75559587E+3	2.84538159E+2	4.85400097E-7	8.56764670E+1	-1.30528794E+2	1.56135273E+2	-9.89949235E-1
1.88246790E+3	2.65777685E+2	4.66512888E-7	8.43552063E+1	-1.23709054E+2	1.49732198E+2	-9.72332605E-1
2.01850863E+3	2.48941253E+2	4.47797731E-7	8.30124594E+1	-1.17363354E+2	1.43754045E+2	-9.55180097E-1
2.16438064E+3	2.33765980E+2	4.29356069E-7	8.16492424E+1	-1.11446022E+2	1.38155039E+2	-9.38501843E-1
2.32079442E+3	2.20062429E+2	4.11217695E-7	8.02772704E+1	-1.05931914E+2	1.32913546E+2	-9.22309492E-1
2.48851178E+3	2.07659960E+2	3.93529783E-7	7.88779175E+1	-1.00787196E+2	1.27983534E+2	-9.06744127E-1
2.66834962E+3	1.96384101E+2	3.76338283E-7	7.74575961E+1	-9.59779184E+1	1.23334667E+2	-8.91780089E-1
2.86118383E+3	1.86090886E+2	3.59690063E-7	7.60185765E+1	-9.14742582E+1	1.18938488E+2	-8.77414256E-1
3.06795364E+3	1.76683097E+2	3.43621020E-7	7.45611222E+1	-8.72601212E+1	1.14776695E+2	-8.63713137E-1
3.28966612E+3	1.68034226E+2	3.28185585E-7	7.30816998E+1	-8.33024116E+1	1.10816184E+2	-8.50661801E-1
3.52740116E+3	1.60044304E+2	3.13380381E-7	7.15875501E+1	-7.95763911E+1	1.07038215E+2	-8.38197895E-1
3.78231664E+3	1.52638085E+2	2.99203061E-7	7.00828049E+1	-7.60638244E+1	1.03427777E+2	-8.26300126E-1
4.05565415E+3	1.45721767E+2	2.85673349E-7	6.85651398E+1	-7.27341368E+1	9.99571568E+1	-8.14894337E-1
4.34874501E+3	1.39272012E+2	2.72721039E-7	6.70514561E+1	-6.95880242E+1	9.66353509E+1	-8.03959977E-1
4.66301673E+3	1.33209535E+2	2.60379699E-7	6.55329630E+1	-6.65961414E+1	9.34324109E+1	-7.93444501E-1
5.00000000E+3	1.27499588E+2	2.48599175E-7	6.40201291E+1	-6.37492192E+1	9.03467762E+1	-7.83277862E-1
5.36133611E+3	1.22074730E+2	2.37309279E-7	6.25277608E+1	-6.10191654E+1	8.73673822E+1	-7.73188065E-1
5.74878498E+3	1.16928619E+2	2.26513402E-7	6.10512548E+1	-5.84070465E+1	8.44904660E+1	-7.63266787E-1
6.16423370E+3	1.12041085E+2	2.16186449E-7	5.95933153E+1	-5.59064966E+1	8.17122980E+1	-7.53488438E-1
6.60970574E+3	1.07381966E+2	2.06253273E-7	5.81689723E+1	-5.35039174E+1	7.90335281E+1	-7.43648154E-1
7.08737081E+3	1.02942472E+2	1.96720472E-7	5.67726900E+1	-5.11974865E+1	7.64481590E+1	-7.33807471E-1
7.59955541E+3	9.86845259E+1	1.87521168E-7	5.54161171E+1	-4.89670002E+1	7.39507485E+1	-7.23693454E-1
8.14875417E+3	9.46243006E+1	1.78662631E-7	5.40948397E+1	-4.68234404E+1	7.15449951E+1	-7.13470114E-1
8.73764200E+3	9.07372374E+1	1.70088075E-7	5.28185375E+1	-4.47527679E+1	6.92286657E+1	-7.02920308E-1
9.36908711E+3	8.70309308E+1	1.61760930E-7	5.15943910E+1	-4.27589363E+1	6.70097594E+1	-6.92028229E-1
1.00461650E+4	8.34871517E+1	1.53697099E-7	5.04136983E+1	-4.08332593E+1	6.48760053E+1	-6.80786833E-1
1.07721735E+4	8.01097592E+1	1.45872624E-7	4.92806363E+1	-3.89779263E+1	6.28319974E+1	-6.69190833E-1
1.15506485E+4	7.68837795E+1	1.38272197E-7	4.81949348E+1	-3.71840953E+1	6.08720685E+1	-6.57141862E-1
1.23853818E+4	7.38203255E+1	1.30872973E-7	4.71624025E+1	-3.54577442E+1	5.90046089E+1	-6.44666338E-1
1.32804389E+4	7.09000789E+1	1.23697320E-7	4.61724844E+1	-3.37895606E+1	5.72156689E+1	-6.31758563E-1
1.42401793E+4	6.81357319E+1	1.16725626E-7	4.52315637E+1	-3.21868188E+1	5.55147340E+1	-6.18469406E-1
1.52692775E+4	6.55138781E+1	1.09946214E-7	4.43393678E+1	-3.06408889E+1	5.38966031E+1	-6.04696556E-1
1.63727458E+4	6.30318489E+1	1.03378580E-7	4.34897564E+1	-2.91527094E+1	5.23568490E+1	-5.90537966E-1
1.75559587E+4	6.06913320E+1	9.69960884E-8	4.26902296E+1	-2.77213116E+1	5.09011480E+1	-5.75924922E-1
1.88246790E+4	5.84768191E+1	9.08245355E-8	4.19300246E+1	-2.63402245E+1	4.95170117E+1	-5.60893422E-1
2.01850863E+4	5.63920920E+1	8.48638921E-8	4.12106570E+1	-2.50127331E+1	4.82074179E+1	-5.45512800E-1
2.16438064E+4	5.44356342E+1	7.91148362E-8	4.05324968E+1	-2.37387627E+1	4.69724618E+1	-5.29817848E-1
2.32079442E+4	5.25953547E+1	7.35825848E-8	3.98909944E+1	-2.25119859E+1	4.58048140E+1	-5.13784247E-1
2.48851178E+4	5.08684134E+1	6.82741427E-8	3.92842108E+1	-2.13325083E+1	4.47026330E+1	-4.97476300E-1
2.66834962E+4	4.92517707E+1	6.31875605E-8	3.87126377E+1	-2.01989497E+1	4.36653861E+1	-4.80908633E-1
2.86118383E+4	4.77386412E+1	5.83183701E-8	3.81757407E+1	-1.91068230E+1	4.26902561E+1	-4.64044702E-1
3.06795364E+4	4.63218993E+1	5.36837884E-8	3.76667511E+1	-1.80557825E+1	4.17707487E+1	-4.46996430E-1
3.28966612E+4	4.50043072E+1	4.92799811E-8	3.71892814E+1	-1.70480254E+1	4.09106079E+1	-4.29827567E-1
3.52740116E+4	4.37757310E+1	4.51012248E-8	3.67407769E+1	-1.60769920E+1	4.01042936E+1	-4.12476737E-1
3.78231664E+4	4.26297146E+1	4.11550877E-8	3.63164893E+1	-1.51418018E+1	3.93466844E+1	-3.95024110E-1
4.05565415E+4	4.15636535E+1	3.74334431E-8	3.59177023E+1	-1.42404204E+1	3.86376879E+1	-3.77462679E-1
4.34874501E+4	4.05745097E+1	3.39365454E-8	3.55431498E+1	-1.33727472E+1	3.79755958E+1	-3.59857165E-1
4.66301673E+4	3.96566473E+1	3.06558939E-8	3.51919046E+1	-1.25348630E+1	3.73576357E+1	-3.42175048E-1
5.00000000E+4	3.88039995E+1	2.75903668E-8	3.48603407E+1	-1.17250705E+1	3.67793507E+1	-3.24457806E-1
5.36133611E+4	3.80141345E+1	2.47381100E-8	3.45472268E+1	-1.09440412E+1	3.62392457E+1	-3.06783809E-1
5.74878498E+4	3.72842836E+1	2.20775912E-8	3.42559551E+1	-1.01851985E+1	3.57380574E+1	-2.89002116E-1
6.16423370E+4	3.66068649E+1	1.96162246E-8	3.39785425E+1	-9.45021460E+0	3.52682281E+1	-2.71267325E-1
6.60970574E+4	3.59831298E+1	1.73377740E-8	3.37195767E+1	-8.73647782E+0	3.48329715E+1	-2.53517511E-1
7.08737081E+4	3.54052480E+1	1.52376046E-8	3.34732921E+1	-8.04169863E+0	3.44257202E+1	-2.35774013E-1
7.59955541E+4	3.48742142E+1	1.33028884E-8	3.32429064E+1	-7.36406159E+0	3.40487920E+1	-2.18002337E-1
8.14875417E+4	3.43833321E+1	1.15271350E-8	3.30234437E+1	-6.70135746E+0	3.36965285E+1	-2.00208657E-1
8.73764200E+4	3.39346630E+1	9.89878172E-9	3.28185248E+1	-6.05227219E+0	3.33719280E+1	-1.82367362E-1
9.36908711E+4	3.35228121E+1	8.41038867E-9	3.26241292E+1	-5.41467749E+0	3.30704181E+1	-1.64472275E-1
1.00461650E+5	3.31475171E+1	7.04687674E-9	3.24422289E+1	-4.78342009E+0	3.27929769E+1	-1.46389506E-1
1.07721735E+5	3.28031750E+1	5.80957400E-9	3.22663449E+1	-4.16191438E+0	3.25336527E+1	-1.28277959E-1
1.15506485E+5	3.24929934E+1	4.68516151E-9	3.21011416E+1	-3.54667186E+0	3.22964732E+1	-1.10038001E-1
1.23853818E+5	3.22126720E+1	3.66200521E-9	3.19434858E+1	-2.93235998E+0	3.20777965E+1	-9.15418071E-2
1.32804389E+5	3.19632458E+1	2.73304660E-9	3.17942999E+1	-2.31760451E+0	3.18786609E+1	-7.27650182E-2
1.42401793E+5	3.17420184E+1	1.89500293E-9	3.16503417E+1	-1.70340590E+0	3.16961469E+1	-5.37676376E-2
1.52692775E+5	3.15512164E+1	1.13725391E-9	3.15138699E+1	-1.08485987E+0	3.15325376E+1	-3.44112489E-2
1.63727458E+5	3.13895840E+1	4.50660723E-10	3.13829376E+1	-4.56699042E-1	3.13862606E+1	-1.45514384E-2
1.75559587E+5	3.12582609E+1	-1.62885952E-10	3.12572746E+1	1.75551211E-1	3.12577678E+1	5.61627312E-3
1.88246790E+5	3.11536096E+1	-6.97225238E-10	3.11258262E+1	7.99281052E-1	3.11397122E+1	2.56766048E-2
2.01850863E+5	3.10851751E+1	-1.20972406E-9	3.10146296E+1	1.47916544E+0	3.10498823E+1	4.76563939E-2
2.16438064E+5	3.10497056E+1	-1.65065717E-9	3.08995954E+1	2.15367760E+0	3.09745596E+1	6.95866765E-2
2.32079442E+5	3.10478792E+1	-2.04495008E-9	3.07840100E+1	2.85007582E+0	3.09156631E+1	9.23198134E-2
2.48851178E+5	3.10876295E+1	-2.39159280E-9	3.06731078E+1	3.56575996E+0	3.08796731E+1	1.15730906E-1
2.66834962E+5	3.11666404E+1	-2.69435711E-9	3.05608741E+1	4.30262479E+0	3.08622710E+1	1.39869362E-1
2.86118383E+5	3.12920465E+1	-2.96300754E-9	3.04461493E+1	5.07486713E+0	3.08662003E+1	1.65164947E-1
3.06795364E+5	3.14661120E+1	-3.19370594E-9	3.03280190E+1	5.87503868E+0	3.08918249E+1	1.91346521E-1
3.28966612E+5	3.16990942E+1	-3.38920335E-9	3.02094051E+1	6.70838901E+0	3.09452868E+1	2.18517154E-1
3.52740116E+5	3.20003559E+1	-3.55272776E-9	3.00899537E+1	7.58180769E+0	3.10304563E+1	2.46833276E-1
3.78231664E+5	3.23714492E+1	-3.68456689E-9	2.99639149E+1	8.49346590E+0	3.11444271E+1	2.76210977E-1
4.05565415E+5	3.28363230E+1	-3.78781621E-9	2.98388643E+1	9.45729207E+0	3.13017340E+1	3.06929481E-1
4.34874501E+5	3.33665266E+1	-3.86848133E-9	2.96751675E+1	1.04661871E+1	3.14667634E+1	3.39070719E-1
4.66301673E+5	3.40332428E+1	-3.91273188E-9	2.95371861E+1	1.15238827E+1	3.17056161E+1	3.71984855E-1
NaN	NaN	NaN	NaN	NaN	NaN	NaN
