Start time:20240905_12-42-18	sweep/start:500.000	sweep/stop:500000.000	sweep/samplecount:100.000	sweep/xmapping:1.000	sweep/scan:0.000	sweep/averaging/sample:10.000	sweep/settling/time:0.100	sweep/settling/inaccuracy:0.010	sweep/awgcontrol:0.000	sweep/averaging/time:0.100	sweep/averaging/tc:15.000	sweep/bandwidthcontrol:2.000	sweep/sincfilter:0.000	sweep/omegasuppression:80.000	sweep/maxbandwidth:100.000	sweep/bandwidth:1250000.000	sweep/order:8.000	sweep/bandwidthoverlap:1.000																				
Frequency	Param0		Param1		RealZ		ImagZ		AbsZ		PhaseZ		
5.00000000E+2	1.35969009E+3	7.27571894E-7	1.27562858E+2	-3.96451273E+2	4.16468366E+2	-1.25949609E+0
5.36133611E+2	1.22878327E+3	7.16873087E-7	1.25319176E+2	-3.71867037E+2	3.92415597E+2	-1.24574943E+0
5.74878498E+2	1.11249641E+3	7.05567928E-7	1.23081255E+2	-3.48967644E+2	3.70037047E+2	-1.23171726E+0
6.16423370E+2	1.00783702E+3	6.93544733E-7	1.21002720E+2	-3.27581009E+2	3.49214806E+2	-1.21695960E+0
6.60970574E+2	9.14228717E+2	6.80824189E-7	1.19009906E+2	-3.07634331E+2	3.29851851E+2	-1.20167288E+0
7.08737081E+2	8.30093828E+2	6.67456937E-7	1.17122723E+2	-2.88972443E+2	3.11805727E+2	-1.18572284E+0
7.59955541E+2	7.55025004E+2	6.53244221E-7	1.15334694E+2	-2.71621886E+2	2.95094131E+2	-1.16925191E+0
8.14875417E+2	6.87769690E+2	6.38398370E-7	1.13610973E+2	-2.55403032E+2	2.79532047E+2	-1.15224994E+0
8.73764200E+2	6.27757825E+2	6.22800177E-7	1.11957191E+2	-2.40307247E+2	2.65107504E+2	-1.13480560E+0
9.36908711E+2	5.74169555E+2	6.06621660E-7	1.10330774E+2	-2.26220429E+2	2.51691406E+2	-1.11702608E+0
1.00461650E+3	5.26226548E+2	5.89779629E-7	1.08773337E+2	-2.13090991E+2	2.39247594E+2	-1.09881984E+0
1.07721735E+3	4.83510800E+2	5.72395924E-7	1.07234604E+2	-2.00872647E+2	2.27703936E+2	-1.08044172E+0
1.15506485E+3	4.45344044E+2	5.54518768E-7	1.05728361E+2	-1.89491440E+2	2.16991919E+2	-1.06186348E+0
1.23853818E+3	4.11310360E+2	5.36251914E-7	1.04230679E+2	-1.78905341E+2	2.07053510E+2	-1.04326743E+0
1.32804389E+3	3.80905755E+2	5.17657239E-7	1.02750344E+2	-1.69057865E+2	1.97833758E+2	-1.02467433E+0
1.42401793E+3	3.53701696E+2	4.98816920E-7	1.01289272E+2	-1.59895805E+2	1.89278064E+2	-1.00612905E+0
1.52692775E+3	3.29378278E+2	4.79915788E-7	9.98133861E+1	-1.51372546E+2	1.81318394E+2	-9.87849072E-1
1.63727458E+3	3.07573419E+2	4.61025009E-7	9.83325304E+1	-1.43440525E+2	1.73909377E+2	-9.69849128E-1
1.75559587E+3	2.88038996E+2	4.42235045E-7	9.68419405E+1	-1.36073114E+2	1.67015731E+2	-9.52267416E-1
1.88246790E+3	2.70439935E+2	4.23675082E-7	9.53383602E+1	-1.29204863E+2	1.60571790E+2	-9.35093863E-1
2.01850863E+3	2.54631575E+2	4.05424590E-7	9.38140305E+1	-1.22828911E+2	1.54557478E+2	-9.18535402E-1
2.16438064E+3	2.40351553E+2	3.87594249E-7	9.22654064E+1	-1.16889810E+2	1.48916531E+2	-9.02591351E-1
2.32079442E+3	2.27385010E+2	3.70247128E-7	9.06966693E+1	-1.11342610E+2	1.43607322E+2	-8.87232441E-1
2.48851178E+3	2.15636038E+2	3.53472416E-7	8.90932162E+1	-1.06179596E+2	1.38606306E+2	-8.72675923E-1
2.66834962E+3	2.04914179E+2	3.37296196E-7	8.74654133E+1	-1.01354350E+2	1.33876447E+2	-8.58822514E-1
2.86118383E+3	1.95092389E+2	3.21764271E-7	8.58105238E+1	-9.68376666E+1	1.29386939E+2	-8.45698646E-1
3.06795364E+3	1.86086172E+2	3.06884407E-7	8.41329152E+1	-9.26154651E+1	1.25123826E+2	-8.33353602E-1
3.28966612E+3	1.77739590E+2	2.92695985E-7	8.24285788E+1	-8.86360580E+1	1.21040578E+2	-8.21669578E-1
3.52740116E+3	1.70025407E+2	2.79180811E-7	8.07032454E+1	-8.49034030E+1	1.17139241E+2	-8.10754978E-1
3.78231664E+3	1.62812349E+2	2.66342538E-7	7.89578311E+1	-8.13693472E+1	1.13381259E+2	-8.00438246E-1
4.05565415E+3	1.56075848E+2	2.54163166E-7	7.71953787E+1	-7.80333746E+1	1.09764904E+2	-7.90796571E-1
4.34874501E+3	1.49706754E+2	2.42568650E-7	7.54359501E+1	-7.48511078E+1	1.06269803E+2	-7.81506678E-1
4.66301673E+3	1.43719482E+2	2.31560669E-7	7.36749355E+1	-7.18368086E+1	1.02900551E+2	-7.72766682E-1
5.00000000E+3	1.38021805E+2	2.21132577E-7	7.19091368E+1	-6.89500147E+1	9.96244382E+1	-7.64393585E-1
5.36133611E+3	1.32622339E+2	2.11162367E-7	7.01719034E+1	-6.61986845E+1	9.64694871E+1	-7.56270950E-1
5.74878498E+3	1.27452000E+2	2.01714083E-7	6.84365499E+1	-6.35516619E+1	9.33936568E+1	-7.48405015E-1
6.16423370E+3	1.22506001E+2	1.92679995E-7	6.67314230E+1	-6.10075147E+1	9.04157051E+1	-7.40618693E-1
6.60970574E+3	1.17759075E+2	1.84051441E-7	6.50531430E+1	-5.85549864E+1	8.75248416E+1	-7.32875884E-1
7.08737081E+3	1.13205625E+2	1.75784680E-7	6.34103421E+1	-5.61919557E+1	8.47254826E+1	-7.25118039E-1
7.59955541E+3	1.08813934E+2	1.67858657E-7	6.18027975E+1	-5.39019450E+1	8.20061309E+1	-7.17219397E-1
8.14875417E+3	1.04600509E+2	1.60224202E-7	6.02426799E+1	-5.16936588E+1	7.93814521E+1	-7.09172186E-1
8.73764200E+3	1.00533273E+2	1.52867948E-7	5.87271625E+1	-4.95495122E+1	7.68377110E+1	-7.00839177E-1
9.36908711E+3	9.66368943E+1	1.45767826E-7	5.72614260E+1	-4.74836331E+1	7.43879449E+1	-6.92319411E-1
1.00461650E+4	9.28811055E+1	1.38893565E-7	5.58481615E+1	-4.54777063E+1	7.20224893E+1	-6.83405739E-1
1.07721735E+4	8.92747586E+1	1.32238468E-7	5.44867142E+1	-4.35371817E+1	6.97444495E+1	-6.74156620E-1
1.15506485E+4	8.58179040E+1	1.25788444E-7	5.31783310E+1	-4.16619484E+1	6.75548139E+1	-6.64560532E-1
1.23853818E+4	8.24992928E+1	1.19507833E-7	5.19297935E+1	-3.98430383E+1	6.54535806E+1	-6.54448851E-1
1.32804389E+4	7.93212861E+1	1.13427552E-7	5.07286368E+1	-3.80849848E+1	6.34339080E+1	-6.43986746E-1
1.42401793E+4	7.62809851E+1	1.07512485E-7	4.95831856E+1	-3.63835386E+1	6.15000343E+1	-6.33044332E-1
1.52692775E+4	7.33806221E+1	1.01766858E-7	4.84904298E+1	-3.47409819E+1	5.96511342E+1	-6.21681311E-1
1.63727458E+4	7.06133995E+1	9.61632091E-8	4.74561321E+1	-3.31504723E+1	5.78881563E+1	-6.09752028E-1
1.75559587E+4	6.79777625E+1	9.07423017E-8	4.64652739E+1	-3.16161916E+1	5.62014708E+1	-5.97468066E-1
1.88246790E+4	6.54735044E+1	8.54836266E-8	4.55233523E+1	-3.01363182E+1	5.45946277E+1	-5.84762716E-1
2.01850863E+4	6.30989744E+1	8.03720704E-8	4.46342116E+1	-2.87081879E+1	5.30695106E+1	-5.71571539E-1
2.16438064E+4	6.08439046E+1	7.54405407E-8	4.37837285E+1	-2.73305340E+1	5.16136899E+1	-5.58035836E-1
2.32079442E+4	5.87086345E+1	7.06483904E-8	4.29848516E+1	-2.59977767E+1	5.02352657E+1	-5.43950608E-1
2.48851178E+4	5.66872964E+1	6.60316212E-8	4.22238262E+1	-2.47123924E+1	4.89239652E+1	-5.29519131E-1
2.66834962E+4	5.47797550E+1	6.15787255E-8	4.15045205E+1	-2.34730091E+1	4.76823599E+1	-5.14705679E-1
2.86118383E+4	5.29805728E+1	5.73039579E-8	4.08205860E+1	-2.22795332E+1	4.65048168E+1	-4.99606465E-1
3.06795364E+4	5.12867058E+1	5.31814924E-8	4.01797466E+1	-2.11252167E+1	4.53947886E+1	-4.84048707E-1
3.28966612E+4	4.96933805E+1	4.92377532E-8	3.95719038E+1	-2.00131478E+1	4.43448043E+1	-4.68230126E-1
3.52740116E+4	4.81941840E+1	4.54689891E-8	3.89958750E+1	-1.89392735E+1	4.33517516E+1	-4.52121078E-1
3.78231664E+4	4.67906023E+1	4.18678816E-8	3.84554639E+1	-1.79033962E+1	4.24187967E+1	-4.35719522E-1
4.05565415E+4	4.54723548E+1	3.84428076E-8	3.79432812E+1	-1.69020042E+1	4.15375775E+1	-4.19067438E-1
4.34874501E+4	4.42373758E+1	3.51908506E-8	3.74595759E+1	-1.59340356E+1	4.07076570E+1	-4.02180740E-1
4.66301673E+4	4.30878206E+1	3.21066441E-8	3.70080308E+1	-1.50000346E+1	3.99323852E+1	-3.85082750E-1
5.00000000E+4	4.20084730E+1	2.91964784E-8	3.65778170E+1	-1.40940244E+1	3.91992121E+1	-3.67784168E-1
5.36133611E+4	4.10034457E+1	2.64548751E-8	3.61734386E+1	-1.32180918E+1	3.85127982E+1	-3.50335524E-1
5.74878498E+4	4.00658148E+1	2.38761841E-8	3.57923521E+1	-1.23675895E+1	3.78688493E+1	-3.32693544E-1
6.16423370E+4	3.91928682E+1	2.14607477E-8	3.54325536E+1	-1.15428567E+1	3.72653109E+1	-3.14928021E-1
6.60970574E+4	3.83833759E+1	1.92014201E-8	3.50954095E+1	-1.07420909E+1	3.67025925E+1	-2.97027692E-1
7.08737081E+4	3.76290514E+1	1.70906967E-8	3.47768123E+1	-9.95950665E+0	3.61748318E+1	-2.78918296E-1
7.59955541E+4	3.69320019E+1	1.51272976E-8	3.44783602E+1	-9.19769185E+0	3.56840982E+1	-2.60696146E-1
8.14875417E+4	3.62833710E+1	1.33069724E-8	3.41937717E+1	-8.45288532E+0	3.52230791E+1	-2.42346734E-1
8.73764200E+4	3.56867379E+1	1.16216590E-8	3.39277867E+1	-7.72510901E+0	3.47961497E+1	-2.23875901E-1
9.36908711E+4	3.51342738E+1	1.00636729E-8	3.36753214E+1	-7.00932780E+0	3.43970633E+1	-2.05214261E-1
1.00461650E+5	3.46300156E+1	8.62775849E-9	3.34405941E+1	-6.30673844E+0	3.40301086E+1	-1.86405829E-1
1.07721735E+5	3.41603072E+1	7.30663472E-9	3.32124439E+1	-5.61077933E+0	3.36830415E+1	-1.67355919E-1
1.15506485E+5	3.37363981E+1	6.09390091E-9	3.30017195E+1	-4.92398714E+0	3.33670368E+1	-1.48111330E-1
1.23853818E+5	3.33485652E+1	4.98179400E-9	3.28003103E+1	-4.24062758E+0	3.30733017E+1	-1.28573006E-1
1.32804389E+5	3.30019514E+1	3.96591691E-9	3.26129518E+1	-3.56176712E+0	3.28068750E+1	-1.08782137E-1
1.42401793E+5	3.26866607E+1	3.04079103E-9	3.24301800E+1	-2.88404355E+0	3.25581678E+1	-8.86975160E-2
1.52692775E+5	3.24103901E+1	2.19715379E-9	3.22598165E+1	-2.20396627E+0	3.23350156E+1	-6.82132482E-2
1.63727458E+5	3.21681508E+1	1.43199482E-9	3.20960744E+1	-1.52097070E+0	3.21320924E+1	-4.73526356E-2
1.75559587E+5	3.19612658E+1	7.38059508E-10	3.19396399E+1	-8.31093237E-1	3.19504510E+1	-2.60148760E-2
1.88246790E+5	3.17968498E+1	1.11031644E-10	3.17923965E+1	-1.32849113E-1	3.17946230E+1	-4.17693581E-3
2.01850863E+5	3.16543298E+1	-4.54208839E-10	3.16438077E+1	5.77015963E-1	3.16490683E+1	1.82327009E-2
2.16438064E+5	3.15583254E+1	-9.61767398E-10	3.15046502E+1	1.30038526E+0	3.15314764E+1	4.12525675E-2
2.32079442E+5	3.15018012E+1	-1.41583722E-9	3.13691123E+1	2.04017531E+0	3.14353868E+1	6.49462425E-2
2.48851178E+5	3.14859846E+1	-1.82243253E-9	3.12345567E+1	2.80235823E+0	3.13600186E+1	8.94802195E-2
2.66834962E+5	3.15190905E+1	-2.18300481E-9	3.11051505E+1	3.58825500E+0	3.13114364E+1	1.14851190E-1
2.86118383E+5	3.15935419E+1	-2.49849482E-9	3.09698859E+1	4.39482890E+0	3.12801596E+1	1.40965329E-1
3.06795364E+5	3.17257712E+1	-2.77495531E-9	3.08376434E+1	5.23332903E+0	3.12785553E+1	1.68104266E-1
3.28966612E+5	3.19279581E+1	-3.01353602E-9	3.07132153E+1	6.10807373E+0	3.13146970E+1	1.96313102E-1
3.52740116E+5	3.21771957E+1	-3.21569666E-9	3.05694947E+1	7.01045552E+0	3.13630453E+1	2.25430495E-1
3.78231664E+5	3.25114141E+1	-3.38442428E-9	3.04306226E+1	7.95736140E+0	3.14538163E+1	2.55765007E-1
4.05565415E+5	3.29161380E+1	-3.52320259E-9	3.02723686E+1	8.94610135E+0	3.15665872E+1	2.87341883E-1
4.34874501E+5	3.34458716E+1	-3.63060507E-9	3.01290799E+1	9.99657257E+0	3.17441852E+1	3.20362245E-1
4.66301673E+5	3.40628703E+1	-3.70791508E-9	2.99602469E+1	1.10867080E+1	3.19457656E+1	3.54421660E-1
5.00000000E+5	3.48117493E+1	-3.75729699E-9	2.97828839E+1	1.22381977E+1	3.21992888E+1	3.89879395E-1
