Start time:20240906_03-12-56	sweep/start:500.000	sweep/stop:500000.000	sweep/samplecount:100.000	sweep/xmapping:1.000	sweep/scan:0.000	sweep/averaging/sample:10.000	sweep/settling/time:0.100	sweep/settling/inaccuracy:0.010	sweep/awgcontrol:0.000	sweep/averaging/time:0.100	sweep/averaging/tc:15.000	sweep/bandwidthcontrol:2.000	sweep/sincfilter:0.000	sweep/omegasuppression:80.000	sweep/maxbandwidth:100.000	sweep/bandwidth:1250000.000	sweep/order:8.000	sweep/bandwidthoverlap:1.000																				
Frequency	Param0		Param1		RealZ		ImagZ		AbsZ		PhaseZ		
5.00000000E+2	1.40359429E+3	7.30004052E-7	1.23536754E+2	-3.97660749E+2	4.16407743E+2	-1.26958984E+0
5.36133611E+2	1.26864059E+3	7.19651184E-7	1.21301175E+2	-3.73059701E+2	3.92285002E+2	-1.25642678E+0
5.74878498E+2	1.14804659E+3	7.08829577E-7	1.19091826E+2	-3.50057147E+2	3.69760570E+2	-1.24287244E+0
6.16423370E+2	1.03982080E+3	6.97307441E-7	1.17011509E+2	-3.28601990E+2	3.48813655E+2	-1.22870746E+0
6.60970574E+2	9.42528608E+2	6.85104512E-7	1.15060155E+2	-3.08558884E+2	3.29313577E+2	-1.21387217E+0
7.08737081E+2	8.55488742E+2	6.72187094E-7	1.13197198E+2	-2.89871161E+2	3.11189492E+2	-1.19849883E+0
7.59955541E+2	7.77742219E+2	6.58635611E-7	1.11381189E+2	-2.72433581E+2	2.94322662E+2	-1.18269431E+0
8.14875417E+2	7.08200842E+2	6.44338307E-7	1.09652044E+2	-2.56187572E+2	2.78667628E+2	-1.16637497E+0
8.73764200E+2	6.45884828E+2	6.29401687E-7	1.07989937E+2	-2.41012908E+2	2.64100456E+2	-1.14955103E+0
9.36908711E+2	5.90315214E+2	6.13772896E-7	1.06377921E+2	-2.26892556E+2	2.50592290E+2	-1.13238015E+0
1.00461650E+3	5.40708105E+2	5.97506640E-7	1.04812089E+2	-2.13745556E+2	2.38060368E+2	-1.11489110E+0
1.07721735E+3	4.96342344E+2	5.80775608E-7	1.03261071E+2	-2.01469559E+2	2.26390888E+2	-1.09716768E+0
1.15506485E+3	4.56786013E+2	5.63480685E-7	1.01746704E+2	-1.90063344E+2	2.15584015E+2	-1.07928541E+0
1.23853818E+3	4.21475525E+2	5.45812940E-7	1.00235008E+2	-1.79442311E+2	2.05539779E+2	-1.06138065E+0
1.32804389E+3	3.89905487E+2	5.27809875E-7	9.87380434E+1	-1.69556191E+2	1.96210356E+2	-1.04346910E+0
1.42401793E+3	3.61690936E+2	5.09572237E-7	9.72437241E+1	-1.60361559E+2	1.87542454E+2	-1.02568206E+0
1.52692775E+3	3.36404222E+2	4.91201671E-7	9.57524378E+1	-1.51799188E+2	1.79475690E+2	-1.00804883E+0
1.63727458E+3	3.13761729E+2	4.72861313E-7	9.42357444E+1	-1.43830433E+2	1.71952230E+2	-9.90783764E-1
1.75559587E+3	2.93430980E+2	4.54550681E-7	9.27217995E+1	-1.36418896E+2	1.64946803E+2	-9.73835490E-1
1.88246790E+3	2.75113586E+2	4.36487381E-7	9.11770660E+1	-1.29502090E+2	1.58379446E+2	-9.57351628E-1
2.01850863E+3	2.58637185E+2	4.18651480E-7	8.96223983E+1	-1.23075220E+2	1.52248758E+2	-9.41399010E-1
2.16438064E+3	2.43695798E+2	4.01204353E-7	8.80440013E+1	-1.17064966E+2	1.46478506E+2	-9.25955626E-1
2.32079442E+3	2.30175988E+2	3.84232531E-7	8.64287388E+1	-1.11462518E+2	1.41045453E+2	-9.11232470E-1
2.48851178E+3	2.17839740E+2	3.67731098E-7	8.48013666E+1	-1.06215985E+2	1.35915810E+2	-8.97040240E-1
2.66834962E+3	2.06602238E+2	3.51778305E-7	8.31480976E+1	-1.01316220E+2	1.31067093E+2	-8.83572789E-1
2.86118383E+3	1.96293298E+2	3.36420308E-7	8.14706253E+1	-9.67195654E+1	1.26460023E+2	-8.70766942E-1
3.06795364E+3	1.86789689E+2	3.21642925E-7	7.97818888E+1	-9.23974244E+1	1.22075526E+2	-8.58537222E-1
3.28966612E+3	1.78008671E+2	3.07516604E-7	7.80666255E+1	-8.83297122E+1	1.17883570E+2	-8.46998691E-1
3.52740116E+3	1.69839918E+2	2.93995697E-7	7.63427240E+1	-8.44856802E+1	1.13868529E+2	-8.35986298E-1
3.78231664E+3	1.62220252E+2	2.81065330E-7	7.46153525E+1	-8.08496757E+1	1.10018731E+2	-8.25477817E-1
4.05565415E+3	1.55084618E+2	2.68725544E-7	7.28845321E+1	-7.74022888E+1	1.06316836E+2	-8.15450013E-1
4.34874501E+3	1.48357704E+2	2.56975268E-7	7.11495946E+1	-7.41169715E+1	1.02740403E+2	-8.05822438E-1
4.66301673E+3	1.42023872E+2	2.45713007E-7	6.94365469E+1	-7.09944576E+1	9.93058264E+1	-7.96491487E-1
5.00000000E+3	1.35991862E+2	2.35006512E-7	6.77230841E+1	-6.79953803E+1	9.59676408E+1	-7.87404482E-1
5.36133611E+3	1.30294069E+2	2.24726838E-7	6.60421431E+1	-6.51408833E+1	9.27625973E+1	-7.78528021E-1
5.74878498E+3	1.24852616E+2	2.14879285E-7	6.43880072E+1	-6.23954766E+1	8.96605322E+1	-7.69683446E-1
6.16423370E+3	1.19657746E+2	2.05443901E-7	6.27617903E+1	-5.97569399E+1	8.66598770E+1	-7.60877437E-1
6.60970574E+3	1.14689744E+2	1.96360480E-7	6.11761929E+1	-5.72167391E+1	8.37632487E+1	-7.51967294E-1
7.08737081E+3	1.09944414E+2	1.87598138E-7	5.96359175E+1	-5.47740204E+1	8.09730573E+1	-7.42928307E-1
7.59955541E+3	1.05383720E+2	1.79159277E-7	5.81344361E+1	-5.24100216E+1	7.82714705E+1	-7.33660552E-1
8.14875417E+3	1.01025019E+2	1.71002432E-7	5.66805950E+1	-5.01345011E+1	7.56713825E+1	-7.24190366E-1
8.73764200E+3	9.68515203E+1	1.63069860E-7	5.52865211E+1	-4.79372939E+1	7.31750203E+1	-7.14321087E-1
9.36908711E+3	9.28618101E+1	1.55399941E-7	5.39374908E+1	-4.58200835E+1	7.07724028E+1	-7.04205708E-1
1.00461650E+4	8.90411784E+1	1.47938095E-7	5.26448245E+1	-4.37730467E+1	6.84657374E+1	-6.93642700E-1
1.07721735E+4	8.53988541E+1	1.40688721E-7	5.14052814E+1	-4.18025012E+1	6.62567137E+1	-6.82734852E-1
1.15506485E+4	8.19232632E+1	1.33633627E-7	5.02203929E+1	-3.99015105E+1	6.41421737E+1	-6.71395467E-1
1.23853818E+4	7.86049900E+1	1.26754552E-7	4.90918551E+1	-3.80638210E+1	6.21197614E+1	-6.59534436E-1
1.32804389E+4	7.54486402E+1	1.20070930E-7	4.80127218E+1	-3.62942568E+1	6.01871627E+1	-6.47285518E-1
1.42401793E+4	7.24481096E+1	1.13561484E-7	4.69867230E+1	-3.45882500E+1	5.83446589E+1	-6.34563861E-1
1.52692775E+4	6.96009671E+1	1.07221511E-7	4.60136744E+1	-3.29444611E+1	5.65914841E+1	-6.21364607E-1
1.63727458E+4	6.69006316E+1	1.01056659E-7	4.50898266E+1	-3.13599285E+1	5.49230169E+1	-6.07698756E-1
1.75559587E+4	6.43523054E+1	9.50853979E-8	4.42107624E+1	-2.98407922E+1	5.33391456E+1	-5.93726785E-1
1.88246790E+4	6.19378850E+1	8.92926199E-8	4.33764136E+1	-2.83748111E+1	5.18328397E+1	-5.79289208E-1
2.01850863E+4	5.96694027E+1	8.36675732E-8	4.25935450E+1	-2.69688933E+1	5.04136029E+1	-5.64451773E-1
2.16438064E+4	5.75257600E+1	7.82324669E-8	4.18501927E+1	-2.56129943E+1	4.90659162E+1	-5.49208097E-1
2.32079442E+4	5.55086000E+1	7.29936121E-8	4.11455607E+1	-2.43099820E+1	4.77905059E+1	-5.33648673E-1
2.48851178E+4	5.36141084E+1	6.79377288E-8	4.04832068E+1	-2.30560327E+1	4.65883134E+1	-5.17706799E-1
2.66834962E+4	5.18294530E+1	6.30904302E-8	3.98517640E+1	-2.18479268E+1	4.54477183E+1	-5.01483163E-1
2.86118383E+4	5.01660580E+1	5.84217219E-8	3.92658445E+1	-2.06883026E+1	4.43825707E+1	-4.84917941E-1
3.06795364E+4	4.86075456E+1	5.39735245E-8	3.87077867E+1	-1.95754368E+1	4.33761513E+1	-4.68215909E-1
3.28966612E+4	4.71458668E+1	4.97252951E-8	3.81808522E+1	-1.85011319E+1	4.24272244E+1	-4.51224116E-1
3.52740116E+4	4.57806635E+1	4.56747774E-8	3.76864947E+1	-1.74654180E+1	4.15368840E+1	-4.33974008E-1
3.78231664E+4	4.45069013E+1	4.18418774E-8	3.72173893E+1	-1.64710837E+1	4.06992712E+1	-4.16653123E-1
4.05565415E+4	4.33196433E+1	3.82116109E-8	3.67761675E+1	-1.55127027E+1	3.99140383E+1	-3.99168991E-1
4.34874501E+4	4.22170788E+1	3.47808428E-8	3.63636346E+1	-1.45894653E+1	3.91811999E+1	-3.81549316E-1
4.66301673E+4	4.11893325E+1	3.15517171E-8	3.59738327E+1	-1.36974998E+1	3.84933521E+1	-3.63813453E-1
5.00000000E+4	4.02344152E+1	2.85243537E-8	3.56058335E+1	-1.28376204E+1	3.78494371E+1	-3.46040832E-1
5.36133611E+4	3.93480334E+1	2.56872849E-8	3.52603698E+1	-1.20055206E+1	3.72481705E+1	-3.28170481E-1
5.74878498E+4	3.85242664E+1	2.30398549E-8	3.49335369E+1	-1.11998604E+1	3.66849953E+1	-3.10251489E-1
6.16423370E+4	3.77618085E+1	2.05717057E-8	3.46272118E+1	-1.04183651E+1	3.61605606E+1	-2.92256777E-1
6.60970574E+4	3.70533323E+1	1.82823994E-8	3.43356991E+1	-9.65980485E+0	3.56686426E+1	-2.74245434E-1
7.08737081E+4	3.64019549E+1	1.61586335E-8	3.40647641E+1	-8.92277095E+0	3.52139746E+1	-2.56180145E-1
7.59955541E+4	3.57985586E+1	1.41991236E-8	3.38069833E+1	-8.20543379E+0	3.47885222E+1	-2.38109742E-1
8.14875417E+4	3.52415233E+1	1.23884195E-8	3.35644101E+1	-7.50275347E+0	3.43927455E+1	-2.19917699E-1
8.73764200E+4	3.47282289E+1	1.07216591E-8	3.33352601E+1	-6.81432098E+0	3.40246167E+1	-2.01639827E-1
9.36908711E+4	3.42587897E+1	9.19439452E-9	3.31200216E+1	-6.14133639E+0	3.36845937E+1	-1.83344320E-1
1.00461650E+5	3.38272505E+1	7.79363803E-9	3.29157067E+1	-5.47759975E+0	3.33683661E+1	-1.64901803E-1
1.07721735E+5	3.34308958E+1	6.51031247E-9	3.27208427E+1	-4.82011645E+0	3.30739638E+1	-1.46258381E-1
1.15506485E+5	3.30709186E+1	5.34165508E-9	3.25361292E+1	-4.17132671E+0	3.28024340E+1	-1.27510409E-1
1.23853818E+5	3.27458701E+1	4.27442583E-9	3.23619139E+1	-3.52498900E+0	3.25533259E+1	-1.08496265E-1
1.32804389E+5	3.24534783E+1	3.31023070E-9	3.21947640E+1	-2.88600258E+0	3.23238623E+1	-8.94030502E-2
1.42401793E+5	3.21938498E+1	2.42379395E-9	3.20376826E+1	-2.23678899E+0	3.21156713E+1	-6.97043307E-2
1.52692775E+5	3.19672324E+1	1.62634092E-9	3.18878987E+1	-1.59052640E+0	3.19275409E+1	-4.98373810E-2
1.63727458E+5	3.17675769E+1	9.04247197E-10	3.17398592E+1	-9.37945572E-1	3.17537150E+1	-2.95424340E-2
1.75559587E+5	3.16050424E+1	2.53520818E-10	3.16025733E+1	-2.79316784E-1	3.16038078E+1	-8.83818715E-3
1.88246790E+5	3.14845314E+1	-3.45580600E-10	3.14747462E+1	4.05099552E-1	3.14796380E+1	1.28683624E-2
2.01850863E+5	3.13738673E+1	-8.60317869E-10	3.13371444E+1	1.07274594E+0	3.13555005E+1	3.42190469E-2
2.16438064E+5	3.13122623E+1	-1.33164420E-9	3.12119039E+1	1.76984960E+0	3.12620428E+1	5.66436591E-2
2.32079442E+5	3.12863870E+1	-1.75202872E-9	3.10877695E+1	2.48486489E+0	3.11869201E+1	7.97610481E-2
2.48851178E+5	3.13006675E+1	-2.12522922E-9	3.09656713E+1	3.22076802E+0	3.11327188E+1	1.03638264E-1
2.66834962E+5	3.13602521E+1	-2.45496376E-9	3.08463274E+1	3.98153623E+0	3.11022282E+1	1.28366750E-1
2.86118383E+5	3.14633281E+1	-2.74335124E-9	3.07235595E+1	4.76741770E+0	3.10912436E+1	1.53943675E-1
3.06795364E+5	3.16189436E+1	-2.99473452E-9	3.05994532E+1	5.58531873E+0	3.11050219E+1	1.80542476E-1
3.28966612E+5	3.18376584E+1	-3.20832677E-9	3.04790177E+1	6.43505653E+0	3.11509318E+1	2.08074881E-1
3.52740116E+5	3.21132684E+1	-3.38988790E-9	3.03467342E+1	7.32177686E+0	3.12175081E+1	2.36746099E-1
3.78231664E+5	3.24690717E+1	-3.54174322E-9	3.02125586E+1	8.25680782E+0	3.13205000E+1	2.66776280E-1
4.05565415E+5	3.29097758E+1	-3.65568763E-9	3.00823998E+1	9.22247306E+0	3.14643451E+1	2.97476666E-1
4.34874501E+5	3.34387472E+1	-3.75347890E-9	2.99197811E+1	1.02609163E+1	3.16303646E+1	3.30378243E-1
4.66301673E+5	3.40755347E+1	-3.81314414E-9	2.97622033E+1	1.13301902E+1	3.18459238E+1	3.63750435E-1
5.00000000E+5	3.48480437E+1	-3.85051175E-9	2.95898477E+1	1.24735144E+1	3.21114965E+1	3.98942477E-1
