Start time:20240906_19-27-24	sweep/start:500.000	sweep/stop:500000.000	sweep/samplecount:100.000	sweep/xmapping:1.000	sweep/scan:0.000	sweep/averaging/sample:10.000	sweep/settling/time:0.100	sweep/settling/inaccuracy:0.010	sweep/awgcontrol:0.000	sweep/averaging/time:0.100	sweep/averaging/tc:15.000	sweep/bandwidthcontrol:2.000	sweep/sincfilter:0.000	sweep/omegasuppression:80.000	sweep/maxbandwidth:100.000	sweep/bandwidth:1250000.000	sweep/order:8.000	sweep/bandwidthoverlap:1.000																				
Frequency	Param0		Param1		RealZ		ImagZ		AbsZ		PhaseZ		
5.00000000E+2	1.42924239E+3	7.38028189E-7	1.19288550E+2	-3.95300391E+2	4.12906969E+2	-1.27771936E+0
5.36133611E+2	1.29364707E+3	7.27429343E-7	1.17083701E+2	-3.71155391E+2	3.89184948E+2	-1.26521947E+0
5.74878498E+2	1.17034048E+3	7.16891613E-7	1.14916847E+2	-3.48261220E+2	3.66731192E+2	-1.25207301E+0
6.16423370E+2	1.05975741E+3	7.05855173E-7	1.12813804E+2	-3.26845916E+2	3.45767571E+2	-1.23844071E+0
6.60970574E+2	9.60195542E+2	6.94032729E-7	1.10882875E+2	-3.06878143E+2	3.26296201E+2	-1.22406789E+0
7.08737081E+2	8.71383452E+2	6.81601691E-7	1.08986202E+2	-2.88254626E+2	3.08169966E+2	-1.20931935E+0
7.59955541E+2	7.91484717E+2	6.68467716E-7	1.07212840E+2	-2.70855484E+2	2.91302749E+2	-1.19388958E+0
8.14875417E+2	7.19964544E+2	6.54629034E-7	1.05518570E+2	-2.54628039E+2	2.75625851E+2	-1.17793574E+0
8.73764200E+2	6.56112589E+2	6.40154486E-7	1.03863008E+2	-2.39495912E+2	2.61047540E+2	-1.16160221E+0
9.36908711E+2	5.99078760E+2	6.25013150E-7	1.02258399E+2	-2.25397529E+2	2.47509247E+2	-1.14488614E+0
1.00461650E+3	5.48080111E+2	6.09209100E-7	1.00712500E+2	-2.12262814E+2	2.34943634E+2	-1.12777988E+0
1.07721735E+3	5.02476547E+2	5.92903721E-7	9.91862492E+1	-2.00002118E+2	2.23245964E+2	-1.11041323E+0
1.15506485E+3	4.61805793E+2	5.76070412E-7	9.76806133E+1	-1.88594713E+2	2.12389899E+2	-1.09290049E+0
1.23853818E+3	4.25462006E+2	5.58723273E-7	9.62125047E+1	-1.77982911E+2	2.02323413E+2	-1.07522063E+0
1.32804389E+3	3.92952053E+2	5.41044188E-7	9.47503705E+1	-1.68091394E+2	1.92956861E+2	-1.05750817E+0
1.42401793E+3	3.63850361E+2	5.23101493E-7	9.32933390E+1	-1.58874686E+2	1.84241183E+2	-1.03983182E+0
1.52692775E+3	3.37900784E+2	5.04925745E-7	9.18369815E+1	-1.50325499E+2	1.76158415E+2	-1.02238546E+0
1.63727458E+3	3.14530930E+2	4.86713235E-7	9.03788747E+1	-1.42332739E+2	1.68602936E+2	-1.00505039E+0
1.75559587E+3	2.93606338E+2	4.68506853E-7	8.89082707E+1	-1.34904967E+2	1.61567419E+2	-9.88089734E-1
1.88246790E+3	2.74790944E+2	4.50434904E-7	8.74210505E+1	-1.27984656E+2	1.54991975E+2	-9.71530988E-1
2.01850863E+3	2.57821590E+2	4.32584156E-7	8.59180065E+1	-1.21530294E+2	1.48833855E+2	-9.55409264E-1
2.16438064E+3	2.42487919E+2	4.15027679E-7	8.43993524E+1	-1.15510050E+2	1.43058809E+2	-9.39783753E-1
2.32079442E+3	2.28588219E+2	3.97889055E-7	8.28519705E+1	-1.09884189E+2	1.37618982E+2	-9.24744238E-1
2.48851178E+3	2.15937344E+2	3.81160864E-7	8.12957678E+1	-1.04622129E+2	1.32494498E+2	-9.10211891E-1
2.66834962E+3	2.04426164E+2	3.64969630E-7	7.97075729E+1	-9.97046422E+1	1.27649180E+2	-8.96398814E-1
2.86118383E+3	1.93863217E+2	3.49317965E-7	7.81038255E+1	-9.50854931E+1	1.23050635E+2	-8.83138355E-1
3.06795364E+3	1.84154350E+2	3.34221386E-7	7.64876839E+1	-9.07478573E+1	1.18682516E+2	-8.70462387E-1
3.28966612E+3	1.75180056E+2	3.19718331E-7	7.48570548E+1	-8.66595862E+1	1.14514029E+2	-8.58341676E-1
3.52740116E+3	1.66873238E+2	3.05792156E-7	7.32197695E+1	-8.28087254E+1	1.10536961E+2	-8.46777406E-1
3.78231664E+3	1.59124609E+2	2.92481960E-7	7.15699659E+1	-7.91598537E+1	1.06717115E+2	-8.35709923E-1
4.05565415E+3	1.51862792E+2	2.79722419E-7	6.99261219E+1	-7.56935481E+1	1.03049386E+2	-8.24983567E-1
4.34874501E+3	1.45077936E+2	2.67500834E-7	6.82896040E+1	-7.24143939E+1	9.95354942E+1	-8.14705143E-1
4.66301673E+3	1.38658920E+2	2.55825930E-7	6.66585840E+1	-6.92779912E+1	9.61395187E+1	-8.04665110E-1
5.00000000E+3	1.32605773E+2	2.44660208E-7	6.50396120E+1	-6.62908478E+1	9.28688743E+1	-7.94925255E-1
5.36133611E+3	1.26866841E+2	2.33889129E-7	6.34610165E+1	-6.34334138E+1	8.97279146E+1	-7.85180638E-1
5.74878498E+3	1.21417718E+2	2.23609292E-7	6.18930081E+1	-6.06973082E+1	8.66885675E+1	-7.75644847E-1
6.16423370E+3	1.16212471E+2	2.13706024E-7	6.03624205E+1	-5.80624158E+1	8.37547969E+1	-7.65978965E-1
6.60970574E+3	1.11250896E+2	2.04167993E-7	5.88682479E+1	-5.55308440E+1	8.09267897E+1	-7.56233094E-1
7.08737081E+3	1.06526390E+2	1.94959424E-7	5.74164582E+1	-5.31010191E+1	7.82072118E+1	-7.46370421E-1
7.59955541E+3	1.02006431E+2	1.86066548E-7	5.60059726E+1	-5.07572688E+1	7.55841871E+1	-7.36275624E-1
8.14875417E+3	9.76918242E+1	1.77473948E-7	5.46373963E+1	-4.85013581E+1	7.30590642E+1	-7.25975164E-1
8.73764200E+3	9.35753506E+1	1.69110292E-7	5.33264561E+1	-4.63285100E+1	7.06402279E+1	-7.15291498E-1
9.36908711E+3	8.96451874E+1	1.60993188E-7	5.20644882E+1	-4.42336955E+1	6.83178657E+1	-7.04258521E-1
1.00461650E+4	8.59057591E+1	1.53113643E-7	5.08517072E+1	-4.22203546E+1	6.60942849E+1	-6.92924279E-1
1.07721735E+4	8.23314298E+1	1.45430012E-7	4.96942809E+1	-4.02725664E+1	6.39640616E+1	-6.81054215E-1
1.15506485E+4	7.89385478E+1	1.37955993E-7	4.85882421E+1	-3.84014055E+1	6.19312946E+1	-6.68825089E-1
1.23853818E+4	7.57067305E+1	1.30685684E-7	4.75307828E+1	-3.65954197E+1	5.99866662E+1	-6.56135351E-1
1.32804389E+4	7.26450319E+1	1.23600744E-7	4.65268762E+1	-3.48596638E+1	5.81373064E+1	-6.43012699E-1
1.42401793E+4	6.97355221E+1	1.16714412E-7	4.55688875E+1	-3.31850358E+1	5.63717140E+1	-6.29427910E-1
1.52692775E+4	6.69908321E+1	1.10010069E-7	4.46632156E+1	-3.15788353E+1	5.46994138E+1	-6.15437506E-1
1.63727458E+4	6.43925346E+1	1.03497715E-7	4.38032355E+1	-3.00312757E+1	5.31093328E+1	-6.00992572E-1
1.75559587E+4	6.19405891E+1	9.71807880E-8	4.29880287E+1	-2.85435299E+1	5.16013933E+1	-5.86145762E-1
1.88246790E+4	5.96287165E+1	9.10679726E-8	4.22140782E+1	-2.71135164E+1	5.01714188E+1	-5.70933346E-1
2.01850863E+4	5.74560679E+1	8.51322996E-8	4.14892837E+1	-2.57381113E+1	4.88242879E+1	-5.55252577E-1
2.16438064E+4	5.54171391E+1	7.94183118E-8	4.08011318E+1	-2.44202703E+1	4.75508358E+1	-5.39330137E-1
2.32079442E+4	5.35005266E+1	7.39116149E-8	4.01508821E+1	-2.31516726E+1	4.63475277E+1	-5.23048481E-1
2.48851178E+4	5.17008336E+1	6.86109379E-8	3.95379788E+1	-2.19293012E+1	4.52122368E+1	-5.06397795E-1
2.66834962E+4	5.00202604E+1	6.35385055E-8	3.89587156E+1	-2.07591786E+1	4.41443664E+1	-4.89581489E-1
2.86118383E+4	4.84552597E+1	5.86944452E-8	3.84134778E+1	-1.96402553E+1	4.31431920E+1	-4.72635227E-1
3.06795364E+4	4.69825208E+1	5.40493390E-8	3.79009518E+1	-1.85526295E+1	4.21981309E+1	-4.55214798E-1
3.28966612E+4	4.56214935E+1	4.96406549E-8	3.74217310E+1	-1.75171142E+1	4.13187034E+1	-4.37803562E-1
3.52740116E+4	4.43447143E+1	4.54626123E-8	3.69648144E+1	-1.65165560E+1	4.04869625E+1	-4.20204886E-1
3.78231664E+4	4.31590100E+1	4.15082458E-8	3.65366090E+1	-1.55550653E+1	3.97099971E+1	-4.02496557E-1
4.05565415E+4	4.20579616E+1	3.77785923E-8	3.61343121E+1	-1.46303447E+1	3.89837852E+1	-3.84712946E-1
4.34874501E+4	4.10353096E+1	3.42690186E-8	3.57562309E+1	-1.37389935E+1	3.83049344E+1	-3.66847256E-1
4.66301673E+4	4.00846516E+1	3.09777664E-8	3.53992750E+1	-1.28786226E+1	3.76691864E+1	-3.48924662E-1
5.00000000E+4	3.92055393E+1	2.79029482E-8	3.50640471E+1	-1.20506211E+1	3.70770127E+1	-3.31028612E-1
5.36133611E+4	3.83896039E+1	2.50304778E-8	3.47486944E+1	-1.12479705E+1	3.65238088E+1	-3.13050905E-1
5.74878498E+4	3.76341826E+1	2.23616763E-8	3.44508265E+1	-1.04723082E+1	3.60073422E+1	-2.95102725E-1
6.16423370E+4	3.69377344E+1	1.98879097E-8	3.41714304E+1	-9.72257977E+0	3.55276683E+1	-2.77198527E-1
6.60970574E+4	3.62926791E+1	1.75987173E-8	3.39069923E+1	-8.99396738E+0	3.50795609E+1	-2.59283104E-1
7.08737081E+4	3.56967059E+1	1.54823180E-8	3.36580352E+1	-8.28357679E+0	3.46623857E+1	-2.41314087E-1
7.59955541E+4	3.51492466E+1	1.35312876E-8	3.34253076E+1	-7.59099340E+0	3.42764406E+1	-2.23315368E-1
8.14875417E+4	3.46434453E+1	1.17414318E-8	3.32032953E+1	-6.91503552E+0	3.39157271E+1	-2.05328488E-1
8.73764200E+4	3.41793984E+1	1.01033371E-8	3.29935322E+1	-6.25507013E+0	3.35812311E+1	-1.87361122E-1
9.36908711E+4	3.37533406E+1	8.60069506E-9	3.27955509E+1	-5.60457147E+0	3.32709994E+1	-1.69259167E-1
1.00461650E+5	3.33678914E+1	7.23263458E-9	3.26110995E+1	-4.96787770E+0	3.29873252E+1	-1.51174755E-1
1.07721735E+5	3.30119003E+1	5.97796805E-9	3.24332644E+1	-4.33209496E+0	3.27213033E+1	-1.32783570E-1
1.15506485E+5	3.26901189E+1	4.83995135E-9	3.22647012E+1	-3.70485641E+0	3.24767135E+1	-1.14326207E-1
1.23853818E+5	3.24018475E+1	3.80659946E-9	3.21060598E+1	-3.08164967E+0	3.22536146E+1	-9.56902829E-2
1.32804389E+5	3.21445271E+1	2.87025902E-9	3.19551185E+1	-2.46014703E+0	3.20496828E+1	-7.68359811E-2
1.42401793E+5	3.19145056E+1	2.01943994E-9	3.18087323E+1	-1.83425931E+0	3.18615751E+1	-5.76014859E-2
1.52692775E+5	3.17172982E+1	1.25350579E-9	3.16712186E+1	-1.20805212E+0	3.16942500E+1	-3.81250482E-2
1.63727458E+5	3.15455575E+1	5.62464712E-10	3.15350506E+1	-5.75610267E-1	3.15403036E+1	-1.82510019E-2
1.75559587E+5	3.14080808E+1	-6.20258887E-11	3.14079355E+1	6.74931582E-2	3.14080082E+1	2.14891340E-3
1.88246790E+5	3.13004603E+1	-6.26902344E-10	3.12756143E+1	7.25690080E-1	3.12880326E+1	2.31990532E-2
2.01850863E+5	3.12242071E+1	-1.12305094E-9	3.11625705E+1	1.38590878E+0	3.11933735E+1	4.44442187E-2
2.16438064E+5	3.11819833E+1	-1.56869490E-9	3.10446112E+1	2.06510415E+0	3.11132214E+1	6.64226766E-2
2.32079442E+5	3.11763792E+1	-1.96760097E-9	3.09289084E+1	2.76658376E+0	3.10523973E+1	8.92123394E-2
2.48851178E+5	3.12085472E+1	-2.31995708E-9	3.08136443E+1	3.48831818E+0	3.10104671E+1	1.12727010E-1
2.66834962E+5	3.12857947E+1	-2.63155008E-9	3.07008462E+1	4.23771462E+0	3.09919404E+1	1.37165745E-1
2.86118383E+5	3.14040093E+1	-2.90048840E-9	3.05839270E+1	5.00812440E+0	3.09912557E+1	1.62309705E-1
3.06795364E+5	3.15748280E+1	-3.13432672E-9	3.04660503E+1	5.81205967E+0	3.10154848E+1	1.88506636E-1
3.28966612E+5	3.18123209E+1	-3.33332294E-9	3.03540880E+1	6.65306121E+0	3.10746518E+1	2.15769679E-1
3.52740116E+5	3.21006766E+1	-3.50320064E-9	3.02232223E+1	7.53276732E+0	3.11478069E+1	2.44261121E-1
3.78231664E+5	3.24684757E+1	-3.63783107E-9	3.00970540E+1	8.44823356E+0	3.12602856E+1	2.73657457E-1
4.05565415E+5	3.29186828E+1	-3.75208449E-9	2.99515673E+1	9.42705038E+0	3.14000971E+1	3.04926891E-1
4.34874501E+5	3.34702592E+1	-3.82765039E-9	2.98165802E+1	1.04374193E+1	3.15906412E+1	3.36722943E-1
4.66301673E+5	3.41218913E+1	-3.88125868E-9	2.96567881E+1	1.15073825E+1	3.18110924E+1	3.70134856E-1
5.00000000E+5	3.49114965E+1	-3.90743081E-9	2.94944652E+1	1.26400798E+1	3.20888733E+1	4.04880176E-1
