Start time:20240909_02-02-06	sweep/start:500.000	sweep/stop:500000.000	sweep/samplecount:100.000	sweep/xmapping:1.000	sweep/scan:0.000	sweep/averaging/sample:10.000	sweep/settling/time:0.100	sweep/settling/inaccuracy:0.010	sweep/awgcontrol:0.000	sweep/averaging/time:0.100	sweep/averaging/tc:15.000	sweep/bandwidthcontrol:2.000	sweep/sincfilter:0.000	sweep/omegasuppression:80.000	sweep/maxbandwidth:100.000	sweep/bandwidth:1250000.000	sweep/order:8.000	sweep/bandwidthoverlap:1.000																				
Frequency	Param0		Param1		RealZ		ImagZ		AbsZ		PhaseZ		
5.00000000E+2	1.55812216E+3	7.88221356E-7	9.80770278E+1	-3.78413571E+2	3.90916791E+2	-1.31719700E+0
5.36133611E+2	1.40409895E+3	7.79959649E-7	9.61079789E+1	-3.54553660E+2	3.67348671E+2	-1.30608978E+0
5.74878498E+2	1.26472782E+3	7.71193395E-7	9.43000978E+1	-3.32221922E+2	3.45346083E+2	-1.29422413E+0
6.16423370E+2	1.14011937E+3	7.61876541E-7	9.25537057E+1	-3.11377563E+2	3.24841782E+2	-1.28187404E+0
6.60970574E+2	1.02804425E+3	7.52030259E-7	9.09046854E+1	-2.91873818E+2	3.05702457E+2	-1.26886651E+0
7.08737081E+2	9.27616574E+2	7.41507170E-7	8.93481522E+1	-2.73674411E+2	2.87890223E+2	-1.25522991E+0
7.59955541E+2	8.37201968E+2	7.30373441E-7	8.78966780E+1	-2.56634771E+2	2.71269674E+2	-1.24082112E+0
8.14875417E+2	7.56553694E+2	7.18560338E-7	8.64903851E+1	-2.40736385E+2	2.55801870E+2	-1.22588338E+0
8.73764200E+2	6.84296126E+2	7.06022895E-7	8.51627419E+1	-2.25884550E+2	2.41405311E+2	-1.21025684E+0
9.36908711E+2	6.19721543E+2	6.92800484E-7	8.38823718E+1	-2.12008131E+2	2.27999346E+2	-1.19404004E+0
1.00461650E+3	5.61934253E+2	6.78750897E-7	8.26821719E+1	-1.99061783E+2	2.15550310E+2	-1.17711965E+0
1.07721735E+3	5.10328809E+2	6.64045322E-7	8.15101520E+1	-1.86957398E+2	2.03953363E+2	-1.15966030E+0
1.15506485E+3	4.64192550E+2	6.48514658E-7	8.04049185E+1	-1.75665616E+2	1.93192548E+2	-1.14154454E+0
1.23853818E+3	4.23114437E+2	6.32237182E-7	7.93291827E+1	-1.65142970E+2	1.83208406E+2	-1.12297836E+0
1.32804389E+3	3.86453031E+2	6.15272479E-7	7.82844310E+1	-1.55321605E+2	1.73934625E+2	-1.10394181E+0
1.42401793E+3	3.53682955E+2	5.97608216E-7	7.72832760E+1	-1.46154269E+2	1.65329294E+2	-1.08439164E+0
1.52692775E+3	3.24521573E+2	5.79321479E-7	7.62989085E+1	-1.37619465E+2	1.57355143E+2	-1.06456639E+0
1.63727458E+3	2.98521821E+2	5.60460339E-7	7.53385088E+1	-1.29669955E+2	1.49967291E+2	-1.04446305E+0
1.75559587E+3	2.75320067E+2	5.41122729E-7	7.43967822E+1	-1.22262200E+2	1.43118576E+2	-1.02414886E+0
1.88246790E+3	2.54583230E+2	5.21449795E-7	7.34628592E+1	-1.15349988E+2	1.36756760E+2	-1.00370732E+0
2.01850863E+3	2.36092520E+2	5.01445247E-7	7.25454668E+1	-1.08924730E+2	1.30871852E+2	-9.83245247E-1
2.16438064E+3	2.19591760E+2	4.81301636E-7	7.16256408E+1	-1.02947402E+2	1.25412919E+2	-9.62928507E-1
2.32079442E+3	2.04794050E+2	4.61107607E-7	7.07125550E+1	-9.73716834E+1	1.20339147E+2	-9.42693694E-1
2.48851178E+3	1.91564535E+2	4.40978018E-7	6.97961340E+1	-9.21898217E+1	1.15630721E+2	-9.22772062E-1
2.66834962E+3	1.79698747E+2	4.21066335E-7	6.88686310E+1	-8.73654276E+1	1.11245703E+2	-9.03241196E-1
2.86118383E+3	1.69036490E+2	4.01431339E-7	6.79377363E+1	-8.28759312E+1	1.07163222E+2	-8.84126801E-1
3.06795364E+3	1.59426257E+2	3.82222043E-7	6.69921374E+1	-7.86915428E+1	1.03345564E+2	-8.65533096E-1
3.28966612E+3	1.50748792E+2	3.63480770E-7	6.60389309E+1	-7.47940406E+1	9.97761944E+1	-8.47484884E-1
3.52740116E+3	1.42892029E+2	3.45336619E-7	6.50660043E+1	-7.11605808E+1	9.64230951E+1	-8.30106877E-1
3.78231664E+3	1.35732050E+2	3.27816338E-7	6.40803586E+1	-6.77603563E+1	9.32617733E+1	-8.13303370E-1
4.05565415E+3	1.29212327E+2	3.10993722E-7	6.30747527E+1	-6.45880080E+1	9.02775464E+1	-7.97251145E-1
4.34874501E+3	1.23244141E+2	2.94860174E-7	6.20582032E+1	-6.16205258E+1	8.74546160E+1	-7.81859354E-1
4.66301673E+3	1.17730528E+2	2.79454615E-7	6.10265678E+1	-5.88255715E+1	8.47625503E+1	-7.67035963E-1
5.00000000E+3	1.12639188E+2	2.64788176E-7	5.99794670E+1	-5.62005497E+1	8.21951237E+1	-7.52883228E-1
5.36133611E+3	1.07933704E+2	2.50820811E-7	5.89266343E+1	-5.37384551E+1	7.97506731E+1	-7.39381103E-1
5.74878498E+3	1.03525347E+2	2.37571419E-7	5.78608630E+1	-5.14022018E+1	7.73955158E+1	-7.26355753E-1
6.16423370E+3	9.94044238E+1	2.24965495E-7	5.67969272E+1	-4.91932392E+1	7.51389764E+1	-7.13781293E-1
6.60970574E+3	9.55244009E+1	2.13024202E-7	5.57258516E+1	-4.70936088E+1	7.29601163E+1	-7.01639245E-1
7.08737081E+3	9.18647344E+1	2.01656605E-7	5.46638731E+1	-4.50948235E+1	7.08638283E+1	-6.89768785E-1
7.59955541E+3	8.83963765E+1	1.90882007E-7	5.36016617E+1	-4.31862766E+1	6.88345310E+1	-6.78200311E-1
8.14875417E+3	8.51059526E+1	1.80637922E-7	5.25489718E+1	-4.13622506E+1	6.68747356E+1	-6.66836661E-1
8.73764200E+3	8.19738905E+1	1.70883261E-7	5.15097994E+1	-3.96131188E+1	6.49804482E+1	-6.55576042E-1
9.36908711E+3	7.89841653E+1	1.61560732E-7	5.04918701E+1	-3.79292662E+1	6.31510744E+1	-6.44265799E-1
1.00461650E+4	7.61316037E+1	1.52658697E-7	4.94943661E+1	-3.63096836E+1	6.13847330E+1	-6.32930325E-1
1.07721735E+4	7.34078405E+1	1.44156631E-7	4.85179493E+1	-3.47506323E+1	5.96791243E+1	-6.21544200E-1
1.15506485E+4	7.08080983E+1	1.36005983E-7	4.75704699E+1	-3.32479303E+1	5.80376990E+1	-6.10000445E-1
1.23853818E+4	6.83184577E+1	1.28193447E-7	4.66496612E+1	-3.17937411E+1	5.64538121E+1	-5.98230886E-1
1.32804389E+4	6.59461894E+1	1.20705955E-7	4.57582881E+1	-3.03934823E+1	5.49325470E+1	-5.86305513E-1
1.42401793E+4	6.36766734E+1	1.13524237E-7	4.48952361E+1	-2.90378550E+1	5.34675535E+1	-5.74116349E-1
1.52692775E+4	6.15140967E+1	1.06602695E-7	4.40706605E+1	-2.77262240E+1	5.20669454E+1	-5.61564478E-1
1.63727458E+4	5.94543523E+1	9.99615761E-8	4.32773800E+1	-2.64593406E+1	5.07250286E+1	-5.48752167E-1
1.75559587E+4	5.74951557E+1	9.35892342E-8	4.25163007E+1	-2.52357965E+1	4.94416961E+1	-5.35667640E-1
1.88246790E+4	5.56365376E+1	8.74714873E-8	4.17900163E+1	-2.40550674E+1	4.82187909E+1	-5.22298273E-1
2.01850863E+4	5.38687951E+1	8.16093369E-8	4.10940065E+1	-2.29121620E+1	4.70498097E+1	-5.08624952E-1
2.16438064E+4	5.21958272E+1	7.59811271E-8	4.04343780E+1	-2.18074952E+1	4.59402416E+1	-4.94614807E-1
2.32079442E+4	5.06096641E+1	7.06147100E-8	3.98007576E+1	-2.07413257E+1	4.48809866E+1	-4.80407506E-1
2.48851178E+4	4.91116907E+1	6.54702864E-8	3.92029869E+1	-1.97091430E+1	4.38785241E+1	-4.65841973E-1
2.66834962E+4	4.76987995E+1	6.05746620E-8	3.86330939E+1	-1.87145985E+1	4.29272896E+1	-4.51105166E-1
2.86118383E+4	4.63629508E+1	5.59004644E-8	3.80935222E+1	-1.77485641E+1	4.20253265E+1	-4.36014492E-1
3.06795364E+4	4.51083382E+1	5.14660554E-8	3.75818713E+1	-1.68184033E+1	4.11734837E+1	-4.20784418E-1
3.28966612E+4	4.39286060E+1	4.72532322E-8	3.70991616E+1	-1.59174950E+1	4.03697219E+1	-4.05298298E-1
3.52740116E+4	4.28189169E+1	4.32760502E-8	3.66390361E+1	-1.50474203E+1	3.96086334E+1	-3.89690932E-1
3.78231664E+4	4.17784253E+1	3.95187571E-8	3.62046377E+1	-1.42055252E+1	3.88918083E+1	-3.73909419E-1
4.05565415E+4	4.08036127E+1	3.59824854E-8	3.57933198E+1	-1.33916019E+1	3.82164461E+1	-3.58013772E-1
4.34874501E+4	3.98910395E+1	3.26481315E-8	3.54072316E+1	-1.25999687E+1	3.75823266E+1	-3.41884519E-1
4.66301673E+4	3.90387430E+1	2.95319839E-8	3.50407337E+1	-1.18360959E+1	3.69857567E+1	-3.25748147E-1
5.00000000E+4	3.82401171E+1	2.66196020E-8	3.46922023E+1	-1.10943666E+1	3.64229856E+1	-3.09516289E-1
5.36133611E+4	3.74952418E+1	2.38898562E-8	3.43661645E+1	-1.03698784E+1	3.58966244E+1	-2.93058543E-1
5.74878498E+4	3.68033418E+1	2.13563235E-8	3.40582216E+1	-9.66922454E+0	3.54041857E+1	-2.76624090E-1
6.16423370E+4	3.61573052E+1	1.89993769E-8	3.37668564E+1	-8.98431580E+0	3.49416447E+1	-2.60044378E-1
6.60970574E+4	3.55563273E+1	1.68159513E-8	3.34912691E+1	-8.31633415E+0	3.45083545E+1	-2.43390738E-1
7.08737081E+4	3.49976545E+1	1.47960810E-8	3.32306401E+1	-7.66283319E+0	3.41027046E+1	-2.26633812E-1
7.59955541E+4	3.44822558E+1	1.29345648E-8	3.29861482E+1	-7.02501331E+0	3.37259069E+1	-2.09833689E-1
8.14875417E+4	3.40022615E+1	1.12164533E-8	3.27533694E+1	-6.39573441E+0	3.33719738E+1	-1.92842902E-1
8.73764200E+4	3.35603068E+1	9.63687236E-9	3.25346123E+1	-5.77672587E+0	3.30434800E+1	-1.75724943E-1
9.36908711E+4	3.31541866E+1	8.18958411E-9	3.23282676E+1	-5.16725390E+0	3.27386227E+1	-1.58496344E-1
1.00461650E+5	3.27806903E+1	6.85964066E-9	3.21333166E+1	-4.56094864E+0	3.24553894E+1	-1.40996483E-1
1.07721735E+5	3.24376675E+1	5.65053952E-9	3.19460104E+1	-3.96313957E+0	3.21909003E+1	-1.23426806E-1
1.15506485E+5	3.21273174E+1	4.54384707E-9	3.17707053E+1	-3.36597788E+0	3.19485138E+1	-1.05552210E-1
1.23853818E+5	3.18475408E+1	3.53815421E-9	3.16045255E+1	-2.77134893E+0	3.17258005E+1	-8.74646351E-2
1.32804389E+5	3.15981415E+1	2.62040430E-9	3.14480136E+1	-2.17277722E+0	3.15229882E+1	-6.89814585E-2
1.42401793E+5	3.13704400E+1	1.78923189E-9	3.12915189E+1	-1.57148122E+0	3.13309546E+1	-5.01785194E-2
1.52692775E+5	3.11775020E+1	1.03677490E-9	3.11475464E+1	-9.65935034E-1	3.11625206E+1	-3.10016597E-2
1.63727458E+5	3.10128419E+1	3.55542273E-10	3.10088518E+1	-3.51738474E-1	3.10108468E+1	-1.13426770E-2
1.75559587E+5	3.08782016E+1	-2.58852037E-10	3.08758011E+1	2.72223900E-1	3.08770013E+1	8.81651102E-3
1.88246790E+5	3.07908592E+1	-8.03558068E-10	3.07560307E+1	8.99753720E-1	3.07734362E+1	2.92473379E-2
2.01850863E+5	3.07025455E+1	-1.30741900E-9	3.06231764E+1	1.55901353E+0	3.06628353E+1	5.08656819E-2
2.16438064E+5	3.06651468E+1	-1.75111804E-9	3.05024851E+1	2.22745634E+0	3.05837078E+1	7.28960110E-2
2.32079442E+5	3.06619663E+1	-2.14490656E-9	3.03825352E+1	2.91372739E+0	3.05219310E+1	9.56089994E-2
2.48851178E+5	3.07040935E+1	-2.49555232E-9	3.02696101E+1	3.62651417E+0	3.04860778E+1	1.19238754E-1
2.66834962E+5	3.07805334E+1	-2.80343894E-9	3.01494842E+1	4.36183873E+0	3.04633748E+1	1.43676879E-1
2.86118383E+5	3.09060201E+1	-3.06930824E-9	3.00326214E+1	5.12156244E+0	3.04661911E+1	1.68908439E-1
3.06795364E+5	3.10854472E+1	-3.30233940E-9	2.99140855E+1	5.91947506E+0	3.04941425E+1	1.95358709E-1
3.28966612E+5	3.13245230E+1	-3.50219477E-9	2.97926509E+1	6.75562482E+0	3.05489865E+1	2.22984010E-1
3.52740116E+5	3.16336931E+1	-3.66389407E-9	2.96755065E+1	7.62299514E+0	3.06389598E+1	2.51441841E-1
3.78231664E+5	3.20057533E+1	-3.79548722E-9	2.95435164E+1	8.52894633E+0	3.07499997E+1	2.81049541E-1
4.05565415E+5	3.24572535E+1	-3.90342270E-9	2.93935312E+1	9.48964490E+0	3.08874290E+1	3.12284232E-1
4.34874501E+5	3.30219847E+1	-3.97735008E-9	2.92543163E+1	1.04985792E+1	3.10811123E+1	3.44557413E-1
4.66301673E+5	3.36932870E+1	-4.01995807E-9	2.91091890E+1	1.15515819E+1	3.13174745E+1	3.77776080E-1
NaN	NaN	NaN	NaN	NaN	NaN	NaN
