Start time:20240908_20-25-18	sweep/start:500.000	sweep/stop:500000.000	sweep/samplecount:100.000	sweep/xmapping:1.000	sweep/scan:0.000	sweep/averaging/sample:10.000	sweep/settling/time:0.100	sweep/settling/inaccuracy:0.010	sweep/awgcontrol:0.000	sweep/averaging/time:0.100	sweep/averaging/tc:15.000	sweep/bandwidthcontrol:2.000	sweep/sincfilter:0.000	sweep/omegasuppression:80.000	sweep/maxbandwidth:100.000	sweep/bandwidth:1250000.000	sweep/order:8.000	sweep/bandwidthoverlap:1.000																				
Frequency	Param0		Param1		RealZ		ImagZ		AbsZ		PhaseZ		
5.00000000E+2	1.52860196E+3	7.81853761E-7	1.01249243E+2	-3.80155691E+2	3.93407881E+2	-1.31050243E+0
5.36133611E+2	1.38152194E+3	7.72333953E-7	9.92538339E+1	-3.56749209E+2	3.70298965E+2	-1.29944140E+0
5.74878498E+2	1.24544258E+3	7.63264886E-7	9.73771281E+1	-3.34357994E+2	3.48249303E+2	-1.28739903E+0
6.16423370E+2	1.12354924E+3	7.53609274E-7	9.55837640E+1	-3.13459325E+2	3.27708727E+2	-1.27482096E+0
6.60970574E+2	1.01418173E+3	7.43438621E-7	9.38626668E+1	-2.93910760E+2	3.08534830E+2	-1.26167612E+0
7.08737081E+2	9.16227961E+2	7.32616806E-7	9.22230059E+1	-2.75666710E+2	2.90684065E+2	-1.24795538E+0
7.59955541E+2	8.27973127E+2	7.21232851E-7	9.06817294E+1	-2.58570722E+2	2.74010946E+2	-1.23349468E+0
8.14875417E+2	7.49079413E+2	7.09106410E-7	8.92143203E+1	-2.42630158E+2	2.58512265E+2	-1.21844383E+0
8.73764200E+2	6.78359124E+2	6.96262625E-7	8.78273222E+1	-2.27738477E+2	2.44086981E+2	-1.20272160E+0
9.36908711E+2	6.15109669E+2	6.82701381E-7	8.64996745E+1	-2.13833071E+2	2.30665943E+2	-1.18639980E+0
1.00461650E+3	5.58557919E+2	6.68444799E-7	8.52203241E+1	-2.00843163E+2	2.18175344E+2	-1.16950789E+0
1.07721735E+3	5.07995322E+2	6.53439102E-7	8.39977021E+1	-1.88718884E+2	2.06568228E+2	-1.15202945E+0
1.15506485E+3	4.62784863E+2	6.37723018E-7	8.28220827E+1	-1.77395900E+2	1.95777433E+2	-1.13399639E+0
1.23853818E+3	4.22471037E+2	6.21237761E-7	8.16927995E+1	-1.66850607E+2	1.85776314E+2	-1.11549002E+0
1.32804389E+3	3.86475957E+2	6.04140656E-7	8.05859934E+1	-1.57004599E+2	1.76478177E+2	-1.09658793E+0
1.42401793E+3	3.54342737E+2	5.86378169E-7	7.95175854E+1	-1.47829058E+2	1.67858504E+2	-1.07728862E+0
1.52692775E+3	3.25644560E+2	5.67996721E-7	7.84870212E+1	-1.39279063E+2	1.59871418E+2	-1.05762973E+0
1.63727458E+3	3.00073529E+2	5.49199466E-7	7.74541404E+1	-1.31311813E+2	1.52453063E+2	-1.03787424E+0
1.75559587E+3	2.77202882E+2	5.29908463E-7	7.64599807E+1	-1.23890264E+2	1.45584774E+2	-1.01785543E+0
1.88246790E+3	2.56830870E+2	5.10371690E-7	7.54561040E+1	-1.16986463E+2	1.39210116E+2	-9.97945071E-1
2.01850863E+3	2.38620707E+2	4.90610814E-7	7.44640983E+1	-1.10561175E+2	1.33299195E+2	-9.78070727E-1
2.16438064E+3	2.22289468E+2	4.70754224E-7	7.34809260E+1	-1.04568585E+2	1.27804678E+2	-9.58256858E-1
2.32079442E+3	2.07680835E+2	4.50924136E-7	7.24939416E+1	-9.89961124E+1	1.22701271E+2	-9.38725785E-1
2.48851178E+3	1.94574998E+2	4.31264000E-7	7.14962689E+1	-9.38065530E+1	1.17946539E+2	-9.19553636E-1
2.66834962E+3	1.82819088E+2	4.11854724E-7	7.04888385E+1	-8.89833046E+1	1.13519624E+2	-9.00855406E-1
2.86118383E+3	1.72209334E+2	3.92785740E-7	6.94760501E+1	-8.44837413E+1	1.09382010E+2	-8.82569158E-1
3.06795364E+3	1.62628288E+2	3.74157258E-7	6.84517789E+1	-8.02904060E+1	1.05509220E+2	-8.64822323E-1
3.28966612E+3	1.53944475E+2	3.56089351E-7	6.74060976E+1	-7.63754814E+1	1.01866561E+2	-8.47699439E-1
3.52740116E+3	1.46075071E+2	3.38576585E-7	6.63515421E+1	-7.27308666E+1	9.84495106E+1	-8.31233263E-1
3.78231664E+3	1.38882141E+2	3.21745850E-7	6.52733154E+1	-6.93158840E+1	9.52118566E+1	-8.15425489E-1
4.05565415E+3	1.32288893E+2	3.05555007E-7	6.41873779E+1	-6.61154858E+1	9.21481256E+1	-8.00194208E-1
4.34874501E+3	1.26228498E+2	2.90131535E-7	6.30712085E+1	-6.31142315E+1	8.92265865E+1	-7.85739115E-1
4.66301673E+3	1.20627965E+2	2.75361767E-7	6.19525506E+1	-6.02917188E+1	8.64477298E+1	-7.71812825E-1
5.00000000E+3	1.15446035E+2	2.61228309E-7	6.08368969E+1	-5.76389648E+1	8.38055989E+1	-7.58412449E-1
5.36133611E+3	1.10596641E+2	2.47878828E-7	5.96902730E+1	-5.51236330E+1	8.12498841E+1	-7.45644843E-1
5.74878498E+3	1.06065919E+2	2.35133718E-7	5.85511371E+1	-5.27450887E+1	7.88053304E+1	-7.33277888E-1
6.16423370E+3	1.01812752E+2	2.23027937E-7	5.74089348E+1	-5.04893629E+1	7.64523487E+1	-7.21355363E-1
6.60970574E+3	9.77894372E+1	2.11515953E-7	5.62689224E+1	-4.83354382E+1	7.41788800E+1	-7.09700316E-1
7.08737081E+3	9.39900209E+1	2.00556174E-7	5.51378420E+1	-4.62841792E+1	7.19889360E+1	-6.98323627E-1
7.59955541E+3	9.03854379E+1	1.90112723E-7	5.40189410E+1	-4.43224501E+1	6.98750714E+1	-6.87115544E-1
8.14875417E+3	8.69490271E+1	1.80160636E-7	5.29122859E+1	-4.24377388E+1	6.78282518E+1	-6.75983249E-1
8.73764200E+3	8.36730659E+1	1.70663534E-7	5.18223964E+1	-4.06273055E+1	6.58493642E+1	-6.64891049E-1
9.36908711E+3	8.05577174E+1	1.61565636E-7	5.07597749E+1	-3.88913462E+1	6.39460052E+1	-6.53778898E-1
1.00461650E+4	7.75777245E+1	1.52856721E-7	4.97204528E+1	-3.72166109E+1	6.21063569E+1	-6.42551400E-1
1.07721735E+4	7.47303621E+1	1.44493971E-7	4.87113732E+1	-3.56008517E+1	6.03342237E+1	-6.31133971E-1
1.15506485E+4	7.20098763E+1	1.36479728E-7	4.77285968E+1	-3.40427871E+1	5.86253387E+1	-6.19568416E-1
1.23853818E+4	6.94175104E+1	1.28753082E-7	4.67847974E+1	-3.25402344E+1	5.69884563E+1	-6.07719723E-1
1.32804389E+4	6.69364485E+1	1.21342347E-7	4.58676019E+1	-3.10866113E+1	5.54095150E+1	-5.95634149E-1
1.42401793E+4	6.45756554E+1	1.14201081E-7	4.49885356E+1	-2.96849422E+1	5.38995747E+1	-5.83257012E-1
1.52692775E+4	6.23235074E+1	1.07320567E-7	4.41453006E+1	-2.83281152E+1	5.24527395E+1	-5.70519466E-1
1.63727458E+4	6.01751403E+1	1.00703215E-7	4.33345291E+1	-2.70144342E+1	5.10652649E+1	-5.57442744E-1
1.75559587E+4	5.81502058E+1	9.43471526E-8	4.25621345E+1	-2.57577468E+1	4.97493403E+1	-5.44219514E-1
1.88246790E+4	5.62198175E+1	8.82019269E-8	4.18304317E+1	-2.45339381E+1	4.84943214E+1	-5.30440828E-1
2.01850863E+4	5.43898745E+1	8.23143922E-8	4.11293544E+1	-2.33537259E+1	4.72971500E+1	-5.16415257E-1
2.16438064E+4	5.26589712E+1	7.66739165E-8	4.04606533E+1	-2.22160274E+1	4.61586001E+1	-5.02134555E-1
2.32079442E+4	5.10208305E+1	7.12661155E-8	3.98251248E+1	-2.11156410E+1	4.50767226E+1	-4.87521767E-1
2.48851178E+4	4.94770285E+1	6.60893706E-8	3.92238224E+1	-2.00541689E+1	4.40531285E+1	-4.72627037E-1
2.66834962E+4	4.80225686E+1	6.11490492E-8	3.86533634E+1	-1.90302707E+1	4.30840316E+1	-4.57494059E-1
2.86118383E+4	4.66498496E+1	5.64538854E-8	3.81079376E+1	-1.80420202E+1	4.21631300E+1	-4.42178980E-1
3.06795364E+4	4.53628052E+1	5.19612521E-8	3.76002143E+1	-1.70843512E+1	4.12995302E+1	-4.26480787E-1
3.28966612E+4	4.41527637E+1	4.77217987E-8	3.71132621E+1	-1.61635036E+1	4.04802802E+1	-4.10745880E-1
3.52740116E+4	4.30183611E+1	4.37017356E-8	3.66547353E+1	-1.52727536E+1	3.97092764E+1	-3.94789895E-1
3.78231664E+4	4.19544673E+1	3.99070118E-8	3.62201627E+1	-1.44117118E+1	3.89820168E+1	-3.78687786E-1
4.05565415E+4	4.09615861E+1	3.63281587E-8	3.58122266E+1	-1.35797650E+1	3.83004648E+1	-3.62442120E-1
4.34874501E+4	4.00318479E+1	3.29698453E-8	3.54246363E+1	-1.27753191E+1	3.76578498E+1	-3.46116498E-1
4.66301673E+4	3.91633042E+1	2.98134384E-8	3.50603832E+1	-1.19937472E+1	3.70551002E+1	-3.29609229E-1
5.00000000E+4	3.83533139E+1	2.68622234E-8	3.47164672E+1	-1.12364789E+1	3.64896090E+1	-3.13023275E-1
5.36133611E+4	3.75969468E+1	2.41099683E-8	3.43903735E+1	-1.05012019E+1	3.59579343E+1	-2.96360492E-1
5.74878498E+4	3.68945520E+1	2.15470785E-8	3.40841667E+1	-9.78721757E+0	3.54615293E+1	-2.79625135E-1
6.16423370E+4	3.62393695E+1	1.91678854E-8	3.37933554E+1	-9.09170022E+0	3.49949981E+1	-2.62815080E-1
6.60970574E+4	3.56334173E+1	1.69603977E-8	3.35216941E+1	-8.41359214E+0	3.45614310E+1	-2.45909709E-1
7.08737081E+4	3.50718318E+1	1.49220878E-8	3.32650948E+1	-7.75250092E+0	3.41565193E+1	-2.28965226E-1
7.59955541E+4	3.45510549E+1	1.30390855E-8	3.30228970E+1	-7.10381537E+0	3.37783352E+1	-2.11888822E-1
8.14875417E+4	3.40675990E+1	1.13073674E-8	3.27919943E+1	-6.46758179E+0	3.34237118E+1	-1.94731180E-1
8.73764200E+4	3.36238409E+1	9.71658579E-9	3.25758298E+1	-5.84292918E+0	3.30956873E+1	-1.77476769E-1
9.36908711E+4	3.32145708E+1	8.26068526E-9	3.23700937E+1	-5.22836366E+0	3.27896137E+1	-1.60135352E-1
1.00461650E+5	3.28394303E+1	6.92000968E-9	3.21773428E+1	-4.61564772E+0	3.25067009E+1	-1.42472158E-1
1.07721735E+5	3.24965875E+1	5.70143101E-9	3.19934680E+1	-4.01204825E+0	3.22440464E+1	-1.24750895E-1
1.15506485E+5	3.21859391E+1	4.58903622E-9	3.18203003E+1	-3.41097197E+0	3.20025975E+1	-1.06787068E-1
1.23853818E+5	3.19043372E+1	3.57516094E-9	3.16549288E+1	-2.80980337E+0	3.17793883E+1	-8.85315086E-2
1.32804389E+5	3.16506712E+1	2.65748083E-9	3.14955174E+1	-2.21051751E+0	3.15729990E+1	-7.00702475E-2
1.42401793E+5	3.14284174E+1	1.82180288E-9	3.13461506E+1	-1.60584454E+0	3.13872571E+1	-5.11846520E-2
1.52692775E+5	3.12349676E+1	1.06501636E-9	3.12031848E+1	-9.95851621E-1	3.12190721E+1	-3.19042334E-2
1.63727458E+5	3.10704975E+1	3.82033015E-10	3.10658650E+1	-3.79344599E-1	3.10681812E+1	-1.22103717E-2
1.75559587E+5	3.09371988E+1	-2.34035870E-10	3.09352251E+1	2.47070446E-1	3.09362119E+1	7.98653569E-3
1.88246790E+5	3.08266950E+1	-7.84320332E-10	3.07932996E+1	8.80497135E-1	3.08099892E+1	2.85840548E-2
2.01850863E+5	3.07607943E+1	-1.28391642E-9	3.06838103E+1	1.53692981E+0	3.07222782E+1	5.00474490E-2
2.16438064E+5	3.07235329E+1	-1.72723134E-9	3.05643536E+1	2.20571994E+0	3.06438399E+1	7.20415289E-2
2.32079442E+5	3.07232152E+1	-2.12221478E-9	3.04479798E+1	2.89488313E+0	3.05852879E+1	9.47914207E-2
2.48851178E+5	3.07588183E+1	-2.47068414E-9	3.03305706E+1	3.60401869E+0	3.05439439E+1	1.18270073E-1
2.66834962E+5	3.08392160E+1	-2.78231350E-9	3.02139375E+1	4.34649378E+0	3.05249757E+1	1.42877047E-1
2.86118383E+5	3.09653420E+1	-3.04848398E-9	3.00985459E+1	5.10776614E+0	3.05288678E+1	1.68099938E-1
3.06795364E+5	3.11447462E+1	-3.28080099E-9	2.99815804E+1	5.90538039E+0	3.05576293E+1	1.94477464E-1
3.28966612E+5	3.13854384E+1	-3.47773079E-9	2.98653086E+1	6.73787075E+0	3.06159401E+1	2.21893682E-1
3.52740116E+5	3.16834965E+1	-3.64063173E-9	2.97398029E+1	7.60295905E+0	3.06962691E+1	2.50288496E-1
3.78231664E+5	3.20604938E+1	-3.77418455E-9	2.96118327E+1	8.51522507E+0	3.08118477E+1	2.80006745E-1
4.05565415E+5	3.25174888E+1	-3.88421383E-9	2.94651510E+1	9.48351962E+0	3.09537183E+1	3.11385060E-1
4.34874501E+5	3.30756908E+1	-3.95654916E-9	2.93260267E+1	1.04862853E+1	3.11444783E+1	3.43408295E-1
4.66301673E+5	3.37328032E+1	-4.00249422E-9	2.91685053E+1	1.15383326E+1	3.13677440E+1	3.76686197E-1
NaN	NaN	NaN	NaN	NaN	NaN	NaN
