Start time:20240906_04-56-27	sweep/start:500.000	sweep/stop:500000.000	sweep/samplecount:100.000	sweep/xmapping:1.000	sweep/scan:0.000	sweep/averaging/sample:10.000	sweep/settling/time:0.100	sweep/settling/inaccuracy:0.010	sweep/awgcontrol:0.000	sweep/averaging/time:0.100	sweep/averaging/tc:15.000	sweep/bandwidthcontrol:2.000	sweep/sincfilter:0.000	sweep/omegasuppression:80.000	sweep/maxbandwidth:100.000	sweep/bandwidth:1250000.000	sweep/order:8.000	sweep/bandwidthoverlap:1.000																				
Frequency	Param0		Param1		RealZ		ImagZ		AbsZ		PhaseZ		
5.00000000E+2	1.40945703E+3	7.30803215E-7	1.22867192E+2	-3.97592288E+2	4.16144181E+2	-1.27107759E+0
5.36133611E+2	1.27463778E+3	7.20703885E-7	1.20519559E+2	-3.72952638E+2	3.91942149E+2	-1.25823880E+0
5.74878498E+2	1.15332067E+3	7.09984517E-7	1.18313386E+2	-3.49935893E+2	3.69395716E+2	-1.24476181E+0
6.16423370E+2	1.04420824E+3	6.98554522E-7	1.16260187E+2	-3.28456036E+2	3.48424746E+2	-1.23059832E+0
6.60970574E+2	9.46683424E+2	6.86467932E-7	1.14277636E+2	-3.08423902E+2	3.28914410E+2	-1.21595792E+0
7.08737081E+2	8.59138986E+2	6.73691667E-7	1.12405267E+2	-2.89718426E+2	3.10759900E+2	-1.20069384E+0
7.59955541E+2	7.80858778E+2	6.60187991E-7	1.10615568E+2	-2.72285308E+2	2.93896409E+2	-1.18491472E+0
8.14875417E+2	7.10723391E+2	6.45972838E-7	1.08914733E+2	-2.56019145E+2	2.78223337E+2	-1.16857307E+0
8.73764200E+2	6.48195153E+2	6.31154001E-7	1.07234652E+2	-2.40852031E+2	2.63645544E+2	-1.15191586E+0
9.36908711E+2	5.92257806E+2	6.15612037E-7	1.05633922E+2	-2.26724449E+2	2.50124976E+2	-1.13478804E+0
1.00461650E+3	5.42327565E+2	5.99523990E-7	1.04052007E+2	-2.13549625E+2	2.37550551E+2	-1.11740083E+0
1.07721735E+3	4.97724782E+2	5.82778589E-7	1.02531534E+2	-2.01295200E+2	2.25903686E+2	-1.09968952E+0
1.15506485E+3	4.57923888E+2	5.65592799E-7	1.01015856E+2	-1.89877235E+2	2.15075729E+2	-1.08187285E+0
1.23853818E+3	4.22340491E+2	5.48008738E-7	9.95150636E+1	-1.79237242E+2	2.05010336E+2	-1.06395870E+0
1.32804389E+3	3.90552824E+2	5.30054692E-7	9.80325785E+1	-1.69341404E+2	1.95670381E+2	-1.04603232E+0
1.42401793E+3	3.62188880E+2	5.11883365E-7	9.65396410E+1	-1.60142688E+2	1.86990864E+2	-1.02829477E+0
1.52692775E+3	3.36743251E+2	4.93544205E-7	9.50603353E+1	-1.51573276E+2	1.78915973E+2	-1.01064697E+0
1.63727458E+3	3.13954669E+2	4.75207572E-7	9.35611360E+1	-1.43597590E+2	1.71388315E+2	-9.93331632E-1
1.75559587E+3	2.93455115E+2	4.56946905E-7	9.20533495E+1	-1.36160589E+2	1.64357919E+2	-9.76315677E-1
1.88246790E+3	2.75060287E+2	4.38830350E-7	9.05315595E+1	-1.29250426E+2	1.57802523E+2	-9.59778284E-1
2.01850863E+3	2.58471899E+2	4.21021933E-7	8.89799306E+1	-1.22806281E+2	1.51653589E+2	-9.43779744E-1
2.16438064E+3	2.43471410E+2	4.03515558E-7	8.74217247E+1	-1.16799536E+2	1.45892734E+2	-9.28270879E-1
2.32079442E+3	2.29871174E+2	3.86486311E-7	8.58271767E+1	-1.11188529E+2	1.40460647E+2	-9.13421677E-1
2.48851178E+3	2.17505536E+2	3.69939028E-7	8.42114105E+1	-1.05947561E+2	1.35338271E+2	-8.99209360E-1
2.66834962E+3	2.06199403E+2	3.53910978E-7	8.25804214E+1	-1.01037157E+2	1.30491507E+2	-8.85578930E-1
2.86118383E+3	1.95844139E+2	3.38480769E-7	8.09216376E+1	-9.64350380E+1	1.25888952E+2	-8.72646174E-1
3.06795364E+3	1.86310951E+2	3.23669253E-7	7.92389740E+1	-9.21101140E+1	1.21503450E+2	-8.60373835E-1
3.28966612E+3	1.77499526E+2	3.09453958E-7	7.75448801E+1	-8.80395974E+1	1.17320839E+2	-8.48693341E-1
3.52740116E+3	1.69311715E+2	2.95834156E-7	7.58440308E+1	-8.41959946E+1	1.13319384E+2	-8.37537588E-1
3.78231664E+3	1.61683246E+2	2.82835619E-7	7.41304169E+1	-8.05625691E+1	1.09478977E+2	-8.26954341E-1
4.05565415E+3	1.54527030E+2	2.70422352E-7	7.24152304E+1	-7.71112462E+1	1.05783317E+2	-8.16793755E-1
4.34874501E+3	1.47801149E+2	2.58565452E-7	7.07048572E+1	-7.38314445E+1	1.02226509E+2	-8.07026636E-1
4.66301673E+3	1.41454215E+2	2.47266410E-7	6.89966513E+1	-7.07059334E+1	9.87920392E+1	-7.97632704E-1
5.00000000E+3	1.35413512E+2	2.36495247E-7	6.72960724E+1	-6.77055082E+1	9.54609730E+1	-7.88430971E-1
5.36133611E+3	1.29735351E+2	2.26096575E-7	6.56435487E+1	-6.48630346E+1	9.22837407E+1	-7.79417586E-1
5.74878498E+3	1.24297669E+2	2.16193881E-7	6.39997082E+1	-6.21212668E+1	8.91908879E+1	-7.70505297E-1
6.16423370E+3	1.19100463E+2	2.06683113E-7	6.23895485E+1	-5.94825036E+1	8.62010676E+1	-7.61549435E-1
6.60970574E+3	1.14140325E+2	1.97532182E-7	6.08179358E+1	-5.69469712E+1	8.33173386E+1	-7.52539720E-1
7.08737081E+3	1.09396040E+2	1.88704217E-7	5.92907606E+1	-5.45048623E+1	8.05367889E+1	-7.43365970E-1
7.59955541E+3	1.04844777E+2	1.80200239E-7	5.78025760E+1	-5.21455684E+1	7.78479168E+1	-7.33991895E-1
8.14875417E+3	1.00494949E+2	1.71954269E-7	5.63688386E+1	-4.98732144E+1	7.52647563E+1	-7.24334315E-1
8.73764200E+3	9.63330911E+1	1.63973081E-7	5.49832007E+1	-4.76817493E+1	7.27784421E+1	-7.14398484E-1
9.36908711E+3	9.23552720E+1	1.56242419E-7	5.36461070E+1	-4.55696820E+1	7.03882147E+1	-7.04174635E-1
1.00461650E+4	8.85500446E+1	1.48717244E-7	5.23663511E+1	-4.35293916E+1	6.80958347E+1	-6.93505951E-1
1.07721735E+4	8.49168645E+1	1.41410318E-7	5.11372878E+1	-4.15619524E+1	6.58970266E+1	-6.82468558E-1
1.15506485E+4	8.14583415E+1	1.34285541E-7	4.99672569E+1	-3.96676578E+1	6.37985099E+1	-6.70993802E-1
1.23853818E+4	7.81496074E+1	1.27352245E-7	4.88479708E+1	-3.78328619E+1	6.17855138E+1	-6.58999001E-1
1.32804389E+4	7.50127169E+1	1.20611165E-7	4.77806156E+1	-3.60716853E+1	5.98678024E+1	-6.46657720E-1
1.42401793E+4	7.20254769E+1	1.14048950E-7	4.67640588E+1	-3.43704287E+1	5.80362267E+1	-6.33815761E-1
1.52692775E+4	6.91947261E+1	1.07672293E-7	4.57964996E+1	-3.27346376E+1	5.62927715E+1	-6.20579836E-1
1.63727458E+4	6.65214521E+1	1.01440789E-7	4.48894817E+1	-3.11616374E+1	5.46453421E+1	-6.06813100E-1
1.75559587E+4	6.39833301E+1	9.54262668E-8	4.40169822E+1	-2.96455445E+1	5.30693234E+1	-5.92720135E-1
1.88246790E+4	6.15786371E+1	8.95666166E-8	4.31959065E+1	-2.81790447E+1	5.15746547E+1	-5.78028624E-1
2.01850863E+4	5.93276874E+1	8.39170845E-8	4.24165748E+1	-2.67826698E+1	5.01645021E+1	-5.63202564E-1
2.16438064E+4	5.71971837E+1	7.84361221E-8	4.16819956E+1	-2.54303752E+1	4.88271723E+1	-5.47816207E-1
2.32079442E+4	5.51978160E+1	7.31477574E-8	4.09892821E+1	-2.41329133E+1	4.75659418E+1	-5.32114945E-1
2.48851178E+4	5.33147837E+1	6.80642657E-8	4.03307559E+1	-2.28835156E+1	4.63705234E+1	-5.16100964E-1
2.66834962E+4	5.15477263E+1	6.31842176E-8	3.97076246E+1	-2.16827631E+1	4.52419909E+1	-4.99813562E-1
2.86118383E+4	4.98953695E+1	5.84903513E-8	3.91256995E+1	-2.05273168E+1	4.41836079E+1	-4.83172955E-1
3.06795364E+4	4.83490799E+1	5.40124452E-8	3.85740751E+1	-1.94180777E+1	4.31858893E+1	-4.66361594E-1
3.28966612E+4	4.69033984E+1	4.97401458E-8	3.80544513E+1	-1.83505261E+1	4.22478767E+1	-4.49320752E-1
3.52740116E+4	4.55521977E+1	4.56757248E-8	3.75642723E+1	-1.73222571E+1	4.13658695E+1	-4.32076352E-1
3.78231664E+4	4.42896019E+1	4.18214999E-8	3.71007300E+1	-1.63313314E+1	4.05361143E+1	-4.14665162E-1
4.05565415E+4	4.31183263E+1	3.81717532E-8	3.66680617E+1	-1.53791643E+1	3.97626137E+1	-3.97131284E-1
4.34874501E+4	4.20245080E+1	3.47309387E-8	3.62578063E+1	-1.44598734E+1	3.90348109E+1	-3.79477660E-1
4.66301673E+4	4.10104631E+1	3.14899385E-8	3.58745968E+1	-1.35737659E+1	3.83566660E+1	-3.61719344E-1
5.00000000E+4	4.00638091E+1	2.84528667E-8	3.55097012E+1	-1.27167213E+1	3.77180844E+1	-3.43889957E-1
5.36133611E+4	3.91882559E+1	2.56083807E-8	3.51690308E+1	-1.18891650E+1	3.71242910E+1	-3.25996525E-1
5.74878498E+4	3.83735222E+1	2.29565358E-8	3.48454755E+1	-1.10876713E+1	3.65669745E+1	-3.08065148E-1
6.16423370E+4	3.76206329E+1	2.04859060E-8	3.45428454E+1	-1.03109420E+1	3.60489071E+1	-2.90077492E-1
6.60970574E+4	3.69241909E+1	1.81926525E-8	3.42579498E+1	-9.55719328E+0	3.55660945E+1	-2.72060183E-1
7.08737081E+4	3.62771685E+1	1.60708743E-8	3.39864010E+1	-8.82354450E+0	3.51131086E+1	-2.54011953E-1
7.59955541E+4	3.56828050E+1	1.41048932E-8	3.37344531E+1	-8.10719302E+0	3.46949551E+1	-2.35851153E-1
8.14875417E+4	3.51350408E+1	1.22962783E-8	3.34960947E+1	-7.40933773E+0	3.43057816E+1	-2.17694666E-1
8.73764200E+4	3.46311518E+1	1.06353165E-8	3.32708148E+1	-6.72751852E+0	3.39441694E+1	-1.99514660E-1
9.36908711E+4	3.41667042E+1	9.10559791E-9	3.30579050E+1	-6.05430129E+0	3.36077322E+1	-1.81134962E-1
1.00461650E+5	3.37427632E+1	7.70586392E-9	3.28576457E+1	-5.39285332E+0	3.32972635E+1	-1.62677420E-1
1.07721735E+5	3.33526704E+1	6.43225326E-9	3.26639813E+1	-4.74292308E+0	3.30065297E+1	-1.44195683E-1
1.15506485E+5	3.29995186E+1	5.26321702E-9	3.24833972E+1	-4.09455350E+0	3.27404409E+1	-1.25389353E-1
1.23853818E+5	3.26810653E+1	4.20148764E-9	3.23121360E+1	-3.45266332E+0	3.24960771E+1	-1.06449544E-1
1.32804389E+5	3.23904520E+1	3.23396863E-9	3.21448592E+1	-2.80967618E+0	3.22674219E+1	-8.71851519E-2
1.42401793E+5	3.21385357E+1	2.36001099E-9	3.19912019E+1	-2.17103074E+0	3.20647842E+1	-6.77594774E-2
1.52692775E+5	3.19157749E+1	1.56715862E-9	3.18424517E+1	-1.52799943E+0	3.18790922E+1	-4.79494560E-2
1.63727458E+5	3.17235809E+1	8.49621389E-10	3.16992100E+1	-8.78936438E-1	3.17113931E+1	-2.77202899E-2
1.75559587E+5	3.15640441E+1	2.01695261E-10	3.15624872E+1	-2.21648007E-1	3.15632656E+1	-7.02239964E-3
1.88246790E+5	3.14595327E+1	-3.95403482E-10	3.14490337E+1	4.62682328E-1	3.14542823E+1	1.47106348E-2
2.01850863E+5	3.13435366E+1	-9.03725651E-10	3.13031365E+1	1.12456067E+0	3.13233300E+1	3.59094151E-2
2.16438064E+5	3.12820747E+1	-1.37323881E-9	3.11756782E+1	1.82125611E+0	3.12288311E+1	5.83528125E-2
2.32079442E+5	3.12591911E+1	-1.78969410E-9	3.10525369E+1	2.53320400E+0	3.11556927E+1	8.13977572E-2
2.48851178E+5	3.12784505E+1	-2.15999213E-9	3.09332584E+1	3.26770313E+0	3.11053756E+1	1.05246882E-1
2.66834962E+5	3.13418805E+1	-2.48616983E-9	3.08159406E+1	4.02581724E+0	3.10777979E+1	1.29905005E-1
2.86118383E+5	3.14462990E+1	-2.77222589E-9	3.06924574E+1	4.81011371E+0	3.10670918E+1	1.55455261E-1
3.06795364E+5	3.16064712E+1	-3.02097097E-9	3.05708279E+1	5.62676081E+0	3.10843367E+1	1.82019363E-1
3.28966612E+5	3.18246740E+1	-3.23308979E-9	3.04475288E+1	6.47538270E+0	3.11284865E+1	2.09551393E-1
3.52740116E+5	3.21057199E+1	-3.41220550E-9	3.03183652E+1	7.36135755E+0	3.11992458E+1	2.38192658E-1
3.78231664E+5	3.24674978E+1	-3.56013446E-9	3.01894553E+1	8.29293271E+0	3.13077636E+1	2.68083891E-1
4.05565415E+5	3.29121009E+1	-3.67511763E-9	3.00566267E+1	9.26420358E+0	3.14519744E+1	2.98985348E-1
4.34874501E+5	3.34359186E+1	-3.76816252E-9	2.98931191E+1	1.02910107E+1	3.16149308E+1	3.31552182E-1
4.66301673E+5	3.40837644E+1	-3.82957624E-9	2.97350385E+1	1.13713958E+1	3.18352310E+1	3.65263366E-1
5.00000000E+5	3.48533588E+1	-3.86251046E-9	2.95651424E+1	1.25038521E+1	3.21005363E+1	4.00112236E-1
