Start time:20240905_22-19-40	sweep/start:500.000	sweep/stop:500000.000	sweep/samplecount:100.000	sweep/xmapping:1.000	sweep/scan:0.000	sweep/averaging/sample:10.000	sweep/settling/time:0.100	sweep/settling/inaccuracy:0.010	sweep/awgcontrol:0.000	sweep/averaging/time:0.100	sweep/averaging/tc:15.000	sweep/bandwidthcontrol:2.000	sweep/sincfilter:0.000	sweep/omegasuppression:80.000	sweep/maxbandwidth:100.000	sweep/bandwidth:1250000.000	sweep/order:8.000	sweep/bandwidthoverlap:1.000																				
Frequency	Param0		Param1		RealZ		ImagZ		AbsZ		PhaseZ		
5.00000000E+2	1.40401965E+3	7.28998547E-7	1.23816767E+2	-3.98133835E+2	4.16942616E+2	-1.26928513E+0
5.36133611E+2	1.26999692E+3	7.18721299E-7	1.21480140E+2	-3.73526358E+2	3.92784125E+2	-1.25636087E+0
5.74878498E+2	1.14909744E+3	7.07854217E-7	1.19299567E+2	-3.50505937E+2	3.70252348E+2	-1.24273165E+0
6.16423370E+2	1.04069076E+3	6.96366109E-7	1.17216418E+2	-3.29008042E+2	3.49264924E+2	-1.22854477E+0
6.60970574E+2	9.43544860E+2	6.84212822E-7	1.15229667E+2	-3.08944048E+2	3.29733693E+2	-1.21379859E+0
7.08737081E+2	8.56374907E+2	6.71308765E-7	1.13368002E+2	-2.90229491E+2	3.11585411E+2	-1.19840654E+0
7.59955541E+2	7.78373268E+2	6.57821978E-7	1.11552788E+2	-2.72737305E+2	2.94668744E+2	-1.18254536E+0
8.14875417E+2	7.08544768E+2	6.43523043E-7	1.09850115E+2	-2.56450094E+2	2.78986922E+2	-1.16609256E+0
8.73764200E+2	6.46136900E+2	6.28561207E-7	1.08202426E+2	-2.41258780E+2	2.64411737E+2	-1.14919788E+0
9.36908711E+2	5.90551997E+2	6.12960617E-7	1.06581782E+2	-2.27117586E+2	2.50882594E+2	-1.13202519E+0
1.00461650E+3	5.40736784E+2	5.96748080E-7	1.05023525E+2	-2.13916182E+2	2.38306684E+2	-1.11440971E+0
1.07721735E+3	4.96396859E+2	5.79996506E-7	1.03474170E+2	-2.01636650E+2	2.26636812E+2	-1.09666719E+0
1.15506485E+3	4.56797086E+2	5.62729123E-7	1.01956593E+2	-1.90205999E+2	2.15808874E+2	-1.07873994E+0
1.23853818E+3	4.21377900E+2	5.45039824E-7	1.00463925E+2	-1.79555768E+2	2.05750516E+2	-1.06067823E+0
1.32804389E+3	3.89766891E+2	5.27051826E-7	9.89674633E+1	-1.69645741E+2	1.96403252E+2	-1.04268912E+0
1.42401793E+3	3.61453306E+2	5.08795829E-7	9.74902234E+1	-1.60417636E+2	1.87718305E+2	-1.02471414E+0
1.52692775E+3	3.36176400E+2	4.90400520E-7	9.60041238E+1	-1.51847053E+2	1.79650549E+2	-1.00700604E+0
1.63727458E+3	3.13465412E+2	4.72020526E-7	9.45060675E+1	-1.43850568E+2	1.72117352E+2	-9.89534154E-1
1.75559587E+3	2.93110328E+2	4.53675241E-7	9.30037038E+1	-1.36420878E+2	1.65107072E+2	-9.72430136E-1
1.88246790E+3	2.74766361E+2	4.35569943E-7	9.14724374E+1	-1.29484907E+2	1.58535637E+2	-9.55765815E-1
2.01850863E+3	2.58278338E+2	4.17712959E-7	8.99234450E+1	-1.23040852E+2	1.52398417E+2	-9.39669390E-1
2.16438064E+3	2.43345574E+2	4.00169253E-7	8.83696171E+1	-1.17026344E+2	1.46643632E+2	-9.24022736E-1
2.32079442E+3	2.29803640E+2	3.83129545E-7	8.67737829E+1	-1.11405750E+2	1.41212361E+2	-9.09055176E-1
2.48851178E+3	2.17487492E+2	3.66549848E-7	8.51648485E+1	-1.06156665E+2	1.36096617E+2	-8.94681130E-1
2.66834962E+3	2.06269233E+2	3.50538103E-7	8.35250053E+1	-1.01253207E+2	1.31257908E+2	-8.81048528E-1
2.86118383E+3	1.95961475E+2	3.35094979E-7	8.18699904E+1	-9.66471331E+1	1.26662401E+2	-8.67987046E-1
3.06795364E+3	1.86485990E+2	3.20254035E-7	8.01960738E+1	-9.23256927E+1	1.22292453E+2	-8.55590417E-1
3.28966612E+3	1.77723206E+2	3.06054382E-7	7.84994688E+1	-8.82553702E+1	1.18115101E+2	-8.43836009E-1
3.52740116E+3	1.69599065E+2	2.92453728E-7	7.67953275E+1	-8.44209283E+1	1.14124562E+2	-8.32663380E-1
3.78231664E+3	1.62016284E+2	2.79472830E-7	7.50804439E+1	-8.07909708E+1	1.10291678E+2	-8.22017925E-1
4.05565415E+3	1.54900683E+2	2.67085241E-7	7.33624020E+1	-7.73423802E+1	1.06601529E+2	-8.11801128E-1
4.34874501E+3	1.48233597E+2	2.55259183E-7	7.16479454E+1	-7.40756666E+1	1.03056453E+2	-8.02056388E-1
4.66301673E+3	1.41950485E+2	2.43974436E-7	6.99411449E+1	-7.09677059E+1	9.96402492E+1	-7.92683320E-1
5.00000000E+3	1.35974399E+2	2.33191678E-7	6.82501860E+1	-6.79866894E+1	9.63341992E+1	-7.83464059E-1
5.36133611E+3	1.30320457E+2	2.22913056E-7	6.65702056E+1	-6.51449704E+1	9.31421470E+1	-7.74578002E-1
5.74878498E+3	1.24927124E+2	2.13056872E-7	6.49205638E+1	-6.24152185E+1	9.00574217E+1	-7.65725590E-1
6.16423370E+3	1.19775599E+2	2.03614499E-7	6.32989760E+1	-5.97905701E+1	8.70728012E+1	-7.56903003E-1
6.60970574E+3	1.14860276E+2	1.94546316E-7	6.17126471E+1	-5.72702434E+1	8.41922303E+1	-7.48079008E-1
7.08737081E+3	1.10153883E+2	1.85818720E-7	6.01663147E+1	-5.48412951E+1	8.14097852E+1	-7.39129754E-1
7.59955541E+3	1.05644036E+2	1.77413217E-7	5.86606153E+1	-5.24983459E+1	7.87219419E+1	-7.30018298E-1
8.14875417E+3	1.01337652E+2	1.69267806E-7	5.72103611E+1	-5.02447820E+1	7.61417336E+1	-7.20665597E-1
8.73764200E+3	9.72009238E+1	1.61397531E-7	5.58050916E+1	-4.80634802E+1	7.36498909E+1	-7.11002957E-1
9.36908711E+3	9.32378787E+1	1.53794588E-7	5.44435835E+1	-4.59575935E+1	7.12474856E+1	-7.01077750E-1
1.00461650E+4	8.94569978E+1	1.46397808E-7	5.31415026E+1	-4.39301709E+1	6.89483811E+1	-6.90789386E-1
1.07721735E+4	8.58351964E+1	1.39224514E-7	5.18883934E+1	-4.19695721E+1	6.67371741E+1	-6.80109898E-1
1.15506485E+4	8.23799746E+1	1.32239315E-7	5.06928122E+1	-4.00788139E+1	6.46225392E+1	-6.68995965E-1
1.23853818E+4	7.90810041E+1	1.25454982E-7	4.95472665E+1	-3.82533120E+1	6.25959068E+1	-6.57468767E-1
1.32804389E+4	7.59422400E+1	1.18858044E-7	4.84543530E+1	-3.64953112E+1	6.06607953E+1	-6.45539282E-1
1.42401793E+4	7.29564445E+1	1.12442568E-7	4.74130965E+1	-3.48007063E+1	5.88140368E+1	-6.33175276E-1
1.52692775E+4	7.01106509E+1	1.06193933E-7	4.64238873E+1	-3.31606887E+1	5.70509319E+1	-6.20260445E-1
1.63727458E+4	6.74267045E+1	1.00141978E-7	4.54816968E+1	-3.15926535E+1	5.53776199E+1	-6.07108413E-1
1.75559587E+4	6.48626131E+1	9.42554269E-8	4.45855650E+1	-3.00676484E+1	5.37767255E+1	-5.93324158E-1
1.88246790E+4	6.24539758E+1	8.85413578E-8	4.37418069E+1	-2.86095089E+1	5.22670999E+1	-5.79219948E-1
2.01850863E+4	6.01742985E+1	8.30258065E-8	4.29361003E+1	-2.72055307E+1	5.08296143E+1	-5.64779927E-1
2.16438064E+4	5.80209267E+1	7.76751968E-8	4.21776914E+1	-2.58501657E+1	4.94690685E+1	-5.49841507E-1
2.32079442E+4	5.59952190E+1	7.25189597E-8	4.14588640E+1	-2.45491484E+1	4.81819276E+1	-5.34614627E-1
2.48851178E+4	5.40859143E+1	6.75507746E-8	4.07783632E+1	-2.32950577E+1	4.69631233E+1	-5.19019210E-1
2.66834962E+4	5.22871791E+1	6.27703691E-8	4.01346978E+1	-2.20847481E+1	4.58097164E+1	-5.03047199E-1
2.86118383E+4	5.06041950E+1	5.81808907E-8	3.95300028E+1	-2.09227772E+1	4.47256517E+1	-4.86802964E-1
3.06795364E+4	4.90256329E+1	5.37965400E-8	3.89564943E+1	-1.98055122E+1	4.37020226E+1	-4.70345626E-1
3.28966612E+4	4.75480928E+1	4.96106730E-8	3.84156321E+1	-1.87304361E+1	4.27386246E+1	-4.53656911E-1
3.52740116E+4	4.61637468E+1	4.56215268E-8	3.79051007E+1	-1.76930719E+1	4.18311065E+1	-4.36714349E-1
3.78231664E+4	4.48708482E+1	4.18285489E-8	3.74250385E+1	-1.66931032E+1	4.09791803E+1	-4.19556782E-1
4.05565415E+4	4.36655449E+1	3.82362245E-8	3.69729642E+1	-1.57303698E+1	4.01801521E+1	-4.02256829E-1
4.34874501E+4	4.25432185E+1	3.48421639E-8	3.65477963E+1	-1.48026839E+1	3.94317243E+1	-3.84828702E-1
4.66301673E+4	4.14948359E+1	3.16446696E-8	3.61450999E+1	-1.39056367E+1	3.87277031E+1	-3.67262410E-1
5.00000000E+4	4.05180807E+1	2.86413012E-8	3.57643623E+1	-1.30389300E+1	3.80670897E+1	-3.49603168E-1
5.36133611E+4	3.96123095E+1	2.58238164E-8	3.54078812E+1	-1.22012249E+1	3.74511408E+1	-3.31847696E-1
5.74878498E+4	3.87700886E+1	2.31895203E-8	3.50714436E+1	-1.13893287E+1	3.68744217E+1	-3.14002606E-1
6.16423370E+4	3.79886158E+1	2.07334277E-8	3.47543460E+1	-1.06021186E+1	3.63355128E+1	-2.96091396E-1
6.60970574E+4	3.72637287E+1	1.84493256E-8	3.44549994E+1	-9.83741607E+0	3.58318538E+1	-2.78115323E-1
7.08737081E+4	3.65935949E+1	1.63295997E-8	3.41737686E+1	-9.09365573E+0	3.53629898E+1	-2.60073707E-1
7.59955541E+4	3.59739542E+1	1.43673588E-8	3.39086820E+1	-8.36843179E+0	3.49260558E+1	-2.41958218E-1
8.14875417E+4	3.54013249E+1	1.25548245E-8	3.36583339E+1	-7.65938424E+0	3.45188298E+1	-2.23752397E-1
8.73764200E+4	3.48741201E+1	1.08865357E-8	3.34221149E+1	-6.96628095E+0	3.41403991E+1	-2.05491177E-1
9.36908711E+4	3.43880016E+1	9.35200809E-9	3.31981520E+1	-6.28496498E+0	3.37878396E+1	-1.87102383E-1
1.00461650E+5	3.39445578E+1	7.94596699E-9	3.29883442E+1	-5.61639454E+0	3.34630357E+1	-1.68636922E-1
1.07721735E+5	3.35366004E+1	6.65066403E-9	3.27893477E+1	-4.94994093E+0	3.31608693E+1	-1.49830511E-1
1.15506485E+5	3.31650361E+1	5.47183642E-9	3.25995633E+1	-4.29350129E+0	3.28810841E+1	-1.30950571E-1
1.23853818E+5	3.28293133E+1	4.39718493E-9	3.24201777E+1	-3.64201048E+0	3.26241041E+1	-1.11868757E-1
1.32804389E+5	3.25278358E+1	3.41809377E-9	3.22502441E+1	-2.99201989E+0	3.23887425E+1	-9.25102818E-2
1.42401793E+5	3.22578389E+1	2.52768748E-9	3.20870583E+1	-2.34090543E+0	3.21723352E+1	-7.28257961E-2
1.52692775E+5	3.20226478E+1	1.72025173E-9	3.19334525E+1	-1.68769305E+0	3.19780191E+1	-5.28011924E-2
1.63727458E+5	3.18179836E+1	9.91900967E-10	3.17844789E+1	-1.03194717E+0	3.18012269E+1	-3.24556142E-2
1.75559587E+5	3.16469869E+1	3.32054197E-10	3.16427350E+1	-3.66791997E-1	3.16448609E+1	-1.15911452E-2
1.88246790E+5	3.15312093E+1	-2.68218191E-10	3.15235966E+1	3.15494173E-1	3.15274025E+1	1.00046492E-2
2.01850863E+5	3.14047102E+1	-7.97211264E-10	3.13730788E+1	9.96175147E-1	3.13888905E+1	3.17418865E-2
2.16438064E+5	3.13363263E+1	-1.27438782E-9	3.12441759E+1	1.69680617E+0	3.12902172E+1	5.42546244E-2
2.32079442E+5	3.13059664E+1	-1.70282491E-9	3.11179310E+1	2.41893563E+0	3.12118071E+1	7.75784574E-2
2.48851178E+5	3.13143882E+1	-2.08120050E-9	3.09925677E+1	3.15816666E+0	3.11530624E+1	1.01550243E-1
2.66834962E+5	3.13689056E+1	-2.41551244E-9	3.08706973E+1	3.92172952E+0	3.11188044E+1	1.26360430E-1
2.86118383E+5	3.14721323E+1	-2.71138801E-9	3.07485088E+1	4.71701895E+0	3.11082165E+1	1.52219723E-1
3.06795364E+5	3.16256297E+1	-2.96525891E-9	3.06248574E+1	5.53610736E+0	3.11212210E+1	1.78840318E-1
3.28966612E+5	3.18400046E+1	-3.18383318E-9	3.05008721E+1	6.39097905E+0	3.11632461E+1	2.06546113E-1
3.52740116E+5	3.21166180E+1	-3.36984721E-9	3.03692507E+1	7.28465101E+0	3.12307159E+1	2.35421405E-1
3.78231664E+5	3.24679365E+1	-3.52128256E-9	3.02358575E+1	8.21515123E+0	3.13320266E+1	2.65297760E-1
4.05565415E+5	3.29117406E+1	-3.64136445E-9	3.01041082E+1	9.19352004E+0	3.14766351E+1	2.96395041E-1
4.34874501E+5	3.34308884E+1	-3.73875803E-9	2.99388711E+1	1.02247899E+1	3.16367347E+1	3.29102323E-1
4.66301673E+5	3.40740854E+1	-3.80363199E-9	2.97800318E+1	1.13082264E+1	3.18547832E+1	3.62906712E-1
NaN	NaN	NaN	NaN	NaN	NaN	NaN
