Start time:20240906_23-37-46	sweep/start:500.000	sweep/stop:500000.000	sweep/samplecount:100.000	sweep/xmapping:1.000	sweep/scan:0.000	sweep/averaging/sample:10.000	sweep/settling/time:0.100	sweep/settling/inaccuracy:0.010	sweep/awgcontrol:0.000	sweep/averaging/time:0.100	sweep/averaging/tc:15.000	sweep/bandwidthcontrol:2.000	sweep/sincfilter:0.000	sweep/omegasuppression:80.000	sweep/maxbandwidth:100.000	sweep/bandwidth:1250000.000	sweep/order:8.000	sweep/bandwidthoverlap:1.000																				
Frequency	Param0		Param1		RealZ		ImagZ		AbsZ		PhaseZ		
5.00000000E+2	1.41877787E+3	7.39483392E-7	1.19587936E+2	-3.94166700E+2	4.11908566E+2	-1.27622840E+0
5.36133611E+2	1.28314640E+3	7.29424958E-7	1.17281354E+2	-3.69775834E+2	3.87929232E+2	-1.26366372E+0
5.74878498E+2	1.16097471E+3	7.18853561E-7	1.15091936E+2	-3.46947598E+2	3.65539045E+2	-1.25049203E+0
6.16423370E+2	1.05140968E+3	7.07513496E-7	1.13042479E+2	-3.25692031E+2	3.44751951E+2	-1.23672168E+0
6.60970574E+2	9.52906990E+2	6.95627751E-7	1.11081906E+2	-3.05796423E+2	3.25346971E+2	-1.22236270E+0
7.08737081E+2	8.64571609E+2	6.83061004E-7	1.09219189E+2	-2.87226228E+2	3.07290980E+2	-1.20742658E+0
7.59955541E+2	7.85790459E+2	6.69730559E-7	1.07426860E+2	-2.69952639E+2	2.90542533E+2	-1.19206098E+0
8.14875417E+2	7.15011533E+2	6.55754580E-7	1.05723563E+2	-2.53803208E+2	2.74942802E+2	-1.17609845E+0
8.73764200E+2	6.51896127E+2	6.41099801E-7	1.04062131E+2	-2.38765077E+2	2.60456697E+2	-1.15978440E+0
9.36908711E+2	5.95446353E+2	6.25835151E-7	1.02444598E+2	-2.24733961E+2	2.46982290E+2	-1.14308958E+0
1.00461650E+3	5.44836192E+2	6.09925812E-7	1.00896819E+2	-2.11641341E+2	2.34461570E+2	-1.12593339E+0
1.07721735E+3	4.99765365E+2	5.93424225E-7	9.93708363E+1	-1.99468116E+2	2.22849937E+2	-1.10860655E+0
1.15506485E+3	4.59443971E+2	5.76416931E-7	9.78764830E+1	-1.88119505E+2	2.12058377E+2	-1.09104968E+0
1.23853818E+3	4.23443137E+2	5.59014797E-7	9.63850338E+1	-1.77548595E+2	2.02023709E+2	-1.07344704E+0
1.32804389E+3	3.91227663E+2	5.41254295E-7	9.49098639E+1	-1.67700565E+2	1.92694998E+2	-1.05579119E+0
1.42401793E+3	3.62473195E+2	5.23175168E-7	9.34458069E+1	-1.58554342E+2	1.84042383E+2	-1.03823606E+0
1.52692775E+3	3.36679866E+2	5.04932883E-7	9.19864692E+1	-1.50028265E+2	1.75982929E+2	-1.02078006E+0
1.63727458E+3	3.13546585E+2	4.86661921E-7	9.05126524E+1	-1.42082341E+2	1.68463445E+2	-1.00358325E+0
1.75559587E+3	2.92834214E+2	4.68425336E-7	8.90219490E+1	-1.34698788E+2	1.61457956E+2	-9.86799144E-1
1.88246790E+3	2.74147426E+2	4.50313607E-7	8.75275159E+1	-1.27806010E+2	1.54904624E+2	-9.70312967E-1
2.01850863E+3	2.57277888E+2	4.32455895E-7	8.60123039E+1	-1.21371112E+2	1.48758406E+2	-9.54273936E-1
2.16438064E+3	2.42081397E+2	4.14910165E-7	8.44734358E+1	-1.15384945E+2	1.43001563E+2	-9.38849327E-1
2.32079442E+3	2.28275838E+2	3.97741174E-7	8.29223238E+1	-1.09786385E+2	1.37583293E+2	-9.23907970E-1
2.48851178E+3	2.15724898E+2	3.81059044E-7	8.13425751E+1	-1.04551440E+2	1.32467424E+2	-9.09605450E-1
2.66834962E+3	2.04261302E+2	3.64872254E-7	7.97476510E+1	-9.96477332E+1	1.27629772E+2	-8.95875112E-1
2.86118383E+3	1.93762878E+2	3.49258959E-7	7.81274225E+1	-9.50489328E+1	1.23037368E+2	-8.82801547E-1
3.06795364E+3	1.84115246E+2	3.34206778E-7	7.64943416E+1	-9.07325179E+1	1.18675079E+2	-8.70336191E-1
3.28966612E+3	1.75181503E+2	3.19737429E-7	7.48518445E+1	-8.66594467E+1	1.14510517E+2	-8.58375309E-1
3.52740116E+3	1.66889441E+2	3.05879166E-7	7.31955165E+1	-8.28128914E+1	1.10524019E+2	-8.46966765E-1
3.78231664E+3	1.59161799E+2	2.92582340E-7	7.15412544E+1	-7.91737546E+1	1.06708175E+2	-8.35996877E-1
4.05565415E+3	1.51944982E+2	2.79872204E-7	6.98827073E+1	-7.57280214E+1	1.03045264E+2	-8.25520045E-1
4.34874501E+3	1.45152124E+2	2.67738532E-7	6.82233172E+1	-7.24454160E+1	9.95126090E+1	-8.15403635E-1
4.66301673E+3	1.38744282E+2	2.56114148E-7	6.65790026E+1	-6.93158862E+1	9.61116839E+1	-8.05535152E-1
5.00000000E+3	1.32707119E+2	2.44971347E-7	6.49543523E+1	-6.63388026E+1	9.28434423E+1	-7.95942499E-1
5.36133611E+3	1.26945992E+2	2.34272900E-7	6.33569583E+1	-6.34728886E+1	8.96822827E+1	-7.86312221E-1
5.74878498E+3	1.21476021E+2	2.24030447E-7	6.17793294E+1	-6.07290821E+1	8.66297121E+1	-7.76825515E-1
6.16423370E+3	1.16276363E+2	2.14157240E-7	6.02412463E+1	-5.81001300E+1	8.36936852E+1	-7.67307426E-1
6.60970574E+3	1.11304364E+2	2.04658430E-7	5.87367951E+1	-5.55666304E+1	8.08558072E+1	-7.57670630E-1
7.08737081E+3	1.06563380E+2	1.95473720E-7	5.72784565E+1	-5.31315749E+1	7.81267296E+1	-7.47856889E-1
7.59955541E+3	1.02029084E+2	1.86613251E-7	5.58589107E+1	-5.07840082E+1	7.54932675E+1	-7.37846232E-1
8.14875417E+3	9.77008708E+1	1.78008842E-7	5.44929977E+1	-4.85234625E+1	7.29658363E+1	-7.27515502E-1
8.73764200E+3	9.35674413E+1	1.69682335E-7	5.31708561E+1	-4.63456678E+1	7.05341117E+1	-7.16921926E-1
9.36908711E+3	8.96239074E+1	1.61577003E-7	5.19044352E+1	-4.42471224E+1	6.82046792E+1	-7.05927938E-1
1.00461650E+4	8.58609719E+1	1.53683830E-7	5.06925710E+1	-4.22229396E+1	6.59735811E+1	-6.94495261E-1
1.07721735E+4	8.22804637E+1	1.46008146E-7	4.95315925E+1	-4.02753488E+1	6.38395049E+1	-6.82692578E-1
1.15506485E+4	7.88666016E+1	1.38519607E-7	4.84257161E+1	-3.83942915E+1	6.17994469E+1	-6.70365480E-1
1.23853818E+4	7.56330297E+1	1.31233367E-7	4.73710289E+1	-3.65896154E+1	5.98566153E+1	-6.57686733E-1
1.32804389E+4	7.25557005E+1	1.24131745E-7	4.63674449E+1	-3.48465558E+1	5.80019174E+1	-6.44480000E-1
1.42401793E+4	6.96400539E+1	1.17221661E-7	4.54128477E+1	-3.31696605E+1	5.62365819E+1	-6.30840325E-1
1.52692775E+4	6.68819086E+1	1.10505418E-7	4.45053423E+1	-3.15575082E+1	5.45582450E+1	-6.16788864E-1
1.63727458E+4	6.42737093E+1	1.03974394E-7	4.36454913E+1	-3.00054718E+1	5.29646816E+1	-6.02274853E-1
1.75559587E+4	6.18170778E+1	9.76187456E-8	4.28365977E+1	-2.85141906E+1	5.14590444E+1	-5.87298582E-1
1.88246790E+4	5.94998364E+1	9.14715376E-8	4.20672285E+1	-2.70802766E+1	5.00299228E+1	-5.71960552E-1
2.01850863E+4	5.73272375E+1	8.55265516E-8	4.13415406E+1	-2.57074559E+1	4.86826078E+1	-5.56317312E-1
2.16438064E+4	5.52841035E+1	7.97698215E-8	4.06599271E+1	-2.43847885E+1	4.74114713E+1	-5.40217517E-1
2.32079442E+4	5.33672783E+1	7.42358593E-8	4.00131988E+1	-2.31157817E+1	4.62103397E+1	-5.23863974E-1
2.48851178E+4	5.15674315E+1	6.89234006E-8	3.93995496E+1	-2.18954015E+1	4.50747542E+1	-5.07229662E-1
2.66834962E+4	4.98832706E+1	6.38009793E-8	3.88282895E+1	-2.07182516E+1	4.40100223E+1	-4.90154422E-1
2.86118383E+4	4.83140026E+1	5.89160228E-8	3.82880168E+1	-1.95927288E+1	4.30098515E+1	-4.72979261E-1
3.06795364E+4	4.68474963E+1	5.42670028E-8	3.77753458E+1	-1.85122549E+1	4.20675690E+1	-4.55665507E-1
3.28966612E+4	4.54815098E+1	4.98352866E-8	3.72956354E+1	-1.74727608E+1	4.11856991E+1	-4.38126202E-1
3.52740116E+4	4.42094116E+1	4.56296416E-8	3.68445258E+1	-1.64728780E+1	4.03593211E+1	-4.20432667E-1
3.78231664E+4	4.30266203E+1	4.16523159E-8	3.64201432E+1	-1.55115708E+1	3.95858014E+1	-4.02638098E-1
4.05565415E+4	4.19279835E+1	3.78972325E-8	3.60222321E+1	-1.45855521E+1	3.88630872E+1	-3.84726950E-1
4.34874501E+4	4.09061264E+1	3.43726525E-8	3.56448910E+1	-1.36943840E+1	3.81850025E+1	-3.66802562E-1
4.66301673E+4	3.99608533E+1	3.10634656E-8	3.52926733E+1	-1.28355964E+1	3.75542985E+1	-3.48818477E-1
5.00000000E+4	3.90817355E+1	2.79697723E-8	3.49590097E+1	-1.20052653E+1	3.69629378E+1	-3.30791765E-1
5.36133611E+4	3.82690995E+1	2.50859631E-8	3.46457227E+1	-1.12042179E+1	3.64123689E+1	-3.12778618E-1
5.74878498E+4	3.75190752E+1	2.24037846E-8	3.43523167E+1	-1.04300280E+1	3.59007960E+1	-2.94773981E-1
6.16423370E+4	3.68254196E+1	1.99134944E-8	3.40764926E+1	-9.67852173E+0	3.54243015E+1	-2.76735701E-1
6.60970574E+4	3.61834447E+1	1.76129915E-8	3.38147132E+1	-8.94974658E+0	3.49790338E+1	-2.58737536E-1
7.08737081E+4	3.55944883E+1	1.54896861E-8	3.35708048E+1	-8.24237063E+0	3.45678408E+1	-2.40759642E-1
7.59955541E+4	3.50485274E+1	1.35355606E-8	3.33378587E+1	-7.55182247E+0	3.41824934E+1	-2.22764459E-1
8.14875417E+4	3.45461754E+1	1.17389287E-8	3.31183731E+1	-6.87651687E+0	3.38247413E+1	-2.04725534E-1
8.73764200E+4	3.40868520E+1	1.00936451E-8	3.29125502E+1	-6.21685268E+0	3.34945552E+1	-1.86690434E-1
9.36908711E+4	3.36651933E+1	8.58768347E-9	3.27175398E+1	-5.56820139E+0	3.31879843E+1	-1.68574909E-1
1.00461650E+5	3.32820512E+1	7.21203747E-9	3.25351731E+1	-4.92948273E+0	3.29064933E+1	-1.50368756E-1
1.07721735E+5	3.29288272E+1	5.96201830E-9	3.23575054E+1	-4.29959750E+0	3.26419163E+1	-1.32104032E-1
1.15506485E+5	3.26116838E+1	4.82061631E-9	3.21926195E+1	-3.67297817E+0	3.24014742E+1	-1.13602558E-1
1.23853818E+5	3.23246571E+1	3.78621079E-9	3.20340752E+1	-3.05098559E+0	3.21790382E+1	-9.49554599E-2
1.32804389E+5	3.20656053E+1	2.84901382E-9	3.18803406E+1	-2.43023904E+0	3.19728388E+1	-7.60828902E-2
1.42401793E+5	3.18431211E+1	1.99873600E-9	3.17401907E+1	-1.80749009E+0	3.17916143E+1	-5.68849776E-2
1.52692775E+5	3.16484128E+1	1.23152727E-9	3.16042216E+1	-1.18178751E+0	3.16263095E+1	-3.73759304E-2
1.63727458E+5	3.14794501E+1	5.39594781E-10	3.14698405E+1	-5.49908871E-1	3.14746449E+1	-1.74723783E-2
1.75559587E+5	3.13440324E+1	-8.26647078E-11	3.13437761E+1	8.95841663E-2	3.13439043E+1	2.85810708E-3
1.88246790E+5	3.12440607E+1	-6.40366484E-10	3.12199011E+1	7.38549571E-1	3.12319766E+1	2.36536726E-2
2.01850863E+5	3.11645176E+1	-1.14108411E-9	3.11012536E+1	1.40270528E+0	3.11328695E+1	4.50707025E-2
2.16438064E+5	3.11246497E+1	-1.58829312E-9	3.09846122E+1	2.08302591E+0	3.10545520E+1	6.71267499E-2
2.32079442E+5	3.11201232E+1	-1.98620120E-9	3.08693443E+1	2.78232913E+0	3.09944801E+1	8.98895407E-2
2.48851178E+5	3.11536855E+1	-2.33752686E-9	3.07549479E+1	3.50187468E+0	3.09536746E+1	1.13375494E-1
2.66834962E+5	3.12344758E+1	-2.64656505E-9	3.06458330E+1	4.24727942E+0	3.09387545E+1	1.37715120E-1
2.86118383E+5	3.13545529E+1	-2.91783558E-9	3.05287364E+1	5.02106549E+0	3.09388894E+1	1.63010754E-1
3.06795364E+5	3.15268868E+1	-3.15045881E-9	3.04120451E+1	5.82276401E+0	3.09644490E+1	1.89173035E-1
3.28966612E+5	3.17602553E+1	-3.34848297E-9	3.02963299E+1	6.65968593E+0	3.10196577E+1	2.16376916E-1
3.52740116E+5	3.20521509E+1	-3.51547679E-9	3.01705145E+1	7.53457565E+0	3.10971040E+1	2.44727434E-1
3.78231664E+5	3.24261147E+1	-3.65413043E-9	3.00438505E+1	8.46003750E+0	3.12122625E+1	2.74482159E-1
4.05565415E+5	3.28894661E+1	-3.75639489E-9	2.99235897E+1	9.42068486E+0	3.13714975E+1	3.05001305E-1
4.34874501E+5	3.34153277E+1	-3.83724866E-9	2.97620428E+1	1.04272945E+1	3.15358262E+1	3.36991583E-1
4.66301673E+5	3.40909857E+1	-3.89059965E-9	2.96183038E+1	1.15096592E+1	3.17760451E+1	3.70640010E-1
5.00000000E+5	3.48568420E+1	-3.91734658E-9	2.94394404E+1	1.26287199E+1	3.20338229E+1	4.05230769E-1
