Start time:20240903_13-15-12	sweep/start:500.000	sweep/stop:500000.000	sweep/samplecount:100.000	sweep/xmapping:1.000	sweep/scan:0.000	sweep/averaging/sample:10.000	sweep/settling/time:0.100	sweep/settling/inaccuracy:0.010	sweep/awgcontrol:0.000	sweep/averaging/time:0.100	sweep/averaging/tc:15.000	sweep/bandwidthcontrol:2.000	sweep/sincfilter:0.000	sweep/omegasuppression:80.000	sweep/maxbandwidth:100.000	sweep/bandwidth:1250000.000	sweep/order:8.000	sweep/bandwidthoverlap:1.000																				
Frequency	Param0		Param1		RealZ		ImagZ		AbsZ		PhaseZ		
5.00000000E+2	9.52058125E+2	7.53263419E-7	1.56692076E+2	-3.53026089E+2	3.86238073E+2	-1.15306506E+0
5.36133611E+2	8.62636862E+2	7.34981958E-7	1.55106708E+2	-3.31273972E+2	3.65787611E+2	-1.13290031E+0
5.74878498E+2	7.83663265E+2	7.15378354E-7	1.53642998E+2	-3.11123659E+2	3.46993019E+2	-1.11209479E+0
6.16423370E+2	7.13600545E+2	6.94809150E-7	1.52227393E+2	-2.92329045E+2	3.29589853E+2	-1.09069494E+0
6.60970574E+2	6.51730456E+2	6.73578156E-7	1.50730730E+2	-2.74801621E+2	3.13425768E+2	-1.06909976E+0
7.08737081E+2	5.96318718E+2	6.51507764E-7	1.49336127E+2	-2.58361284E+2	2.98415576E+2	-1.04670078E+0
7.59955541E+2	5.47954825E+2	6.28976321E-7	1.47765113E+2	-2.43174862E+2	2.84549749E+2	-1.02477104E+0
8.14875417E+2	5.04737760E+2	6.05782488E-7	1.46267088E+2	-2.28981079E+2	2.71710199E+2	-1.00235352E+0
8.73764200E+2	4.66259269E+2	5.82102779E-7	1.44789671E+2	-2.15743882E+2	2.59825881E+2	-9.79718145E-1
9.36908711E+2	4.32015939E+2	5.58261145E-7	1.43255048E+2	-2.03387374E+2	2.48773879E+2	-9.57159685E-1
1.00461650E+3	4.01541438E+2	5.33969440E-7	1.41802376E+2	-1.91915594E+2	2.38620025E+2	-9.34450797E-1
1.07721735E+3	3.74307423E+2	5.10029638E-7	1.40210733E+2	-1.81170760E+2	2.29089291E+2	-9.12164618E-1
1.15506485E+3	3.50026812E+2	4.85878950E-7	1.38709053E+2	-1.71206524E+2	2.20344912E+2	-8.89875481E-1
1.23853818E+3	3.28059113E+2	4.62237286E-7	1.37116584E+2	-1.61806590E+2	2.12090397E+2	-8.67807569E-1
1.32804389E+3	3.08448147E+2	4.38789128E-7	1.35555280E+2	-1.53089944E+2	2.04479264E+2	-8.46071747E-1
1.42401793E+3	2.90812582E+2	4.15865697E-7	1.33958890E+2	-1.44954954E+2	1.97375091E+2	-8.24802334E-1
1.52692775E+3	2.74890424E+2	3.93492638E-7	1.32353937E+2	-1.37350848E+2	1.90742824E+2	-8.03923386E-1
1.63727458E+3	2.60358843E+2	3.71678263E-7	1.30766663E+2	-1.30178075E+2	1.84516271E+2	-7.83142574E-1
1.75559587E+3	2.47226852E+2	3.50606003E-7	1.29154475E+2	-1.23489158E+2	1.78690941E+2	-7.62977758E-1
1.88246790E+3	2.35284268E+2	3.30361417E-7	1.27508853E+2	-1.17227611E+2	1.73207460E+2	-7.43413414E-1
2.01850863E+3	2.24362873E+2	3.10771490E-7	1.25905271E+2	-1.11338798E+2	1.68072803E+2	-7.24076448E-1
2.16438064E+3	2.14368438E+2	2.92014258E-7	1.24293341E+2	-1.05809884E+2	1.63231639E+2	-7.05243459E-1
2.32079442E+3	2.05161627E+2	2.74135615E-7	1.22660372E+2	-1.00596383E+2	1.58635433E+2	-6.86890182E-1
2.48851178E+3	1.96669433E+2	2.57047557E-7	1.21042361E+2	-9.56769420E+1	1.54289766E+2	-6.68885522E-1
2.66834962E+3	1.88848619E+2	2.40772472E-7	1.19437685E+2	-9.10509695E+1	1.50185356E+2	-6.51345928E-1
2.86118383E+3	1.81601055E+2	2.25279955E-7	1.17852352E+2	-8.66771769E+1	1.46294603E+2	-6.34138568E-1
3.06795364E+3	1.74859685E+2	2.10593004E-7	1.16272588E+2	-8.25352741E+1	1.42588174E+2	-6.17301442E-1
3.28966612E+3	1.68596926E+2	1.96634911E-7	1.14726731E+2	-7.86152051E+1	1.39077582E+2	-6.00750264E-1
3.52740116E+3	1.62747792E+2	1.83403548E-7	1.13204978E+2	-7.48898659E+1	1.35734520E+2	-5.84446474E-1
3.78231664E+3	1.57288640E+2	1.70902862E-7	1.11702571E+2	-7.13588096E+1	1.32550161E+2	-5.68481805E-1
4.05565415E+3	1.52199632E+2	1.59056885E-7	1.10245509E+2	-6.80092081E+1	1.29535036E+2	-5.52745204E-1
4.34874501E+3	1.47399802E+2	1.47873912E-7	1.08806008E+2	-6.48015106E+1	1.26641161E+2	-5.37155209E-1
4.66301673E+3	1.42929369E+2	1.37320166E-7	1.07410932E+2	-6.17662327E+1	1.23903900E+2	-5.21868875E-1
5.00000000E+3	1.38736706E+2	1.27404134E-7	1.06039119E+2	-5.88831241E+1	1.21291046E+2	-5.06900329E-1
5.36133611E+3	1.34785520E+2	1.17984703E-7	1.04730508E+2	-5.61041562E+1	1.18811430E+2	-4.91798252E-1
5.74878498E+3	1.31073851E+2	1.09158906E-7	1.03444545E+2	-5.34612044E+1	1.16442581E+2	-4.77005220E-1
6.16423370E+3	1.27598800E+2	1.00854636E-7	1.02207466E+2	-5.09429412E+1	1.14199605E+2	-4.62388269E-1
6.60970574E+3	1.24338953E+2	9.30558196E-8	1.01014597E+2	-4.85396753E+1	1.12071625E+2	-4.47943648E-1
7.08737081E+3	1.21268035E+2	8.57178459E-8	9.98689273E+1	-4.62288380E+1	1.10049573E+2	-4.33525609E-1
7.59955541E+3	1.18379148E+2	7.88593014E-8	9.87564818E+1	-4.40211909E+1	1.08123578E+2	-4.19318138E-1
8.14875417E+3	1.15673045E+2	7.24466106E-8	9.76889655E+1	-4.19147434E+1	1.06301364E+2	-4.05307206E-1
8.73764200E+3	1.13143366E+2	6.64358971E-8	9.66790261E+1	-3.98968190E+1	1.04587717E+2	-3.91383370E-1
9.36908711E+3	1.10765588E+2	6.08219656E-8	9.57116614E+1	-3.79583477E+1	1.02963870E+2	-3.77563813E-1
1.00461650E+4	1.08538696E+2	5.56124173E-8	9.47796508E+1	-3.61120080E+1	1.01426129E+2	-3.64029397E-1
1.07721735E+4	1.06455064E+2	5.07541386E-8	9.38977371E+1	-3.43380893E+1	9.99794457E+1	-3.50589472E-1
1.15506485E+4	1.04498958E+2	4.62558673E-8	9.30481087E+1	-3.26416851E+1	9.86074558E+1	-3.37391243E-1
1.23853818E+4	1.02669756E+2	4.20741576E-8	9.22456143E+1	-3.10093703E+1	9.73182133E+1	-3.24293214E-1
1.32804389E+4	1.00967861E+2	3.82190000E-8	9.14826226E+1	-2.94573303E+1	9.61082966E+1	-3.11515373E-1
1.42401793E+4	9.93723724E+1	3.46606703E-8	9.07533387E+1	-2.79679426E+1	9.49651228E+1	-2.98940150E-1
1.52692775E+4	9.78825440E+1	3.13713515E-8	9.00656590E+1	-2.65335905E+1	9.38927884E+1	-2.86497843E-1
1.63727458E+4	9.64984195E+1	2.83593555E-8	8.94119046E+1	-2.51717382E+1	9.28876058E+1	-2.74422799E-1
1.75559587E+4	9.52149741E+1	2.55897841E-8	8.88004001E+1	-2.38666341E+1	9.19517686E+1	-2.62562439E-1
1.88246790E+4	9.40320665E+1	2.30528577E-8	8.82318705E+1	-2.26221382E+1	9.10858115E+1	-2.50987605E-1
2.01850863E+4	9.28940857E+1	2.07205787E-8	8.76695218E+1	-2.14017350E+1	9.02440028E+1	-2.39435349E-1
2.16438064E+4	9.18570032E+1	1.86022700E-8	8.71509607E+1	-2.02518119E+1	8.94730466E+1	-2.28324060E-1
2.32079442E+4	9.08962279E+1	1.66698857E-8	8.66652993E+1	-1.91487386E+1	8.87555563E+1	-2.17456729E-1
2.48851178E+4	8.99972324E+1	1.49150177E-8	8.62001023E+1	-1.80917417E+1	8.80782071E+1	-2.06877913E-1
2.66834962E+4	8.91727889E+1	1.33202454E-8	8.57712406E+1	-1.70808244E+1	8.74554785E+1	-1.96572312E-1
2.86118383E+4	8.84038105E+1	1.18795452E-8	8.53611391E+1	-1.61159773E+1	8.68691540E+1	-1.86601161E-1
3.06795364E+4	8.76949312E+1	1.05709459E-8	8.49812596E+1	-1.51858870E+1	8.63274331E+1	-1.76830440E-1
3.28966612E+4	8.70319779E+1	9.39058200E-9	8.46172667E+1	-1.42942716E+1	8.58161295E+1	-1.67348614E-1
3.52740116E+4	8.64250007E+1	8.32422212E-9	8.42822488E+1	-1.34385959E+1	8.53469004E+1	-1.58116528E-1
3.78231664E+4	8.58637202E+1	7.36289087E-9	8.39682928E+1	-1.26156935E+1	8.49107178E+1	-1.49128120E-1
4.05565415E+4	8.53403124E+1	6.50288791E-9	8.36670757E+1	-1.18319373E+1	8.44995525E+1	-1.40485319E-1
4.34874501E+4	8.48595055E+1	5.72784454E-9	8.33886221E+1	-1.10749642E+1	8.41208490E+1	-1.32038733E-1
4.66301673E+4	8.44206479E+1	5.02998495E-9	8.31338726E+1	-1.03428496E+1	8.37747897E+1	-1.23775979E-1
5.00000000E+4	8.39995830E+1	4.41055925E-9	8.28768543E+1	-9.64614774E+0	8.34363302E+1	-1.15869985E-1
5.36133611E+4	8.36244523E+1	3.85003776E-9	8.26522481E+1	-8.96408249E+0	8.31369291E+1	-1.08033136E-1
5.74878498E+4	8.32688212E+1	3.35253064E-9	8.24306907E+1	-8.31189540E+0	8.28486961E+1	-1.00495274E-1
6.16423370E+4	8.29378457E+1	2.90758431E-9	8.22205967E+1	-7.67935342E+0	8.25784424E+1	-9.31292119E-2
6.60970574E+4	8.26377964E+1	2.50827752E-9	8.20299337E+1	-7.06136422E+0	8.23333040E+1	-8.58710876E-2
7.08737081E+4	8.23517811E+1	2.15450902E-9	8.18408719E+1	-6.46631100E+0	8.20959291E+1	-7.88469769E-2
7.59955541E+4	8.20978724E+1	1.83932363E-9	8.16732546E+1	-5.88895172E+0	8.18852882E+1	-7.19792272E-2
8.14875417E+4	8.18516298E+1	1.55793747E-9	8.15041915E+1	-5.32143027E+0	8.16777259E+1	-6.51977283E-2
8.73764200E+4	8.16316538E+1	1.30629070E-9	8.13528364E+1	-4.76261271E+0	8.14921259E+1	-5.84759309E-2
9.36908711E+4	8.14172097E+1	1.08232560E-9	8.11987077E+1	-4.21211732E+0	8.13078853E+1	-5.18277330E-2
1.00461650E+5	8.12410681E+1	8.86114373E-10	8.10736603E+1	-3.68404881E+0	8.11573210E+1	-4.54095219E-2
1.07721735E+5	8.10463146E+1	7.08689657E-10	8.09240147E+1	-3.14593655E+0	8.09851416E+1	-3.88556265E-2
1.15506485E+5	8.08752973E+1	5.50869177E-10	8.07908335E+1	-2.61223856E+0	8.08330544E+1	-3.23220870E-2
1.23853818E+5	8.07262210E+1	4.11406488E-10	8.06723339E+1	-2.08496948E+0	8.06992729E+1	-2.58391595E-2
1.32804389E+5	8.05813477E+1	2.86553830E-10	8.05514391E+1	-1.55205328E+0	8.05663920E+1	-1.92654624E-2
1.42401793E+5	8.04488459E+1	1.76094294E-10	8.04359219E+1	-1.01955444E+0	8.04423837E+1	-1.26746841E-2
1.52692775E+5	8.03212147E+1	7.75638332E-11	8.03183442E+1	-4.80067856E-1	8.03197794E+1	-5.97699249E-3
1.63727458E+5	8.02097409E+1	-1.00223088E-11	8.02096850E+1	6.63318664E-2	8.02097129E+1	8.26981403E-4
1.75559587E+5	8.01080239E+1	-8.80782288E-11	8.01031709E+1	6.23446071E-1	8.01055974E+1	7.78287985E-3
1.88246790E+5	7.99629307E+1	-1.61201274E-10	7.99416081E+1	1.21898192E+0	7.99522684E+1	1.52459133E-2
2.01850863E+5	7.99344646E+1	-2.19325814E-10	7.98949647E+1	1.77645259E+0	7.99147122E+1	2.22311894E-2
2.16438064E+5	7.98661765E+1	-2.74586222E-10	7.97952036E+1	2.37975378E+0	7.98306821E+1	2.98144280E-2
2.32079442E+5	7.98008395E+1	-3.23752765E-10	7.96877373E+1	3.00212629E+0	7.97442683E+1	3.76558219E-2
2.48851178E+5	7.97526572E+1	-3.67708541E-10	7.95853276E+1	3.64923181E+0	7.96689485E+1	4.58209776E-2
2.66834962E+5	7.97311392E+1	-4.06025578E-10	7.94969520E+1	4.31473581E+0	7.96139595E+1	5.42222984E-2
2.86118383E+5	7.97014167E+1	-4.42036034E-10	7.93829690E+1	5.02778143E+0	7.95420335E+1	6.32513008E-2
3.06795364E+5	7.96977324E+1	-4.72630659E-10	7.92797399E+1	5.75650327E+0	7.94884613E+1	7.24828101E-2
3.28966612E+5	7.97078573E+1	-5.00783655E-10	7.91689354E+1	6.53187268E+0	7.94379393E+1	8.23190550E-2
3.52740116E+5	7.97399296E+1	-5.24976772E-10	7.90593808E+1	7.33506995E+0	7.93989260E+1	9.25143783E-2
3.78231664E+5	7.98036167E+1	-5.46579695E-10	7.89551963E+1	8.18453739E+0	7.93782729E+1	1.03291652E-1
4.05565415E+5	7.99357578E+1	-5.67943231E-10	7.88799119E+1	9.12537014E+0	7.94060789E+1	1.15175188E-1
4.34874501E+5	8.00033759E+1	-5.82972728E-10	7.87247276E+1	1.00325214E+1	7.93614757E+1	1.26754830E-1
4.66301673E+5	8.01256741E+1	-5.97072508E-10	7.85814632E+1	1.10144743E+1	7.93498089E+1	1.39259146E-1
NaN	NaN	NaN	NaN	NaN	NaN	NaN
