Start time:20240903_04-50-26	sweep/start:500.000	sweep/stop:500000.000	sweep/samplecount:100.000	sweep/xmapping:1.000	sweep/scan:0.000	sweep/averaging/sample:10.000	sweep/settling/time:0.100	sweep/settling/inaccuracy:0.010	sweep/awgcontrol:0.000	sweep/averaging/time:0.100	sweep/averaging/tc:15.000	sweep/bandwidthcontrol:2.000	sweep/sincfilter:0.000	sweep/omegasuppression:80.000	sweep/maxbandwidth:100.000	sweep/bandwidth:1250000.000	sweep/order:8.000	sweep/bandwidthoverlap:1.000																				
Frequency	Param0		Param1		RealZ		ImagZ		AbsZ		PhaseZ		
5.00000000E+2	1.24395506E+3	8.47967326E-7	1.03821971E+2	-3.44050158E+2	3.59373820E+2	-1.27772192E+0
5.36133611E+2	1.11089643E+3	8.37399910E-7	1.02669438E+2	-3.21735204E+2	3.37719716E+2	-1.26189945E+0
5.74878498E+2	9.92108752E+2	8.26173999E-7	1.01594082E+2	-3.00783634E+2	3.17477834E+2	-1.24506294E+0
6.16423370E+2	8.86910212E+2	8.13774869E-7	1.00622749E+2	-2.81279724E+2	2.98736062E+2	-1.22725001E+0
6.60970574E+2	7.93612428E+2	8.00335486E-7	9.97252355E+1	-2.63054787E+2	2.81323611E+2	-1.20843224E+0
7.08737081E+2	7.11752715E+2	7.85921284E-7	9.87851920E+1	-2.46073079E+2	2.65161264E+2	-1.18904352E+0
7.59955541E+2	6.38813631E+2	7.70471569E-7	9.79282750E+1	-2.30147495E+2	2.50115637E+2	-1.16850034E+0
8.14875417E+2	5.74744253E+2	7.53451279E-7	9.71527536E+1	-2.15404923E+2	2.36300543E+2	-1.14709132E+0
8.73764200E+2	5.17807724E+2	7.35587541E-7	9.63768331E+1	-2.01534483E+2	2.23393479E+2	-1.12472802E+0
9.36908711E+2	4.67529361E+2	7.16546172E-7	9.56249406E+1	-1.88582336E+2	2.11441327E+2	-1.10150666E+0
1.00461650E+3	4.23077532E+2	6.96109527E-7	9.49487239E+1	-1.76508900E+2	2.00426187E+2	-1.07727022E+0
1.07721735E+3	3.83843630E+2	6.74565301E-7	9.42802371E+1	-1.65227377E+2	1.90233682E+2	-1.05226822E+0
1.15506485E+3	3.49110306E+2	6.51691185E-7	9.36869706E+1	-1.54692684E+2	1.80850983E+2	-1.02624531E+0
1.23853818E+3	3.18491294E+2	6.28032579E-7	9.30468365E+1	-1.44833992E+2	1.72147035E+2	-9.99755615E-1
1.32804389E+3	2.91467704E+2	6.03262462E-7	9.24509817E+1	-1.35643968E+2	1.64153805E+2	-9.72546252E-1
1.42401793E+3	2.67621771E+2	5.77526217E-7	9.18907077E+1	-1.27074956E+2	1.56818204E+2	-9.44720127E-1
1.52692775E+3	2.46470356E+2	5.51111406E-7	9.13440899E+1	-1.19037228E+2	1.50045349E+2	-9.16278763E-1
1.63727458E+3	2.27756186E+2	5.24094687E-7	9.08167398E+1	-1.11518567E+2	1.43819582E+2	-8.87357817E-1
1.75559587E+3	2.11290870E+2	4.96693764E-7	9.02901388E+1	-1.04523534E+2	1.38121251E+2	-8.58330179E-1
1.88246790E+3	1.96694484E+2	4.68938115E-7	8.98054643E+1	-9.79755875E+1	1.32906878E+2	-8.28879494E-1
2.01850863E+3	1.83773908E+2	4.41268244E-7	8.93070158E+1	-9.18507128E+1	1.28110491E+2	-7.99438575E-1
2.16438064E+3	1.72328655E+2	4.13712759E-7	8.88280166E+1	-8.61231405E+1	1.23723936E+2	-7.69938649E-1
2.32079442E+3	1.62198435E+2	3.86396771E-7	8.83816181E+1	-8.07715834E+1	1.19730362E+2	-7.40439466E-1
2.48851178E+3	1.53224080E+2	3.59695421E-7	8.79277321E+1	-7.57717548E+1	1.16071726E+2	-7.11276325E-1
2.66834962E+3	1.45241043E+2	3.33605456E-7	8.74989076E+1	-7.10800471E+1	1.12731683E+2	-6.82228324E-1
2.86118383E+3	1.38166804E+2	3.08413606E-7	8.70699603E+1	-6.67008215E+1	1.09682168E+2	-6.53700587E-1
3.06795364E+3	1.31862563E+2	2.84129138E-7	8.66608547E+1	-6.25876856E+1	1.06898655E+2	-6.25479665E-1
3.28966612E+3	1.26276806E+2	2.60943440E-7	8.62618639E+1	-5.87517068E+1	1.04368925E+2	-5.97918565E-1
3.52740116E+3	1.21283047E+2	2.38916538E-7	8.58676751E+1	-5.51455805E+1	1.02050444E+2	-5.70883575E-1
3.78231664E+3	1.16847525E+2	2.18083275E-7	8.54935475E+1	-5.17741445E+1	9.99485329E+1	-5.44520585E-1
4.05565415E+3	1.12881315E+2	1.98521295E-7	8.51233004E+1	-4.86091872E+1	9.80246393E+1	-5.18856496E-1
4.34874501E+3	1.09333685E+2	1.80231296E-7	8.47610221E+1	-4.56377435E+1	9.62664781E+1	-4.93915698E-1
4.66301673E+3	1.06191419E+2	1.63181298E-7	8.44290820E+1	-4.28645952E+1	9.46870841E+1	-4.69788128E-1
5.00000000E+3	1.03369993E+2	1.47410188E-7	8.40978966E+1	-4.02584436E+1	9.32373258E+1	-4.46470417E-1
5.36133611E+3	1.00837188E+2	1.32855222E-7	8.37755122E+1	-3.78067497E+1	9.19112999E+1	-4.23923185E-1
5.74878498E+3	9.85752435E+1	1.19511152E-7	8.34621287E+1	-3.55158061E+1	9.07044631E+1	-4.02321163E-1
6.16423370E+3	9.65417312E+1	1.07261972E-7	8.31641959E+1	-3.33546356E+1	8.96036573E+1	-3.81428158E-1
6.60970574E+3	9.47252241E+1	9.60976757E-8	8.28802972E+1	-3.13322666E+1	8.86050490E+1	-3.61435307E-1
7.08737081E+3	9.30954347E+1	8.59067086E-8	8.26166997E+1	-2.94230923E+1	8.76997010E+1	-3.42134044E-1
7.59955541E+3	9.16223716E+1	7.67144893E-8	8.23467972E+1	-2.76371774E+1	8.68608590E+1	-3.23806542E-1
8.14875417E+3	9.03042187E+1	6.83824778E-8	8.20973525E+1	-2.59569175E+1	8.61030618E+1	-3.06227030E-1
8.73764200E+3	8.91165090E+1	6.08543431E-8	8.18601248E+1	-2.43722862E+1	8.54112904E+1	-2.89373720E-1
9.36908711E+3	8.80397649E+1	5.40990287E-8	8.16231706E+1	-2.28854233E+1	8.47707776E+1	-2.73360116E-1
1.00461650E+4	8.70761687E+1	4.80088281E-8	8.14076873E+1	-2.14815693E+1	8.41942368E+1	-2.57995587E-1
1.07721735E+4	8.62095542E+1	4.25706960E-8	8.11993941E+1	-2.01698253E+1	8.36669801E+1	-2.43471007E-1
1.15506485E+4	8.54249770E+1	3.76910714E-8	8.10019956E+1	-1.89280254E+1	8.31840946E+1	-2.29554575E-1
1.23853818E+4	8.47166972E+1	3.33404726E-8	8.08124394E+1	-1.77626690E+1	8.27415431E+1	-2.16360651E-1
1.32804389E+4	8.40688881E+1	2.94551910E-8	8.06265226E+1	-1.66597075E+1	8.23297158E+1	-2.03760559E-1
1.42401793E+4	8.34941017E+1	2.59901603E-8	8.04608730E+1	-1.56222939E+1	8.19634571E+1	-1.91774052E-1
1.52692775E+4	8.29640367E+1	2.29055774E-8	8.02950329E+1	-1.46392281E+1	8.16186255E+1	-1.80337239E-1
1.63727458E+4	8.24821247E+1	2.01718039E-8	8.01344673E+1	-1.37159292E+1	8.12998221E+1	-1.69518736E-1
1.75559587E+4	8.20542457E+1	1.77384727E-8	7.99922296E+1	-1.28430896E+1	8.10166776E+1	-1.59195589E-1
1.88246790E+4	8.16786128E+1	1.55820907E-8	7.98686870E+1	-1.20231441E+1	8.07685802E+1	-1.49414495E-1
2.01850863E+4	8.13038817E+1	1.36777346E-8	7.97181474E+1	-1.12432829E+1	8.05071104E+1	-1.40113774E-1
2.16438064E+4	8.09842527E+1	1.19874994E-8	7.95969157E+1	-1.05084571E+1	8.02875876E+1	-1.31261805E-1
2.32079442E+4	8.06923777E+1	1.04911744E-8	7.94811862E+1	-9.81154805E+0	8.00844922E+1	-1.22823530E-1
2.48851178E+4	8.04198128E+1	9.17632286E-9	7.93631538E+1	-9.15735859E+0	7.98897361E+1	-1.14877487E-1
2.66834962E+4	8.01740860E+1	7.99316736E-9	7.92591249E+1	-8.51578558E+0	7.97152927E+1	-1.07031750E-1
2.86118383E+4	7.99471873E+1	6.96887281E-9	7.91531246E+1	-7.92792326E+0	7.95491651E+1	-9.98263873E-2
3.06795364E+4	7.97385902E+1	6.05634934E-9	7.90535156E+1	-7.35917801E+0	7.93953140E+1	-9.28235735E-2
3.28966612E+4	7.95516653E+1	5.24941726E-9	7.89633497E+1	-6.81581314E+0	7.92569617E+1	-8.61027423E-2
3.52740116E+4	7.93807391E+1	4.53900914E-9	7.88777289E+1	-6.29890862E+0	7.91288343E+1	-7.96875133E-2
3.78231664E+4	7.92143944E+1	3.91161210E-9	7.87871744E+1	-5.80167135E+0	7.90004956E+1	-7.35045928E-2
4.05565415E+4	7.90691170E+1	3.36245912E-9	7.87078491E+1	-5.33239998E+0	7.88882763E+1	-6.76459077E-2
4.34874501E+4	7.89384700E+1	2.87640189E-9	7.86357888E+1	-4.87867956E+0	7.87869840E+1	-6.19620487E-2
4.66301673E+4	7.88127795E+1	2.44389465E-9	7.85625897E+1	-4.43344905E+0	7.86875852E+1	-5.63722757E-2
5.00000000E+4	7.86948948E+1	2.06728987E-9	7.84898679E+1	-4.01154267E+0	7.85923145E+1	-5.10646186E-2
5.36133611E+4	7.85882652E+1	1.73383265E-9	7.84230380E+1	-3.59965994E+0	7.85056081E+1	-4.58683453E-2
5.74878498E+4	7.84832660E+1	1.44109157E-9	7.83524968E+1	-3.20093921E+0	7.84178541E+1	-4.08303541E-2
6.16423370E+4	7.83943620E+1	1.18283971E-9	7.82933735E+1	-2.81186564E+0	7.83438515E+1	-3.58990536E-2
6.60970574E+4	7.83036853E+1	9.54221796E-10	7.82283572E+1	-2.42749186E+0	7.82660122E+1	-3.10208868E-2
7.08737081E+4	7.82238234E+1	7.51261178E-10	7.81702877E+1	-2.04567577E+0	7.81970510E+1	-2.61635058E-2
7.59955541E+4	7.81508056E+1	5.74194162E-10	7.81149407E+1	-1.67376445E+0	7.81328711E+1	-2.14236668E-2
8.14875417E+4	7.80860234E+1	4.18379084E-10	7.80641814E+1	-1.30576857E+0	7.80751016E+1	-1.67252985E-2
8.73764200E+4	7.80217524E+1	2.79740443E-10	7.80105509E+1	-9.34756039E-1	7.80161515E+1	-1.19818594E-2
9.36908711E+4	7.79610582E+1	1.56650396E-10	7.79570272E+1	-5.60456894E-1	7.79590426E+1	-7.18917689E-3
1.00461650E+5	7.79042158E+1	5.34014943E-11	7.79036769E+1	-2.04574402E-1	7.79039464E+1	-2.62598922E-3
1.07721735E+5	7.78572793E+1	-4.45095624E-11	7.78568500E+1	1.82613209E-1	7.78570647E+1	2.34549632E-3
1.15506485E+5	7.78160661E+1	-1.28545461E-10	7.78119640E+1	5.64882153E-1	7.78140150E+1	7.25945862E-3
1.23853818E+5	7.77745118E+1	-2.02592803E-10	7.77628197E+1	9.53504087E-1	7.77686655E+1	1.22610821E-2
1.32804389E+5	7.77377563E+1	-2.67697231E-10	7.77143196E+1	1.34948874E+0	7.77260371E+1	1.73629910E-2
1.42401793E+5	7.77158508E+1	-3.25479607E-10	7.76760631E+1	1.75798782E+0	7.76959544E+1	2.26284366E-2
1.52692775E+5	7.76904125E+1	-3.77812872E-10	7.76288499E+1	2.18607839E+0	7.76596251E+1	2.81532017E-2
1.63727458E+5	7.76702718E+1	-4.22045374E-10	7.75820461E+1	2.61623382E+0	7.76261464E+1	3.37093825E-2
1.75559587E+5	7.76593840E+1	-4.61517521E-10	7.75381872E+1	3.06550571E+0	7.75987619E+1	3.95148553E-2
1.88246790E+5	7.76721461E+1	-4.98356320E-10	7.75070818E+1	3.54847725E+0	7.75895673E+1	4.57505367E-2
2.01850863E+5	7.76620647E+1	-5.28555083E-10	7.74521441E+1	4.03221001E+0	7.75570334E+1	5.20137039E-2
2.16438064E+5	7.76767567E+1	-5.56374235E-10	7.74093707E+1	4.54951559E+0	7.75429484E+1	5.87046244E-2
2.32079442E+5	7.76990478E+1	-5.80417788E-10	7.73644768E+1	5.08761858E+0	7.75315818E+1	6.56671350E-2
2.48851178E+5	7.77275353E+1	-6.02129346E-10	7.73135116E+1	5.65769728E+0	7.75202470E+1	7.30484226E-2
2.66834962E+5	7.77714802E+1	-6.20580967E-10	7.72655719E+1	6.25212268E+0	7.75181134E+1	8.07413953E-2
2.86118383E+5	7.78278758E+1	-6.37533180E-10	7.72135124E+1	6.88742693E+0	7.75200855E+1	8.89642947E-2
3.06795364E+5	7.79040791E+1	-6.51524289E-10	7.71653860E+1	7.54991384E+0	7.75338528E+1	9.75302575E-2
3.28966612E+5	7.80009874E+1	-6.63938127E-10	7.71173532E+1	8.25489383E+0	7.75579119E+1	1.06637215E-1
3.52740116E+5	7.81129463E+1	-6.74890384E-10	7.70609409E+1	9.00378287E+0	7.75851605E+1	1.16312439E-1
3.78231664E+5	7.82436964E+1	-6.85105550E-10	7.69941616E+1	9.80849577E+0	7.76164145E+1	1.26710201E-1
4.05565415E+5	7.83723139E+1	-6.89295490E-10	7.69146458E+1	1.05881397E+1	7.76400582E+1	1.36800701E-1
4.34874501E+5	7.86238460E+1	-6.97238830E-10	7.68983189E+1	1.15185702E+1	7.77562944E+1	1.48683701E-1
4.66301673E+5	7.88690934E+1	-7.05138286E-10	7.68290768E+1	1.25183563E+1	7.78423986E+1	1.61518903E-1
NaN	NaN	NaN	NaN	NaN	NaN	NaN
