Start time:20240902_22-34-38	sweep/start:500.000	sweep/stop:500000.000	sweep/samplecount:100.000	sweep/xmapping:1.000	sweep/scan:0.000	sweep/averaging/sample:10.000	sweep/settling/time:0.100	sweep/settling/inaccuracy:0.010	sweep/awgcontrol:0.000	sweep/averaging/time:0.100	sweep/averaging/tc:15.000	sweep/bandwidthcontrol:2.000	sweep/sincfilter:0.000	sweep/omegasuppression:80.000	sweep/maxbandwidth:100.000	sweep/bandwidth:1250000.000	sweep/order:8.000	sweep/bandwidthoverlap:1.000																				
Frequency	Param0		Param1		RealZ		ImagZ		AbsZ		PhaseZ		
5.00000000E+2	1.28917569E+3	8.49237660E-7	1.00482024E+2	-3.45604039E+2	3.59914996E+2	-1.28785352E+0
5.36133611E+2	1.15034988E+3	8.39749978E-7	9.92604018E+1	-3.23003018E+2	3.37910684E+2	-1.27265142E+0
5.74878498E+2	1.02725868E+3	8.29132792E-7	9.81618055E+1	-3.01995907E+2	3.17548888E+2	-1.25652514E+0
6.16423370E+2	9.17062606E+2	8.17729713E-7	9.71880618E+1	-2.82279680E+2	2.98542054E+2	-1.23921116E+0
6.60970574E+2	8.20347257E+2	8.05165299E-7	9.62318477E+1	-2.63975066E+2	2.80968715E+2	-1.22121947E+0
7.08737081E+2	7.33621166E+2	7.91634812E-7	9.54190695E+1	-2.46772275E+2	2.64577714E+2	-1.20183510E+0
7.59955541E+2	6.57868281E+2	7.77054082E-7	9.45455640E+1	-2.30780435E+2	2.49396233E+2	-1.18197516E+0
8.14875417E+2	5.90276399E+2	7.61509118E-7	9.37442336E+1	-2.15747463E+2	2.35233838E+2	-1.16089906E+0
8.73764200E+2	5.30634535E+2	7.44515405E-7	9.30251574E+1	-2.01763793E+2	2.22176320E+2	-1.13878334E+0
9.36908711E+2	4.77984631E+2	7.26271889E-7	9.23429291E+1	-1.88709419E+2	2.10091573E+2	-1.11571366E+0
1.00461650E+3	4.31336478E+2	7.06891285E-7	9.16912362E+1	-1.76472270E+2	1.98871192E+2	-1.09160877E+0
1.07721735E+3	3.90225988E+2	6.86223884E-7	9.10687281E+1	-1.65057080E+2	1.88513554E+2	-1.06661760E+0
1.15506485E+3	3.53983926E+2	6.64278426E-7	9.04791822E+1	-1.54407505E+2	1.78964142E+2	-1.04075195E+0
1.23853818E+3	3.21881529E+2	6.41174432E-7	8.99254837E+1	-1.44425584E+2	1.70133315E+2	-1.01389421E+0
1.32804389E+3	2.93555946E+2	6.16853348E-7	8.94135086E+1	-1.35103980E+2	1.62011922E+2	-9.86161790E-1
1.42401793E+3	2.68629137E+2	5.91512888E-7	8.89125237E+1	-1.26408260E+2	1.54546071E+2	-9.57808255E-1
1.52692775E+3	2.46571685E+2	5.65133591E-7	8.84641409E+1	-1.18265994E+2	1.47691403E+2	-9.28570063E-1
1.63727458E+3	2.27140174E+2	5.38063117E-7	8.80140019E+1	-1.10657345E+2	1.41391350E+2	-8.98882362E-1
1.75559587E+3	2.10022288E+2	5.10361043E-7	8.75837452E+1	-1.03554932E+2	1.35626463E+2	-8.68762611E-1
1.88246790E+3	1.94937408E+2	4.82199776E-7	8.71767810E+1	-9.69238004E+1	1.30361094E+2	-8.38292765E-1
2.01850863E+3	1.81610045E+2	4.53831234E-7	8.67838416E+1	-9.07159304E+1	1.25542090E+2	-8.07547171E-1
2.16438064E+3	1.69880659E+2	4.25298856E-7	8.64360555E+1	-8.49271541E+1	1.21176787E+2	-7.76593109E-1
2.32079442E+3	1.59507200E+2	3.97115829E-7	8.60733086E+1	-7.95028115E+1	1.17172147E+2	-7.45736347E-1
2.48851178E+3	1.50356135E+2	3.69235978E-7	8.57457728E+1	-7.44316100E+1	1.13544716E+2	-7.14880084E-1
2.66834962E+3	1.42302952E+2	3.41957984E-7	8.54360408E+1	-6.97028178E+1	1.10262416E+2	-6.84329895E-1
2.86118383E+3	1.35183748E+2	3.15619510E-7	8.51101157E+1	-6.52822495E+1	1.07263713E+2	-6.54313269E-1
3.06795364E+3	1.28923425E+2	2.90127435E-7	8.48250379E+1	-6.11608258E+1	1.04575017E+2	-6.24696626E-1
3.28966612E+3	1.23363228E+2	2.65729013E-7	8.45471393E+1	-5.72868972E+1	1.02127410E+2	-5.95515482E-1
3.52740116E+3	1.18457049E+2	2.42617432E-7	8.42673858E+1	-5.36756282E+1	9.99102883E+1	-5.67159267E-1
3.78231664E+3	1.14119690E+2	2.20768880E-7	8.40050456E+1	-5.02969355E+1	9.79113359E+1	-5.39490369E-1
4.05565415E+3	1.10275295E+2	2.00265645E-7	8.37511302E+1	-4.71320297E+1	9.61024478E+1	-5.12589139E-1
4.34874501E+3	1.06879860E+2	1.81182234E-7	8.35018853E+1	-4.41826278E+1	9.44704701E+1	-4.86672354E-1
4.66301673E+3	1.03881150E+2	1.63442493E-7	8.32744284E+1	-4.14247809E+1	9.30088343E+1	-4.61604714E-1
5.00000000E+3	1.01220330E+2	1.47032193E-7	8.30624584E+1	-3.88360281E+1	9.16930169E+1	-4.37354012E-1
5.36133611E+3	9.88362001E+1	1.32062103E-7	8.28240145E+1	-3.64169372E+1	9.04765762E+1	-4.14247594E-1
5.74878498E+3	9.67190767E+1	1.18328443E-7	8.26031027E+1	-3.41470804E+1	8.93828608E+1	-3.91993686E-1
6.16423370E+3	9.48518323E+1	1.05799440E-7	8.24032335E+1	-3.20281832E+1	8.84086967E+1	-3.70706605E-1
6.60970574E+3	9.31840281E+1	9.44466828E-8	8.22024396E+1	-3.00451857E+1	8.75211656E+1	-3.50418081E-1
7.08737081E+3	9.16970457E+1	8.41827969E-8	8.20067477E+1	-2.81898856E+1	8.67166447E+1	-3.31096790E-1
7.59955541E+3	9.03651722E+1	7.49302387E-8	8.18130262E+1	-2.64514021E+1	8.59828365E+1	-3.12707381E-1
8.14875417E+3	8.91852691E+1	6.66104040E-8	8.16329830E+1	-2.48297257E+1	8.53256088E+1	-2.95271592E-1
8.73764200E+3	8.81096393E+1	5.90959509E-8	8.14535291E+1	-2.32844052E+1	8.47162384E+1	-2.78435502E-1
9.36908711E+3	8.71543201E+1	5.24072522E-8	8.12782205E+1	-2.18540336E+1	8.41650048E+1	-2.62667024E-1
1.00461650E+4	8.62979742E+1	4.64281860E-8	8.11099797E+1	-2.05133588E+1	8.36637730E+1	-2.47713679E-1
1.07721735E+4	8.55334710E+1	4.10741059E-8	8.09560160E+1	-1.92502569E+1	8.32132744E+1	-2.33451096E-1
1.15506485E+4	8.48328538E+1	3.63088389E-8	8.07953589E+1	-1.80613017E+1	8.27894973E+1	-2.19927989E-1
1.23853818E+4	8.42063274E+1	3.20591643E-8	8.06470548E+1	-1.69423914E+1	8.24074772E+1	-2.07069499E-1
1.32804389E+4	8.36370272E+1	2.82884943E-8	8.04994493E+1	-1.58925516E+1	8.20532426E+1	-1.94917750E-1
1.42401793E+4	8.31182221E+1	2.49401812E-8	8.03538951E+1	-1.49038361E+1	8.17243715E+1	-1.83393391E-1
1.52692775E+4	8.26466800E+1	2.19677368E-8	8.02129893E+1	-1.39718505E+1	8.14207420E+1	-1.72454142E-1
1.63727458E+4	8.22261391E+1	1.93196557E-8	8.00872511E+1	-1.30880169E+1	8.11496483E+1	-1.61990043E-1
1.75559587E+4	8.18400920E+1	1.70037261E-8	7.99560901E+1	-1.22734333E+1	8.08926064E+1	-1.52313296E-1
1.88246790E+4	8.14719825E+1	1.49526143E-8	7.98148739E+1	-1.15004976E+1	8.06391716E+1	-1.43104712E-1
2.01850863E+4	8.11587561E+1	1.31122400E-8	7.97068313E+1	-1.07576749E+1	8.04295174E+1	-1.34154853E-1
2.16438064E+4	8.08595537E+1	1.14958464E-8	7.95877555E+1	-1.00607892E+1	8.02211343E+1	-1.25744310E-1
2.32079442E+4	8.05861148E+1	1.00646259E-8	7.94744387E+1	-9.39943938E+0	8.00283465E+1	-1.17723089E-1
2.48851178E+4	8.03382394E+1	8.81194572E-9	7.93657800E+1	-8.78509624E+0	7.98505292E+1	-1.10242478E-1
2.66834962E+4	8.01114665E+1	7.67865422E-9	7.92683118E+1	-8.17526767E+0	7.96887740E+1	-1.02770770E-1
2.86118383E+4	7.98979177E+1	6.69046499E-9	7.91668113E+1	-7.60782267E+0	7.95315244E+1	-9.58044572E-2
3.06795364E+4	7.96942951E+1	5.82562289E-9	7.90610675E+1	-7.07556196E+0	7.93770498E+1	-8.92571046E-2
3.28966612E+4	7.95118832E+1	5.05301643E-9	7.89672841E+1	-6.55785267E+0	7.92391157E+1	-8.28550618E-2
3.52740116E+4	7.93409945E+1	4.36942553E-9	7.88753493E+1	-6.06035361E+0	7.91078293E+1	-7.66839078E-2
3.78231664E+4	7.91887259E+1	3.77002850E-9	7.87921058E+1	-5.59021349E+0	7.89901669E+1	-7.08302192E-2
4.05565415E+4	7.90526659E+1	3.23874953E-9	7.87175907E+1	-5.13578040E+0	7.88849504E+1	-6.51507732E-2
4.34874501E+4	7.89168553E+1	2.77387290E-9	7.86355225E+1	-4.70347543E+0	7.87760633E+1	-5.97424461E-2
4.66301673E+4	7.87888341E+1	2.35809930E-9	7.85560634E+1	-4.27615446E+0	7.86723627E+1	-5.43807548E-2
5.00000000E+4	7.86678261E+1	1.99385499E-9	7.84772685E+1	-3.86709206E+0	7.85724895E+1	-4.92367597E-2
5.36133611E+4	7.85633264E+1	1.67186231E-9	7.84098227E+1	-3.46931479E+0	7.84865370E+1	-4.42170827E-2
5.74878498E+4	7.84612657E+1	1.38536610E-9	7.83405009E+1	-3.07582849E+0	7.84008601E+1	-3.92421481E-2
6.16423370E+4	7.83655481E+1	1.13544605E-9	7.82725838E+1	-2.69749292E+0	7.83190522E+1	-3.44491721E-2
6.60970574E+4	7.82785289E+1	9.14443544E-10	7.82094112E+1	-2.32498700E+0	7.82439624E+1	-2.97189624E-2
7.08737081E+4	7.81966878E+1	7.18419821E-10	7.81477793E+1	-1.95500732E+0	7.81722297E+1	-2.50115807E-2
7.59955541E+4	7.81216639E+1	5.44935339E-10	7.80893958E+1	-1.58736457E+0	7.81055282E+1	-2.03247286E-2
8.14875417E+4	7.80491732E+1	3.91872001E-10	7.80300374E+1	-1.22192803E+0	7.80396047E+1	-1.56584302E-2
8.73764200E+4	7.79912367E+1	2.57026422E-10	7.79817910E+1	-8.58204154E-1	7.79865137E+1	-1.10047458E-2
9.36908711E+4	7.79294846E+1	1.37467267E-10	7.79263832E+1	-4.91430801E-1	7.79279339E+1	-6.30626601E-3
1.00461650E+5	7.78821584E+1	3.39162301E-11	7.78819408E+1	-1.29856352E-1	7.78820496E+1	-1.66734577E-3
1.07721735E+5	7.78163898E+1	-6.02614982E-11	7.78156048E+1	2.46979167E-1	7.78159973E+1	3.17389426E-3
1.15506485E+5	7.77792682E+1	-1.41714929E-10	7.77742906E+1	6.22159746E-1	7.77767793E+1	7.99938326E-3
1.23853818E+5	7.77423591E+1	-2.14695037E-10	7.77292450E+1	1.00960975E+0	7.77358018E+1	1.29880698E-2
1.32804389E+5	7.77080984E+1	-2.78571941E-10	7.76827474E+1	1.40320451E+0	7.76954218E+1	1.80612970E-2
1.42401793E+5	7.76779801E+1	-3.35387658E-10	7.76357962E+1	1.80968179E+0	7.76568853E+1	2.33056717E-2
1.52692775E+5	7.76504570E+1	-3.85905613E-10	7.75863301E+1	2.23053299E+0	7.76183869E+1	2.87411303E-2
1.63727458E+5	7.76341253E+1	-4.30333552E-10	7.75425320E+1	2.66501304E+0	7.75883151E+1	3.43548772E-2
1.75559587E+5	7.76267926E+1	-4.68548847E-10	7.75020376E+1	3.10945290E+0	7.75643900E+1	4.00994145E-2
1.88246790E+5	7.76050730E+1	-5.05332718E-10	7.74359536E+1	3.59177617E+0	7.75204645E+1	4.63503274E-2
2.01850863E+5	7.76285632E+1	-5.34250856E-10	7.74143837E+1	4.07191706E+0	7.75213995E+1	5.25505446E-2
2.16438064E+5	7.76418984E+1	-5.61123129E-10	7.73703094E+1	4.58397377E+0	7.75059849E+1	5.91780184E-2
2.32079442E+5	7.76673730E+1	-5.84874710E-10	7.73280807E+1	5.12218406E+0	7.74975412E+1	6.61430157E-2
2.48851178E+5	7.76959588E+1	-6.06073101E-10	7.72770325E+1	5.68975232E+0	7.74862125E+1	7.34953762E-2
2.66834962E+5	7.77497852E+1	-6.24228269E-10	7.72383792E+1	6.28489912E+0	7.74936603E+1	8.11912863E-2
2.86118383E+5	7.78035682E+1	-6.41298616E-10	7.71825624E+1	6.92316076E+0	7.74924432E+1	8.94591169E-2
3.06795364E+5	7.78716046E+1	-6.54451506E-10	7.71272503E+1	7.57692784E+0	7.74985338E+1	9.79250858E-2
3.28966612E+5	7.79709816E+1	-6.67147146E-10	7.70798994E+1	8.28757713E+0	7.75241602E+1	1.07107811E-1
3.52740116E+5	7.80770307E+1	-6.77516627E-10	7.70183796E+1	9.02968244E+0	7.75458986E+1	1.16707812E-1
3.78231664E+5	7.82181815E+1	-6.87209114E-10	7.69623009E+1	9.83132864E+0	7.75877002E+1	1.27054052E-1
4.05565415E+5	7.83369947E+1	-6.98020486E-10	7.68449309E+1	1.07075699E+1	7.75873755E+1	1.38448478E-1
4.34874501E+5	7.85866623E+1	-6.99858898E-10	7.68509089E+1	1.15492640E+1	7.77139385E+1	1.49164678E-1
4.66301673E+5	7.87567254E+1	-7.08057466E-10	7.67087702E+1	1.25325402E+1	7.77259978E+1	1.61948662E-1
5.00000000E+5	7.90086482E+1	-7.11858293E-10	7.66163285E+1	1.35373528E+1	7.78032880E+1	1.74885872E-1
