Start time:20240903_11-44-43	sweep/start:500.000	sweep/stop:500000.000	sweep/samplecount:100.000	sweep/xmapping:1.000	sweep/scan:0.000	sweep/averaging/sample:10.000	sweep/settling/time:0.100	sweep/settling/inaccuracy:0.010	sweep/awgcontrol:0.000	sweep/averaging/time:0.100	sweep/averaging/tc:15.000	sweep/bandwidthcontrol:2.000	sweep/sincfilter:0.000	sweep/omegasuppression:80.000	sweep/maxbandwidth:100.000	sweep/bandwidth:1250000.000	sweep/order:8.000	sweep/bandwidthoverlap:1.000																				
Frequency	Param0		Param1		RealZ		ImagZ		AbsZ		PhaseZ		
5.00000000E+2	1.01192951E+3	7.79796103E-7	1.41616530E+2	-3.51070425E+2	3.78557421E+2	-1.18737523E+0
5.36133611E+2	9.13578555E+2	7.63460258E-7	1.40111069E+2	-3.29197656E+2	3.57774018E+2	-1.16840597E+0
5.74878498E+2	8.26156441E+2	7.46013782E-7	1.38710491E+2	-3.08796982E+2	3.38520667E+2	-1.14861098E+0
6.16423370E+2	7.48335915E+2	7.27642372E-7	1.37364479E+2	-2.89699084E+2	3.20615967E+2	-1.12803149E+0
6.60970574E+2	6.80139989E+2	7.07987942E-7	1.36050145E+2	-2.72072257E+2	3.04192361E+2	-1.10710768E+0
7.08737081E+2	6.19575076E+2	6.87595723E-7	1.34719027E+2	-2.55576231E+2	2.88909074E+2	-1.08568982E+0
7.59955541E+2	5.65901034E+2	6.66446312E-7	1.33372822E+2	-2.40182127E+2	2.74728551E+2	-1.06389410E+0
8.14875417E+2	5.18375591E+2	6.44651921E-7	1.31989649E+2	-2.25829302E+2	2.61572474E+2	-1.04187694E+0
8.73764200E+2	4.75885212E+2	6.22103093E-7	1.30678056E+2	-2.12393369E+2	2.49374644E+2	-1.01922865E+0
9.36908711E+2	4.38545290E+2	5.98854146E-7	1.29358679E+2	-1.99989842E+2	2.38179795E+2	-9.96655441E-1
1.00461650E+3	4.05093005E+2	5.75325995E-7	1.28023776E+2	-1.88338548E+2	2.27731220E+2	-9.73788334E-1
1.07721735E+3	3.75297491E+2	5.51467192E-7	1.26692882E+2	-1.77472293E+2	2.18053910E+2	-9.50819418E-1
1.15506485E+3	3.48710494E+2	5.27451103E-7	1.25352798E+2	-1.67327537E+2	2.09073746E+2	-9.27841827E-1
1.23853818E+3	3.24970072E+2	5.03444301E-7	1.23989720E+2	-1.57859069E+2	2.00731017E+2	-9.04993262E-1
1.32804389E+3	3.03665801E+2	4.79494336E-7	1.22634123E+2	-1.48998829E+2	1.92976121E+2	-8.82155165E-1
1.42401793E+3	2.84579318E+2	4.55745952E-7	1.21272341E+2	-1.40728866E+2	1.85772971E+2	-8.59523283E-1
1.52692775E+3	2.67398997E+2	4.32307393E-7	1.19910399E+2	-1.32986509E+2	1.79064005E+2	-8.37057410E-1
1.63727458E+3	2.51907898E+2	4.09336163E-7	1.18531307E+2	-1.25735028E+2	1.72797483E+2	-8.14880889E-1
1.75559587E+3	2.37907192E+2	3.86818858E-7	1.17167994E+2	-1.18940173E+2	1.66958396E+2	-7.92903811E-1
1.88246790E+3	2.25244510E+2	3.64919785E-7	1.15795749E+2	-1.12577512E+2	1.61500323E+2	-7.71307057E-1
2.01850863E+3	2.13708574E+2	3.43650396E-7	1.14432092E+2	-1.06585236E+2	1.56381322E+2	-7.49909733E-1
2.16438064E+3	2.03223731E+2	3.23117159E-7	1.13063114E+2	-1.00964534E+2	1.51582013E+2	-7.28930146E-1
2.32079442E+3	1.93652441E+2	3.03228979E-7	1.11731376E+2	-9.56720977E+1	1.47095386E+2	-7.08122238E-1
2.48851178E+3	1.84919742E+2	2.84227215E-7	1.10375952E+2	-9.07074454E+1	1.42865994E+2	-6.87895638E-1
2.66834962E+3	1.76872441E+2	2.65932726E-7	1.09053711E+2	-8.59993149E+1	1.38883387E+2	-6.67748450E-1
2.86118383E+3	1.69516200E+2	2.48456115E-7	1.07746430E+2	-8.15810682E+1	1.35147197E+2	-6.48066484E-1
3.06795364E+3	1.62722292E+2	2.31734106E-7	1.06468441E+2	-7.73902990E+1	1.31623661E+2	-6.28542563E-1
3.28966612E+3	1.56459182E+2	2.15808234E-7	1.05212248E+2	-7.34289026E+1	1.28302073E+2	-6.09323317E-1
3.52740116E+3	1.50676314E+2	2.00674940E-7	1.03979037E+2	-6.96816823E+1	1.25168597E+2	-5.90411125E-1
3.78231664E+3	1.45322172E+2	1.86315410E-7	1.02771284E+2	-6.61287263E+1	1.22208616E+2	-5.71760599E-1
4.05565415E+3	1.40385376E+2	1.72738595E-7	1.01591607E+2	-6.27783359E+1	1.19423513E+2	-5.53512182E-1
4.34874501E+3	1.35781627E+2	1.59842544E-7	1.00453566E+2	-5.95720482E+1	1.16789333E+2	-5.35279254E-1
4.66301673E+3	1.31539574E+2	1.47708767E-7	9.93459803E+1	-5.65535435E+1	1.14315037E+2	-5.17508681E-1
5.00000000E+3	1.27596023E+2	1.36239856E-7	9.82829846E+1	-5.36746856E+1	1.11984453E+2	-4.99862427E-1
5.36133611E+3	1.23909243E+2	1.25450890E-7	9.72450610E+1	-5.09211119E+1	1.09770496E+2	-4.82377913E-1
5.74878498E+3	1.20507331E+2	1.15346241E-7	9.62453840E+1	-4.83228721E+1	1.07695284E+2	-4.65310141E-1
6.16423370E+3	1.17366059E+2	1.05861786E-7	9.52979534E+1	-4.58589665E+1	1.05757955E+2	-4.48508369E-1
6.60970574E+3	1.14433577E+2	9.69717126E-8	9.43872641E+1	-4.34984645E+1	1.03928207E+2	-4.31840884E-1
7.08737081E+3	1.11706436E+2	8.86956926E-8	9.35042720E+1	-4.12550569E+1	1.02200924E+2	-4.15520493E-1
7.59955541E+3	1.09179706E+2	8.09931808E-8	9.26597757E+1	-3.91245786E+1	1.00581146E+2	-3.99529796E-1
8.14875417E+3	1.06823586E+2	7.38213880E-8	9.18501697E+1	-3.70851785E+1	9.90543509E+1	-3.83741252E-1
8.73764200E+3	1.04658124E+2	6.71476109E-8	9.10979873E+1	-3.51468478E+1	9.76429435E+1	-3.68217277E-1
9.36908711E+3	1.02654005E+2	6.09899230E-8	9.03773042E+1	-3.33096823E+1	9.63202586E+1	-3.53114900E-1
1.00461650E+4	1.00787928E+2	5.52981181E-8	8.96877198E+1	-3.15523714E+1	9.50759665E+1	-3.38279782E-1
1.07721735E+4	9.90556732E+1	5.00494226E-8	8.90311170E+1	-2.98746928E+1	9.39097291E+1	-3.23747269E-1
1.15506485E+4	9.74592251E+1	4.52256640E-8	8.84122988E+1	-2.82817849E+1	9.28256113E+1	-3.09598795E-1
1.23853818E+4	9.59798780E+1	4.07972298E-8	8.78249794E+1	-2.67619757E+1	9.18119316E+1	-2.95780884E-1
1.32804389E+4	9.46102780E+1	3.67450440E-8	8.72667051E+1	-2.53150006E+1	9.08643341E+1	-2.82338351E-1
1.42401793E+4	9.33495846E+1	3.30482709E-8	8.67405898E+1	-2.39430138E+1	8.99844321E+1	-2.69323636E-1
1.52692775E+4	9.21736978E+1	2.96671705E-8	8.62381206E+1	-2.26245854E+1	8.91565275E+1	-2.56568176E-1
1.63727458E+4	9.11000167E+1	2.65925244E-8	8.57726834E+1	-2.13760973E+1	8.83962260E+1	-2.44242512E-1
1.75559587E+4	9.01171836E+1	2.37726669E-8	8.53508142E+1	-2.01696094E+1	8.77016247E+1	-2.32057037E-1
1.88246790E+4	8.91939629E+1	2.12547197E-8	8.49239657E+1	-1.90427002E+1	8.70327813E+1	-2.20583658E-1
2.01850863E+4	8.83544366E+1	1.89572387E-8	8.45394955E+1	-1.79586436E+1	8.64259190E+1	-2.09317498E-1
2.16438064E+4	8.75707621E+1	1.68848069E-8	8.41676007E+1	-1.69244153E+1	8.58523205E+1	-1.98433739E-1
2.32079442E+4	8.68542975E+1	1.50123329E-8	8.38240265E+1	-1.59376608E+1	8.53257108E+1	-1.87889691E-1
2.48851178E+4	8.61970265E+1	1.33261348E-8	8.35033963E+1	-1.49975360E+1	8.48395216E+1	-1.77709284E-1
2.66834962E+4	8.55908634E+1	1.18137434E-8	8.31997604E+1	-1.41045626E+1	8.43868432E+1	-1.67929896E-1
2.86118383E+4	8.50251458E+1	1.04453127E-8	8.29116291E+1	-1.32376199E+1	8.39617374E+1	-1.58323127E-1
3.06795364E+4	8.45094451E+1	9.22889665E-9	8.26414931E+1	-1.24245832E+1	8.35702502E+1	-1.49225542E-1
3.28966612E+4	8.40371487E+1	8.13433215E-9	8.23922607E+1	-1.16415633E+1	8.32106403E+1	-1.40365214E-1
3.52740116E+4	8.35996818E+1	7.15621401E-9	8.21553028E+1	-1.08932695E+1	8.28743457E+1	-1.31824677E-1
3.78231664E+4	8.32001439E+1	6.28319346E-9	8.19355323E+1	-1.01792209E+1	8.25654169E+1	-1.23601213E-1
4.05565415E+4	8.28267193E+1	5.50191570E-9	8.17246631E+1	-9.49026408E+0	8.22738460E+1	-1.15607052E-1
4.34874501E+4	8.24895430E+1	4.80713530E-9	8.15323737E+1	-8.83403505E+0	8.20095619E+1	-1.07928993E-1
4.66301673E+4	8.21779487E+1	4.18606879E-9	8.13515619E+1	-8.19925568E+0	8.17637113E+1	-1.00448717E-1
5.00000000E+4	8.18849175E+1	3.63379567E-9	8.11755764E+1	-7.58821606E+0	8.15294755E+1	-9.32081865E-2
5.36133611E+4	8.16185639E+1	3.14197643E-9	8.10139890E+1	-6.99849672E+0	8.13157146E+1	-8.61723455E-2
5.74878498E+4	8.13707123E+1	2.70731835E-9	8.08587300E+1	-6.43413721E+0	8.11143172E+1	-7.94052598E-2
6.16423370E+4	8.11436020E+1	2.31711400E-9	8.07155651E+1	-5.87784174E+0	8.09293006E+1	-7.26933509E-2
6.60970574E+4	8.09254307E+1	1.97494207E-9	8.05704705E+1	-5.34782611E+0	8.07477556E+1	-6.62773011E-2
7.08737081E+4	8.07312098E+1	1.66915627E-9	8.04415494E+1	-4.82707415E+0	8.05862494E+1	-5.99353497E-2
7.59955541E+4	8.05535530E+1	1.39610332E-9	8.03219316E+1	-4.31324760E+0	8.04376589E+1	-5.36479769E-2
8.14875417E+4	8.03808992E+1	1.15591091E-9	8.01994021E+1	-3.81521876E+0	8.02900994E+1	-4.75358230E-2
8.73764200E+4	8.02319819E+1	9.43176105E-10	8.00937427E+1	-3.32746117E+0	8.01628325E+1	-4.15207073E-2
9.36908711E+4	8.00815389E+1	7.52906213E-10	7.99807770E+1	-2.83880768E+0	8.00311421E+1	-3.54787341E-2
1.00461650E+5	7.99511219E+1	5.82030876E-10	7.98821990E+1	-2.34639325E+0	7.99166530E+1	-2.93647236E-2
1.07721735E+5	7.98247008E+1	4.35795575E-10	7.97804711E+1	-1.87845096E+0	7.98025829E+1	-2.35408996E-2
1.15506485E+5	7.97094596E+1	3.05107305E-10	7.96846349E+1	-1.40644680E+0	7.96970463E+1	-1.76483301E-2
1.23853818E+5	7.96063151E+1	1.87041087E-10	7.95956276E+1	-9.22280606E-1	7.96009712E+1	-1.15865569E-2
1.32804389E+5	7.95079389E+1	8.34762515E-11	7.95054963E+1	-4.40315059E-1	7.95067176E+1	-5.53811036E-3
1.42401793E+5	7.94200493E+1	-8.35269487E-12	7.94200205E+1	4.71392358E-2	7.94200349E+1	5.93543109E-4
1.52692775E+5	7.93396855E+1	-9.01827156E-11	7.93359458E+1	5.44605345E-1	7.93378156E+1	6.86444127E-3
1.63727458E+5	7.92716940E+1	-1.62948175E-10	7.92576981E+1	1.05319866E+0	7.92646957E+1	1.32875029E-2
1.75559587E+5	7.92073665E+1	-2.26810637E-10	7.91762731E+1	1.56901989E+0	7.91918183E+1	1.98142008E-2
1.88246790E+5	7.92117969E+1	-2.80674753E-10	7.91541512E+1	2.08149238E+0	7.91829678E+1	2.62901545E-2
2.01850863E+5	7.91099781E+1	-3.35039974E-10	7.90206843E+1	2.65631196E+0	7.90653186E+1	3.36027503E-2
2.16438064E+5	7.90736739E+1	-3.79895889E-10	7.89419302E+1	3.22491103E+0	7.90077746E+1	4.08289854E-2
2.32079442E+5	7.90469010E+1	-4.20101268E-10	7.88619825E+1	3.81876583E+0	7.89543876E+1	4.83856135E-2
2.48851178E+5	7.90366684E+1	-4.55462844E-10	7.87870588E+1	4.43461579E+0	7.89117649E+1	5.62267680E-2
2.66834962E+5	7.90426466E+1	-4.87706189E-10	7.87138401E+1	5.08737187E+0	7.88780720E+1	6.45414520E-2
2.86118383E+5	7.90521608E+1	-5.15702531E-10	7.86298065E+1	5.76270834E+0	7.88407008E+1	7.31582380E-2
3.06795364E+5	7.90768645E+1	-5.38641230E-10	7.85473333E+1	6.44924622E+0	7.88116541E+1	8.19227443E-2
3.28966612E+5	7.91223142E+1	-5.62380342E-10	7.84586201E+1	7.21607785E+0	7.87897683E+1	9.17150359E-2
3.52740116E+5	7.91866648E+1	-5.80553341E-10	7.83730225E+1	7.98538633E+0	7.87787931E+1	1.01539015E-1
3.78231664E+5	7.92749428E+1	-5.97317669E-10	7.82835788E+1	8.80947771E+0	7.87777013E+1	1.12061381E-1
4.05565415E+5	7.93702864E+1	-6.09949330E-10	7.81803940E+1	9.64471826E+0	7.87730930E+1	1.22744826E-1
4.34874501E+5	7.95091126E+1	-6.24473194E-10	7.80720864E+1	1.05918045E+1	7.87873227E+1	1.34843705E-1
4.66301673E+5	7.97193443E+1	-6.38181940E-10	7.79864111E+1	1.16243522E+1	7.88481143E+1	1.47967376E-1
NaN	NaN	NaN	NaN	NaN	NaN	NaN
