Start time:20240903_07-22-34	sweep/start:500.000	sweep/stop:500000.000	sweep/samplecount:100.000	sweep/xmapping:1.000	sweep/scan:0.000	sweep/averaging/sample:10.000	sweep/settling/time:0.100	sweep/settling/inaccuracy:0.010	sweep/awgcontrol:0.000	sweep/averaging/time:0.100	sweep/averaging/tc:15.000	sweep/bandwidthcontrol:2.000	sweep/sincfilter:0.000	sweep/omegasuppression:80.000	sweep/maxbandwidth:100.000	sweep/bandwidth:1250000.000	sweep/order:8.000	sweep/bandwidthoverlap:1.000																				
Frequency	Param0		Param1		RealZ		ImagZ		AbsZ		PhaseZ		
5.00000000E+2	1.18738304E+3	8.37525693E-7	1.10345447E+2	-3.44740185E+2	3.61969543E+2	-1.26101819E+0
5.36133611E+2	1.06204989E+3	8.25652726E-7	1.09202727E+2	-3.22572931E+2	3.40556241E+2	-1.24437022E+0
5.74878498E+2	9.51052242E+2	8.13217131E-7	1.08021631E+2	-3.01770242E+2	3.20521421E+2	-1.22704804E+0
6.16423370E+2	8.52669665E+2	7.99386898E-7	1.06993433E+2	-2.82457776E+2	3.02043040E+2	-1.20870316E+0
6.60970574E+2	7.65835566E+2	7.84776920E-7	1.05924952E+2	-2.64387691E+2	2.84817427E+2	-1.18973618E+0
7.08737081E+2	6.88653091E+2	7.68989659E-7	1.04957861E+2	-2.47514046E+2	2.68848258E+2	-1.16973220E+0
7.59955541E+2	6.20201400E+2	7.52182154E-7	1.04027642E+2	-2.31724532E+2	2.54003981E+2	-1.14883424E+0
8.14875417E+2	5.59836108E+2	7.34125942E-7	1.03139103E+2	-2.17032877E+2	2.40293474E+2	-1.12716575E+0
8.73764200E+2	5.06244112E+2	7.14925173E-7	1.02310626E+2	-2.03289521E+2	2.27583184E+2	-1.10453176E+0
9.36908711E+2	4.59066939E+2	6.94763502E-7	1.01447449E+2	-1.90471939E+2	2.15803499E+2	-1.08140158E+0
1.00461650E+3	4.17440209E+2	6.73407265E-7	1.00624260E+2	-1.78547870E+2	2.04950215E+2	-1.05759424E+0
1.07721735E+3	3.80379463E+2	6.51066993E-7	9.98463752E+1	-1.67362430E+2	1.94883271E+2	-1.03288960E+0
1.15506485E+3	3.47675420E+2	6.27805155E-7	9.90697233E+1	-1.56937180E+2	1.85591201E+2	-1.00770098E+0
1.23853818E+3	3.18600799E+2	6.03749675E-7	9.83119776E+1	-1.47163243E+2	1.76980982E+2	-9.81838640E-1
1.32804389E+3	2.92853058E+2	5.78960921E-7	9.75648554E+1	-1.38033539E+2	1.69033018E+2	-9.55507874E-1
1.42401793E+3	2.70102745E+2	5.53534686E-7	9.68274360E+1	-1.29529141E+2	1.61719982E+2	-9.28875358E-1
1.52692775E+3	2.49926686E+2	5.27633921E-7	9.61028516E+1	-1.21584978E+2	1.54979566E+2	-9.01925966E-1
1.63727458E+3	2.31993171E+2	5.01334740E-7	9.54092973E+1	-1.14155023E+2	1.48776020E+2	-8.74611677E-1
1.75559587E+3	2.16003340E+2	4.75014610E-7	9.46974403E+1	-1.07179084E+2	1.43020845E+2	-8.47147668E-1
1.88246790E+3	2.01817102E+2	4.48458084E-7	9.40445490E+1	-1.00674816E+2	1.37767184E+2	-8.19435392E-1
2.01850863E+3	1.89188387E+2	4.22147929E-7	9.33811365E+1	-9.45864035E+1	1.32915859E+2	-7.91810184E-1
2.16438064E+3	1.77940990E+2	3.96172784E-7	9.27225405E+1	-8.88913341E+1	1.28448977E+2	-7.64305960E-1
2.32079442E+3	1.67860496E+2	3.70596163E-7	9.20857642E+1	-8.35330661E+1	1.24328443E+2	-7.36736267E-1
2.48851178E+3	1.58887807E+2	3.45664565E-7	9.14490794E+1	-7.85315761E+1	1.20541044E+2	-7.09549982E-1
2.66834962E+3	1.50858930E+2	3.21366934E-7	9.08417872E+1	-7.38380901E+1	1.17065342E+2	-6.82509725E-1
2.86118383E+3	1.43665980E+2	2.97940271E-7	9.02350459E+1	-6.94358849E+1	1.13858272E+2	-6.55864875E-1
3.06795364E+3	1.37213060E+2	2.75335281E-7	8.96605554E+1	-6.52961195E+1	1.10917081E+2	-6.29441157E-1
3.28966612E+3	1.31431731E+2	2.53790762E-7	8.90849865E+1	-6.14203414E+1	1.08206255E+2	-6.03615578E-1
3.52740116E+3	1.26248286E+2	2.33269098E-7	8.85316198E+1	-5.77850923E+1	1.05721166E+2	-5.78274936E-1
3.78231664E+3	1.21586651E+2	2.13799606E-7	8.80012810E+1	-5.43650183E+1	1.03439745E+2	-5.53387141E-1
4.05565415E+3	1.17389020E+2	1.95430972E-7	8.74887218E+1	-5.11462400E+1	1.01342070E+2	-5.29021818E-1
4.34874501E+3	1.13612070E+2	1.78249791E-7	8.69795704E+1	-4.81298554E+1	9.94078919E+1	-5.05408998E-1
4.66301673E+3	1.10205877E+2	1.62127892E-7	8.65009081E+1	-4.52824557E+1	9.76366138E+1	-4.82263406E-1
5.00000000E+3	1.07146406E+2	1.47133596E-7	8.60413705E+1	-4.26134415E+1	9.60157459E+1	-4.59853959E-1
5.36133611E+3	1.04372179E+2	1.33212584E-7	8.55955697E+1	-4.00898273E+1	9.45187603E+1	-4.38019507E-1
5.74878498E+3	1.01869808E+2	1.20386345E-7	8.51593074E+1	-3.77233924E+1	9.31405510E+1	-4.16996098E-1
6.16423370E+3	9.96252822E+1	1.08522301E-7	8.47625355E+1	-3.54937147E+1	9.18939143E+1	-3.96558955E-1
6.60970574E+3	9.75823001E+1	9.76677797E-8	8.43653062E+1	-3.33924465E+1	9.07334591E+1	-3.76887196E-1
7.08737081E+3	9.57450945E+1	8.77231153E-8	8.39949207E+1	-3.14158355E+1	8.96777653E+1	-3.57911795E-1
7.59955541E+3	9.40805532E+1	7.86525249E-8	8.36388942E+1	-2.95521341E+1	8.87062197E+1	-3.39638368E-1
8.14875417E+3	9.25721886E+1	7.03865042E-8	8.33010588E+1	-2.77901883E+1	8.78143569E+1	-3.22000860E-1
8.73764200E+3	9.12128914E+1	6.28765415E-8	8.29858770E+1	-2.61290224E+1	8.70021941E+1	-3.05034432E-1
9.36908711E+3	8.99792436E+1	5.61048039E-8	8.26775011E+1	-2.45700968E+1	8.62511391E+1	-2.88867600E-1
1.00461650E+4	8.88703722E+1	4.99888659E-8	8.23914445E+1	-2.31042867E+1	8.55696110E+1	-2.73399002E-1
1.07721735E+4	8.78548239E+1	4.44677812E-8	8.21136085E+1	-2.17124778E+1	8.49357204E+1	-2.58503687E-1
1.15506485E+4	8.69458177E+1	3.95057100E-8	8.18588896E+1	-2.04061290E+1	8.43640213E+1	-2.44304873E-1
1.23853818E+4	8.61113837E+1	3.50492592E-8	8.16094601E+1	-1.91676601E+1	8.38302065E+1	-2.30689316E-1
1.32804389E+4	8.53577869E+1	3.10484488E-8	8.13780170E+1	-1.79962671E+1	8.33441505E+1	-2.17641314E-1
1.42401793E+4	8.46852858E+1	2.74741531E-8	8.11677471E+1	-1.68970570E+1	8.29078637E+1	-2.05243181E-1
1.52692775E+4	8.40648715E+1	2.42869259E-8	8.09586305E+1	-1.58579995E+1	8.24971323E+1	-1.93428824E-1
1.63727458E+4	8.35037378E+1	2.14519460E-8	8.07611953E+1	-1.48825218E+1	8.21210182E+1	-1.82233715E-1
1.75559587E+4	8.29876709E+1	1.88973224E-8	8.05764040E+1	-1.39388231E+1	8.17731501E+1	-1.71293662E-1
1.88246790E+4	8.25297565E+1	1.66548041E-8	8.04045660E+1	-1.30718913E+1	8.14602310E+1	-1.61166378E-1
2.01850863E+4	8.21015220E+1	1.46352028E-8	8.02381335E+1	-1.22275995E+1	8.11644804E+1	-1.51227878E-1
2.16438064E+4	8.17185864E+1	1.28599438E-8	8.00829481E+1	-1.14449381E+1	8.08966335E+1	-1.41952333E-1
2.32079442E+4	8.13663751E+1	1.12804972E-8	7.99344688E+1	-1.06985232E+1	8.06472440E+1	-1.33050466E-1
2.48851178E+4	8.10492607E+1	9.88639190E-9	7.97966736E+1	-9.99749217E+0	8.04205283E+1	-1.24637656E-1
2.66834962E+4	8.07548610E+1	8.64206535E-9	7.96642180E+1	-9.32120650E+0	8.02076857E+1	-1.16476571E-1
2.86118383E+4	8.04901188E+1	7.54410308E-9	7.95422412E+1	-8.68307641E+0	8.00147764E+1	-1.08732540E-1
3.06795364E+4	8.02454716E+1	6.57379788E-9	7.94242041E+1	-8.07641046E+0	7.98337818E+1	-1.01338689E-1
3.28966612E+4	8.00205374E+1	5.71547658E-9	7.93117612E+1	-7.49761570E+0	7.96653610E+1	-9.42533667E-2
3.52740116E+4	7.98159453E+1	4.95669581E-9	7.92069733E+1	-6.94512512E+0	7.95108763E+1	-8.74595702E-2
3.78231664E+4	7.96289963E+1	4.28522569E-9	7.91087719E+1	-6.41515746E+0	7.93684579E+1	-8.09158134E-2
4.05565415E+4	7.94589850E+1	3.69398033E-9	7.90169282E+1	-5.91014974E+0	7.92376483E+1	-7.46569827E-2
4.34874501E+4	7.92982037E+1	3.17165898E-9	7.89254643E+1	-5.42388886E+0	7.91116145E+1	-6.86137817E-2
4.66301673E+4	7.91561116E+1	2.70988654E-9	7.88446974E+1	-4.95512773E+0	7.90002511E+1	-6.27641393E-2
5.00000000E+4	7.90202336E+1	2.30280883E-9	7.87628296E+1	-4.50264201E+0	7.88914266E+1	-5.71049364E-2
5.36133611E+4	7.88942491E+1	1.94312731E-9	7.86844086E+1	-4.06338713E+0	7.87892590E+1	-5.15957449E-2
5.74878498E+4	7.87766635E+1	1.62653595E-9	7.86082776E+1	-3.63819028E+0	7.86924255E+1	-4.62495321E-2
6.16423370E+4	7.86629854E+1	1.34818367E-9	7.85304900E+1	-3.22564531E+0	7.85967098E+1	-4.10519988E-2
6.60970574E+4	7.85676256E+1	1.10130335E-9	7.84663015E+1	-2.81965368E+0	7.85169472E+1	-3.59191254E-2
7.08737081E+4	7.84781815E+1	8.84544856E-10	7.84032600E+1	-2.42363961E+0	7.84407118E+1	-3.09026404E-2
7.59955541E+4	7.83893216E+1	6.91049213E-10	7.83369075E+1	-2.02628362E+0	7.83631102E+1	-2.58605074E-2
8.14875417E+4	7.83103100E+1	5.22099053E-10	7.82760075E+1	-1.63859478E+0	7.82931569E+1	-2.09304944E-2
8.73764200E+4	7.82370995E+1	3.73399874E-10	7.82169788E+1	-1.25447492E+0	7.82270385E+1	-1.60370229E-2
9.36908711E+4	7.81657180E+1	2.40307717E-10	7.81561591E+1	-8.64220775E-1	7.81609384E+1	-1.10571611E-2
1.00461650E+5	7.81046476E+1	1.21202436E-10	7.81018571E+1	-4.66691759E-1	7.81032523E+1	-5.97535091E-3
1.07721735E+5	7.80449696E+1	2.15956413E-11	7.80448668E+1	-8.90297644E-2	7.80449182E+1	-1.14075495E-3
1.15506485E+5	7.79977981E+1	-6.95697369E-11	7.79965876E+1	3.07160814E-1	7.79971928E+1	3.93810532E-3
1.23853818E+5	7.79505104E+1	-1.49728194E-10	7.79440798E+1	7.07937511E-1	7.79472950E+1	9.08238399E-3
1.32804389E+5	7.79082652E+1	-2.20734391E-10	7.78922217E+1	1.11773657E+0	7.79002430E+1	1.43488066E-2
1.42401793E+5	7.78760497E+1	-2.83598603E-10	7.78456511E+1	1.53828802E+0	7.78608489E+1	1.97581735E-2
1.52692775E+5	7.78463610E+1	-3.38956037E-10	7.77965036E+1	1.96942857E+0	7.78214283E+1	2.53097205E-2
1.63727458E+5	7.78236820E+1	-3.87513962E-10	7.77488475E+1	2.41209569E+0	7.77862557E+1	3.10142487E-2
1.75559587E+5	7.78059591E+1	-4.30976168E-10	7.76996518E+1	2.87401931E+0	7.77527873E+1	3.69719726E-2
1.88246790E+5	7.77976365E+1	-4.66689838E-10	7.76518030E+1	3.33478876E+0	7.77246831E+1	4.29176283E-2
2.01850863E+5	7.77976568E+1	-5.03400720E-10	7.76061958E+1	3.85467023E+0	7.77018673E+1	4.96288332E-2
2.16438064E+5	7.77975687E+1	-5.32775547E-10	7.75511706E+1	4.37131532E+0	7.76742720E+1	5.63072705E-2
2.32079442E+5	7.78191703E+1	-5.59601063E-10	7.75066315E+1	4.92176093E+0	7.76627437E+1	6.34160117E-2
2.48851178E+5	7.78469699E+1	-5.83116493E-10	7.74567643E+1	5.49763633E+0	7.76516220E+1	7.08580070E-2
2.66834962E+5	7.78829327E+1	-6.03205554E-10	7.74027358E+1	6.09658283E+0	7.76424630E+1	7.86021632E-2
2.86118383E+5	7.79365132E+1	-6.22039409E-10	7.73489854E+1	6.74122652E+0	7.76421935E+1	8.69337448E-2
3.06795364E+5	7.80086360E+1	-6.38039606E-10	7.72970881E+1	7.41621276E+0	7.76520470E+1	9.56514777E-2
3.28966612E+5	7.81058550E+1	-6.51608567E-10	7.72509591E+1	8.12654303E+0	7.76772309E+1	1.04811181E-1
3.52740116E+5	7.82003999E+1	-6.63705779E-10	7.71791195E+1	8.87808044E+0	7.76880814E+1	1.14528764E-1
3.78231664E+5	7.83260738E+1	-6.73550646E-10	7.71139049E+1	9.66822685E+0	7.77176261E+1	1.24725142E-1
4.05565415E+5	7.85379432E+1	-6.82910450E-10	7.70976381E+1	1.05371123E+1	7.78144567E+1	1.35831221E-1
4.34874501E+5	7.86259519E+1	-6.89016881E-10	7.69399240E+1	1.13890852E+1	7.77783679E+1	1.46958840E-1
4.66301673E+5	7.88636260E+1	-6.96028036E-10	7.68747406E+1	1.23631742E+1	7.78628256E+1	1.59457469E-1
5.00000000E+5	7.91649560E+1	-7.02306840E-10	7.68210379E+1	1.34180710E+1	7.79841879E+1	1.72921949E-1
