Start time:20240903_01-21-26	sweep/start:500.000	sweep/stop:500000.000	sweep/samplecount:100.000	sweep/xmapping:1.000	sweep/scan:0.000	sweep/averaging/sample:10.000	sweep/settling/time:0.100	sweep/settling/inaccuracy:0.010	sweep/awgcontrol:0.000	sweep/averaging/time:0.100	sweep/averaging/tc:15.000	sweep/bandwidthcontrol:2.000	sweep/sincfilter:0.000	sweep/omegasuppression:80.000	sweep/maxbandwidth:100.000	sweep/bandwidth:1250000.000	sweep/order:8.000	sweep/bandwidthoverlap:1.000																				
Frequency	Param0		Param1		RealZ		ImagZ		AbsZ		PhaseZ		
5.00000000E+2	1.27306760E+3	8.50004630E-7	1.01383418E+2	-3.44657565E+2	3.59259621E+2	-1.28470866E+0
5.36133611E+2	1.13654868E+3	8.40071964E-7	1.00184117E+2	-3.22221972E+2	3.37437225E+2	-1.26935479E+0
5.74878498E+2	1.01453352E+3	8.29351947E-7	9.91065305E+1	-3.01205173E+2	3.17090971E+2	-1.25292081E+0
6.16423370E+2	9.06153041E+2	8.17419841E-7	9.81725665E+1	-2.81640517E+2	2.98260370E+2	-1.23539240E+0
6.60970574E+2	8.10384476E+2	8.04752291E-7	9.72208291E+1	-2.63313914E+2	2.80688660E+2	-1.21710245E+0
7.08737081E+2	7.25710118E+2	7.90822391E-7	9.63565413E+1	-2.46256329E+2	2.64436728E+2	-1.19782494E+0
7.59955541E+2	6.50192008E+2	7.75958947E-7	9.55660948E+1	-2.30224524E+2	2.49271388E+2	-1.17734124E+0
8.14875417E+2	5.84044391E+2	7.59799549E-7	9.47791423E+1	-2.15341816E+2	2.35276838E+2	-1.15617762E+0
8.73764200E+2	5.25551636E+2	7.42431712E-7	9.40379146E+1	-2.01441278E+2	2.22309984E+2	-1.13403883E+0
9.36908711E+2	4.73650257E+2	7.23954457E-7	9.33362332E+1	-1.88406610E+2	2.10258670E+2	-1.11083722E+0
1.00461650E+3	4.27687105E+2	7.04205090E-7	9.26895669E+1	-1.76212224E+2	1.99103265E+2	-1.08655710E+0
1.07721735E+3	3.87296758E+2	6.83098170E-7	9.20728035E+1	-1.64869873E+2	1.88837182E+2	-1.06148308E+0
1.15506485E+3	3.51507817E+2	6.60895025E-7	9.14778713E+1	-1.54230253E+2	1.79318643E+2	-1.03544707E+0
1.23853818E+3	3.19987118E+2	6.37313921E-7	9.09429421E+1	-1.44325817E+2	1.70588871E+2	-1.00852193E+0
1.32804389E+3	2.92059839E+2	6.12885568E-7	9.03948170E+1	-1.35016547E+2	1.62482899E+2	-9.80828391E-1
1.42401793E+3	2.67503109E+2	5.87219985E-7	8.99056320E+1	-1.26360631E+2	1.55080731E+2	-9.52393651E-1
1.52692775E+3	2.45875683E+2	5.60689775E-7	8.94309498E+1	-1.18283547E+2	1.48286525E+2	-9.23420065E-1
1.63727458E+3	2.26780644E+2	5.33565817E-7	8.89511381E+1	-1.10725280E+2	1.42029554E+2	-8.94016154E-1
1.75559587E+3	2.09921192E+2	5.05896466E-7	8.84889828E+1	-1.03660068E+2	1.36292740E+2	-8.64189487E-1
1.88246790E+3	1.95064956E+2	4.77651830E-7	8.80854648E+1	-9.70738688E+1	1.31081601E+2	-8.33904243E-1
2.01850863E+3	1.81918465E+2	4.49337303E-7	8.76808573E+1	-9.09001244E+1	1.26296343E+2	-8.03423136E-1
2.16438064E+3	1.70356452E+2	4.21083510E-7	8.72880922E+1	-8.51520842E+1	1.21942975E+2	-7.73011857E-1
2.32079442E+3	1.60130586E+2	3.93086962E-7	8.69104143E+1	-7.97721428E+1	1.17970400E+2	-7.42598774E-1
2.48851178E+3	1.51068681E+2	3.65636608E-7	8.65271091E+1	-7.47301463E+1	1.14330818E+2	-7.12372095E-1
2.66834962E+3	1.43127427E+2	3.38662113E-7	8.61992199E+1	-7.00511696E+1	1.11074175E+2	-6.82416492E-1
2.86118383E+3	1.36040400E+2	3.12645032E-7	8.58492851E+1	-6.56419885E+1	1.08069287E+2	-6.52791757E-1
3.06795364E+3	1.29787739E+2	2.87557419E-7	8.55230760E+1	-6.15276291E+1	1.05355808E+2	-6.23645731E-1
3.28966612E+3	1.24256469E+2	2.63627377E-7	8.51982108E+1	-5.76861602E+1	1.02890372E+2	-5.95178493E-1
3.52740116E+3	1.19369275E+2	2.40869583E-7	8.48946926E+1	-5.40990625E+1	1.00666865E+2	-5.67359187E-1
3.78231664E+3	1.15011916E+2	2.19430296E-7	8.45855228E+1	-5.07309734E+1	9.86323620E+1	-5.40242661E-1
4.05565415E+3	1.11138606E+2	1.99297417E-7	8.42867563E+1	-4.75736743E+1	9.67859103E+1	-5.13851673E-1
4.34874501E+3	1.07720101E+2	1.80532340E-7	8.40019623E+1	-4.46359707E+1	9.51246540E+1	-4.88426127E-1
4.66301673E+3	1.04686549E+2	1.63035967E-7	8.37452895E+1	-4.18775747E+1	9.36322874E+1	-4.63694698E-1
5.00000000E+3	1.01987790E+2	1.46943673E-7	8.34825844E+1	-3.93047291E+1	9.22724452E+1	-4.40026998E-1
5.36133611E+3	9.95556534E+1	1.32159798E-7	8.32096947E+1	-3.68801024E+1	9.10164572E+1	-4.17200400E-1
5.74878498E+3	9.73986835E+1	1.18559660E-7	8.29647262E+1	-3.46050460E+1	8.98924640E+1	-3.95165002E-1
6.16423370E+3	9.54800169E+1	1.06191195E-7	8.27230737E+1	-3.24852792E+1	8.88729456E+1	-3.74196725E-1
6.60970574E+3	9.37674719E+1	9.49394766E-8	8.24920176E+1	-3.04981113E+1	8.79492349E+1	-3.54124683E-1
7.08737081E+3	9.22276533E+1	8.47461918E-8	8.22622803E+1	-2.86316982E+1	8.71025663E+1	-3.34939948E-1
7.59955541E+3	9.08444144E+1	7.55358035E-8	8.20370054E+1	-2.68799794E+1	8.63284640E+1	-3.16632966E-1
8.14875417E+3	8.96098111E+1	6.72170744E-8	8.18274447E+1	-2.52351113E+1	8.56302624E+1	-2.99140011E-1
8.73764200E+3	8.85026951E+1	5.97526107E-8	8.16227293E+1	-2.36972863E+1	8.49931262E+1	-2.82559071E-1
9.36908711E+3	8.74932094E+1	5.30294517E-8	8.14193464E+1	-2.22380262E+1	8.44016583E+1	-2.66626399E-1
1.00461650E+4	8.65989737E+1	4.70200956E-8	8.12325726E+1	-2.08788531E+1	8.38728646E+1	-2.51580008E-1
1.07721735E+4	8.57897568E+1	4.16412341E-8	8.10512210E+1	-1.95975502E+1	8.33868366E+1	-2.37238848E-1
1.15506485E+4	8.50567279E+1	3.68494475E-8	8.08721568E+1	-1.83960634E+1	8.29380553E+1	-2.23665047E-1
1.23853818E+4	8.43914525E+1	3.25694476E-8	8.06994089E+1	-1.72611000E+1	8.25247861E+1	-2.10718554E-1
1.32804389E+4	8.37912724E+1	2.87538907E-8	8.05361566E+1	-1.61911830E+1	8.21475930E+1	-1.98397678E-1
1.42401793E+4	8.32473508E+1	2.53695937E-8	8.03772820E+1	-1.51884193E+1	8.17997298E+1	-1.86761930E-1
1.52692775E+4	8.27601859E+1	2.23590586E-8	8.02315000E+1	-1.42435531E+1	8.14860344E+1	-1.75700062E-1
1.63727458E+4	8.23028551E+1	1.96800430E-8	8.00794898E+1	-1.33433153E+1	8.11835611E+1	-1.65108945E-1
1.75559587E+4	8.19011507E+1	1.73118450E-8	7.99455902E+1	-1.25035193E+1	8.09174630E+1	-1.55143517E-1
1.88246790E+4	8.15334291E+1	1.52048632E-8	7.98173029E+1	-1.17036854E+1	8.06708026E+1	-1.45593408E-1
2.01850863E+4	8.11877920E+1	1.33504830E-8	7.96820218E+1	-1.09536380E+1	8.04313832E+1	-1.36610663E-1
2.16438064E+4	8.08794923E+1	1.17023147E-8	7.95613872E+1	-1.02406144E+1	8.02177324E+1	-1.28009554E-1
2.32079442E+4	8.05996336E+1	1.02389855E-8	7.94490874E+1	-9.56082560E+0	8.00222927E+1	-1.19763128E-1
2.48851178E+4	8.03409284E+1	8.94712429E-9	7.93386814E+1	-8.91713465E+0	7.98382321E+1	-1.11923503E-1
2.66834962E+4	8.01014251E+1	7.81306488E-9	7.92291437E+1	-8.31321995E+0	7.96640905E+1	-1.04543742E-1
2.86118383E+4	7.98802135E+1	6.80778306E-9	7.91239860E+1	-7.73532690E+0	7.95012006E+1	-9.74524220E-2
3.06795364E+4	7.96808203E+1	5.92074939E-9	7.90272446E+1	-7.18680708E+0	7.93533595E+1	-9.06914128E-2
3.28966612E+4	7.94897074E+1	5.13476448E-9	7.89279388E+1	-6.65876773E+0	7.92083250E+1	-8.41658497E-2
3.52740116E+4	7.93184349E+1	4.44202278E-9	7.88376907E+1	-6.15635320E+0	7.90776975E+1	-7.79308112E-2
3.78231664E+4	7.91593192E+1	3.83081200E-9	7.87503278E+1	-5.67522384E+0	7.89545587E+1	-7.19416642E-2
4.05565415E+4	7.90215146E+1	3.29142004E-9	7.86759082E+1	-5.21448230E+0	7.88485220E+1	-6.61812129E-2
4.34874501E+4	7.88839147E+1	2.81514407E-9	7.85945398E+1	-4.76897763E+0	7.87390943E+1	-6.06039238E-2
4.66301673E+4	7.87645629E+1	2.39475577E-9	7.85247427E+1	-4.33955640E+0	7.86445614E+1	-5.52074053E-2
5.00000000E+4	7.86488227E+1	2.02435070E-9	7.84525476E+1	-3.92405335E+0	7.85506238E+1	-4.99765262E-2
5.36133611E+4	7.85373726E+1	1.69856981E-9	7.83790922E+1	-3.52219040E+0	7.84581925E+1	-4.49076727E-2
5.74878498E+4	7.84380200E+1	1.41003146E-9	7.83130345E+1	-3.12856711E+0	7.83755023E+1	-3.99282713E-2
6.16423370E+4	7.83451972E+1	1.15341301E-9	7.82493449E+1	-2.73865256E+0	7.82972564E+1	-3.49847657E-2
6.60970574E+4	7.82557883E+1	9.30071086E-10	7.81843525E+1	-2.36327572E+0	7.82200622E+1	-3.02177666E-2
7.08737081E+4	7.81799891E+1	7.30372034E-10	7.81294728E+1	-1.98664251E+0	7.81547268E+1	-2.54220883E-2
7.59955541E+4	7.81036376E+1	5.56124764E-10	7.80700544E+1	-1.61918323E+0	7.80868442E+1	-2.07371596E-2
8.14875417E+4	7.80272477E+1	4.02908796E-10	7.80070358E+1	-1.25561861E+0	7.80171411E+1	-1.60948354E-2
8.73764200E+4	7.79666683E+1	2.66561719E-10	7.79565184E+1	-8.89475055E-1	7.79615932E+1	-1.14093856E-2
9.36908711E+4	7.79081722E+1	1.46522140E-10	7.79046520E+1	-5.23511931E-1	7.79064121E+1	-6.71980639E-3
1.00461650E+5	7.78592232E+1	4.20304385E-11	7.78588899E+1	-1.60828421E-1	7.78590566E+1	-2.06563582E-3
1.07721735E+5	7.78013187E+1	-5.39615974E-11	7.78006889E+1	2.21073850E-1	7.78010038E+1	2.84153673E-3
1.15506485E+5	7.77553157E+1	-1.35938534E-10	7.77507396E+1	5.96435392E-1	7.77530276E+1	7.67097153E-3
1.23853818E+5	7.77194793E+1	-2.09945400E-10	7.77069500E+1	9.86700618E-1	7.77132144E+1	1.26970311E-2
1.32804389E+5	7.76832680E+1	-2.74176780E-10	7.76587342E+1	1.38019663E+0	7.76710001E+1	1.77707118E-2
1.42401793E+5	7.76547390E+1	-3.31693920E-10	7.76135157E+1	1.78870276E+0	7.76341246E+1	2.30421999E-2
1.52692775E+5	7.76279143E+1	-3.82728259E-10	7.75648930E+1	2.21091437E+0	7.75963973E+1	2.84963465E-2
1.63727458E+5	7.76155351E+1	-4.26905009E-10	7.75254588E+1	2.64256469E+0	7.75704839E+1	3.40732195E-2
1.75559587E+5	7.76054721E+1	-4.65927976E-10	7.74822082E+1	3.09042009E+0	7.75438156E+1	3.98644152E-2
1.88246790E+5	7.76017687E+1	-5.02370165E-10	7.74344686E+1	3.57055257E+0	7.75180707E+1	4.60772908E-2
2.01850863E+5	7.76052975E+1	-5.32356475E-10	7.73928207E+1	4.05513234E+0	7.74989863E+1	5.23488808E-2
2.16438064E+5	7.76186342E+1	-5.59819202E-10	7.73485440E+1	4.57066633E+0	7.74834714E+1	5.90231792E-2
2.32079442E+5	7.76409479E+1	-5.83302318E-10	7.73038125E+1	5.10507308E+0	7.74721968E+1	6.59433347E-2
2.48851178E+5	7.76722412E+1	-6.04183474E-10	7.72562878E+1	5.66876065E+0	7.74639853E+1	7.32447759E-2
2.66834962E+5	7.77141541E+1	-6.23374971E-10	7.72048332E+1	6.27070878E+0	7.74590750E+1	8.10438036E-2
2.86118383E+5	7.77699763E+1	-6.39287651E-10	7.71536188E+1	6.89587998E+0	7.74611845E+1	8.91417487E-2
3.06795364E+5	7.78484978E+1	-6.54381412E-10	7.71049564E+1	7.57167623E+0	7.74758351E+1	9.78857768E-2
3.28966612E+5	7.79395201E+1	-6.66362036E-10	7.70515802E+1	8.27143980E+0	7.74942784E+1	1.06939862E-1
3.52740116E+5	7.80519273E+1	-6.77514474E-10	7.69942980E+1	9.02392467E+0	7.75213090E+1	1.16670239E-1
3.78231664E+5	7.81831437E+1	-6.86880200E-10	7.69301103E+1	9.81811518E+0	7.75540964E+1	1.26937627E-1
4.05565415E+5	7.82995376E+1	-6.97030872E-10	7.68136416E+1	1.06828887E+1	7.75530294E+1	1.38189215E-1
4.34874501E+5	7.85362202E+1	-6.98949324E-10	7.68081445E+1	1.15203866E+1	7.76673748E+1	1.48879186E-1
4.66301673E+5	7.87815942E+1	-7.08627507E-10	7.67286177E+1	1.25501031E+1	7.77483272E+1	1.62128629E-1
NaN	NaN	NaN	NaN	NaN	NaN	NaN
