Start time:20240903_18-52-44	sweep/start:500.000	sweep/stop:500000.000	sweep/samplecount:100.000	sweep/xmapping:1.000	sweep/scan:0.000	sweep/averaging/sample:10.000	sweep/settling/time:0.100	sweep/settling/inaccuracy:0.010	sweep/awgcontrol:0.000	sweep/averaging/time:0.100	sweep/averaging/tc:15.000	sweep/bandwidthcontrol:2.000	sweep/sincfilter:0.000	sweep/omegasuppression:80.000	sweep/maxbandwidth:100.000	sweep/bandwidth:1250000.000	sweep/order:8.000	sweep/bandwidthoverlap:1.000																				
Frequency	Param0		Param1		RealZ		ImagZ		AbsZ		PhaseZ		
5.00000000E+2	8.48651838E+2	7.02025432E-7	1.88455572E+2	-3.52728551E+2	3.99916223E+2	-1.08010279E+0
5.36133611E+2	7.75375610E+2	6.79927678E-7	1.86659881E+2	-3.31495405E+2	3.80435556E+2	-1.05796326E+0
5.74878498E+2	7.09823592E+2	6.56978864E-7	1.84976844E+2	-3.11583573E+2	3.62354524E+2	-1.03504656E+0
6.16423370E+2	6.52083744E+2	6.32769651E-7	1.83480433E+2	-2.93222332E+2	3.45896606E+2	-1.01166631E+0
6.60970574E+2	6.00707635E+2	6.08592635E-7	1.81747772E+2	-2.75943698E+2	3.30419743E+2	-9.88370782E-1
7.08737081E+2	5.55787445E+2	5.83658820E-7	1.80057268E+2	-2.60101638E+2	3.16343974E+2	-9.65285636E-1
7.59955541E+2	5.15405269E+2	5.58431493E-7	1.78418377E+2	-2.45203071E+2	3.03245281E+2	-9.41763118E-1
8.14875417E+2	4.79825500E+2	5.33204800E-7	1.76671512E+2	-2.31427373E+2	2.91155403E+2	-9.18774643E-1
8.73764200E+2	4.47910230E+2	5.07898537E-7	1.74974884E+2	-2.18533217E+2	2.79951785E+2	-8.95641668E-1
9.36908711E+2	4.19462728E+2	4.82761801E-7	1.73257108E+2	-2.06535303E+2	2.69582778E+2	-8.72796940E-1
1.00461650E+3	3.93952132E+2	4.58062258E-7	1.71472406E+2	-1.95317992E+2	2.59907504E+2	-8.50318293E-1
1.07721735E+3	3.71170966E+2	4.33612753E-7	1.69744988E+2	-1.84908148E+2	2.51006766E+2	-8.28127039E-1
1.15506485E+3	3.50787360E+2	4.09751119E-7	1.67987176E+2	-1.75237150E+2	2.42750414E+2	-8.06518236E-1
1.23853818E+3	3.32412637E+2	3.86712238E-7	1.66147128E+2	-1.66206249E+2	2.35009352E+2	-7.85576093E-1
1.32804389E+3	3.15776472E+2	3.64245488E-7	1.64368066E+2	-1.57755168E+2	2.27823532E+2	-7.64871948E-1
1.42401793E+3	3.00743275E+2	3.42799491E-7	1.62487581E+2	-1.49882693E+2	2.21058910E+2	-7.45067650E-1
1.52692775E+3	2.87094904E+2	3.22196892E-7	1.60606062E+2	-1.42530236E+2	2.14730480E+2	-7.25839343E-1
1.63727458E+3	2.74668374E+2	3.02536397E-7	1.58698025E+2	-1.35662283E+2	2.08780565E+2	-7.07300369E-1
1.75559587E+3	2.63368802E+2	2.83896432E-7	1.56745439E+2	-1.29277676E+2	2.03179367E+2	-6.89658376E-1
1.88246790E+3	2.52947462E+2	2.66074387E-7	1.54831310E+2	-1.23253583E+2	1.97899430E+2	-6.72328236E-1
2.01850863E+3	2.43324067E+2	2.49266344E-7	1.52868360E+2	-1.17591712E+2	1.92864069E+2	-6.55698377E-1
2.16438064E+3	2.34505180E+2	2.33351374E-7	1.50923696E+2	-1.12313930E+2	1.88128642E+2	-6.39763924E-1
2.32079442E+3	2.26330180E+2	2.18395137E-7	1.48948275E+2	-1.07358736E+2	1.83606887E+2	-6.24535682E-1
2.48851178E+3	2.18730623E+2	2.04332700E-7	1.46961498E+2	-1.02700028E+2	1.79290209E+2	-6.09935378E-1
2.66834962E+3	2.11630478E+2	1.91029238E-7	1.45010889E+2	-9.82881671E+1	1.75181972E+2	-5.95669731E-1
2.86118383E+3	2.04976418E+2	1.78623961E-7	1.43015121E+2	-9.41350093E+1	1.71215439E+2	-5.82130111E-1
3.06795364E+3	1.98747498E+2	1.66932219E-7	1.41054035E+2	-9.02102746E+1	1.67433975E+2	-5.68989672E-1
3.28966612E+3	1.92886776E+2	1.55979767E-7	1.39094955E+2	-8.64995308E+1	1.63797365E+2	-5.56348221E-1
3.52740116E+3	1.87355509E+2	1.45707306E-7	1.37149190E+2	-8.29804438E+1	1.60298646E+2	-5.44115516E-1
3.78231664E+3	1.82133008E+2	1.36066760E-7	1.35227655E+2	-7.96423198E+1	1.56937628E+2	-5.32254862E-1
4.05565415E+3	1.77219659E+2	1.27026872E-7	1.33340468E+2	-7.64909741E+1	1.53722320E+2	-5.20820358E-1
4.34874501E+3	1.72499275E+2	1.18620361E-7	1.31418604E+2	-7.34762752E+1	1.50564317E+2	-5.09803706E-1
4.66301673E+3	1.68017395E+2	1.10690989E-7	1.29551951E+2	-7.05922901E+1	1.47536372E+2	-4.98915845E-1
5.00000000E+3	1.63806434E+2	1.03254364E-7	1.27739868E+2	-6.78758917E+1	1.44653420E+2	-4.88420007E-1
5.36133611E+3	1.59715771E+2	9.63019279E-8	1.25913631E+2	-6.52391667E+1	1.41811115E+2	-4.78043287E-1
5.74878498E+3	1.55847948E+2	8.97790534E-8	1.24139549E+2	-6.27396631E+1	1.39093112E+2	-4.67955286E-1
6.16423370E+3	1.52155718E+2	8.36607501E-8	1.22402809E+2	-6.03476510E+1	1.36470829E+2	-4.58052092E-1
6.60970574E+3	1.48599158E+2	7.79176955E-8	1.20692426E+2	-5.80355967E+1	1.33920845E+2	-4.48214907E-1
7.08737081E+3	1.45207094E+2	7.25393531E-8	1.19020701E+2	-5.58276109E+1	1.31463493E+2	-4.38589027E-1
7.59955541E+3	1.41953566E+2	6.75032520E-8	1.17379807E+2	-5.37071907E+1	1.29083237E+2	-4.29115157E-1
8.14875417E+3	1.38846196E+2	6.27612250E-8	1.15795465E+2	-5.16639987E+1	1.26798106E+2	-4.19660985E-1
8.73764200E+3	1.35865075E+2	5.83509379E-8	1.14226589E+2	-4.97160910E+1	1.24576900E+2	-4.10512764E-1
9.36908711E+3	1.32990860E+2	5.41706168E-8	1.12717850E+2	-4.78030278E+1	1.22435468E+2	-4.01103485E-1
1.00461650E+4	1.30247936E+2	5.02610027E-8	1.11251567E+2	-4.59714601E+1	1.20375608E+2	-3.91851398E-1
1.07721735E+4	1.27616008E+2	4.65990617E-8	1.09823879E+2	-4.42040746E+1	1.18386169E+2	-3.82659401E-1
1.15506485E+4	1.25082482E+2	4.31707662E-8	1.08429484E+2	-4.24932407E+1	1.16458701E+2	-3.73501986E-1
1.23853818E+4	1.22665910E+2	3.99536886E-8	1.07088882E+2	-4.08426928E+1	1.14613067E+2	-3.64361586E-1
1.32804389E+4	1.20342617E+2	3.69425677E-8	1.05784660E+2	-3.92429374E+1	1.12829087E+2	-3.55232866E-1
1.42401793E+4	1.18112509E+2	3.41119944E-8	1.04528401E+2	-3.76818839E+1	1.11113057E+2	-3.45993032E-1
1.52692775E+4	1.15991014E+2	3.14803444E-8	1.03312247E+2	-3.61921031E+1	1.09468223E+2	-3.36957805E-1
1.63727458E+4	1.13948071E+2	2.89971593E-8	1.02146204E+2	-3.47204838E+1	1.07885877E+2	-3.27657607E-1
1.75559587E+4	1.11997438E+2	2.66961760E-8	1.01010200E+2	-3.33139993E+1	1.06362040E+2	-3.18574651E-1
1.88246790E+4	1.10138819E+2	2.45348348E-8	9.99303734E+1	-3.19395228E+1	1.04910501E+2	-3.09356197E-1
2.01850863E+4	1.08353447E+2	2.25198623E-8	9.88832107E+1	-3.06014121E+1	1.03510080E+2	-3.00122288E-1
2.16438064E+4	1.06668260E+2	2.06461911E-8	9.78880106E+1	-2.93169051E+1	1.02183872E+2	-2.90992832E-1
2.32079442E+4	1.05052357E+2	1.88965079E-8	9.69302647E+1	-2.80584277E+1	1.00909626E+2	-2.81768674E-1
2.48851178E+4	1.03519236E+2	1.72731593E-8	9.60140587E+1	-2.68439898E+1	9.96960472E+1	-2.72622879E-1
2.66834962E+4	1.02060861E+2	1.57592074E-8	9.51424359E+1	-2.56560846E+1	9.85409500E+1	-2.63394683E-1
2.86118383E+4	1.00675478E+2	1.43548270E-8	9.43096999E+1	-2.45021174E+1	9.74406183E+1	-2.54185260E-1
3.06795364E+4	9.93600597E+1	1.30602435E-8	9.35089681E+1	-2.33907970E+1	9.63901273E+1	-2.45115095E-1
3.28966612E+4	9.81113082E+1	1.18598065E-8	9.27464983E+1	-2.23062148E+1	9.53911960E+1	-2.36024645E-1
3.52740116E+4	9.69327533E+1	1.07497576E-8	9.20246668E+1	-2.12524101E+1	9.44468333E+1	-2.26963386E-1
3.78231664E+4	9.58256159E+1	9.72888635E-9	9.13419293E+1	-2.02373047E+1	9.35569165E+1	-2.18033488E-1
4.05565415E+4	9.47762025E+1	8.78542309E-9	9.06931935E+1	-1.92432071E+1	9.27122239E+1	-2.09078411E-1
4.34874501E+4	9.37835867E+1	7.92067005E-9	9.00728581E+1	-1.82821181E+1	9.19094973E+1	-2.00250013E-1
4.66301673E+4	9.28484925E+1	7.12690522E-9	8.94849598E+1	-1.73489309E+1	9.11512129E+1	-1.91499631E-1
5.00000000E+4	9.19628502E+1	6.39866234E-9	8.89239064E+1	-1.64387979E+1	9.04306135E+1	-1.82799908E-1
5.36133611E+4	9.11378560E+1	5.73223636E-9	8.84000396E+1	-1.55570871E+1	8.97585098E+1	-1.74201299E-1
5.74878498E+4	9.03558042E+1	5.12510466E-9	8.78965604E+1	-1.47023440E+1	8.91176997E+1	-1.65734394E-1
6.16423370E+4	8.96209168E+1	4.57273912E-9	8.74185309E+1	-1.38754882E+1	8.85128741E+1	-1.57411637E-1
6.60970574E+4	8.89274165E+1	4.06633919E-9	8.69660772E+1	-1.30602391E+1	8.79412791E+1	-1.49062315E-1
7.08737081E+4	8.82759195E+1	3.60681047E-9	8.65362782E+1	-1.22695551E+1	8.74017707E+1	-1.40846296E-1
7.59955541E+4	8.76625437E+1	3.18951666E-9	8.61273762E+1	-1.14986862E+1	8.68915697E+1	-1.32723055E-1
8.14875417E+4	8.70895205E+1	2.81246998E-9	8.57410578E+1	-1.07526061E+1	8.64126588E+1	-1.24756597E-1
8.73764200E+4	8.65429438E+1	2.46797602E-9	8.53691423E+1	-1.00103121E+1	8.59540394E+1	-1.16726104E-1
9.36908711E+4	8.60342208E+1	2.15628773E-9	8.50202314E+1	-9.28490365E+0	8.55257234E+1	-1.08777087E-1
1.00461650E+5	8.55438625E+1	1.87437485E-9	8.46764730E+1	-8.57014620E+0	8.51090627E+1	-1.00867000E-1
1.07721735E+5	8.50995832E+1	1.62001612E-9	8.43650303E+1	-7.87213298E+0	8.47315108E+1	-9.30409746E-2
1.15506485E+5	8.46702576E+1	1.38997029E-9	8.40570327E+1	-7.17954098E+0	8.43630880E+1	-8.52059345E-2
1.23853818E+5	8.42667591E+1	1.18211633E-9	8.37634126E+1	-6.49322023E+0	8.40147089E+1	-7.73638574E-2
1.32804389E+5	8.38857660E+1	9.94219560E-10	8.34814517E+1	-5.80968806E+0	8.36833647E+1	-6.94805412E-2
1.42401793E+5	8.35226864E+1	8.25411365E-10	8.32060968E+1	-5.13245768E+0	8.33642413E+1	-6.16056180E-2
1.52692775E+5	8.31846989E+1	6.72244626E-10	8.29459529E+1	-4.45004541E+0	8.30652401E+1	-5.35985485E-2
1.63727458E+5	8.28645561E+1	5.34261341E-10	8.26930348E+1	-3.76610889E+0	8.27787511E+1	-4.55117927E-2
1.75559587E+5	8.25664612E+1	4.09223211E-10	8.24519257E+1	-3.07304601E+0	8.25091736E+1	-3.72535212E-2
1.88246790E+5	8.22929204E+1	2.97674095E-10	8.22212927E+1	-2.38219424E+0	8.22570977E+1	-2.89649852E-2
2.01850863E+5	8.20152666E+1	1.95649652E-10	8.19813126E+1	-1.66839610E+0	8.19982878E+1	-2.03481220E-2
2.16438064E+5	8.17676398E+1	1.04136532E-10	8.17566763E+1	-9.46719826E-1	8.17621579E+1	-1.15792052E-2
2.32079442E+5	8.15400035E+1	2.11247739E-11	8.15394884E+1	-2.04807950E-1	8.15397460E+1	-2.51176015E-3
2.48851178E+5	8.13319676E+1	-5.33421548E-11	8.13282244E+1	5.51686517E-1	8.13300960E+1	6.78335550E-3
2.66834962E+5	8.11393025E+1	-1.20678490E-10	8.11174391E+1	1.33167379E+0	8.11283701E+1	1.64151428E-2
2.86118383E+5	8.09603535E+1	-1.81631350E-10	8.09038094E+1	2.13874029E+0	8.09320765E+1	2.64294305E-2
3.06795364E+5	8.08166679E+1	-2.36738284E-10	8.07068914E+1	2.97651956E+0	8.07617610E+1	3.68639032E-2
3.28966612E+5	8.06929540E+1	-2.85820617E-10	8.05099834E+1	3.83804812E+0	8.06014167E+1	4.76356495E-2
3.52740116E+5	8.05830674E+1	-3.30939165E-10	8.03025338E+1	4.74630708E+0	8.04426783E+1	5.90366447E-2
3.78231664E+5	8.05102901E+1	-3.71358107E-10	8.01058713E+1	5.69175637E+0	8.03078261E+1	7.09337208E-2
4.05565415E+5	8.05204139E+1	-4.09102766E-10	7.99568735E+1	6.71162592E+0	8.02381484E+1	8.37449244E-2
4.34874501E+5	8.04443160E+1	-4.41824087E-10	7.96925844E+1	7.73942429E+0	8.00675675E+1	9.68120988E-2
4.66301673E+5	8.05356123E+1	-4.69304988E-10	7.95598233E+1	8.81027924E+0	8.00462300E+1	1.10287556E-1
NaN	NaN	NaN	NaN	NaN	NaN	NaN
