Start time:20240903_07-32-03	sweep/start:500.000	sweep/stop:500000.000	sweep/samplecount:100.000	sweep/xmapping:1.000	sweep/scan:0.000	sweep/averaging/sample:10.000	sweep/settling/time:0.100	sweep/settling/inaccuracy:0.010	sweep/awgcontrol:0.000	sweep/averaging/time:0.100	sweep/averaging/tc:15.000	sweep/bandwidthcontrol:2.000	sweep/sincfilter:0.000	sweep/omegasuppression:80.000	sweep/maxbandwidth:100.000	sweep/bandwidth:1250000.000	sweep/order:8.000	sweep/bandwidthoverlap:1.000																				
Frequency	Param0		Param1		RealZ		ImagZ		AbsZ		PhaseZ		
5.00000000E+2	1.18327542E+3	8.36605071E-7	1.10877741E+2	-3.44825661E+2	3.62213525E+2	-1.25969045E+0
5.36133611E+2	1.05818845E+3	8.24895349E-7	1.09699290E+2	-3.22565254E+2	3.40708530E+2	-1.24298256E+0
5.74878498E+2	9.48429565E+2	8.12099084E-7	1.08516466E+2	-3.01900665E+2	3.20811284E+2	-1.22573278E+0
6.16423370E+2	8.49455248E+2	7.98441986E-7	1.07518214E+2	-2.82438612E+2	3.02211446E+2	-1.20705677E+0
6.60970574E+2	7.62982962E+2	7.83554031E-7	1.06496395E+2	-2.64411244E+2	2.85052291E+2	-1.18790596E+0
7.08737081E+2	6.86358576E+2	7.67817322E-7	1.05473371E+2	-2.47523384E+2	2.69058492E+2	-1.16798190E+0
7.59955541E+2	6.18507678E+2	7.50745269E-7	1.04548444E+2	-2.31804976E+2	2.54291053E+2	-1.14709529E+0
8.14875417E+2	5.58673434E+2	7.32484387E-7	1.03651916E+2	-2.17172285E+2	2.40639836E+2	-1.12548964E+0
8.73764200E+2	5.05544596E+2	7.13379825E-7	1.02748754E+2	-2.03437211E+2	2.27912308E+2	-1.10310603E+0
9.36908711E+2	4.58471527E+2	6.93084153E-7	1.01903954E+2	-1.90619057E+2	2.16148202E+2	-1.07985742E+0
1.00461650E+3	4.16955669E+2	6.71720419E-7	1.01068354E+2	-1.78678983E+2	2.05282729E+2	-1.05602320E+0
1.07721735E+3	3.79982147E+2	6.49261455E-7	1.00305428E+2	-1.67490500E+2	1.95228720E+2	-1.03120641E+0
1.15506485E+3	3.47338888E+2	6.25954253E-7	9.95297539E+1	-1.57048933E+2	1.85931556E+2	-1.00592964E+0
1.23853818E+3	3.18591141E+2	6.01917529E-7	9.87267918E+1	-1.47331239E+2	1.77351278E+2	-9.80419994E-1
1.32804389E+3	2.93006108E+2	5.77049345E-7	9.79787269E+1	-1.38233606E+2	1.69435422E+2	-9.54194748E-1
1.42401793E+3	2.70307342E+2	5.51600925E-7	9.72419925E+1	-1.29727457E+2	1.62127174E+2	-9.27559716E-1
1.52692775E+3	2.50166632E+2	5.25764643E-7	9.65019165E+1	-1.21774103E+2	1.55375529E+2	-9.00665793E-1
1.63727458E+3	2.32291353E+2	4.99451175E-7	9.58109788E+1	-1.14351713E+2	1.49184649E+2	-8.73391220E-1
1.75559587E+3	2.16379010E+2	4.73187279E-7	9.50877153E+1	-1.07393246E+2	1.43439828E+2	-8.46097265E-1
1.88246790E+3	2.02250945E+2	4.46819506E-7	9.43990387E+1	-1.00901508E+2	1.38174866E+2	-8.18680536E-1
2.01850863E+3	1.89624524E+2	4.20589824E-7	9.37286652E+1	-9.48060543E+1	1.33316361E+2	-7.91112683E-1
2.16438064E+3	1.78389885E+2	3.94732812E-7	9.30563300E+1	-8.91113134E+1	1.28842180E+2	-7.63745573E-1
2.32079442E+3	1.68318773E+2	3.69313254E-7	9.23989636E+1	-8.37550613E+1	1.24709581E+2	-7.36367354E-1
2.48851178E+3	1.59334682E+2	3.44502471E-7	9.17497986E+1	-7.87457849E+1	1.20908745E+2	-7.09273703E-1
2.66834962E+3	1.51304327E+2	3.20302201E-7	9.11368556E+1	-7.40504776E+1	1.17428277E+2	-6.82328349E-1
2.86118383E+3	1.44127511E+2	2.97015180E-7	9.05183513E+1	-6.96606906E+1	1.14219895E+2	-6.55912056E-1
3.06795364E+3	1.37675676E+2	2.74588595E-7	8.99222932E+1	-6.55293300E+1	1.11265953E+2	-6.29750628E-1
3.28966612E+3	1.31867931E+2	2.53131316E-7	8.93396522E+1	-6.16397689E+1	1.08540476E+2	-6.03948158E-1
3.52740116E+3	1.26678745E+2	2.32760027E-7	8.87687417E+1	-5.80105393E+1	1.06042975E+2	-5.78833059E-1
3.78231664E+3	1.21984449E+2	2.13419768E-7	8.82165638E+1	-5.45791759E+1	1.03735475E+2	-5.54052768E-1
4.05565415E+3	1.17771159E+2	1.95183992E-7	8.76846653E+1	-5.13626647E+1	1.01620492E+2	-5.29887305E-1
4.34874501E+3	1.13974720E+2	1.78018763E-7	8.71798141E+1	-4.83319189E+1	9.96809651E+1	-5.06210056E-1
4.66301673E+3	1.10555721E+2	1.62025690E-7	8.66805893E+1	-4.54918676E+1	9.78929772E+1	-4.83307344E-1
5.00000000E+3	1.07469196E+2	1.47128738E-7	8.61992549E+1	-4.28188337E+1	9.62484520E+1	-4.61038231E-1
5.36133611E+3	1.04672021E+2	1.33229181E-7	8.57488435E+1	-4.02820108E+1	9.47391405E+1	-4.39170346E-1
5.74878498E+3	1.02175901E+2	1.20418621E-7	8.53234017E+1	-3.79198138E+1	9.33702061E+1	-4.18207716E-1
6.16423370E+3	9.98910837E+1	1.08611126E-7	8.49001532E+1	-3.56753693E+1	9.20910868E+1	-3.97801238E-1
6.60970574E+3	9.78360691E+1	9.77778942E-8	8.44991434E+1	-3.35702034E+1	9.09233963E+1	-3.78163270E-1
7.08737081E+3	9.59758608E+1	8.78509184E-8	8.41172978E+1	-3.15833836E+1	8.98511550E+1	-3.59181219E-1
7.59955541E+3	9.42966157E+1	7.87947815E-8	8.37544205E+1	-2.97145628E+1	8.88693332E+1	-3.40928606E-1
8.14875417E+3	9.27719885E+1	7.05421500E-8	8.34076064E+1	-2.79474561E+1	8.79652742E+1	-3.23313489E-1
8.73764200E+3	9.14056361E+1	6.30515477E-8	8.30875790E+1	-2.62892950E+1	8.71474210E+1	-3.06438149E-1
9.36908711E+3	9.01522170E+1	5.62877779E-8	8.27665414E+1	-2.47242120E+1	8.63804792E+1	-2.90284185E-1
1.00461650E+4	8.90216275E+1	5.01556817E-8	8.24708579E+1	-2.32432236E+1	8.56836623E+1	-2.74710036E-1
1.07721735E+4	8.80029609E+1	4.46253025E-8	8.21956853E+1	-2.18479496E+1	8.50497717E+1	-2.59796910E-1
1.15506485E+4	8.70716498E+1	3.96691329E-8	8.19236237E+1	-2.05364264E+1	8.44584221E+1	-2.45616403E-1
1.23853818E+4	8.62373396E+1	3.51955784E-8	8.16804967E+1	-1.92926155E+1	8.39279972E+1	-2.31945161E-1
1.32804389E+4	8.54751508E+1	3.11991455E-8	8.14424076E+1	-1.81228078E+1	8.34344177E+1	-2.18955534E-1
1.42401793E+4	8.47797707E+1	2.76185197E-8	8.12151508E+1	-1.70147282E+1	8.29783216E+1	-2.06515081E-1
1.52692775E+4	8.41578282E+1	2.44210406E-8	8.10082939E+1	-1.59730003E+1	8.25680448E+1	-1.94679996E-1
1.63727458E+4	8.35828543E+1	2.15543713E-8	8.08072316E+1	-1.49762836E+1	8.21833257E+1	-1.83254171E-1
1.75559587E+4	8.30667594E+1	1.90190906E-8	8.06183870E+1	-1.40493257E+1	8.18334171E+1	-1.72536789E-1
1.88246790E+4	8.25897819E+1	1.67503740E-8	8.04361628E+1	-1.31616246E+1	8.15058595E+1	-1.62190902E-1
2.01850863E+4	8.21606443E+1	1.47360328E-8	8.02680662E+1	-1.23253037E+1	8.12088420E+1	-1.52361747E-1
2.16438064E+4	8.17760851E+1	1.29472006E-8	8.01151734E+1	-1.15353431E+1	8.09413691E+1	-1.43001681E-1
2.32079442E+4	8.14188038E+1	1.13606638E-8	7.99640606E+1	-1.07854873E+1	8.06881537E+1	-1.34070074E-1
2.48851178E+4	8.11086547E+1	9.95330159E-9	7.98365740E+1	-1.00775524E+1	8.04701006E+1	-1.25563286E-1
2.66834962E+4	8.07979138E+1	8.70708029E-9	7.96892710E+1	-9.39929290E+0	8.02416777E+1	-1.17406831E-1
2.86118383E+4	8.05304517E+1	7.59926005E-9	7.95673936E+1	-8.75370930E+0	8.00474743E+1	-1.09575624E-1
3.06795364E+4	8.02782677E+1	6.62479459E-9	7.94433263E+1	-8.14435101E+0	7.98597058E+1	-1.02160847E-1
3.28966612E+4	8.00514921E+1	5.75963679E-9	7.93309894E+1	-7.56030058E+0	7.96904264E+1	-9.50137726E-2
3.52740116E+4	7.98463007E+1	4.99626642E-9	7.92269402E+1	-7.00499743E+0	7.95360176E+1	-8.81875367E-2
3.78231664E+4	7.96551549E+1	4.32042412E-9	7.91258873E+1	-6.47137595E+0	7.93900800E+1	-8.16041979E-2
4.05565415E+4	7.94820392E+1	3.72678395E-9	7.90317507E+1	-5.96548304E+0	7.92565751E+1	-7.53392386E-2
4.34874501E+4	7.93203219E+1	3.19973103E-9	7.89406696E+1	-5.47447651E+0	7.91302681E+1	-6.92383955E-2
4.66301673E+4	7.91714924E+1	2.73468288E-9	7.88541914E+1	-5.00204286E+0	7.90126826E+1	-6.33491990E-2
5.00000000E+4	7.90318517E+1	2.32542540E-9	7.87692683E+1	-4.54790357E+0	7.89004507E+1	-5.76730008E-2
5.36133611E+4	7.89048167E+1	1.96588514E-9	7.86899589E+1	-4.11181812E+0	7.87973145E+1	-5.22059211E-2
5.74878498E+4	7.87891491E+1	1.64521308E-9	7.86168011E+1	-3.68094970E+0	7.87029280E+1	-4.67872420E-2
6.16423370E+4	7.86753941E+1	1.36268075E-9	7.85399746E+1	-3.26124061E+0	7.86076552E+1	-4.14994774E-2
6.60970574E+4	7.85790549E+1	1.11569631E-9	7.84750227E+1	-2.85723684E+0	7.85270216E+1	-3.63934303E-2
7.08737081E+4	7.84833314E+1	8.95740969E-10	7.84064882E+1	-2.45457874E+0	7.84449004E+1	-3.12955875E-2
7.59955541E+4	7.83957012E+1	7.02408584E-10	7.83415382E+1	-2.05988277E+0	7.83686150E+1	-2.62875555E-2
8.14875417E+4	7.83159580E+1	5.32775757E-10	7.82802315E+1	-1.67231472E+0	7.82980927E+1	-2.13599288E-2
8.73764200E+4	7.82422710E+1	3.82236279E-10	7.82211828E+1	-1.28431529E+0	7.82317262E+1	-1.64175499E-2
9.36908711E+4	7.81720579E+1	2.49508872E-10	7.81617517E+1	-8.97447353E-1	7.81669046E+1	-1.14814200E-2
1.00461650E+5	7.81030415E+1	1.33622609E-10	7.80996512E+1	-5.14490065E-1	7.81013463E+1	-6.58751623E-3
1.07721735E+5	7.80475036E+1	2.85840538E-11	7.80473242E+1	-1.17849060E-1	7.80474139E+1	-1.50996452E-3
1.15506485E+5	7.79968440E+1	-6.36595365E-11	7.79958302E+1	2.81059789E-1	7.79963371E+1	3.60350519E-3
1.23853818E+5	7.79497273E+1	-1.43815403E-10	7.79437943E+1	6.79971383E-1	7.79467607E+1	8.72364857E-3
1.32804389E+5	7.79044555E+1	-2.16189614E-10	7.78890676E+1	1.09462578E+0	7.78967612E+1	1.40527298E-2
1.42401793E+5	7.78695454E+1	-2.79142742E-10	7.78401019E+1	1.51388441E+0	7.78548222E+1	1.94461918E-2
1.52692775E+5	7.78422498E+1	-3.35299491E-10	7.77934691E+1	1.94800387E+0	7.78178556E+1	2.50354788E-2
1.63727458E+5	7.78152728E+1	-3.84236181E-10	7.77417217E+1	2.39121415E+0	7.77784885E+1	3.07487522E-2
1.75559587E+5	7.78028426E+1	-4.27377048E-10	7.76983136E+1	2.84985402E+0	7.77505605E+1	3.66620215E-2
1.88246790E+5	7.77942483E+1	-4.65593021E-10	7.76490914E+1	3.32647406E+0	7.77216335E+1	4.28136345E-2
2.01850863E+5	7.77893336E+1	-5.01002622E-10	7.75997489E+1	3.83557781E+0	7.76944834E+1	4.93875180E-2
2.16438064E+5	7.78002181E+1	-5.30918740E-10	7.75555037E+1	4.35647250E+0	7.76777645E+1	5.61133509E-2
2.32079442E+5	7.78151149E+1	-5.57086209E-10	7.75054162E+1	4.89931012E+0	7.76601111E+1	6.31284950E-2
2.48851178E+5	7.78425380E+1	-5.81111094E-10	7.74550639E+1	5.47829562E+0	7.76485593E+1	7.06111124E-2
2.66834962E+5	7.78798604E+1	-6.02157994E-10	7.74013726E+1	6.08565327E+0	7.76402479E+1	7.84631697E-2
2.86118383E+5	7.79314346E+1	-6.20511723E-10	7.73468785E+1	6.72405633E+0	7.76386064E+1	8.67157344E-2
3.06795364E+5	7.80036496E+1	-6.36601036E-10	7.72954112E+1	7.39885919E+0	7.76487229E+1	9.54310673E-2
3.28966612E+5	7.80790473E+1	-6.48857346E-10	7.72321443E+1	8.08748318E+0	7.76544412E+1	1.04336296E-1
3.52740116E+5	7.81932759E+1	-6.61718927E-10	7.71783077E+1	8.85060470E+0	7.76841342E+1	1.14178584E-1
3.78231664E+5	7.83124780E+1	-6.72711814E-10	7.71039035E+1	9.65325781E+0	7.77058411E+1	1.24550010E-1
4.05565415E+5	7.83932710E+1	-6.81300640E-10	7.69674806E+1	1.04752049E+1	7.76771034E+1	1.35268424E-1
4.34874501E+5	7.86263565E+1	-6.90430300E-10	7.69335453E+1	1.14116613E+1	7.77753444E+1	1.47257349E-1
4.66301673E+5	7.88392336E+1	-6.96752999E-10	7.68484047E+1	1.23680600E+1	7.78374508E+1	1.59572711E-1
5.00000000E+5	7.91231889E+1	-7.01798623E-10	7.67862472E+1	1.33951884E+1	7.79459578E+1	1.72709654E-1
