Start time:20240903_17-22-24	sweep/start:500.000	sweep/stop:500000.000	sweep/samplecount:100.000	sweep/xmapping:1.000	sweep/scan:0.000	sweep/averaging/sample:10.000	sweep/settling/time:0.100	sweep/settling/inaccuracy:0.010	sweep/awgcontrol:0.000	sweep/averaging/time:0.100	sweep/averaging/tc:15.000	sweep/bandwidthcontrol:2.000	sweep/sincfilter:0.000	sweep/omegasuppression:80.000	sweep/maxbandwidth:100.000	sweep/bandwidth:1250000.000	sweep/order:8.000	sweep/bandwidthoverlap:1.000																				
Frequency	Param0		Param1		RealZ		ImagZ		AbsZ		PhaseZ		
5.00000000E+2	8.60058626E+2	7.11492105E-7	1.83159047E+2	-3.52108296E+2	3.96897336E+2	-1.09113682E+0
5.36133611E+2	7.84798441E+2	6.89721485E-7	1.81463425E+2	-3.30882422E+2	3.77375365E+2	-1.06916492E+0
5.74878498E+2	7.17724609E+2	6.67105639E-7	1.79835717E+2	-3.11016993E+2	3.59266574E+2	-1.04654679E+0
6.16423370E+2	6.58636740E+2	6.43658680E-7	1.78202250E+2	-2.92599481E+2	3.42593800E+2	-1.02376260E+0
6.60970574E+2	6.06199904E+2	6.19573248E-7	1.76580558E+2	-2.75431279E+2	3.27174408E+2	-1.00069915E+0
7.08737081E+2	5.59761294E+2	5.94981358E-7	1.74947627E+2	-2.59465233E+2	3.12935919E+2	-9.77553610E-1
7.59955541E+2	5.18467750E+2	5.70054979E-7	1.73304941E+2	-2.44577991E+2	2.99754908E+2	-9.54330069E-1
8.14875417E+2	4.81764808E+2	5.44890961E-7	1.71662017E+2	-2.30722446E+2	2.87577300E+2	-9.31133698E-1
8.73764200E+2	4.49079949E+2	5.19709247E-7	1.69991077E+2	-2.17813227E+2	2.76296172E+2	-9.08093909E-1
9.36908711E+2	4.19984436E+2	4.94640642E-7	1.68293495E+2	-2.05810445E+2	2.65858314E+2	-8.85348813E-1
1.00461650E+3	3.93974282E+2	4.69833289E-7	1.66574032E+2	-1.94625208E+2	2.56175490E+2	-8.62903823E-1
1.07721735E+3	3.70657286E+2	4.45376695E-7	1.64851125E+2	-1.84193846E+2	2.47190753E+2	-8.40757675E-1
1.15506485E+3	3.49757735E+2	4.21494016E-7	1.63080373E+2	-1.74480405E+2	2.38827596E+2	-8.19157118E-1
1.23853818E+3	3.30949936E+2	3.98203914E-7	1.61300978E+2	-1.65422310E+2	2.31046634E+2	-7.98011625E-1
1.32804389E+3	3.14005380E+2	3.75642289E-7	1.59495517E+2	-1.56982891E+2	2.23791084E+2	-7.77459005E-1
1.42401793E+3	2.98629024E+2	3.53909087E-7	1.57653837E+2	-1.49081441E+2	2.16979285E+2	-7.57458220E-1
1.52692775E+3	2.84715833E+2	3.32961659E-7	1.55821182E+2	-1.41719847E+2	2.10629430E+2	-7.38040689E-1
1.63727458E+3	2.72054208E+2	3.12959815E-7	1.53949208E+2	-1.34841276E+2	2.04652215E+2	-7.19329082E-1
1.75559587E+3	2.60467387E+2	2.93861974E-7	1.52066054E+2	-1.28390658E+2	1.99018208E+2	-7.01180538E-1
1.88246790E+3	2.49874828E+2	2.75731343E-7	1.50156314E+2	-1.22365694E+2	1.93701530E+2	-6.83773761E-1
2.01850863E+3	2.40135761E+2	2.58499714E-7	1.48249835E+2	-1.16713633E+2	1.88679852E+2	-6.66934509E-1
2.16438064E+3	2.31155203E+2	2.42219908E-7	1.46322270E+2	-1.11413402E+2	1.83910721E+2	-6.50772959E-1
2.32079442E+3	2.22823738E+2	2.26849357E-7	1.44382358E+2	-1.06421571E+2	1.79365037E+2	-6.35181900E-1
2.48851178E+3	2.15090239E+2	2.12326911E-7	1.42452678E+2	-1.01722241E+2	1.75043367E+2	-6.20111550E-1
2.66834962E+3	2.07888842E+2	1.98708483E-7	1.40496990E+2	-9.73054559E+1	1.70902769E+2	-6.05728967E-1
2.86118383E+3	2.01144973E+2	1.85840232E-7	1.38568246E+2	-9.31189859E+1	1.66950009E+2	-5.91691428E-1
3.06795364E+3	1.94848535E+2	1.73762438E-7	1.36644265E+2	-8.91811542E+1	1.63171488E+2	-5.78237291E-1
3.28966612E+3	1.88920135E+2	1.62415778E-7	1.34728185E+2	-8.54469552E+1	1.59539545E+2	-5.65200100E-1
3.52740116E+3	1.83348926E+2	1.51761277E-7	1.32830823E+2	-8.19167876E+1	1.56058926E+2	-5.52608600E-1
3.78231664E+3	1.78060920E+2	1.41760235E-7	1.30941583E+2	-7.85485842E+1	1.52694396E+2	-5.40327597E-1
4.05565415E+3	1.73055653E+2	1.32381863E-7	1.29068149E+2	-7.53484137E+1	1.49452241E+2	-5.28413467E-1
4.34874501E+3	1.68325564E+2	1.23561005E-7	1.27233911E+2	-7.23066394E+1	1.46344523E+2	-5.16782138E-1
4.66301673E+3	1.63820029E+2	1.15288784E-7	1.25417489E+2	-6.93999190E+1	1.43338398E+2	-5.05412479E-1
5.00000000E+3	1.59556614E+2	1.07473538E-7	1.23665874E+2	-6.66217554E+1	1.40469598E+2	-4.94144699E-1
5.36133611E+3	1.55472691E+2	1.00233306E-7	1.21884497E+2	-6.39834321E+1	1.37657948E+2	-4.83408867E-1
5.74878498E+3	1.51584920E+2	9.33967956E-8	1.20161514E+2	-6.14482184E+1	1.34961748E+2	-4.72710256E-1
6.16423370E+3	1.47885954E+2	8.69686623E-8	1.18485035E+2	-5.90217609E+1	1.32371720E+2	-4.62155972E-1
6.60970574E+3	1.44338939E+2	8.09381517E-8	1.16836247E+2	-5.66860740E+1	1.29861542E+2	-4.51717755E-1
7.08737081E+3	1.40964346E+2	7.52722616E-8	1.15236249E+2	-5.44500609E+1	1.27452746E+2	-4.41413208E-1
7.59955541E+3	1.37731808E+2	6.99635297E-8	1.13666998E+2	-5.23008060E+1	1.25122184E+2	-4.31240302E-1
8.14875417E+3	1.34638723E+2	6.49602190E-8	1.12149497E+2	-5.02210571E+1	1.22880694E+2	-4.21026706E-1
8.73764200E+3	1.31695442E+2	6.02764417E-8	1.10675298E+2	-4.82328757E+1	1.20728755E+2	-4.10987077E-1
9.36908711E+3	1.28860888E+2	5.58938571E-8	1.09225144E+2	-4.63110861E+1	1.18637469E+2	-4.01020420E-1
1.00461650E+4	1.26170478E+2	5.17695297E-8	1.07838903E+2	-4.44618573E+1	1.16645128E+2	-3.91063677E-1
1.07721735E+4	1.23583228E+2	4.78985779E-8	1.06489474E+2	-4.26650288E+1	1.14718407E+2	-3.81066764E-1
1.15506485E+4	1.21113853E+2	4.42787748E-8	1.05181156E+2	-4.09367710E+1	1.12866714E+2	-3.71163690E-1
1.23853818E+4	1.18757282E+2	4.08831331E-8	1.03922023E+2	-3.92646080E+1	1.11092290E+2	-3.61247348E-1
1.32804389E+4	1.16508842E+2	3.76986306E-8	1.02712138E+2	-3.76442389E+1	1.09393200E+2	-3.51299933E-1
1.42401793E+4	1.14354587E+2	3.47250659E-8	1.01536945E+2	-3.60758092E+1	1.07755350E+2	-3.41386261E-1
1.52692775E+4	1.12302705E+2	3.19448924E-8	1.00408124E+2	-3.45587974E+1	1.06189000E+2	-3.31483575E-1
1.63727458E+4	1.10364750E+2	2.93499796E-8	9.93346157E+1	-3.31009246E+1	1.04704535E+2	-3.21654361E-1
1.75559587E+4	1.08503185E+2	2.69324490E-8	9.82901324E+1	-3.16834631E+1	1.03270481E+2	-3.11829873E-1
1.88246790E+4	1.06744827E+2	2.46745979E-8	9.73014290E+1	-3.03126288E+1	1.01913808E+2	-3.02003853E-1
2.01850863E+4	1.05065239E+2	2.25790359E-8	9.63440565E+1	-2.89867703E+1	1.00610195E+2	-2.92252233E-1
2.16438064E+4	1.03479208E+2	2.06199263E-8	9.54429918E+1	-2.76947704E+1	9.93799031E+1	-2.82414969E-1
2.32079442E+4	1.01972039E+2	1.88044144E-8	9.45776299E+1	-2.64451362E+1	9.82052635E+1	-2.72649828E-1
2.48851178E+4	1.00523341E+2	1.71272235E-8	9.37307960E+1	-2.52322416E+1	9.70676693E+1	-2.62965080E-1
2.66834962E+4	9.91810043E+1	1.55656578E-8	9.29536440E+1	-2.40594069E+1	9.60168512E+1	-2.53274012E-1
2.86118383E+4	9.78966355E+1	1.41245082E-8	9.21994260E+1	-2.29189578E+1	9.50053344E+1	-2.43642010E-1
3.06795364E+4	9.67061796E+1	1.27970461E-8	9.14990102E+1	-2.18277523E+1	9.40665706E+1	-2.34180361E-1
3.28966612E+4	9.55739558E+1	1.15742587E-8	9.08256630E+1	-2.07669641E+1	9.31695653E+1	-2.24782450E-1
3.52740116E+4	9.45003378E+1	1.04489626E-8	9.01811857E+1	-1.97359119E+1	9.23155053E+1	-2.15450585E-1
3.78231664E+4	9.34955631E+1	9.41443272E-9	8.95760009E+1	-1.87376267E+1	9.15148001E+1	-2.06207969E-1
4.05565415E+4	9.25504659E+1	8.46796862E-9	8.90007704E+1	-1.77742952E+1	9.07582656E+1	-1.97116173E-1
4.34874501E+4	9.16617731E+1	7.60232320E-9	8.84549213E+1	-1.68422613E+1	9.00440722E+1	-1.88152826E-1
4.66301673E+4	9.08290896E+1	6.80996046E-9	8.79409125E+1	-1.59370285E+1	8.93733351E+1	-1.79278543E-1
5.00000000E+4	9.00461400E+1	6.08758189E-9	8.74525972E+1	-1.50602585E+1	8.87398941E+1	-1.70537822E-1
5.36133611E+4	8.93156869E+1	5.42750528E-9	8.69958345E+1	-1.42062469E+1	8.81481294E+1	-1.61869288E-1
5.74878498E+4	8.86276889E+1	4.83049711E-9	8.65578292E+1	-1.33851597E+1	8.75866449E+1	-1.53423109E-1
6.16423370E+4	8.79809120E+1	4.28775089E-9	8.61419649E+1	-1.25861167E+1	8.70565829E+1	-1.45082414E-1
6.60970574E+4	8.73744889E+1	3.79481485E-9	8.57485598E+1	-1.18076668E+1	8.65577067E+1	-1.36840474E-1
7.08737081E+4	8.68146338E+1	3.34877856E-9	8.53835563E+1	-1.10539786E+1	8.60961217E+1	-1.28746517E-1
7.59955541E+4	8.62795324E+1	2.94480860E-9	8.50280392E+1	-1.03156131E+1	8.56515001E+1	-1.20730119E-1
8.14875417E+4	8.57786456E+1	2.57960308E-9	8.46916020E+1	-9.59496753E+0	8.52333908E+1	-1.12812003E-1
8.73764200E+4	8.53119566E+1	2.25024360E-9	8.43747400E+1	-8.89254332E+0	8.48420542E+1	-1.05005783E-1
9.36908711E+4	8.48739000E+1	1.95268284E-9	8.40736477E+1	-8.20243780E+0	8.44728262E+1	-9.72547327E-2
1.00461650E+5	8.44593714E+1	1.68692618E-9	8.37817323E+1	-7.53482892E+0	8.41198695E+1	-8.96927383E-2
1.07721735E+5	8.40726199E+1	1.44333694E-9	8.35093115E+1	-6.85867760E+0	8.37904923E+1	-8.19467693E-2
1.15506485E+5	8.37131680E+1	1.22524404E-9	8.32518503E+1	-6.19721472E+0	8.34821905E+1	-7.43023201E-2
1.23853818E+5	8.33680184E+1	1.03016264E-9	8.29972920E+1	-5.54700356E+0	8.31824486E+1	-6.67343070E-2
1.32804389E+5	8.30440332E+1	8.53782376E-10	8.27543710E+1	-4.89597146E+0	8.28990756E+1	-5.90938076E-2
1.42401793E+5	8.27382716E+1	6.95186343E-10	8.25197147E+1	-4.24678959E+0	8.26289209E+1	-5.14185752E-2
1.52692775E+5	8.24537986E+1	5.52807252E-10	8.22964189E+1	-3.59884996E+0	8.23750712E+1	-4.37024884E-2
1.63727458E+5	8.21825482E+1	4.25160708E-10	8.20765033E+1	-2.95021010E+0	8.21295086E+1	-3.59291689E-2
1.75559587E+5	8.19306452E+1	3.09243700E-10	8.18666990E+1	-2.28801543E+0	8.18986658E+1	-2.79407863E-2
1.88246790E+5	8.17122571E+1	2.01186149E-10	8.16788113E+1	-1.58866577E+0	8.16955320E+1	-1.94444459E-2
2.01850863E+5	8.14730096E+1	1.12183271E-10	8.14620630E+1	-9.44295420E-1	8.14675361E+1	-1.15913216E-2
2.16438064E+5	8.12622236E+1	2.80470453E-11	8.12614424E+1	-2.51868807E-1	8.12618330E+1	-3.09947545E-3
2.32079442E+5	8.10761626E+1	-4.76754130E-11	8.10735864E+1	4.56965813E-1	8.10748745E+1	5.63637208E-3
2.48851178E+5	8.08997432E+1	-1.15790195E-10	8.08823896E+1	1.18465736E+0	8.08910660E+1	1.46456141E-2
2.66834962E+5	8.07526144E+1	-1.77750942E-10	8.07058716E+1	1.94220833E+0	8.07292397E+1	2.40606337E-2
2.86118383E+5	8.06059906E+1	-2.33019569E-10	8.05141867E+1	2.71867872E+0	8.05600756E+1	3.37536237E-2
3.06795364E+5	8.04881103E+1	-2.82625028E-10	8.03336365E+1	3.52264073E+0	8.04108363E+1	4.38220644E-2
3.28966612E+5	8.03823142E+1	-3.27520756E-10	8.01449831E+1	4.36121018E+0	8.02635609E+1	5.43629118E-2
3.52740116E+5	8.03121427E+1	-3.67780904E-10	7.99694179E+1	5.23514613E+0	8.01405971E+1	6.53710885E-2
3.78231664E+5	8.02554858E+1	-4.05090546E-10	7.97792475E+1	6.16388204E+0	8.00170124E+1	7.71085522E-2
4.05565415E+5	8.02961136E+1	-4.35606459E-10	7.96631677E+1	7.10052681E+0	7.99790143E+1	8.88965299E-2
4.34874501E+5	8.02221955E+1	-4.68139722E-10	7.93861834E+1	8.14627935E+0	7.98030943E+1	1.02257800E-1
4.66301673E+5	8.02737344E+1	-4.93099618E-10	7.92082352E+1	9.18596800E+0	7.97392039E+1	1.15456532E-1
NaN	NaN	NaN	NaN	NaN	NaN	NaN
