Start time:20240907_19-50-14	sweep/start:500.000	sweep/stop:500000.000	sweep/samplecount:100.000	sweep/xmapping:1.000	sweep/scan:0.000	sweep/averaging/sample:10.000	sweep/settling/time:0.100	sweep/settling/inaccuracy:0.010	sweep/awgcontrol:0.000	sweep/averaging/time:0.100	sweep/averaging/tc:15.000	sweep/bandwidthcontrol:2.000	sweep/sincfilter:0.000	sweep/omegasuppression:80.000	sweep/maxbandwidth:100.000	sweep/bandwidth:1250000.000	sweep/order:8.000	sweep/bandwidthoverlap:1.000																				
Frequency	Param0		Param1		RealZ		ImagZ		AbsZ		PhaseZ		
5.00000000E+2	1.12061716E+3	7.81304499E-7	1.30824577E+2	-3.59846030E+2	3.82889329E+2	-1.22209533E+0
5.36133611E+2	1.01589999E+3	7.66289617E-7	1.28971850E+2	-3.38214025E+2	3.61970260E+2	-1.20648585E+0
5.74878498E+2	9.22798058E+2	7.50396741E-7	1.27174652E+2	-3.18092897E+2	3.42573333E+2	-1.19045935E+0
6.16423370E+2	8.40415423E+2	7.33733827E-7	1.25359450E+2	-2.99397726E+2	3.24582800E+2	-1.17426930E+0
6.60970574E+2	7.67041833E+2	7.16421775E-7	1.23550175E+2	-2.81963625E+2	3.07844335E+2	-1.15781720E+0
7.08737081E+2	7.01788307E+2	6.98441637E-7	1.21746575E+2	-2.65740622E+2	2.92301744E+2	-1.14119331E+0
7.59955541E+2	6.43684079E+2	6.79967767E-7	1.19916815E+2	-2.50616232E+2	2.77828255E+2	-1.12450609E+0
8.14875417E+2	5.91945314E+2	6.60956188E-7	1.18086079E+2	-2.36550564E+2	2.64387015E+2	-1.10778880E+0
8.73764200E+2	5.45776286E+2	6.41610809E-7	1.16223866E+2	-2.23437321E+2	2.51857549E+2	-1.09114861E+0
9.36908711E+2	5.04438220E+2	6.22011111E-7	1.14341886E+2	-2.11197412E+2	2.40163308E+2	-1.07458121E+0
1.00461650E+3	4.67545489E+2	6.02191337E-7	1.12432031E+2	-1.99815222E+2	2.29275131E+2	-1.05827013E+0
1.07721735E+3	4.34469481E+2	5.82268792E-7	1.10501871E+2	-1.89206295E+2	2.19111129E+2	-1.04220336E+0
1.15506485E+3	4.04719505E+2	5.62421436E-7	1.08532819E+2	-1.79292981E+2	2.09583746E+2	-1.02646121E+0
1.23853818E+3	3.77900532E+2	5.42635610E-7	1.06554777E+2	-1.70038774E+2	2.00666653E+2	-1.01101146E+0
1.32804389E+3	3.53723066E+2	5.23080896E-7	1.04537791E+2	-1.61397884E+2	1.92295155E+2	-9.96038016E-1
1.42401793E+3	3.31753325E+2	5.03841063E-7	1.02497299E+2	-1.53290973E+2	1.84401245E+2	-9.81425098E-1
1.52692775E+3	3.11849799E+2	4.84923941E-7	1.00437415E+2	-1.45717920E+2	1.76978493E+2	-9.67315397E-1
1.63727458E+3	2.93667651E+2	4.66437635E-7	9.83597862E+1	-1.38601726E+2	1.69956131E+2	-9.53618031E-1
1.75559587E+3	2.77055496E+2	4.48385845E-7	9.62738275E+1	-1.31926277E+2	1.63319296E+2	-9.40378580E-1
1.88246790E+3	2.61799549E+2	4.30865994E-7	9.41701232E+1	-1.25641088E+2	1.57014953E+2	-9.27604451E-1
2.01850863E+3	2.47752046E+2	4.13853996E-7	9.20660877E+1	-1.19722164E+2	1.51028346E+2	-9.15247048E-1
2.16438064E+3	2.34755727E+2	3.97351602E-7	8.99723880E+1	-1.14133704E+2	1.45332491E+2	-9.03226095E-1
2.32079442E+3	2.22707326E+2	3.81416704E-7	8.78783301E+1	-1.08851030E+2	1.39896918E+2	-8.91603892E-1
2.48851178E+3	2.11495143E+2	3.65993728E-7	8.58051652E+1	-1.03850128E+2	1.34712195E+2	-8.80258708E-1
2.66834962E+3	2.01036254E+2	3.51098245E-7	8.37512395E+1	-9.91098640E+1	1.29757602E+2	-8.69192150E-1
2.86118383E+3	1.91253908E+2	3.36702245E-7	8.17260683E+1	-9.46112019E+1	1.25021718E+2	-8.58339488E-1
3.06795364E+3	1.82080970E+2	3.22779741E-7	7.97373501E+1	-9.03360883E+1	1.20493377E+2	-8.47636275E-1
3.28966612E+3	1.73461259E+2	3.09338159E-7	7.77823286E+1	-8.62677794E+1	1.16156018E+2	-8.37076855E-1
3.52740116E+3	1.65342250E+2	2.96338084E-7	7.58705870E+1	-8.23909428E+1	1.12002739E+2	-8.26574754E-1
3.78231664E+3	1.57693428E+2	2.83759758E-7	7.40050043E+1	-7.86979167E+1	1.08028250E+2	-8.16120796E-1
4.05565415E+3	1.50481646E+2	2.71593826E-7	7.21856732E+1	-7.51787699E+1	1.04223888E+2	-8.05706218E-1
4.34874501E+3	1.43657235E+2	2.59803311E-7	7.04203247E+1	-7.18148100E+1	1.00580262E+2	-7.95201934E-1
4.66301673E+3	1.37217438E+2	2.48377070E-7	6.87086163E+1	-6.86086459E+1	9.70979932E+1	-7.84670139E-1
5.00000000E+3	1.31134592E+2	2.37309391E-7	6.70492992E+1	-6.55505445E+1	9.37682379E+1	-7.74095808E-1
5.36133611E+3	1.25367033E+2	2.26578624E-7	6.54449783E+1	-6.26226600E+1	9.05794831E+1	-7.63364014E-1
5.74878498E+3	1.19916215E+2	2.16184119E-7	6.38929644E+1	-5.98288518E+1	8.75317225E+1	-7.52561177E-1
6.16423370E+3	1.14759288E+2	2.06098495E-7	6.23977636E+1	-5.71597934E+1	8.46210548E+1	-7.41614877E-1
6.60970574E+3	1.09877628E+2	1.96335198E-7	6.09525987E+1	-5.46086772E+1	8.18371977E+1	-7.30556608E-1
7.08737081E+3	1.05257784E+2	1.86861761E-7	5.95636367E+1	-5.21700063E+1	7.91804041E+1	-7.19322567E-1
7.59955541E+3	1.00885470E+2	1.77694524E-7	5.82235655E+1	-4.98390227E+1	7.66414495E+1	-7.07963613E-1
8.14875417E+3	9.67445010E+1	1.68825557E-7	5.69315624E+1	-4.76089567E+1	7.42146588E+1	-6.96456475E-1
8.73764200E+3	9.28311271E+1	1.60232410E-7	5.56921367E+1	-4.54791128E+1	7.19024604E+1	-6.84791095E-1
9.36908711E+3	8.91239361E+1	1.51927007E-7	5.44983895E+1	-4.34400334E+1	6.96929765E+1	-6.72963046E-1
1.00461650E+4	8.56169527E+1	1.43892507E-7	5.33531151E+1	-4.14894712E+1	6.75864715E+1	-6.60956789E-1
1.07721735E+4	8.22916337E+1	1.36135728E-7	5.22506692E+1	-3.96189409E+1	6.55728062E+1	-6.48758667E-1
1.15506485E+4	7.91493115E+1	1.28644427E-7	5.11938565E+1	-3.78305104E+1	6.36549957E+1	-6.36401753E-1
1.23853818E+4	7.61740041E+1	1.21424846E-7	5.01774489E+1	-3.61170431E+1	6.18240826E+1	-6.23882336E-1
1.32804389E+4	7.33521938E+1	1.14459667E-7	4.92028242E+1	-3.44705261E+1	6.00760775E+1	-6.11115276E-1
1.42401793E+4	7.06849388E+1	1.07754981E-7	4.82679247E+1	-3.28941139E+1	5.84107464E+1	-5.98194909E-1
1.52692775E+4	6.81592510E+1	1.01297148E-7	4.73731498E+1	-3.13799782E+1	5.68235725E+1	-5.85042993E-1
1.63727458E+4	6.57720189E+1	9.50889487E-8	4.65165934E+1	-2.99281935E+1	5.53126591E+1	-5.71712641E-1
1.75559587E+4	6.35149070E+1	8.91286806E-8	4.56962288E+1	-2.85350026E+1	5.38738500E+1	-5.58203593E-1
1.88246790E+4	6.13844403E+1	8.33985440E-8	4.49160824E+1	-2.71973178E+1	5.25085571E+1	-5.44464070E-1
2.01850863E+4	5.93663852E+1	7.79088976E-8	4.41683493E+1	-2.59089199E+1	5.12065936E+1	-5.30504350E-1
2.16438064E+4	5.74680089E+1	7.26465466E-8	4.34594490E+1	-2.46739592E+1	4.99752738E+1	-5.16366158E-1
2.32079442E+4	5.56785765E+1	6.76252518E-8	4.27816858E+1	-2.34893740E+1	4.88059766E+1	-5.02115159E-1
2.48851178E+4	5.39824233E+1	6.28344790E-8	4.21316130E+1	-2.23448806E+1	4.76903193E+1	-4.87638820E-1
2.66834962E+4	5.23904575E+1	5.82645759E-8	4.15166611E+1	-2.12472044E+1	4.66377193E+1	-4.73023462E-1
2.86118383E+4	5.08906673E+1	5.39254085E-8	4.09287498E+1	-2.01922957E+1	4.56387049E+1	-4.58315375E-1
3.06795364E+4	4.94837127E+1	4.97937657E-8	4.03752162E+1	-1.91770043E+1	4.46980491E+1	-4.43423611E-1
3.28966612E+4	4.81594506E+1	4.58845055E-8	3.98466023E+1	-1.81999654E+1	4.38062834E+1	-4.28453648E-1
3.52740116E+4	4.69136861E+1	4.21877072E-8	3.93433998E+1	-1.72580644E+1	4.29621218E+1	-4.13377029E-1
3.78231664E+4	4.57476926E+1	3.87068793E-8	3.88651277E+1	-1.63551748E+1	4.21662176E+1	-3.98323778E-1
4.05565415E+4	4.46575274E+1	3.54218121E-8	3.84155828E+1	-1.54850871E+1	4.14191373E+1	-3.83170683E-1
4.34874501E+4	4.36304150E+1	3.23430357E-8	3.79833683E+1	-1.46456082E+1	4.07090914E+1	-3.68013435E-1
4.66301673E+4	4.26703290E+1	2.94540289E-8	3.75753941E+1	-1.38363354E+1	4.00419084E+1	-3.52820940E-1
5.00000000E+4	4.17716667E+1	2.67514869E-8	3.71884789E+1	-1.30553349E+1	3.94135097E+1	-3.37617570E-1
5.36133611E+4	4.09286812E+1	2.42331548E-8	3.68186160E+1	-1.23014999E+1	3.88192915E+1	-3.22450176E-1
5.74878498E+4	4.01399532E+1	2.18878637E-8	3.64673304E+1	-1.15728451E+1	3.82595992E+1	-3.07295703E-1
6.16423370E+4	3.94021365E+1	1.97112001E-8	3.61326231E+1	-1.08690426E+1	3.77319830E+1	-2.92199449E-1
6.60970574E+4	3.87105592E+1	1.76861768E-8	3.58151029E+1	-1.01833717E+1	3.72346970E+1	-2.77021023E-1
7.08737081E+4	3.80628888E+1	1.58156464E-8	3.55109527E+1	-9.51954156E+0	3.67647854E+1	-2.61915265E-1
7.59955541E+4	3.74561115E+1	1.40883321E-8	3.52200166E+1	-8.87441793E+0	3.63208600E+1	-2.46832730E-1
8.14875417E+4	3.68857651E+1	1.24951719E-8	3.49400987E+1	-8.24510590E+0	3.58997531E+1	-2.31738882E-1
8.73764200E+4	3.63513281E+1	1.10242210E-8	3.46730028E+1	-7.62840529E+0	3.55022492E+1	-2.16559787E-1
9.36908711E+4	3.58501315E+1	9.67282836E-9	3.44159549E+1	-7.02556413E+0	3.51257243E+1	-2.01370104E-1
1.00461650E+5	3.53796270E+1	8.42894713E-9	3.41689045E+1	-6.43187820E+0	3.47689962E+1	-1.86060562E-1
1.07721735E+5	3.49363652E+1	7.28741142E-9	3.39288814E+1	-5.84660505E+0	3.44289383E+1	-1.70643557E-1
1.15506485E+5	3.45220398E+1	6.23900886E-9	3.36986432E+1	-5.26757458E+0	3.41078569E+1	-1.55059358E-1
1.23853818E+5	3.41334238E+1	5.27701714E-9	3.34756978E+1	-4.69231621E+0	3.38029611E+1	-1.39263478E-1
1.32804389E+5	3.37671278E+1	4.39510955E-9	3.32570888E+1	-4.11851186E+0	3.35111379E+1	-1.23211307E-1
1.42401793E+5	3.34249506E+1	3.58804546E-9	3.30444573E+1	-3.54586892E+0	3.32341594E+1	-1.06896970E-1
1.52692775E+5	3.31064038E+1	2.84962054E-9	3.28373965E+1	-2.97211838E+0	3.29716258E+1	-9.02642239E-2
1.63727458E+5	3.28098724E+1	2.17149020E-9	3.26345627E+1	-2.39189216E+0	3.27221002E+1	-7.31623997E-2
1.75559587E+5	3.25360470E+1	1.55042400E-9	3.24356171E+1	-1.80485301E+0	3.24857932E+1	-5.55868477E-2
1.88246790E+5	3.23169526E+1	9.74291718E-10	3.22635356E+1	-1.20108716E+0	3.22902268E+1	-3.72124021E-2
2.01850863E+5	3.20566961E+1	4.60754772E-10	3.20454506E+1	-6.00295957E-1	3.20510728E+1	-1.87304522E-2
2.16438064E+5	3.18530374E+1	-1.39397042E-11	3.18530253E+1	1.92336481E-2	3.18530314E+1	6.03829593E-4
2.32079442E+5	3.16736513E+1	-4.49997084E-10	3.16599748E+1	6.58013622E-1	3.16668123E+1	2.07807788E-2
2.48851178E+5	3.15223736E+1	-8.48111008E-10	3.14673882E+1	1.31538175E+0	3.14948689E+1	4.17771087E-2
2.66834962E+5	3.14043539E+1	-1.21259735E-9	3.12768585E+1	1.99687914E+0	3.13405414E+1	6.37587474E-2
2.86118383E+5	3.13121073E+1	-1.54133035E-9	3.10781567E+1	2.69642832E+0	3.11949127E+1	8.65460829E-2
3.06795364E+5	3.12612327E+1	-1.84264896E-9	3.08804830E+1	3.42895218E+0	3.10702746E+1	1.10586446E-1
3.28966612E+5	3.12417937E+1	-2.11367200E-9	3.06704037E+1	4.18624673E+0	3.09547803E+1	1.35653134E-1
3.52740116E+5	3.12775553E+1	-2.36021881E-9	3.04620983E+1	4.98401939E+0	3.08671340E+1	1.62176819E-1
3.78231664E+5	3.13677006E+1	-2.58087712E-9	3.02480684E+1	5.81949464E+0	3.08027977E+1	1.90069868E-1
4.05565415E+5	3.15113580E+1	-2.77740292E-9	3.00182884E+1	6.69472407E+0	3.07557642E+1	2.19430494E-1
4.34874501E+5	3.17270440E+1	-2.94733748E-9	2.97827088E+1	7.60969933E+0	3.07395073E+1	2.50155229E-1
4.66301673E+5	3.20118296E+1	-3.09544501E-9	2.95233884E+1	8.57129852E+0	3.07424409E+1	2.82554704E-1
NaN	NaN	NaN	NaN	NaN	NaN	NaN
