Start time:20240904_18-36-42	sweep/start:500.000	sweep/stop:500000.000	sweep/samplecount:100.000	sweep/xmapping:1.000	sweep/scan:0.000	sweep/averaging/sample:10.000	sweep/settling/time:0.100	sweep/settling/inaccuracy:0.010	sweep/awgcontrol:0.000	sweep/averaging/time:0.100	sweep/averaging/tc:15.000	sweep/bandwidthcontrol:2.000	sweep/sincfilter:0.000	sweep/omegasuppression:80.000	sweep/maxbandwidth:100.000	sweep/bandwidth:1250000.000	sweep/order:8.000	sweep/bandwidthoverlap:1.000																				
Frequency	Param0		Param1		RealZ		ImagZ		AbsZ		PhaseZ		
5.00000000E+2	1.18776064E+3	7.43760500E-7	1.36487212E+2	-3.78794585E+2	4.02633954E+2	-1.22495761E+0
5.36133611E+2	1.07500823E+3	7.30316083E-7	1.34470007E+2	-3.55632042E+2	3.80205650E+2	-1.20929701E+0
5.74878498E+2	9.74317371E+2	7.16065675E-7	1.32548416E+2	-3.34028589E+2	3.59366369E+2	-1.19303643E+0
6.16423370E+2	8.84532699E+2	7.01062306E-7	1.30684744E+2	-3.13873231E+2	3.39992515E+2	-1.17626522E+0
6.60970574E+2	8.04260874E+2	6.85215504E-7	1.28927619E+2	-2.95074720E+2	3.22011528E+2	-1.15886265E+0
7.08737081E+2	7.32792528E+2	6.68758980E-7	1.27166620E+2	-2.77516461E+2	3.05265029E+2	-1.14111870E+0
7.59955541E+2	6.69149333E+2	6.51506793E-7	1.25465980E+2	-2.61177626E+2	2.89750698E+2	-1.12296298E+0
8.14875417E+2	6.12521110E+2	6.33640782E-7	1.23770424E+2	-2.45952992E+2	2.75339778E+2	-1.10456969E+0
8.73764200E+2	5.61865648E+2	6.15118775E-7	1.22138406E+2	-2.31748953E+2	2.61964442E+2	-1.08576011E+0
9.36908711E+2	5.16809163E+2	5.96114611E-7	1.20494225E+2	-2.18526095E+2	2.49544613E+2	-1.06688263E+0
1.00461650E+3	4.76534693E+2	5.76574621E-7	1.18899459E+2	-2.06210162E+2	2.38033009E+2	-1.04776524E+0
1.07721735E+3	4.40640013E+2	5.56734199E-7	1.17286400E+2	-1.94743365E+2	2.27334728E+2	-1.02871573E+0
1.15506485E+3	4.08523812E+2	5.36558017E-7	1.15706196E+2	-1.84067408E+2	2.17413741E+2	-1.00960689E+0
1.23853818E+3	3.79827890E+2	5.16239189E-7	1.14117891E+2	-1.74132888E+2	2.08194996E+2	-9.90669704E-1
1.32804389E+3	3.54112213E+2	4.95832795E-7	1.12540560E+2	-1.64883617E+2	1.99629620E+2	-9.71881140E-1
1.42401793E+3	3.31135375E+2	4.75535455E-7	1.10931919E+2	-1.56293285E+2	1.91659808E+2	-9.53544923E-1
1.52692775E+3	3.10495115E+2	4.55336566E-7	1.09336853E+2	-1.48303779E+2	1.84251345E+2	-9.35505753E-1
1.63727458E+3	2.91927298E+2	4.35460162E-7	1.07713965E+2	-1.40862868E+2	1.77326383E+2	-9.17970745E-1
1.75559587E+3	2.75210733E+2	4.15964738E-7	1.06070456E+2	-1.33943218E+2	1.70855868E+2	-9.01010190E-1
1.88246790E+3	2.60143313E+2	3.96899406E-7	1.04415512E+2	-1.27516265E+2	1.64812005E+2	-8.84672242E-1
2.01850863E+3	2.46503512E+2	3.78431261E-7	1.02721778E+2	-1.21529893E+2	1.59126613E+2	-8.69072898E-1
2.16438064E+3	2.34105407E+2	3.60550546E-7	1.01012179E+2	-1.15948422E+2	1.53777427E+2	-8.54132826E-1
2.32079442E+3	2.22838560E+2	3.43343772E-7	9.92722624E+1	-1.10755161E+2	1.48733614E+2	-8.40017112E-1
2.48851178E+3	2.12552396E+2	3.26836313E-7	9.75072058E+1	-1.05913808E+2	1.43963155E+2	-8.26700788E-1
2.66834962E+3	2.03107690E+2	3.11130849E-7	9.56929334E+1	-1.01384579E+2	1.39412949E+2	-8.14270377E-1
2.86118383E+3	1.94418772E+2	2.96138547E-7	9.38624457E+1	-9.71517497E+1	1.35087458E+2	-8.02616670E-1
3.06795364E+3	1.86360511E+2	2.81907483E-7	9.20025898E+1	-9.31728125E+1	1.30941397E+2	-7.91717616E-1
3.28966612E+3	1.78890959E+2	2.68425365E-7	9.01161339E+1	-8.94429636E+1	1.26968348E+2	-7.81649162E-1
3.52740116E+3	1.71915951E+2	2.55680727E-7	8.82041391E+1	-8.59286223E+1	1.23140970E+2	-7.72331195E-1
3.78231664E+3	1.65359937E+2	2.43642423E-7	8.62718535E+1	-8.26019094E+1	1.19439977E+2	-7.63669704E-1
4.05565415E+3	1.59184152E+2	2.32266550E-7	8.43281037E+1	-7.94510448E+1	1.15860682E+2	-7.55628694E-1
4.34874501E+3	1.53316703E+2	2.21538087E-7	8.23699805E+1	-7.64452744E+1	1.12377461E+2	-7.48109804E-1
4.66301673E+3	1.47755199E+2	2.11391535E-7	8.04135581E+1	-7.35879122E+1	1.09002391E+2	-7.41105199E-1
5.00000000E+3	1.42443836E+2	2.01788942E-7	7.84632602E+1	-7.08528363E+1	1.05719476E+2	-7.34473689E-1
5.36133611E+3	1.37349224E+2	1.92696603E-7	7.65224167E+1	-6.82247334E+1	1.02519728E+2	-7.28135469E-1
5.74878498E+3	1.32452768E+2	1.84090142E-7	7.45917698E+1	-6.56959221E+1	9.93976173E+1	-7.22071489E-1
6.16423370E+3	1.27737639E+2	1.75896600E-7	7.26895266E+1	-6.32567870E+1	9.63596826E+1	-7.16123422E-1
6.60970574E+3	1.23182134E+2	1.68094606E-7	7.08154545E+1	-6.08963887E+1	9.33980663E+1	-7.10231213E-1
7.08737081E+3	1.18783937E+2	1.60636254E-7	6.89805239E+1	-5.86128436E+1	9.05194904E+1	-7.04320651E-1
7.59955541E+3	1.14521868E+2	1.53516882E-7	6.71787308E+1	-5.63954948E+1	8.77122211E+1	-6.98357434E-1
8.14875417E+3	1.10399498E+2	1.46683033E-7	6.54241692E+1	-5.42445711E+1	8.49870310E+1	-6.92247322E-1
8.73764200E+3	1.06412833E+2	1.40115625E-7	6.37182236E+1	-5.21576899E+1	8.23434069E+1	-6.85960708E-1
9.36908711E+3	1.02555121E+2	1.33778296E-7	6.20684979E+1	-5.01292714E+1	7.97837221E+1	-6.79384778E-1
1.00461650E+4	9.88197408E+1	1.27672931E-7	6.04687592E+1	-4.81563729E+1	7.73014042E+1	-6.72532379E-1
1.07721735E+4	9.52168420E+1	1.21770060E-7	5.89267800E+1	-4.62434480E+1	7.49054197E+1	-6.65379648E-1
1.15506485E+4	9.17283526E+1	1.16060435E-7	5.74392156E+1	-4.43795123E+1	7.25865319E+1	-6.57830434E-1
1.23853818E+4	8.83738436E+1	1.10516500E-7	5.60153956E+1	-4.25743022E+1	7.03583384E+1	-6.49899887E-1
1.32804389E+4	8.51349793E+1	1.05154215E-7	5.46428669E+1	-4.08188241E+1	6.82057133E+1	-6.41585421E-1
1.42401793E+4	8.20180054E+1	9.99504770E-8	5.33278507E+1	-3.91150131E+1	6.61350431E+1	-6.32845437E-1
1.52692775E+4	7.90183608E+1	9.48965577E-8	5.20696365E+1	-3.74594479E+1	6.41440356E+1	-6.23634766E-1
1.63727458E+4	7.61456096E+1	8.99912560E-8	5.08679301E+1	-3.58583770E+1	6.22364004E+1	-6.14027651E-1
1.75559587E+4	7.33909914E+1	8.52209161E-8	4.97236399E+1	-3.43049092E+1	6.04091649E+1	-6.03922997E-1
1.88246790E+4	7.07512314E+1	8.05931031E-8	4.86309230E+1	-3.27983380E+1	5.86574605E+1	-5.93360587E-1
2.01850863E+4	6.82365330E+1	7.61044044E-8	4.75918890E+1	-3.13451364E+1	5.69868888E+1	-5.82413565E-1
2.16438064E+4	6.58317888E+1	7.17502189E-8	4.66027887E+1	-2.99353470E+1	5.53890326E+1	-5.70979248E-1
2.32079442E+4	6.35377453E+1	6.75250004E-8	4.56644659E+1	-2.85687546E+1	5.38648048E+1	-5.59047418E-1
2.48851178E+4	6.13554185E+1	6.34483139E-8	4.47687229E+1	-2.72500481E+1	5.24099582E+1	-5.46781037E-1
2.66834962E+4	5.92769993E+1	5.94980362E-8	4.39205536E+1	-2.59704362E+1	5.10242944E+1	-5.34001471E-1
2.86118383E+4	5.73079484E+1	5.56832768E-8	4.31177947E+1	-2.47355638E+1	4.97090771E+1	-5.20837290E-1
3.06795364E+4	5.54389424E+1	5.20071599E-8	4.23554706E+1	-2.35405305E+1	4.84576360E+1	-5.07273729E-1
3.28966612E+4	5.36710662E+1	4.84690660E-8	4.16339864E+1	-2.23864153E+1	4.72709259E+1	-4.93347477E-1
3.52740116E+4	5.19970255E+1	4.50721727E-8	4.09489584E+1	-2.12698571E+1	4.61435155E+1	-4.79065501E-1
3.78231664E+4	5.04147466E+1	4.18084547E-8	4.03024392E+1	-2.01878832E+1	4.50759055E+1	-4.64375113E-1
4.05565415E+4	4.89292705E+1	3.86922974E-8	3.96915268E+1	-1.91483715E+1	4.40690078E+1	-4.49492828E-1
4.34874501E+4	4.75255610E+1	3.57110380E-8	3.91139566E+1	-1.81386635E+1	4.31151102E+1	-4.34220282E-1
4.66301673E+4	4.62069932E+1	3.28723011E-8	3.85685824E+1	-1.71639931E+1	4.22153790E+1	-4.18709228E-1
5.00000000E+4	4.49648827E+1	3.01769165E-8	3.80504545E+1	-1.62202687E+1	4.13634406E+1	-4.02957009E-1
5.36133611E+4	4.37995578E+1	2.76192252E-8	3.75619707E+1	-1.53067323E+1	4.05610368E+1	-3.86960360E-1
5.74878498E+4	4.27074376E+1	2.51965859E-8	3.71021110E+1	-1.44211456E+1	3.98062318E+1	-3.70716786E-1
6.16423370E+4	4.16829809E+1	2.29148391E-8	3.66650834E+1	-1.35639824E+1	3.90936052E+1	-3.54329578E-1
6.60970574E+4	4.07252731E+1	2.07642673E-8	3.62539086E+1	-1.27320238E+1	3.84246058E+1	-3.37734894E-1
7.08737081E+4	3.98272637E+1	1.87440435E-8	3.58638082E+1	-1.19224409E+1	3.77936151E+1	-3.20943238E-1
7.59955541E+4	3.89897614E+1	1.68521364E-8	3.54957555E+1	-1.11365332E+1	3.72017612E+1	-3.04016584E-1
8.14875417E+4	3.82069453E+1	1.50827789E-8	3.51472323E+1	-1.03701704E+1	3.66451686E+1	-2.86908811E-1
8.73764200E+4	3.74739780E+1	1.34323991E-8	3.48151895E+1	-9.62113391E+0	3.61201280E+1	-2.69619696E-1
9.36908711E+4	3.67935923E+1	1.18953464E-8	3.45031881E+1	-8.88967030E+0	3.56299907E+1	-2.52163534E-1
1.00461650E+5	3.61567396E+1	1.04705184E-8	3.42035412E+1	-8.17351175E+0	3.51665826E+1	-2.34567849E-1
1.07721735E+5	3.55651309E+1	9.14971432E-9	3.39196902E+1	-7.47079852E+0	3.47326680E+1	-2.16788379E-1
1.15506485E+5	3.50162802E+1	7.92523166E-9	3.36512638E+1	-6.77750104E+0	3.43269877E+1	-1.98745248E-1
1.23853818E+5	3.45063914E+1	6.79540497E-9	3.33944480E+1	-6.09366296E+0	3.39458671E+1	-1.80489545E-1
1.32804389E+5	3.40321588E+1	5.75280080E-9	3.31474972E+1	-5.41516609E+0	3.35869153E+1	-1.61935274E-1
1.42401793E+5	3.35968491E+1	4.79364899E-9	3.29134201E+1	-4.74278147E+0	3.32533789E+1	-1.43113581E-1
1.52692775E+5	3.31931079E+1	3.91299958E-9	3.26855701E+1	-4.07297867E+0	3.29383615E+1	-1.23971874E-1
1.63727458E+5	3.28239798E+1	3.10269935E-9	3.24675984E+1	-3.40159403E+0	3.26453028E+1	-1.04388056E-1
1.75559587E+5	3.24882889E+1	2.36130063E-9	3.22572986E+1	-2.72967244E+0	3.23725877E+1	-8.44207296E-2
1.88246790E+5	3.21593398E+1	1.67587945E-9	3.20239292E+1	-2.04111828E+0	3.20915523E+1	-6.36506061E-2
2.01850863E+5	3.19133939E+1	1.06189002E-9	3.18545503E+1	-1.36909780E+0	3.18839585E+1	-4.29532270E-2
2.16438064E+5	3.16733103E+1	4.96514224E-10	3.16588298E+1	-6.77069971E-1	3.16660692E+1	-2.13831890E-2
2.32079442E+5	3.14652080E+1	-2.04973711E-11	3.14651797E+1	2.95919723E-2	3.14651939E+1	9.40468757E-4
2.48851178E+5	3.12926748E+1	-4.89087267E-10	3.12747645E+1	7.48415378E-1	3.12837183E+1	2.39257604E-2
2.66834962E+5	3.11589270E+1	-9.16559470E-10	3.10876532E+1	1.48851695E+0	3.11232697E+1	4.78447414E-2
2.86118383E+5	3.10595882E+1	-1.30192600E-9	3.08963118E+1	2.24602351E+0	3.09778424E+1	7.25678662E-2
3.06795364E+5	3.10020264E+1	-1.65015720E-9	3.07034361E+1	3.02782688E+0	3.08523700E+1	9.82974204E-2
3.28966612E+5	3.09872799E+1	-1.96418463E-9	3.05044870E+1	3.83761302E+0	3.07449358E+1	1.25147399E-1
3.52740116E+5	3.10289637E+1	-2.24431817E-9	3.03069981E+1	4.67766697E+0	3.06658563E+1	1.53134459E-1
3.78231664E+5	3.11228128E+1	-2.49393618E-9	3.00986894E+1	5.55199928E+0	3.06064678E+1	1.82409440E-1
4.05565415E+5	3.12739388E+1	-2.71318192E-9	2.98771088E+1	6.46012354E+0	3.05675460E+1	2.12945002E-1
4.34874501E+5	3.15023436E+1	-2.90494433E-9	2.96485849E+1	7.41358723E+0	3.05614120E+1	2.45024416E-1
4.66301673E+5	3.18143462E+1	-3.06918185E-9	2.94075258E+1	8.41300101E+0	3.05872719E+1	2.78640753E-1
5.00000000E+5	3.22146413E+1	-3.20667809E-9	2.91450408E+1	9.45851780E+0	3.06414266E+1	3.13809177E-1
