Start time:20240905_03-32-48	sweep/start:500.000	sweep/stop:500000.000	sweep/samplecount:100.000	sweep/xmapping:1.000	sweep/scan:0.000	sweep/averaging/sample:10.000	sweep/settling/time:0.100	sweep/settling/inaccuracy:0.010	sweep/awgcontrol:0.000	sweep/averaging/time:0.100	sweep/averaging/tc:15.000	sweep/bandwidthcontrol:2.000	sweep/sincfilter:0.000	sweep/omegasuppression:80.000	sweep/maxbandwidth:100.000	sweep/bandwidth:1250000.000	sweep/order:8.000	sweep/bandwidthoverlap:1.000																				
Frequency	Param0		Param1		RealZ		ImagZ		AbsZ		PhaseZ		
5.00000000E+2	1.29158232E+3	7.31012470E-7	1.31818439E+2	-3.90996452E+2	4.12618868E+2	-1.24562853E+0
5.36133611E+2	1.16692114E+3	7.19085675E-7	1.29801265E+2	-3.66905232E+2	3.89188670E+2	-1.23076398E+0
5.74878498E+2	1.05559693E+3	7.06404657E-7	1.27879402E+2	-3.44435691E+2	3.67408613E+2	-1.21529785E+0
6.16423370E+2	9.56106098E+2	6.92941267E-7	1.26060501E+2	-3.23474814E+2	3.47170285E+2	-1.19919432E+0
6.60970574E+2	8.67355151E+2	6.78868664E-7	1.24265805E+2	-3.03875933E+2	3.28302566E+2	-1.18261033E+0
7.08737081E+2	7.88339568E+2	6.63956303E-7	1.22547145E+2	-2.85641293E+2	3.10819486E+2	-1.16552174E+0
7.59955541E+2	7.17846223E+2	6.48355977E-7	1.20872907E+2	-2.68622212E+2	2.94564346E+2	-1.14796435E+0
8.14875417E+2	6.55080230E+2	6.32068912E-7	1.19229526E+2	-2.52763166E+2	2.79472538E+2	-1.13004025E+0
8.73764200E+2	5.99079116E+2	6.15124524E-7	1.17627744E+2	-2.37974862E+2	2.65458701E+2	-1.11173001E+0
9.36908711E+2	5.49209547E+2	5.97532005E-7	1.16060535E+2	-2.24213063E+2	2.52470884E+2	-1.09314043E+0
1.00461650E+3	5.04735362E+2	5.79408516E-7	1.14512961E+2	-2.11389500E+2	2.40413684E+2	-1.07433584E+0
1.07721735E+3	4.65020820E+2	5.60830521E-7	1.12983345E+2	-1.99435124E+2	2.29215195E+2	-1.05536078E+0
1.15506485E+3	4.29649176E+2	5.41836788E-7	1.11465504E+2	-1.88325520E+2	2.18840263E+2	-1.03637118E+0
1.23853818E+3	3.98078799E+2	5.22540238E-7	1.09956475E+2	-1.77991329E+2	2.09216013E+2	-1.01741801E+0
1.32804389E+3	3.69855458E+2	5.03086505E-7	1.08441371E+2	-1.68368944E+2	2.00268900E+2	-9.98601188E-1
1.42401793E+3	3.44633876E+2	4.83528312E-7	1.06927673E+2	-1.59428260E+2	1.91965876E+2	-9.80010333E-1
1.52692775E+3	3.22032143E+2	4.64014398E-7	1.05403954E+2	-1.51107467E+2	1.84237511E+2	-9.61721269E-1
1.63727458E+3	3.01754134E+2	4.44632031E-7	1.03871588E+2	-1.43367966E+2	1.77041466E+2	-9.43809103E-1
1.75559587E+3	2.83563069E+2	4.25538920E-7	1.02307070E+2	-1.36175510E+2	1.70324709E+2	-9.26471205E-1
1.88246790E+3	2.67155472E+2	4.06736471E-7	1.00743248E+2	-1.29479371E+2	1.64055203E+2	-9.09574790E-1
2.01850863E+3	2.52397111E+2	3.88416334E-7	9.91382033E+1	-1.23263184E+2	1.58184057E+2	-8.93450628E-1
2.16438064E+3	2.39048924E+2	3.70623886E-7	9.75045920E+1	-1.17478602E+2	1.52670782E+2	-8.78041836E-1
2.32079442E+3	2.26920884E+2	3.53419732E-7	9.58436913E+1	-1.12084440E+2	1.47475201E+2	-8.63347412E-1
2.48851178E+3	2.15880284E+2	3.36842004E-7	9.41574230E+1	-1.07056577E+2	1.42571845E+2	-8.49417200E-1
2.66834962E+3	2.05785422E+2	3.20978429E-7	9.24303800E+1	-1.02359413E+2	1.37916006E+2	-8.36327151E-1
2.86118383E+3	1.96543116E+2	3.05817853E-7	9.06733150E+1	-9.79773732E+1	1.33496126E+2	-8.24096203E-1
3.06795364E+3	1.88017236E+2	2.91378015E-7	8.88871817E+1	-9.38690097E+1	1.29276147E+2	-8.12650837E-1
3.28966612E+3	1.80116443E+2	2.77682103E-7	8.70664108E+1	-9.00085111E+1	1.25228160E+2	-8.02011637E-1
3.52740116E+3	1.72765122E+2	2.64685689E-7	8.52247643E+1	-8.63748005E+1	1.21341941E+2	-7.92099922E-1
3.78231664E+3	1.65896713E+2	2.52387159E-7	8.33603717E+1	-8.29473329E+1	1.17597669E+2	-7.82914587E-1
4.05565415E+3	1.59430622E+2	2.40759294E-7	8.14779267E+1	-7.96958205E+1	1.13974016E+2	-7.74341563E-1
4.34874501E+3	1.53325851E+2	2.29783581E-7	7.95779973E+1	-7.66074826E+1	1.10459785E+2	-7.66381308E-1
4.66301673E+3	1.47533287E+2	2.19390639E-7	7.76772662E+1	-7.36629121E+1	1.07051307E+2	-7.58879012E-1
5.00000000E+3	1.42016264E+2	2.09564179E-7	7.57744018E+1	-7.08479878E+1	1.03736191E+2	-7.51811468E-1
5.36133611E+3	1.36741192E+2	2.00227201E-7	7.38882146E+1	-6.81475914E+1	1.00516479E+2	-7.45003417E-1
5.74878498E+3	1.31680778E+2	1.91399013E-7	7.20049560E+1	-6.55511624E+1	9.73738600E+1	-7.38515012E-1
6.16423370E+3	1.26798976E+2	1.82980293E-7	7.01504569E+1	-6.30390309E+1	9.43133398E+1	-7.32055518E-1
6.60970574E+3	1.22104855E+2	1.74951454E-7	6.83260407E+1	-6.06175998E+1	9.13397027E+1	-7.25687754E-1
7.08737081E+3	1.17568571E+2	1.67273417E-7	6.65376212E+1	-5.82707299E+1	8.84462154E+1	-7.19258092E-1
7.59955541E+3	1.13183547E+2	1.59925827E-7	6.47861442E+1	-5.59953662E+1	8.56313351E+1	-7.12743792E-1
8.14875417E+3	1.08946893E+2	1.52872788E-7	6.30784955E+1	-5.37894919E+1	8.28987699E+1	-7.06082036E-1
8.73764200E+3	1.04847088E+2	1.46069499E-7	6.14241494E+1	-5.16451065E+1	8.02505027E+1	-6.99125647E-1
9.36908711E+3	1.00890574E+2	1.39505568E-7	5.98225683E+1	-4.95660522E+1	7.76886943E+1	-6.91909303E-1
1.00461650E+4	9.70660079E+1	1.33152439E-7	5.82779942E+1	-4.75445854E+1	7.52117825E+1	-6.84315511E-1
1.07721735E+4	9.33770732E+1	1.27002374E-7	5.67892413E+1	-4.55828387E+1	7.28204170E+1	-6.76364927E-1
1.15506485E+4	8.98180075E+1	1.21021498E-7	5.53634095E+1	-4.36752103E+1	7.05168854E+1	-6.67924955E-1
1.23853818E+4	8.63988437E+1	1.15218420E-7	5.39952218E+1	-4.18287070E+1	6.83017183E+1	-6.59106510E-1
1.32804389E+4	8.31030559E+1	1.09585901E-7	5.26812928E+1	-4.00332084E+1	6.61662785E+1	-6.49815409E-1
1.42401793E+4	7.99495361E+1	1.04096891E-7	5.14311770E+1	-3.82979471E+1	6.41240885E+1	-6.40064819E-1
1.52692775E+4	7.69212183E+1	9.87523052E-8	5.02388972E+1	-3.66127075E+1	6.21645973E+1	-6.29776270E-1
1.63727458E+4	7.40254357E+1	9.35550250E-8	4.91023714E+1	-3.49825887E+1	6.02895050E+1	-6.19027541E-1
1.75559587E+4	7.12641987E+1	8.84980058E-8	4.80226616E+1	-3.34083885E+1	5.85003973E+1	-6.07820515E-1
1.88246790E+4	6.86225244E+1	8.35755267E-8	4.69966586E+1	-3.18801411E+1	5.67893418E+1	-5.96046896E-1
2.01850863E+4	6.61153599E+1	7.88013071E-8	4.60218239E+1	-3.04095568E+1	5.51611226E+1	-5.83904885E-1
2.16438064E+4	6.37302505E+1	7.41606491E-8	4.50992968E+1	-2.89869434E+1	5.36114678E+1	-5.71251785E-1
2.32079442E+4	6.14615568E+1	6.96597378E-8	4.42243948E+1	-2.76098358E+1	5.21354021E+1	-5.58104673E-1
2.48851178E+4	5.93155820E+1	6.53036934E-8	4.33967975E+1	-2.62835353E+1	5.07356511E+1	-5.44568025E-1
2.66834962E+4	5.72815592E+1	6.10986930E-8	4.26106540E+1	-2.50027367E+1	4.94045008E+1	-5.30636211E-1
2.86118383E+4	5.53671380E+1	5.70336924E-8	4.18728278E+1	-2.37706732E+1	4.81495444E+1	-5.16321239E-1
3.06795364E+4	5.35553848E+1	5.31186459E-8	4.11737489E+1	-2.25787143E+1	4.69582363E+1	-5.01595869E-1
3.28966612E+4	5.18495193E+1	4.93562567E-8	4.05139799E+1	-2.14300677E+1	4.58326344E+1	-4.86542306E-1
3.52740116E+4	5.02430086E+1	4.57547958E-8	3.98882695E+1	-2.03232035E+1	4.47672499E+1	-4.71221287E-1
3.78231664E+4	4.87330389E+1	4.23075628E-8	3.92982581E+1	-1.92554003E+1	4.37621245E+1	-4.55600341E-1
4.05565415E+4	4.73166055E+1	3.90100306E-8	3.87447605E+1	-1.82239969E+1	4.28167087E+1	-4.39655949E-1
4.34874501E+4	4.59905208E+1	3.58780435E-8	3.82211543E+1	-1.72323571E+1	4.19262542E+1	-4.23568166E-1
4.66301673E+4	4.47476889E+1	3.29012964E-8	3.77279067E+1	-1.62739571E+1	4.10881568E+1	-4.07237386E-1
5.00000000E+4	4.35835753E+1	3.00884278E-8	3.72596936E+1	-1.53501102E+1	4.02977748E+1	-3.90787937E-1
5.36133611E+4	4.24949381E+1	2.74272516E-8	3.68192361E+1	-1.44559676E+1	3.95554188E+1	-3.74128141E-1
5.74878498E+4	4.14764662E+1	2.49184340E-8	3.64031101E+1	-1.35899203E+1	3.88570761E+1	-3.57294842E-1
6.16423370E+4	4.05291805E+1	2.25644164E-8	3.60112458E+1	-1.27552517E+1	3.82034852E+1	-3.40413245E-1
6.60970574E+4	3.96453634E+1	2.03570945E-8	3.56413581E+1	-1.19460529E+1	3.75900864E+1	-3.23406146E-1
7.08737081E+4	3.88192013E+1	1.82901622E-8	3.52912291E+1	-1.11582467E+1	3.70132047E+1	-3.06230490E-1
7.59955541E+4	3.80507141E+1	1.63671765E-8	3.49592029E+1	-1.03959972E+1	3.64722173E+1	-2.89046911E-1
8.14875417E+4	3.73358215E+1	1.45739698E-8	3.46466954E+1	-9.65242592E+0	3.59661346E+1	-2.71706171E-1
8.73764200E+4	3.66699756E+1	1.29101782E-8	3.43496131E+1	-8.92768431E+0	3.54908365E+1	-2.54280383E-1
9.36908711E+4	3.60512962E+1	1.13699924E-8	3.40676741E+1	-8.22054633E+0	3.50454535E+1	-2.36774276E-1
1.00461650E+5	3.54769709E+1	9.94483567E-9	3.38005890E+1	-7.52746217E+0	3.46286372E+1	-2.19126195E-1
1.07721735E+5	3.49415895E+1	8.63117071E-9	3.35439184E+1	-6.84714246E+0	3.42356222E+1	-2.01358458E-1
1.15506485E+5	3.44470282E+1	7.41731259E-9	3.33019405E+1	-6.17524377E+0	3.38696455E+1	-1.83349392E-1
1.23853818E+5	3.39890727E+1	6.30667498E-9	3.30688824E+1	-5.51630843E+0	3.35258206E+1	-1.65290729E-1
1.32804389E+5	3.35495585E+1	5.27494662E-9	3.28335566E+1	-4.84858417E+0	3.31896268E+1	-1.46612045E-1
1.42401793E+5	3.31780436E+1	4.34662590E-9	3.26346975E+1	-4.21092942E+0	3.29052490E+1	-1.28323248E-1
1.52692775E+5	3.28204182E+1	3.48877737E-9	3.24290675E+1	-3.56246147E+0	3.26241560E+1	-1.09415231E-1
1.63727458E+5	3.24937129E+1	2.70214900E-9	3.22307521E+1	-2.91125662E+0	3.23619654E+1	-9.00809788E-2
1.75559587E+5	3.21981678E+1	1.98686088E-9	3.20386237E+1	-2.26087673E+0	3.21182967E+1	-7.04504373E-2
1.88246790E+5	3.19511344E+1	1.30834688E-9	3.18677973E+1	-1.57549571E+0	3.19094318E+1	-4.93970955E-2
2.01850863E+5	3.16973904E+1	7.38235926E-10	3.16694967E+1	-9.39875396E-1	3.16834405E+1	-2.96689164E-2
2.16438064E+5	3.14915176E+1	1.97663812E-10	3.14892608E+1	-2.66561058E-1	3.14903892E+1	-8.46493986E-3
2.32079442E+5	3.13166860E+1	-2.94570950E-10	3.13110198E+1	4.21191186E-1	3.13138528E+1	1.34510430E-2
2.48851178E+5	3.11760183E+1	-7.40673225E-10	3.11354307E+1	1.12414338E+0	3.11557179E+1	3.60892817E-2
2.66834962E+5	3.10674662E+1	-1.14337393E-9	3.09576640E+1	1.84367623E+0	3.10125165E+1	5.94845144E-2
2.86118383E+5	3.09952371E+1	-1.50735267E-9	3.07781100E+1	2.58510046E+0	3.08864827E+1	8.37948487E-2
3.06795364E+5	3.09640865E+1	-1.83554735E-9	3.05968196E+1	3.35219146E+0	3.07799053E+1	1.09124891E-1
3.28966612E+5	3.09743574E+1	-2.12835675E-9	3.04097178E+1	4.14372378E+0	3.06907391E+1	1.35429053E-1
3.52740116E+5	3.10370655E+1	-2.39279029E-9	3.02183891E+1	4.97383377E+0	3.06249918E+1	1.63133556E-1
3.78231664E+5	3.11513059E+1	-2.62411263E-9	3.00184313E+1	5.83155549E+0	3.05796229E+1	1.91875909E-1
4.05565415E+5	3.13295130E+1	-2.82819034E-9	2.98097862E+1	6.73072577E+0	3.05602042E+1	2.22065421E-1
4.34874501E+5	3.15752359E+1	-3.00310149E-9	2.95889119E+1	7.66636198E+0	3.05659430E+1	2.53520919E-1
4.66301673E+5	3.19050904E+1	-3.15436924E-9	2.93530253E+1	8.65510181E+0	3.06024659E+1	2.86736713E-1
NaN	NaN	NaN	NaN	NaN	NaN	NaN
