Start time:20240907_16-44-25	sweep/start:500.000	sweep/stop:500000.000	sweep/samplecount:100.000	sweep/xmapping:1.000	sweep/scan:0.000	sweep/averaging/sample:10.000	sweep/settling/time:0.100	sweep/settling/inaccuracy:0.010	sweep/awgcontrol:0.000	sweep/averaging/time:0.100	sweep/averaging/tc:15.000	sweep/bandwidthcontrol:2.000	sweep/sincfilter:0.000	sweep/omegasuppression:80.000	sweep/maxbandwidth:100.000	sweep/bandwidth:1250000.000	sweep/order:8.000	sweep/bandwidthoverlap:1.000																				
Frequency	Param0		Param1		RealZ		ImagZ		AbsZ		PhaseZ		
5.00000000E+2	1.10976482E+3	7.76360653E-7	1.33283208E+2	-3.60761115E+2	3.84594589E+2	-1.21690023E+0
5.36133611E+2	1.00689351E+3	7.60988354E-7	1.31407564E+2	-3.39183497E+2	3.63749084E+2	-1.20117879E+0
5.74878498E+2	9.15243817E+2	7.44930212E-7	1.29549837E+2	-3.19039970E+2	3.44339463E+2	-1.18507551E+0
6.16423370E+2	8.34082687E+2	7.27992456E-7	1.27714774E+2	-3.00355781E+2	3.26381161E+2	-1.16874643E+0
6.60970574E+2	7.61808817E+2	7.10399544E-7	1.25887390E+2	-2.82938968E+2	3.09680641E+2	-1.15216850E+0
7.08737081E+2	6.97669342E+2	6.92241504E-7	1.24022400E+2	-2.66730317E+2	2.94154074E+2	-1.13556084E+0
7.59955541E+2	6.40380067E+2	6.73622092E-7	1.22146541E+2	-2.51595759E+2	2.79678753E+2	-1.11882615E+0
8.14875417E+2	5.89421119E+2	6.54455129E-7	1.20270481E+2	-2.37539396E+2	2.66251676E+2	-1.10210708E+0
8.73764200E+2	5.43937911E+2	6.34988538E-7	1.18359039E+2	-2.24435072E+2	2.53732073E+2	-1.08549770E+0
9.36908711E+2	5.03315159E+2	6.15210375E-7	1.16437333E+2	-2.12242828E+2	2.42084017E+2	-1.06902529E+0
1.00461650E+3	4.66859616E+2	5.95314394E-7	1.14491033E+2	-2.00855768E+2	2.31195236E+2	-1.05271561E+0
1.07721735E+3	4.34169637E+2	5.75416239E-7	1.12501541E+2	-1.90231842E+2	2.21008487E+2	-1.03673047E+0
1.15506485E+3	4.04790743E+2	5.55504640E-7	1.10500988E+2	-1.80331097E+2	2.11494147E+2	-1.02104200E+0
1.23853818E+3	3.78331522E+2	5.35768685E-7	1.08461644E+2	-1.71086318E+2	2.02569636E+2	-1.00578079E+0
1.32804389E+3	3.54407723E+2	5.16311033E-7	1.06384541E+2	-1.62437161E+2	1.94173897E+2	-9.90965031E-1
1.42401793E+3	3.32715929E+2	4.97119621E-7	1.04297104E+2	-1.54348376E+2	1.86282869E+2	-9.76548547E-1
1.52692775E+3	3.13009228E+2	4.78340361E-7	1.02176811E+2	-1.46772555E+2	1.78835914E+2	-9.62653899E-1
1.63727458E+3	2.95007478E+2	4.59960620E-7	1.00051930E+2	-1.39662729E+2	1.71802407E+2	-9.49159825E-1
1.75559587E+3	2.78512892E+2	4.42155095E-7	9.78879187E+1	-1.32969930E+2	1.65115254E+2	-9.36208040E-1
1.88246790E+3	2.63383351E+2	4.24767777E-7	9.57397540E+1	-1.26689211E+2	1.58796275E+2	-9.23653581E-1
2.01850863E+3	2.49419005E+2	4.07953060E-7	9.35790169E+1	-1.20761552E+2	1.52775604E+2	-9.11544133E-1
2.16438064E+3	2.36494497E+2	3.91668563E-7	9.14255960E+1	-1.15165144E+2	1.47043021E+2	-8.99807349E-1
2.32079442E+3	2.24499346E+2	3.75936241E-7	8.92791364E+1	-1.09874216E+2	1.41573682E+2	-8.88445037E-1
2.48851178E+3	2.13330077E+2	3.60741972E-7	8.71484254E+1	-1.04864351E+2	1.36350211E+2	-8.77401990E-1
2.66834962E+3	2.02899790E+2	3.46066620E-7	8.50416599E+1	-1.00114188E+2	1.31358040E+2	-8.66623608E-1
2.86118383E+3	1.93110621E+2	3.31900311E-7	8.29642831E+1	-9.55939942E+1	1.26575211E+2	-8.56012153E-1
3.06795364E+3	1.83929006E+2	3.18224580E-7	8.09193853E+1	-9.12988222E+1	1.21997631E+2	-8.45594451E-1
3.28966612E+3	1.75308103E+2	3.05011690E-7	7.89136081E+1	-8.72171846E+1	1.17618854E+2	-8.35338766E-1
3.52740116E+3	1.67178267E+2	2.92225538E-7	7.69565584E+1	-8.33255788E+1	1.13426029E+2	-8.25113580E-1
3.78231664E+3	1.59499509E+2	2.79888091E-7	7.50393307E+1	-7.96105216E+1	1.09401720E+2	-8.14947888E-1
4.05565415E+3	1.52245660E+2	2.67934749E-7	7.31770255E+1	-7.60658095E+1	1.05550388E+2	-8.04752013E-1
4.34874501E+3	1.45391338E+2	2.56383715E-7	7.13612714E+1	-7.26834201E+1	1.01859269E+2	-7.94576645E-1
4.66301673E+3	1.38913850E+2	2.45150532E-7	6.96128202E+1	-6.94567499E+1	9.83370982E+1	-7.84275917E-1
5.00000000E+3	1.32783968E+2	2.34279724E-7	6.79158284E+1	-6.63744932E+1	9.49638518E+1	-7.73921033E-1
5.36133611E+3	1.26970322E+2	2.23764263E-7	6.62687101E+1	-6.34241073E+1	9.17287271E+1	-7.63468292E-1
5.74878498E+3	1.21474378E+2	2.13562070E-7	6.46804079E+1	-6.06090515E+1	8.86397897E+1	-7.52913991E-1
6.16423370E+3	1.16273722E+2	2.03663708E-7	6.31504494E+1	-5.79202769E+1	8.56897764E+1	-7.42225689E-1
6.60970574E+3	1.11329743E+2	1.94083925E-7	6.16703156E+1	-5.53399719E+1	8.28597632E+1	-7.31350108E-1
7.08737081E+3	1.06667368E+2	1.84789263E-7	6.02485988E+1	-5.28835112E+1	8.01658246E+1	-7.20388247E-1
7.59955541E+3	1.02240637E+2	1.75796878E-7	5.88755344E+1	-5.05286413E+1	7.75852574E+1	-7.09251580E-1
8.14875417E+3	9.80479798E+1	1.67079139E-7	5.75567927E+1	-4.82756961E+1	7.51220822E+1	-6.97925844E-1
8.73764200E+3	9.40843369E+1	1.58644224E-7	5.62881289E+1	-4.61245900E+1	7.27724623E+1	-6.86481068E-1
9.36908711E+3	9.03188769E+1	1.50486951E-7	5.50660986E+1	-4.40594248E+1	7.05231037E+1	-6.74813421E-1
1.00461650E+4	8.67618763E+1	1.42588947E-7	5.38959407E+1	-4.20872961E+1	6.83821097E+1	-6.62985106E-1
1.07721735E+4	8.33885080E+1	1.34965614E-7	5.27687438E+1	-4.01965978E+1	6.63348084E+1	-6.50978881E-1
1.15506485E+4	8.01958679E+1	1.27600959E-7	5.16876056E+1	-3.83865054E+1	6.43827025E+1	-6.38789283E-1
1.23853818E+4	7.71705674E+1	1.20484016E-7	5.06525077E+1	-3.66497776E+1	6.25210585E+1	-6.26359123E-1
1.32804389E+4	7.43018432E+1	1.13641912E-7	4.96526289E+1	-3.49842575E+1	6.07394586E+1	-6.13793291E-1
1.42401793E+4	7.15884842E+1	1.07031444E-7	4.86995811E+1	-3.33868234E+1	5.90451454E+1	-6.00973534E-1
1.52692775E+4	6.90185628E+1	1.00661057E-7	4.77876999E+1	-3.18523794E+1	5.74302912E+1	-5.87914408E-1
1.63727458E+4	6.65919086E+1	9.45290321E-8	4.69172030E+1	-3.03822664E+1	5.58954925E+1	-5.74666464E-1
1.75559587E+4	6.42984471E+1	8.86414448E-8	4.60834696E+1	-2.89725611E+1	5.44343230E+1	-5.61253759E-1
1.88246790E+4	6.21202486E+1	8.29902667E-8	4.52830094E+1	-2.76123306E+1	5.30376450E+1	-5.47574142E-1
2.01850863E+4	6.00689227E+1	7.75655475E-8	4.45223024E+1	-2.63091488E+1	5.17146665E+1	-5.33716773E-1
2.16438064E+4	5.81309926E+1	7.23751066E-8	4.37945599E+1	-2.50570894E+1	5.04561317E+1	-5.19690343E-1
2.32079442E+4	5.63017405E+1	6.74059870E-8	4.31018672E+1	-2.38524455E+1	4.92616497E+1	-5.05447557E-1
2.48851178E+4	5.45769807E+1	6.26525923E-8	4.24443242E+1	-2.26927819E+1	4.81298561E+1	-4.90980457E-1
2.66834962E+4	5.29571400E+1	5.81323528E-8	4.18171561E+1	-2.15833829E+1	4.70586547E+1	-4.76473736E-1
2.86118383E+4	5.14257237E+1	5.38264813E-8	4.12187142E+1	-2.05114550E+1	4.60402238E+1	-4.61745656E-1
3.06795364E+4	4.99897279E+1	4.97248910E-8	4.06553694E+1	-1.94805484E+1	4.50816021E+1	-4.46839479E-1
3.28966612E+4	4.86388606E+1	4.58483085E-8	4.01158534E+1	-1.84907460E+1	4.41722696E+1	-4.31909045E-1
3.52740116E+4	4.73721789E+1	4.21792396E-8	3.96049941E+1	-1.75390788E+1	4.33148342E+1	-4.16892249E-1
3.78231664E+4	4.61843656E+1	3.87188947E-8	3.91194893E+1	-1.66245100E+1	4.25053972E+1	-4.01843088E-1
4.05565415E+4	4.50690304E+1	3.54494482E-8	3.86609302E+1	-1.57398567E+1	4.17421925E+1	-3.86634051E-1
4.34874501E+4	4.40252347E+1	3.23848676E-8	3.82241048E+1	-1.48910369E+1	4.10222523E+1	-3.71484432E-1
4.66301673E+4	4.30466503E+1	2.95096650E-8	3.78094270E+1	-1.40718299E+1	4.03431429E+1	-3.56294132E-1
5.00000000E+4	4.21268840E+1	2.68182829E-8	3.74137324E+1	-1.32791786E+1	3.97004277E+1	-3.41058193E-1
5.36133611E+4	4.12674991E+1	2.43089342E-8	3.70378902E+1	-1.25162206E+1	3.90955381E+1	-3.25881987E-1
5.74878498E+4	4.04647305E+1	2.19722413E-8	3.66815142E+1	-1.17802416E+1	3.85267126E+1	-3.10745115E-1
6.16423370E+4	3.97125839E+1	1.97974185E-8	3.63427454E+1	-1.10665793E+1	3.79903188E+1	-2.95585477E-1
6.60970574E+4	3.90058796E+1	1.77822950E-8	3.60172611E+1	-1.03750588E+1	3.74817949E+1	-2.80465108E-1
7.08737081E+4	3.83447626E+1	1.59135660E-8	3.57081600E+1	-9.70300044E+0	3.70029852E+1	-2.65324162E-1
7.59955541E+4	3.77236820E+1	1.41886409E-8	3.54106593E+1	-9.05017410E+0	3.65488775E+1	-2.50221315E-1
8.14875417E+4	3.71447210E+1	1.25960605E-8	3.51288189E+1	-8.41523918E+0	3.61227100E+1	-2.35122963E-1
8.73764200E+4	3.65956587E+1	1.11266461E-8	3.48539024E+1	-7.79146931E+0	3.57141641E+1	-2.19930589E-1
9.36908711E+4	3.60846225E+1	9.77327707E-9	3.45936307E+1	-7.18183901E+0	3.53312624E+1	-2.04698035E-1
1.00461650E+5	3.56045579E+1	8.53027974E-9	3.43423576E+1	-6.58383823E+0	3.49677631E+1	-1.89413669E-1
1.07721735E+5	3.51510968E+1	7.38696948E-9	3.40979117E+1	-5.99261221E+0	3.46204996E+1	-1.73970562E-1
1.15506485E+5	3.47269952E+1	6.33727685E-9	3.38631427E+1	-5.40858144E+0	3.42923489E+1	-1.58381097E-1
1.23853818E+5	3.43263344E+1	5.37116478E-9	3.36339482E+1	-4.82572991E+0	3.39783777E+1	-1.42505393E-1
1.32804389E+5	3.39501445E+1	4.48821981E-9	3.34100139E+1	-4.24799969E+0	3.36789963E+1	-1.26468909E-1
1.42401793E+5	3.36026075E+1	3.67761620E-9	3.31967576E+1	-3.67054346E+0	3.33990661E+1	-1.10122022E-1
1.52692775E+5	3.32740054E+1	2.93565479E-9	3.29843212E+1	-3.09112057E+0	3.31288467E+1	-9.34419359E-2
1.63727458E+5	3.29699731E+1	2.25508613E-9	3.27782157E+1	-2.50708122E+0	3.28739546E+1	-7.63375729E-2
1.75559587E+5	3.26878901E+1	1.63032064E-9	3.25753212E+1	-1.91493047E+0	3.26315571E+1	-5.87171284E-2
1.88246790E+5	3.24429643E+1	1.05231428E-9	3.23821515E+1	-1.30745726E+0	3.24125369E+1	-4.03511612E-2
2.01850863E+5	3.21944129E+1	5.35662829E-10	3.21790192E+1	-7.03809667E-1	3.21867151E+1	-2.18682094E-2
2.16438064E+5	3.19827232E+1	5.74027402E-11	3.19825232E+1	-7.98497573E-2	3.19826232E+1	-2.49666527E-3
2.32079442E+5	3.17977249E+1	-3.82499943E-10	3.17877258E+1	5.63771824E-1	3.17927250E+1	1.77336611E-2
2.48851178E+5	3.16384458E+1	-7.82319118E-10	3.15911295E+1	1.22259836E+0	3.16147788E+1	3.86813809E-2
2.66834962E+5	3.15115819E+1	-1.14911251E-9	3.13958641E+1	1.90602304E+0	3.14536698E+1	6.06349202E-2
2.86118383E+5	3.14142973E+1	-1.48275367E-9	3.11955521E+1	2.61224912E+0	3.13047336E+1	8.35429724E-2
3.06795364E+5	3.13556918E+1	-1.78578184E-9	3.09945865E+1	3.34548660E+0	3.11746163E+1	1.07521499E-1
3.28966612E+5	3.13336555E+1	-2.06256521E-9	3.07843258E+1	4.11225498E+0	3.10577761E+1	1.32796586E-1
3.52740116E+5	3.13604662E+1	-2.31041095E-9	3.05720790E+1	4.90943291E+0	3.09637635E+1	1.59226119E-1
3.78231664E+5	3.14356662E+1	-2.53389828E-9	3.03481560E+1	5.74489067E+0	3.08871251E+1	1.87085781E-1
4.05565415E+5	3.15790714E+1	-2.73130151E-9	3.01238445E+1	6.62094704E+0	3.08428765E+1	2.16350856E-1
4.34874501E+5	3.17798060E+1	-2.90558423E-9	2.98778236E+1	7.53837031E+0	3.08141434E+1	2.47148339E-1
4.66301673E+5	3.20639508E+1	-3.05744621E-9	2.96203213E+1	8.50770547E+0	3.08179253E+1	2.79696065E-1
5.00000000E+5	3.24396726E+1	-3.18533511E-9	2.93470422E+1	9.52676885E+0	3.08546337E+1	3.13892269E-1
