Start time:20240906_17-10-12	sweep/start:500.000	sweep/stop:500000.000	sweep/samplecount:100.000	sweep/xmapping:1.000	sweep/scan:0.000	sweep/averaging/sample:10.000	sweep/settling/time:0.100	sweep/settling/inaccuracy:0.010	sweep/awgcontrol:0.000	sweep/averaging/time:0.100	sweep/averaging/tc:15.000	sweep/bandwidthcontrol:2.000	sweep/sincfilter:0.000	sweep/omegasuppression:80.000	sweep/maxbandwidth:100.000	sweep/bandwidth:1250000.000	sweep/order:8.000	sweep/bandwidthoverlap:1.000																				
Frequency	Param0		Param1		RealZ		ImagZ		AbsZ		PhaseZ		
5.00000000E+2	1.05441897E+3	7.38389732E-7	1.51004422E+2	-3.69350204E+2	3.99026203E+2	-1.18269423E+0
5.36133611E+2	9.61481789E+2	7.21663338E-7	1.48759606E+2	-3.47707025E+2	3.78192549E+2	-1.16653083E+0
5.74878498E+2	8.78777618E+2	7.04182955E-7	1.46555485E+2	-3.27583770E+2	3.58872741E+2	-1.15012063E+0
6.16423370E+2	8.04903550E+2	6.86081668E-7	1.44386571E+2	-3.08819941E+2	3.40906501E+2	-1.13344988E+0
6.60970574E+2	7.39245405E+2	6.67425425E-7	1.42200288E+2	-2.91375993E+2	3.24223526E+2	-1.11677033E+0
7.08737081E+2	6.80806961E+2	6.48355511E-7	1.39976912E+2	-2.75143066E+2	3.08702519E+2	-1.10017936E+0
7.59955541E+2	6.28477508E+2	6.28896971E-7	1.37768385E+2	-2.60008069E+2	2.94252146E+2	-1.08354553E+0
8.14875417E+2	5.81751620E+2	6.09221254E-7	1.35517492E+2	-2.45911605E+2	2.80780183E+2	-1.06712268E+0
8.73764200E+2	5.39959215E+2	5.89401604E-7	1.33232446E+2	-2.32785730E+2	2.68216484E+2	-1.05096385E+0
9.36908711E+2	5.02468593E+2	5.69539609E-7	1.30917695E+2	-2.20550630E+2	2.56480068E+2	-1.03509989E+0
1.00461650E+3	4.68743482E+2	5.49792667E-7	1.28555414E+2	-2.09124399E+2	2.45478125E+2	-1.01961500E+0
1.07721735E+3	4.38246567E+2	5.30114869E-7	1.26203443E+2	-1.98446247E+2	2.35177004E+2	-1.00435601E+0
1.15506485E+3	4.10807209E+2	5.10756985E-7	1.23779082E+2	-1.88488925E+2	2.25497976E+2	-9.89731410E-1
1.23853818E+3	3.85867305E+2	4.91666115E-7	1.21353690E+2	-1.79163893E+2	2.16394130E+2	-9.75445367E-1
1.32804389E+3	3.63265620E+2	4.73000825E-7	1.18881819E+2	-1.70448789E+2	2.07811638E+2	-9.61774701E-1
1.42401793E+3	3.42621858E+2	4.54779855E-7	1.16392633E+2	-1.62269569E+2	1.99696417E+2	-9.48567284E-1
1.52692775E+3	3.23733586E+2	4.37044451E-7	1.13887736E+2	-1.54592587E+2	1.92013761E+2	-9.35864314E-1
1.63727458E+3	3.06368903E+2	4.19842461E-7	1.11369852E+2	-1.47366937E+2	1.84716698E+2	-9.23637069E-1
1.75559587E+3	2.90411372E+2	4.03211792E-7	1.08833158E+2	-1.40576420E+2	1.77781850E+2	-9.11991183E-1
1.88246790E+3	2.75624752E+2	3.87112566E-7	1.06309221E+2	-1.34163339E+2	1.71176670E+2	-9.00715024E-1
2.01850863E+3	2.61902074E+2	3.71589298E-7	1.03787735E+2	-1.28102805E+2	1.64870321E+2	-8.89872197E-1
2.16438064E+3	2.49112434E+2	3.56611869E-7	1.01285068E+2	-1.22363003E+2	1.58843853E+2	-8.79366592E-1
2.32079442E+3	2.37204379E+2	3.42187384E-7	9.87981972E+1	-1.16937081E+2	1.53086136E+2	-8.69280230E-1
2.48851178E+3	2.26021744E+2	3.28300497E-7	9.63386690E+1	-1.11774302E+2	1.47562305E+2	-8.59432097E-1
2.66834962E+3	2.15531086E+2	3.14923399E-7	9.39127024E+1	-1.06871468E+2	1.42271243E+2	-8.49849547E-1
2.86118383E+3	2.05663077E+2	3.02029022E-7	9.15284550E+1	-1.02208441E+2	1.37200669E+2	-8.40468659E-1
3.06795364E+3	1.96376134E+2	2.89593398E-7	8.91911656E+1	-9.77750068E+1	1.32344309E+2	-8.31277146E-1
3.28966612E+3	1.87583390E+2	2.77608289E-7	8.69022609E+1	-9.35383217E+1	1.27677017E+2	-8.22158581E-1
3.52740116E+3	1.79261743E+2	2.66050154E-7	8.46650590E+1	-8.94932052E+1	1.23195804E+2	-8.13113816E-1
3.78231664E+3	1.71389615E+2	2.54892109E-7	8.24842156E+1	-8.56346422E+1	1.18898856E+2	-8.04135252E-1
4.05565415E+3	1.63938732E+2	2.44102752E-7	8.03662064E+1	-8.19536862E+1	1.14782986E+2	-7.95177798E-1
4.34874501E+3	1.56863099E+2	2.33696659E-7	7.83020434E+1	-7.84314416E+1	1.10827348E+2	-7.86223756E-1
4.66301673E+3	1.50149398E+2	2.23630218E-7	7.63017778E+1	-7.50646696E+1	1.07035816E+2	-7.77225410E-1
5.00000000E+3	1.43783116E+2	2.13880804E-7	7.43687285E+1	-7.18488663E+1	1.03406805E+2	-7.68166225E-1
5.36133611E+3	1.37729421E+2	2.04459419E-7	7.24946252E+1	-6.87689753E+1	9.99231841E+1	-7.59030532E-1
5.74878498E+3	1.31978809E+2	1.95338210E-7	7.06845965E+1	-6.58221585E+1	9.65860693E+1	-7.49792723E-1
6.16423370E+3	1.26516898E+2	1.86530178E-7	6.89301588E+1	-6.30036747E+1	9.33853835E+1	-7.40508217E-1
6.60970574E+3	1.21315865E+2	1.78014120E-7	6.72336286E+1	-6.03004556E+1	9.03133756E+1	-7.31088328E-1
7.08737081E+3	1.16385446E+2	1.69754913E-7	6.56041740E+1	-5.77188302E+1	8.73806102E+1	-7.21544513E-1
7.59955541E+3	1.11682457E+2	1.61784756E-7	6.40250035E+1	-5.52382894E+1	8.45604500E+1	-7.11856110E-1
8.14875417E+3	1.07212521E+2	1.54073607E-7	6.25035683E+1	-5.28627379E+1	8.18606445E+1	-7.02024758E-1
8.73764200E+3	1.02960176E+2	1.46602865E-7	6.10421099E+1	-5.05842581E+1	7.92774015E+1	-6.91984612E-1
9.36908711E+3	9.89137337E+1	1.39393661E-7	5.96296953E+1	-4.83993306E+1	7.67997121E+1	-6.81813322E-1
1.00461650E+4	9.50666165E+1	1.32412951E-7	5.82744405E+1	-4.63038166E+1	7.44308664E+1	-6.71428489E-1
1.07721735E+4	9.13976511E+1	1.25672800E-7	5.69671391E+1	-4.42877832E+1	7.21572082E+1	-6.60824472E-1
1.15506485E+4	8.79142997E+1	1.19141507E-7	5.57176594E+1	-4.23547095E+1	6.99884205E+1	-6.49976110E-1
1.23853818E+4	8.45973632E+1	1.12839184E-7	5.45142800E+1	-4.04963898E+1	6.79099722E+1	-6.38914783E-1
1.32804389E+4	8.14406286E+1	1.06756329E-7	5.33573274E+1	-3.87098162E+1	6.59200597E+1	-6.27624494E-1
1.42401793E+4	7.84412737E+1	1.00873232E-7	5.22515472E+1	-3.69926167E+1	6.40209176E+1	-6.16056086E-1
1.52692775E+4	7.55804814E+1	9.51961062E-8	5.11892714E+1	-3.53350850E+1	6.22005608E+1	-6.04174688E-1
1.63727458E+4	7.28756310E+1	8.97152806E-8	5.01768091E+1	-3.37483984E+1	6.04703779E+1	-5.92091875E-1
1.75559587E+4	7.02999444E+1	8.44288457E-8	4.92073336E+1	-3.22166272E+1	5.88155829E+1	-5.79680508E-1
1.88246790E+4	6.78549611E+1	7.93396650E-8	4.82791918E+1	-3.07425159E+1	5.72362007E+1	-5.67015078E-1
2.01850863E+4	6.55444447E+1	7.44282612E-8	4.73999052E+1	-2.93265994E+1	5.57386801E+1	-5.54060389E-1
2.16438064E+4	6.33528727E+1	6.97115552E-8	4.65583755E+1	-2.79629126E+1	5.43102829E+1	-5.40859808E-1
2.32079442E+4	6.12825997E+1	6.51759506E-8	4.57598999E+1	-2.66517759E+1	5.29555060E+1	-5.27397541E-1
2.48851178E+4	5.93231401E+1	6.08330610E-8	4.49964709E+1	-2.53899484E+1	5.16655778E+1	-5.13729467E-1
2.66834962E+4	5.74740883E+1	5.66716848E-8	4.42718093E+1	-2.41762023E+1	5.04428575E+1	-4.99833029E-1
2.86118383E+4	5.57251033E+1	5.26866817E-8	4.35834828E+1	-2.30037842E+1	4.92817824E+1	-4.85647049E-1
3.06795364E+4	5.40784732E+1	4.88884239E-8	4.29287012E+1	-2.18779619E+1	4.81821400E+1	-4.71325741E-1
3.28966612E+4	5.25312307E+1	4.52696759E-8	4.23089925E+1	-2.07964560E+1	4.71438590E+1	-4.56854712E-1
3.52740116E+4	5.10743790E+1	4.18348820E-8	4.17185560E+1	-1.97563006E+1	4.61600405E+1	-4.42273970E-1
3.78231664E+4	4.97053723E+1	3.85716913E-8	4.11605879E+1	-1.87538884E+1	4.52316520E+1	-4.27523745E-1
4.05565415E+4	4.84139888E+1	3.54857984E-8	4.06273357E+1	-1.77862570E+1	4.43501000E+1	-4.12654152E-1
4.34874501E+4	4.72074978E+1	3.25723959E-8	4.01244784E+1	-1.68583047E+1	4.35221348E+1	-3.97755597E-1
4.66301673E+4	4.60709889E+1	2.98322687E-8	3.96428377E+1	-1.59634000E+1	4.27362228E+1	-3.82815062E-1
5.00000000E+4	4.50063398E+1	2.72527368E-8	3.91877500E+1	-1.51002459E+1	4.19963950E+1	-3.67796879E-1
5.36133611E+4	4.40080539E+1	2.48360000E-8	3.87544746E+1	-1.42688368E+1	4.12978087E+1	-3.52782997E-1
5.74878498E+4	4.30676242E+1	2.25733521E-8	3.83398548E+1	-1.34633571E+1	4.06350398E+1	-3.37706313E-1
6.16423370E+4	4.21884299E+1	2.04593720E-8	3.79474003E+1	-1.26860567E+1	4.00117637E+1	-3.22626010E-1
6.60970574E+4	4.13595212E+1	1.84961223E-8	3.75676751E+1	-1.19352769E+1	3.94180295E+1	-3.07615839E-1
7.08737081E+4	4.05835748E+1	1.66620166E-8	3.72096074E+1	-1.12046416E+1	3.88599908E+1	-2.92486086E-1
7.59955541E+4	3.98544200E+1	1.49596751E-8	3.68665230E+1	-1.04953974E+1	3.83313696E+1	-2.77349084E-1
8.14875417E+4	3.91670351E+1	1.33821149E-8	3.65358448E+1	-9.80473124E+0	3.78285701E+1	-2.62181918E-1
8.73764200E+4	3.85207759E+1	1.19215992E-8	3.62185974E+1	-9.13135617E+0	3.73519541E+1	-2.46970971E-1
9.36908711E+4	3.79125147E+1	1.05678806E-8	3.59146462E+1	-8.47069856E+0	3.69000617E+1	-2.31623370E-1
1.00461650E+5	3.73419428E+1	9.32114148E-9	3.56223901E+1	-7.82652977E+0	3.64720338E+1	-2.16271919E-1
1.07721735E+5	3.67990353E+1	8.16923544E-9	3.53361140E+1	-7.18985016E+0	3.60601567E+1	-2.00730161E-1
1.15506485E+5	3.62902509E+1	7.10470602E-9	3.50625618E+1	-6.56093846E+0	3.56711251E+1	-1.84981709E-1
1.23853818E+5	3.58110046E+1	6.12354289E-9	3.47976373E+1	-5.93824746E+0	3.53006849E+1	-1.69022688E-1
1.32804389E+5	3.53577060E+1	5.21922913E-9	3.45387212E+1	-5.31849673E+0	3.49458144E+1	-1.52786426E-1
1.42401793E+5	3.49334078E+1	4.38892672E-9	3.42881498E+1	-4.70368966E+0	3.46092751E+1	-1.36330268E-1
1.52692775E+5	3.45338227E+1	3.62359711E-9	3.40431456E+1	-4.08707488E+0	3.42876064E+1	-1.19483870E-1
1.63727458E+5	3.41602749E+1	2.91690255E-9	3.38050760E+1	-3.46518634E+0	3.39822114E+1	-1.02148142E-1
1.75559587E+5	3.38123706E+1	2.26887695E-9	3.35719569E+1	-2.84097647E+0	3.36919493E+1	-8.44223624E-2
1.88246790E+5	3.34497562E+1	1.68870105E-9	3.32940719E+1	-2.22397914E+0	3.33718075E+1	-6.66985099E-2
2.01850863E+5	3.31894918E+1	1.12199579E-9	3.31156268E+1	-1.56399471E+0	3.31525387E+1	-4.71932315E-2
2.16438064E+5	3.29170549E+1	6.19143886E-10	3.28917881E+1	-9.11619167E-1	3.29044191E+1	-2.77086168E-2
2.32079442E+5	3.26717134E+1	1.53701055E-10	3.26699612E+1	-2.39228912E-1	3.26708373E+1	-7.32246675E-3
2.48851178E+5	3.24527545E+1	-2.73626274E-10	3.24464991E+1	4.50502084E-1	3.24496267E+1	1.38835663E-2
2.66834962E+5	3.22656173E+1	-6.64991474E-10	3.22239139E+1	1.15919713E+0	3.22447589E+1	3.59576732E-2
2.86118383E+5	3.21121599E+1	-1.02401298E-9	3.20003295E+1	1.89171200E+0	3.20561959E+1	5.90466753E-2
3.06795364E+5	3.19954918E+1	-1.35269729E-9	3.17743280E+1	2.65090684E+0	3.18847181E+1	8.32364362E-2
3.28966612E+5	3.19168558E+1	-1.65235146E-9	3.15420511E+1	3.43830261E+0	3.17289000E+1	1.08578238E-1
3.52740116E+5	3.18885713E+1	-1.92491706E-9	3.13090949E+1	4.25943683E+0	3.15975047E+1	1.35214615E-1
3.78231664E+5	3.19064060E+1	-2.17300914E-9	3.10630693E+1	5.11824935E+0	3.14819138E+1	1.63302324E-1
4.05565415E+5	3.19894411E+1	-2.39471327E-9	3.08151723E+1	6.01541477E+0	3.13968173E+1	1.92785097E-1
4.34874501E+5	3.21318274E+1	-2.59322402E-9	3.05482990E+1	6.95514642E+0	3.13300601E+1	2.23861027E-1
4.66301673E+5	3.23545442E+1	-2.76827466E-9	3.02700714E+1	7.94336901E+0	3.12949574E+1	2.56630298E-1
NaN	NaN	NaN	NaN	NaN	NaN	NaN
