Start time:20240907_07-13-50	sweep/start:500.000	sweep/stop:500000.000	sweep/samplecount:100.000	sweep/xmapping:1.000	sweep/scan:0.000	sweep/averaging/sample:10.000	sweep/settling/time:0.100	sweep/settling/inaccuracy:0.010	sweep/awgcontrol:0.000	sweep/averaging/time:0.100	sweep/averaging/tc:15.000	sweep/bandwidthcontrol:2.000	sweep/sincfilter:0.000	sweep/omegasuppression:80.000	sweep/maxbandwidth:100.000	sweep/bandwidth:1250000.000	sweep/order:8.000	sweep/bandwidthoverlap:1.000																				
Frequency	Param0		Param1		RealZ		ImagZ		AbsZ		PhaseZ		
5.00000000E+2	1.07694416E+3	7.60353552E-7	1.41371060E+2	-3.63679724E+2	3.90190620E+2	-1.20004821E+0
5.36133611E+2	9.79193029E+2	7.44073483E-7	1.39409767E+2	-3.42160724E+2	3.69471309E+2	-1.18389316E+0
5.74878498E+2	8.92454131E+2	7.27203114E-7	1.37399003E+2	-3.22092859E+2	3.50174667E+2	-1.16758651E+0
6.16423370E+2	8.15511204E+2	7.09551291E-7	1.35404148E+2	-3.03462177E+2	3.32300436E+2	-1.15110883E+0
6.60970574E+2	7.46994394E+2	6.91324784E-7	1.33400680E+2	-2.86101027E+2	3.15673159E+2	-1.13449392E+0
7.08737081E+2	6.85919539E+2	6.72531500E-7	1.31404862E+2	-2.69936863E+2	3.00221836E+2	-1.11776558E+0
7.59955541E+2	6.31488140E+2	6.53316467E-7	1.29383895E+2	-2.54880743E+2	2.85839793E+2	-1.10106716E+0
8.14875417E+2	5.82905831E+2	6.33772310E-7	1.27335610E+2	-2.40853286E+2	2.72442038E+2	-1.08446463E+0
8.73764200E+2	5.39483483E+2	6.14038695E-7	1.25243686E+2	-2.27773817E+2	2.59936328E+2	-1.06806068E+0
9.36908711E+2	5.00534509E+2	5.94048395E-7	1.23167892E+2	-2.15590927E+2	2.48293734E+2	-1.05174436E+0
1.00461650E+3	4.65732111E+2	5.74086721E-7	1.21022411E+2	-2.04248854E+2	2.37411077E+2	-1.03589179E+0
1.07721735E+3	4.34355480E+2	5.54210056E-7	1.18850381E+2	-1.93643740E+2	2.27207640E+2	-1.02032207E+0
1.15506485E+3	4.06096441E+2	5.34457674E-7	1.16654980E+2	-1.83751967E+2	2.17653786E+2	-1.00514503E+0
1.23853818E+3	3.80624575E+2	5.14954112E-7	1.14420799E+2	-1.74525775E+2	2.08689641E+2	-9.90487627E-1
1.32804389E+3	3.57480966E+2	4.95728721E-7	1.12180928E+2	-1.65885453E+2	2.00256198E+2	-9.76184743E-1
1.42401793E+3	3.36466312E+2	4.77006133E-7	1.09878854E+2	-1.57788368E+2	1.92277227E+2	-9.62511752E-1
1.52692775E+3	3.17299700E+2	4.58666843E-7	1.07576228E+2	-1.50204059E+2	1.84753631E+2	-9.49280062E-1
1.63727458E+3	2.99739788E+2	4.40838438E-7	1.05253809E+2	-1.43074768E+2	1.77619689E+2	-9.36538767E-1
1.75559587E+3	2.83585616E+2	4.23533483E-7	1.02923472E+2	-1.36361190E+2	1.70843833E+2	-9.24239416E-1
1.88246790E+3	2.68740167E+2	4.06797966E-7	1.00576216E+2	-1.30051118E+2	1.64404589E+2	-9.12512228E-1
2.01850863E+3	2.54967181E+2	3.90619699E-7	9.82341832E+1	-1.24082785E+2	1.58260837E+2	-9.01147579E-1
2.16438064E+3	2.42187525E+2	3.74991311E-7	9.59020972E+1	-1.18444413E+2	1.52401743E+2	-8.90180626E-1
2.32079442E+3	2.30289878E+2	3.59893170E-7	9.35911124E+1	-1.13109634E+2	1.46809692E+2	-8.79547874E-1
2.48851178E+3	2.19166411E+2	3.45404577E-7	9.12806692E+1	-1.08043953E+2	1.41441354E+2	-8.69301139E-1
2.66834962E+3	2.08747407E+2	3.31389741E-7	8.90130039E+1	-1.03237196E+2	1.36312999E+2	-8.59251515E-1
2.86118383E+3	1.98949934E+2	3.17878229E-7	8.67795939E+1	-9.86615240E+1	1.31395564E+2	-8.49384567E-1
3.06795364E+3	1.89738799E+2	3.04841151E-7	8.45865990E+1	-9.43104809E+1	1.26686067E+2	-8.39699343E-1
3.28966612E+3	1.81052533E+2	2.92267910E-7	8.24357894E+1	-9.01640113E+1	1.22168770E+2	-8.30143659E-1
3.52740116E+3	1.72845475E+2	2.80130359E-7	8.03330483E+1	-8.62079179E+1	1.17835495E+2	-8.20659363E-1
3.78231664E+3	1.65072807E+2	2.68405710E-7	7.82821644E+1	-8.24266900E+1	1.13676104E+2	-8.11181478E-1
4.05565415E+3	1.57723202E+2	2.57074512E-7	7.62848413E+1	-7.88194922E+1	1.09689969E+2	-8.01738295E-1
4.34874501E+3	1.50759574E+2	2.46113293E-7	7.43447277E+1	-7.53726797E+1	1.05868690E+2	-7.92264004E-1
4.66301673E+3	1.44153799E+2	2.35488799E-7	7.24680396E+1	-7.20758378E+1	1.02208332E+2	-7.82684795E-1
5.00000000E+3	1.37903417E+2	2.25191149E-7	7.06539474E+1	-6.89306927E+1	9.87087672E+1	-7.73053200E-1
5.36133611E+3	1.31965474E+2	2.15233818E-7	6.88943116E+1	-6.59184663E+1	9.53502514E+1	-7.63327838E-1
5.74878498E+3	1.26328250E+2	2.05578471E-7	6.71969334E+1	-6.30352525E+1	9.21350692E+1	-7.53453177E-1
6.16423370E+3	1.20989055E+2	1.96236541E-7	6.55550671E+1	-6.02824914E+1	8.90586639E+1	-7.43522800E-1
6.60970574E+3	1.15909421E+2	1.87177166E-7	6.39735351E+1	-5.76413236E+1	8.61111805E+1	-7.33377395E-1
7.08737081E+3	1.11097630E+2	1.78407977E-7	6.24475486E+1	-5.51187653E+1	8.32933049E+1	-7.23141279E-1
7.59955541E+3	1.06521736E+2	1.69905177E-7	6.09797811E+1	-5.26985615E+1	8.05957325E+1	-7.12678796E-1
8.14875417E+3	1.02182332E+2	1.61677944E-7	5.95649868E+1	-5.03835446E+1	7.80159550E+1	-7.02084735E-1
8.73764200E+3	9.80625838E+1	1.53706212E-7	5.82057049E+1	-4.81653162E+1	7.55499953E+1	-6.91286737E-1
9.36908711E+3	9.41540218E+1	1.45995341E-7	5.68974526E+1	-4.60413276E+1	7.31923765E+1	-6.80324610E-1
1.00461650E+4	9.04427948E+1	1.38536526E-7	5.56395128E+1	-4.40049728E+1	7.09379519E+1	-6.69163964E-1
1.07721735E+4	8.69166161E+1	1.31320004E-7	5.44315146E+1	-4.20501277E+1	6.87822873E+1	-6.57766797E-1
1.15506485E+4	8.35749119E+1	1.24337183E-7	5.32746231E+1	-4.01775613E+1	6.67264709E+1	-6.46157856E-1
1.23853818E+4	8.03998133E+1	1.17596173E-7	5.21620776E+1	-3.83788864E+1	6.47597196E+1	-6.34326491E-1
1.32804389E+4	7.73852444E+1	1.11085263E-7	5.10950962E+1	-3.66510248E+1	6.28808914E+1	-6.22249208E-1
1.42401793E+4	7.45253464E+1	1.04798434E-7	5.00733282E+1	-3.49913404E+1	6.10879049E+1	-6.09921463E-1
1.52692775E+4	7.18130999E+1	9.87254727E-8	4.90975831E+1	-3.33957617E+1	5.93788650E+1	-5.97307641E-1
1.63727458E+4	6.92464598E+1	9.28738983E-8	4.81644542E+1	-3.18653926E+1	5.77513457E+1	-5.84483667E-1
1.75559587E+4	6.68133159E+1	8.72366043E-8	4.72725544E+1	-3.03931183E+1	5.61999652E+1	-5.71391647E-1
1.88246790E+4	6.45140947E+1	8.18214601E-8	4.64191949E+1	-2.89819018E+1	5.47237820E+1	-5.58132962E-1
2.01850863E+4	6.23366896E+1	7.66036022E-8	4.56083967E+1	-2.76215604E+1	5.33205070E+1	-5.44544869E-1
2.16438064E+4	6.02807935E+1	7.15942476E-8	4.48363715E+1	-2.63148594E+1	5.19881914E+1	-5.30737977E-1
2.32079442E+4	5.83361958E+1	6.67877886E-8	4.41012869E+1	-2.50554936E+1	5.07218030E+1	-5.16659901E-1
2.48851178E+4	5.65069020E+1	6.21976009E-8	4.34004851E+1	-2.38500486E+1	4.95219845E+1	-5.02485485E-1
2.66834962E+4	5.47739774E+1	5.78016005E-8	4.27335377E+1	-2.26832659E+1	4.83806348E+1	-4.87988487E-1
2.86118383E+4	5.31506623E+1	5.36121537E-8	4.21022384E+1	-2.15676462E+1	4.73049876E+1	-4.73414085E-1
3.06795364E+4	5.16195752E+1	4.96235828E-8	4.15009692E+1	-2.04922405E+1	4.62845805E+1	-4.58657141E-1
3.28966612E+4	5.01834798E+1	4.58299790E-8	4.09331116E+1	-1.94588368E+1	4.53229078E+1	-4.43759417E-1
3.52740116E+4	4.88340529E+1	4.22302609E-8	4.03950576E+1	-1.84633066E+1	4.44145739E+1	-4.28716486E-1
3.78231664E+4	4.75642104E+1	3.88370523E-8	3.98787461E+1	-1.75067605E+1	4.35522797E+1	-4.13668575E-1
4.05565415E+4	4.63767246E+1	3.56296743E-8	3.93924893E+1	-1.65869345E+1	4.27421879E+1	-3.98535884E-1
4.34874501E+4	4.52651633E+1	3.26074220E-8	3.89328180E+1	-1.57014662E+1	4.19797614E+1	-3.83344884E-1
4.66301673E+4	4.42215245E+1	2.97689033E-8	3.84950003E+1	-1.48473076E+1	4.12590305E+1	-3.68113499E-1
5.00000000E+4	4.32408260E+1	2.71130788E-8	3.80755703E+1	-1.40239098E+1	4.05760903E+1	-3.52899458E-1
5.36133611E+4	4.23283280E+1	2.46267859E-8	3.76819277E+1	-1.32319808E+1	3.99376138E+1	-3.37698286E-1
5.74878498E+4	4.14690430E+1	2.23085718E-8	3.73036604E+1	-1.24653122E+1	3.93312483E+1	-3.22492465E-1
6.16423370E+4	4.06640485E+1	2.01493997E-8	3.69435429E+1	-1.17238493E+1	3.87591798E+1	-3.07292727E-1
6.60970574E+4	3.99105942E+1	1.81419714E-8	3.66010869E+1	-1.10059781E+1	3.82200357E+1	-2.92099657E-1
7.08737081E+4	3.92031848E+1	1.62791239E-8	3.62734787E+1	-1.03087641E+1	3.77098911E+1	-2.76895056E-1
7.59955541E+4	3.85415929E+1	1.45560633E-8	3.59610243E+1	-9.63326934E+0	3.72289559E+1	-2.61735611E-1
8.14875417E+4	3.79167297E+1	1.29654309E-8	3.56576547E+1	-8.97514943E+0	3.67698471E+1	-2.46581127E-1
8.73764200E+4	3.73326599E+1	1.14922816E-8	3.53703053E+1	-8.33121063E+0	3.63382385E+1	-2.31326020E-1
9.36908711E+4	3.67822768E+1	1.01343275E-8	3.50924763E+1	-7.70060235E+0	3.59274432E+1	-2.16013632E-1
1.00461650E+5	3.62653904E+1	8.88358616E-9	3.48252144E+1	-7.08197918E+0	3.55380078E+1	-2.00622125E-1
1.07721735E+5	3.57772244E+1	7.73198575E-9	3.45654978E+1	-6.47177945E+0	3.51661424E+1	-1.85089380E-1
1.15506485E+5	3.53229183E+1	6.67553844E-9	3.43178887E+1	-5.87286028E+0	3.48167772E+1	-1.69489345E-1
1.23853818E+5	3.48917528E+1	5.70076878E-9	3.40753005E+1	-5.27454710E+0	3.44811102E+1	-1.53572118E-1
1.32804389E+5	3.44878017E+1	4.80884452E-9	3.38397202E+1	-4.68300973E+0	3.41622240E+1	-1.37514558E-1
1.42401793E+5	3.41069850E+1	3.98532733E-9	3.36098525E+1	-4.08760827E+0	3.38575063E+1	-1.21024975E-1
1.52692775E+5	3.37532180E+1	3.23081468E-9	3.33877588E+1	-3.49311482E+0	3.35699911E+1	-1.04243378E-1
1.63727458E+5	3.34216585E+1	2.54002444E-9	3.31686919E+1	-2.89664748E+0	3.32949350E+1	-8.71097660E-2
1.75559587E+5	3.31145785E+1	1.90253000E-9	3.29554170E+1	-2.29024514E+0	3.30349019E+1	-6.93837011E-2
1.88246790E+5	3.28674895E+1	1.35288970E-9	3.27696740E+1	-1.72292704E+0	3.28185353E+1	-5.25314615E-2
2.01850863E+5	3.25692462E+1	7.84961442E-10	3.25350415E+1	-1.05491591E+0	3.25521394E+1	-3.24126372E-2
2.16438064E+5	3.23359356E+1	2.94430664E-10	3.23305155E+1	-4.18595439E-1	3.23332255E+1	-1.29466573E-2
2.32079442E+5	3.21232771E+1	-1.55765387E-10	3.21215665E+1	2.34371069E-1	3.21224218E+1	7.29624824E-3
2.48851178E+5	3.19434189E+1	-5.67152844E-10	3.19178068E+1	9.04136548E-1	3.19306103E+1	2.83194560E-2
2.66834962E+5	3.17916220E+1	-9.45132979E-10	3.17111421E+1	1.59749705E+0	3.17513565E+1	5.03339696E-2
2.86118383E+5	3.16725393E+1	-1.28890473E-9	3.15028674E+1	2.31195508E+0	3.15875894E+1	7.32573894E-2
3.06795364E+5	3.15880582E+1	-1.60348904E-9	3.12897687E+1	3.05506105E+0	3.14385597E+1	9.73292033E-2
3.28966612E+5	3.15453597E+1	-1.88834721E-9	3.10742697E+1	3.82604616E+0	3.13089286E+1	1.22509221E-1
3.52740116E+5	3.15488014E+1	-2.14871224E-9	3.08523631E+1	4.63536951E+0	3.11986389E+1	1.49128141E-1
3.78231664E+5	3.16000140E+1	-2.38125670E-9	3.06207934E+1	5.47580258E+0	3.11065507E+1	1.76955788E-1
4.05565415E+5	3.17165656E+1	-2.58941558E-9	3.03857187E+1	6.35913574E+0	3.10440113E+1	2.06302918E-1
4.34874501E+5	3.18929537E+1	-2.77532835E-9	3.01305201E+1	7.28718074E+0	3.09992142E+1	2.37297075E-1
4.66301673E+5	3.21531299E+1	-2.93650948E-9	2.98675181E+1	8.26229418E+0	3.09892592E+1	2.69882291E-1
NaN	NaN	NaN	NaN	NaN	NaN	NaN
