Start time:20240906_04-48-42	sweep/start:500.000	sweep/stop:500000.000	sweep/samplecount:100.000	sweep/xmapping:1.000	sweep/scan:0.000	sweep/averaging/sample:10.000	sweep/settling/time:0.100	sweep/settling/inaccuracy:0.010	sweep/awgcontrol:0.000	sweep/averaging/time:0.100	sweep/averaging/tc:15.000	sweep/bandwidthcontrol:2.000	sweep/sincfilter:0.000	sweep/omegasuppression:80.000	sweep/maxbandwidth:100.000	sweep/bandwidth:1250000.000	sweep/order:8.000	sweep/bandwidthoverlap:1.000																				
Frequency	Param0		Param1		RealZ		ImagZ		AbsZ		PhaseZ		
5.00000000E+2	1.02422990E+3	7.12044937E-7	1.63892599E+2	-3.75503525E+2	4.09711708E+2	-1.15925840E+0
5.36133611E+2	9.35524433E+2	6.94277332E-7	1.61653933E+2	-3.53693648E+2	3.88884549E+2	-1.14209920E+0
5.74878498E+2	8.56679623E+2	6.75905503E-7	1.59399398E+2	-3.33385711E+2	3.69532411E+2	-1.12480294E+0
6.16423370E+2	7.86637340E+2	6.57026611E-7	1.57103581E+2	-3.14486884E+2	3.51544502E+2	-1.10750456E+0
6.60970574E+2	7.24151593E+2	6.37545543E-7	1.54857236E+2	-2.96916385E+2	3.34873268E+2	-1.09005641E+0
7.08737081E+2	6.68466333E+2	6.17729327E-7	1.52572103E+2	-2.80554914E+2	3.19357649E+2	-1.07270821E+0
7.59955541E+2	6.18879455E+2	5.97604352E-7	1.50260318E+2	-2.65357974E+2	3.04947568E+2	-1.05555888E+0
8.14875417E+2	5.74538579E+2	5.77321076E-7	1.47919367E+2	-2.51207559E+2	2.91522518E+2	-1.03862813E+0
8.73764200E+2	5.34833148E+2	5.57008342E-7	1.45536619E+2	-2.38027091E+2	2.78994273E+2	-1.02201565E+0
9.36908711E+2	4.99252478E+2	5.36763618E-7	1.43108335E+2	-2.25759145E+2	2.67296068E+2	-1.00582382E+0
1.00461650E+3	4.67245314E+2	5.16657034E-7	1.40653458E+2	-2.14327487E+2	2.56358474E+2	-9.90036571E-1
1.07721735E+3	4.38458978E+2	4.96872496E-7	1.38128905E+2	-2.03676857E+2	2.46097252E+2	-9.74867490E-1
1.15506485E+3	4.12427627E+2	4.77416942E-7	1.35576136E+2	-1.93738105E+2	2.36464252E+2	-9.60210804E-1
1.23853818E+3	3.88855282E+2	4.58407309E-7	1.32976858E+2	-1.84461126E+2	2.27395586E+2	-9.46184966E-1
1.32804389E+3	3.67441975E+2	4.39911428E-7	1.30333191E+2	-1.75792899E+2	2.18837575E+2	-9.32820738E-1
1.42401793E+3	3.47868252E+2	4.22001913E-7	1.27646914E+2	-1.67662079E+2	2.10723297E+2	-9.20080558E-1
1.52692775E+3	3.29950804E+2	4.04679954E-7	1.24932273E+2	-1.60041964E+2	2.03030794E+2	-9.07983449E-1
1.63727458E+3	3.13465386E+2	3.88003017E-7	1.22185067E+2	-1.52877720E+2	1.95705872E+2	-8.96522655E-1
1.75559587E+3	2.98269135E+2	3.71970765E-7	1.19414510E+2	-1.46143206E+2	1.88726422E+2	-8.85711505E-1
1.88246790E+3	2.84135622E+2	3.56585553E-7	1.16634016E+2	-1.39772616E+2	1.82043616E+2	-8.75396210E-1
2.01850863E+3	2.71016391E+2	3.41840250E-7	1.13845162E+2	-1.33765403E+2	1.75652795E+2	-8.65675156E-1
2.16438064E+3	2.58772676E+2	3.27719832E-7	1.11058657E+2	-1.28081694E+2	1.69525650E+2	-8.56462588E-1
2.32079442E+3	2.47272436E+2	3.14227402E-7	1.08275841E+2	-1.22678330E+2	1.63626498E+2	-8.47678327E-1
2.48851178E+3	2.36442882E+2	3.01307929E-7	1.05515698E+2	-1.17536687E+2	1.57950738E+2	-8.39239195E-1
2.66834962E+3	2.26236715E+2	2.88924403E-7	1.02788560E+2	-1.12645718E+2	1.52494413E+2	-8.31121099E-1
2.86118383E+3	2.16574874E+2	2.77070779E-7	1.00093718E+2	-1.07976996E+2	1.47233774E+2	-8.23267547E-1
3.06795364E+3	2.07439237E+2	2.65699282E-7	9.74438670E+1	-1.03529580E+2	1.42174827E+2	-8.15670093E-1
3.28966612E+3	1.98732839E+2	2.54796533E-7	9.48405006E+1	-9.92632924E+1	1.37287734E+2	-8.08179927E-1
3.52740116E+3	1.90464509E+2	2.44321926E-7	9.22923701E+1	-9.51868640E+1	1.32583637E+2	-8.00835947E-1
3.78231664E+3	1.82582085E+2	2.34232795E-7	8.98105665E+1	-9.12790362E+1	1.28053896E+2	-7.93507063E-1
4.05565415E+3	1.75070508E+2	2.24540801E-7	8.73842791E+1	-8.75351224E+1	1.23686741E+2	-7.86260522E-1
4.34874501E+3	1.67894922E+2	2.15208189E-7	8.50220969E+1	-8.39405811E+1	1.19477103E+2	-7.78997337E-1
4.66301673E+3	1.61051420E+2	2.06200003E-7	8.27316112E+1	-8.04954900E+1	1.15429820E+2	-7.71699571E-1
5.00000000E+3	1.54511314E+2	1.97495526E-7	8.05148620E+1	-7.71868771E+1	1.11536797E+2	-7.64298262E-1
5.36133611E+3	1.48278261E+2	1.89098644E-7	7.83649847E+1	-7.40185977E+1	1.07795286E+2	-7.56883222E-1
5.74878498E+3	1.42316738E+2	1.80983162E-7	7.62860926E+1	-7.09733740E+1	1.04195911E+2	-7.49336540E-1
6.16423370E+3	1.36608866E+2	1.73154157E-7	7.42703066E+1	-6.80433965E+1	1.00727267E+2	-7.41671237E-1
6.60970574E+3	1.31171604E+2	1.65566319E-7	7.23313747E+1	-6.52379840E+1	9.74054535E+1	-7.33881499E-1
7.08737081E+3	1.25968941E+2	1.58229298E-7	7.04592487E+1	-6.25393569E+1	9.42108110E+1	-7.25919717E-1
7.59955541E+3	1.20995801E+2	1.51152333E-7	6.86455470E+1	-5.99467410E+1	9.11362876E+1	-7.17854659E-1
8.14875417E+3	1.16241887E+2	1.44297782E-7	6.69001864E+1	-5.74540593E+1	8.81850549E+1	-7.09582325E-1
8.73764200E+3	1.11699091E+2	1.37660350E-7	6.52207238E+1	-5.50577213E+1	8.53527710E+1	-7.01102766E-1
9.36908711E+3	1.07354641E+2	1.31236678E-7	6.36036174E+1	-5.27515243E+1	8.26325813E+1	-6.92400211E-1
1.00461650E+4	1.03209550E+2	1.25030438E-7	6.20441428E+1	-5.05378310E+1	8.00221721E+1	-6.83547955E-1
1.07721735E+4	9.92394289E+1	1.19015821E-7	6.05464047E+1	-4.84016887E+1	7.75150993E+1	-6.74383977E-1
1.15506485E+4	9.54499474E+1	1.13187395E-7	5.91101732E+1	-4.63470635E+1	7.51136666E+1	-6.64957531E-1
1.23853818E+4	9.18299914E+1	1.07549162E-7	5.77295570E+1	-4.43689413E+1	7.28100592E+1	-6.55277485E-1
1.32804389E+4	8.83691406E+1	1.02093185E-7	5.64034059E+1	-4.24614683E+1	7.05997203E+1	-6.45301840E-1
1.42401793E+4	8.50623411E+1	9.68067214E-8	5.51334104E+1	-4.06212259E+1	6.84819462E+1	-6.34986857E-1
1.52692775E+4	8.19120539E+1	9.16946443E-8	5.39159519E+1	-3.88514665E+1	6.64557473E+1	-6.24413596E-1
1.63727458E+4	7.89001779E+1	8.67418150E-8	5.27514664E+1	-3.71400438E+1	6.45143401E+1	-6.13443654E-1
1.75559587E+4	7.60344625E+1	8.19519989E-8	5.16383254E+1	-3.54933178E+1	6.26601332E+1	-6.02181729E-1
1.88246790E+4	7.33052592E+1	7.73196212E-8	5.05751402E+1	-3.39054403E+1	6.08886175E+1	-5.90580945E-1
2.01850863E+4	7.07109382E+1	7.28316532E-8	4.95655921E+1	-3.23740880E+1	5.92016006E+1	-5.78590990E-1
2.16438064E+4	6.82407061E+1	6.85046554E-8	4.85989245E+1	-3.08961072E+1	5.75884096E+1	-5.66282673E-1
2.32079442E+4	6.58951667E+1	6.43208058E-8	4.76816308E+1	-2.94694936E+1	5.60534477E+1	-5.53583846E-1
2.48851178E+4	6.36760329E+1	6.02964010E-8	4.68071558E+1	-2.80995390E+1	5.45939005E+1	-5.40658961E-1
2.66834962E+4	6.15633798E+1	5.64119825E-8	4.59762437E+1	-2.67700942E+1	5.32020013E+1	-5.27272701E-1
2.86118383E+4	5.95722027E+1	5.26783334E-8	4.51895083E+1	-2.54940554E+1	5.18848585E+1	-5.13648609E-1
3.06795364E+4	5.76917624E+1	4.90952131E-8	4.44432045E+1	-2.42653735E+1	5.06360226E+1	-4.99756327E-1
3.28966612E+4	5.59148142E+1	4.56628728E-8	4.37342962E+1	-2.30804326E+1	4.94509357E+1	-4.85594248E-1
3.52740116E+4	5.42356817E+1	4.23807766E-8	4.30604602E+1	-2.19365030E+1	4.83261152E+1	-4.71167043E-1
3.78231664E+4	5.26563296E+1	3.92482294E-8	4.24229767E+1	-2.08357692E+1	4.72634980E+1	-4.56537339E-1
4.05565415E+4	5.11695760E+1	3.62710269E-8	4.18161811E+1	-1.97768359E+1	4.62570670E+1	-4.41771915E-1
4.34874501E+4	4.97741963E+1	3.34400430E-8	4.12434864E+1	-1.87572972E+1	4.53085134E+1	-4.26833603E-1
4.66301673E+4	4.84618644E+1	3.07509242E-8	4.07024217E+1	-1.77715531E+1	4.44130076E+1	-4.11672852E-1
5.00000000E+4	4.72268612E+1	2.82140870E-8	4.01851871E+1	-1.68217411E+1	4.35639788E+1	-3.96442024E-1
5.36133611E+4	4.60676173E+1	2.58145494E-8	3.96969673E+1	-1.59026876E+1	4.27638246E+1	-3.81025303E-1
5.74878498E+4	4.49824926E+1	2.35619275E-8	3.92325086E+1	-1.50195302E+1	4.20092374E+1	-3.65620903E-1
6.16423370E+4	4.39624550E+1	2.14436030E-8	3.87910466E+1	-1.41634859E+1	4.12958792E+1	-3.50082994E-1
6.60970574E+4	4.30063058E+1	1.94604774E-8	3.83708097E+1	-1.33367062E+1	4.06224910E+1	-3.34512181E-1
7.08737081E+4	4.21085377E+1	1.76036658E-8	3.79711144E+1	-1.25340561E+1	3.99863489E+1	-3.18832782E-1
7.59955541E+4	4.12673417E+1	1.58748827E-8	3.75891630E+1	-1.17583863E+1	3.93853378E+1	-3.03170178E-1
8.14875417E+4	4.04779594E+1	1.42625530E-8	3.72254821E+1	-1.10034100E+1	3.88176706E+1	-2.87404292E-1
8.73764200E+4	3.97348854E+1	1.27610181E-8	3.68771607E+1	-1.02657076E+1	3.82793646E+1	-2.71501906E-1
9.36908711E+4	3.90381678E+1	1.13686270E-8	3.65437870E+1	-9.54746610E+0	3.77703917E+1	-2.55548846E-1
1.00461650E+5	3.83823759E+1	1.00770393E-8	3.62232525E+1	-8.84366792E+0	3.72871894E+1	-2.39459015E-1
1.07721735E+5	3.77648561E+1	8.88103490E-9	3.59141605E+1	-8.15267873E+0	3.68278849E+1	-2.23221606E-1
1.15506485E+5	3.71853126E+1	7.77468596E-9	3.56173258E+1	-7.47311791E+0	3.63928756E+1	-2.06816849E-1
1.23853818E+5	3.66420306E+1	6.75322273E-9	3.53318645E+1	-6.80371999E+0	3.59809847E+1	-1.90237484E-1
1.32804389E+5	3.61289851E+1	5.79224630E-9	3.50599252E+1	-6.12218014E+0	3.55904413E+1	-1.72877357E-1
1.42401793E+5	3.56479865E+1	4.93848430E-9	3.47849298E+1	-5.47917461E+0	3.52138142E+1	-1.56232095E-1
1.52692775E+5	3.51989337E+1	4.13606869E-9	3.45253837E+1	-4.82229869E+0	3.48605320E+1	-1.38776203E-1
1.63727458E+5	3.47746988E+1	3.39442806E-9	3.42693757E+1	-4.16138177E+0	3.45211126E+1	-1.20839868E-1
1.75559587E+5	3.43807567E+1	2.71384890E-9	3.40203850E+1	-3.50142386E+0	3.42000962E+1	-1.02560236E-1
1.88246790E+5	3.40193582E+1	2.08632278E-9	3.37763891E+1	-2.83506757E+0	3.38976385E+1	-8.37403745E-2
2.01850863E+5	3.36767256E+1	1.50730367E-9	3.35377250E+1	-2.15910963E+0	3.36071535E+1	-6.42898150E-2
2.16438064E+5	3.33669009E+1	9.74622734E-10	3.33017679E+1	-1.47276415E+0	3.33343185E+1	-4.41960054E-2
2.32079442E+5	3.30861011E+1	4.85692334E-10	3.30679435E+1	-7.74872929E-1	3.30770211E+1	-2.34284668E-2
2.48851178E+5	3.28359143E+1	3.56584540E-11	3.28358038E+1	-6.01144505E-2	3.28358591E+1	-1.83075708E-3
2.66834962E+5	3.26173685E+1	-3.78860357E-10	3.26033716E+1	6.75481894E-1	3.26103693E+1	2.07151840E-2
2.86118383E+5	3.24313264E+1	-7.57734012E-10	3.23681529E+1	1.42996362E+0	3.23997243E+1	4.41493990E-2
3.06795364E+5	3.22847893E+1	-1.10674310E-9	3.21323522E+1	2.21317583E+0	3.22084806E+1	6.87682634E-2
3.28966612E+5	3.21802145E+1	-1.42390509E-9	3.18941143E+1	3.02072936E+0	3.20368450E+1	9.44295468E-2
3.52740116E+5	3.21176324E+1	-1.71390809E-9	3.16465893E+1	3.86093773E+0	3.18812409E+1	1.21401723E-1
3.78231664E+5	3.21135194E+1	-1.97789488E-9	3.13980973E+1	4.73949623E+0	3.17537936E+1	1.49817458E-1
4.05565415E+5	3.21640142E+1	-2.21533499E-9	3.11374518E+1	5.65370890E+0	3.16465707E+1	1.79615799E-1
4.34874501E+5	3.22761293E+1	-2.42772988E-9	3.08614190E+1	6.60756515E+0	3.15608484E+1	2.10919968E-1
4.66301673E+5	3.24710329E+1	-2.61664308E-9	3.05762503E+1	7.61152437E+0	3.15094022E+1	2.43976841E-1
5.00000000E+5	3.27498676E+1	-2.78368951E-9	3.02671219E+1	8.66864620E+0	3.14840313E+1	2.78937863E-1
