Start time:20240908_06-59-11	sweep/start:500.000	sweep/stop:500000.000	sweep/samplecount:100.000	sweep/xmapping:1.000	sweep/scan:0.000	sweep/averaging/sample:10.000	sweep/settling/time:0.100	sweep/settling/inaccuracy:0.010	sweep/awgcontrol:0.000	sweep/averaging/time:0.100	sweep/averaging/tc:15.000	sweep/bandwidthcontrol:2.000	sweep/sincfilter:0.000	sweep/omegasuppression:80.000	sweep/maxbandwidth:100.000	sweep/bandwidth:1250000.000	sweep/order:8.000	sweep/bandwidthoverlap:1.000																				
Frequency	Param0		Param1		RealZ		ImagZ		AbsZ		PhaseZ		
5.00000000E+2	1.16648767E+3	8.02783868E-7	1.20819400E+2	-3.55439155E+2	3.75412204E+2	-1.24313326E+0
5.36133611E+2	1.05503292E+3	7.88662668E-7	1.19127404E+2	-3.33904135E+2	3.54518423E+2	-1.22810197E+0
5.74878498E+2	9.55765434E+2	7.73794319E-7	1.17471102E+2	-3.13807787E+2	3.35074307E+2	-1.21260360E+0
6.16423370E+2	8.67778372E+2	7.58206196E-7	1.15796909E+2	-2.95088319E+2	3.16995335E+2	-1.19684630E+0
6.60970574E+2	7.89454679E+2	7.41846587E-7	1.14153887E+2	-2.77647619E+2	3.00198787E+2	-1.18071786E+0
7.08737081E+2	7.20009767E+2	7.24732324E-7	1.12508463E+2	-2.61436463E+2	2.84617604E+2	-1.16440524E+0
7.59955541E+2	6.58138119E+2	7.07060528E-7	1.10849364E+2	-2.46305901E+2	2.70100316E+2	-1.14790287E+0
8.14875417E+2	6.02952808E+2	6.88778852E-7	1.09203823E+2	-2.32205226E+2	2.56602307E+2	-1.13119785E+0
8.73764200E+2	5.53928556E+2	6.70022661E-7	1.07521713E+2	-2.19085412E+2	2.44047820E+2	-1.11455565E+0
9.36908711E+2	5.10119431E+2	6.50909282E-7	1.05819315E+2	-2.06839933E+2	2.32337010E+2	-1.09791182E+0
1.00461650E+3	4.70968049E+2	6.31428577E-7	1.04112599E+2	-1.95433545E+2	2.21435554E+2	-1.08131169E+0
1.07721735E+3	4.35920309E+2	6.11726956E-7	1.02386740E+2	-1.84795595E+2	2.11263951E+2	-1.06484596E+0
1.15506485E+3	4.04510576E+2	5.91902457E-7	1.00637479E+2	-1.74874295E+2	2.01764522E+2	-1.04859787E+0
1.23853818E+3	3.76323059E+2	5.72086967E-7	9.88533339E+1	-1.65616439E+2	1.92875056E+2	-1.03267324E+0
1.32804389E+3	3.50853487E+2	5.52336327E-7	9.70594814E+1	-1.56949397E+2	1.84536329E+2	-1.01694806E+0
1.42401793E+3	3.27889027E+2	5.32739089E-7	9.52412938E+1	-1.48854526E+2	1.76716084E+2	-1.00160516E+0
1.52692775E+3	3.07111331E+2	5.13385809E-7	9.34006831E+1	-1.41282411E+2	1.69364718E+2	-9.86662988E-1
1.63727458E+3	2.88178490E+2	4.94305385E-7	9.15602869E+1	-1.34173091E+2	1.62436772E+2	-9.71977465E-1
1.75559587E+3	2.70960724E+2	4.75627812E-7	8.96938195E+1	-1.27508902E+2	1.55895804E+2	-9.57770840E-1
1.88246790E+3	2.55213289E+2	4.57342502E-7	8.78253079E+1	-1.21247270E+2	1.49713678E+2	-9.43915145E-1
2.01850863E+3	2.40756497E+2	4.39506235E-7	8.59546113E+1	-1.15351357E+2	1.43854548E+2	-9.30403398E-1
2.16438064E+3	2.27459547E+2	4.22137568E-7	8.40862411E+1	-1.09798553E+2	1.38297571E+2	-9.17245260E-1
2.32079442E+3	2.15190320E+2	4.05274149E-7	8.22201052E+1	-1.04560149E+2	1.33014926E+2	-9.04438689E-1
2.48851178E+3	2.03821468E+2	3.88887136E-7	8.03718095E+1	-9.96085943E+1	1.27990234E+2	-8.91876585E-1
2.66834962E+3	1.93263905E+2	3.72997510E-7	7.85404791E+1	-9.49232985E+1	1.23203245E+2	-8.79564034E-1
2.86118383E+3	1.83434060E+2	3.57578665E-7	7.67363034E+1	-9.04853091E+1	1.18642537E+2	-8.67433905E-1
3.06795364E+3	1.74266536E+2	3.42639595E-7	7.49588043E+1	-8.62785528E+1	1.14292655E+2	-8.55488656E-1
3.28966612E+3	1.65692246E+2	3.28159959E-7	7.32146135E+1	-8.22843486E+1	1.10141244E+2	-8.43658817E-1
3.52740116E+3	1.57651294E+2	3.14128576E-7	7.15068690E+1	-7.84851446E+1	1.06175093E+2	-8.31888955E-1
3.78231664E+3	1.50106238E+2	3.00548541E-7	6.98336750E+1	-7.48714091E+1	1.02383935E+2	-8.20197910E-1
4.05565415E+3	1.43015385E+2	2.87358835E-7	6.82090654E+1	-7.14315691E+1	9.87671286E+1	-8.08471189E-1
4.34874501E+3	1.36355240E+2	2.74581455E-7	6.66258037E+1	-6.81599563E+1	9.53140986E+1	-7.96779828E-1
4.66301673E+3	1.30083182E+2	2.62190501E-7	6.50887745E+1	-6.50415734E+1	9.20160577E+1	-7.85035442E-1
5.00000000E+3	1.24191134E+2	2.50152142E-7	6.36044712E+1	-6.20772308E+1	8.88769451E+1	-7.73247108E-1
5.36133611E+3	1.18627225E+2	2.38494298E-7	6.21637398E+1	-5.92450952E+1	8.58738139E+1	-7.61362991E-1
5.74878498E+3	1.13385128E+2	2.27194762E-7	6.07700459E+1	-5.65457416E+1	8.30085502E+1	-7.49405735E-1
6.16423370E+3	1.08442226E+2	2.16246238E-7	5.94229987E+1	-5.39710058E+1	8.02742939E+1	-7.37355080E-1
6.60970574E+3	1.03782846E+2	2.05623421E-7	5.81268931E+1	-5.15154217E+1	7.76696491E+1	-7.25170728E-1
7.08737081E+3	9.93933331E+1	1.95341178E-7	5.68762694E+1	-4.91753184E+1	7.51872461E+1	-7.12910253E-1
7.59955541E+3	9.52484861E+1	1.85395187E-7	5.56694023E+1	-4.69397901E+1	7.28177607E+1	-7.00526222E-1
8.14875417E+3	9.13416718E+1	1.75786898E-7	5.45045421E+1	-4.48083791E+1	7.05587413E+1	-6.88074175E-1
8.73764200E+3	8.76580288E+1	1.66479895E-7	5.33887497E+1	-4.27737530E+1	6.84101787E+1	-6.75457240E-1
9.36908711E+3	8.41759428E+1	1.57517733E-7	5.23078512E+1	-4.08283156E+1	6.63555776E+1	-6.62761294E-1
1.00461650E+4	8.08941184E+1	1.48852657E-7	5.12732288E+1	-3.89712539E+1	6.44026601E+1	-6.49914953E-1
1.07721735E+4	7.77954560E+1	1.40509394E-7	5.02757351E+1	-3.71964269E+1	6.25397772E+1	-6.36972425E-1
1.15506485E+4	7.48743448E+1	1.32475177E-7	4.93174464E+1	-3.55021258E+1	6.07668617E+1	-6.23937105E-1
1.23853818E+4	7.21078615E+1	1.24742938E-7	4.83952847E+1	-3.38759042E+1	5.90735176E+1	-6.10714938E-1
1.32804389E+4	6.94950729E+1	1.17313305E-7	4.75084671E+1	-3.23194974E+1	5.74595891E+1	-5.97374392E-1
1.42401793E+4	6.70321904E+1	1.10180730E-7	4.66575255E+1	-3.08323112E+1	5.59245574E+1	-5.83945253E-1
1.52692775E+4	6.47051910E+1	1.03337635E-7	4.58407567E+1	-2.94067996E+1	5.44622337E+1	-5.70375894E-1
1.63727458E+4	6.25076027E+1	9.67736380E-8	4.50588987E+1	-2.80396032E+1	5.30709311E+1	-5.56646597E-1
1.75559587E+4	6.04312855E+1	9.04916018E-8	4.43086082E+1	-2.67277638E+1	5.17457838E+1	-5.42782548E-1
1.88246790E+4	5.84725967E+1	8.44840684E-8	4.35905760E+1	-2.54699003E+1	5.04861779E+1	-5.28794139E-1
2.01850863E+4	5.66248523E+1	7.87443926E-8	4.29042130E+1	-2.42625885E+1	4.92893976E+1	-5.14669993E-1
2.16438064E+4	5.48816870E+1	7.32762556E-8	4.22461073E+1	-2.31041995E+1	4.81511955E+1	-5.00456475E-1
2.32079442E+4	5.32367172E+1	6.80565796E-8	4.16196958E+1	-2.19885619E+1	4.70711798E+1	-4.86046917E-1
2.48851178E+4	5.16863988E+1	6.30936719E-8	4.10211473E+1	-2.09165202E+1	4.60460136E+1	-4.71533056E-1
2.66834962E+4	5.02258712E+1	5.83861249E-8	4.04485038E+1	-1.98866753E+1	4.50728448E+1	-4.56948679E-1
2.86118383E+4	4.88526215E+1	5.39182843E-8	3.99046823E+1	-1.88961543E+1	4.41525575E+1	-4.42250106E-1
3.06795364E+4	4.75596606E+1	4.96922995E-8	3.93854026E+1	-1.79428649E+1	4.32799766E+1	-4.27477472E-1
3.28966612E+4	4.63469348E+1	4.57005139E-8	3.88925182E+1	-1.70270672E+1	4.24564365E+1	-4.12660551E-1
3.52740116E+4	4.52042985E+1	4.19319618E-8	3.84230307E+1	-1.61417734E+1	4.16759660E+1	-3.97718707E-1
3.78231664E+4	4.41307633E+1	3.83891388E-8	3.79751092E+1	-1.52892645E+1	4.09373980E+1	-3.82756744E-1
4.05565415E+4	4.31265799E+1	3.50622593E-8	3.75511915E+1	-1.44693627E+1	4.02424460E+1	-3.67790698E-1
4.34874501E+4	4.21876528E+1	3.19469670E-8	3.71495073E+1	-1.36808117E+1	3.95885149E+1	-3.52851754E-1
4.66301673E+4	4.13051011E+1	2.90326857E-8	3.67664461E+1	-1.29178249E+1	3.89697546E+1	-3.37875389E-1
5.00000000E+4	4.04765110E+1	2.63145999E-8	3.64007411E+1	-1.21803545E+1	3.83845671E+1	-3.22906590E-1
5.36133611E+4	3.97000637E+1	2.37761268E-8	3.60547649E+1	-1.14643089E+1	3.78335362E+1	-3.07859803E-1
5.74878498E+4	3.89744745E+1	2.14253905E-8	3.57243893E+1	-1.07753096E+1	3.73140630E+1	-2.92945431E-1
6.16423370E+4	3.82945576E+1	1.92425024E-8	3.54102340E+1	-1.01061646E+1	3.68241666E+1	-2.78011256E-1
6.60970574E+4	3.76574402E+1	1.72246539E-8	3.51097075E+1	-9.45780819E+0	3.63612666E+1	-2.63132681E-1
7.08737081E+4	3.70595095E+1	1.53565780E-8	3.48229334E+1	-8.82519869E+0	3.59238198E+1	-2.48204896E-1
7.59955541E+4	3.65003730E+1	1.36342584E-8	3.45494720E+1	-8.20990814E+0	3.55115279E+1	-2.33300582E-1
8.14875417E+4	3.59758666E+1	1.20483561E-8	3.42871688E+1	-7.60924830E+0	3.51213697E+1	-2.18387595E-1
8.73764200E+4	3.54846556E+1	1.05873684E-8	3.40367072E+1	-7.02021279E+0	3.47531414E+1	-2.03401887E-1
9.36908711E+4	3.50227737E+1	9.24602492E-9	3.37947280E+1	-6.44216276E+0	3.44032718E+1	-1.88366322E-1
1.00461650E+5	3.45909303E+1	8.01528849E-9	3.35629533E+1	-5.87383516E+0	3.40730653E+1	-1.73254867E-1
1.07721735E+5	3.41850343E+1	6.88456495E-9	3.33390834E+1	-5.31067071E+0	3.37594092E+1	-1.57965487E-1
1.15506485E+5	3.38047083E+1	5.85047944E-9	3.31223214E+1	-4.75418029E+0	3.34617754E+1	-1.42560342E-1
1.23853818E+5	3.34471142E+1	4.90233119E-9	3.29112610E+1	-4.19947581E+0	3.31781058E+1	-1.26914138E-1
1.32804389E+5	3.31132821E+1	4.03427248E-9	3.27068718E+1	-3.64584785E+0	3.29094495E+1	-1.11012125E-1
1.42401793E+5	3.28023960E+1	3.24102121E-9	3.25082522E+1	-3.09226277E+0	3.26549929E+1	-9.48370428E-2
1.52692775E+5	3.25124164E+1	2.51535678E-9	3.23134962E+1	-2.53531053E+0	3.24128037E+1	-7.82993954E-2
1.63727458E+5	3.22439390E+1	1.85128333E-9	3.21228069E+1	-1.97258550E+0	3.21833160E+1	-6.13306197E-2
1.75559587E+5	3.19979665E+1	1.24335425E-9	3.19364584E+1	-1.40154941E+0	3.19671976E+1	-4.38574212E-2
1.88246790E+5	3.18221909E+1	7.12596681E-10	3.17878439E+1	-8.52416454E-1	3.18050086E+1	-2.68073745E-2
2.01850863E+5	3.15723007E+1	1.81273374E-10	3.15706370E+1	-2.29157783E-1	3.15714688E+1	-7.25844128E-3
2.16438064E+5	3.13927339E+1	-2.81536510E-10	3.13881990E+1	3.77262862E-1	3.13904664E+1	1.20186752E-2
2.32079442E+5	3.12385559E+1	-7.04439667E-10	3.12064228E+1	1.00137148E+0	3.12224853E+1	3.20776291E-2
2.48851178E+5	3.11132410E+1	-1.09076196E-9	3.10258802E+1	1.64633764E+0	3.10695299E+1	5.30136464E-2
2.66834962E+5	3.10157597E+1	-1.44233246E-9	3.08422595E+1	2.31321859E+0	3.09288880E+1	7.48614192E-2
2.86118383E+5	3.09508167E+1	-1.76053700E-9	3.06566378E+1	3.00308254E+0	3.08033761E+1	9.76471139E-2
3.06795364E+5	3.09199230E+1	-2.04965652E-9	3.04652476E+1	3.72179852E+0	3.06917433E+1	1.21563016E-1
3.28966612E+5	3.09323886E+1	-2.31163672E-9	3.02711455E+1	4.47397816E+0	3.05999809E+1	1.46734473E-1
3.52740116E+5	3.09901185E+1	-2.54581463E-9	3.00706977E+1	5.25809117E+0	3.05269468E+1	1.73107545E-1
3.78231664E+5	3.11004798E+1	-2.75035456E-9	2.98663219E+1	6.07121230E+0	3.04771543E+1	2.00546927E-1
4.05565415E+5	3.12708326E+1	-2.93875280E-9	2.96451317E+1	6.94219186E+0	3.04471336E+1	2.30031378E-1
4.34874501E+5	3.15039841E+1	-3.09960510E-9	2.94102109E+1	7.84718265E+0	3.04391001E+1	2.60743962E-1
4.66301673E+5	3.18236070E+1	-3.23676745E-9	2.91671113E+1	8.80240069E+0	3.04664190E+1	2.93100018E-1
NaN	NaN	NaN	NaN	NaN	NaN	NaN
