Start time:20240907_18-45-05	sweep/start:500.000	sweep/stop:500000.000	sweep/samplecount:100.000	sweep/xmapping:1.000	sweep/scan:0.000	sweep/averaging/sample:10.000	sweep/settling/time:0.100	sweep/settling/inaccuracy:0.010	sweep/awgcontrol:0.000	sweep/averaging/time:0.100	sweep/averaging/tc:15.000	sweep/bandwidthcontrol:2.000	sweep/sincfilter:0.000	sweep/omegasuppression:80.000	sweep/maxbandwidth:100.000	sweep/bandwidth:1250000.000	sweep/order:8.000	sweep/bandwidthoverlap:1.000																				
Frequency	Param0		Param1		RealZ		ImagZ		AbsZ		PhaseZ		
5.00000000E+2	1.11568788E+3	7.79696444E-7	1.31744878E+2	-3.60040856E+2	3.83387709E+2	-1.22001298E+0
5.36133611E+2	1.01151566E+3	7.64377113E-7	1.29953170E+2	-3.38469761E+2	3.62559807E+2	-1.20420818E+0
5.74878498E+2	9.19044761E+2	7.48311581E-7	1.28162707E+2	-3.18373292E+2	3.43201452E+2	-1.18808943E+0
6.16423370E+2	8.37340275E+2	7.31605080E-7	1.26303854E+2	-2.99677529E+2	3.25206530E+2	-1.17192291E+0
6.60970574E+2	7.64619478E+2	7.14169215E-7	1.24469958E+2	-2.82275339E+2	3.08499822E+2	-1.15549190E+0
7.08737081E+2	6.99797416E+2	6.96133157E-7	1.22640657E+2	-2.66050506E+2	2.92956660E+2	-1.13885929E+0
7.59955541E+2	6.42065742E+2	6.77511562E-7	1.20814400E+2	-2.50947520E+2	2.78515312E+2	-1.12211240E+0
8.14875417E+2	5.90734328E+2	6.58418094E-7	1.18960716E+2	-2.36901919E+2	2.65092762E+2	-1.10542879E+0
8.73764200E+2	5.44835834E+2	6.39009000E-7	1.17084180E+2	-2.23792193E+2	2.52570094E+2	-1.08877511E+0
9.36908711E+2	5.03787962E+2	6.19360988E-7	1.15179405E+2	-2.11564877E+2	2.40885853E+2	-1.07224999E+0
1.00461650E+3	4.67146684E+2	5.99509789E-7	1.13245825E+2	-2.00194383E+2	2.30005236E+2	-1.05599499E+0
1.07721735E+3	4.34240548E+2	5.79577966E-7	1.11295528E+2	-1.89584630E+2	2.19838640E+2	-1.03995381E+0
1.15506485E+3	4.04651564E+2	5.59689378E-7	1.09316548E+2	-1.79680276E+2	2.10321444E+2	-1.02422702E+0
1.23853818E+3	3.78011676E+2	5.39941369E-7	1.07304442E+2	-1.70434992E+2	2.01400920E+2	-1.00890199E+0
1.32804389E+3	3.53940357E+2	5.20396355E-7	1.05271047E+2	-1.61795170E+2	1.93027643E+2	-9.93968558E-1
1.42401793E+3	3.32124487E+2	5.01211066E-7	1.03196529E+2	-1.53702860E+2	1.85132637E+2	-9.79522034E-1
1.52692775E+3	3.12279681E+2	4.82309893E-7	1.01125894E+2	-1.46127049E+2	1.77706391E+2	-9.65432038E-1
1.63727458E+3	2.94193913E+2	4.63924434E-7	9.90100495E+1	-1.39014975E+2	1.70669720E+2	-9.51912175E-1
1.75559587E+3	2.77636942E+2	4.45945760E-7	9.68993813E+1	-1.32338042E+2	1.64020876E+2	-9.38777670E-1
1.88246790E+3	2.62434830E+2	4.28490486E-7	9.47743059E+1	-1.26055184E+2	1.57708841E+2	-9.26113709E-1
2.01850863E+3	2.48426404E+2	4.11563574E-7	9.26454429E+1	-1.20134907E+2	1.51708846E+2	-9.13878259E-1
2.16438064E+3	2.35459803E+2	3.95186011E-7	9.05173610E+1	-1.14541726E+2	1.45990410E+2	-9.02024751E-1
2.32079442E+3	2.23437368E+2	3.79327640E-7	8.84034479E+1	-1.09258701E+2	1.40544062E+2	-8.90518831E-1
2.48851178E+3	2.12239538E+2	3.64006770E-7	8.63047941E+1	-1.04253403E+2	1.35341381E+2	-8.79310740E-1
2.66834962E+3	2.01781831E+2	3.49213300E-7	8.42268061E+1	-9.95051963E+1	1.30366556E+2	-8.68363131E-1
2.86118383E+3	1.92003070E+2	3.34911177E-7	8.21800602E+1	-9.50013752E+1	1.25613788E+2	-8.57634888E-1
3.06795364E+3	1.82821890E+2	3.21105689E-7	8.01643366E+1	-9.07164516E+1	1.21061123E+2	-8.47071177E-1
3.28966612E+3	1.74186374E+2	3.07731955E-7	7.81966167E+1	-8.66376023E+1	1.16708119E+2	-8.36562410E-1
3.52740116E+3	1.66065330E+2	2.94827564E-7	7.62639653E+1	-8.27563173E+1	1.12537996E+2	-8.26202696E-1
3.78231664E+3	1.58400236E+2	2.82342884E-7	7.43788080E+1	-7.90532319E+1	1.08543174E+2	-8.15854504E-1
4.05565415E+3	1.51160866E+2	2.70278655E-7	7.25379556E+1	-7.55191701E+1	1.04713419E+2	-8.05531012E-1
4.34874501E+3	1.44331747E+2	2.58568891E-7	7.07566229E+1	-7.21521114E+1	1.01056553E+2	-7.95162745E-1
4.66301673E+3	1.37863988E+2	2.47228112E-7	6.90279362E+1	-6.89319266E+1	9.75523784E+1	-7.84702239E-1
5.00000000E+3	1.31754156E+2	2.36225903E-7	6.73570394E+1	-6.58604511E+1	9.42049353E+1	-7.74164462E-1
5.36133611E+3	1.25975418E+2	2.25584640E-7	6.57346261E+1	-6.29277831E+1	9.09997088E+1	-7.63586059E-1
5.74878498E+3	1.20497531E+2	2.15254951E-7	6.41709818E+1	-6.01209606E+1	8.79343212E+1	-7.52824945E-1
6.16423370E+3	1.15321278E+2	2.05243529E-7	6.26616627E+1	-5.74433545E+1	8.50071937E+1	-7.41977593E-1
6.60970574E+3	1.10416986E+2	1.95531557E-7	6.12084236E+1	-5.48814950E+1	8.22097904E+1	-7.30951787E-1
7.08737081E+3	1.05778459E+2	1.86136214E-7	5.98040071E+1	-5.24352592E+1	7.95360026E+1	-7.19840106E-1
7.59955541E+3	1.01387094E+2	1.77031217E-7	5.84526768E+1	-5.00962234E+1	7.69827711E+1	-7.08566397E-1
8.14875417E+3	9.72233297E+1	1.68210538E-7	5.71526926E+1	-4.78554571E+1	7.45424380E+1	-6.97090204E-1
8.73764200E+3	9.32868674E+1	1.59672715E-7	5.59029194E+1	-4.57151156E+1	7.22150138E+1	-6.85476187E-1
9.36908711E+3	8.95624312E+1	1.51417801E-7	5.47005115E+1	-4.36688081E+1	6.99936482E+1	-6.73719014E-1
1.00461650E+4	8.60353311E+1	1.43431537E-7	5.35464847E+1	-4.17092736E+1	6.78740712E+1	-6.61764297E-1
1.07721735E+4	8.26933451E+1	1.35720290E-7	5.24361845E+1	-3.98317716E+1	6.58492482E+1	-6.49631918E-1
1.15506485E+4	7.95341884E+1	1.28275875E-7	5.13707340E+1	-3.80365259E+1	6.39197124E+1	-6.37349295E-1
1.23853818E+4	7.65376940E+1	1.21091870E-7	5.03475612E+1	-3.63126601E+1	6.20764546E+1	-6.24839026E-1
1.32804389E+4	7.37005478E+1	1.14170842E-7	4.93644577E+1	-3.46603209E+1	6.03173902E+1	-6.12154802E-1
1.42401793E+4	7.10144830E+1	1.07495101E-7	4.84241059E+1	-3.30744431E+1	5.86413919E+1	-5.99236185E-1
1.52692775E+4	6.84779523E+1	1.01070924E-7	4.75240750E+1	-3.15565140E+1	5.70469221E+1	-5.86161893E-1
1.63727458E+4	6.60786462E+1	9.48973500E-8	4.66612942E+1	-3.01004774E+1	5.55276070E+1	-5.72911915E-1
1.75559587E+4	6.38018797E+1	8.89612066E-8	4.58349494E+1	-2.86969212E+1	5.40773142E+1	-5.59384597E-1
1.88246790E+4	6.16537309E+1	8.32680885E-8	4.50449726E+1	-2.73521665E+1	5.26990570E+1	-5.45710737E-1
2.01850863E+4	5.96282594E+1	7.77920051E-8	4.42972190E+1	-2.60599775E+1	5.13942220E+1	-5.31770855E-1
2.16438064E+4	5.77127189E+1	7.25646433E-8	4.35779914E+1	-2.48186020E+1	5.01498191E+1	-5.17707276E-1
2.32079442E+4	5.59094707E+1	6.75666119E-8	4.28938893E+1	-2.36281371E+1	4.89711613E+1	-5.03496251E-1
2.48851178E+4	5.42050648E+1	6.27943969E-8	4.22406542E+1	-2.24807579E+1	4.78503645E+1	-4.89079759E-1
2.66834962E+4	5.25975429E+1	5.82359161E-8	4.16209024E+1	-2.13742289E+1	4.67884301E+1	-4.74425229E-1
2.86118383E+4	5.10913685E+1	5.39016228E-8	4.10338229E+1	-2.03150074E+1	4.57872707E+1	-4.59703521E-1
3.06795364E+4	4.96691822E+1	4.97896271E-8	4.04718450E+1	-1.92933455E+1	4.48352924E+1	-4.44842866E-1
3.28966612E+4	4.83362054E+1	4.58934527E-8	3.99394413E+1	-1.83128931E+1	4.39376950E+1	-4.29913642E-1
3.52740116E+4	4.70823604E+1	4.22079689E-8	3.94328596E+1	-1.73678345E+1	4.30881898E+1	-4.14875994E-1
3.78231664E+4	4.59060763E+1	3.87258707E-8	3.89532422E+1	-1.64570779E+1	4.22870016E+1	-3.99736691E-1
4.05565415E+4	4.48041662E+1	3.54549269E-8	3.84961990E+1	-1.55830915E+1	4.15305923E+1	-3.84633656E-1
4.34874501E+4	4.37724412E+1	3.23761882E-8	3.80647144E+1	-1.47398430E+1	4.08189352E+1	-3.69450518E-1
4.66301673E+4	4.28044665E+1	2.94894262E-8	3.76543226E+1	-1.39257014E+1	4.01468951E+1	-3.54230462E-1
5.00000000E+4	4.18982438E+1	2.67952155E-8	3.72628941E+1	-1.31425466E+1	3.95126539E+1	-3.39076319E-1
5.36133611E+4	4.10488529E+1	2.42794797E-8	3.68906737E+1	-1.23853956E+1	3.89142627E+1	-3.23908188E-1
5.74878498E+4	4.02541159E+1	2.19330935E-8	3.65380950E+1	-1.16523096E+1	3.83511240E+1	-3.08712531E-1
6.16423370E+4	3.95111858E+1	1.97540238E-8	3.62028333E+1	-1.09440270E+1	3.78208524E+1	-2.93563283E-1
6.60970574E+4	3.88111863E+1	1.77370964E-8	3.58786773E+1	-1.02574134E+1	3.73161363E+1	-2.78463609E-1
7.08737081E+4	3.81600881E+1	1.58650834E-8	3.55744276E+1	-9.59079664E+0	3.68445829E+1	-2.63337162E-1
7.59955541E+4	3.75479416E+1	1.41371865E-8	3.52813190E+1	-8.94256238E+0	3.63969903E+1	-2.48236717E-1
8.14875417E+4	3.69731596E+1	1.25413535E-8	3.50003869E+1	-8.30950025E+0	3.59732524E+1	-2.33096183E-1
8.73764200E+4	3.64336649E+1	1.10701181E-8	3.47308257E+1	-7.69031854E+0	3.55720574E+1	-2.17910361E-1
9.36908711E+4	3.59281644E+1	9.71866597E-9	3.44716982E+1	-7.08567964E+0	3.51923974E+1	-2.02726971E-1
1.00461650E+5	3.54541001E+1	8.47475708E-9	3.42230751E+1	-6.49072069E+0	3.48331498E+1	-1.87432992E-1
1.07721735E+5	3.50063552E+1	7.32981652E-9	3.39814393E+1	-5.90153477E+0	3.44900904E+1	-1.71954274E-1
1.15506485E+5	3.45895404E+1	6.28070519E-9	3.37505448E+1	-5.32133039E+0	3.41674674E+1	-1.56379187E-1
1.23853818E+5	3.41979356E+1	5.32041659E-9	3.35258121E+1	-4.74694386E+0	3.38602062E+1	-1.40655741E-1
1.32804389E+5	3.38264639E+1	4.43506531E-9	3.33045390E+1	-4.16919486E+0	3.35644869E+1	-1.24536150E-1
1.42401793E+5	3.34816734E+1	3.62540993E-9	3.30913417E+1	-3.59396638E+0	3.32859354E+1	-1.08183417E-1
1.52692775E+5	3.31590871E+1	2.88535915E-9	3.28820355E+1	-3.01827976E+0	3.30202707E+1	-9.15346438E-2
1.63727458E+5	3.28604353E+1	2.20517969E-9	3.26788399E+1	-2.43604505E+0	3.27695118E+1	-7.44074054E-2
1.75559587E+5	3.25841269E+1	1.58207825E-9	3.24791045E+1	-1.84689625E+0	3.25315733E+1	-5.68029654E-2
1.88246790E+5	3.23627499E+1	1.00741185E-9	3.23060727E+1	-1.24574787E+0	3.23343922E+1	-3.85371704E-2
2.01850863E+5	3.20988254E+1	4.90951310E-10	3.20860079E+1	-6.41288829E-1	3.20924160E+1	-1.99838976E-2
2.16438064E+5	3.18914340E+1	1.32935380E-11	3.18914230E+1	-1.83864467E-2	3.18914285E+1	-5.76535391E-4
2.32079442E+5	3.17110998E+1	-4.23207215E-10	3.16989595E+1	6.20334453E-1	3.17050290E+1	1.95670551E-2
2.48851178E+5	3.15583669E+1	-8.22399179E-10	3.15064820E+1	1.27854691E+0	3.15324138E+1	4.05581866E-2
2.66834962E+5	3.14323712E+1	-1.18706490E-9	3.13098420E+1	1.95864088E+0	3.13710468E+1	6.24753189E-2
2.86118383E+5	3.13416913E+1	-1.51921009E-9	3.11137173E+1	2.66328600E+0	3.12274963E+1	8.53903012E-2
3.06795364E+5	3.12847550E+1	-1.82028115E-9	3.09122508E+1	3.39336462E+0	3.10979452E+1	1.09336323E-1
3.28966612E+5	3.12679370E+1	-2.09687969E-9	3.07040315E+1	4.16101816E+0	3.09847014E+1	1.34699664E-1
3.52740116E+5	3.13002036E+1	-2.34244929E-9	3.04949490E+1	4.95541447E+0	3.08949528E+1	1.61091425E-1
3.78231664E+5	3.13821639E+1	-2.56363769E-9	3.02754235E+1	5.78851786E+0	3.08238268E+1	1.88915337E-1
4.05565415E+5	3.15219057E+1	-2.76000657E-9	3.00451734E+1	6.66097809E+0	3.07746831E+1	2.18170085E-1
4.34874501E+5	3.17333537E+1	-2.93336025E-9	2.98051960E+1	7.58083686E+0	3.07541676E+1	2.49064951E-1
4.66301673E+5	3.20244162E+1	-3.08240915E-9	2.95525138E+1	8.54698122E+0	3.07636474E+1	2.81531635E-1
5.00000000E+5	3.24014665E+1	-3.20919193E-9	2.92771827E+1	9.56399631E+0	3.07997343E+1	3.15742226E-1
