Start time:20240909_03-18-19	sweep/start:500.000	sweep/stop:500000.000	sweep/samplecount:100.000	sweep/xmapping:1.000	sweep/scan:0.000	sweep/averaging/sample:10.000	sweep/settling/time:0.100	sweep/settling/inaccuracy:0.010	sweep/awgcontrol:0.000	sweep/averaging/time:0.100	sweep/averaging/tc:15.000	sweep/bandwidthcontrol:2.000	sweep/sincfilter:0.000	sweep/omegasuppression:80.000	sweep/maxbandwidth:100.000	sweep/bandwidth:1250000.000	sweep/order:8.000	sweep/bandwidthoverlap:1.000																				
Frequency	Param0		Param1		RealZ		ImagZ		AbsZ		PhaseZ		
5.00000000E+2	1.27810171E+3	8.35808452E-7	1.04226450E+2	-3.49783960E+2	3.64982156E+2	-1.28119948E+0
5.36133611E+2	1.15039314E+3	8.23837865E-7	1.02782273E+2	-3.28139908E+2	3.43860432E+2	-1.26724929E+0
5.74878498E+2	1.03692466E+3	8.11220563E-7	1.01343807E+2	-3.07920948E+2	3.24169522E+2	-1.25284002E+0
6.16423370E+2	9.36290920E+2	7.97703491E-7	9.99454996E+1	-2.89117514E+2	3.05905283E+2	-1.23796486E+0
6.60970574E+2	8.46788276E+2	7.83367743E-7	9.85857658E+1	-2.71591783E+2	2.88931224E+2	-1.22259415E+0
7.08737081E+2	7.67443522E+2	7.68382793E-7	9.71977063E+1	-2.55237815E+2	2.73118542E+2	-1.20693968E+0
7.59955541E+2	6.96884655E+2	7.52563587E-7	9.58429809E+1	-2.40011703E+2	2.58440507E+2	-1.19087088E+0
8.14875417E+2	6.34268804E+2	7.36052993E-7	9.44757437E+1	-2.25825907E+2	2.44791764E+2	-1.17456619E+0
8.73764200E+2	5.78363819E+2	7.18912155E-7	9.31226915E+1	-2.12572235E+2	2.32074970E+2	-1.15790293E+0
9.36908711E+2	5.28820412E+2	7.01033487E-7	9.17669603E+1	-2.00267478E+2	2.20291258E+2	-1.14112607E+0
1.00461650E+3	4.84636542E+2	6.82714388E-7	9.03860651E+1	-1.88771678E+2	2.09294978E+2	-1.12424268E+0
1.07721735E+3	4.45168611E+2	6.64007144E-7	8.89843722E+1	-1.78030411E+2	1.99030265E+2	-1.10728728E+0
1.15506485E+3	4.09892105E+2	6.44783016E-7	8.76010822E+1	-1.68026903E+2	1.89491399E+2	-1.09021377E+0
1.23853818E+3	3.78366772E+2	6.25278163E-7	8.61957913E+1	-1.58694381E+2	1.80592418E+2	-1.07322287E+0
1.32804389E+3	3.50151240E+2	6.05625149E-7	8.47588037E+1	-1.49981146E+2	1.72274198E+2	-1.05641145E+0
1.42401793E+3	3.24775339E+2	5.85786845E-7	8.33273595E+1	-1.41842240E+2	1.64507356E+2	-1.03964469E+0
1.52692775E+3	3.01953014E+2	5.65933200E-7	8.18776881E+1	-1.34235829E+2	1.57236172E+2	-1.02308980E+0
1.63727458E+3	2.81316271E+2	5.46144813E-7	8.04199614E+1	-1.27106541E+2	1.50410914E+2	-1.00668104E+0
1.75559587E+3	2.62662727E+2	5.26444751E-7	7.89596361E+1	-1.20437240E+2	1.44013031E+2	-9.90488745E-1
1.88246790E+3	2.45734625E+2	5.07003877E-7	7.74808842E+1	-1.14177266E+2	1.37984548E+2	-9.74576471E-1
2.01850863E+3	2.30342797E+2	4.87745576E-7	7.60135873E+1	-1.08310279E+2	1.32322266E+2	-9.58854462E-1
2.16438064E+3	2.16309375E+2	4.68827646E-7	7.45387528E+1	-1.02797885E+2	1.26978072E+2	-9.43422550E-1
2.32079442E+3	2.03476364E+2	4.50248863E-7	7.30692898E+1	-9.76153268E+1	1.21933889E+2	-9.28228217E-1
2.48851178E+3	1.91676815E+2	4.32043484E-7	7.16116622E+1	-9.27257515E+1	1.17159273E+2	-9.13178249E-1
2.66834962E+3	1.80854293E+2	4.14258621E-7	7.01589813E+1	-8.81264440E+1	1.12643477E+2	-8.98427410E-1
2.86118383E+3	1.70856869E+2	3.96866296E-7	6.87289684E+1	-8.37803382E+1	1.08364276E+2	-8.83771089E-1
3.06795364E+3	1.61632722E+2	3.79920126E-7	6.73132777E+1	-7.96803038E+1	1.04307374E+2	-8.69333597E-1
3.28966612E+3	1.53089109E+2	3.63398421E-7	6.59223650E+1	-7.58039430E+1	1.00458927E+2	-8.55008473E-1
3.52740116E+3	1.45150430E+2	3.47314484E-7	6.45573646E+1	-7.21309627E+1	9.68014936E+1	-8.40749355E-1
3.78231664E+3	1.37769426E+2	3.31690221E-7	6.32155319E+1	-6.86510304E+1	9.33229205E+1	-8.26594531E-1
4.05565415E+3	1.30901987E+2	3.16478040E-7	6.19082453E+1	-6.53550410E+1	9.00217322E+1	-8.12475519E-1
4.34874501E+3	1.24500256E+2	3.01693886E-7	6.06335781E+1	-6.22291342E+1	8.68843828E+1	-7.98383929E-1
4.66301673E+3	1.18527635E+2	2.87359103E-7	5.93878020E+1	-5.92636872E+1	8.38993187E+1	-7.84352119E-1
5.00000000E+3	1.12949599E+2	2.73408507E-7	5.81847202E+1	-5.64489069E+1	8.10675075E+1	-7.70257049E-1
5.36133611E+3	1.07742801E+2	2.59901551E-7	5.70123319E+1	-5.37797572E+1	7.83751766E+1	-7.56229493E-1
5.74878498E+3	1.02862768E+2	2.46805864E-7	5.58766483E+1	-5.12389190E+1	7.58131036E+1	-7.42128684E-1
6.16423370E+3	9.82973664E+1	2.34124773E-7	5.47768810E+1	-4.88253664E+1	7.33786285E+1	-7.28015423E-1
6.60970574E+3	9.40239924E+1	2.21848508E-7	5.37145745E+1	-4.65317439E+1	7.10665795E+1	-7.13868594E-1
7.08737081E+3	9.00238735E+1	2.09978773E-7	5.26889245E+1	-4.43524326E+1	6.88713370E+1	-6.99701972E-1
7.59955541E+3	8.62651075E+1	1.98553723E-7	5.16897372E+1	-4.22751910E+1	6.67758993E+1	-6.85539288E-1
8.14875417E+3	8.27463267E+1	1.87512637E-7	5.07302688E+1	-4.03011563E+1	6.47899945E+1	-6.71329428E-1
8.73764200E+3	7.94488310E+1	1.76864460E-7	4.98074383E+1	-3.84234541E+1	6.29058244E+1	-6.57082150E-1
9.36908711E+3	7.63525832E+1	1.66646775E-7	4.89112847E+1	-3.66358997E+1	6.11105795E+1	-6.42878451E-1
1.00461650E+4	7.34470520E+1	1.56813746E-7	4.80504807E+1	-3.49330421E+1	5.94067854E+1	-6.28622551E-1
1.07721735E+4	7.07199185E+1	1.47387318E-7	4.72189238E+1	-3.33120343E+1	5.77868361E+1	-6.14394751E-1
1.15506485E+4	6.81546092E+1	1.38354837E-7	4.64164233E+1	-3.17648992E+1	5.62449392E+1	-6.00142566E-1
1.23853818E+4	6.57436931E+1	1.29706772E-7	4.56437976E+1	-3.02891985E+1	5.47794836E+1	-5.85876132E-1
1.32804389E+4	6.34772476E+1	1.21441816E-7	4.48993268E+1	-2.88814147E+1	5.33861937E+1	-5.71614192E-1
1.42401793E+4	6.13393456E+1	1.13553251E-7	4.41801971E+1	-2.75335168E+1	5.20575103E+1	-5.57310699E-1
1.52692775E+4	5.93276154E+1	1.06040284E-7	4.34859392E+1	-2.62467166E+1	5.07928840E+1	-5.43038820E-1
1.63727458E+4	5.74361551E+1	9.88751641E-8	4.28209672E+1	-2.50167231E+1	4.95930611E+1	-5.28733273E-1
1.75559587E+4	5.56513272E+1	9.20567360E-8	4.21807708E+1	-2.38369131E+1	4.84501380E+1	-5.14372396E-1
1.88246790E+4	5.39740903E+1	8.55910883E-8	4.15643288E+1	-2.27113048E+1	4.73645102E+1	-5.00085392E-1
2.01850863E+4	5.23904541E+1	7.94504873E-8	4.09720354E+1	-2.16295131E+1	4.63308055E+1	-4.85724852E-1
2.16438064E+4	5.08996986E+1	7.36287041E-8	4.04046757E+1	-2.05924254E+1	4.53495955E+1	-4.71341355E-1
2.32079442E+4	4.94914223E+1	6.81246609E-8	3.98573466E+1	-1.95956288E+1	4.44139254E+1	-4.56940563E-1
2.48851178E+4	4.81656096E+1	6.29056692E-8	3.93369705E+1	-1.86357687E+1	4.35280273E+1	-4.42425442E-1
2.66834962E+4	4.69177942E+1	5.79977687E-8	3.88349267E+1	-1.77171540E+1	4.26854670E+1	-4.28011946E-1
2.86118383E+4	4.57394765E+1	5.33655591E-8	3.83541722E+1	-1.68302470E+1	4.18843617E+1	-4.13510607E-1
3.06795364E+4	4.46328258E+1	4.90049030E-8	3.78962208E+1	-1.59778551E+1	4.11268212E+1	-3.99005407E-1
3.28966612E+4	4.35928789E+1	4.49070833E-8	3.74596654E+1	-1.51574443E+1	4.04100811E+1	-3.84494582E-1
3.52740116E+4	4.26110707E+1	4.10569183E-8	3.70420136E+1	-1.43627665E+1	3.97290807E+1	-3.69895195E-1
3.78231664E+4	4.16883604E+1	3.74581297E-8	3.66420179E+1	-1.35980939E+1	3.90838285E+1	-3.55352897E-1
4.05565415E+4	4.08226713E+1	3.40951179E-8	3.62611434E+1	-1.28610339E+1	3.84743647E+1	-3.40836312E-1
4.34874501E+4	4.00111706E+1	3.09494262E-8	3.59009825E+1	-1.21474186E+1	3.79004001E+1	-3.26266767E-1
4.66301673E+4	3.92441208E+1	2.80232743E-8	3.55530103E+1	-1.14555698E+1	3.73530003E+1	-3.11707250E-1
5.00000000E+4	3.85288366E+1	2.53042814E-8	3.52243599E+1	-1.07887936E+1	3.68395657E+1	-2.97215438E-1
5.36133611E+4	3.78560164E+1	2.27737151E-8	3.49115128E+1	-1.01388888E+1	3.63539654E+1	-2.82641819E-1
5.74878498E+4	3.72281631E+1	2.04337639E-8	3.46147221E+1	-9.51123162E+0	3.58976673E+1	-2.68156249E-1
6.16423370E+4	3.66362772E+1	1.82679932E-8	3.43295787E+1	-8.89876247E+0	3.54641786E+1	-2.53633189E-1
6.60970574E+4	3.60835287E+1	1.62682605E-8	3.40592982E+1	-8.30324408E+0	3.50568062E+1	-2.39123471E-1
7.08737081E+4	3.55641830E+1	1.44274286E-8	3.37995880E+1	-7.72286067E+0	3.46706610E+1	-2.24633579E-1
7.59955541E+4	3.50787457E+1	1.27303912E-8	3.35531445E+1	-7.15462836E+0	3.43074660E+1	-2.10086355E-1
8.14875417E+4	3.46230975E+1	1.11748489E-8	3.33157039E+1	-6.59975263E+0	3.39631103E+1	-1.95565419E-1
8.73764200E+4	3.41959015E+1	9.74448345E-9	3.30885344E+1	-6.05319299E+0	3.36376613E+1	-1.80938519E-1
9.36908711E+4	3.37976370E+1	8.43188656E-9	3.28724932E+1	-5.51468720E+0	3.33318555E+1	-1.66212204E-1
1.00461650E+5	3.34231848E+1	7.23085902E-9	3.26630465E+1	-4.98281310E+0	3.30409298E+1	-1.51384851E-1
1.07721735E+5	3.30717454E+1	6.13336995E-9	3.24599211E+1	-4.45642858E+0	3.27644052E+1	-1.36437233E-1
1.15506485E+5	3.27467702E+1	5.12811138E-9	3.22674898E+1	-3.93257776E+0	3.25062467E+1	-1.21276211E-1
1.23853818E+5	3.24413601E+1	4.21146944E-9	3.20787320E+1	-3.41066577E+0	3.22595365E+1	-1.05923779E-1
1.32804389E+5	3.21562938E+1	3.37365392E-9	3.18949259E+1	-2.88722227E+0	3.20253432E+1	-9.02768891E-2
1.42401793E+5	3.18914294E+1	2.60863429E-9	3.17157017E+1	-2.36078704E+0	3.18034442E+1	-7.42988886E-2
1.52692775E+5	3.16489460E+1	1.90968970E-9	3.15428881E+1	-1.82903430E+0	3.15958725E+1	-5.79207747E-2
1.63727458E+5	3.14244392E+1	1.27626868E-9	3.13710377E+1	-1.29431473E+0	3.13977271E+1	-4.12348839E-2
1.75559587E+5	3.12217039E+1	6.95437378E-10	3.12038040E+1	-7.47354324E-1	3.12127527E+1	-2.39461669E-2
1.88246790E+5	3.10510806E+1	1.43311443E-10	3.10419145E+1	-1.63005779E-1	3.10464969E+1	-5.25654720E-3
2.01850863E+5	3.08800792E+1	-3.15303208E-10	3.08753708E+1	3.81267060E-1	3.08777249E+1	1.23479572E-2
2.16438064E+5	3.07408559E+1	-7.51759833E-10	3.07105233E+1	9.65152088E-1	3.07256859E+1	3.14170668E-2
2.32079442E+5	3.06283786E+1	-1.15013034E-9	3.05477746E+1	1.56915964E+0	3.05880500E+1	5.13222910E-2
2.48851178E+5	3.05425781E+1	-1.51147235E-9	3.03842706E+1	2.19317966E+0	3.04633215E+1	7.20564527E-2
2.66834962E+5	3.04880679E+1	-1.83958634E-9	3.02208546E+1	2.84170751E+0	3.03541672E+1	9.37556624E-2
2.86118383E+5	3.04605569E+1	-2.13556832E-9	3.00496028E+1	3.51411254E+0	3.02543821E+1	1.16414958E-1
3.06795364E+5	3.04735872E+1	-2.40276640E-9	2.98783569E+1	4.21716376E+0	3.01745044E+1	1.40218203E-1
3.28966612E+5	3.05242854E+1	-2.64014630E-9	2.97002002E+1	4.94725640E+0	3.01094235E+1	1.65057717E-1
3.52740116E+5	3.06219621E+1	-2.85757769E-9	2.95119417E+1	5.72352459E+0	3.00618289E+1	1.91561201E-1
3.78231664E+5	3.07731108E+1	-3.04415211E-9	2.93199429E+1	6.52737659E+0	3.00377403E+1	2.19053500E-1
4.05565415E+5	3.09820047E+1	-3.20951747E-9	2.91127690E+1	7.37689349E+0	3.00328477E+1	2.48166978E-1
4.34874501E+5	3.12652717E+1	-3.34820390E-9	2.89007394E+1	8.26659930E+0	3.00597649E+1	2.78595371E-1
4.66301673E+5	3.16255730E+1	-3.46483283E-9	2.86704864E+1	9.20455013E+0	3.01118010E+1	3.10651660E-1
5.00000000E+5	3.20794699E+1	-3.56139842E-9	2.84184972E+1	1.01999619E+1	3.01935475E+1	3.44599043E-1
