Start time:20240908_00-56-58	sweep/start:500.000	sweep/stop:500000.000	sweep/samplecount:100.000	sweep/xmapping:1.000	sweep/scan:0.000	sweep/averaging/sample:10.000	sweep/settling/time:0.100	sweep/settling/inaccuracy:0.010	sweep/awgcontrol:0.000	sweep/averaging/time:0.100	sweep/averaging/tc:15.000	sweep/bandwidthcontrol:2.000	sweep/sincfilter:0.000	sweep/omegasuppression:80.000	sweep/maxbandwidth:100.000	sweep/bandwidth:1250000.000	sweep/order:8.000	sweep/bandwidthoverlap:1.000																				
Frequency	Param0		Param1		RealZ		ImagZ		AbsZ		PhaseZ		
5.00000000E+2	1.14112151E+3	7.90105930E-7	1.26468785E+2	-3.58220416E+2	3.79889752E+2	-1.23140927E+0
5.36133611E+2	1.03321192E+3	7.75449457E-7	1.24718344E+2	-3.36609247E+2	3.58971383E+2	-1.21596462E+0
5.74878498E+2	9.37497243E+2	7.60075867E-7	1.22955429E+2	-3.16468494E+2	3.39514873E+2	-1.20022252E+0
6.16423370E+2	8.52649442E+2	7.43883714E-7	1.21203039E+2	-2.97747397E+2	3.21471135E+2	-1.18421289E+0
6.60970574E+2	7.77147551E+2	7.26979464E-7	1.19465109E+2	-2.80303567E+2	3.04699859E+2	-1.16791053E+0
7.08737081E+2	7.10011530E+2	7.09378579E-7	1.17735456E+2	-2.64067934E+2	2.89125431E+2	-1.15139648E+0
7.59955541E+2	6.50204066E+2	6.91295338E-7	1.15975099E+2	-2.48912121E+2	2.74604206E+2	-1.13477599E+0
8.14875417E+2	5.97144486E+2	6.72638826E-7	1.14192823E+2	-2.34839539E+2	2.61131406E+2	-1.11820188E+0
8.73764200E+2	5.49603289E+2	6.53486590E-7	1.12440545E+2	-2.21708843E+2	2.48591409E+2	-1.10144184E+0
9.36908711E+2	5.07236464E+2	6.34106286E-7	1.10627522E+2	-2.09465654E+2	2.36884592E+2	-1.08488973E+0
1.00461650E+3	4.69385937E+2	6.14391258E-7	1.08813350E+2	-1.98078537E+2	2.25998789E+2	-1.06845654E+0
1.07721735E+3	4.35435365E+2	5.94620196E-7	1.06957828E+2	-1.87438635E+2	2.15808293E+2	-1.05225354E+0
1.15506485E+3	4.04933409E+2	5.74793218E-7	1.05084655E+2	-1.77509157E+2	2.06282055E+2	-1.03628314E+0
1.23853818E+3	3.77506517E+2	5.54995638E-7	1.03191345E+2	-1.68246688E+2	1.97371231E+2	-1.02063036E+0
1.32804389E+3	3.52774002E+2	5.35364585E-7	1.01267853E+2	-1.59591623E+2	1.89009694E+2	-1.00536357E+0
1.42401793E+3	3.30369982E+2	5.15984694E-7	9.93206061E+1	-1.51485851E+2	1.81142337E+2	-9.90464518E-1
1.52692775E+3	3.10070324E+2	4.96898852E-7	9.73530641E+1	-1.43905094E+2	1.73742037E+2	-9.76010845E-1
1.63727458E+3	2.91575002E+2	4.78158486E-7	9.53775691E+1	-1.36794859E+2	1.66762449E+2	-9.61931408E-1
1.75559587E+3	2.74666508E+2	4.59861240E-7	9.33853587E+1	-1.30111509E+2	1.60155643E+2	-9.48267720E-1
1.88246790E+3	2.59188956E+2	4.42041480E-7	9.13786451E+1	-1.23831652E+2	1.53897157E+2	-9.35067205E-1
2.01850863E+3	2.44975068E+2	4.24698273E-7	8.93708193E+1	-1.17925734E+2	1.47964936E+2	-9.22285803E-1
2.16438064E+3	2.31817015E+2	4.07870473E-7	8.73680030E+1	-1.12339758E+2	1.42314403E+2	-9.09794006E-1
2.32079442E+3	2.19666298E+2	3.91539638E-7	8.53756902E+1	-1.07075455E+2	1.36945835E+2	-8.97678599E-1
2.48851178E+3	2.08379751E+2	3.75735198E-7	8.33953556E+1	-1.02093673E+2	1.31825276E+2	-8.85864291E-1
2.66834962E+3	1.97874978E+2	3.60432904E-7	8.14366766E+1	-9.73773487E+1	1.26942036E+2	-8.74309784E-1
2.86118383E+3	1.88052263E+2	3.45638818E-7	7.95019380E+1	-9.28975837E+1	1.22272316E+2	-8.62943530E-1
3.06795364E+3	1.78861351E+2	3.31307468E-7	7.76029552E+1	-8.86450824E+1	1.17814130E+2	-8.51720345E-1
3.28966612E+3	1.70245322E+2	3.17460819E-7	7.57338961E+1	-8.46033002E+1	1.13548851E+2	-8.40659041E-1
3.52740116E+3	1.62154385E+2	3.04018063E-7	7.39153967E+1	-8.07602602E+1	1.09479247E+2	-8.29622323E-1
3.78231664E+3	1.54543672E+2	2.91055667E-7	7.21258606E+1	-7.71002950E+1	1.05577437E+2	-8.18720695E-1
4.05565415E+3	1.47358360E+2	2.78488068E-7	7.03863566E+1	-7.36055618E+1	1.01843105E+2	-8.07751288E-1
4.34874501E+3	1.40593587E+2	2.66297941E-7	6.86983137E+1	-7.02786169E+1	9.82778833E+1	-7.96768647E-1
4.66301673E+3	1.34206285E+2	2.54473752E-7	6.70625542E+1	-6.71031297E+1	9.48694694E+1	-7.85700591E-1
5.00000000E+3	1.28195578E+2	2.43014805E-7	6.54767146E+1	-6.40829544E+1	9.16178216E+1	-7.74640910E-1
5.36133611E+3	1.22499676E+2	2.31906002E-7	6.39418558E+1	-6.11906499E+1	8.85034270E+1	-7.63415364E-1
5.74878498E+3	1.17132651E+2	2.21139706E-7	6.24577769E+1	-5.84368977E+1	8.55327126E+1	-7.52151061E-1
6.16423370E+3	1.12053130E+2	2.10694409E-7	6.10269152E+1	-5.58029789E+1	8.26937534E+1	-7.40713889E-1
6.60970574E+3	1.07259835E+2	2.00562690E-7	5.96492498E+1	-5.32910464E+1	7.99873031E+1	-7.29160494E-1
7.08737081E+3	1.02725746E+2	1.90755624E-7	5.83187400E+1	-5.08896907E+1	7.74004915E+1	-7.17476470E-1
7.59955541E+3	9.84424117E+1	1.81271038E-7	5.70338509E+1	-4.85972185E+1	7.49302997E+1	-7.05698491E-1
8.14875417E+3	9.43950177E+1	1.72081490E-7	5.57993913E+1	-4.64070300E+1	7.25753713E+1	-6.93759543E-1
8.73764200E+3	9.05707336E+1	1.63190461E-7	5.46121382E+1	-4.43145095E+1	7.03296624E+1	-6.81678128E-1
9.36908711E+3	8.69530496E+1	1.54605302E-7	5.34672561E+1	-4.23130413E+1	6.81846094E+1	-6.69464127E-1
1.00461650E+4	8.35344724E+1	1.46297664E-7	5.23704768E+1	-4.03989268E+1	6.61418184E+1	-6.57061105E-1
1.07721735E+4	8.03045186E+1	1.38279702E-7	5.13164256E+1	-3.85689681E+1	6.41945547E+1	-6.44518628E-1
1.15506485E+4	7.72492600E+1	1.30542844E-7	5.03045084E+1	-3.68163341E+1	6.23376775E+1	-6.31796238E-1
1.23853818E+4	7.43588114E+1	1.23097772E-7	4.93294384E+1	-3.51380834E+1	6.05646630E+1	-6.18943128E-1
1.32804389E+4	7.16229793E+1	1.15930209E-7	4.83924100E+1	-3.35288414E+1	5.88728169E+1	-6.05913405E-1
1.42401793E+4	6.90410787E+1	1.09025273E-7	4.74970543E+1	-3.19887118E+1	5.72647174E+1	-5.92710437E-1
1.52692775E+4	6.65969906E+1	1.02384685E-7	4.66387310E+1	-3.05094713E+1	5.57314912E+1	-5.79298281E-1
1.63727458E+4	6.42928625E+1	9.60094934E-8	4.58176489E+1	-2.90945153E+1	5.42747436E+1	-5.65762820E-1
1.75559587E+4	6.21044247E+1	8.99010490E-8	4.50260287E+1	-2.77303503E+1	5.28802005E+1	-5.52009705E-1
1.88246790E+4	6.00474439E+1	8.40350479E-8	4.42754169E+1	-2.64256133E+1	5.15618619E+1	-5.38097286E-1
2.01850863E+4	5.81051114E+1	7.84264005E-8	4.35563583E+1	-2.51732134E+1	5.03075248E+1	-5.24045292E-1
2.16438064E+4	5.62715122E+1	7.30562515E-8	4.28719126E+1	-2.39680295E+1	4.91168744E+1	-5.09773478E-1
2.32079442E+4	5.45414329E+1	6.79389174E-8	4.22160371E+1	-2.28107286E+1	4.79846136E+1	-4.95391245E-1
2.48851178E+4	5.29135723E+1	6.30541791E-8	4.15939643E+1	-2.16985557E+1	4.69135932E+1	-4.80837335E-1
2.66834962E+4	5.13767237E+1	5.84136882E-8	4.09975037E+1	-2.06281864E+1	4.58946338E+1	-4.66170121E-1
2.86118383E+4	4.99319935E+1	5.40055791E-8	4.04304368E+1	-1.95997978E+1	4.49307501E+1	-4.51396252E-1
3.06795364E+4	4.85742980E+1	4.98172343E-8	3.98939574E+1	-1.86089524E+1	4.40206880E+1	-4.36457786E-1
3.28966612E+4	4.73016698E+1	4.58609010E-8	3.93836364E+1	-1.76590182E+1	4.31614615E+1	-4.21509792E-1
3.52740116E+4	4.61020606E+1	4.21246407E-8	3.88961461E+1	-1.67416336E+1	4.23461035E+1	-4.06451476E-1
3.78231664E+4	4.49811025E+1	3.85953305E-8	3.84382279E+1	-1.58586408E+1	4.15811720E+1	-3.91299426E-1
4.05565415E+4	4.39283761E+1	3.52913415E-8	3.79981569E+1	-1.50112419E+1	4.08558114E+1	-3.76233460E-1
4.34874501E+4	4.29429097E+1	3.21838652E-8	3.75832055E+1	-1.41927744E+1	4.01737750E+1	-3.61079748E-1
4.66301673E+4	4.20191755E+1	2.92770443E-8	3.71880668E+1	-1.34037154E+1	3.95298862E+1	-3.45936682E-1
5.00000000E+4	4.11531596E+1	2.65621163E-8	3.68118648E+1	-1.26416436E+1	3.89220316E+1	-3.30793947E-1
5.36133611E+4	4.03418205E+1	2.40274469E-8	3.64550429E+1	-1.19034715E+1	3.83492216E+1	-3.15610307E-1
5.74878498E+4	3.95833921E+1	2.16753449E-8	3.61147860E+1	-1.11923170E+1	3.78093340E+1	-3.00523146E-1
6.16423370E+4	3.88741714E+1	1.94896777E-8	3.57921389E+1	-1.05029771E+1	3.73013370E+1	-2.85431025E-1
6.60970574E+4	3.82106788E+1	1.74675943E-8	3.54842429E+1	-9.83592907E+0	3.68222352E+1	-2.70402448E-1
7.08737081E+4	3.75877093E+1	1.55936937E-8	3.51902969E+1	-9.18507723E+0	3.63692542E+1	-2.55315411E-1
7.59955541E+4	3.70056072E+1	1.38660553E-8	3.49099223E+1	-8.55337265E+0	3.59424939E+1	-2.40279209E-1
8.14875417E+4	3.64560378E+1	1.22755194E-8	3.46375593E+1	-7.93647607E+0	3.55351681E+1	-2.25241176E-1
8.73764200E+4	3.59429973E+1	1.08084678E-8	3.43791297E+1	-7.33242132E+0	3.51523678E+1	-2.10132703E-1
9.36908711E+4	3.54621060E+1	9.45933586E-9	3.41311738E+1	-6.73990135E+0	3.47902760E+1	-1.94962207E-1
1.00461650E+5	3.50120977E+1	8.22194891E-9	3.38930292E+1	-6.15862062E+0	3.44480195E+1	-1.79746446E-1
1.07721735E+5	3.45870859E+1	7.08598602E-9	3.36608530E+1	-5.58370646E+0	3.41208267E+1	-1.64384453E-1
1.15506485E+5	3.41911325E+1	6.04397550E-9	3.34389933E+1	-5.01505404E+0	3.38129716E+1	-1.48866696E-1
1.23853818E+5	3.38193931E+1	5.09088866E-9	3.32229950E+1	-4.45130587E+0	3.35198677E+1	-1.33189483E-1
1.32804389E+5	3.34709099E+1	4.21538432E-9	3.30133037E+1	-3.88674447E+0	3.32413193E+1	-1.17193170E-1
1.42401793E+5	3.31427032E+1	3.41610670E-9	3.28060492E+1	-3.32329281E+0	3.29739465E+1	-1.00956823E-1
1.52692775E+5	3.28382305E+1	2.68229520E-9	3.26053897E+1	-2.75533272E+0	3.27216030E+1	-8.43051410E-2
1.63727458E+5	3.25566993E+1	2.01099200E-9	3.24096783E+1	-2.18286473E+0	3.24831056E+1	-6.72506809E-2
1.75559587E+5	3.22969162E+1	1.39852498E-9	3.22169406E+1	-1.60516624E+0	3.22569036E+1	-4.97825032E-2
1.88246790E+5	3.20985245E+1	8.31541547E-10	3.20564531E+1	-1.01078514E+0	3.20774765E+1	-3.15350255E-2
2.01850863E+5	3.18443672E+1	3.23787666E-10	3.18389224E+1	-4.16352983E-1	3.18416447E+1	-1.30761112E-2
2.16438064E+5	3.16524077E+1	-1.45326045E-10	3.16511689E+1	1.97994700E-1	3.16517883E+1	6.25544337E-3
2.32079442E+5	3.14854630E+1	-5.74024056E-10	3.14636089E+1	8.29211555E-1	3.14745341E+1	2.63485209E-2
2.48851178E+5	3.13480515E+1	-9.64126391E-10	3.12782003E+1	1.47810672E+0	3.13131064E+1	4.72216416E-2
2.66834962E+5	3.12362197E+1	-1.32045931E-9	3.10875544E+1	2.14977325E+0	3.11617984E+1	6.90422969E-2
2.86118383E+5	3.11626650E+1	-1.64627020E-9	3.08998317E+1	2.84982022E+0	3.10309701E+1	9.19675231E-2
3.06795364E+5	3.11200556E+1	-1.94064172E-9	3.07039313E+1	3.57444269E+0	3.09112932E+1	1.15894767E-1
3.28966612E+5	3.11185121E+1	-2.20786193E-9	3.05033441E+1	4.33181002E+0	3.08093927E+1	1.41067790E-1
3.52740116E+5	3.11594931E+1	-2.44693021E-9	3.02944102E+1	5.11928221E+0	3.07239070E+1	1.67402916E-1
3.78231664E+5	3.12641588E+1	-2.66074852E-9	3.00882455E+1	5.94819290E+0	3.06705670E+1	1.95174970E-1
4.05565415E+5	3.14218112E+1	-2.85202884E-9	2.98643898E+1	6.81992304E+0	3.06332044E+1	2.24513135E-1
4.34874501E+5	3.16419434E+1	-3.01692510E-9	2.96262690E+1	7.72766826E+0	3.06175231E+1	2.55153184E-1
4.66301673E+5	3.19459578E+1	-3.16106245E-9	2.93745918E+1	8.69095845E+0	3.06333065E+1	2.87660306E-1
5.00000000E+5	3.23426926E+1	-3.27894926E-9	2.91113420E+1	9.69891007E+0	3.06845103E+1	3.21599944E-1
