Start time:20240907_17-26-07	sweep/start:500.000	sweep/stop:500000.000	sweep/samplecount:100.000	sweep/xmapping:1.000	sweep/scan:0.000	sweep/averaging/sample:10.000	sweep/settling/time:0.100	sweep/settling/inaccuracy:0.010	sweep/awgcontrol:0.000	sweep/averaging/time:0.100	sweep/averaging/tc:15.000	sweep/bandwidthcontrol:2.000	sweep/sincfilter:0.000	sweep/omegasuppression:80.000	sweep/maxbandwidth:100.000	sweep/bandwidth:1250000.000	sweep/order:8.000	sweep/bandwidthoverlap:1.000																				
Frequency	Param0		Param1		RealZ		ImagZ		AbsZ		PhaseZ		
5.00000000E+2	1.11130488E+3	7.77444188E-7	1.32816256E+2	-3.60498494E+2	3.84186577E+2	-1.21780343E+0
5.36133611E+2	1.00842967E+3	7.62167502E-7	1.30906389E+2	-3.38929743E+2	3.63331609E+2	-1.20221272E+0
5.74878498E+2	9.16650242E+2	7.46046779E-7	1.29074673E+2	-3.18835426E+2	3.43971371E+2	-1.18613169E+0
6.16423370E+2	8.35215462E+2	7.29192254E-7	1.27238886E+2	-3.00136865E+2	3.25993672E+2	-1.16982706E+0
6.60970574E+2	7.62773408E+2	7.11798611E-7	1.25367943E+2	-2.82683912E+2	3.09236670E+2	-1.15336795E+0
7.08737081E+2	6.98329999E+2	6.93569082E-7	1.23556567E+2	-2.66490189E+2	2.93740103E+2	-1.13665419E+0
7.59955541E+2	6.40983106E+2	6.74978860E-7	1.21678216E+2	-2.51372401E+2	2.79273475E+2	-1.11998542E+0
8.14875417E+2	5.89873848E+2	6.55828767E-7	1.19814934E+2	-2.37318500E+2	2.65848999E+2	-1.10326050E+0
8.73764200E+2	5.44228753E+2	6.36346023E-7	1.17928281E+2	-2.24216138E+2	2.53337634E+2	-1.08659858E+0
9.36908711E+2	5.03423434E+2	6.16680330E-7	1.15997242E+2	-2.11991425E+2	2.41652076E+2	-1.07012158E+0
1.00461650E+3	4.66940540E+2	5.96777468E-7	1.14057223E+2	-2.00621256E+2	2.30776816E+2	-1.05384547E+0
1.07721735E+3	4.34186381E+2	5.76852279E-7	1.12084441E+2	-1.90006876E+2	2.20602664E+2	-1.03783880E+0
1.15506485E+3	4.04744331E+2	5.56961656E-7	1.10086376E+2	-1.80105036E+2	2.11084900E+2	-1.02215724E+0
1.23853818E+3	3.78246098E+2	5.37236193E-7	1.08049350E+2	-1.70864218E+2	2.02161430E+2	-1.00691501E+0
1.32804389E+3	3.54214174E+2	5.17707124E-7	1.06006152E+2	-1.62208433E+2	1.93775335E+2	-9.91951874E-1
1.42401793E+3	3.32509894E+2	4.98548137E-7	1.03910771E+2	-1.54123036E+2	1.85879958E+2	-9.77591904E-1
1.52692775E+3	3.12750707E+2	4.79723205E-7	1.01809241E+2	-1.46546204E+2	1.78440219E+2	-9.63619738E-1
1.63727458E+3	2.94721184E+2	4.61344975E-7	9.96862630E+1	-1.39435655E+2	1.71404939E+2	-9.50122581E-1
1.75559587E+3	2.78235018E+2	4.43453373E-7	9.75451182E+1	-1.32760750E+2	1.64743641E+2	-9.37130994E-1
1.88246790E+3	2.63036240E+2	4.26077019E-7	9.53996148E+1	-1.26461334E+2	1.58409456E+2	-9.24499350E-1
2.01850863E+3	2.49070425E+2	4.09219372E-7	9.32497171E+1	-1.20541431E+2	1.52399955E+2	-9.12367393E-1
2.16438064E+3	2.36137603E+2	3.92882819E-7	9.11101587E+1	-1.14949872E+2	1.46678336E+2	-9.00579141E-1
2.32079442E+3	2.24139264E+2	3.77136547E-7	8.89660659E+1	-1.09662333E+2	1.41211856E+2	-8.89219435E-1
2.48851178E+3	2.12948307E+2	3.61871744E-7	8.68550404E+1	-1.04651018E+2	1.35998653E+2	-8.78058504E-1
2.66834962E+3	2.02509704E+2	3.47172014E-7	8.47534841E+1	-9.99011996E+1	1.31009171E+2	-8.67247558E-1
2.86118383E+3	1.92722091E+2	3.32962899E-7	8.26856989E+1	-9.53857206E+1	1.26235338E+2	-8.56597430E-1
3.06795364E+3	1.83541452E+2	3.19218994E-7	8.06574776E+1	-9.10953442E+1	1.21671650E+2	-8.46096118E-1
3.28966612E+3	1.74914172E+2	3.05959126E-7	7.86625332E+1	-8.70137780E+1	1.17299581E+2	-8.35762529E-1
3.52740116E+3	1.66780939E+2	2.93146774E-7	7.67100188E+1	-8.31224504E+1	1.13109543E+2	-8.25496363E-1
3.78231664E+3	1.59104965E+2	2.80754160E-7	7.48051279E+1	-7.94107044E+1	1.09095679E+2	-8.15253776E-1
4.05565415E+3	1.51863418E+2	2.68746627E-7	7.29545047E+1	-7.58733190E+1	1.05257401E+2	-8.05007671E-1
4.34874501E+3	1.45005768E+2	2.57139354E-7	7.11511880E+1	-7.24902825E+1	1.01574272E+2	-7.94720371E-1
4.66301673E+3	1.38527103E+2	2.45877466E-7	6.94070368E+1	-6.92634020E+1	9.80548605E+1	-7.84362367E-1
5.00000000E+3	1.32409628E+2	2.34966745E-7	6.77174121E+1	-6.61875321E+1	9.46912737E+1	-7.73973541E-1
5.36133611E+3	1.26610467E+2	2.24390474E-7	6.60836466E+1	-6.32442324E+1	9.14706583E+1	-7.63446530E-1
5.74878498E+3	1.21119172E+2	2.14138862E-7	6.45052184E+1	-6.04309140E+1	8.83901499E+1	-7.52798618E-1
6.16423370E+3	1.15921573E+2	2.04199388E-7	6.29825734E+1	-5.77428296E+1	8.54461172E+1	-7.42023221E-1
6.60970574E+3	1.11000487E+2	1.94578188E-7	6.15108799E+1	-5.51738092E+1	8.26301252E+1	-7.31142104E-1
7.08737081E+3	1.06346466E+2	1.85231396E-7	6.00999219E+1	-5.27201443E+1	7.99463211E+1	-7.20079294E-1
7.59955541E+3	1.01930145E+2	1.76196979E-7	5.87349802E+1	-5.03693072E+1	7.73748346E+1	-7.08871967E-1
8.14875417E+3	9.77518630E+1	1.67450718E-7	5.74210260E+1	-4.81231545E+1	7.49200390E+1	-6.97530405E-1
8.73764200E+3	9.37997985E+1	1.58979335E-7	5.61593147E+1	-4.59767739E+1	7.25791457E+1	-6.86030691E-1
9.36908711E+3	9.00482890E+1	1.50786475E-7	5.49444887E+1	-4.39176540E+1	7.03395848E+1	-6.74319788E-1
1.00461650E+4	8.65033517E+1	1.42861831E-7	5.37789849E+1	-4.19509616E+1	6.82060293E+1	-6.62465060E-1
1.07721735E+4	8.31435365E+1	1.35197636E-7	5.26610181E+1	-4.00654519E+1	6.61696552E+1	-6.50388772E-1
1.15506485E+4	7.99617041E+1	1.27804935E-7	5.15852827E+1	-3.82597135E+1	6.42249725E+1	-6.38154272E-1
1.23853818E+4	7.69473677E+1	1.20664828E-7	5.05544718E+1	-3.65277824E+1	6.23701333E+1	-6.25695858E-1
1.32804389E+4	7.40928536E+1	1.13789456E-7	4.95628521E+1	-3.48679912E+1	6.05991183E+1	-6.13078180E-1
1.42401793E+4	7.13928809E+1	1.07157192E-7	4.86149963E+1	-3.32768199E+1	5.89131958E+1	-6.00245324E-1
1.52692775E+4	6.88307356E+1	1.00780735E-7	4.77026856E+1	-3.17468845E+1	5.73010552E+1	-5.87205333E-1
1.63727458E+4	6.64152178E+1	9.46394859E-8	4.68338639E+1	-3.02831706E+1	5.57716887E+1	-5.73987286E-1
1.75559587E+4	6.41204376E+1	8.87298445E-8	4.60020836E+1	-2.88700882E+1	5.43108987E+1	-5.60454012E-1
1.88246790E+4	6.19599520E+1	8.30650567E-8	4.52073345E+1	-2.75198321E+1	5.29248927E+1	-5.46826353E-1
2.01850863E+4	5.99203509E+1	7.76217031E-8	4.44524417E+1	-2.62218670E+1	5.16101337E+1	-5.32949444E-1
2.16438064E+4	5.79923800E+1	7.24202335E-8	4.37281128E+1	-2.49749767E+1	5.03576938E+1	-5.18930314E-1
2.32079442E+4	5.61718514E+1	6.74366496E-8	4.30397954E+1	-2.37739555E+1	4.91693500E+1	-5.04662108E-1
2.48851178E+4	5.44547273E+1	6.26857629E-8	4.23814749E+1	-2.26203926E+1	4.80403127E+1	-4.90268444E-1
2.66834962E+4	5.28368375E+1	5.81443425E-8	4.17584178E+1	-2.15085390E+1	4.69721485E+1	-4.75631378E-1
2.86118383E+4	5.13129375E+1	5.38383150E-8	4.11605326E+1	-2.04420738E+1	4.59572392E+1	-4.60958080E-1
3.06795364E+4	4.98835748E+1	4.97357750E-8	4.05978940E+1	-1.94159488E+1	4.50018675E+1	-4.46096823E-1
3.28966612E+4	4.85431999E+1	4.58471471E-8	4.00648980E+1	-1.84304716E+1	4.41007749E+1	-4.31151482E-1
3.52740116E+4	4.72791571E+1	4.21752121E-8	3.95539026E+1	-1.74803876E+1	4.32443658E+1	-4.16129690E-1
3.78231664E+4	4.60909058E+1	3.87083759E-8	3.90677224E+1	-1.65644125E+1	4.24342634E+1	-4.01016784E-1
4.05565415E+4	4.49846730E+1	3.54404133E-8	3.86118875E+1	-1.56864677E+1	4.16766497E+1	-3.85891303E-1
4.34874501E+4	4.39448535E+1	3.23690011E-8	3.81775784E+1	-1.48384830E+1	4.09598350E+1	-3.70701223E-1
4.66301673E+4	4.29687118E+1	2.94943450E-8	3.77623443E+1	-1.40215774E+1	4.02815006E+1	-3.55532647E-1
5.00000000E+4	4.20543171E+1	2.68024596E-8	3.73685904E+1	-1.32324974E+1	3.96422823E+1	-3.40329350E-1
5.36133611E+4	4.12005672E+1	2.42906837E-8	3.69957811E+1	-1.24723427E+1	3.90416081E+1	-3.25162562E-1
5.74878498E+4	4.03991281E+1	2.19539804E-8	3.66388162E+1	-1.17376899E+1	3.84730585E+1	-3.10031419E-1
6.16423370E+4	3.96497447E+1	1.97784281E-8	3.63008670E+1	-1.10257497E+1	3.79383725E+1	-2.94877493E-1
6.60970574E+4	3.89451674E+1	1.77641295E-8	3.59753859E+1	-1.03362965E+1	3.74308352E+1	-2.79779669E-1
7.08737081E+4	3.82861496E+1	1.58946502E-8	3.56668782E+1	-9.66546560E+0	3.69533143E+1	-2.64636907E-1
7.59955541E+4	3.76691055E+1	1.41665706E-8	3.53724226E+1	-9.01328058E+0	3.65027056E+1	-2.49501465E-1
8.14875417E+4	3.70895537E+1	1.25756031E-8	3.50884602E+1	-8.37945602E+0	3.60751345E+1	-2.34418971E-1
8.73764200E+4	3.65458848E+1	1.11024625E-8	3.48181786E+1	-7.75600269E+0	3.56715733E+1	-2.19178766E-1
9.36908711E+4	3.60355535E+1	9.75299225E-9	3.45563747E+1	-7.14947899E+0	3.52882146E+1	-2.04014766E-1
1.00461650E+5	3.55573797E+1	8.50971139E-9	3.43059151E+1	-6.55229978E+0	3.49260426E+1	-1.88723272E-1
1.07721735E+5	3.51044914E+1	7.36557476E-9	3.40612945E+1	-5.96092537E+0	3.45789592E+1	-1.73251329E-1
1.15506485E+5	3.46836514E+1	6.31536470E-9	3.38287711E+1	-5.37768938E+0	3.42535444E+1	-1.57648780E-1
1.23853818E+5	3.42871352E+1	5.35407967E-9	3.36013819E+1	-4.80023396E+0	3.39425268E+1	-1.41898125E-1
1.32804389E+5	3.39135607E+1	4.47168349E-9	3.33790537E+1	-4.22387230E+0	3.36452457E+1	-1.25873557E-1
1.42401793E+5	3.35660473E+1	3.65902739E-9	3.31655406E+1	-3.64458656E+0	3.33651930E+1	-1.09451594E-1
1.52692775E+5	3.32405636E+1	2.91697985E-9	3.29553784E+1	-3.06567750E+0	3.30976638E+1	-9.27581523E-2
1.63727458E+5	3.29365284E+1	2.23786917E-9	3.27482432E+1	-2.48314401E+0	3.28422509E+1	-7.56804394E-2
1.75559587E+5	3.26572724E+1	1.61423744E-9	3.25472149E+1	-1.89262928E+0	3.26021972E+1	-5.80848578E-2
1.88246790E+5	3.24079740E+1	1.04492937E-9	3.23469787E+1	-1.29546458E+0	3.23774545E+1	-4.00244701E-2
2.01850863E+5	3.21667645E+1	5.21697381E-10	3.21522001E+1	-6.84301169E-1	3.21594815E+1	-2.12799688E-2
2.16438064E+5	3.19573429E+1	4.14854900E-11	3.19572385E+1	-5.76168806E-2	3.19572907E+1	-1.80293460E-3
2.32079442E+5	3.17726752E+1	-3.94753095E-10	3.17620506E+1	5.80904158E-1	3.17673624E+1	1.82872115E-2
2.48851178E+5	3.16166681E+1	-7.96173736E-10	3.15677650E+1	1.24247408E+0	3.15922071E+1	3.93386450E-2
2.66834962E+5	3.14876814E+1	-1.15919032E-9	3.13702015E+1	1.91970904E+0	3.14288866E+1	6.11190779E-2
2.86118383E+5	3.13950128E+1	-1.49368691E-9	3.11734595E+1	2.62803281E+0	3.12840400E+1	8.41046718E-2
3.06795364E+5	3.13348475E+1	-1.79736059E-9	3.09698228E+1	3.36225139E+0	3.11518005E+1	1.08141863E-1
3.28966612E+5	3.13177826E+1	-2.07167137E-9	3.07645105E+1	4.12566267E+0	3.10399138E+1	1.33309227E-1
3.52740116E+5	3.13422932E+1	-2.31825727E-9	3.05500347E+1	4.91970169E+0	3.09436285E+1	1.59666721E-1
3.78231664E+5	3.14211904E+1	-2.54256649E-9	3.03279619E+1	5.75805731E+0	3.08697369E+1	1.87626493E-1
4.05565415E+5	3.15608987E+1	-2.74222707E-9	3.00969997E+1	6.63768635E+0	3.08202589E+1	2.17068296E-1
4.34874501E+5	3.17696140E+1	-2.91397460E-9	2.98590591E+1	7.55296799E+0	3.07995256E+1	2.47756937E-1
4.66301673E+5	3.20527147E+1	-3.06524457E-9	2.96000082E+1	8.52056788E+0	3.08019580E+1	2.80279498E-1
NaN	NaN	NaN	NaN	NaN	NaN	NaN
