Start time:20240905_02-12-44	sweep/start:500.000	sweep/stop:500000.000	sweep/samplecount:100.000	sweep/xmapping:1.000	sweep/scan:0.000	sweep/averaging/sample:10.000	sweep/settling/time:0.100	sweep/settling/inaccuracy:0.010	sweep/awgcontrol:0.000	sweep/averaging/time:0.100	sweep/averaging/tc:15.000	sweep/bandwidthcontrol:2.000	sweep/sincfilter:0.000	sweep/omegasuppression:80.000	sweep/maxbandwidth:100.000	sweep/bandwidth:1250000.000	sweep/order:8.000	sweep/bandwidthoverlap:1.000																				
Frequency	Param0		Param1		RealZ		ImagZ		AbsZ		PhaseZ		
5.00000000E+2	1.26685087E+3	7.28822245E-7	1.34573327E+2	-3.90351539E+2	4.12897454E+2	-1.23880703E+0
5.36133611E+2	1.14532623E+3	7.16537203E-7	1.32520891E+2	-3.66357530E+2	3.89589052E+2	-1.22371398E+0
5.74878498E+2	1.03648918E+3	7.03467689E-7	1.30600595E+2	-3.43961574E+2	3.67921299E+2	-1.20791560E+0
6.16423370E+2	9.39634336E+2	6.89631696E-7	1.28735073E+2	-3.23096181E+2	3.47798600E+2	-1.19163383E+0
6.60970574E+2	8.53104087E+2	6.75080222E-7	1.26939384E+2	-3.03609751E+2	3.29078245E+2	-1.17478410E+0
7.08737081E+2	7.75977258E+2	6.59784069E-7	1.25199129E+2	-2.85441484E+2	3.11691618E+2	-1.15744976E+0
7.59955541E+2	7.07324437E+2	6.43803765E-7	1.23484720E+2	-2.68505638E+2	2.95539768E+2	-1.13974327E+0
8.14875417E+2	6.46005938E+2	6.27142782E-7	1.21824270E+2	-2.52701486E+2	2.80533769E+2	-1.12158100E+0
8.73764200E+2	5.91504193E+2	6.09734383E-7	1.20211383E+2	-2.38022587E+2	2.66656202E+2	-1.10312333E+0
9.36908711E+2	5.42873430E+2	5.91842277E-7	1.18599519E+2	-2.24318248E+2	2.53741056E+2	-1.08444463E+0
1.00461650E+3	4.99460537E+2	5.73408528E-7	1.17022649E+2	-2.11551156E+2	2.41760610E+2	-1.06552659E+0
1.07721735E+3	4.60793099E+2	5.54481774E-7	1.15470714E+2	-1.99686298E+2	2.30668820E+2	-1.04651509E+0
1.15506485E+3	4.26269383E+2	5.35264955E-7	1.13912756E+2	-1.88630328E+2	2.20357704E+2	-1.02751838E+0
1.23853818E+3	3.95437799E+2	5.15790796E-7	1.12362226E+2	-1.78345168E+2	2.10789633E+2	-1.00859044E+0
1.32804389E+3	3.67927584E+2	4.96127527E-7	1.10820144E+2	-1.68797755E+2	2.01925201E+2	-9.89846958E-1
1.42401793E+3	3.43307282E+2	4.76470356E-7	1.09262394E+2	-1.59913425E+2	1.93676469E+2	-9.71394060E-1
1.52692775E+3	3.21235008E+2	4.56918004E-7	1.07689186E+2	-1.51646215E+2	1.85993375E+2	-9.53301121E-1
1.63727458E+3	3.01441068E+2	4.37526574E-7	1.06109767E+2	-1.43967209E+2	1.78845857E+2	-9.35640558E-1
1.75559587E+3	2.83639965E+2	4.18448838E-7	1.04507262E+2	-1.36823491E+2	1.72169788E+2	-9.18514733E-1
1.88246790E+3	2.67603275E+2	3.99771627E-7	1.02880340E+2	-1.30179687E+2	1.65925030E+2	-9.02001219E-1
2.01850863E+3	2.53165108E+2	3.81565799E-7	1.01227393E+2	-1.24017170E+2	1.60085114E+2	-8.86232937E-1
2.16438064E+3	2.40053633E+2	3.63953391E-7	9.95380816E+1	-1.18265160E+2	1.54578387E+2	-8.71168846E-1
2.32079442E+3	2.28168769E+2	3.46965279E-7	9.78150799E+1	-1.12918361E+2	1.49393260E+2	-8.56945897E-1
2.48851178E+3	2.17317828E+2	3.30644378E-7	9.60618594E+1	-1.07926242E+2	1.44485136E+2	-8.43494840E-1
2.66834962E+3	2.07401777E+2	3.15038847E-7	9.42715083E+1	-1.03271296E+2	1.39828746E+2	-8.30925356E-1
2.86118383E+3	1.98282610E+2	3.00187855E-7	9.24393014E+1	-9.89145144E+1	1.35385028E+2	-8.19224209E-1
3.06795364E+3	1.89865624E+2	2.86033202E-7	9.05877604E+1	-9.48333227E+1	1.31146870E+2	-8.08291032E-1
3.28966612E+3	1.82052926E+2	2.72641908E-7	8.86958509E+1	-9.09966212E+1	1.27072181E+2	-7.98201396E-1
3.52740116E+3	1.74770389E+2	2.59953548E-7	8.67819061E+1	-8.73831115E+1	1.23153999E+2	-7.88850080E-1
3.78231664E+3	1.67937805E+2	2.47973826E-7	8.48404599E+1	-8.39643784E+1	1.19364654E+2	-7.80208302E-1
4.05565415E+3	1.61492081E+2	2.36660852E-7	8.28802488E+1	-8.07178302E+1	1.15691416E+2	-7.72181061E-1
4.34874501E+3	1.55389602E+2	2.25984204E-7	8.09053069E+1	-7.76284397E+1	1.12124232E+2	-7.64731266E-1
4.66301673E+3	1.49590335E+2	2.15868462E-7	7.89346733E+1	-7.46805290E+1	1.08663996E+2	-7.57711729E-1
5.00000000E+3	1.44067910E+2	2.06290467E-7	7.69695810E+1	-7.18646653E+1	1.05303592E+2	-7.51112267E-1
5.36133611E+3	1.38762105E+2	1.97225866E-7	7.50100044E+1	-6.91523339E+1	1.02022282E+2	-7.44788042E-1
5.74878498E+3	1.33660169E+2	1.88627443E-7	7.30652273E+1	-6.65385840E+1	9.88226221E+1	-7.38680997E-1
6.16423370E+3	1.28740538E+2	1.80443132E-7	7.11461120E+1	-6.40126506E+1	9.57046954E+1	-7.32668701E-1
6.60970574E+3	1.23990761E+2	1.72633278E-7	6.92598117E+1	-6.15682968E+1	9.26691789E+1	-7.26674761E-1
7.08737081E+3	1.19403496E+2	1.65143781E-7	6.74191994E+1	-5.92008410E+1	8.97222830E+1	-7.20583409E-1
7.59955541E+3	1.14954706E+2	1.57988668E-7	6.56118829E+1	-5.68988179E+1	8.68469613E+1	-7.14396869E-1
8.14875417E+3	1.10658306E+2	1.51099494E-7	6.38578233E+1	-5.46678787E+1	8.40618735E+1	-7.08017522E-1
8.73764200E+3	1.06501851E+2	1.44463343E-7	6.21555276E+1	-5.25011343E+1	8.13614081E+1	-7.01393685E-1
9.36908711E+3	1.02474115E+2	1.38048722E-7	6.05101991E+1	-5.03909205E+1	7.87447084E+1	-6.94404184E-1
1.00461650E+4	9.85853975E+1	1.31842762E-7	5.89227811E+1	-4.83428550E+1	7.62163092E+1	-6.87083209E-1
1.07721735E+4	9.48330327E+1	1.25818756E-7	5.73982602E+1	-4.63539726E+1	7.37783916E+1	-6.79348845E-1
1.15506485E+4	9.12108773E+1	1.19964131E-7	5.59362762E+1	-4.44199257E+1	7.14282634E+1	-6.71143196E-1
1.23853818E+4	8.77223546E+1	1.14284249E-7	5.45314589E+1	-4.25434830E+1	6.91637764E+1	-6.62528272E-1
1.32804389E+4	8.43704588E+1	1.08756882E-7	5.31888052E+1	-4.07248681E+1	6.69892819E+1	-6.53452288E-1
1.42401793E+4	8.11525846E+1	1.03372888E-7	5.19081073E+1	-3.89618460E+1	6.49035982E+1	-6.43880322E-1
1.52692775E+4	7.80629957E+1	9.81260920E-8	5.06877034E+1	-3.72503780E+1	6.29033700E+1	-6.33766664E-1
1.63727458E+4	7.51121021E+1	9.30204681E-8	4.95256590E+1	-3.55975479E+1	6.09916088E+1	-6.23212385E-1
1.75559587E+4	7.22896990E+1	8.80465053E-8	4.84213333E+1	-3.39961471E+1	5.91638706E+1	-6.12127449E-1
1.88246790E+4	6.95970929E+1	8.32138239E-8	4.73696935E+1	-3.24484981E+1	5.74177058E+1	-6.00591454E-1
2.01850863E+4	6.70341451E+1	7.85050976E-8	4.63756449E+1	-3.09524028E+1	5.57561808E+1	-5.88529479E-1
2.16438064E+4	6.45960566E+1	7.39299673E-8	4.54334131E+1	-2.95063430E+1	5.41739727E+1	-5.75982489E-1
2.32079442E+4	6.22801100E+1	6.94992496E-8	4.45374885E+1	-2.81107052E+1	5.26668745E+1	-5.63023529E-1
2.48851178E+4	6.00868434E+1	6.52024562E-8	4.36914370E+1	-2.67645068E+1	5.12374914E+1	-5.49618287E-1
2.66834962E+4	5.80078626E+1	6.10397581E-8	4.28923114E+1	-2.54625394E+1	4.98807709E+1	-5.35729002E-1
2.86118383E+4	5.60442669E+1	5.70308554E-8	4.21332619E+1	-2.42098327E+1	4.85934951E+1	-5.21534696E-1
3.06795364E+4	5.41885955E+1	5.31568409E-8	4.14186872E+1	-2.29981045E+1	4.73753151E+1	-5.06871968E-1
3.28966612E+4	5.24414342E+1	4.94345309E-8	4.07430291E+1	-2.18318219E+1	4.62236182E+1	-4.91908324E-1
3.52740116E+4	5.07976227E+1	4.58621673E-8	4.01053957E+1	-2.07078726E+1	4.51360029E+1	-4.76631093E-1
3.78231664E+4	4.92519512E+1	4.24366414E-8	3.95052218E+1	-1.96226064E+1	4.41101944E+1	-4.61011493E-1
4.05565415E+4	4.77985076E+1	3.91682655E-8	3.89364380E+1	-1.85757210E+1	4.31405102E+1	-4.45142492E-1
4.34874501E+4	4.64366966E+1	3.60503744E-8	3.84017829E+1	-1.75657336E+1	4.22285678E+1	-4.29007027E-1
4.66301673E+4	4.51605822E+1	3.30887257E-8	3.78966236E+1	-1.65915488E+1	4.13694764E+1	-4.12671231E-1
5.00000000E+4	4.39655547E+1	3.02832494E-8	3.74188820E+1	-1.56514907E+1	4.05603489E+1	-3.96163203E-1
5.36133611E+4	4.28498300E+1	2.76270590E-8	3.69704905E+1	-1.47432038E+1	3.98017491E+1	-3.79456816E-1
5.74878498E+4	4.18073892E+1	2.51246996E-8	3.65464326E+1	-1.38661165E+1	3.90885013E+1	-3.62632181E-1
6.16423370E+4	4.08339551E+1	2.27674616E-8	3.61472720E+1	-1.30157904E+1	3.84192150E+1	-3.45623478E-1
6.60970574E+4	3.99241129E+1	2.05593586E-8	3.57678198E+1	-1.21926835E+1	3.77888671E+1	-3.28530842E-1
7.08737081E+4	3.90767045E+1	1.84915155E-8	3.54102985E+1	-1.13942317E+1	3.71983571E+1	-3.11314358E-1
7.59955541E+4	3.82901645E+1	1.65583857E-8	3.50753996E+1	-1.06188114E+1	3.66475486E+1	-2.93970874E-1
8.14875417E+4	3.75529837E+1	1.47634467E-8	3.47527410E+1	-9.86489246E+0	3.61257404E+1	-2.76583932E-1
8.73764200E+4	3.68703331E+1	1.30925047E-8	3.44507187E+1	-9.13003003E+0	3.56399982E+1	-2.59061719E-1
9.36908711E+4	3.62356938E+1	1.15423143E-8	3.41646456E+1	-8.41169553E+0	3.51849348E+1	-2.41408935E-1
1.00461650E+5	3.56439407E+1	1.01072132E-8	3.38913383E+1	-7.70701198E+0	3.47565944E+1	-2.23601031E-1
1.07721735E+5	3.50967766E+1	8.78415681E-9	3.36323801E+1	-7.01791513E+0	3.43567771E+1	-2.05713654E-1
1.15506485E+5	3.45900757E+1	7.56400256E-9	3.33862957E+1	-6.33953856E+0	3.39828559E+1	-1.87650426E-1
1.23853818E+5	3.41199107E+1	6.43993902E-9	3.31506296E+1	-5.66853315E+0	3.36317785E+1	-1.69355327E-1
1.32804389E+5	3.36869112E+1	5.41998585E-9	3.29227212E+1	-5.01587858E+0	3.33026243E+1	-1.51190512E-1
1.42401793E+5	3.32866988E+1	4.46320809E-9	3.27087486E+1	-4.34787576E+0	3.29964583E+1	-1.32152272E-1
1.52692775E+5	3.29202957E+1	3.59709847E-9	3.25008041E+1	-3.69239782E+0	3.27098774E+1	-1.13124395E-1
1.63727458E+5	3.25840389E+1	2.80403020E-9	3.22986984E+1	-3.03580591E+0	3.24410549E+1	-9.37162581E-2
1.75559587E+5	3.22793649E+1	2.08052088E-9	3.21031870E+1	-2.37820677E+0	3.21911554E+1	-7.39450154E-2
1.88246790E+5	3.20473717E+1	1.41334025E-9	3.19513027E+1	-1.71185711E+0	3.19992949E+1	-5.35205322E-2
2.01850863E+5	3.17629403E+1	8.17789914E-10	3.17285052E+1	-1.04525598E+0	3.17457181E+1	-3.29318363E-2
2.16438064E+5	3.15490399E+1	2.69997185E-10	3.15448066E+1	-3.65415399E-1	3.15469232E+1	-1.15834921E-2
2.32079442E+5	3.13699525E+1	-2.27647563E-10	3.13665508E+1	3.26632940E-1	3.13682516E+1	1.04130418E-2
2.48851178E+5	3.12229894E+1	-6.80139281E-10	3.11886033E+1	1.03558968E+0	3.12057916E+1	3.31919154E-2
2.66834962E+5	3.11077854E+1	-1.08647320E-9	3.10082198E+1	1.75706311E+0	3.10579627E+1	5.66039099E-2
2.86118383E+5	3.10330733E+1	-1.45817983E-9	3.08290478E+1	2.50796516E+0	3.09308923E+1	8.11719787E-2
3.06795364E+5	3.09948789E+1	-1.78943357E-9	3.06445931E+1	3.27633301E+0	3.08192383E+1	1.06509311E-1
3.28966612E+5	3.10033604E+1	-2.08783437E-9	3.04581332E+1	4.07511479E+0	3.07295375E+1	1.33004086E-1
3.52740116E+5	3.10555197E+1	-2.35513465E-9	3.02603620E+1	4.90527377E+0	3.06553628E+1	1.60704415E-1
3.78231664E+5	3.11694567E+1	-2.58983701E-9	3.00630549E+1	5.76729774E+0	3.06112575E+1	1.89537300E-1
4.05565415E+5	3.13379967E+1	-2.79608517E-9	2.98497792E+1	6.66505181E+0	3.05848374E+1	2.19682877E-1
4.34874501E+5	3.15830564E+1	-2.97636492E-9	2.96283736E+1	7.61012740E+0	3.05901061E+1	2.51417783E-1
4.66301673E+5	3.19076811E+1	-3.12889733E-9	2.93928499E+1	8.59755690E+0	3.06244620E+1	2.84566589E-1
NaN	NaN	NaN	NaN	NaN	NaN	NaN
