Start time:20240908_03-07-07	sweep/start:500.000	sweep/stop:500000.000	sweep/samplecount:100.000	sweep/xmapping:1.000	sweep/scan:0.000	sweep/averaging/sample:10.000	sweep/settling/time:0.100	sweep/settling/inaccuracy:0.010	sweep/awgcontrol:0.000	sweep/averaging/time:0.100	sweep/averaging/tc:15.000	sweep/bandwidthcontrol:2.000	sweep/sincfilter:0.000	sweep/omegasuppression:80.000	sweep/maxbandwidth:100.000	sweep/bandwidth:1250000.000	sweep/order:8.000	sweep/bandwidthoverlap:1.000																				
Frequency	Param0		Param1		RealZ		ImagZ		AbsZ		PhaseZ		
5.00000000E+2	1.14904889E+3	7.93134560E-7	1.24933385E+2	-3.57695662E+2	3.78885920E+2	-1.23476944E+0
5.36133611E+2	1.04038475E+3	7.78691852E-7	1.23155286E+2	-3.36097649E+2	3.57950915E+2	-1.21956272E+0
5.74878498E+2	9.43769589E+2	7.63453727E-7	1.21409537E+2	-3.15978368E+2	3.38500529E+2	-1.20395502E+0
6.16423370E+2	8.57896101E+2	7.47450660E-7	1.19682283E+2	-2.97239117E+2	3.20429313E+2	-1.18801059E+0
6.60970574E+2	7.81591561E+2	7.30689154E-7	1.17969983E+2	-2.79798879E+2	3.03651662E+2	-1.17178847E+0
7.08737081E+2	7.13619740E+2	7.13294414E-7	1.16260955E+2	-2.63532720E+2	2.88038375E+2	-1.15531529E+0
7.59955541E+2	6.53286503E+2	6.95320532E-7	1.14521243E+2	-2.48394961E+2	2.73523625E+2	-1.13879547E+0
8.14875417E+2	5.99636159E+2	6.76770504E-7	1.12773247E+2	-2.34318379E+2	2.60044054E+2	-1.12223483E+0
8.73764200E+2	5.51632260E+2	6.57816331E-7	1.11019704E+2	-2.21171122E+2	2.47471295E+2	-1.10557960E+0
9.36908711E+2	5.08879954E+2	6.38496825E-7	1.09236992E+2	-2.08939682E+2	2.35772162E+2	-1.08906303E+0
1.00461650E+3	4.70550286E+2	6.18923552E-7	1.07444988E+2	-1.97519215E+2	2.24851655E+2	-1.07259266E+0
1.07721735E+3	4.36268328E+2	5.99219869E-7	1.05615206E+2	-1.86874273E+2	2.14654528E+2	-1.05638306E+0
1.15506485E+3	4.05506277E+2	5.79440722E-7	1.03764678E+2	-1.76946651E+2	2.05127342E+2	-1.04042355E+0
1.23853818E+3	3.77822096E+2	5.59660980E-7	1.01901544E+2	-1.67680435E+2	1.96215834E+2	-1.02472495E+0
1.32804389E+3	3.52850844E+2	5.40071035E-7	9.99992966E+1	-1.59012500E+2	1.87842580E+2	-1.00941395E+0
1.42401793E+3	3.30237040E+2	5.20653134E-7	9.80898784E+1	-1.50901575E+2	1.79980304E+2	-9.94403149E-1
1.52692775E+3	3.09738985E+2	5.01553181E-7	9.61510887E+1	-1.43306343E+2	1.72573868E+2	-9.79835648E-1
1.63727458E+3	2.91115776E+2	4.82774988E-7	9.42008559E+1	-1.36196744E+2	1.65599984E+2	-9.65694525E-1
1.75559587E+3	2.74081308E+2	4.64429902E-7	9.22351012E+1	-1.29509084E+2	1.58996594E+2	-9.51935780E-1
1.88246790E+3	2.58488693E+2	4.46537738E-7	9.02587027E+1	-1.23224267E+2	1.52744406E+2	-9.38605846E-1
2.01850863E+3	2.44143704E+2	4.29081152E-7	8.82919109E+1	-1.17304953E+2	1.46819324E+2	-9.25588650E-1
2.16438064E+3	2.30929254E+2	4.12133377E-7	8.63230069E+1	-1.11726656E+2	1.41189615E+2	-9.12970643E-1
2.32079442E+3	2.18699090E+2	3.95698974E-7	8.43610688E+1	-1.06456088E+2	1.35829631E+2	-9.00676365E-1
2.48851178E+3	2.07339558E+2	3.79770311E-7	8.24145504E+1	-1.01467423E+2	1.30720298E+2	-8.88644420E-1
2.66834962E+3	1.96785573E+2	3.64332577E-7	8.04892917E+1	-9.67502198E+1	1.25853610E+2	-8.76887544E-1
2.86118383E+3	1.86929608E+2	3.49377814E-7	7.85922939E+1	-9.22739274E+1	1.21207370E+2	-8.65299884E-1
3.06795364E+3	1.77716640E+2	3.34898902E-7	7.67257604E+1	-8.80261429E+1	1.16770905E+2	-8.53881202E-1
3.28966612E+3	1.69069812E+2	3.20883491E-7	7.48941998E+1	-8.39833734E+1	1.12527100E+2	-8.42544538E-1
3.52740116E+3	1.60978023E+2	3.07309917E-7	7.31006553E+1	-8.01491926E+1	1.08478564E+2	-8.31359536E-1
3.78231664E+3	1.53350422E+2	2.94167542E-7	7.13488714E+1	-7.64899862E+1	1.04601049E+2	-8.20159279E-1
4.05565415E+3	1.46174201E+2	2.81416052E-7	6.96463841E+1	-7.30060654E+1	1.00898486E+2	-8.08945327E-1
4.34874501E+3	1.39405909E+2	2.69075239E-7	6.79861877E+1	-6.96818084E+1	9.73533575E+1	-7.97714279E-1
4.66301673E+3	1.33042460E+2	2.57084662E-7	6.63813432E+1	-6.65210826E+1	9.39762586E+1	-7.86449607E-1
5.00000000E+3	1.27041437E+2	2.45447834E-7	6.48289227E+1	-6.35072449E+1	9.07521869E+1	-7.75099966E-1
5.36133611E+3	1.21373921E+2	2.34166738E-7	6.33258348E+1	-6.06295594E+1	8.76704332E+1	-7.63649612E-1
5.74878498E+3	1.16026837E+2	2.23225525E-7	6.18737697E+1	-5.78848371E+1	8.47290846E+1	-7.52102364E-1
6.16423370E+3	1.10979002E+2	2.12624499E-7	6.04701683E+1	-5.52655193E+1	8.19201984E+1	-7.40458312E-1
6.60970574E+3	1.06209576E+2	2.02347483E-7	5.91165840E+1	-5.27634037E+1	7.92385468E+1	-7.28673410E-1
7.08737081E+3	1.01712547E+2	1.92384100E-7	5.78139808E+1	-5.03780784E+1	7.66838131E+1	-7.16777350E-1
7.59955541E+3	9.74572881E+1	1.82748482E-7	5.65552346E+1	-4.80959999E+1	7.42409576E+1	-7.04740897E-1
8.14875417E+3	9.34443531E+1	1.73417374E-7	5.53452963E+1	-4.59195335E+1	7.19145701E+1	-6.92585268E-1
8.73764200E+3	8.96555181E+1	1.64395210E-7	5.41804514E+1	-4.38412488E+1	6.96963158E+1	-6.80308038E-1
9.36908711E+3	8.60731392E+1	1.55670158E-7	5.30609029E+1	-4.18528259E+1	6.75804592E+1	-6.67855511E-1
1.00461650E+4	8.26928791E+1	1.47238939E-7	5.19863259E+1	-3.99539840E+1	6.55659893E+1	-6.55266499E-1
1.07721735E+4	7.94962382E+1	1.39119450E-7	5.09487120E+1	-3.81373789E+1	6.36414247E+1	-6.42568947E-1
1.15506485E+4	7.64785167E+1	1.31271851E-7	4.99572953E+1	-3.63995668E+1	6.18114862E+1	-6.29672758E-1
1.23853818E+4	7.36290782E+1	1.23718161E-7	4.90040723E+1	-3.47379553E+1	6.00676673E+1	-6.16660170E-1
1.32804389E+4	7.09267546E+1	1.16459860E-7	4.80836642E+1	-3.31418083E+1	5.83987863E+1	-6.03476716E-1
1.42401793E+4	6.83808551E+1	1.09468081E-7	4.72056135E+1	-3.16162971E+1	5.68151407E+1	-5.90139117E-1
1.52692775E+4	6.59709163E+1	1.02760494E-7	4.63600107E+1	-3.01523091E+1	5.53029147E+1	-5.76652700E-1
1.63727458E+4	6.36966142E+1	9.63205815E-8	4.55510025E+1	-2.87497959E+1	5.38650594E+1	-5.63013975E-1
1.75559587E+4	6.15487798E+1	9.01406490E-8	4.47779847E+1	-2.74036921E+1	5.24979076E+1	-5.49189277E-1
1.88246790E+4	5.95228733E+1	8.42185638E-8	4.40401559E+1	-2.61124732E+1	5.11995763E+1	-5.35200445E-1
2.01850863E+4	5.76093318E+1	7.85577072E-8	4.33333372E+1	-2.48722025E+1	4.99640330E+1	-5.21062763E-1
2.16438064E+4	5.58037396E+1	7.31512704E-8	4.26577027E+1	-2.36807876E+1	4.87899510E+1	-5.06777149E-1
2.32079442E+4	5.41013613E+1	6.79875056E-8	4.20146435E+1	-2.25348421E+1	4.76765079E+1	-4.92308323E-1
2.48851178E+4	5.24985082E+1	6.30719709E-8	4.14011758E+1	-2.14346112E+1	4.66208104E+1	-4.77730414E-1
2.66834962E+4	5.09887495E+1	5.84037228E-8	4.08147421E+1	-2.03776709E+1	4.56189945E+1	-4.63065294E-1
2.86118383E+4	4.95671388E+1	5.39722451E-8	4.02558649E+1	-1.93606138E+1	4.46695426E+1	-4.48282831E-1
3.06795364E+4	4.82337919E+1	4.97749670E-8	3.97253533E+1	-1.83847956E+1	4.37733300E+1	-4.33445247E-1
3.28966612E+4	4.69803095E+1	4.57995990E-8	3.92222814E+1	-1.74438398E+1	4.29263895E+1	-4.18473710E-1
3.52740116E+4	4.58027054E+1	4.20482435E-8	3.87436310E+1	-1.65376588E+1	4.21255637E+1	-4.03435257E-1
3.78231664E+4	4.46990710E+1	3.85189542E-8	3.82885867E+1	-1.56667918E+1	4.13698472E+1	-3.88392076E-1
4.05565415E+4	4.36612134E+1	3.52013689E-8	3.78547385E+1	-1.48257403E+1	4.06544440E+1	-3.73285880E-1
4.34874501E+4	4.26906407E+1	3.20864670E-8	3.74450839E+1	-1.40150028E+1	3.99819287E+1	-3.58140618E-1
4.66301673E+4	4.17785284E+1	2.91743303E-8	3.70532433E+1	-1.32320491E+1	3.93450121E+1	-3.42993971E-1
5.00000000E+4	4.09291693E+1	2.64596639E-8	3.66829841E+1	-1.24804941E+1	3.87479556E+1	-3.27940809E-1
5.36133611E+4	4.01293558E+1	2.39250744E-8	3.63292695E+1	-1.17496533E+1	3.81820662E+1	-3.12803200E-1
5.74878498E+4	3.93845921E+1	2.15736424E-8	3.59942418E+1	-1.10468585E+1	3.76512753E+1	-2.97780717E-1
6.16423370E+4	3.86847281E+1	1.93892907E-8	3.56739924E+1	-1.03636359E+1	3.71488721E+1	-2.82727389E-1
6.60970574E+4	3.80290701E+1	1.73666476E-8	3.53683326E+1	-9.70081623E+0	3.66745797E+1	-2.67696445E-1
7.08737081E+4	3.74160640E+1	1.54962318E-8	3.50776118E+1	-9.05689305E+0	3.62279750E+1	-2.52677386E-1
7.59955541E+4	3.68409191E+1	1.37699645E-8	3.47990400E+1	-8.42943743E+0	3.58054272E+1	-2.37654250E-1
8.14875417E+4	3.63029828E+1	1.21815294E-8	3.45326288E+1	-7.81888542E+0	3.54067427E+1	-2.22665817E-1
8.73764200E+4	3.57970240E+1	1.07182000E-8	3.42762015E+1	-7.21997317E+0	3.50283601E+1	-2.07606035E-1
9.36908711E+4	3.53246211E+1	9.37211478E-9	3.40319977E+1	-6.63253725E+0	3.46722861E+1	-1.92478472E-1
1.00461650E+5	3.48801336E+1	8.13783546E-9	3.37952329E+1	-6.05511873E+0	3.43333983E+1	-1.77289639E-1
1.07721735E+5	3.44623638E+1	7.00445949E-9	3.35663593E+1	-5.48412239E+0	3.40114111E+1	-1.61950613E-1
1.15506485E+5	3.40728240E+1	5.96474756E-9	3.33473296E+1	-4.91866780E+0	3.37081250E+1	-1.46442210E-1
1.23853818E+5	3.37058316E+1	5.01389465E-9	3.31327757E+1	-4.35739900E+0	3.34180753E+1	-1.30762817E-1
1.32804389E+5	3.33629225E+1	4.14395482E-9	3.29247229E+1	-3.79833549E+0	3.31430984E+1	-1.14856507E-1
1.42401793E+5	3.30418836E+1	3.34421643E-9	3.27220312E+1	-3.23515246E+0	3.28815685E+1	-9.85474530E-2
1.52692775E+5	3.27446991E+1	2.61498920E-9	3.25251969E+1	-2.67195518E+0	3.26347634E+1	-8.19662602E-2
1.63727458E+5	3.24673082E+1	1.94793170E-9	3.23304546E+1	-2.10345536E+0	3.23988091E+1	-6.49695381E-2
1.75559587E+5	3.22133919E+1	1.33806059E-9	3.21407327E+1	-1.52817245E+0	3.21770418E+1	-4.75105085E-2
1.88246790E+5	3.19647574E+1	7.70479124E-10	3.19295441E+1	-9.29991178E-1	3.19471423E+1	-2.91161694E-2
2.01850863E+5	3.17709566E+1	2.69415105E-10	3.17672126E+1	-3.44859341E-1	3.17690845E+1	-1.08553976E-2
2.16438064E+5	3.15847623E+1	-1.97115152E-10	3.15824980E+1	2.67397734E-1	3.15836301E+1	8.46643949E-3
2.32079442E+5	3.14232334E+1	-6.21981137E-10	3.13977301E+1	8.94834982E-1	3.14104792E+1	2.84922744E-2
2.48851178E+5	3.12911820E+1	-1.01098567E-9	3.12148094E+1	1.54399972E+0	3.12529724E+1	4.94234110E-2
2.66834962E+5	3.11884514E+1	-1.36469612E-9	3.10304336E+1	2.21431952E+0	3.11093422E+1	7.12388377E-2
2.86118383E+5	3.11119393E+1	-1.68782372E-9	3.08371279E+1	2.91107727E+0	3.09742288E+1	9.41227609E-2
3.06795364E+5	3.10761203E+1	-1.98035154E-9	3.06448459E+1	3.63542506E+0	3.08597297E+1	1.18079022E-1
3.28966612E+5	3.10854117E+1	-2.24202629E-9	3.04534409E+1	4.38697707E+0	3.07678037E+1	1.43070967E-1
3.52740116E+5	3.11294843E+1	-2.47996770E-9	3.02440691E+1	5.17479305E+0	3.06835831E+1	1.69460093E-1
3.78231664E+5	3.12321626E+1	-2.69352571E-9	3.00318221E+1	6.00402406E+0	3.06261121E+1	1.97320658E-1
4.05565415E+5	3.13929764E+1	-2.87930350E-9	2.98113495E+1	6.86660931E+0	3.05919431E+1	2.26386914E-1
4.34874501E+5	3.16219261E+1	-3.04407348E-9	2.95758937E+1	7.77902287E+0	3.05818038E+1	2.57193856E-1
4.66301673E+5	3.19333847E+1	-3.18407646E-9	2.93304152E+1	8.73762681E+0	3.06042387E+1	2.89532080E-1
5.00000000E+5	3.23320763E+1	-3.30152699E-9	2.90635898E+1	9.74647514E+0	3.06543013E+1	3.23564441E-1
