Start time:20240907_19-36-18	sweep/start:500.000	sweep/stop:500000.000	sweep/samplecount:100.000	sweep/xmapping:1.000	sweep/scan:0.000	sweep/averaging/sample:10.000	sweep/settling/time:0.100	sweep/settling/inaccuracy:0.010	sweep/awgcontrol:0.000	sweep/averaging/time:0.100	sweep/averaging/tc:15.000	sweep/bandwidthcontrol:2.000	sweep/sincfilter:0.000	sweep/omegasuppression:80.000	sweep/maxbandwidth:100.000	sweep/bandwidth:1250000.000	sweep/order:8.000	sweep/bandwidthoverlap:1.000																				
Frequency	Param0		Param1		RealZ		ImagZ		AbsZ		PhaseZ		
5.00000000E+2	1.11891807E+3	7.81065764E-7	1.31047469E+2	-3.59802586E+2	3.82924725E+2	-1.22150954E+0
5.36133611E+2	1.01492020E+3	7.65792103E-7	1.29211108E+2	-3.38294861E+2	3.62131093E+2	-1.20594806E+0
5.74878498E+2	9.22182668E+2	7.49898667E-7	1.27381833E+2	-3.18187311E+2	3.42737946E+2	-1.19000034E+0
6.16423370E+2	8.39932666E+2	7.33219907E-7	1.25559567E+2	-2.99493496E+2	3.24748460E+2	-1.17381480E+0
6.60970574E+2	7.66628165E+2	7.15882479E-7	1.23751565E+2	-2.82058442E+2	3.08012041E+2	-1.15734188E+0
7.08737081E+2	7.01419008E+2	6.97954536E-7	1.21928910E+2	-2.65813061E+2	2.92443575E+2	-1.14072965E+0
7.59955541E+2	6.43373248E+2	6.79436814E-7	1.20105698E+2	-2.50693838E+2	2.77979823E+2	-1.12401366E+0
8.14875417E+2	5.91732285E+2	6.60443206E-7	1.18258488E+2	-2.36626900E+2	2.64532344E+2	-1.10733455E+0
8.73764200E+2	5.45623302E+2	6.41051226E-7	1.16402282E+2	-2.23522480E+2	2.52015460E+2	-1.09067647E+0
9.36908711E+2	5.04379652E+2	6.21382843E-7	1.14527962E+2	-2.11302896E+2	2.40344688E+2	-1.07410934E+0
1.00461650E+3	4.67512043E+2	6.01598378E-7	1.12604545E+2	-1.99910461E+2	2.29442754E+2	-1.05781841E+0
1.07721735E+3	4.34398522E+2	5.81691435E-7	1.10674300E+2	-1.89282718E+2	2.19264109E+2	-1.04170006E+0
1.15506485E+3	4.04713104E+2	5.61818203E-7	1.08704172E+2	-1.79380608E+2	2.09747468E+2	-1.02597868E+0
1.23853818E+3	3.77950126E+2	5.42068731E-7	1.06708694E+2	-1.70128825E+2	2.00824707E+2	-1.01060012E+0
1.32804389E+3	3.53769412E+2	5.22521663E-7	1.04689811E+2	-1.61480942E+2	1.92447530E+2	-9.95609628E-1
1.42401793E+3	3.31860046E+2	5.03251801E-7	1.02650560E+2	-1.53389965E+2	1.84568738E+2	-9.81032939E-1
1.52692775E+3	3.11934372E+2	4.84361787E-7	1.00585756E+2	-1.45803496E+2	1.77133153E+2	-9.66900035E-1
1.63727458E+3	2.93793798E+2	4.65862699E-7	9.85072860E+1	-1.38698030E+2	1.70120044E+2	-9.53238572E-1
1.75559587E+3	2.77192472E+2	4.47854690E-7	9.64083046E+1	-1.32019295E+2	1.63473716E+2	-9.40049503E-1
1.88246790E+3	2.61934892E+2	4.30339007E-7	9.43041264E+1	-1.25730952E+2	1.57167238E+2	-9.27265118E-1
2.01850863E+3	2.47893498E+2	4.13348935E-7	9.21939580E+1	-1.19810502E+2	1.51176329E+2	-9.14932750E-1
2.16438064E+3	2.34899259E+2	3.96870871E-7	9.00939633E+1	-1.14219450E+2	1.45475101E+2	-9.02934684E-1
2.32079442E+3	2.22865871E+2	3.80930401E-7	8.80009699E+1	-1.08941460E+2	1.40044324E+2	-8.91328136E-1
2.48851178E+3	2.11659959E+2	3.65545076E-7	8.59177220E+1	-1.03939821E+2	1.34853036E+2	-8.80038908E-1
2.66834962E+3	2.01202635E+2	3.50675369E-7	8.38575143E+1	-9.91981346E+1	1.29893621E+2	-8.69005848E-1
2.86118383E+3	1.91409481E+2	3.36297710E-7	8.18289994E+1	-9.46935109E+1	1.25151293E+2	-8.58147010E-1
3.06795364E+3	1.82231635E+2	3.22415232E-7	7.98304953E+1	-9.04142328E+1	1.20613604E+2	-8.47486044E-1
3.28966612E+3	1.73608598E+2	3.08981736E-7	7.78744926E+1	-8.63437592E+1	1.16274165E+2	-8.36925748E-1
3.52740116E+3	1.65506755E+2	2.95997321E-7	7.59589065E+1	-8.24739747E+1	1.12123646E+2	-8.26496952E-1
3.78231664E+3	1.57838291E+2	2.83435820E-7	7.40906019E+1	-7.87712926E+1	1.08140343E+2	-8.16008988E-1
4.05565415E+3	1.50624218E+2	2.71304830E-7	7.22629105E+1	-7.52503558E+1	1.04329020E+2	-8.05647440E-1
4.34874501E+3	1.43797050E+2	2.59535595E-7	7.04930445E+1	-7.18847859E+1	1.00681139E+2	-7.95172838E-1
4.66301673E+3	1.37352919E+2	2.48124893E-7	6.87784438E+1	-6.86763834E+1	9.71952674E+1	-7.84655660E-1
5.00000000E+3	1.31258805E+2	2.37070016E-7	6.71169054E+1	-6.56125423E+1	9.38599209E+1	-7.74064592E-1
5.36133611E+3	1.25497085E+2	2.26358488E-7	6.55088110E+1	-6.26878015E+1	9.06706391E+1	-7.63396379E-1
5.74878498E+3	1.20042122E+2	2.15972323E-7	6.39559123E+1	-5.98919414E+1	8.76207931E+1	-7.52595713E-1
6.16423370E+3	1.14881372E+2	2.05911980E-7	6.24551447E+1	-5.72213908E+1	8.47049744E+1	-7.41693512E-1
6.60970574E+3	1.09993070E+2	1.96154541E-7	6.10096000E+1	-5.46668255E+1	8.19184542E+1	-7.30620976E-1
7.08737081E+3	1.05374206E+2	1.86699552E-7	5.96172477E+1	-5.22293394E+1	7.92598268E+1	-7.19440037E-1
7.59955541E+3	1.01000093E+2	1.77538126E-7	5.82771465E+1	-4.98976089E+1	7.67202529E+1	-7.08089580E-1
8.14875417E+3	9.68539599E+1	1.68678948E-7	5.69836849E+1	-4.76650307E+1	7.42906152E+1	-6.96585413E-1
8.73764200E+3	9.29325635E+1	1.60107100E-7	5.57391730E+1	-4.55316241E+1	7.19721072E+1	-6.84942846E-1
9.36908711E+3	8.92197714E+1	1.51804978E-7	5.45454943E+1	-4.34893728E+1	6.97605657E+1	-6.73095236E-1
1.00461650E+4	8.57061332E+1	1.43791781E-7	5.33949685E+1	-4.15361720E+1	6.76481801E+1	-6.61121956E-1
1.07721735E+4	8.23823520E+1	1.36035306E-7	5.22943728E+1	-3.96665094E+1	6.56363726E+1	-6.48933852E-1
1.15506485E+4	7.92331302E+1	1.28561608E-7	5.12330653E+1	-3.78751781E+1	6.37130765E+1	-6.36599855E-1
1.23853818E+4	7.62530940E+1	1.21345647E-7	5.02163362E+1	-3.61589623E+1	6.18801341E+1	-6.24065023E-1
1.32804389E+4	7.34285088E+1	1.14389959E-7	4.92400458E+1	-3.45114619E+1	6.01300518E+1	-6.11317666E-1
1.42401793E+4	7.07598962E+1	1.07691265E-7	4.83047522E+1	-3.29346345E+1	5.84639996E+1	-5.98412904E-1
1.52692775E+4	6.82321239E+1	1.01240147E-7	4.74091683E+1	-3.14197227E+1	5.68755504E+1	-5.85275846E-1
1.63727458E+4	6.58432728E+1	9.50403137E-8	4.65514098E+1	-2.99677053E+1	5.53633196E+1	-5.71972566E-1
1.75559587E+4	6.35750495E+1	8.90852546E-8	4.57277136E+1	-2.85677754E+1	5.39179157E+1	-5.58409873E-1
1.88246790E+4	6.14442097E+1	8.33567163E-8	4.49484379E+1	-2.72297472E+1	5.25530326E+1	-5.44673025E-1
2.01850863E+4	5.94259046E+1	7.78785492E-8	4.41987631E+1	-2.59426443E+1	5.12498924E+1	-5.30771682E-1
2.16438064E+4	5.75233710E+1	7.26278119E-8	4.34863595E+1	-2.47066491E+1	5.00148177E+1	-5.16668894E-1
2.32079442E+4	5.57290733E+1	6.76078926E-8	4.28075914E+1	-2.35188749E+1	4.88428848E+1	-5.02389336E-1
2.48851178E+4	5.40321484E+1	6.28154813E-8	4.21589695E+1	-2.23732193E+1	4.77277664E+1	-4.87894806E-1
2.66834962E+4	5.24374949E+1	5.82548518E-8	4.15413294E+1	-2.12753653E+1	4.66725106E+1	-4.73319789E-1
2.86118383E+4	5.09340125E+1	5.39150373E-8	4.09530372E+1	-2.02175971E+1	4.56716816E+1	-4.58576911E-1
3.06795364E+4	4.95237075E+1	4.97933971E-8	4.03959351E+1	-1.92022102E+1	4.47275806E+1	-4.43733918E-1
3.28966612E+4	4.81991952E+1	4.58868313E-8	3.98674248E+1	-1.82254276E+1	4.38358048E+1	-4.28784648E-1
3.52740116E+4	4.69529869E+1	4.21962502E-8	3.93631351E+1	-1.72846853E+1	4.29908916E+1	-4.13759691E-1
3.78231664E+4	4.57849095E+1	3.87061220E-8	3.88874515E+1	-1.63775621E+1	4.21954790E+1	-3.98607590E-1
4.05565415E+4	4.46893473E+1	3.54272829E-8	3.84336352E+1	-1.55057970E+1	4.14436252E+1	-3.83471310E-1
4.34874501E+4	4.36619039E+1	3.23491829E-8	3.80018071E+1	-1.46660799E+1	4.07336623E+1	-3.68319507E-1
4.66301673E+4	4.27030509E+1	2.94579921E-8	3.75961111E+1	-1.38564446E+1	4.00682997E+1	-3.53113236E-1
5.00000000E+4	4.18010650E+1	2.67590644E-8	3.72065873E+1	-1.30745869E+1	3.94369747E+1	-3.37926087E-1
5.36133611E+4	4.09560372E+1	2.42392353E-8	3.68364192E+1	-1.23187646E+1	3.88416498E+1	-3.22726506E-1
5.74878498E+4	4.01670041E+1	2.18958762E-8	3.64849576E+1	-1.15904833E+1	3.82817377E+1	-3.07595585E-1
6.16423370E+4	3.94279167E+1	1.97187331E-8	3.61500414E+1	-1.08855555E+1	3.77534213E+1	-2.92485396E-1
6.60970574E+4	3.87344282E+1	1.76967764E-8	3.58306630E+1	-1.02001872E+1	3.72542648E+1	-2.77340955E-1
7.08737081E+4	3.80872679E+1	1.58258694E-8	3.55275608E+1	-9.53625410E+0	3.67851563E+1	-2.62237193E-1
7.59955541E+4	3.74784231E+1	1.40993997E-8	3.52351792E+1	-8.89050582E+0	3.63394958E+1	-2.47160074E-1
8.14875417E+4	3.69062449E+1	1.25035136E-8	3.49549846E+1	-8.25870828E+0	3.59173666E+1	-2.32012285E-1
8.73764200E+4	3.63709363E+1	1.10344157E-8	3.46870110E+1	-7.64266475E+0	3.55189958E+1	-2.16867128E-1
9.36908711E+4	3.58683817E+1	9.68202318E-9	3.44294498E+1	-7.03858118E+0	3.51415515E+1	-2.01656229E-1
1.00461650E+5	3.53965839E+1	8.43920512E-9	3.41813081E+1	-6.44513085E+0	3.47836389E+1	-1.86369025E-1
1.07721735E+5	3.49538403E+1	7.29712991E-9	3.39422580E+1	-5.85963960E+0	3.44443357E+1	-1.70950537E-1
1.15506485E+5	3.45385896E+1	6.24809126E-9	3.37116822E+1	-5.27981402E+0	3.41226311E+1	-1.55354729E-1
1.23853818E+5	3.41482489E+1	5.28692256E-9	3.34872496E+1	-4.70478881E+0	3.38161342E+1	-1.39581324E-1
1.32804389E+5	3.37813630E+1	4.40613665E-9	3.32681596E+1	-4.13195858E+0	3.35237792E+1	-1.23568818E-1
1.42401793E+5	3.34393546E+1	3.59630189E-9	3.30566377E+1	-3.55687025E+0	3.32474455E+1	-1.07186889E-1
1.52692775E+5	3.31196825E+1	2.85681682E-9	3.28490022E+1	-2.98187264E+0	3.29840647E+1	-9.05270290E-2
1.63727458E+5	3.28220494E+1	2.17773009E-9	3.26455403E+1	-2.40046301E+0	3.27336759E+1	-7.33990187E-2
1.75559587E+5	3.25476232E+1	1.55775019E-9	3.24461369E+1	-1.81461492E+0	3.24968404E+1	-5.58687951E-2
1.88246790E+5	3.23303520E+1	9.86181337E-10	3.22756943E+1	-1.21683573E+0	3.23030052E+1	-3.76833047E-2
2.01850863E+5	3.20676865E+1	4.68108343E-10	3.20560675E+1	-6.10287869E-1	3.20618765E+1	-1.90358392E-2
2.16438064E+5	3.18627543E+1	-8.48764695E-12	3.18627493E+1	1.17184891E-2	3.18627518E+1	3.67778410E-4
2.32079442E+5	3.16835300E+1	-4.43226590E-10	3.16702495E+1	6.48525837E-1	3.16768890E+1	2.04745873E-2
2.48851178E+5	3.15330171E+1	-8.41285462E-10	3.14788571E+1	1.30571217E+0	3.15059255E+1	4.14552560E-2
2.66834962E+5	3.14092196E+1	-1.20583886E-9	3.12830775E+1	1.98645348E+0	3.13460851E+1	6.34141608E-2
2.86118383E+5	3.13192091E+1	-1.53708846E-9	3.10863776E+1	2.69032906E+0	3.12025762E+1	8.63285641E-2
3.06795364E+5	3.12637456E+1	-1.83781525E-9	3.08848763E+1	3.42071893E+0	3.10737335E+1	1.10307499E-1
3.28966612E+5	3.12544906E+1	-2.10811814E-9	3.06853615E+1	4.17897853E+0	3.09686186E+1	1.35355311E-1
3.52740116E+5	3.12816700E+1	-2.35622752E-9	3.04685820E+1	4.97730405E+0	3.08724493E+1	1.61928257E-1
3.78231664E+5	3.13725510E+1	-2.57727330E-9	3.02554277E+1	5.81368344E+0	3.08089263E+1	1.89839477E-1
4.05565415E+5	3.15092074E+1	-2.77077378E-9	3.00232153E+1	6.67938513E+0	3.07572384E+1	2.18908873E-1
4.34874501E+5	3.17215784E+1	-2.94336404E-9	2.97831235E+1	7.59823695E+0	3.07370735E+1	2.49790587E-1
4.66301673E+5	3.20177857E+1	-3.09277200E-9	2.95319923E+1	8.56798532E+0	3.07497804E+1	2.82373240E-1
5.00000000E+5	3.23954951E+1	-3.21809706E-9	2.92571533E+1	9.58221095E+0	3.07863598E+1	3.16506583E-1
