Start time:20240909_06-24-05	sweep/start:500.000	sweep/stop:500000.000	sweep/samplecount:100.000	sweep/xmapping:1.000	sweep/scan:0.000	sweep/averaging/sample:10.000	sweep/settling/time:0.100	sweep/settling/inaccuracy:0.010	sweep/awgcontrol:0.000	sweep/averaging/time:0.100	sweep/averaging/tc:15.000	sweep/bandwidthcontrol:2.000	sweep/sincfilter:0.000	sweep/omegasuppression:80.000	sweep/maxbandwidth:100.000	sweep/bandwidth:1250000.000	sweep/order:8.000	sweep/bandwidthoverlap:1.000																				
Frequency	Param0		Param1		RealZ		ImagZ		AbsZ		PhaseZ		
5.00000000E+2	1.30012441E+3	8.42068324E-7	1.01339156E+2	-3.48545326E+2	3.62978611E+2	-1.28784827E+0
5.36133611E+2	1.16933971E+3	8.30448429E-7	9.99375381E+1	-3.26914957E+2	3.41849241E+2	-1.27411943E+0
5.74878498E+2	1.05318902E+3	8.18193035E-7	9.85390224E+1	-3.06708718E+2	3.22149314E+2	-1.25993377E+0
6.16423370E+2	9.49931892E+2	8.05032038E-7	9.72034462E+1	-2.87902970E+2	3.03869433E+2	-1.24518762E+0
6.60970574E+2	8.58175508E+2	7.91162674E-7	9.58775804E+1	-2.70346544E+2	2.86844500E+2	-1.22998769E+0
7.08737081E+2	7.76901227E+2	7.76484682E-7	9.45536460E+1	-2.54004799E+2	2.71032898E+2	-1.21443756E+0
7.59955541E+2	7.04573806E+2	7.61095247E-7	9.32417000E+1	-2.38750138E+2	2.56311617E+2	-1.19847083E+0
8.14875417E+2	6.40410293E+2	7.44899449E-7	9.19390145E+1	-2.24557130E+2	2.42649310E+2	-1.18219255E+0
8.73764200E+2	5.83452204E+2	7.28027554E-7	9.06236372E+1	-2.11333646E+2	2.29944677E+2	-1.16569639E+0
9.36908711E+2	5.32682576E+2	7.10536804E-7	8.93107448E+1	-1.98992117E+2	2.18115274E+2	-1.14892788E+0
1.00461650E+3	4.87487501E+2	6.92398300E-7	8.80035273E+1	-1.87499319E+2	2.07124640E+2	-1.13196481E+0
1.07721735E+3	4.47213346E+2	6.73875236E-7	8.66593498E+1	-1.76763602E+2	1.96863442E+2	-1.11497456E+0
1.15506485E+3	4.11195859E+2	6.54855007E-7	8.53264031E+1	-1.66749112E+2	1.87312204E+2	-1.09782839E+0
1.23853818E+3	3.79028126E+2	6.35483364E-7	8.39780774E+1	-1.57409449E+2	1.78409787E+2	-1.08070858E+0
1.32804389E+3	3.50252969E+2	6.15837595E-7	8.26161919E+1	-1.48698116E+2	1.70107511E+2	-1.06366634E+0
1.42401793E+3	3.24402160E+2	5.95993349E-7	8.12519381E+1	-1.40557554E+2	1.62352405E+2	-1.04665881E+0
1.52692775E+3	3.01149312E+2	5.76113178E-7	7.98674396E+1	-1.32940646E+2	1.55087148E+2	-1.02980704E+0
1.63727458E+3	2.80190578E+2	5.56214644E-7	7.84767503E+1	-1.25816712E+2	1.48285015E+2	-1.01310454E+0
1.75559587E+3	2.61266147E+2	5.36374649E-7	7.70804577E+1	-1.19151654E+2	1.41910231E+2	-9.96596046E-1
1.88246790E+3	2.44123852E+2	5.16700559E-7	7.56752938E+1	-1.12904356E+2	1.35919623E+2	-9.80310034E-1
2.01850863E+3	2.28557899E+2	4.97238888E-7	7.42670960E+1	-1.07045456E+2	1.30285576E+2	-9.64250132E-1
2.16438064E+3	2.14349649E+2	4.78023998E-7	7.28670362E+1	-1.01535306E+2	1.24976092E+2	-9.48321227E-1
2.32079442E+3	2.01417591E+2	4.59146149E-7	7.14609422E+1	-9.63681709E+1	1.19972875E+2	-9.32731043E-1
2.48851178E+3	1.89553035E+2	4.40593494E-7	7.00697299E+1	-9.14995227E+1	1.15247255E+2	-9.17263830E-1
2.66834962E+3	1.78664624E+2	4.22435703E-7	6.86856577E+1	-8.69136209E+1	1.10777692E+2	-9.02013485E-1
2.86118383E+3	1.68644522E+2	4.04686080E-7	6.73142435E+1	-8.25891696E+1	1.06546602E+2	-8.86946119E-1
3.06795364E+3	1.59401840E+2	3.87338665E-7	6.59631207E+1	-7.85080210E+1	1.02540932E+2	-8.72014163E-1
3.28966612E+3	1.50854775E+2	3.70404807E-7	6.46353742E+1	-7.46513431E+1	9.87448971E+1	-8.57183603E-1
3.52740116E+3	1.42942206E+2	3.53925001E-7	6.33265306E+1	-7.10055239E+1	9.51421776E+1	-8.42500284E-1
3.78231664E+3	1.35588797E+2	3.37879824E-7	6.20443508E+1	-6.75501097E+1	9.17197843E+1	-8.27857154E-1
4.05565415E+3	1.28764101E+2	3.22262455E-7	6.07915327E+1	-6.42818525E+1	8.84746689E+1	-8.13297098E-1
4.34874501E+3	1.22405674E+2	3.07106864E-7	5.95635861E+1	-6.11808800E+1	8.53868895E+1	-7.98791714E-1
4.66301673E+3	1.16494173E+2	2.92339852E-7	5.83759652E+1	-5.82469433E+1	8.24649001E+1	-7.84291847E-1
5.00000000E+3	1.10977973E+2	2.78023588E-7	5.72173465E+1	-5.54620621E+1	7.96860409E+1	-7.69821738E-1
5.36133611E+3	1.05826227E+2	2.64122745E-7	5.60950598E+1	-5.28173530E+1	7.70475732E+1	-7.55312356E-1
5.74878498E+3	1.01010948E+2	2.50680468E-7	5.50005041E+1	-5.03050450E+1	7.45362531E+1	-7.40838774E-1
6.16423370E+3	9.65185119E+1	2.37641576E-7	5.39452337E+1	-4.79231196E+1	7.21575614E+1	-7.26350252E-1
6.60970574E+3	9.23133649E+1	2.25048434E-7	5.29199013E+1	-4.56584951E+1	6.98943069E+1	-7.11869726E-1
7.08737081E+3	8.83800834E+1	2.12855424E-7	5.19335456E+1	-4.35062972E+1	6.77487348E+1	-6.97327517E-1
7.59955541E+3	8.46959472E+1	2.01121541E-7	5.09733169E+1	-4.14602738E+1	6.57056569E+1	-6.82841640E-1
8.14875417E+3	8.12461594E+1	1.89792309E-7	5.00496451E+1	-3.95142310E+1	6.37678715E+1	-6.68306077E-1
8.73764200E+3	7.80132503E+1	1.78892108E-7	4.91564634E+1	-3.76629469E+1	6.19262099E+1	-6.53779320E-1
9.36908711E+3	7.49876065E+1	1.68421367E-7	4.82934626E+1	-3.59047716E+1	6.01781619E+1	-6.39309205E-1
1.00461650E+4	7.21470965E+1	1.58371662E-7	4.74595983E+1	-3.42295007E+1	5.85155724E+1	-6.24835618E-1
1.07721735E+4	6.94846572E+1	1.48723061E-7	4.66585406E+1	-3.26348474E+1	5.69390260E+1	-6.10349995E-1
1.15506485E+4	6.69812535E+1	1.39494694E-7	4.58830101E+1	-3.11135163E+1	5.54373658E+1	-5.95879964E-1
1.23853818E+4	6.46303105E+1	1.30663848E-7	4.51367179E+1	-2.96627169E+1	5.40111108E+1	-5.81402544E-1
1.32804389E+4	6.24190910E+1	1.22243195E-7	4.44141938E+1	-2.82784897E+1	5.26525745E+1	-5.66968153E-1
1.42401793E+4	6.03387045E+1	1.14208847E-7	4.37181949E+1	-2.69558652E+1	5.13604832E+1	-5.52523225E-1
1.52692775E+4	5.83824063E+1	1.06567696E-7	4.30454513E+1	-2.56940863E+1	5.01307990E+1	-5.38141365E-1
1.63727458E+4	5.65448998E+1	9.92791181E-8	4.24031389E+1	-2.44878546E+1	4.89661233E+1	-5.23711808E-1
1.75559587E+4	5.48117279E+1	9.23675121E-8	4.17808973E+1	-2.33332324E+1	4.78548133E+1	-5.09320171E-1
1.88246790E+4	5.31780110E+1	8.58096768E-8	4.11815246E+1	-2.22268655E+1	4.67969182E+1	-4.94923466E-1
2.01850863E+4	5.16414500E+1	7.95904905E-8	4.06071914E+1	-2.11676691E+1	4.57931680E+1	-4.80525396E-1
2.16438064E+4	5.01885279E+1	7.37073629E-8	4.00521362E+1	-2.01490477E+1	4.48347828E+1	-4.66100979E-1
2.32079442E+4	4.88241977E+1	6.81384310E-8	3.95230242E+1	-1.91731711E+1	4.39281225E+1	-4.51668021E-1
2.48851178E+4	4.75357193E+1	6.28926406E-8	3.90112262E+1	-1.82359779E+1	4.30630549E+1	-4.37274008E-1
2.66834962E+4	4.63229891E+1	5.79304020E-8	3.85248288E+1	-1.73327083E+1	4.22443514E+1	-4.22779136E-1
2.86118383E+4	4.51796462E+1	5.32654745E-8	3.80567000E+1	-1.64643800E+1	4.14655066E+1	-4.08313538E-1
3.06795364E+4	4.41053829E+1	4.88767325E-8	3.76107213E+1	-1.56291040E+1	4.07288014E+1	-3.93838554E-1
3.28966612E+4	4.30939882E+1	4.47608465E-8	3.71832618E+1	-1.48249814E+1	4.00296770E+1	-3.79385529E-1
3.52740116E+4	4.21403758E+1	4.08995027E-8	3.67744084E+1	-1.40474290E+1	3.93660690E+1	-3.64884115E-1
3.78231664E+4	4.12464446E+1	3.72857872E-8	3.63860638E+1	-1.32985001E+1	3.87401053E+1	-3.50401306E-1
4.05565415E+4	4.04027612E+1	3.39153189E-8	3.60119737E+1	-1.25746137E+1	3.81442417E+1	-3.35942952E-1
4.34874501E+4	3.96149109E+1	3.07625449E-8	3.56608672E+1	-1.18745362E+1	3.75859292E+1	-3.21437079E-1
4.66301673E+4	3.88721231E+1	2.78397168E-8	3.53212443E+1	-1.11991718E+1	3.70541733E+1	-3.07039374E-1
5.00000000E+4	3.81737746E+1	2.51169522E-8	3.49982854E+1	-1.05421374E+1	3.65515616E+1	-2.92574479E-1
5.36133611E+4	3.75210423E+1	2.25917143E-8	3.46923379E+1	-9.90627889E+0	3.60789783E+1	-2.78144615E-1
5.74878498E+4	3.69076191E+1	2.02551075E-8	3.43994082E+1	-9.28875459E+0	3.56314504E+1	-2.63736607E-1
6.16423370E+4	3.63313704E+1	1.80905045E-8	3.41203326E+1	-8.68569711E+0	3.52084996E+1	-2.49266495E-1
6.60970574E+4	3.57925546E+1	1.60973833E-8	3.38542029E+1	-8.10070035E+0	3.48098895E+1	-2.34865945E-1
7.08737081E+4	3.52882028E+1	1.42622921E-8	3.36004349E+1	-7.53058632E+0	3.44339798E+1	-2.20478299E-1
7.59955541E+4	3.48149336E+1	1.25708318E-8	3.33581426E+1	-6.97107101E+0	3.40787547E+1	-2.06011810E-1
8.14875417E+4	3.43714660E+1	1.10195239E-8	3.31257205E+1	-6.42387832E+0	3.37428448E+1	-1.91546661E-1
8.73764200E+4	3.39538689E+1	9.59506638E-9	3.29013345E+1	-5.88470745E+0	3.34234588E+1	-1.76987753E-1
9.36908711E+4	3.35662370E+1	8.29009600E-9	3.26890718E+1	-5.35478376E+0	3.31247511E+1	-1.62367549E-1
1.00461650E+5	3.32022398E+1	7.09439363E-9	3.24841200E+1	-4.82985335E+0	3.28412171E+1	-1.47602189E-1
1.07721735E+5	3.28622430E+1	5.99994546E-9	3.22872186E+1	-4.30882007E+0	3.25734619E+1	-1.32668918E-1
1.15506485E+5	3.25444834E+1	5.00259430E-9	3.20963842E+1	-3.79240752E+0	3.23196572E+1	-1.17611543E-1
1.23853818E+5	3.22486136E+1	4.09101611E-9	3.19122410E+1	-3.27633884E+0	3.20799865E+1	-1.02308691E-1
1.32804389E+5	3.19720609E+1	3.26203710E-9	3.17317268E+1	-2.76150235E+0	3.18516671E+1	-8.68078281E-2
1.42401793E+5	3.17144575E+1	2.49841136E-9	3.15558537E+1	-2.23715718E+0	3.16350562E+1	-7.07767366E-2
1.52692775E+5	3.14788250E+1	1.80664192E-9	3.13853907E+1	-1.71244439E+0	3.14320731E+1	-5.45077850E-2
1.63727458E+5	3.12633627E+1	1.17460266E-9	3.12188099E+1	-1.17935444E+0	3.12410783E+1	-3.77590936E-2
1.75559587E+5	3.10681908E+1	6.01374183E-10	3.10549999E+1	-6.40024559E-1	3.10615946E+1	-2.06064725E-2
1.88246790E+5	3.09282504E+1	9.35653183E-11	3.09180594E+1	-1.05721400E-1	3.09231543E+1	-3.42055469E-3
2.01850863E+5	3.07401928E+1	-4.00324150E-10	3.07327063E+1	4.79655636E-1	3.07364493E+1	1.56060696E-2
2.16438064E+5	3.06085072E+1	-8.34060019E-10	3.05716576E+1	1.06138289E+0	3.05900769E+1	3.47039274E-2
2.32079442E+5	3.05019636E+1	-1.22696714E-9	3.04113919E+1	1.65963861E+0	3.04566441E+1	5.45188471E-2
2.48851178E+5	3.04225830E+1	-1.58610208E-9	3.02503858E+1	2.28232621E+0	3.03363622E+1	7.53051643E-2
2.66834962E+5	3.03732554E+1	-1.91018466E-9	3.00885561E+1	2.92678167E+0	3.02305706E+1	9.69672200E-2
2.86118383E+5	3.03546562E+1	-2.20194810E-9	2.99226237E+1	3.59548688E+0	3.01378658E+1	1.19586136E-1
3.06795364E+5	3.03726620E+1	-2.46469017E-9	2.97531058E+1	4.29344784E+0	3.00612878E+1	1.43313219E-1
3.28966612E+5	3.04328371E+1	-2.70152999E-9	2.95786605E+1	5.02645969E+0	3.00027091E+1	1.68327338E-1
3.52740116E+5	3.05330968E+1	-2.90940305E-9	2.93937020E+1	5.78713650E+0	2.99579830E+1	1.94397188E-1
3.78231664E+5	3.06893779E+1	-3.09463086E-9	2.92017981E+1	6.59089075E+0	2.99363493E+1	2.21982091E-1
4.05565415E+5	3.09111266E+1	-3.25565146E-9	2.90037277E+1	7.43784764E+0	2.99422426E+1	2.51034859E-1
4.34874501E+5	3.11939008E+1	-3.39379700E-9	2.87852745E+1	8.32663826E+0	2.99653966E+1	2.81581419E-1
4.66301673E+5	3.15630351E+1	-3.50808951E-9	2.85575555E+1	9.26439938E+0	3.00227101E+1	3.13699533E-1
NaN	NaN	NaN	NaN	NaN	NaN	NaN
