Start time:20240905_14-04-08	sweep/start:500.000	sweep/stop:500000.000	sweep/samplecount:100.000	sweep/xmapping:1.000	sweep/scan:0.000	sweep/averaging/sample:10.000	sweep/settling/time:0.100	sweep/settling/inaccuracy:0.010	sweep/awgcontrol:0.000	sweep/averaging/time:0.100	sweep/averaging/tc:15.000	sweep/bandwidthcontrol:2.000	sweep/sincfilter:0.000	sweep/omegasuppression:80.000	sweep/maxbandwidth:100.000	sweep/bandwidth:1250000.000	sweep/order:8.000	sweep/bandwidthoverlap:1.000																				
Frequency	Param0		Param1		RealZ		ImagZ		AbsZ		PhaseZ		
5.00000000E+2	1.02484781E+3	6.62355874E-7	1.84730533E+2	-3.93948328E+2	4.35109940E+2	-1.13231981E+0
5.36133611E+2	9.36544947E+2	6.44398873E-7	1.82453251E+2	-3.70926473E+2	4.13371073E+2	-1.11366159E+0
5.74878498E+2	8.58164861E+2	6.25648312E-7	1.80245428E+2	-3.49559523E+2	3.93294138E+2	-1.09471841E+0
6.16423370E+2	7.88395635E+2	6.06349225E-7	1.78044267E+2	-3.29650630E+2	3.74658918E+2	-1.07558574E+0
6.60970574E+2	7.26445609E+2	5.86377362E-7	1.75913169E+2	-3.11200726E+2	3.57479144E+2	-1.05630335E+0
7.08737081E+2	6.71497027E+2	5.66076513E-7	1.73724908E+2	-2.94067012E+2	3.41549050E+2	-1.03719391E+0
7.59955541E+2	6.22609101E+2	5.45445297E-7	1.71542365E+2	-2.78167295E+2	3.26808552E+2	-1.01819669E+0
8.14875417E+2	5.79107939E+2	5.24637698E-7	1.69339512E+2	-2.63419773E+2	3.13154674E+2	-9.99463598E-1
8.73764200E+2	5.40412484E+2	5.03816759E-7	1.67087210E+2	-2.49755624E+2	3.00492944E+2	-9.81178152E-1
9.36908711E+2	5.05896404E+2	4.83071144E-7	1.64805192E+2	-2.37094068E+2	2.88746169E+2	-9.63363391E-1
1.00461650E+3	4.75059875E+2	4.62574496E-7	1.62465401E+2	-2.25357010E+2	2.77814309E+2	-9.46164641E-1
1.07721735E+3	4.47461095E+2	4.42437089E-7	1.60066058E+2	-2.14481205E+2	2.67625356E+2	-9.29671215E-1
1.15506485E+3	4.22753201E+2	4.22774716E-7	1.57594625E+2	-2.04420063E+2	2.58115535E+2	-9.14030766E-1
1.23853818E+3	4.00571208E+2	4.03711452E-7	1.55036240E+2	-1.95107192E+2	2.49204841E+2	-8.99343977E-1
1.32804389E+3	3.80547206E+2	3.85289325E-7	1.52411479E+2	-1.86468500E+2	2.40831396E+2	-8.85560618E-1
1.42401793E+3	3.62447283E+2	3.67641422E-7	1.49682398E+2	-1.78457716E+2	2.32920538E+2	-8.72866580E-1
1.52692775E+3	3.46009703E+2	3.50785184E-7	1.46863969E+2	-1.71018511E+2	2.25424838E+2	-8.61238187E-1
1.63727458E+3	3.31027891E+2	3.34765948E-7	1.43949307E+2	-1.64103111E+2	2.18291628E+2	-8.50728359E-1
1.75559587E+3	3.17273376E+2	3.19603067E-7	1.40940413E+2	-1.57646566E+2	2.11463094E+2	-8.41290599E-1
1.88246790E+3	3.04584512E+2	3.05287037E-7	1.37845044E+2	-1.51605436E+2	2.04903550E+2	-8.32902111E-1
2.01850863E+3	2.92831670E+2	2.91808762E-7	1.34666094E+2	-1.45943618E+2	1.98581210E+2	-8.25565905E-1
2.16438064E+3	2.81834142E+2	2.79151179E-7	1.31409349E+2	-1.40595958E+2	1.92446462E+2	-8.19158969E-1
2.32079442E+3	2.71530322E+2	2.67264138E-7	1.28090763E+2	-1.35548079E+2	1.86495377E+2	-8.13676726E-1
2.48851178E+3	2.61792375E+2	2.56124639E-7	1.24713684E+2	-1.30750097E+2	1.80690595E+2	-8.09023003E-1
2.66834962E+3	2.52512759E+2	2.45676795E-7	1.21296393E+2	-1.26158913E+2	1.75011104E+2	-8.05045734E-1
2.86118383E+3	2.43674653E+2	2.35859652E-7	1.17857969E+2	-1.21772321E+2	1.69466809E+2	-8.01731676E-1
3.06795364E+3	2.35171552E+2	2.26642221E-7	1.14404070E+2	-1.17542720E+2	1.64026164E+2	-7.98929100E-1
3.28966612E+3	2.26975335E+2	2.17954864E-7	1.10959361E+2	-1.13459500E+2	1.58697946E+2	-7.96538204E-1
3.52740116E+3	2.19036862E+2	2.09760017E-7	1.07532857E+2	-1.09500429E+2	1.53472015E+2	-7.94463676E-1
3.78231664E+3	2.11323496E+2	2.01998772E-7	1.04145084E+2	-1.05650860E+2	1.48351957E+2	-7.92575374E-1
4.05565415E+3	2.03825109E+2	1.94635283E-7	1.00804983E+2	-1.01906534E+2	1.43340806E+2	-7.90832193E-1
4.34874501E+3	1.96496467E+2	1.87620457E-7	9.75291343E+1	-9.82456007E+1	1.38434570E+2	-7.89057793E-1
4.66301673E+3	1.89355487E+2	1.80903618E-7	9.43350461E+1	-9.46771220E+1	1.33652005E+2	-7.87207972E-1
5.00000000E+3	1.82397422E+2	1.74474662E-7	9.12195144E+1	-9.11987074E+1	1.28989163E+2	-7.85284103E-1
5.36133611E+3	1.75599635E+2	1.68290006E-7	8.81971051E+1	-8.77989176E+1	1.24448300E+2	-7.83135689E-1
5.74878498E+3	1.68960289E+2	1.62329511E-7	8.52702612E+1	-8.44764483E+1	1.20030362E+2	-7.80721741E-1
6.16423370E+3	1.62476499E+2	1.56553734E-7	8.24516144E+1	-8.12291868E+1	1.15743033E+2	-7.77929939E-1
6.60970574E+3	1.56164179E+2	1.50969661E-7	7.97299688E+1	-7.80646980E+1	1.11583892E+2	-7.74845153E-1
7.08737081E+3	1.50029105E+2	1.45531096E-7	7.71219035E+1	-7.49849454E+1	1.07566399E+2	-7.71350028E-1
7.59955541E+3	1.44049748E+2	1.40232218E-7	7.46227843E+1	-7.19780055E+1	1.03679281E+2	-7.67359433E-1
8.14875417E+3	1.38239684E+2	1.35078663E-7	7.22227651E+1	-6.90501586E+1	9.99202293E+1	-7.62944653E-1
8.73764200E+3	1.32619201E+2	1.30020644E-7	6.99409247E+1	-6.62100934E+1	9.63094465E+1	-7.58002865E-1
9.36908711E+3	1.27168256E+2	1.25083778E-7	6.77570631E+1	-6.34470481E+1	9.28253604E+1	-7.52560277E-1
1.00461650E+4	1.21893872E+2	1.20247797E-7	6.56752576E+1	-6.07632452E+1	8.94729649E+1	-7.46568665E-1
1.07721735E+4	1.16803817E+2	1.15497688E-7	6.36972820E+1	-5.81613439E+1	8.62559313E+1	-7.40000191E-1
1.15506485E+4	1.11895750E+2	1.10827097E-7	6.18204390E+1	-5.56388148E+1	8.31711753E+1	-7.32818852E-1
1.23853818E+4	1.07170351E+2	1.06245612E-7	6.00345370E+1	-5.31956456E+1	8.02117347E+1	-7.25073315E-1
1.32804389E+4	1.02625254E+2	1.01741691E-7	5.83401004E+1	-5.08291285E+1	7.73767900E+1	-7.16705234E-1
1.42401793E+4	9.82682626E+1	9.73029399E-8	5.67391881E+1	-4.85420018E+1	7.46703517E+1	-7.07694994E-1
1.52692775E+4	9.40894129E+1	9.29396098E-8	5.52216633E+1	-4.63286276E+1	7.20817165E+1	-6.98048281E-1
1.63727458E+4	9.00969268E+1	8.86391913E-8	5.37906811E+1	-4.41920542E+1	6.96159108E+1	-6.87747311E-1
1.75559587E+4	8.62839168E+1	8.44157912E-8	5.24353577E+1	-4.21291015E+1	6.72631251E+1	-6.76840054E-1
1.88246790E+4	8.26589908E+1	8.02565406E-8	5.11604548E+1	-4.01432356E+1	6.50297742E+1	-6.65313086E-1
2.01850863E+4	7.92101460E+1	7.61702694E-8	4.99579626E+1	-3.82279930E+1	6.29061006E+1	-6.53160368E-1
2.16438064E+4	7.59380547E+1	7.21619860E-8	4.88239278E+1	-3.63843119E+1	6.08900163E+1	-6.40431518E-1
2.32079442E+4	7.28339315E+1	6.82296737E-8	4.77566283E+1	-3.46064650E+1	5.89771395E+1	-6.27073580E-1
2.48851178E+4	6.99026408E+1	6.43807851E-8	4.67528551E+1	-3.28986097E+1	5.71677183E+1	-6.13185211E-1
2.66834962E+4	6.71317371E+1	6.06187262E-8	4.58082478E+1	-3.12536661E+1	5.54543708E+1	-5.98728348E-1
2.86118383E+4	6.45224860E+1	5.69501431E-8	4.49202613E+1	-2.96738441E+1	5.38364832E+1	-5.83783389E-1
3.06795364E+4	6.20673809E+1	5.33778593E-8	4.40864668E+1	-2.81551939E+1	5.23099562E+1	-5.68344766E-1
3.28966612E+4	5.97640827E+1	4.99120071E-8	4.33026278E+1	-2.66987685E+1	5.08718176E+1	-5.52508748E-1
3.52740116E+4	5.76028100E+1	4.65513052E-8	4.25678513E+1	-2.52983373E+1	4.95179548E+1	-5.36222353E-1
3.78231664E+4	5.55785487E+1	4.33108467E-8	4.18748801E+1	-2.39549463E+1	4.82425648E+1	-5.19622027E-1
4.05565415E+4	5.36885633E+1	4.01887091E-8	4.12256239E+1	-2.26669900E+1	4.70461956E+1	-5.02710919E-1
4.34874501E+4	5.19207364E+1	3.71920493E-8	4.06138363E+1	-2.14293391E+1	4.59205867E+1	-4.85511522E-1
4.66301673E+4	5.02752893E+1	3.43176278E-8	4.00431659E+1	-2.02417045E+1	4.48684939E+1	-4.68035619E-1
5.00000000E+4	4.87348401E+1	3.15763998E-8	3.95022096E+1	-1.90973635E+1	4.38763475E+1	-4.50320582E-1
5.36133611E+4	4.73032194E+1	2.89711681E-8	3.89931043E+1	-1.80010326E+1	4.29476351E+1	-4.32496890E-1
5.74878498E+4	4.59721067E+1	2.64959840E-8	3.85161459E+1	-1.69462345E+1	4.20793105E+1	-4.14487957E-1
6.16423370E+4	4.47326486E+1	2.41578065E-8	3.80645389E+1	-1.59316826E+1	4.12641205E+1	-3.96389634E-1
6.60970574E+4	4.35798936E+1	2.19533241E-8	3.76380168E+1	-1.49546129E+1	4.05001329E+1	-3.78200235E-1
7.08737081E+4	4.25096655E+1	1.98766416E-8	3.72376814E+1	-1.40112973E+1	3.97864472E+1	-3.59880687E-1
7.59955541E+4	4.15172086E+1	1.79328993E-8	3.68588281E+1	-1.31035278E+1	3.91187379E+1	-3.41571333E-1
8.14875417E+4	4.05904342E+1	1.61130054E-8	3.64977455E+1	-1.22218617E+1	3.84897303E+1	-3.23129511E-1
8.73764200E+4	3.97312086E+1	1.44168741E-8	3.61557526E+1	-1.13698412E+1	3.79013423E+1	-3.04677126E-1
9.36908711E+4	3.89342200E+1	1.28376797E-8	3.58320737E+1	-1.05430701E+1	3.73509550E+1	-2.86159960E-1
1.00461650E+5	3.81928265E+1	1.13709101E-8	3.55233371E+1	-9.73802659E+0	3.68339062E+1	-2.67557571E-1
1.07721735E+5	3.75042985E+1	1.00112870E-8	3.52291459E+1	-8.95274637E+0	3.63489257E+1	-2.48860955E-1
1.15506485E+5	3.68645731E+1	8.75556670E-9	3.49469271E+1	-8.18631966E+0	3.58929457E+1	-2.30101146E-1
1.23853818E+5	3.62697715E+1	7.59479499E-9	3.46763393E+1	-7.43332953E+0	3.54641072E+1	-2.11167373E-1
1.32804389E+5	3.57202846E+1	6.52572265E-9	3.44181326E+1	-6.69457560E+0	3.50631642E+1	-1.92108507E-1
1.42401793E+5	3.52092711E+1	5.54006956E-9	3.41684862E+1	-5.96339136E+0	3.46849751E+1	-1.72788616E-1
1.52692775E+5	3.47369620E+1	4.63505310E-9	3.39274174E+1	-5.24077721E+0	3.43298035E+1	-1.53258954E-1
1.63727458E+5	3.42976079E+1	3.80189506E-9	3.36913611E+1	-4.51943245E+0	3.39931330E+1	-1.33346161E-1
1.75559587E+5	3.38977159E+1	3.03904991E-9	3.34655763E+1	-3.80286563E+0	3.36809531E+1	-1.13149780E-1
1.88246790E+5	3.35548696E+1	2.35125562E-9	3.32595409E+1	-3.10353533E+0	3.34068545E+1	-9.30371879E-2
2.01850863E+5	3.31949405E+1	1.69810505E-9	3.30261483E+1	-2.36104818E+0	3.31104368E+1	-7.13688476E-2
2.16438064E+5	3.28934781E+1	1.11075350E-9	3.28124712E+1	-1.63034660E+0	3.28529497E+1	-4.96459685E-2
2.32079442E+5	3.26251455E+1	5.76528181E-10	3.26006204E+1	-8.94160295E-1	3.26128807E+1	-2.74208338E-2
2.48851178E+5	3.23925253E+1	8.50692879E-11	3.23919233E+1	-1.39563971E-1	3.23922243E+1	-4.30858025E-3
2.66834962E+5	3.21935706E+1	-3.61382492E-10	3.21813231E+1	6.27716021E-1	3.21874463E+1	1.95031156E-2
2.86118383E+5	3.20310579E+1	-7.68492422E-10	3.19684546E+1	1.41467994E+0	3.19997410E+1	4.42235168E-2
3.06795364E+5	3.19095919E+1	-1.13856151E-9	3.17538482E+1	2.22383594E+0	3.18316248E+1	6.99194279E-2
3.28966612E+5	3.18311370E+1	-1.47223274E-9	3.15352541E+1	3.05461582E+0	3.16828501E+1	9.65622778E-2
3.52740116E+5	3.18030803E+1	-1.77809961E-9	3.13112424E+1	3.92428250E+0	3.15562031E+1	1.24681304E-1
3.78231664E+5	3.18318304E+1	-2.04957259E-9	3.10845687E+1	4.81956171E+0	3.14559806E+1	1.53821951E-1
4.05565415E+5	3.19150639E+1	-2.29284112E-9	3.08426233E+1	5.75124431E+0	3.13742616E+1	1.84353368E-1
4.34874501E+5	3.20670014E+1	-2.50875735E-9	3.05889587E+1	6.72396630E+0	3.13192621E+1	2.16375525E-1
4.66301673E+5	3.23009537E+1	-2.69839781E-9	3.03234594E+1	7.74367061E+0	3.12965918E+1	2.50025397E-1
NaN	NaN	NaN	NaN	NaN	NaN	NaN
