Start time:20240908_19-07-59	sweep/start:500.000	sweep/stop:500000.000	sweep/samplecount:100.000	sweep/xmapping:1.000	sweep/scan:0.000	sweep/averaging/sample:10.000	sweep/settling/time:0.100	sweep/settling/inaccuracy:0.010	sweep/awgcontrol:0.000	sweep/averaging/time:0.100	sweep/averaging/tc:15.000	sweep/bandwidthcontrol:2.000	sweep/sincfilter:0.000	sweep/omegasuppression:80.000	sweep/maxbandwidth:100.000	sweep/bandwidth:1250000.000	sweep/order:8.000	sweep/bandwidthoverlap:1.000																				
Frequency	Param0		Param1		RealZ		ImagZ		AbsZ		PhaseZ		
5.00000000E+2	1.22492530E+3	8.22814354E-7	1.11095444E+2	-3.51768957E+2	3.68895105E+2	-1.26489029E+0
5.36133611E+2	1.10521281E+3	8.09980330E-7	1.09493973E+2	-3.30189631E+2	3.47870844E+2	-1.25059815E+0
5.74878498E+2	9.98294242E+2	7.96346838E-7	1.07972589E+2	-3.10048875E+2	3.28311419E+2	-1.23568693E+0
6.16423370E+2	9.03446174E+2	7.81939501E-7	1.06459054E+2	-2.91284175E+2	3.10129011E+2	-1.22039642E+0
6.60970574E+2	8.19145286E+2	7.66747096E-7	1.04967801E+2	-2.73798502E+2	2.93230049E+2	-1.20470253E+0
7.08737081E+2	7.44098614E+2	7.50760525E-7	1.03510632E+2	-2.57502730E+2	2.77528573E+2	-1.18858528E+0
7.59955541E+2	6.77795371E+2	7.34061444E-7	1.02013952E+2	-2.42358669E+2	2.62953557E+2	-1.17238534E+0
8.14875417E+2	6.18641534E+2	7.16777487E-7	1.00518100E+2	-2.28212120E+2	2.49368527E+2	-1.15590490E+0
8.73764200E+2	5.65920626E+2	6.98822588E-7	9.90403961E+1	-2.15034875E+2	2.36746697E+2	-1.13918039E+0
9.36908711E+2	5.18998395E+2	6.80396388E-7	9.75330084E+1	-2.02748075E+2	2.24987712E+2	-1.12241912E+0
1.00461650E+3	4.77218425E+2	6.61449161E-7	9.60203035E+1	-1.91318468E+2	2.14062270E+2	-1.10564004E+0
1.07721735E+3	4.39786537E+2	6.42209157E-7	9.44905351E+1	-1.80630011E+2	2.03852061E+2	-1.08882702E+0
1.15506485E+3	4.06278085E+2	6.22662144E-7	9.29542532E+1	-1.70659836E+2	1.94332893E+2	-1.07205012E+0
1.23853818E+3	3.76296013E+2	6.02949514E-7	9.13905242E+1	-1.61361889E+2	1.85445107E+2	-1.05547195E+0
1.32804389E+3	3.49356770E+2	5.83102595E-7	8.98219954E+1	-1.52682447E+2	1.77143786E+2	-1.03902948E+0
1.42401793E+3	3.25128153E+2	5.63300412E-7	8.82248878E+1	-1.44570961E+2	1.69364677E+2	-1.02287182E+0
1.52692775E+3	3.03204569E+2	5.43542752E-7	8.66305046E+1	-1.36974156E+2	1.62070244E+2	-1.00685138E+0
1.63727458E+3	2.83410155E+2	5.23990586E-7	8.50088266E+1	-1.29868639E+2	1.55217152E+2	-9.91211320E-1
1.75559587E+3	2.65415428E+2	5.04663127E-7	8.33839138E+1	-1.23201054E+2	1.48766182E+2	-9.75803092E-1
1.88246790E+3	2.49041197E+2	4.85622332E-7	8.17538877E+1	-1.16946088E+2	1.42688772E+2	-9.60692577E-1
2.01850863E+3	2.34126043E+2	4.66902992E-7	8.01228038E+1	-1.11081821E+2	1.36962895E+2	-9.45920678E-1
2.16438064E+3	2.20434440E+2	4.48600586E-7	7.84898220E+1	-1.05551919E+2	1.31536534E+2	-9.31395183E-1
2.32079442E+3	2.07864152E+2	4.30695094E-7	7.68658630E+1	-1.00345883E+2	1.26402758E+2	-9.17127857E-1
2.48851178E+3	1.96309686E+2	4.13226099E-7	7.52494615E+1	-9.54448345E+1	1.21540931E+2	-9.03163817E-1
2.66834962E+3	1.85638768E+2	3.96217985E-7	7.36449659E+1	-9.08172857E+1	1.16924593E+2	-8.89436127E-1
2.86118383E+3	1.75738942E+2	3.79660222E-7	7.20618436E+1	-8.64358877E+1	1.12534759E+2	-8.75840033E-1
3.06795364E+3	1.66561375E+2	3.63535497E-7	7.05056287E+1	-8.22950218E+1	1.08367497E+2	-8.62400993E-1
3.28966612E+3	1.58031369E+2	3.47892410E-7	6.89690376E+1	-7.83743785E+1	1.04399576E+2	-8.49144464E-1
3.52740116E+3	1.50080355E+2	3.32675363E-7	6.74670382E+1	-7.46570537E+1	1.00625429E+2	-8.35944774E-1
3.78231664E+3	1.42663675E+2	3.17922239E-7	6.59919614E+1	-7.11316857E+1	9.70291488E+1	-8.22863031E-1
4.05565415E+3	1.35732638E+2	3.03575604E-7	6.45573233E+1	-6.77856010E+1	9.36084170E+1	-8.09786605E-1
4.34874501E+3	1.29236424E+2	2.89674910E-7	6.31544350E+1	-6.46016301E+1	9.03429760E+1	-7.96725478E-1
4.66301673E+3	1.23152829E+2	2.76168781E-7	6.17939378E+1	-6.15760298E+1	8.72358769E+1	-7.83631869E-1
5.00000000E+3	1.17468692E+2	2.63055758E-7	6.04757617E+1	-5.87085237E+1	8.42852808E+1	-7.70571473E-1
5.36133611E+3	1.12123809E+2	2.50355015E-7	5.91945505E+1	-5.59743122E+1	8.14685120E+1	-7.57444431E-1
5.74878498E+3	1.07111026E+2	2.38040418E-7	5.79552585E+1	-5.33744803E+1	7.87886233E+1	-7.44275317E-1
6.16423370E+3	1.02407499E+2	2.26119350E-7	5.67552051E+1	-5.09019180E+1	7.62375143E+1	-7.31081926E-1
6.60970574E+3	9.79857323E+1	2.14577240E-7	5.55960079E+1	-4.85458484E+1	7.38079638E+1	-7.17803644E-1
7.08737081E+3	9.38320773E+1	2.03411952E-7	5.44771022E+1	-4.63027534E+1	7.14961513E+1	-7.04464401E-1
7.59955541E+3	8.99301956E+1	1.92627329E-7	5.33963911E+1	-4.41675592E+1	6.92960885E+1	-6.91086145E-1
8.14875417E+3	8.62641942E+1	1.82225676E-7	5.23520078E+1	-4.21351519E+1	6.72019625E+1	-6.77687079E-1
8.73764200E+3	8.28131829E+1	1.72179911E-7	5.13477566E+1	-4.01955099E+1	6.52094406E+1	-6.64170662E-1
9.36908711E+3	7.95665218E+1	1.62508790E-7	5.03781033E+1	-3.83465401E+1	6.33120087E+1	-6.50614672E-1
1.00461650E+4	7.65161659E+1	1.53209055E-7	4.94429438E+1	-3.65866065E+1	6.15075969E+1	-6.37055012E-1
1.07721735E+4	7.36412321E+1	1.44262798E-7	4.85429738E+1	-3.49047859E+1	5.97893335E+1	-6.23396577E-1
1.15506485E+4	7.09361102E+1	1.35677902E-7	4.76755143E+1	-3.33010638E+1	5.81542391E+1	-6.09714556E-1
1.23853818E+4	6.83889559E+1	1.27438958E-7	4.68418501E+1	-3.17695811E+1	5.65991627E+1	-5.95965807E-1
1.32804389E+4	6.59835652E+1	1.19556076E-7	4.60357711E+1	-3.03036642E+1	5.51144654E+1	-5.82162390E-1
1.42401793E+4	6.37167157E+1	1.12012070E-7	4.52603866E+1	-2.89022590E+1	5.37014262E+1	-5.68303300E-1
1.52692775E+4	6.15809695E+1	1.04792948E-7	4.45170073E+1	-2.75615033E+1	5.23583847E+1	-5.54361983E-1
1.63727458E+4	5.95683561E+1	9.79099535E-8	4.38006568E+1	-2.62799455E+1	5.10796741E+1	-5.40411972E-1
1.75559587E+4	5.76693894E+1	9.13445903E-8	4.31125038E+1	-2.50516211E+1	4.98625286E+1	-5.26388221E-1
1.88246790E+4	5.58736257E+1	8.50861794E-8	4.24510678E+1	-2.38705229E+1	4.87021053E+1	-5.12242665E-1
2.01850863E+4	5.41827366E+1	7.91329304E-8	4.18172146E+1	-2.27396495E+1	4.76001168E+1	-4.98060487E-1
2.16438064E+4	5.25896275E+1	7.34665420E-8	4.12124437E+1	-2.16536724E+1	4.65547748E+1	-4.83772968E-1
2.32079442E+4	5.10849086E+1	6.81033692E-8	4.06284277E+1	-2.06114133E+1	4.55576504E+1	-4.69482517E-1
2.48851178E+4	4.96648859E+1	6.30224092E-8	4.00680815E+1	-1.96093212E+1	4.46091547E+1	-4.55131744E-1
2.66834962E+4	4.83272868E+1	5.81997092E-8	3.95358020E+1	-1.86434543E+1	4.37110746E+1	-4.40636859E-1
2.86118383E+4	4.70684113E+1	5.36497499E-8	3.90257921E+1	-1.77163642E+1	4.28588617E+1	-4.26146759E-1
3.06795364E+4	4.58852015E+1	4.93501968E-8	3.85415851E+1	-1.68236317E+1	4.20533993E+1	-4.11575801E-1
3.28966612E+4	4.47732676E+1	4.52985946E-8	3.80809282E+1	-1.59640373E+1	4.12917375E+1	-3.96959196E-1
3.52740116E+4	4.37204769E+1	4.14963040E-8	3.76355381E+1	-1.51330742E+1	4.05640688E+1	-3.82311388E-1
3.78231664E+4	4.27365715E+1	3.79203869E-8	3.72163754E+1	-1.43332364E+1	3.98810768E+1	-3.67624246E-1
4.05565415E+4	4.18114364E+1	3.45730880E-8	3.68158857E+1	-1.35615488E+1	3.92342333E+1	-3.52937806E-1
4.34874501E+4	4.09415876E+1	3.14489104E-8	3.64322367E+1	-1.28173995E+1	3.86211549E+1	-3.38290640E-1
4.66301673E+4	4.01279378E+1	2.85247189E-8	3.60710843E+1	-1.20969042E+1	3.80454758E+1	-3.23576072E-1
5.00000000E+4	3.93620999E+1	2.58045800E-8	3.57244916E+1	-1.13996358E+1	3.74992134E+1	-3.08885076E-1
5.36133611E+4	3.86430893E+1	2.32755140E-8	3.53938899E+1	-1.07238891E+1	3.69828237E+1	-2.94194919E-1
5.74878498E+4	3.79720246E+1	2.09337945E-8	3.50800435E+1	-1.00722792E+1	3.64974009E+1	-2.79601357E-1
6.16423370E+4	3.73411734E+1	1.87558815E-8	3.47818697E+1	-9.43490066E+0	3.60388100E+1	-2.64885061E-1
6.60970574E+4	3.67499868E+1	1.67452614E-8	3.44967811E+1	-8.81636740E+0	3.56055649E+1	-2.50214789E-1
7.08737081E+4	3.61953029E+1	1.48905106E-8	3.42238664E+1	-8.21402267E+0	3.51957840E+1	-2.35553124E-1
7.59955541E+4	3.56786383E+1	1.31822806E-8	3.39655771E+1	-7.62791557E+0	3.48115719E+1	-2.20912576E-1
8.14875417E+4	3.51898561E+1	1.16099432E-8	3.37146391E+1	-7.05240395E+0	3.44443507E+1	-2.06206011E-1
8.73764200E+4	3.47321123E+1	1.01625942E-8	3.34750938E+1	-6.48681785E+0	3.40978110E+1	-1.91408106E-1
9.36908711E+4	3.43064856E+1	8.83613865E-9	3.32477344E+1	-5.93304928E+0	3.37729614E+1	-1.76590917E-1
1.00461650E+5	3.39046132E+1	7.61895568E-9	3.30265374E+1	-5.38514578E+0	3.34626953E+1	-1.61632687E-1
1.07721735E+5	3.35284132E+1	6.50351134E-9	3.28136812E+1	-4.84282815E+0	3.31691221E+1	-1.46527884E-1
1.15506485E+5	3.31764287E+1	5.48361775E-9	3.26079814E+1	-4.30533513E+0	3.28909770E+1	-1.31273861E-1
1.23853818E+5	3.28466905E+1	4.55121699E-9	3.24080885E+1	-3.77017793E+0	3.26266525E+1	-1.15813882E-1
1.32804389E+5	3.25399553E+1	3.69631528E-9	3.22154449E+1	-3.23327212E+0	3.23772935E+1	-1.00029079E-1
1.42401793E+5	3.22552743E+1	2.91565299E-9	3.20284963E+1	-2.69505990E+0	3.21416853E+1	-8.39479334E-2
1.52692775E+5	3.19881597E+1	2.20510869E-9	3.18423316E+1	-2.15487681E+0	3.19151623E+1	-6.75703134E-2
1.63727458E+5	3.17443700E+1	1.55170023E-9	3.16630669E+1	-1.60446016E+0	3.17036924E+1	-5.06296160E-2
1.75559587E+5	3.15212446E+1	9.58586202E-10	3.14862660E+1	-1.04944614E+0	3.15037505E+1	-3.33179465E-2
1.88246790E+5	3.13327305E+1	4.49749051E-10	3.13124517E+1	-5.21757379E-1	3.13225877E+1	-1.66606815E-2
2.01850863E+5	3.11400964E+1	-7.90827434E-11	3.11397924E+1	9.72583880E-2	3.11399444E+1	3.12327582E-3
2.16438064E+5	3.09828505E+1	-5.31842837E-10	3.09672998E+1	6.93939523E-1	3.09750742E+1	2.24050315E-2
2.32079442E+5	3.08522671E+1	-9.43753520E-10	3.07967495E+1	1.30757640E+0	3.08244958E+1	4.24327748E-2
2.48851178E+5	3.07455933E+1	-1.31812315E-9	3.06226339E+1	1.94044356E+0	3.06840520E+1	6.32817069E-2
2.66834962E+5	3.06683467E+1	-1.65739847E-9	3.04472215E+1	2.59470208E+0	3.05575841E+1	8.50142637E-2
2.86118383E+5	3.06240055E+1	-1.96607868E-9	3.02693709E+1	3.27636185E+0	3.04461719E+1	1.07820410E-1
3.06795364E+5	3.06170586E+1	-2.24386128E-9	3.00893555E+1	3.98474936E+0	3.03520602E+1	1.31664396E-1
3.28966612E+5	3.06505585E+1	-2.49334547E-9	2.99043806E+1	4.72375311E+0	3.02751708E+1	1.56667433E-1
3.52740116E+5	3.07303414E+1	-2.71866684E-9	2.97116479E+1	5.50154569E+0	3.02167020E+1	1.83090938E-1
3.78231664E+5	3.08639583E+1	-2.91404906E-9	2.95155407E+1	6.30865969E+0	3.01822202E+1	2.10571730E-1
4.05565415E+5	3.10525454E+1	-3.09176157E-9	2.92989085E+1	7.16795584E+0	3.01629853E+1	2.39936373E-1
4.34874501E+5	3.13160401E+1	-3.24420737E-9	2.90754360E+1	8.07133646E+0	3.01749485E+1	2.70781650E-1
4.66301673E+5	3.16586920E+1	-3.37229042E-9	2.88371766E+1	9.02022696E+0	3.02150176E+1	3.03156839E-1
NaN	NaN	NaN	NaN	NaN	NaN	NaN
