Start time:20240906_02-13-14	sweep/start:500.000	sweep/stop:500000.000	sweep/samplecount:100.000	sweep/xmapping:1.000	sweep/scan:0.000	sweep/averaging/sample:10.000	sweep/settling/time:0.100	sweep/settling/inaccuracy:0.010	sweep/awgcontrol:0.000	sweep/averaging/time:0.100	sweep/averaging/tc:15.000	sweep/bandwidthcontrol:2.000	sweep/sincfilter:0.000	sweep/omegasuppression:80.000	sweep/maxbandwidth:100.000	sweep/bandwidth:1250000.000	sweep/order:8.000	sweep/bandwidthoverlap:1.000																				
Frequency	Param0		Param1		RealZ		ImagZ		AbsZ		PhaseZ		
5.00000000E+2	1.00087078E+3	6.92129860E-7	1.74482958E+2	-3.79724335E+2	4.17893380E+2	-1.14007116E+0
5.36133611E+2	9.16865264E+2	6.73736747E-7	1.72016731E+2	-3.57947473E+2	3.97134929E+2	-1.12281793E+0
5.74878498E+2	8.41947558E+2	6.54644969E-7	1.69623204E+2	-3.37700746E+2	3.77907169E+2	-1.10531959E+0
6.16423370E+2	7.75328504E+2	6.35086161E-7	1.67201327E+2	-3.18872475E+2	3.60049917E+2	-1.08785766E+0
6.60970574E+2	7.15966964E+2	6.15141243E-7	1.64760962E+2	-3.01358955E+2	3.43457998E+2	-1.07046974E+0
7.08737081E+2	6.62883033E+2	5.94963321E-7	1.62292495E+2	-2.85029962E+2	3.27995328E+2	-1.05319022E+0
7.59955541E+2	6.15736077E+2	5.74617726E-7	1.59757463E+2	-2.69899944E+2	3.13637416E+2	-1.03634389E+0
8.14875417E+2	5.73422705E+2	5.54234575E-7	1.57198447E+2	-2.55792485E+2	3.00235159E+2	-1.01974359E+0
8.73764200E+2	5.35496715E+2	5.33893993E-7	1.54606543E+2	-2.42668720E+2	2.87734760E+2	-1.00353642E+0
9.36908711E+2	5.01425241E+2	5.13836758E-7	1.51925303E+2	-2.30429766E+2	2.76005755E+2	-9.87902126E-1
1.00461650E+3	4.70759395E+2	4.93956033E-7	1.49236951E+2	-2.19050273E+2	2.65056017E+2	-9.72737488E-1
1.07721735E+3	4.43049474E+2	4.74494842E-7	1.46483222E+2	-2.08427392E+2	2.54753435E+2	-9.58192187E-1
1.15506485E+3	4.17927246E+2	4.55507297E-7	1.43675974E+2	-1.98502683E+2	2.45043061E+2	-9.44276041E-1
1.23853818E+3	3.95139815E+2	4.37043476E-7	1.40817177E+2	-1.89243213E+2	2.35886566E+2	-9.31077500E-1
1.32804389E+3	3.74356167E+2	4.19148348E-7	1.37919312E+2	-1.80580194E+2	2.27224435E+2	-9.18548982E-1
1.42401793E+3	3.55261878E+2	4.01926406E-7	1.34966201E+2	-1.72431055E+2	2.18971104E+2	-9.06677662E-1
1.52692775E+3	3.37797413E+2	3.85290065E-7	1.31996484E+2	-1.64818076E+2	2.11158874E+2	-8.95530181E-1
1.63727458E+3	3.21574638E+2	3.69342174E-7	1.28997373E+2	-1.57613325E+2	2.03671998E+2	-8.84910954E-1
1.75559587E+3	3.06622729E+2	3.54075599E-7	1.25964511E+2	-1.50852654E+2	1.96528832E+2	-8.75065313E-1
1.88246790E+3	2.92642300E+2	3.39463046E-7	1.22926937E+2	-1.44438876E+2	1.89667132E+2	-8.65684042E-1
2.01850863E+3	2.79600792E+2	3.25497835E-7	1.19883274E+2	-1.38374341E+2	1.83083199E+2	-8.56875500E-1
2.16438064E+3	2.67365746E+2	3.12143462E-7	1.16850936E+2	-1.32618987E+2	1.76753889E+2	-8.48520414E-1
2.32079442E+3	2.55873354E+2	2.99373465E-7	1.13837912E+2	-1.27157452E+2	1.70669528E+2	-8.40610857E-1
2.48851178E+3	2.44983679E+2	2.87184913E-7	1.10845172E+2	-1.21936891E+2	1.64788524E+2	-8.33010664E-1
2.66834962E+3	2.34722599E+2	2.75507094E-7	1.07893908E+2	-1.16978813E+2	1.59138739E+2	-8.25776411E-1
2.86118383E+3	2.24957239E+2	2.64325889E-7	1.04987952E+2	-1.12228914E+2	1.53680836E+2	-8.18720998E-1
3.06795364E+3	2.15669486E+2	2.53628952E-7	1.02125197E+2	-1.07683483E+2	1.48409193E+2	-8.11884131E-1
3.28966612E+3	2.06841681E+2	2.43360820E-7	9.93222014E+1	-1.03339592E+2	1.43331682E+2	-8.05218694E-1
3.52740116E+3	1.98419844E+2	2.33500916E-7	9.65815628E+1	-9.91750980E+1	1.38433011E+2	-7.98646158E-1
3.78231664E+3	1.90369029E+2	2.24028817E-7	9.39050897E+1	-9.51759145E+1	1.33703480E+2	-7.92119123E-1
4.05565415E+3	1.82687507E+2	2.14892026E-7	9.13080125E+1	-9.13437458E+1	1.29154300E+2	-7.85593801E-1
4.34874501E+3	1.75335281E+2	2.06134256E-7	8.87650479E+1	-8.76607706E+1	1.24754337E+2	-7.79139084E-1
4.66301673E+3	1.68312101E+2	1.97668888E-7	8.63064038E+1	-8.41285721E+1	1.20525566E+2	-7.72620779E-1
5.00000000E+3	1.61594662E+2	1.89501726E-7	8.39231382E+1	-8.07368437E+1	1.16453987E+2	-7.66049825E-1
5.36133611E+3	1.55157576E+2	1.81618704E-7	8.16146375E+1	-7.74737385E+1	1.12530570E+2	-7.59375116E-1
5.74878498E+3	1.49005458E+2	1.74012941E-7	7.93780917E+1	-7.43430388E+1	1.08755547E+2	-7.52655407E-1
6.16423370E+3	1.43098298E+2	1.66677282E-7	7.72095947E+1	-7.13248907E+1	1.05112138E+2	-7.45800436E-1
6.60970574E+3	1.37452668E+2	1.59570881E-7	7.51217662E+1	-6.84281183E+1	1.01615388E+2	-7.38802494E-1
7.08737081E+3	1.32049815E+2	1.52691692E-7	7.31096637E+1	-6.56436940E+1	9.82553689E+1	-7.31642514E-1
7.59955541E+3	1.26867815E+2	1.46055822E-7	7.11602452E+1	-6.29616094E+1	9.50154976E+1	-7.24345870E-1
8.14875417E+3	1.21896598E+2	1.39643274E-7	6.92765229E+1	-6.03766164E+1	9.18943549E+1	-7.16861705E-1
8.73764200E+3	1.17142275E+2	1.33417807E-7	6.74700134E+1	-5.78911744E+1	8.89021418E+1	-7.09136426E-1
9.36908711E+3	1.12585745E+2	1.27393320E-7	6.57290426E+1	-5.54963614E+1	8.60241430E+1	-7.01187420E-1
1.00461650E+4	1.08219150E+2	1.21564267E-7	6.40511704E+1	-5.31884453E+1	8.32560098E+1	-6.93007894E-1
1.07721735E+4	1.04036863E+2	1.15904585E-7	6.24431927E+1	-5.09631391E+1	8.06002103E+1	-6.84512442E-1
1.15506485E+4	1.00028735E+2	1.10432700E-7	6.08923809E+1	-4.88170639E+1	7.80447807E+1	-6.75773090E-1
1.23853818E+4	9.61948743E+1	1.05118373E-7	5.94084344E+1	-4.67485270E+1	7.55962093E+1	-6.66702250E-1
1.32804389E+4	9.25215721E+1	9.99642779E-8	5.79851643E+1	-4.47504106E+1	7.32453313E+1	-6.57280305E-1
1.42401793E+4	8.90052430E+1	9.49677309E-8	5.66201581E+1	-4.28211233E+1	7.09893719E+1	-6.47513040E-1
1.52692775E+4	8.56456543E+1	9.01191813E-8	5.53148649E+1	-4.09602668E+1	6.88293380E+1	-6.37388773E-1
1.63727458E+4	8.24381878E+1	8.54125471E-8	5.40688100E+1	-3.91650158E+1	6.67632736E+1	-6.26885320E-1
1.75559587E+4	7.93730135E+1	8.08525607E-8	5.28758459E+1	-3.74307372E+1	6.47836029E+1	-6.16007395E-1
1.88246790E+4	7.64555205E+1	7.64168008E-8	5.17451234E+1	-3.57581110E+1	6.28983333E+1	-6.04689302E-1
2.01850863E+4	7.36714726E+1	7.21237183E-8	5.06637653E+1	-3.41417201E+1	6.10939784E+1	-5.92985564E-1
2.16438064E+4	7.10295542E+1	6.79630974E-8	4.96371924E+1	-3.25861434E+1	5.93776695E+1	-5.80921598E-1
2.32079442E+4	6.85198171E+1	6.39358507E-8	4.86615838E+1	-3.10858979E+1	5.77432490E+1	-5.68474239E-1
2.48851178E+4	6.61303953E+1	6.00464183E-8	4.77306141E+1	-2.96349923E+1	5.61822424E+1	-5.55631255E-1
2.66834962E+4	6.38734660E+1	5.62872559E-8	4.68509220E+1	-2.82404294E+1	5.47040288E+1	-5.42455330E-1
2.86118383E+4	6.17326657E+1	5.26617600E-8	4.60154468E+1	-2.68930258E+1	5.32978066E+1	-5.28895833E-1
3.06795364E+4	5.97109350E+1	4.91738676E-8	4.52233364E+1	-2.55964357E+1	5.19646774E+1	-5.15044696E-1
3.28966612E+4	5.78031570E+1	4.58209578E-8	4.44740392E+1	-2.43474781E+1	5.07024641E+1	-5.00886191E-1
3.52740116E+4	5.60040338E+1	4.26025873E-8	4.37658848E+1	-2.31433229E+1	4.95082426E+1	-4.86419898E-1
3.78231664E+4	5.43048488E+1	3.95315133E-8	4.30895349E+1	-2.19832352E+1	4.83732433E+1	-4.71755016E-1
4.05565415E+4	5.27129760E+1	3.65933070E-8	4.24552448E+1	-2.08685042E+1	4.73068948E+1	-4.56857742E-1
4.34874501E+4	5.12135718E+1	3.37964053E-8	4.18525947E+1	-1.97934627E+1	4.62970935E+1	-4.41760293E-1
4.66301673E+4	4.98066633E+1	3.11414110E-8	4.12815336E+1	-1.87598083E+1	4.53441886E+1	-4.26536643E-1
5.00000000E+4	4.84824465E+1	2.86238158E-8	4.07390012E+1	-1.77611998E+1	4.44423947E+1	-4.11130009E-1
5.36133611E+4	4.72410855E+1	2.62420957E-8	4.02257735E+1	-1.67987006E+1	4.35925361E+1	-3.95594961E-1
5.74878498E+4	4.60761656E+1	2.39965244E-8	3.97379541E+1	-1.58703355E+1	4.27898651E+1	-3.79967254E-1
6.16423370E+4	4.49827863E+1	2.18815168E-8	3.92748394E+1	-1.49725977E+1	4.20320319E+1	-3.64218050E-1
6.60970574E+4	4.39584661E+1	1.98942427E-8	3.88357991E+1	-1.41047105E+1	4.13178189E+1	-3.48375273E-1
7.08737081E+4	4.29968159E+1	1.80359429E-8	3.84155318E+1	-1.32662147E+1	4.06416725E+1	-3.32512585E-1
7.59955541E+4	4.20973975E+1	1.62960722E-8	3.80179513E+1	-1.24536011E+1	4.00057097E+1	-3.16556061E-1
8.14875417E+4	4.12496415E+1	1.46745465E-8	3.76347067E+1	-1.16639187E+1	3.94007380E+1	-3.00536815E-1
8.73764200E+4	4.04555063E+1	1.31620140E-8	3.72704787E+1	-1.08952969E+1	3.88303501E+1	-2.84405771E-1
9.36908711E+4	3.97085666E+1	1.17564299E-8	3.69202727E+1	-1.01461600E+1	3.82890468E+1	-2.68192078E-1
1.00461650E+5	3.90098724E+1	1.04497368E-8	3.65874374E+1	-9.41438695E+0	3.77792438E+1	-2.51848625E-1
1.07721735E+5	3.83486418E+1	9.23744927E-9	3.62639327E+1	-8.69481118E+0	3.72917225E+1	-2.35322491E-1
1.15506485E+5	3.77312898E+1	8.11667953E-9	3.59550855E+1	-7.99146884E+0	3.68324822E+1	-2.18707372E-1
1.23853818E+5	3.71506186E+1	7.07995815E-9	3.56567454E+1	-7.29840047E+0	3.63960183E+1	-2.01896273E-1
1.32804389E+5	3.66060842E+1	6.11807249E-9	3.53707973E+1	-6.61005402E+0	3.59831402E+1	-1.84747822E-1
1.42401793E+5	3.60893559E+1	5.23260646E-9	3.50876518E+1	-5.92852731E+0	3.55849793E+1	-1.67382457E-1
1.52692775E+5	3.56066442E+1	4.41412911E-9	3.48150261E+1	-5.24978054E+0	3.52086104E+1	-1.49663115E-1
1.63727458E+5	3.51550846E+1	3.65905315E-9	3.45500703E+1	-4.57201032E+0	3.48512646E+1	-1.31565579E-1
1.75559587E+5	3.47341264E+1	2.96188058E-9	3.42924991E+1	-3.89159349E+0	3.45126064E+1	-1.12998933E-1
1.88246790E+5	3.43381264E+1	2.34089127E-9	3.40255712E+1	-3.23453619E+0	3.41814691E+1	-9.47764523E-2
2.01850863E+5	3.39786045E+1	1.72700227E-9	3.37914391E+1	-2.51487068E+0	3.38848925E+1	-7.42863527E-2
2.16438064E+5	3.36453150E+1	1.18177821E-9	3.35472292E+1	-1.81397261E+0	3.35962363E+1	-5.40195979E-2
2.32079442E+5	3.33399105E+1	6.79542066E-10	3.33035619E+1	-1.10024152E+0	3.33217312E+1	-3.30247397E-2
2.48851178E+5	3.30670675E+1	2.16822053E-10	3.30629121E+1	-3.70646788E-1	3.30649897E+1	-1.12098738E-2
2.66834962E+5	3.28241055E+1	-2.09412532E-10	3.28197439E+1	3.78225113E-1	3.28219246E+1	1.15238455E-2
2.86118383E+5	3.26193592E+1	-5.99869643E-10	3.25790450E+1	1.14603094E+0	3.25991958E+1	3.51624336E-2
3.06795364E+5	3.24503522E+1	-9.59329880E-10	3.23339149E+1	1.94032435E+0	3.23920812E+1	5.99370750E-2
3.28966612E+5	3.23259912E+1	-1.28719781E-9	3.20886268E+1	2.75981400E+0	3.22070903E+1	8.57948727E-2
3.52740116E+5	3.22481122E+1	-1.58871429E-9	3.18376136E+1	3.61514119E+0	3.20422055E+1	1.13065108E-1
3.78231664E+5	3.22171224E+1	-1.86174982E-9	3.15755530E+1	4.50087341E+0	3.18947246E+1	1.41589155E-1
4.05565415E+5	3.22458921E+1	-2.10951407E-9	3.13052737E+1	5.42644145E+0	3.17721022E+1	1.71634078E-1
4.34874501E+5	3.23482800E+1	-2.33161978E-9	3.10303493E+1	6.39498252E+0	3.16824624E+1	2.03242495E-1
4.66301673E+5	3.25186949E+1	-2.52946947E-9	3.07337117E+1	7.40669251E+0	3.16136077E+1	2.36486261E-1
5.00000000E+5	3.27837824E+1	-2.70354569E-9	3.04248576E+1	8.47170938E+0	3.15823037E+1	2.71568027E-1
