Start time:20240906_11-39-13	sweep/start:500.000	sweep/stop:500000.000	sweep/samplecount:100.000	sweep/xmapping:1.000	sweep/scan:0.000	sweep/averaging/sample:10.000	sweep/settling/time:0.100	sweep/settling/inaccuracy:0.010	sweep/awgcontrol:0.000	sweep/averaging/time:0.100	sweep/averaging/tc:15.000	sweep/bandwidthcontrol:2.000	sweep/sincfilter:0.000	sweep/omegasuppression:80.000	sweep/maxbandwidth:100.000	sweep/bandwidth:1250000.000	sweep/order:8.000	sweep/bandwidthoverlap:1.000																				
Frequency	Param0		Param1		RealZ		ImagZ		AbsZ		PhaseZ		
5.00000000E+2	1.05254832E+3	7.33707299E-7	1.52850605E+2	-3.70835963E+2	4.01101762E+2	-1.17983554E+0
5.36133611E+2	9.59756341E+2	7.16721953E-7	1.50681389E+2	-3.49159717E+2	3.80285937E+2	-1.16338722E+0
5.74878498E+2	8.77401595E+2	6.99151269E-7	1.48469175E+2	-3.28974129E+2	3.60925306E+2	-1.14685388E+0
6.16423370E+2	8.04261144E+2	6.80962126E-7	1.46244321E+2	-3.10211564E+2	3.42955708E+2	-1.13026143E+0
6.60970574E+2	7.38930491E+2	6.62281317E-7	1.44023386E+2	-2.92712366E+2	3.26225790E+2	-1.11354469E+0
7.08737081E+2	6.80657655E+2	6.43133212E-7	1.41802187E+2	-2.76425170E+2	3.10674647E+2	-1.09681413E+0
7.59955541E+2	6.28680919E+2	6.23712927E-7	1.39532288E+2	-2.61250875E+2	2.96177786E+2	-1.08024768E+0
8.14875417E+2	5.82229915E+2	6.04009797E-7	1.37252153E+2	-2.47131850E+2	2.82687647E+2	-1.06383178E+0
8.73764200E+2	5.40593967E+2	5.84217737E-7	1.34934159E+2	-2.33960167E+2	2.70082558E+2	-1.04765546E+0
9.36908711E+2	5.03236677E+2	5.64391588E-7	1.32587623E+2	-2.21683271E+2	2.58307862E+2	-1.03177885E+0
1.00461650E+3	4.69650959E+2	5.44633889E-7	1.30209960E+2	-2.10234620E+2	2.47291791E+2	-1.01626631E+0
1.07721735E+3	4.39353065E+2	5.25061918E-7	1.27797166E+2	-1.99539364E+2	2.36955849E+2	-1.00115622E+0
1.15506485E+3	4.11994063E+2	5.05751136E-7	1.25348092E+2	-1.89553484E+2	2.27250233E+2	-9.86531630E-1
1.23853818E+3	3.87191146E+2	4.86775812E-7	1.22869750E+2	-1.80214045E+2	2.18114828E+2	-9.72390549E-1
1.32804389E+3	3.64607344E+2	4.68241094E-7	1.20355026E+2	-1.71455512E+2	2.09481086E+2	-9.58755690E-1
1.42401793E+3	3.44028038E+2	4.50087662E-7	1.17840777E+2	-1.63260777E+2	2.01346792E+2	-9.45592259E-1
1.52692775E+3	3.25175929E+2	4.32499771E-7	1.15287675E+2	-1.55555547E+2	1.93620186E+2	-9.32992942E-1
1.63727458E+3	3.07846992E+2	4.15414321E-7	1.12733299E+2	-1.48309843E+2	1.86291724E+2	-9.20849726E-1
1.75559587E+3	2.91867198E+2	3.98928116E-7	1.10156764E+2	-1.41480150E+2	1.79307405E+2	-9.09239649E-1
1.88246790E+3	2.77087356E+2	3.82973351E-7	1.07590849E+2	-1.35041744E+2	1.72661703E+2	-8.98056819E-1
2.01850863E+3	2.63355820E+2	3.67547610E-7	1.05045176E+2	-1.28956462E+2	1.66325760E+2	-8.87228983E-1
2.16438064E+3	2.50597696E+2	3.52706613E-7	1.02502241E+2	-1.23207612E+2	1.60271099E+2	-8.76876592E-1
2.32079442E+3	2.38637336E+2	3.38423171E-7	9.99799563E+1	-1.17741065E+2	1.54463427E+2	-8.66795289E-1
2.48851178E+3	2.27433421E+2	3.24659115E-7	9.74888865E+1	-1.12552867E+2	1.48903428E+2	-8.56994555E-1
2.66834962E+3	2.16929187E+2	3.11395866E-7	9.50340844E+1	-1.07629872E+2	1.43581568E+2	-8.47469420E-1
2.86118383E+3	2.07022457E+2	2.98603942E-7	9.26262847E+1	-1.02937322E+2	1.38476427E+2	-8.38074112E-1
3.06795364E+3	1.97685268E+2	2.86292726E-7	9.02582555E+1	-9.84691549E+1	1.33576672E+2	-8.28877405E-1
3.28966612E+3	1.88861580E+2	2.74419789E-7	8.79417433E+1	-9.42075701E+1	1.28875198E+2	-8.19784004E-1
3.52740116E+3	1.80518175E+2	2.62942862E-7	8.56872188E+1	-9.01432233E+1	1.24370818E+2	-8.10735362E-1
3.78231664E+3	1.72627367E+2	2.51872503E-7	8.34869252E+1	-8.62673818E+1	1.20050523E+2	-8.01775999E-1
4.05565415E+3	1.65123598E+2	2.41194369E-7	8.13419635E+1	-8.25527867E+1	1.15894252E+2	-7.92785838E-1
4.34874501E+3	1.58033966E+2	2.30864158E-7	7.92624662E+1	-7.90166010E+1	1.11920337E+2	-7.83844798E-1
4.66301673E+3	1.51288597E+2	2.20881131E-7	7.72444622E+1	-7.56273710E+1	1.08102758E+2	-7.74820473E-1
5.00000000E+3	1.44899020E+2	2.11202722E-7	7.52982082E+1	-7.23934829E+1	1.04453993E+2	-7.65733206E-1
5.36133611E+3	1.38819697E+2	2.01859576E-7	7.34084237E+1	-6.92945768E+1	1.00948180E+2	-7.56578111E-1
5.74878498E+3	1.33048920E+2	1.92845631E-7	7.15731242E+1	-6.63326069E+1	9.75844602E+1	-7.47415717E-1
6.16423370E+3	1.27566288E+2	1.84095631E-7	6.98103572E+1	-6.34977330E+1	9.43686818E+1	-7.38079864E-1
6.60970574E+3	1.22351418E+2	1.75645947E-7	6.81031786E+1	-6.07822137E+1	9.12826406E+1	-7.28657006E-1
7.08737081E+3	1.17403206E+2	1.67472672E-7	6.64565521E+1	-5.81871028E+1	8.83301323E+1	-7.19150520E-1
7.59955541E+3	1.12685384E+2	1.59577874E-7	6.48641127E+1	-5.56945625E+1	8.54940784E+1	-7.09485505E-1
8.14875417E+3	1.08206805E+2	1.51937137E-7	6.33320110E+1	-5.33105139E+1	8.27825740E+1	-6.99692311E-1
8.73764200E+3	1.03944225E+2	1.44555740E-7	6.18536432E+1	-5.10240708E+1	8.01830967E+1	-6.89750167E-1
9.36908711E+3	9.98876506E+1	1.37422134E-7	6.04293054E+1	-4.88307316E+1	7.76926079E+1	-6.79638564E-1
1.00461650E+4	9.60263949E+1	1.30519260E-7	5.90611961E+1	-4.67248201E+1	7.53089220E+1	-6.69306207E-1
1.07721735E+4	9.23575962E+1	1.23859938E-7	5.77423302E+1	-4.47075618E+1	7.30270005E+1	-6.58847425E-1
1.15506485E+4	8.88639410E+1	1.17425414E-7	5.64746539E+1	-4.27688409E+1	7.08417977E+1	-6.48163351E-1
1.23853818E+4	8.55341034E+1	1.11208481E-7	5.52567323E+1	-4.09026717E+1	6.87483457E+1	-6.37218705E-1
1.32804389E+4	8.23718592E+1	1.05211241E-7	5.40867650E+1	-3.91132869E+1	6.67474897E+1	-6.26099882E-1
1.42401793E+4	7.93607703E+1	9.94173327E-8	5.29657604E+1	-3.73902627E+1	6.48336605E+1	-6.14696561E-1
1.52692775E+4	7.65004913E+1	9.38323578E-8	5.18902376E+1	-3.57355826E+1	6.30049891E+1	-6.03085743E-1
1.63727458E+4	7.37795481E+1	8.84491512E-8	5.08588209E+1	-3.41426582E+1	6.12563532E+1	-5.91218780E-1
1.75559587E+4	7.11972237E+1	8.32501988E-8	4.98765152E+1	-3.26098536E+1	5.95908498E+1	-5.79050195E-1
1.88246790E+4	6.87449574E+1	7.82445931E-8	4.89369051E+1	-3.11343014E+1	5.80014262E+1	-5.66622083E-1
2.01850863E+4	6.64163764E+1	7.34375810E-8	4.80353731E+1	-2.97142781E+1	5.64830542E+1	-5.53977747E-1
2.16438064E+4	6.42121477E+1	6.88104630E-8	4.71783028E+1	-2.83483309E+1	5.50401684E+1	-5.41063698E-1
2.32079442E+4	6.21217037E+1	6.43673492E-8	4.63602352E+1	-2.70315623E+1	5.36654152E+1	-5.27882778E-1
2.48851178E+4	6.01473958E+1	6.01102371E-8	4.55809641E+1	-2.57672657E+1	5.23600638E+1	-5.14519684E-1
2.66834962E+4	5.82777313E+1	5.60297630E-8	4.48393405E+1	-2.45472718E+1	5.11188325E+1	-5.00882899E-1
2.86118383E+4	5.65131665E+1	5.21352543E-8	4.41318754E+1	-2.33754053E+1	4.99402845E+1	-4.87102237E-1
3.06795364E+4	5.48467070E+1	4.84125599E-8	4.34607038E+1	-2.22450823E+1	4.88229094E+1	-4.73077520E-1
3.28966612E+4	5.32775717E+1	4.48699190E-8	4.28223489E+1	-2.11593285E+1	4.77647439E+1	-4.58931605E-1
3.52740116E+4	5.17946224E+1	4.15039121E-8	4.22125679E+1	-2.01117656E+1	4.67587854E+1	-4.44622779E-1
3.78231664E+4	5.04014795E+1	3.83032090E-8	4.16372383E+1	-1.91028476E+1	4.58102435E+1	-4.30141567E-1
4.05565415E+4	4.90914807E+1	3.52746967E-8	4.10902128E+1	-1.81321202E+1	4.49130202E+1	-4.15575313E-1
4.34874501E+4	4.78571376E+1	3.24182738E-8	4.05670284E+1	-1.71970362E+1	4.40615689E+1	-4.00952631E-1
4.66301673E+4	4.66978850E+1	2.97224051E-8	4.00713042E+1	-1.62952668E+1	4.32578912E+1	-3.86231761E-1
5.00000000E+4	4.56088296E+1	2.71884578E-8	3.95991342E+1	-1.54265590E+1	4.24978842E+1	-3.71481127E-1
5.36133611E+4	4.45832863E+1	2.48082627E-8	3.91487710E+1	-1.45861091E+1	4.17777556E+1	-3.56648688E-1
5.74878498E+4	4.36234831E+1	2.25788310E-8	3.87221428E+1	-1.37764431E+1	4.10998144E+1	-3.41811961E-1
6.16423370E+4	4.27181162E+1	2.04946188E-8	3.83129034E+1	-1.29914003E+1	4.04555937E+1	-3.26919717E-1
6.60970574E+4	4.18661607E+1	1.85509445E-8	3.79210212E+1	-1.22312595E+1	3.98447935E+1	-3.12010401E-1
7.08737081E+4	4.10649031E+1	1.67392933E-8	3.75467240E+1	-1.14933064E+1	3.92664307E+1	-2.97049880E-1
7.59955541E+4	4.03144322E+1	1.50527753E-8	3.71916887E+1	-1.07768312E+1	3.87215936E+1	-2.82040179E-1
8.14875417E+4	3.96047670E+1	1.34897876E-8	3.68476383E+1	-1.00793685E+1	3.82013368E+1	-2.67010006E-1
8.73764200E+4	3.89376221E+1	1.20356270E-8	3.65201727E+1	-9.39604483E+0	3.77095304E+1	-2.51822066E-1
9.36908711E+4	3.83070714E+1	1.06934118E-8	3.62019517E+1	-8.72980149E+0	3.72396395E+1	-2.36624255E-1
1.00461650E+5	3.77135014E+1	9.45107682E-9	3.58964462E+1	-8.07625038E+0	3.67937586E+1	-2.21302510E-1
1.07721735E+5	3.71529503E+1	8.30158981E-9	3.56014794E+1	-7.43200215E+0	3.63689427E+1	-2.05799894E-1
1.15506485E+5	3.66250530E+1	7.23836076E-9	3.53176737E+1	-6.79511504E+0	3.59654233E+1	-1.90077154E-1
1.23853818E+5	3.61275537E+1	6.25914425E-9	3.50424285E+1	-6.16647499E+0	3.55808547E+1	-1.74188317E-1
1.32804389E+5	3.56551150E+1	5.35368195E-9	3.47728928E+1	-5.53869379E+0	3.52112409E+1	-1.57955060E-1
1.42401793E+5	3.52148279E+1	4.52032502E-9	3.45146873E+1	-4.91580338E+0	3.48630001E+1	-1.41474921E-1
1.52692775E+5	3.48008241E+1	3.75158113E-9	3.42632562E+1	-4.29171492E+0	3.45309941E+1	-1.24608096E-1
1.63727458E+5	3.44107762E+1	3.04262387E-9	3.40161608E+1	-3.66378035E+0	3.42128996E+1	-1.07293428E-1
1.75559587E+5	3.40479236E+1	2.39000132E-9	3.37757837E+1	-3.03178634E+0	3.39115807E+1	-8.95222151E-2
1.88246790E+5	3.36998274E+1	1.81289995E-9	3.35195605E+1	-2.42181180E+0	3.36095595E+1	-7.21253148E-2
2.01850863E+5	3.33950182E+1	1.23514138E-9	3.33038770E+1	-1.74222266E+0	3.33494164E+1	-5.22652637E-2
2.16438064E+5	3.31090417E+1	7.25525430E-10	3.30737466E+1	-1.08042872E+0	3.30913894E+1	-3.26556494E-2
2.32079442E+5	3.28490740E+1	2.56208211E-10	3.28441268E+1	-4.03079266E-1	3.28466003E+1	-1.22718750E-2
2.48851178E+5	3.26187668E+1	-1.73937354E-10	3.26161996E+1	2.89343304E-1	3.26174832E+1	8.87091931E-3
2.66834962E+5	3.24188807E+1	-5.71098201E-10	3.23876706E+1	1.00533670E+0	3.24032719E+1	3.10307428E-2
2.86118383E+5	3.22536364E+1	-9.35100310E-10	3.21590929E+1	1.74367810E+0	3.22063299E+1	5.41673352E-2
3.06795364E+5	3.21225373E+1	-1.26722926E-9	3.19259603E+1	2.50517274E+0	3.20240980E+1	7.83077441E-2
3.28966612E+5	3.20334764E+1	-1.57289907E-9	3.16897646E+1	3.30031471E+0	3.18611570E+1	1.03770441E-1
3.52740116E+5	3.19902051E+1	-1.85099960E-9	3.14485561E+1	4.12722858E+0	3.17182244E+1	1.30491738E-1
3.78231664E+5	3.19982848E+1	-2.10198055E-9	3.12011030E+1	4.98727242E+0	3.15971799E+1	1.58501999E-1
4.05565415E+5	3.20641583E+1	-2.32965057E-9	3.09430017E+1	5.88997932E+0	3.14985921E+1	1.88099084E-1
4.34874501E+5	3.21973898E+1	-2.53424183E-9	3.06727143E+1	6.83856030E+0	3.14258069E+1	2.19364821E-1
4.66301673E+5	3.24073247E+1	-2.71258879E-9	3.03912926E+1	7.82750077E+0	3.13831242E+1	2.52078722E-1
5.00000000E+5	3.27050276E+1	-2.86879300E-9	3.00907003E+1	8.86943380E+0	3.13706419E+1	2.86639447E-1
