Start time:20240909_05-47-01	sweep/start:500.000	sweep/stop:500000.000	sweep/samplecount:100.000	sweep/xmapping:1.000	sweep/scan:0.000	sweep/averaging/sample:10.000	sweep/settling/time:0.100	sweep/settling/inaccuracy:0.010	sweep/awgcontrol:0.000	sweep/averaging/time:0.100	sweep/averaging/tc:15.000	sweep/bandwidthcontrol:2.000	sweep/sincfilter:0.000	sweep/omegasuppression:80.000	sweep/maxbandwidth:100.000	sweep/bandwidth:1250000.000	sweep/order:8.000	sweep/bandwidthoverlap:1.000																				
Frequency	Param0		Param1		RealZ		ImagZ		AbsZ		PhaseZ		
5.00000000E+2	1.29595119E+3	8.40741775E-7	1.01910067E+2	-3.48833463E+2	3.63414982E+2	-1.28656114E+0
5.36133611E+2	1.16582115E+3	8.29253015E-7	1.00451554E+2	-3.27136039E+2	3.42211201E+2	-1.27287187E+0
5.74878498E+2	1.05013062E+3	8.16850182E-7	9.90664568E+1	-3.06950343E+2	3.22540975E+2	-1.25860603E+0
6.16423370E+2	9.47398359E+2	8.03666284E-7	9.77071813E+1	-2.88133504E+2	3.04249258E+2	-1.24386132E+0
6.60970574E+2	8.55933584E+2	7.89704934E-7	9.63874392E+1	-2.70574736E+2	2.87230271E+2	-1.22858025E+0
7.08737081E+2	7.74964544E+2	7.74936739E-7	9.50646063E+1	-2.54232978E+2	2.71425290E+2	-1.21296658E+0
7.59955541E+2	7.03141661E+2	7.59488338E-7	9.37240517E+1	-2.38991798E+2	2.56712443E+2	-1.19706305E+0
8.14875417E+2	6.39241852E+2	7.43258648E-7	9.24067953E+1	-2.24791598E+2	2.43043782E+2	-1.18077691E+0
8.73764200E+2	5.82410282E+2	7.26356602E-7	9.10878710E+1	-2.11550242E+2	2.30326955E+2	-1.16421460E+0
9.36908711E+2	5.31847530E+2	7.08754272E-7	8.97781225E+1	-1.99218870E+2	2.18513775E+2	-1.14740141E+0
1.00461650E+3	4.86826114E+2	6.90658215E-7	8.84435058E+1	-1.87708154E+2	2.07500857E+2	-1.13047297E+0
1.07721735E+3	4.46714394E+2	6.72017653E-7	8.71050488E+1	-1.76985274E+2	1.97258909E+2	-1.11344047E+0
1.15506485E+3	4.10854184E+2	6.52955689E-7	8.57614276E+1	-1.66974295E+2	1.87711050E+2	-1.09631176E+0
1.23853818E+3	3.78864664E+2	6.33538046E-7	8.43997918E+1	-1.57647619E+2	1.78818615E+2	-1.07925477E+0
1.32804389E+3	3.50143069E+2	6.13907365E-7	8.30269022E+1	-1.48922217E+2	1.70503060E+2	-1.06219903E+0
1.42401793E+3	3.24401774E+2	5.94082531E-7	8.16437499E+1	-1.40782364E+2	1.62743283E+2	-1.04526580E+0
1.52692775E+3	3.01258092E+2	5.74153892E-7	8.02543859E+1	-1.33178510E+2	1.55490457E+2	-1.02846166E+0
1.63727458E+3	2.80362375E+2	5.54241700E-7	7.88577525E+1	-1.26056341E+2	1.48690102E+2	-1.01178331E+0
1.75559587E+3	2.61489154E+2	5.34454607E-7	7.74438458E+1	-1.19386666E+2	1.42305043E+2	-9.95348999E-1
1.88246790E+3	2.44383225E+2	5.14814189E-7	7.60273175E+1	-1.13135527E+2	1.36307743E+2	-9.79109019E-1
2.01850863E+3	2.28851488E+2	4.95374275E-7	7.46110227E+1	-1.07275525E+2	1.30670744E+2	-9.63091266E-1
2.16438064E+3	2.14701988E+2	4.76225009E-7	7.31919929E+1	-1.01771304E+2	1.25357354E+2	-9.47312835E-1
2.32079442E+3	2.01774875E+2	4.57395304E-7	7.17770321E+1	-9.65963725E+1	1.20344512E+2	-9.31750757E-1
2.48851178E+3	1.89929163E+2	4.38897909E-7	7.03746764E+1	-9.17257223E+1	1.15612297E+2	-9.16359244E-1
2.66834962E+3	1.79069093E+2	4.20801520E-7	6.89780507E+1	-8.71427864E+1	1.11138818E+2	-9.01227847E-1
2.86118383E+3	1.69044074E+2	4.03114441E-7	6.75973958E+1	-8.28102113E+1	1.06896862E+2	-8.86199286E-1
3.06795364E+3	1.59811312E+2	3.85854399E-7	6.62313489E+1	-7.87269140E+1	1.02881090E+2	-8.71386722E-1
3.28966612E+3	1.51267048E+2	3.68995631E-7	6.48922262E+1	-7.48669112E+1	9.90760084E+1	-8.56647890E-1
3.52740116E+3	1.43351286E+2	3.52586585E-7	6.35736353E+1	-7.12162567E+1	9.54639322E+1	-8.42037775E-1
3.78231664E+3	1.36003077E+2	3.36621056E-7	6.22799470E+1	-6.77604054E+1	9.20340393E+1	-8.27517529E-1
4.05565415E+3	1.29167371E+2	3.21087322E-7	6.10158031E+1	-6.44850568E+1	8.87764092E+1	-8.13034393E-1
4.34874501E+3	1.22804613E+2	3.05994262E-7	5.97807576E+1	-6.13808909E+1	8.56816945E+1	-7.98603994E-1
4.66301673E+3	1.16875825E+2	2.91324174E-7	5.85794600E+1	-5.84377404E+1	8.27437168E+1	-7.84187063E-1
5.00000000E+3	1.11354094E+2	2.77067319E-7	5.74147150E+1	-5.56499240E+1	7.99585116E+1	-7.69790740E-1
5.36133611E+3	1.06193915E+2	2.63266785E-7	5.62781931E+1	-5.30015715E+1	7.73071900E+1	-7.55423353E-1
5.74878498E+3	1.01372116E+2	2.49874833E-7	5.51795506E+1	-5.04864827E+1	7.47908267E+1	-7.41013175E-1
6.16423370E+3	9.68596933E+1	2.36926826E-7	5.41112586E+1	-4.80954424E+1	7.23961318E+1	-7.26606680E-1
6.60970574E+3	9.26416084E+1	2.24380211E-7	5.30819707E+1	-4.58247040E+1	7.01255954E+1	-7.12154525E-1
7.08737081E+3	8.87011848E+1	2.12262727E-7	5.20861908E+1	-4.36707628E+1	6.79713677E+1	-6.97740170E-1
7.59955541E+3	8.50056935E+1	2.00573959E-7	5.11220784E+1	-4.16197162E+1	6.59216786E+1	-6.83294061E-1
8.14875417E+3	8.15365914E+1	1.89322916E-7	5.01864224E+1	-3.96655114E+1	6.39689753E+1	-6.68837281E-1
8.73764200E+3	7.82984514E+1	1.78475590E-7	4.92880448E+1	-3.78135717E+1	6.21222792E+1	-6.54415777E-1
9.36908711E+3	7.52576046E+1	1.68053515E-7	4.84187551E+1	-3.60486291E+1	6.03645552E+1	-6.39983312E-1
1.00461650E+4	7.24055721E+1	1.58039786E-7	4.75814135E+1	-3.43681326E+1	5.86954807E+1	-6.25537227E-1
1.07721735E+4	6.97265728E+1	1.48444785E-7	4.67716569E+1	-3.27664375E+1	5.71071566E+1	-6.11102929E-1
1.15506485E+4	6.72132743E+1	1.39253468E-7	4.59918176E+1	-3.12412123E+1	5.55991065E+1	-5.96682524E-1
1.23853818E+4	6.48488154E+1	1.30468298E-7	4.52379882E+1	-2.97851364E+1	5.41629942E+1	-5.82264532E-1
1.32804389E+4	6.26286379E+1	1.22066335E-7	4.45143171E+1	-2.83962427E+1	5.28002940E+1	-5.67830925E-1
1.42401793E+4	6.05385031E+1	1.14079675E-7	4.38103696E+1	-2.70714921E+1	5.14996524E+1	-5.53494986E-1
1.52692775E+4	5.85694674E+1	1.06449852E-7	4.31358492E+1	-2.58019801E+1	5.02637414E+1	-5.39062740E-1
1.63727458E+4	5.67211301E+1	9.91947431E-8	4.24871236E+1	-2.45919084E+1	4.90909121E+1	-5.24691765E-1
1.75559587E+4	5.49762545E+1	9.23125602E-8	4.18583869E+1	-2.34327280E+1	4.79710050E+1	-5.10343378E-1
1.88246790E+4	5.33339859E+1	8.57651230E-8	4.12573545E+1	-2.23215104E+1	4.69086256E+1	-4.95931202E-1
2.01850863E+4	5.17851576E+1	7.95655477E-8	4.06772298E+1	-2.12565217E+1	4.58963697E+1	-4.81536707E-1
2.16438064E+4	5.03303925E+1	7.36834851E-8	4.01247507E+1	-2.02360771E+1	4.49387856E+1	-4.67104843E-1
2.32079442E+4	4.89545519E+1	6.81298991E-8	3.95901178E+1	-1.92545843E+1	4.40240442E+1	-4.52666682E-1
2.48851178E+4	4.76600358E+1	6.28913744E-8	3.90768320E+1	-1.83140484E+1	4.31555698E+1	-4.38269072E-1
2.66834962E+4	4.64379877E+1	5.79433940E-8	3.85852487E+1	-1.74068913E+1	4.23299102E+1	-4.23791690E-1
2.86118383E+4	4.52916442E+1	5.32809978E-8	3.81176882E+1	-1.65364626E+1	4.15501236E+1	-4.09322942E-1
3.06795364E+4	4.42083445E+1	4.88944271E-8	3.76685579E+1	-1.56953592E+1	4.08076534E+1	-3.94793987E-1
3.28966612E+4	4.31918124E+1	4.47852742E-8	3.72388518E+1	-1.48889692E+1	4.01050308E+1	-3.80354241E-1
3.52740116E+4	4.22338683E+1	4.09299338E-8	3.68281526E+1	-1.41096602E+1	3.94385008E+1	-3.65871883E-1
3.78231664E+4	4.13323482E+1	3.73213906E-8	3.64357046E+1	-1.33571198E+1	3.88068709E+1	-3.51380955E-1
4.05565415E+4	4.04853446E+1	3.39497152E-8	3.60615592E+1	-1.26304624E+1	3.82094838E+1	-3.36895081E-1
4.34874501E+4	3.96924304E+1	3.08068068E-8	3.57063845E+1	-1.19300996E+1	3.76466889E+1	-3.22455421E-1
4.66301673E+4	3.89450357E+1	2.78743771E-8	3.53672857E+1	-1.12487909E+1	3.71130732E+1	-3.07938873E-1
5.00000000E+4	3.82446370E+1	2.51524596E-8	3.50441415E+1	-1.05904960E+1	3.66094314E+1	-2.93478009E-1
5.36133611E+4	3.75854329E+1	2.26279073E-8	3.47344525E+1	-9.95124251E+0	3.61318341E+1	-2.79021183E-1
5.74878498E+4	3.69696525E+1	2.02911099E-8	3.44409955E+1	-9.33217336E+0	3.56829320E+1	-2.64607505E-1
6.16423370E+4	3.63932412E+1	1.81279250E-8	3.41627117E+1	-8.72931429E+0	3.52603433E+1	-2.50168770E-1
6.60970574E+4	3.58498001E+1	1.61338094E-8	3.38941289E+1	-8.14160683E+0	3.48582522E+1	-2.35740693E-1
7.08737081E+4	3.53417478E+1	1.42950120E-8	3.36391196E+1	-7.56801865E+0	3.44799258E+1	-2.21292279E-1
7.59955541E+4	3.48677463E+1	1.26035303E-8	3.33972009E+1	-7.00800195E+0	3.41245531E+1	-2.06837033E-1
8.14875417E+4	3.44217930E+1	1.10505424E-8	3.31639048E+1	-6.45882957E+0	3.37869955E+1	-1.92347046E-1
8.73764200E+4	3.40027071E+1	9.62468470E-9	3.29393874E+1	-5.91819988E+0	3.34668245E+1	-1.77772693E-1
9.36908711E+4	3.36135093E+1	8.31625188E-9	3.27272776E+1	-5.38553066E+0	3.31674336E+1	-1.63096165E-1
1.00461650E+5	3.32459752E+1	7.12169319E-9	3.25196175E+1	-4.86013052E+0	3.28807907E+1	-1.48354225E-1
1.07721735E+5	3.29040280E+1	6.02959448E-9	3.23212157E+1	-4.34018334E+0	3.26113199E+1	-1.33484296E-1
1.15506485E+5	3.25842257E+1	5.02857700E-9	3.21298797E+1	-3.82074309E+0	3.23562552E+1	-1.18359758E-1
1.23853818E+5	3.22857635E+1	4.11563963E-9	3.19442030E+1	-3.30316082E+0	3.21145292E+1	-1.03037877E-1
1.32804389E+5	3.20011966E+1	3.27082231E-9	3.17589225E+1	-2.77383653E+0	3.18798294E+1	-8.71193320E-2
1.42401793E+5	3.17505933E+1	2.52220400E-9	3.15884185E+1	-2.26336854E+0	3.16694021E+1	-7.15296026E-2
1.52692775E+5	3.15124256E+1	1.82555980E-9	3.14167252E+1	-1.73395237E+0	3.14645390E+1	-5.51360761E-2
1.63727458E+5	3.12944793E+1	1.19467709E-9	3.12482553E+1	-1.20183675E+0	3.12713588E+1	-3.84419733E-2
1.75559587E+5	3.10978437E+1	6.20166311E-10	3.10837758E+1	-6.61266785E-1	3.10908089E+1	-2.12704852E-2
1.88246790E+5	3.09174492E+1	7.80901936E-11	3.09071328E+1	-8.82843149E-2	3.09122903E+1	-2.85557159E-3
2.01850863E+5	3.07656314E+1	-3.82351539E-10	3.07587843E+1	4.58889533E-1	3.07622076E+1	1.49178710E-2
2.16438064E+5	3.06342231E+1	-8.17456401E-10	3.05987352E+1	1.04204960E+0	3.06164740E+1	3.40421619E-2
2.32079442E+5	3.05278305E+1	-1.21345423E-9	3.04390119E+1	1.64424425E+0	3.04833889E+1	5.39652196E-2
2.48851178E+5	3.04482756E+1	-1.57167150E-9	3.02787531E+1	2.26559373E+0	3.03633961E+1	7.46853649E-2
2.66834962E+5	3.03938149E+1	-1.89731112E-9	3.01123365E+1	2.91132664E+0	3.02527483E+1	9.63826064E-2
2.86118383E+5	3.03725017E+1	-2.18814235E-9	2.99450481E+1	3.57772358E+0	3.01580176E+1	1.18912627E-1
3.06795364E+5	3.03908952E+1	-2.45368808E-9	2.97756551E+1	4.28008924E+0	3.00817023E+1	1.42766641E-1
3.28966612E+5	3.04424191E+1	-2.68673066E-9	2.95965326E+1	5.00352094E+0	3.00164963E+1	1.67474162E-1
3.52740116E+5	3.05512128E+1	-2.89993677E-9	2.94169785E+1	5.77630094E+0	2.99787319E+1	1.93892550E-1
3.78231664E+5	3.07038046E+1	-3.08438979E-9	2.92235613E+1	6.57706781E+0	2.99545407E+1	2.21371964E-1
4.05565415E+5	3.09185151E+1	-3.24759764E-9	2.90186566E+1	7.42504240E+0	2.99535267E+1	2.50496933E-1
4.34874501E+5	3.12063801E+1	-3.38499986E-9	2.88065354E+1	8.31451427E+0	2.99824563E+1	2.80995920E-1
4.66301673E+5	3.15786134E+1	-3.50098697E-9	2.85799828E+1	9.25747075E+0	3.00419078E+1	3.13249779E-1
5.00000000E+5	3.20357928E+1	-3.59431274E-9	2.83287303E+1	1.02477415E+1	3.01252936E+1	3.47098457E-1
