Start time:20240906_20-06-04	sweep/start:500.000	sweep/stop:500000.000	sweep/samplecount:100.000	sweep/xmapping:1.000	sweep/scan:0.000	sweep/averaging/sample:10.000	sweep/settling/time:0.100	sweep/settling/inaccuracy:0.010	sweep/awgcontrol:0.000	sweep/averaging/time:0.100	sweep/averaging/tc:15.000	sweep/bandwidthcontrol:2.000	sweep/sincfilter:0.000	sweep/omegasuppression:80.000	sweep/maxbandwidth:100.000	sweep/bandwidth:1250000.000	sweep/order:8.000	sweep/bandwidthoverlap:1.000																				
Frequency	Param0		Param1		RealZ		ImagZ		AbsZ		PhaseZ		
5.00000000E+2	1.05563741E+3	7.41505736E-7	1.49794132E+2	-3.68361216E+2	3.97653456E+2	-1.18457027E+0
5.36133611E+2	9.61890588E+2	7.24662215E-7	1.47676182E+2	-3.46756461E+2	3.76892959E+2	-1.16818166E+0
5.74878498E+2	8.78905313E+2	7.07121773E-7	1.45527026E+2	-3.26689979E+2	3.57637332E+2	-1.15172503E+0
6.16423370E+2	8.05173181E+2	6.88971704E-7	1.43362225E+2	-3.08023810E+2	3.39751967E+2	-1.13518863E+0
6.60970574E+2	7.39250599E+2	6.70428247E-7	1.41171423E+2	-2.90571256E+2	3.23049582E+2	-1.11853996E+0
7.08737081E+2	6.80590090E+2	6.51355166E-7	1.38979359E+2	-2.74358700E+2	3.07551559E+2	-1.10191387E+0
7.59955541E+2	6.28164806E+2	6.31865480E-7	1.36796407E+2	-2.59263227E+2	2.93139353E+2	-1.08528575E+0
8.14875417E+2	5.81279839E+2	6.12182667E-7	1.34570609E+2	-2.45181414E+2	2.79684065E+2	-1.06882771E+0
8.73764200E+2	5.39442057E+2	5.92349678E-7	1.32298159E+2	-2.32087019E+2	2.67146380E+2	-1.05269996E+0
9.36908711E+2	5.01889889E+2	5.72437271E-7	1.30009773E+2	-2.19881883E+2	2.55441941E+2	-1.03681996E+0
1.00461650E+3	4.68066186E+2	5.52649066E-7	1.27674723E+2	-2.08469139E+2	2.44459031E+2	-1.02128036E+0
1.07721735E+3	4.37628096E+2	5.32985453E-7	1.25310808E+2	-1.97830045E+2	2.34178408E+2	-1.00616039E+0
1.15506485E+3	4.10109827E+2	5.13546838E-7	1.22922692E+2	-1.87887765E+2	2.24525725E+2	-9.91449941E-1
1.23853818E+3	3.85237567E+2	4.94422560E-7	1.20499272E+2	-1.78607862E+2	2.15454969E+2	-9.77281455E-1
1.32804389E+3	3.62575504E+2	4.75693827E-7	1.18053967E+2	-1.69902136E+2	2.06890008E+2	-9.63545163E-1
1.42401793E+3	3.41951706E+2	4.57449892E-7	1.15568054E+2	-1.61748932E+2	1.98793090E+2	-9.50411338E-1
1.52692775E+3	3.23036559E+2	4.39662637E-7	1.13080756E+2	-1.54084261E+2	1.91126182E+2	-9.37686198E-1
1.63727458E+3	3.05718243E+2	4.22409191E-7	1.10572461E+2	-1.46893665E+2	1.83858691E+2	-9.25545125E-1
1.75559587E+3	2.89722646E+2	4.05719263E-7	1.08056209E+2	-1.40107765E+2	1.76935950E+2	-9.13841876E-1
1.88246790E+3	2.74942609E+2	3.89588504E-7	1.05538764E+2	-1.33711150E+2	1.70344071E+2	-9.02611364E-1
2.01850863E+3	2.61242338E+2	3.74010963E-7	1.03029986E+2	-1.27673866E+2	1.64060337E+2	-8.91815034E-1
2.16438064E+3	2.48465607E+2	3.58998964E-7	1.00534282E+2	-1.21951503E+2	1.58048445E+2	-8.81365786E-1
2.32079442E+3	2.36539642E+2	3.44541486E-7	9.80560419E+1	-1.16529624E+2	1.52296227E+2	-8.71275968E-1
2.48851178E+3	2.25366505E+2	3.30612383E-7	9.56061608E+1	-1.11381722E+2	1.46787009E+2	-8.61466008E-1
2.66834962E+3	2.14891117E+2	3.17183013E-7	9.31928300E+1	-1.06496045E+2	1.41514350E+2	-8.51919578E-1
2.86118383E+3	2.05028612E+2	3.04263356E-7	9.08127606E+1	-1.01844276E+2	1.36452241E+2	-8.42595571E-1
3.06795364E+3	1.95708263E+2	2.91792594E-7	8.84844631E+1	-9.74045183E+1	1.31594607E+2	-8.33347309E-1
3.28966612E+3	1.86913775E+2	2.79764626E-7	8.62053485E+1	-9.31751302E+1	1.26936862E+2	-8.24233367E-1
3.52740116E+3	1.78617761E+2	2.68144280E-7	8.39833594E+1	-8.91499566E+1	1.22478241E+2	-8.15231037E-1
3.78231664E+3	1.70728702E+2	2.56953186E-7	8.18090315E+1	-8.52902809E+1	1.18182696E+2	-8.06228565E-1
4.05565415E+3	1.63268250E+2	2.46147324E-7	7.96913306E+1	-8.16110024E+1	1.14066051E+2	-7.97298679E-1
4.34874501E+3	1.56178515E+2	2.35669173E-7	7.76455202E+1	-7.80879961E+1	1.10120670E+2	-7.88239393E-1
4.66301673E+3	1.49465032E+2	2.25543800E-7	7.56587064E+1	-7.47267756E+1	1.06340636E+2	-7.79201296E-1
5.00000000E+3	1.43097419E+2	2.15745305E-7	7.37353697E+1	-7.15152871E+1	1.02719721E+2	-7.70114860E-1
5.36133611E+3	1.37036102E+2	2.06262803E-7	7.18744435E+1	-6.84357939E+1	9.92441109E+1	-7.60895592E-1
5.74878498E+3	1.31287341E+2	1.97091977E-7	7.00735268E+1	-6.54940284E+1	9.59154156E+1	-7.51630809E-1
6.16423370E+3	1.25815933E+2	1.88227292E-7	6.83296953E+1	-6.26738945E+1	9.27198163E+1	-7.42252087E-1
6.60970574E+3	1.20616044E+2	1.79633835E-7	6.66506864E+1	-5.99735616E+1	8.96612631E+1	-7.32715155E-1
7.08737081E+3	1.15686216E+2	1.71309750E-7	6.50340353E+1	-5.73943870E+1	8.67383504E+1	-7.23078031E-1
7.59955541E+3	1.10983026E+2	1.63264506E-7	6.34707132E+1	-5.49148462E+1	8.39295646E+1	-7.13252393E-1
8.14875417E+3	1.06513847E+2	1.55478935E-7	6.19645578E+1	-5.25402417E+1	8.12408976E+1	-7.03278271E-1
8.73764200E+3	1.02266765E+2	1.47951230E-7	6.05125754E+1	-5.02658287E+1	7.86665451E+1	-6.93162923E-1
9.36908711E+3	9.82273224E+1	1.40655987E-7	5.91193664E+1	-4.80836516E+1	7.62045737E+1	-6.82817295E-1
1.00461650E+4	9.43872336E+1	1.33604528E-7	5.77779440E+1	-4.59914064E+1	7.38478184E+1	-6.72298881E-1
1.07721735E+4	9.07290328E+1	1.26780245E-7	5.64893991E+1	-4.39792713E+1	7.15907015E+1	-6.61518076E-1
1.15506485E+4	8.72525103E+1	1.20189120E-7	5.52496787E+1	-4.20493299E+1	6.94310677E+1	-6.50553581E-1
1.23853818E+4	8.39464421E+1	1.13812626E-7	5.40615139E+1	-4.01948308E+1	6.73666960E+1	-6.39329247E-1
1.32804389E+4	8.08007181E+1	1.07655090E-7	5.29199978E+1	-3.84115560E+1	6.53909307E+1	-6.27859863E-1
1.42401793E+4	7.78127943E+1	1.01705380E-7	5.18269756E+1	-3.66983155E+1	6.35043446E+1	-6.16136842E-1
1.52692775E+4	7.49743916E+1	9.59653928E-8	5.07788715E+1	-3.50516923E+1	6.17018231E+1	-6.04173350E-1
1.63727458E+4	7.22776394E+1	9.04129909E-8	4.97803455E+1	-3.34652510E+1	5.99833798E+1	-5.91863758E-1
1.75559587E+4	6.97224804E+1	8.50624616E-8	4.88257169E+1	-3.19421255E+1	5.83459516E+1	-5.79327004E-1
1.88246790E+4	6.72969870E+1	7.99087600E-8	4.79128355E+1	-3.04753938E+1	5.67837077E+1	-5.66512411E-1
2.01850863E+4	6.50010853E+1	7.49428894E-8	4.70442559E+1	-2.90648524E+1	5.52985324E+1	-5.53419040E-1
2.16438064E+4	6.28258012E+1	7.01723624E-8	4.62142215E+1	-2.77072409E+1	5.38836291E+1	-5.40080663E-1
2.32079442E+4	6.07673164E+1	6.55846748E-8	4.54254762E+1	-2.63990594E+1	5.25393592E+1	-5.26444605E-1
2.48851178E+4	5.88243949E+1	6.11861821E-8	4.46753094E+1	-2.51418917E+1	5.12640032E+1	-5.12593994E-1
2.66834962E+4	5.69894255E+1	5.69836338E-8	4.39584616E+1	-2.39336813E+1	5.00516480E+1	-4.98580908E-1
2.86118383E+4	5.52612635E+1	5.29545048E-8	4.32825204E+1	-2.27699403E+1	4.89065105E+1	-4.84290951E-1
3.06795364E+4	5.36315261E+1	4.91166654E-8	4.26376936E+1	-2.16506723E+1	4.78197089E+1	-4.69854164E-1
3.28966612E+4	5.21021778E+1	4.54591016E-8	4.20290112E+1	-2.05758405E+1	4.67953311E+1	-4.55263042E-1
3.52740116E+4	5.06561974E+1	4.19878188E-8	4.14460879E+1	-1.95377324E+1	4.58203144E+1	-4.40507885E-1
3.78231664E+4	4.93037704E+1	3.86911024E-8	4.08982804E+1	-1.85410374E+1	4.49047818E+1	-4.25632277E-1
4.05565415E+4	4.80302399E+1	3.55800884E-8	4.03738313E+1	-1.75817670E+1	4.40359489E+1	-4.10708941E-1
4.34874501E+4	4.68417426E+1	3.26438046E-8	3.98801028E+1	-1.66622594E+1	4.32209845E+1	-3.95763935E-1
4.66301673E+4	4.57174669E+1	2.98748927E-8	3.94072178E+1	-1.57692531E+1	4.24452373E+1	-3.80645633E-1
5.00000000E+4	4.46688938E+1	2.72746260E-8	3.89612065E+1	-1.49123562E+1	4.17175502E+1	-3.65546798E-1
5.36133611E+4	4.36816411E+1	2.48412066E-8	3.85331119E+1	-1.40850573E+1	4.10266933E+1	-3.50443586E-1
5.74878498E+4	4.27584588E+1	2.25602769E-8	3.81292850E+1	-1.32855964E+1	4.03775861E+1	-3.35280375E-1
6.16423370E+4	4.18909376E+1	2.04372021E-8	3.77412339E+1	-1.25145885E+1	3.97619878E+1	-3.20180085E-1
6.60970574E+4	4.10767038E+1	1.84569242E-8	3.73717929E+1	-1.17668669E+1	3.91804807E+1	-3.05033072E-1
7.08737081E+4	4.03132104E+1	1.66164798E-8	3.70191654E+1	-1.10427707E+1	3.86310938E+1	-2.89895283E-1
7.59955541E+4	3.95964426E+1	1.49071169E-8	3.66824147E+1	-1.03389348E+1	3.81115878E+1	-2.74723286E-1
8.14875417E+4	3.89214839E+1	1.33245757E-8	3.63580158E+1	-9.65414976E+0	3.76179203E+1	-2.59541039E-1
8.73764200E+4	3.82859503E+1	1.18591397E-8	3.60462322E+1	-8.98517636E+0	3.71492161E+1	-2.44289712E-1
9.36908711E+4	3.76880749E+1	1.05036679E-8	3.57468240E+1	-8.33027881E+0	3.67046179E+1	-2.28949455E-1
1.00461650E+5	3.71253555E+1	9.25261189E-9	3.54583068E+1	-7.68834958E+0	3.62822580E+1	-2.13522627E-1
1.07721735E+5	3.65958191E+1	8.09949109E-9	3.51798968E+1	-7.05776119E+0	3.58808743E+1	-1.97990833E-1
1.15506485E+5	3.60981284E+1	7.03399394E-9	3.49125575E+1	-6.43360754E+0	3.55003941E+1	-1.82233329E-1
1.23853818E+5	3.56264119E+1	6.05474693E-9	3.46500327E+1	-5.81649019E+0	3.51348308E+1	-1.66313341E-1
1.32804389E+5	3.51649003E+1	5.15762663E-9	3.43775280E+1	-5.20267100E+0	3.47689854E+1	-1.50199491E-1
1.42401793E+5	3.47673324E+1	4.31949677E-9	3.41507374E+1	-4.58880852E+0	3.44576558E+1	-1.33569202E-1
1.52692775E+5	3.43771375E+1	3.55419436E-9	3.39111638E+1	-3.97513547E+0	3.41433557E+1	-1.16689498E-1
1.63727458E+5	3.40117000E+1	2.85085748E-9	3.36766271E+1	-3.35918417E+0	3.38437489E+1	-9.94193760E-2
1.75559587E+5	3.36717596E+1	2.20297637E-9	3.34478213E+1	-2.73683052E+0	3.35596036E+1	-8.16420022E-2
1.88246790E+5	3.33617050E+1	1.61596058E-9	3.32192067E+1	-2.11770452E+0	3.32903644E+1	-6.36640670E-2
2.01850863E+5	3.30627209E+1	1.06193282E-9	3.29972915E+1	-1.46934689E+0	3.30299900E+1	-4.44999246E-2
2.16438064E+5	3.27974514E+1	5.57876117E-10	3.27771578E+1	-8.15572775E-1	3.27873030E+1	-2.48772171E-2
2.32079442E+5	3.25587644E+1	9.67061808E-11	3.25580778E+1	-1.49484961E-1	3.25584211E+1	-4.59129991E-3
2.48851178E+5	3.23478417E+1	-3.27332827E-10	3.23389772E+1	5.35402849E-1	3.23434092E+1	1.65544494E-2
2.66834962E+5	3.21692413E+1	-7.16236996E-10	3.21213056E+1	1.24083343E+0	3.21452645E+1	3.86104016E-2
2.86118383E+5	3.20210227E+1	-1.07361054E-9	3.18991808E+1	1.97145590E+0	3.19600437E+1	6.17242090E-2
3.06795364E+5	3.19112472E+1	-1.40029014E-9	3.16762215E+1	2.72849938E+0	3.17935172E+1	8.59250541E-2
3.28966612E+5	3.18383491E+1	-1.69700183E-9	3.14461552E+1	3.51181794E+0	3.16416445E+1	1.11216358E-1
3.52740116E+5	3.18171439E+1	-1.96757315E-9	3.12161992E+1	4.33118504E+0	3.15152392E+1	1.37867798E-1
3.78231664E+5	3.18460498E+1	-2.21217739E-9	3.09777331E+1	5.18636048E+0	3.14088909E+1	1.65883734E-1
4.05565415E+5	3.19246345E+1	-2.43198600E-9	3.07220742E+1	6.07824701E+0	3.13175827E+1	1.95323771E-1
4.34874501E+5	3.20794332E+1	-2.62846327E-9	3.04624339E+1	7.01838149E+0	3.12604800E+1	2.26443169E-1
4.66301673E+5	3.23084987E+1	-2.80035625E-9	3.01873126E+1	8.00205182E+0	3.12299014E+1	2.59120441E-1
5.00000000E+5	3.26291650E+1	-2.95009090E-9	2.98952493E+1	9.04051597E+0	3.12323072E+1	2.93663110E-1
