Start time:20240905_20-14-02	sweep/start:500.000	sweep/stop:500000.000	sweep/samplecount:100.000	sweep/xmapping:1.000	sweep/scan:0.000	sweep/averaging/sample:10.000	sweep/settling/time:0.100	sweep/settling/inaccuracy:0.010	sweep/awgcontrol:0.000	sweep/averaging/time:0.100	sweep/averaging/tc:15.000	sweep/bandwidthcontrol:2.000	sweep/sincfilter:0.000	sweep/omegasuppression:80.000	sweep/maxbandwidth:100.000	sweep/bandwidth:1250000.000	sweep/order:8.000	sweep/bandwidthoverlap:1.000																				
Frequency	Param0		Param1		RealZ		ImagZ		AbsZ		PhaseZ		
5.00000000E+2	1.02451307E+3	6.79108570E-7	1.77323894E+2	-3.87591106E+2	4.26228380E+2	-1.14172087E+0
5.36133611E+2	9.35280542E+2	6.61287517E-7	1.75119792E+2	-3.64854994E+2	4.04704970E+2	-1.12329998E+0
5.74878498E+2	8.55936721E+2	6.42629981E-7	1.73005478E+2	-3.43730760E+2	3.84813894E+2	-1.10449877E+0
6.16423370E+2	7.85515334E+2	6.23335666E-7	1.70896966E+2	-3.24093200E+2	3.66390745E+2	-1.08554166E+0
6.60970574E+2	7.22754301E+2	6.03501240E-7	1.68811863E+2	-3.05797387E+2	3.49298568E+2	-1.06638956E+0
7.08737081E+2	6.67236554E+2	5.83129339E-7	1.66723246E+2	-2.88872286E+2	3.33532367E+2	-1.04734619E+0
7.59955541E+2	6.17853987E+2	5.62484447E-7	1.64595266E+2	-2.73137754E+2	3.18897846E+2	-1.02846067E+0
8.14875417E+2	5.73787536E+2	5.41613165E-7	1.62464970E+2	-2.58506291E+2	3.05320112E+2	-1.00970140E+0
8.73764200E+2	5.34654031E+2	5.20576200E-7	1.60322348E+2	-2.44976998E+2	2.92774634E+2	-9.91307306E-1
9.36908711E+2	4.99722002E+2	4.99630173E-7	1.58126238E+2	-2.32411804E+2	2.81103461E+2	-9.73366057E-1
1.00461650E+3	4.68536987E+2	4.78899760E-7	1.55865728E+2	-2.20759439E+2	2.70238517E+2	-9.56025950E-1
1.07721735E+3	4.40686049E+2	4.58413773E-7	1.53572479E+2	-2.09982712E+2	2.60148509E+2	-9.39333413E-1
1.15506485E+3	4.15704930E+2	4.38421002E-7	1.51190355E+2	-1.99980126E+2	2.50700169E+2	-9.23449143E-1
1.23853818E+3	3.93275163E+2	4.18870037E-7	1.48779053E+2	-1.90724659E+2	2.41890686E+2	-9.08324988E-1
1.32804389E+3	3.73035033E+2	4.00030971E-7	1.46259715E+2	-1.82121091E+2	2.33580814E+2	-8.94173784E-1
1.42401793E+3	3.54773488E+2	3.81874829E-7	1.43668876E+2	-1.74152695E+2	2.25765160E+2	-8.81020533E-1
1.52692775E+3	3.38171750E+2	3.64507109E-7	1.40989062E+2	-1.66735123E+2	2.18354110E+2	-8.68869791E-1
1.63727458E+3	3.23054494E+2	3.47928426E-7	1.38234196E+2	-1.59838931E+2	2.11322449E+2	-8.57752957E-1
1.75559587E+3	3.09199317E+2	3.32203342E-7	1.35388700E+2	-1.53401411E+2	2.04602281E+2	-8.47690484E-1
1.88246790E+3	2.96421726E+2	3.17338806E-7	1.32456019E+2	-1.47371109E+2	1.98148533E+2	-8.38648858E-1
2.01850863E+3	2.84652093E+2	3.03286284E-7	1.29456542E+2	-1.41743001E+2	1.91963734E+2	-8.30671335E-1
2.16438064E+3	2.73668677E+2	2.90040134E-7	1.26395288E+2	-1.36435560E+2	1.85985029E+2	-8.23580102E-1
2.32079442E+3	2.63352769E+2	2.77621451E-7	1.23256778E+2	-1.31406926E+2	1.80166628E+2	-8.17390811E-1
2.48851178E+3	2.53637939E+2	2.65924712E-7	1.20082047E+2	-1.26639900E+2	1.74520379E+2	-8.11971838E-1
2.66834962E+3	2.44457471E+2	2.54951037E-7	1.16861516E+2	-1.22110837E+2	1.69019734E+2	-8.07360859E-1
2.86118383E+3	2.35677986E+2	2.44628304E-7	1.13621180E+2	-1.17763483E+2	1.63639881E+2	-8.03298489E-1
3.06795364E+3	2.27280000E+2	2.34908580E-7	1.10373019E+2	-1.13593029E+2	1.58384278E+2	-7.99774393E-1
3.28966612E+3	2.19200990E+2	2.25745552E-7	1.07129407E+2	-1.09572633E+2	1.53241221E+2	-7.96672275E-1
3.52740116E+3	2.11405332E+2	2.17094388E-7	1.03901940E+2	-1.05687325E+2	1.48207368E+2	-7.93916451E-1
3.78231664E+3	2.03849472E+2	2.08901673E-7	1.00706925E+2	-1.01917459E+2	1.43279633E+2	-7.91372373E-1
4.05565415E+3	1.96505256E+2	2.01119701E-7	9.75581963E+1	-9.82501731E+1	1.38458291E+2	-7.88932098E-1
4.34874501E+3	1.89390927E+2	1.93711945E-7	9.44644712E+1	-9.46951801E+1	1.33756172E+2	-7.86617816E-1
4.66301673E+3	1.82445722E+2	1.86628291E-7	9.14417298E+1	-9.12225976E+1	1.29163278E+2	-7.84198518E-1
5.00000000E+3	1.75682932E+2	1.79837221E-7	8.84969816E+1	-8.78390196E+1	1.24689250E+2	-7.81666885E-1
5.36133611E+3	1.69093897E+2	1.73306934E-7	8.56377047E+1	-8.45399117E+1	1.20336250E+2	-7.78947387E-1
5.74878498E+3	1.62674562E+2	1.67027397E-7	8.28609939E+1	-8.13230068E+1	1.16100714E+2	-7.76030976E-1
6.16423370E+3	1.56408627E+2	1.60949519E-7	8.01830005E+1	-7.81792769E+1	1.11988004E+2	-7.72746057E-1
6.60970574E+3	1.50332534E+2	1.55071613E-7	7.75976179E+1	-7.51269332E+1	1.08006696E+2	-7.69222184E-1
7.08737081E+3	1.44416512E+2	1.49346915E-7	7.51199609E+1	-7.21495262E+1	1.04156434E+2	-7.65230834E-1
7.59955541E+3	1.38667105E+2	1.43789443E-7	7.27363131E+1	-6.92500008E+1	1.00429746E+2	-7.60849234E-1
8.14875417E+3	1.33086545E+2	1.38371854E-7	7.04531155E+1	-6.64283085E+1	9.68316152E+1	-7.56003030E-1
8.73764200E+3	1.27675730E+2	1.33083263E-7	6.82690217E+1	-6.36838898E+1	9.33611117E+1	-7.50663894E-1
9.36908711E+3	1.22443434E+2	1.27902501E-7	6.61881297E+1	-6.10199421E+1	9.00238961E+1	-7.44792667E-1
1.00461650E+4	1.17384475E+2	1.22834771E-7	6.42017103E+1	-5.84330762E+1	8.68117735E+1	-7.38393680E-1
1.07721735E+4	1.12503621E+2	1.17871958E-7	6.23081030E+1	-5.59248373E+1	8.37250689E+1	-7.31461634E-1
1.15506485E+4	1.07802968E+2	1.12991894E-7	6.05125017E+1	-5.34945264E+1	8.07677364E+1	-7.23918349E-1
1.23853818E+4	1.03279705E+2	1.08203675E-7	5.88053666E+1	-5.11402940E+1	7.79320271E+1	-7.15793870E-1
1.32804389E+4	9.89249005E+1	1.03507647E-7	5.71810316E+1	-4.88564985E+1	7.52105567E+1	-7.07053313E-1
1.42401793E+4	9.47572807E+1	9.88786620E-8	5.56484904E+1	-4.66513141E+1	7.26161112E+1	-6.97674776E-1
1.52692775E+4	9.07690423E+1	9.43292579E-8	5.41974478E+1	-4.45206359E+1	7.01387939E+1	-6.87685621E-1
1.63727458E+4	8.69532810E+1	8.98550820E-8	5.28257111E+1	-4.24595468E+1	6.77743970E+1	-6.77033487E-1
1.75559587E+4	8.33127727E+1	8.54556600E-8	5.15308132E+1	-4.04691259E+1	6.55223237E+1	-6.65736785E-1
1.88246790E+4	7.98494841E+1	8.11392037E-8	5.03069132E+1	-3.85512060E+1	6.33796580E+1	-6.53864508E-1
2.01850863E+4	7.65633992E+1	7.68928546E-8	4.91582670E+1	-3.67040704E+1	6.13491973E+1	-6.41354317E-1
2.16438064E+4	7.34401425E+1	7.27361181E-8	4.80720843E+1	-3.49212745E+1	5.94173435E+1	-6.28248559E-1
2.32079442E+4	7.04840991E+1	6.86636405E-8	4.70507059E+1	-3.32047837E+1	5.75875560E+1	-6.14556849E-1
2.48851178E+4	6.76971300E+1	6.46749913E-8	4.60946732E+1	-3.15556355E+1	5.58612304E+1	-6.00303965E-1
2.66834962E+4	6.50623335E+1	6.07890191E-8	4.51916455E+1	-2.99664655E+1	5.42242925E+1	-5.85527543E-1
2.86118383E+4	6.25880559E+1	5.70026741E-8	4.43458419E+1	-2.84423333E+1	5.26832044E+1	-5.70288340E-1
3.06795364E+4	6.02635180E+1	5.33218947E-8	4.35528443E+1	-2.69777194E+1	5.12313148E+1	-5.54580258E-1
3.28966612E+4	5.80810295E+1	4.97583528E-8	4.28063478E+1	-2.55705556E+1	4.98621775E+1	-5.38471857E-1
3.52740116E+4	5.60374263E+1	4.63157855E-8	4.21052221E+1	-2.42202092E+1	4.85743582E+1	-5.22007514E-1
3.78231664E+4	5.41274449E+1	4.29923782E-8	4.14503061E+1	-2.29231597E+1	4.73666460E+1	-5.05164627E-1
4.05565415E+4	5.23419994E+1	3.98045037E-8	4.08325793E+1	-2.16785444E+1	4.62304968E+1	-4.88071034E-1
4.34874501E+4	5.06792400E+1	3.67517447E-8	4.02534903E+1	-2.04859170E+1	4.51665395E+1	-4.70760302E-1
4.66301673E+4	4.91329525E+1	3.38361453E-8	3.97115067E+1	-1.93426935E+1	4.41717508E+1	-4.53258548E-1
5.00000000E+4	4.76868210E+1	3.10605801E-8	3.91990899E+1	-1.82403759E+1	4.32351707E+1	-4.35526107E-1
5.36133611E+4	4.63457297E+1	2.84276855E-8	3.87190875E+1	-1.71841967E+1	4.23611185E+1	-4.17700422E-1
5.74878498E+4	4.50998867E+1	2.59388949E-8	3.82671879E+1	-1.61699769E+1	4.15433007E+1	-3.99797564E-1
6.16423370E+4	4.39409005E+1	2.35932883E-8	3.78401212E+1	-1.51938875E+1	4.07765741E+1	-3.81823363E-1
6.60970574E+4	4.28629175E+1	2.13858246E-8	3.74373566E+1	-1.42519699E+1	4.00583865E+1	-3.63748468E-1
7.08737081E+4	4.18625023E+1	1.93194215E-8	3.70560190E+1	-1.33457531E+1	3.93860087E+1	-3.45689029E-1
7.59955541E+4	4.09348751E+1	1.73907208E-8	3.66948944E+1	-1.24733971E+1	3.87569467E+1	-3.27668468E-1
8.14875417E+4	4.00722738E+1	1.55890468E-8	3.63533776E+1	-1.16273139E+1	3.81675582E+1	-3.09559038E-1
8.73764200E+4	3.92717722E+1	1.39119256E-8	3.60302362E+1	-1.08070948E+1	3.76161033E+1	-2.91406480E-1
9.36908711E+4	3.85270476E+1	1.23578714E-8	3.57209899E+1	-1.00117507E+1	3.70974969E+1	-2.73264998E-1
1.00461650E+5	3.78361010E+1	1.09190474E-8	3.54268857E+1	-9.23855960E+0	3.66116816E+1	-2.55096852E-1
1.07721735E+5	3.71904107E+1	9.59017709E-9	3.51424854E+1	-8.48346505E+0	3.61519497E+1	-2.36870170E-1
1.15506485E+5	3.65952907E+1	8.36052072E-9	3.48757474E+1	-7.74405251E+0	3.57251748E+1	-2.18501892E-1
1.23853818E+5	3.60384256E+1	7.22895174E-9	3.46156595E+1	-7.01783277E+0	3.53198793E+1	-2.00024728E-1
1.32804389E+5	3.55219379E+1	6.19016978E-9	3.43650207E+1	-6.30533308E+0	3.49386909E+1	-1.81462765E-1
1.42401793E+5	3.50423156E+1	5.23387578E-9	3.41234004E+1	-5.59968798E+0	3.45798058E+1	-1.62651430E-1
1.52692775E+5	3.46004940E+1	4.35510279E-9	3.38921290E+1	-4.89979510E+0	3.42444800E+1	-1.43575539E-1
1.63727458E+5	3.41886496E+1	3.54948641E-9	3.36640069E+1	-4.20256709E+0	3.39253141E+1	-1.24196063E-1
1.75559587E+5	3.38109020E+1	2.81077958E-9	3.34433775E+1	-3.50588842E+0	3.36266377E+1	-1.04449075E-1
1.88246790E+5	3.34769828E+1	2.13649477E-9	3.32335778E+1	-2.81103901E+0	3.33550383E+1	-8.43828201E-2
2.01850863E+5	3.31480461E+1	1.51661484E-9	3.30138362E+1	-2.10493987E+0	3.30808731E+1	-6.36731351E-2
2.16438064E+5	3.28624698E+1	9.50962690E-10	3.28032220E+1	-1.39409918E+0	3.28328325E+1	-4.24732911E-2
2.32079442E+5	3.26097379E+1	4.33763204E-10	3.25958702E+1	-6.72324772E-1	3.26028033E+1	-2.06231484E-2
2.48851178E+5	3.23899687E+1	-3.79863380E-11	3.23898484E+1	6.23110130E-2	3.23899085E+1	1.92378340E-3
2.66834962E+5	3.22013322E+1	-4.68088545E-10	3.21807772E+1	8.13243997E-1	3.21910531E+1	2.52657359E-2
2.86118383E+5	3.20483930E+1	-8.60972980E-10	3.19697274E+1	1.58584357E+0	3.20090360E+1	4.95639120E-2
3.06795364E+5	3.19361432E+1	-1.21780383E-9	3.17576481E+1	2.38087634E+0	3.18467706E+1	7.48301821E-2
3.28966612E+5	3.18650327E+1	-1.54170295E-9	3.15398283E+1	3.20262415E+0	3.17020135E+1	1.01195375E-1
3.52740116E+5	3.18413702E+1	-1.83299223E-9	3.13173357E+1	4.05108982E+0	3.15782659E+1	1.28641798E-1
3.78231664E+5	3.18714223E+1	-2.09665819E-9	3.10874163E+1	4.93686803E+0	3.14769784E+1	1.57490827E-1
4.05565415E+5	3.19619953E+1	-2.33276657E-9	3.08484056E+1	5.86109350E+0	3.14002642E+1	1.87758702E-1
4.34874501E+5	3.21194877E+1	-2.54102466E-9	3.05977745E+1	6.82356173E+0	3.13493994E+1	2.19418034E-1
4.66301673E+5	3.23528620E+1	-2.72326082E-9	3.03317259E+1	7.82971423E+0	3.13259977E+1	2.52621403E-1
NaN	NaN	NaN	NaN	NaN	NaN	NaN
