Start time:20240907_06-55-19	sweep/start:500.000	sweep/stop:500000.000	sweep/samplecount:100.000	sweep/xmapping:1.000	sweep/scan:0.000	sweep/averaging/sample:10.000	sweep/settling/time:0.100	sweep/settling/inaccuracy:0.010	sweep/awgcontrol:0.000	sweep/averaging/time:0.100	sweep/averaging/tc:15.000	sweep/bandwidthcontrol:2.000	sweep/sincfilter:0.000	sweep/omegasuppression:80.000	sweep/maxbandwidth:100.000	sweep/bandwidth:1250000.000	sweep/order:8.000	sweep/bandwidthoverlap:1.000																				
Frequency	Param0		Param1		RealZ		ImagZ		AbsZ		PhaseZ		
5.00000000E+2	1.07599628E+3	7.59132766E-7	1.41858188E+2	-3.64026246E+2	3.90690232E+2	-1.19920745E+0
5.36133611E+2	9.78534403E+2	7.42912929E-7	1.39850642E+2	-3.42476912E+2	3.69930590E+2	-1.18311198E+0
5.74878498E+2	8.91969939E+2	7.25941942E-7	1.37854736E+2	-3.22425686E+2	3.50659744E+2	-1.16676350E+0
6.16423370E+2	8.15052097E+2	7.08265818E-7	1.35865173E+2	-3.03772662E+2	3.32771962E+2	-1.15022384E+0
6.60970574E+2	7.46654621E+2	6.90026378E-7	1.33852231E+2	-2.86399982E+2	3.16135055E+2	-1.13359902E+0
7.08737081E+2	6.85649181E+2	6.71287919E-7	1.31830524E+2	-2.70203995E+2	3.00648444E+2	-1.11688148E+0
7.59955541E+2	6.31331140E+2	6.52069042E-7	1.29796571E+2	-2.55142037E+2	2.86259691E+2	-1.10019486E+0
8.14875417E+2	5.82902802E+2	6.32479123E-7	1.27742994E+2	-2.41129561E+2	2.72876785E+2	-1.08361802E+0
8.73764200E+2	5.39589460E+2	6.12721544E-7	1.25643989E+2	-2.28056468E+2	2.60376970E+2	-1.06723656E+0
9.36908711E+2	5.00773119E+2	5.92767267E-7	1.23539468E+2	-2.15877832E+2	2.48727240E+2	-1.05101942E+0
1.00461650E+3	4.66009597E+2	5.72850874E-7	1.21374260E+2	-2.04523483E+2	2.37826759E+2	-1.03520765E+0
1.07721735E+3	4.34687807E+2	5.52956047E-7	1.19200754E+2	-1.93923418E+2	2.27629331E+2	-1.01965292E+0
1.15506485E+3	4.06467216E+2	5.33209055E-7	1.16999039E+2	-1.84031240E+2	2.18074008E+2	-1.00449944E+0
1.23853818E+3	3.80990113E+2	5.13778374E-7	1.14743208E+2	-1.74785644E+2	2.09083777E+2	-9.89879512E-1
1.32804389E+3	3.57891105E+2	4.94615978E-7	1.12479330E+2	-1.66143763E+2	2.00637361E+2	-9.75673944E-1
1.42401793E+3	3.36871985E+2	4.75860231E-7	1.10189244E+2	-1.58044293E+2	1.92664653E+2	-9.61948786E-1
1.52692775E+3	3.17700590E+2	4.57598042E-7	1.07864597E+2	-1.50445584E+2	1.85117923E+2	-9.48773302E-1
1.63727458E+3	3.00123385E+2	4.39803861E-7	1.05534981E+2	-1.43303464E+2	1.77970546E+2	-9.36027634E-1
1.75559587E+3	2.84011141E+2	4.22565687E-7	1.03181460E+2	-1.36595277E+2	1.71186108E+2	-9.23860342E-1
1.88246790E+3	2.69123917E+2	4.05850707E-7	1.00833855E+2	-1.30266400E+2	1.64732515E+2	-9.12074535E-1
2.01850863E+3	2.55375585E+2	3.89707873E-7	9.84806440E+1	-1.24302511E+2	1.58586102E+2	-9.00789108E-1
2.16438064E+3	2.42598721E+2	3.74119740E-7	9.61381079E+1	-1.18661055E+2	1.52718636E+2	-8.89872232E-1
2.32079442E+3	2.30689787E+2	3.59078670E-7	9.38127113E+1	-1.13317294E+2	1.47110959E+2	-8.79287202E-1
2.48851178E+3	2.19540398E+2	3.44576372E-7	9.15106790E+1	-1.08240871E+2	1.41740223E+2	-8.68958148E-1
2.66834962E+3	2.09131207E+2	3.30614886E-7	8.92282290E+1	-1.03434666E+2	1.36603101E+2	-8.59002230E-1
2.86118383E+3	1.99317029E+2	3.17159111E-7	8.69810245E+1	-9.88488764E+1	1.31669279E+2	-8.49175610E-1
3.06795364E+3	1.90103073E+2	3.04151999E-7	8.47814237E+1	-9.44950746E+1	1.26953570E+2	-8.39527747E-1
3.28966612E+3	1.81412331E+2	2.91610497E-7	8.26235997E+1	-9.03453399E+1	1.22429326E+2	-8.30010892E-1
3.52740116E+3	1.73184988E+2	2.79498468E-7	8.05163408E+1	-8.63790498E+1	1.18085653E+2	-8.20511770E-1
3.78231664E+3	1.65413359E+2	2.67813960E-7	7.84557240E+1	-8.25973616E+1	1.13919379E+2	-8.11108475E-1
4.05565415E+3	1.58048860E+2	2.56503499E-7	7.64550637E+1	-7.89826485E+1	1.09925591E+2	-8.01657808E-1
4.34874501E+3	1.51072195E+2	2.45584826E-7	7.45047875E+1	-7.55290562E+1	1.06092421E+2	-7.92224975E-1
4.66301673E+3	1.44460902E+2	2.34989333E-7	7.26220710E+1	-7.22293888E+1	1.02425826E+2	-7.82687240E-1
5.00000000E+3	1.38196784E+2	2.24729804E-7	7.07991218E+1	-6.90774578E+1	9.89151701E+1	-7.73090335E-1
5.36133611E+3	1.32250648E+2	2.14786467E-7	6.90380402E+1	-6.60611418E+1	9.55527367E+1	-7.63366818E-1
5.74878498E+3	1.26600843E+2	2.05171147E-7	6.73310783E+1	-6.31719646E+1	9.23264385E+1	-7.53539087E-1
6.16423370E+3	1.21252742E+2	1.95847021E-7	6.56864929E+1	-6.04148321E+1	8.92449849E+1	-7.43617532E-1
6.60970574E+3	1.16168813E+2	1.86804955E-7	6.41026310E+1	-5.77717854E+1	8.62944177E+1	-7.33499161E-1
7.08737081E+3	1.11343391E+2	1.78051666E-7	6.25741512E+1	-5.52421376E+1	8.34698639E+1	-7.23245721E-1
7.59955541E+3	1.06762561E+2	1.69588739E-7	6.10970489E+1	-5.28207155E+1	8.07643326E+1	-7.12873761E-1
8.14875417E+3	1.02414352E+2	1.61389682E-7	5.96761560E+1	-5.05019918E+1	7.81773292E+1	-7.02323165E-1
8.73764200E+3	9.82846354E+1	1.53446561E-7	5.83104181E+1	-4.82795327E+1	7.57034885E+1	-6.91567273E-1
9.36908711E+3	9.43671558E+1	1.45744719E-7	5.70017415E+1	-4.61507707E+1	7.33422948E+1	-6.80590149E-1
1.00461650E+4	9.06529819E+1	1.38308643E-7	5.57398416E+1	-4.41140892E+1	7.10843361E+1	-6.69492410E-1
1.07721735E+4	8.71156034E+1	1.31105908E-7	5.45294098E+1	-4.21533615E+1	6.89228731E+1	-6.58083769E-1
1.15506485E+4	8.37617662E+1	1.24146522E-7	5.33666779E+1	-4.02751146E+1	6.68587106E+1	-6.46493767E-1
1.23853818E+4	8.05786195E+1	1.17427157E-7	5.22493166E+1	-3.84731945E+1	6.48858828E+1	-6.34700401E-1
1.32804389E+4	7.75560099E+1	1.10937274E-7	5.11775282E+1	-3.67421484E+1	6.30009910E+1	-6.22661862E-1
1.42401793E+4	7.46927094E+1	1.04658916E-7	5.01557676E+1	-3.50808940E+1	6.12067820E+1	-6.10349276E-1
1.52692775E+4	7.19700609E+1	9.86086030E-8	4.91737919E+1	-3.34810237E+1	5.94898376E+1	-5.97772217E-1
1.63727458E+4	6.93967015E+1	9.27686435E-8	4.82385713E+1	-3.19474245E+1	5.78584282E+1	-5.84959290E-1
1.75559587E+4	6.69566482E+1	8.71528089E-8	4.73411982E+1	-3.04732481E+1	5.63010474E+1	-5.71929442E-1
1.88246790E+4	6.46460929E+1	8.17417460E-8	4.64862585E+1	-2.90548224E+1	5.48192938E+1	-5.58613406E-1
2.01850863E+4	6.24656467E+1	7.65365206E-8	4.56735294E+1	-2.76939565E+1	5.34137299E+1	-5.45072527E-1
2.16438064E+4	6.04026909E+1	7.15337662E-8	4.48999728E+1	-2.63831688E+1	5.20776264E+1	-5.31251046E-1
2.32079442E+4	5.84523642E+1	6.67473204E-8	4.41592562E+1	-2.51231564E+1	5.08056387E+1	-5.17254230E-1
2.48851178E+4	5.66133594E+1	6.21607941E-8	4.34562062E+1	-2.39115016E+1	4.96004214E+1	-5.03030257E-1
2.66834962E+4	5.48817467E+1	5.77661059E-8	4.27921601E+1	-2.27450985E+1	4.84614124E+1	-4.88548316E-1
2.86118383E+4	5.32494080E+1	5.35904384E-8	4.21549916E+1	-2.16260263E+1	4.73785642E+1	-4.74003123E-1
3.06795364E+4	5.17154588E+1	4.96051862E-8	4.15538299E+1	-2.05488338E+1	4.63570423E+1	-4.59246927E-1
3.28966612E+4	5.02739446E+1	4.58157865E-8	4.09843343E+1	-1.95122648E+1	4.53921155E+1	-4.44337961E-1
3.52740116E+4	4.89194344E+1	4.22270339E-8	4.04422960E+1	-1.85158021E+1	4.44793687E+1	-4.29348404E-1
3.78231664E+4	4.76471263E+1	3.88310868E-8	3.99277401E+1	-1.75561278E+1	4.36169929E+1	-4.14253419E-1
4.05565415E+4	4.64549499E+1	3.56266323E-8	3.94398979E+1	-1.66334879E+1	4.28039540E+1	-3.99108430E-1
4.34874501E+4	4.53368321E+1	3.26130563E-8	3.89752906E+1	-1.57462030E+1	4.20358919E+1	-3.83953981E-1
4.66301673E+4	4.42911540E+1	2.97785054E-8	3.85366553E+1	-1.48915789E+1	4.13138346E+1	-3.68750467E-1
5.00000000E+4	4.33100957E+1	2.71228380E-8	3.81186762E+1	-1.40673390E+1	4.06315581E+1	-3.53535778E-1
5.36133611E+4	4.23892295E+1	2.46382008E-8	3.77203702E+1	-1.32706855E+1	3.99867157E+1	-3.38293036E-1
5.74878498E+4	4.15286581E+1	2.23222568E-8	3.73418790E+1	-1.25036870E+1	3.93796664E+1	-3.23109127E-1
6.16423370E+4	4.07200723E+1	2.01652142E-8	3.69797840E+1	-1.17607416E+1	3.88048899E+1	-3.07916410E-1
6.60970574E+4	3.99643956E+1	1.81582857E-8	3.66367496E+1	-1.10414730E+1	3.82644163E+1	-2.92719603E-1
7.08737081E+4	3.92544114E+1	1.62967962E-8	3.63078718E+1	-1.03432381E+1	3.77524057E+1	-2.77524386E-1
7.59955541E+4	3.85895358E+1	1.45739222E-8	3.59938258E+1	-9.66589482E+0	3.72690894E+1	-2.62353461E-1
8.14875417E+4	3.79630919E+1	1.29821300E-8	3.56905568E+1	-9.00599983E+0	3.68092908E+1	-2.47175710E-1
8.73764200E+4	3.73759469E+1	1.15080327E-8	3.54018828E+1	-8.35975897E+0	3.63755260E+1	-2.31890912E-1
9.36908711E+4	3.68234549E+1	1.01518001E-8	3.51225666E+1	-7.72913657E+0	3.59629566E+1	-2.16609287E-1
1.00461650E+5	3.63068672E+1	8.89898807E-9	3.48570609E+1	-7.10886620E+0	3.55745791E+1	-2.01184363E-1
1.07721735E+5	3.58176392E+1	7.75049221E-9	3.45962665E+1	-6.50037895E+0	3.52016561E+1	-1.85727092E-1
1.15506485E+5	3.53588031E+1	6.69134070E-9	3.43461243E+1	-5.89759130E+0	3.48487855E+1	-1.70052172E-1
1.23853818E+5	3.49274557E+1	5.71751038E-9	3.41038304E+1	-5.29988375E+0	3.45131863E+1	-1.54171142E-1
1.32804389E+5	3.45214047E+1	4.82096576E-9	3.38682324E+1	-4.70334842E+0	3.41932589E+1	-1.37989446E-1
1.42401793E+5	3.41392689E+1	4.00027657E-9	3.36370452E+1	-4.11014728E+0	3.38872267E+1	-1.21588353E-1
1.52692775E+5	3.37841131E+1	3.24553844E-9	3.34143457E+1	-3.51504261E+0	3.35987207E+1	-1.04810135E-1
1.63727458E+5	3.34490882E+1	2.55240496E-9	3.31930422E+1	-2.91529364E+0	3.33208193E+1	-8.76036639E-2
1.75559587E+5	3.31398425E+1	1.91611294E-9	3.29780427E+1	-2.30994063E+0	3.30588436E+1	-6.99305909E-2
1.88246790E+5	3.28313095E+1	1.32129258E-9	3.27376753E+1	-1.67930575E+0	3.27844491E+1	-5.12514662E-2
2.01850863E+5	3.25921107E+1	7.96331850E-10	3.25568345E+1	-1.07166555E+0	3.25744679E+1	-3.29048784E-2
2.16438064E+5	3.23565580E+1	3.04513956E-10	3.23507494E+1	-4.33478232E-1	3.23536536E+1	-1.33985252E-2
2.32079442E+5	3.21439296E+1	-1.45155555E-10	3.21424413E+1	2.18689532E-1	3.21431854E+1	6.80365756E-3
2.48851178E+5	3.19634508E+1	-5.58121454E-10	3.19386007E+1	8.90877386E-1	3.19510233E+1	2.78862040E-2
2.66834962E+5	3.18084605E+1	-9.35702073E-10	3.17294482E+1	1.58330774E+0	3.17689298E+1	4.98589038E-2
2.86118383E+5	3.16892076E+1	-1.28064745E-9	3.15214273E+1	2.29970649E+0	3.16052061E+1	7.28279012E-2
3.06795364E+5	3.16053873E+1	-1.59531106E-9	3.13096209E+1	3.04307719E+0	3.14571565E+1	9.68887153E-2
3.28966612E+5	3.15611277E+1	-1.88088858E-9	3.10930060E+1	3.81513374E+0	3.13261924E+1	1.22090460E-1
3.52740116E+5	3.15684598E+1	-2.14169698E-9	3.08751881E+1	4.62653452E+0	3.12198997E+1	1.48739669E-1
3.78231664E+5	3.16194270E+1	-2.37430703E-9	3.06439777E+1	5.46731137E+0	3.11278816E+1	1.76556162E-1
4.05565415E+5	3.17272175E+1	-2.58369488E-9	3.04007008E+1	6.35034906E+0	3.10568775E+1	2.05927148E-1
4.34874501E+5	3.19061456E+1	-2.76968860E-9	3.01483736E+1	7.27969175E+0	3.10148093E+1	2.36927052E-1
4.66301673E+5	3.21661378E+1	-2.93065031E-9	2.98863593E+1	8.25434703E+0	3.10053019E+1	2.69473260E-1
NaN	NaN	NaN	NaN	NaN	NaN	NaN
