Start time:20240906_05-26-24	sweep/start:500.000	sweep/stop:500000.000	sweep/samplecount:100.000	sweep/xmapping:1.000	sweep/scan:0.000	sweep/averaging/sample:10.000	sweep/settling/time:0.100	sweep/settling/inaccuracy:0.010	sweep/awgcontrol:0.000	sweep/averaging/time:0.100	sweep/averaging/tc:15.000	sweep/bandwidthcontrol:2.000	sweep/sincfilter:0.000	sweep/omegasuppression:80.000	sweep/maxbandwidth:100.000	sweep/bandwidth:1250000.000	sweep/order:8.000	sweep/bandwidthoverlap:1.000																				
Frequency	Param0		Param1		RealZ		ImagZ		AbsZ		PhaseZ		
5.00000000E+2	1.02898207E+3	7.15580247E-7	1.62019833E+2	-3.74786682E+2	4.08308077E+2	-1.16275981E+0
5.36133611E+2	9.39492319E+2	6.98078691E-7	1.59752823E+2	-3.52938467E+2	3.87410028E+2	-1.14575207E+0
5.74878498E+2	8.59948840E+2	6.79823551E-7	1.57525083E+2	-3.32639976E+2	3.68053673E+2	-1.12852331E+0
6.16423370E+2	7.89349032E+2	6.60942264E-7	1.55290888E+2	-3.13788848E+2	3.50112416E+2	-1.11124526E+0
6.60970574E+2	7.26422434E+2	6.41582665E-7	1.53048822E+2	-2.96233266E+2	3.33433789E+2	-1.09391786E+0
7.08737081E+2	6.70235418E+2	6.21888809E-7	1.50778462E+2	-2.79862312E+2	3.17894731E+2	-1.07662405E+0
7.59955541E+2	6.20195826E+2	6.01886683E-7	1.48477205E+2	-2.64649685E+2	3.03455001E+2	-1.05952197E+0
8.14875417E+2	5.75555685E+2	5.81689456E-7	1.46142402E+2	-2.50510449E+2	2.90022564E+2	-1.04268820E+0
8.73764200E+2	5.35533336E+2	5.61408818E-7	1.43788362E+2	-2.37335971E+2	2.77494968E+2	-1.02609150E+0
9.36908711E+2	4.99592988E+2	5.41230544E-7	1.41380424E+2	-2.25042753E+2	2.65768068E+2	-1.00987190E+0
1.00461650E+3	4.67324079E+2	5.21181472E-7	1.38935550E+2	-2.13599711E+2	2.54809586E+2	-9.94106085E-1
1.07721735E+3	4.38303784E+2	5.01346446E-7	1.36456570E+2	-2.02950816E+2	2.44559665E+2	-9.78860639E-1
1.15506485E+3	4.12055717E+2	4.81898323E-7	1.33923360E+2	-1.92998493E+2	2.34912505E+2	-9.64170100E-1
1.23853818E+3	3.88295798E+2	4.62856227E-7	1.31353065E+2	-1.83712313E+2	2.25840303E+2	-9.50078491E-1
1.32804389E+3	3.66702933E+2	4.44295415E-7	1.28747461E+2	-1.75031888E+2	2.17283389E+2	-9.36597323E-1
1.42401793E+3	3.46982730E+2	4.26324677E-7	1.26092488E+2	-1.66890979E+2	2.09169584E+2	-9.23760260E-1
1.52692775E+3	3.28975420E+2	4.08910057E-7	1.23413643E+2	-1.59276887E+2	2.01494551E+2	-9.11588034E-1
1.63727458E+3	3.12360632E+2	3.92172572E-7	1.20692472E+2	-1.52095047E+2	1.94163788E+2	-9.00011004E-1
1.75559587E+3	2.97051536E+2	3.76027092E-7	1.17964846E+2	-1.45347629E+2	1.87194119E+2	-8.89019182E-1
1.88246790E+3	2.82865175E+2	3.60541336E-7	1.15216729E+2	-1.38981670E+2	1.80529221E+2	-8.78616941E-1
2.01850863E+3	2.69678582E+2	3.45667529E-7	1.12471286E+2	-1.32971073E+2	1.74158252E+2	-8.68726557E-1
2.16438064E+3	2.57335666E+2	3.31434343E-7	1.09723573E+2	-1.27265572E+2	1.68035081E+2	-8.59283684E-1
2.32079442E+3	2.45790046E+2	3.17796402E-7	1.06988165E+2	-1.21861225E+2	1.62162344E+2	-8.50297495E-1
2.48851178E+3	2.34934380E+2	3.04746556E-7	1.04268390E+2	-1.16723314E+2	1.56512713E+2	-8.41697846E-1
2.66834962E+3	2.24701265E+2	2.92226034E-7	1.01583950E+2	-1.11833550E+2	1.51082897E+2	-8.33387342E-1
2.86118383E+3	2.15015461E+2	2.80217493E-7	9.89384488E+1	-1.07165662E+2	1.45853680E+2	-8.25294739E-1
3.06795364E+3	2.05846457E+2	2.68719699E-7	9.63270151E+1	-1.02711639E+2	1.40813972E+2	-8.17464475E-1
3.28966612E+3	1.97139317E+2	2.57665755E-7	9.37705036E+1	-9.84527575E+1	1.35962689E+2	-8.09751762E-1
3.52740116E+3	1.88861930E+2	2.47030843E-7	9.12727373E+1	-9.43781360E+1	1.31293356E+2	-8.02123693E-1
3.78231664E+3	1.80989469E+2	2.36817318E-7	8.88270079E+1	-9.04793650E+1	1.26794136E+2	-7.94613175E-1
4.05565415E+3	1.73475912E+2	2.26983455E-7	8.64435347E+1	-8.67374558E+1	1.22457629E+2	-7.87095350E-1
4.34874501E+3	1.66317698E+2	2.17495320E-7	8.41291898E+1	-8.31531867E+1	1.18288516E+2	-7.79563764E-1
4.66301673E+3	1.59492512E+2	2.08345675E-7	8.18809765E+1	-7.97176780E+1	1.14277743E+2	-7.72012103E-1
5.00000000E+3	1.52972606E+2	1.99514137E-7	7.97007817E+1	-7.64187253E+1	1.10417554E+2	-7.64378543E-1
5.36133611E+3	1.46762928E+2	1.90971559E-7	7.75945869E+1	-7.32604171E+1	1.06714613E+2	-7.56675363E-1
5.74878498E+3	1.40830704E+2	1.82724529E-7	7.55540392E+1	-7.02275988E+1	1.03151968E+2	-7.48877295E-1
6.16423370E+3	1.35163906E+2	1.74754659E-7	7.35808130E+1	-6.73151839E+1	9.97269776E+1	-7.40957557E-1
6.60970574E+3	1.29754998E+2	1.67048245E-7	7.16752127E+1	-6.45203918E+1	9.64376332E+1	-7.32912990E-1
7.08737081E+3	1.24592077E+2	1.59588743E-7	6.98386541E+1	-6.18377337E+1	9.32809892E+1	-7.24710778E-1
7.59955541E+3	1.19663108E+2	1.52375014E-7	6.80667400E+1	-5.92621002E+1	9.02500839E+1	-7.16359236E-1
8.14875417E+3	1.14954518E+2	1.45408541E-7	6.63539804E+1	-5.67876666E+1	8.73366464E+1	-7.07868432E-1
8.73764200E+3	1.10457314E+2	1.38654949E-7	6.47091524E+1	-5.44088660E+1	8.45434749E+1	-6.99141455E-1
9.36908711E+3	1.06164677E+2	1.32132433E-7	6.31211325E+1	-5.21244396E+1	8.18610689E+1	-6.90266532E-1
1.00461650E+4	1.02060391E+2	1.25805951E-7	6.15984358E+1	-4.99238734E+1	7.92890941E+1	-6.81094415E-1
1.07721735E+4	9.81389981E+1	1.19707088E-7	6.01249506E+1	-4.78078727E+1	7.68153787E+1	-6.71771713E-1
1.15506485E+4	9.44003928E+1	1.13781382E-7	5.87190335E+1	-4.57730802E+1	7.44519967E+1	-6.62132231E-1
1.23853818E+4	9.08237906E+1	1.08062248E-7	5.73619567E+1	-4.38113710E+1	7.21791544E+1	-6.52256140E-1
1.32804389E+4	8.74183247E+1	1.02520425E-7	5.60641398E+1	-4.19266666E+1	7.00073794E+1	-6.42113387E-1
1.42401793E+4	8.41621099E+1	9.71686614E-8	5.48145420E+1	-4.01082718E+1	6.79213332E+1	-6.31691470E-1
1.52692775E+4	8.10599317E+1	9.19784653E-8	5.36231221E+1	-3.83568418E+1	6.59294061E+1	-6.20923531E-1
1.63727458E+4	7.80981830E+1	8.69622115E-8	5.24803451E+1	-3.66665098E+1	6.40204622E+1	-6.09833648E-1
1.75559587E+4	7.52744926E+1	8.21110967E-8	5.13873411E+1	-3.50356554E+1	6.21945015E+1	-5.98403378E-1
1.88246790E+4	7.25940414E+1	7.74272231E-8	5.03432500E+1	-3.34690472E+1	6.04534529E+1	-5.86720956E-1
2.01850863E+4	7.00464273E+1	7.28942900E-8	4.93509491E+1	-3.19584334E+1	5.87950479E+1	-5.74668481E-1
2.16438064E+4	6.76185869E+1	6.85257806E-8	4.84002820E+1	-3.04987108E+1	5.72080297E+1	-5.62283366E-1
2.32079442E+4	6.53177781E+1	6.43073101E-8	4.74983099E+1	-2.90928613E+1	5.56999466E+1	-5.49562256E-1
2.48851178E+4	6.31326837E+1	6.02459983E-8	4.66379999E+1	-2.77358793E+1	5.42621607E+1	-5.36517455E-1
2.66834962E+4	6.10674319E+1	5.63373701E-8	4.58222117E+1	-2.64304691E+1	5.28984384E+1	-5.23189535E-1
2.86118383E+4	5.91086359E+1	5.25831479E-8	4.50451164E+1	-2.51692838E+1	5.15999552E+1	-5.09541730E-1
3.06795364E+4	5.72609013E+1	4.89819925E-8	4.43088846E+1	-2.39559888E+1	5.03702954E+1	-4.95643195E-1
3.28966612E+4	5.55179330E+1	4.55392333E-8	4.36088996E+1	-2.27890289E+1	4.92044303E+1	-4.81546025E-1
3.52740116E+4	5.38696556E+1	4.22509906E-8	4.29422625E+1	-2.16621089E+1	4.80966203E+1	-4.67199126E-1
3.78231664E+4	5.23185460E+1	3.91085651E-8	4.23136777E+1	-2.05752948E+1	4.70509308E+1	-4.52592369E-1
4.05565415E+4	5.08618995E+1	3.61240876E-8	4.17170927E+1	-1.95318903E+1	4.60631151E+1	-4.37884511E-1
4.34874501E+4	4.94911991E+1	3.32895953E-8	4.11515655E+1	-1.85253601E+1	4.51291515E+1	-4.22998521E-1
4.66301673E+4	4.82011716E+1	3.06023630E-8	4.06152560E+1	-1.75528883E+1	4.42459368E+1	-4.07932001E-1
5.00000000E+4	4.69867324E+1	2.80668137E-8	4.01031442E+1	-1.66148585E+1	4.34087054E+1	-3.92775538E-1
5.36133611E+4	4.58524912E+1	2.56744921E-8	3.96213860E+1	-1.57125749E+1	4.26232243E+1	-3.77544284E-1
5.74878498E+4	4.47813434E+1	2.34242014E-8	3.91595668E+1	-1.48373287E+1	4.18762225E+1	-3.62180295E-1
6.16423370E+4	4.37793126E+1	2.13127897E-8	3.87222635E+1	-1.39935832E+1	4.11732204E+1	-3.46779720E-1
6.60970574E+4	4.28382251E+1	1.93361018E-8	3.83052523E+1	-1.31771264E+1	4.05083821E+1	-3.31322432E-1
7.08737081E+4	4.19539562E+1	1.74842422E-8	3.79090164E+1	-1.23830399E+1	3.98802359E+1	-3.15724966E-1
7.59955541E+4	4.11252983E+1	1.57609638E-8	3.75302762E+1	-1.16155999E+1	3.92866873E+1	-3.00148943E-1
8.14875417E+4	4.03472597E+1	1.41557880E-8	3.71687986E+1	-1.08692029E+1	3.87254331E+1	-2.84495747E-1
8.73764200E+4	3.96163586E+1	1.26611813E-8	3.68239666E+1	-1.01403620E+1	3.81946523E+1	-2.68713859E-1
9.36908711E+4	3.89276478E+1	1.12758020E-8	3.64912181E+1	-9.42911879E+0	3.76897504E+1	-2.52863341E-1
1.00461650E+5	3.82820285E+1	9.99269038E-9	3.61729210E+1	-8.73456175E+0	3.72125354E+1	-2.36931493E-1
1.07721735E+5	3.76724807E+1	8.80240093E-9	3.58657354E+1	-8.04985965E+0	3.67580090E+1	-2.20785450E-1
1.15506485E+5	3.70997199E+1	7.70071142E-9	3.55705152E+1	-7.37526900E+0	3.63270718E+1	-2.04445301E-1
1.23853818E+5	3.65641095E+1	6.68375389E-9	3.52878054E+1	-6.71103287E+0	3.59202892E+1	-1.87935615E-1
1.32804389E+5	3.60512755E+1	5.75824915E-9	3.50010339E+1	-6.06295599E+0	3.55222734E+1	-1.71520122E-1
1.42401793E+5	3.55815969E+1	4.88008382E-9	3.47429807E+1	-5.39777918E+0	3.51597886E+1	-1.54130918E-1
1.52692775E+5	3.51353341E+1	4.08167842E-9	3.44825611E+1	-4.74439402E+0	3.48074174E+1	-1.36729738E-1
1.63727458E+5	3.47177383E+1	3.34552498E-9	3.42290528E+1	-4.08989316E+0	3.44725296E+1	-1.18922209E-1
1.75559587E+5	3.43292086E+1	2.66745143E-9	3.39824838E+1	-3.43257369E+0	3.41554062E+1	-1.00668637E-1
1.88246790E+5	3.39651842E+1	2.03895660E-9	3.37342455E+1	-2.76265217E+0	3.38495022E+1	-8.17156312E-2
2.01850863E+5	3.36323265E+1	1.46730753E-9	3.35010954E+1	-2.09675423E+0	3.35666469E+1	-6.25061015E-2
2.16438064E+5	3.33251218E+1	9.37873205E-10	3.32650253E+1	-1.41389531E+0	3.32950600E+1	-4.24783914E-2
2.32079442E+5	3.30474647E+1	4.51790505E-10	3.30318072E+1	-7.19157663E-1	3.30396350E+1	-2.17682328E-2
2.48851178E+5	3.27996095E+1	4.39391249E-12	3.27996076E+1	-7.39117046E-3	3.27996086E+1	-2.25341976E-4
2.66834962E+5	3.25864341E+1	-4.06809067E-10	3.25703424E+1	7.23889602E-1	3.25783872E+1	2.22217640E-2
2.86118383E+5	3.24019385E+1	-7.84387024E-10	3.23344356E+1	1.47738032E+0	3.23681694E+1	4.56588615E-2
3.06795364E+5	3.22605263E+1	-1.12991338E-9	3.21020282E+1	2.25568128E+0	3.21811797E+1	7.01507038E-2
3.28966612E+5	3.21535246E+1	-1.44609902E-9	3.18592468E+1	3.06191976E+0	3.20060475E+1	9.58134463E-2
3.52740116E+5	3.20976367E+1	-1.73352660E-9	3.16168021E+1	3.89902595E+0	3.18563122E+1	1.22701817E-1
3.78231664E+5	3.20925683E+1	-1.99566721E-9	3.13659265E+1	4.77406736E+0	3.17271672E+1	1.51046222E-1
4.05565415E+5	3.21403983E+1	-2.23069580E-9	3.11022552E+1	5.68230147E+0	3.16170661E+1	1.80704455E-1
4.34874501E+5	3.22646748E+1	-2.44259091E-9	3.08348400E+1	6.63993092E+0	3.15416563E+1	2.12099756E-1
4.66301673E+5	3.24608039E+1	-2.63065730E-9	3.05486072E+1	7.64296284E+0	3.14901944E+1	2.45157695E-1
NaN	NaN	NaN	NaN	NaN	NaN	NaN
