Start time:20240908_07-03-52	sweep/start:500.000	sweep/stop:500000.000	sweep/samplecount:100.000	sweep/xmapping:1.000	sweep/scan:0.000	sweep/averaging/sample:10.000	sweep/settling/time:0.100	sweep/settling/inaccuracy:0.010	sweep/awgcontrol:0.000	sweep/averaging/time:0.100	sweep/averaging/tc:15.000	sweep/bandwidthcontrol:2.000	sweep/sincfilter:0.000	sweep/omegasuppression:80.000	sweep/maxbandwidth:100.000	sweep/bandwidth:1250000.000	sweep/order:8.000	sweep/bandwidthoverlap:1.000																				
Frequency	Param0		Param1		RealZ		ImagZ		AbsZ		PhaseZ		
5.00000000E+2	1.16632028E+3	8.02883154E-7	1.20806367E+2	-3.55393720E+2	3.75364994E+2	-1.24312718E+0
5.36133611E+2	1.05507554E+3	7.88838851E-7	1.19076479E+2	-3.33849450E+2	3.54449806E+2	-1.22818546E+0
5.74878498E+2	9.55775199E+2	7.73981705E-7	1.17420296E+2	-3.13751293E+2	3.35003583E+2	-1.21268650E+0
6.16423370E+2	8.67611295E+2	7.58349767E-7	1.15775259E+2	-2.95032190E+2	3.16935177E+2	-1.19684519E+0
6.60970574E+2	7.89542169E+2	7.42043191E-7	1.14093168E+2	-2.77604198E+2	3.00135545E+2	-1.18084995E+0
7.08737081E+2	7.19950369E+2	7.24950933E-7	1.12457592E+2	-2.61375521E+2	2.84541517E+2	-1.16448479E+0
7.59955541E+2	6.58089587E+2	7.07251377E-7	1.10805032E+2	-2.46255710E+2	2.70036351E+2	-1.14797630E+0
8.14875417E+2	6.02899285E+2	6.88993014E-7	1.09154415E+2	-2.32151728E+2	2.56532868E+2	-1.13128339E+0
8.73764200E+2	5.53843638E+2	6.70267668E-7	1.07468449E+2	-2.19023379E+2	2.43968665E+2	-1.11463963E+0
9.36908711E+2	5.10038754E+2	6.51041869E-7	1.05794950E+2	-2.06801707E+2	2.32291883E+2	-1.09793026E+0
1.00461650E+3	4.70899039E+2	6.31606023E-7	1.04075542E+2	-1.95390255E+2	2.21379924E+2	-1.08136747E+0
1.07721735E+3	4.35874427E+2	6.11948276E-7	1.02335789E+2	-1.84751016E+2	2.11200266E+2	-1.06495469E+0
1.15506485E+3	4.04469273E+2	5.92125481E-7	1.00585693E+2	-1.74832315E+2	2.01702306E+2	-1.04871659E+0
1.23853818E+3	3.76225327E+2	5.72308422E-7	9.88091113E+1	-1.65563426E+2	1.92806869E+2	-1.03272927E+0
1.32804389E+3	3.50791542E+2	5.52572296E-7	9.70071744E+1	-1.56904118E+2	1.84470308E+2	-1.01706013E+0
1.42401793E+3	3.27813033E+2	5.32948968E-7	9.51973209E+1	-1.48809916E+2	1.76654809E+2	-1.00167874E+0
1.52692775E+3	3.07037867E+2	5.13547116E-7	9.33686061E+1	-1.41244470E+2	1.69315378E+2	-9.86697450E-1
1.63727458E+3	2.88112115E+2	4.94525812E-7	9.15122842E+1	-1.34131648E+2	1.62375482E+2	-9.72077788E-1
1.75559587E+3	2.70878374E+2	4.75836551E-7	8.96503871E+1	-1.27464343E+2	1.55834369E+2	-9.57834280E-1
1.88246790E+3	2.55142056E+2	4.57547896E-7	8.77812336E+1	-1.21207008E+2	1.49655217E+2	-9.43995833E-1
2.01850863E+3	2.40685458E+2	4.39691222E-7	8.59153596E+1	-1.15313174E+2	1.43800478E+2	-9.30463620E-1
2.16438064E+3	2.27386112E+2	4.22321466E-7	8.40471578E+1	-1.09759880E+2	1.38243105E+2	-9.17299629E-1
2.32079442E+3	2.15123318E+2	4.05420106E-7	8.21895610E+1	-1.04526393E+2	1.32969511E+2	-9.04462337E-1
2.48851178E+3	2.03749471E+2	3.89026223E-7	8.03430022E+1	-9.95733193E+1	1.27944691E+2	-8.91878685E-1
2.66834962E+3	1.93195249E+2	3.73122783E-7	7.85143961E+1	-9.48899241E+1	1.23160904E+2	-8.79554453E-1
2.86118383E+3	1.83363223E+2	3.57723476E-7	7.67050058E+1	-9.04500909E+1	1.18595434E+2	-8.67443105E-1
3.06795364E+3	1.74199878E+2	3.42757304E-7	7.49334714E+1	-8.62460216E+1	1.14251483E+2	-8.55469295E-1
3.28966612E+3	1.65613917E+2	3.28275462E-7	7.31898816E+1	-8.22466043E+1	1.10096607E+2	-8.43598749E-1
3.52740116E+3	1.57584221E+2	3.14240152E-7	7.14819468E+1	-7.84522663E+1	1.06134004E+2	-8.31853901E-1
3.78231664E+3	1.50048395E+2	3.00636643E-7	6.98136580E+1	-7.48430379E+1	1.02349535E+2	-8.20151859E-1
4.05565415E+3	1.42962828E+2	2.87460479E-7	6.81849909E+1	-7.14053641E+1	9.87315505E+1	-8.08464243E-1
4.34874501E+3	1.36296258E+2	2.74682808E-7	6.66013164E+1	-6.81305718E+1	9.52759686E+1	-7.96748035E-1
4.66301673E+3	1.30027920E+2	2.62267344E-7	6.50696972E+1	-6.50139354E+1	9.19830273E+1	-7.84969503E-1
5.00000000E+3	1.24140451E+2	2.50230108E-7	6.35845043E+1	-6.20517508E+1	8.88448592E+1	-7.73198840E-1
5.36133611E+3	1.18576847E+2	2.38571014E-7	6.21434416E+1	-5.92196415E+1	8.58415594E+1	-7.61311475E-1
5.74878498E+3	1.13341673E+2	2.27249654E-7	6.07547471E+1	-5.65234937E+1	8.29821948E+1	-7.49335045E-1
6.16423370E+3	1.08406133E+2	2.16289545E-7	5.94103442E+1	-5.39523553E+1	8.02523873E+1	-7.37289063E-1
6.60970574E+3	1.03746304E+2	2.05681846E-7	5.81099063E+1	-5.14968616E+1	7.76446263E+1	-7.25136941E-1
7.08737081E+3	9.93607246E+1	1.95383175E-7	5.68631138E+1	-4.91583812E+1	7.51662170E+1	-7.12854268E-1
7.59955541E+3	9.52152645E+1	1.85438434E-7	5.56553317E+1	-4.69225012E+1	7.27958591E+1	-7.00469250E-1
8.14875417E+3	9.13092019E+1	1.75810256E-7	5.44949523E+1	-4.47905207E+1	7.05399928E+1	-6.87964944E-1
8.73764200E+3	8.76259956E+1	1.66525476E-7	5.33730681E+1	-4.27572660E+1	6.83876320E+1	-6.75412471E-1
9.36908711E+3	8.41486913E+1	1.57542073E-7	5.22976191E+1	-4.08134196E+1	6.63383463E+1	-6.62679189E-1
1.00461650E+4	8.08656875E+1	1.48888690E-7	5.12593179E+1	-3.89564151E+1	6.43826061E+1	-6.49862209E-1
1.07721735E+4	7.77694825E+1	1.40536655E-7	5.02639248E+1	-3.71824859E+1	6.25219914E+1	-6.36905524E-1
1.15506485E+4	7.48474705E+1	1.32497874E-7	4.93060611E+1	-3.54872691E+1	6.07489419E+1	-6.23848121E-1
1.23853818E+4	7.20879561E+1	1.24770598E-7	4.83836553E+1	-3.38659224E+1	5.90582662E+1	-6.10689393E-1
1.32804389E+4	6.94782254E+1	1.17339809E-7	4.74974475E+1	-3.23114658E+1	5.74459603E+1	-5.97366692E-1
1.42401793E+4	6.70135410E+1	1.10206744E-7	4.66457407E+1	-3.08232235E+1	5.59097152E+1	-5.83925853E-1
1.52692775E+4	6.46872362E+1	1.03350221E-7	4.58321979E+1	-2.93967311E+1	5.44495932E+1	-5.70305123E-1
1.63727458E+4	6.24895827E+1	9.67831307E-8	4.50506925E+1	-2.80291639E+1	5.30584485E+1	-5.56561263E-1
1.75559587E+4	6.04104743E+1	9.05050981E-8	4.42979640E+1	-2.67161249E+1	5.17306582E+1	-5.42696171E-1
1.88246790E+4	5.84544216E+1	8.45010430E-8	4.35794659E+1	-2.54606085E+1	5.04718978E+1	-5.28746235E-1
2.01850863E+4	5.66094527E+1	7.87643017E-8	4.28929440E+1	-2.42557501E+1	4.92762222E+1	-5.14661767E-1
2.16438064E+4	5.48658594E+1	7.32874551E-8	4.22365610E+1	-2.30958463E+1	4.81388119E+1	-5.00399387E-1
2.32079442E+4	5.32217176E+1	6.80698193E-8	4.16095549E+1	-2.19812853E+1	4.70588140E+1	-4.86010867E-1
2.48851178E+4	5.16708402E+1	6.31107903E-8	4.10093028E+1	-2.09098578E+1	4.60324355E+1	-4.71521005E-1
2.66834962E+4	5.02120616E+1	5.83975208E-8	4.04386390E+1	-1.98802386E+1	4.50611521E+1	-4.56917076E-1
2.86118383E+4	4.88393243E+1	5.39344937E-8	3.98934063E+1	-1.88913504E+1	4.41403104E+1	-4.42261074E-1
3.06795364E+4	4.75476418E+1	4.97029687E-8	3.93759651E+1	-1.79378826E+1	4.32693226E+1	-4.27463114E-1
3.28966612E+4	4.63350144E+1	4.57100293E-8	3.88831284E+1	-1.70221217E+1	4.24458515E+1	-4.12642534E-1
3.52740116E+4	4.51949794E+1	4.19443941E-8	3.84140689E+1	-1.61394654E+1	4.16668099E+1	-3.97750943E-1
3.78231664E+4	4.41206793E+1	3.84004669E-8	3.79657274E+1	-1.52865038E+1	4.09276640E+1	-3.82779786E-1
4.05565415E+4	4.31188386E+1	3.50746760E-8	3.75427561E+1	-1.44686381E+1	4.02343142E+1	-3.67849270E-1
4.34874501E+4	4.21750733E+1	3.19500043E-8	3.71402319E+1	-1.36746176E+1	3.95776705E+1	-3.52785879E-1
4.66301673E+4	4.12933762E+1	2.90386707E-8	3.67566376E+1	-1.29133744E+1	3.89590254E+1	-3.37851066E-1
5.00000000E+4	4.04648670E+1	2.63152943E-8	3.63921841E+1	-1.21743096E+1	3.83745344E+1	-3.22827963E-1
5.36133611E+4	3.96909322E+1	2.37840638E-8	3.60457853E+1	-1.14626426E+1	3.78244738E+1	-3.07889757E-1
5.74878498E+4	3.89656553E+1	2.14282631E-8	3.57168550E+1	-1.07720434E+1	3.73059065E+1	-2.92919930E-1
6.16423370E+4	3.82840760E+1	1.92475207E-8	3.54006110E+1	-1.01032869E+1	3.68141234E+1	-2.78007828E-1
6.60970574E+4	3.76466707E+1	1.72264186E-8	3.51005385E+1	-9.45360267E+0	3.63513193E+1	-2.63086580E-1
7.08737081E+4	3.70503353E+1	1.53577357E-8	3.48150362E+1	-8.82167806E+0	3.59152998E+1	-2.48163892E-1
7.59955541E+4	3.64928091E+1	1.36338275E-8	3.45431942E+1	-8.20645576E+0	3.55046222E+1	-2.33246860E-1
8.14875417E+4	3.59677208E+1	1.20475968E-8	3.42803366E+1	-7.60553035E+0	3.51138944E+1	-2.18326380E-1
8.73764200E+4	3.54747358E+1	1.05873380E-8	3.40279762E+1	-7.01642987E+0	3.47438263E+1	-2.03346013E-1
9.36908711E+4	3.50151100E+1	9.24590565E-9	3.37878822E+1	-6.43936526E+0	3.43960232E+1	-1.88323698E-1
1.00461650E+5	3.45834876E+1	8.01526674E-9	3.35561662E+1	-5.87136770E+0	3.40659545E+1	-1.73217867E-1
1.07721735E+5	3.41756773E+1	6.88303755E-9	3.33307750E+1	-5.30671658E+0	3.37505823E+1	-1.57888510E-1
1.15506485E+5	3.37961852E+1	5.85032660E-9	3.31143423E+1	-4.75171269E+0	3.34535267E+1	-1.42521213E-1
1.23853818E+5	3.34404608E+1	4.90170858E-9	3.29050577E+1	-4.19731595E+0	3.31716790E+1	-1.26873220E-1
1.32804389E+5	3.31054498E+1	4.03429035E-9	3.26993225E+1	-3.64416062E+0	3.29017595E+1	-1.10986575E-1
1.42401793E+5	3.27947486E+1	3.23937955E-9	3.25011044E+1	-3.08929648E+0	3.26475964E+1	-9.47673259E-2
1.52692775E+5	3.25054196E+1	2.51344222E-9	3.23069278E+1	-2.53232057E+0	3.24060218E+1	-7.82232692E-2
1.63727458E+5	3.22371246E+1	1.85057988E-9	3.21161609E+1	-1.97101147E+0	3.21765859E+1	-6.12944514E-2
1.75559587E+5	3.19907810E+1	1.24187433E-9	3.19294601E+1	-1.39926022E+0	3.19601058E+1	-4.37954628E-2
1.88246790E+5	3.17630620E+1	7.16504420E-10	3.17284662E+1	-8.53167028E-1	3.17457551E+1	-2.68926608E-2
2.01850863E+5	3.15643529E+1	1.81550433E-10	3.15626854E+1	-2.29392107E-1	3.15635192E+1	-7.26769916E-3
2.16438064E+5	3.13873964E+1	-2.82928097E-10	3.13828191E+1	3.78997795E-1	3.13851077E+1	1.20760162E-2
2.32079442E+5	3.12321727E+1	-7.05139175E-10	3.11999955E+1	1.00195485E+0	3.12160800E+1	3.21029075E-2
2.48851178E+5	3.11075211E+1	-1.09120577E-9	3.10201378E+1	1.64639991E+0	3.10637987E+1	5.30254439E-2
2.66834962E+5	3.10061298E+1	-1.44215064E-9	3.08328343E+1	2.31150455E+0	3.09193606E+1	7.48288993E-2
2.86118383E+5	3.09461605E+1	-1.76184908E-9	3.06516792E+1	3.00438364E+0	3.07985679E+1	9.77048360E-2
3.06795364E+5	3.09182561E+1	-2.05041076E-9	3.04633239E+1	3.72273205E+0	3.06899470E+1	1.21600814E-1
3.28966612E+5	3.09262718E+1	-2.31297891E-9	3.02646659E+1	4.47472729E+0	3.05936805E+1	1.46789749E-1
3.52740116E+5	3.09853316E+1	-2.54515131E-9	3.00667911E+1	5.25523080E+0	3.05226062E+1	1.73037203E-1
3.78231664E+5	3.10935388E+1	-2.75501267E-9	2.98561729E+1	6.07806748E+0	3.04685751E+1	2.00833822E-1
4.05565415E+5	3.12654598E+1	-2.93876467E-9	2.96405570E+1	6.93995552E+0	3.04421688E+1	2.29994124E-1
4.34874501E+5	3.14982489E+1	-3.10087793E-9	2.94039640E+1	7.84730773E+0	3.04330967E+1	2.60800864E-1
4.66301673E+5	3.18170210E+1	-3.23905256E-9	2.91586450E+1	8.80423645E+0	3.04588446E+1	2.93238013E-1
5.00000000E+5	3.22277089E+1	-3.35291628E-9	2.88975440E+1	9.80986199E+0	3.05172348E+1	3.27263743E-1
