Start time:20240905_11-57-11	sweep/start:500.000	sweep/stop:500000.000	sweep/samplecount:100.000	sweep/xmapping:1.000	sweep/scan:0.000	sweep/averaging/sample:10.000	sweep/settling/time:0.100	sweep/settling/inaccuracy:0.010	sweep/awgcontrol:0.000	sweep/averaging/time:0.100	sweep/averaging/tc:15.000	sweep/bandwidthcontrol:2.000	sweep/sincfilter:0.000	sweep/omegasuppression:80.000	sweep/maxbandwidth:100.000	sweep/bandwidth:1250000.000	sweep/order:8.000	sweep/bandwidthoverlap:1.000																				
Frequency	Param0		Param1		RealZ		ImagZ		AbsZ		PhaseZ		
5.00000000E+2	1.21618625E+3	7.17816700E-7	1.42713221E+2	-3.91406106E+2	4.16612301E+2	-1.22115971E+0
5.36133611E+2	1.10001710E+3	7.04450040E-7	1.40774355E+2	-3.67473460E+2	3.93515142E+2	-1.20495450E+0
5.74878498E+2	9.96512897E+2	6.90356928E-7	1.38890109E+2	-3.45130827E+2	3.72029240E+2	-1.18819911E+0
6.16423370E+2	9.04611302E+2	6.75505622E-7	1.37032392E+2	-3.24319507E+2	3.52080990E+2	-1.17102575E+0
6.60970574E+2	8.22544576E+2	6.59908731E-7	1.35248720E+2	-3.04886642E+2	3.33538729E+2	-1.15327462E+0
7.08737081E+2	7.49543377E+2	6.43484445E-7	1.33532943E+2	-2.86805986E+2	3.16368018E+2	-1.13505668E+0
7.59955541E+2	6.84752276E+2	6.26417752E-7	1.31810070E+2	-2.69969144E+2	3.00428421E+2	-1.11659990E+0
8.14875417E+2	6.26976154E+2	6.08655038E-7	1.30143743E+2	-2.54282567E+2	2.85651919E+2	-1.09774734E+0
8.73764200E+2	5.75545674E+2	5.90281160E-7	1.28505315E+2	-2.39681152E+2	2.71957115E+2	-1.07864779E+0
9.36908711E+2	5.29862027E+2	5.71316961E-7	1.26892978E+2	-2.26128142E+2	2.59298604E+2	-1.05942904E+0
1.00461650E+3	4.89098322E+2	5.51983361E-7	1.25279607E+2	-2.13492531E+2	2.47535941E+2	-1.04013162E+0
1.07721735E+3	4.52864343E+2	5.32301907E-7	1.23663646E+2	-2.01767572E+2	2.36649217E+2	-1.02094440E+0
1.15506485E+3	4.20535449E+2	5.12347350E-7	1.22065701E+2	-1.90874085E+2	2.26567766E+2	-1.00183152E+0
1.23853818E+3	3.91669042E+2	4.92336207E-7	1.20444778E+2	-1.80741649E+2	2.17196890E+2	-9.82983945E-1
1.32804389E+3	3.65914488E+2	4.72336525E-7	1.18806449E+2	-1.71341843E+2	2.08501799E+2	-9.64521465E-1
1.42401793E+3	3.42912720E+2	4.52473629E-7	1.17143883E+2	-1.62626679E+2	2.00424865E+2	-9.46559993E-1
1.52692775E+3	3.22279350E+2	4.32860641E-7	1.15460299E+2	-1.54529570E+2	1.92900153E+2	-9.29107053E-1
1.63727458E+3	3.03768982E+2	4.13639923E-7	1.13735428E+2	-1.47015464E+2	1.85874406E+2	-9.12343356E-1
1.75559587E+3	2.87152079E+2	3.94898713E-7	1.11967451E+2	-1.40053473E+2	1.79308911E+2	-8.96383424E-1
1.88246790E+3	2.72138270E+2	3.76694292E-7	1.10169153E+2	-1.33581435E+2	1.73150924E+2	-8.81154574E-1
2.01850863E+3	2.58574569E+2	3.59159506E-7	1.08313003E+2	-1.27574608E+2	1.67352883E+2	-8.66873251E-1
2.16438064E+3	2.46242757E+2	3.42325900E-7	1.06409028E+2	-1.21981846E+2	1.61871715E+2	-8.53477726E-1
2.32079442E+3	2.35013666E+2	3.26245557E-7	1.04450718E+2	-1.16779251E+2	1.56675926E+2	-8.41067812E-1
2.48851178E+3	2.24726101E+2	3.10918955E-7	1.02448594E+2	-1.11924789E+2	1.51732900E+2	-8.29573562E-1
2.66834962E+3	2.15241849E+2	2.96399631E-7	1.00389210E+2	-1.07377677E+2	1.46996459E+2	-8.19021583E-1
2.86118383E+3	2.06482567E+2	2.82667152E-7	9.82804379E+1	-1.03122027E+2	1.42454193E+2	-8.09432907E-1
3.06795364E+3	1.98328180E+2	2.69699922E-7	9.61295900E+1	-9.91176488E+1	1.38076814E+2	-8.00700944E-1
3.28966612E+3	1.90703284E+2	2.57485017E-7	9.39374094E+1	-9.53411527E+1	1.33843836E+2	-7.92814311E-1
3.52740116E+3	1.83519959E+2	2.45980594E-7	9.17137357E+1	-9.17599667E+1	1.29735504E+2	-7.85650140E-1
3.78231664E+3	1.76721839E+2	2.35145969E-7	8.94665546E+1	-8.83540007E+1	1.25740582E+2	-7.79141634E-1
4.05565415E+3	1.70259599E+2	2.24950485E-7	8.71994813E+1	-8.51046352E+1	1.21846414E+2	-7.73240923E-1
4.34874501E+3	1.64070142E+2	2.15350363E-7	8.49203555E+1	-8.19843152E+1	1.18037684E+2	-7.67808857E-1
4.66301673E+3	1.58143112E+2	2.06273309E-7	8.26485601E+1	-7.89906066E+1	1.14325415E+2	-7.62771659E-1
5.00000000E+3	1.52431407E+2	1.97663767E-7	8.03967676E+1	-7.61009334E+1	1.10702269E+2	-7.57955232E-1
5.36133611E+3	1.46906398E+2	1.89538935E-7	7.81500030E+1	-7.33028811E+1	1.07148194E+2	-7.53404927E-1
5.74878498E+3	1.41549629E+2	1.81788997E-7	7.59426313E+1	-7.05858904E+1	1.03680525E+2	-7.48856770E-1
6.16423370E+3	1.36354380E+2	1.74401692E-7	7.37722354E+1	-6.79472197E+1	1.00295401E+2	-7.44318844E-1
6.60970574E+3	1.31295669E+2	1.67330257E-7	7.16491737E+1	-6.53729457E+1	9.69908560E+1	-7.39625670E-1
7.08737081E+3	1.26391478E+2	1.60540361E-7	6.95812644E+1	-6.28723025E+1	9.37788826E+1	-7.34789988E-1
7.59955541E+3	1.21614706E+2	1.53996784E-7	6.75746764E+1	-6.04296074E+1	9.06535954E+1	-7.29637044E-1
8.14875417E+3	1.16980391E+2	1.47685140E-7	6.56299633E+1	-5.80527917E+1	8.76208807E+1	-7.24211676E-1
8.73764200E+3	1.12475597E+2	1.41572096E-7	6.37536126E+1	-5.57333154E+1	8.46801369E+1	-7.18375898E-1
9.36908711E+3	1.08111661E+2	1.35627985E-7	6.19525656E+1	-5.34759233E+1	8.18400561E+1	-7.12093438E-1
1.00461650E+4	1.03886165E+2	1.29844934E-7	6.02245751E+1	-5.12786572E+1	7.90980414E+1	-7.05339523E-1
1.07721735E+4	9.97971121E+1	1.24208616E-7	5.85701046E+1	-4.91392929E+1	7.64534321E+1	-6.98062961E-1
1.15506485E+4	9.58557985E+1	1.18715195E-7	5.69871837E+1	-4.70639231E+1	7.39090792E+1	-6.90316630E-1
1.23853818E+4	9.20562610E+1	1.13348714E-7	5.54771812E+1	-4.50477989E+1	7.14634302E+1	-6.82018867E-1
1.32804389E+4	8.83913339E+1	1.08104134E-7	5.40370836E+1	-4.30860009E+1	6.91115756E+1	-6.73117709E-1
1.42401793E+4	8.48810403E+1	1.02969461E-7	5.26705756E+1	-4.11891209E+1	6.68635419E+1	-6.63677168E-1
1.52692775E+4	8.15163515E+1	9.79493695E-8	5.13715624E+1	-3.93520630E+1	6.47118406E+1	-6.53680457E-1
1.63727458E+4	7.82918873E+1	9.30360196E-8	5.01393624E+1	-3.75705950E+1	6.26538530E+1	-6.43067914E-1
1.75559587E+4	7.52131991E+1	8.82303074E-8	4.89721293E+1	-3.58480262E+1	6.06906128E+1	-6.31886919E-1
1.88246790E+4	7.22857536E+1	8.35296799E-8	4.78701764E+1	-3.41873944E+1	5.88245847E+1	-6.20172176E-1
2.01850863E+4	6.94905978E+1	7.89375938E-8	4.68267080E+1	-3.25772209E+1	5.70439823E+1	-6.07832500E-1
2.16438064E+4	6.68398711E+1	7.44570283E-8	4.58420691E+1	-3.10255165E+1	5.53541145E+1	-5.94979294E-1
2.32079442E+4	6.43284164E+1	7.00971457E-8	4.49109762E+1	-2.95305966E+1	5.37499020E+1	-5.81654910E-1
2.48851178E+4	6.19444491E+1	6.58527143E-8	4.40318607E+1	-2.80842399E+1	5.22257535E+1	-5.67762515E-1
2.66834962E+4	5.96984154E+1	6.17265826E-8	4.32066849E+1	-2.66936880E+1	5.07875045E+1	-5.53415042E-1
2.86118383E+4	5.75736835E+1	5.77351778E-8	4.24242991E+1	-2.53515680E+1	4.94218895E+1	-5.38632204E-1
3.06795364E+4	5.55759870E+1	5.38660855E-8	4.16919742E+1	-2.40593406E+1	4.81359804E+1	-5.23391300E-1
3.28966612E+4	5.36987195E+1	5.01364234E-8	4.10017441E+1	-2.28166194E+1	4.69227147E+1	-5.07804061E-1
3.52740116E+4	5.19333998E+1	4.65460353E-8	4.03513294E+1	-2.16183237E+1	4.57775242E+1	-4.91838830E-1
3.78231664E+4	5.02808154E+1	4.31034555E-8	3.97388879E+1	-2.04676442E+1	4.47001531E+1	-4.75617574E-1
4.05565415E+4	4.87327425E+1	3.98001941E-8	3.91653130E+1	-1.93574624E+1	4.36879057E+1	-4.59037169E-1
4.34874501E+4	4.72850913E+1	3.66487263E-8	3.86250018E+1	-1.82892307E+1	4.27362461E+1	-4.42229943E-1
4.66301673E+4	4.59331850E+1	3.36464082E-8	3.81177749E+1	-1.72599546E+1	4.18434081E+1	-4.25184891E-1
5.00000000E+4	4.46703272E+1	3.07992482E-8	3.76387403E+1	-1.62683760E+1	4.10040833E+1	-4.07973696E-1
5.36133611E+4	4.34955910E+1	2.81018256E-8	3.71904253E+1	-1.53131245E+1	4.02196411E+1	-3.90593709E-1
5.74878498E+4	4.24012905E+1	2.55559555E-8	3.67684258E+1	-1.43913709E+1	3.94845375E+1	-3.73075600E-1
6.16423370E+4	4.13817120E+1	2.31653454E-8	3.63682796E+1	-1.35029591E+1	3.87940932E+1	-3.55508804E-1
6.60970574E+4	4.04326096E+1	2.09177608E-8	3.59921698E+1	-1.26420349E+1	3.81478354E+1	-3.37782660E-1
7.08737081E+4	3.95528839E+1	1.88156015E-8	3.56386739E+1	-1.18108952E+1	3.75448043E+1	-3.20015582E-1
7.59955541E+4	3.87366461E+1	1.68517355E-8	3.53064173E+1	-1.10049570E+1	3.69817819E+1	-3.02154502E-1
8.14875417E+4	3.79767251E+1	1.50275657E-8	3.49893461E+1	-1.02238167E+1	3.64524454E+1	-2.84283709E-1
8.73764200E+4	3.72709791E+1	1.33322057E-8	3.46893710E+1	-9.46331615E+0	3.59570135E+1	-2.66321234E-1
9.36908711E+4	3.66176654E+1	1.17614439E-8	3.44061356E+1	-8.72296898E+0	3.54946807E+1	-2.48297741E-1
1.00461650E+5	3.60112399E+1	1.03121167E-8	3.41356399E+1	-8.00154991E+0	3.50609001E+1	-2.30247615E-1
1.07721735E+5	3.54497466E+1	8.97239546E-9	3.38795737E+1	-7.29361236E+0	3.46557687E+1	-2.12044275E-1
1.15506485E+5	3.49301395E+1	7.73836038E-9	3.36357293E+1	-6.59836514E+0	3.42768248E+1	-1.93711435E-1
1.23853818E+5	3.44482804E+1	6.60510693E-9	3.34010703E+1	-5.91421430E+0	3.39206343E+1	-1.75250159E-1
1.32804389E+5	3.40046690E+1	5.56952298E-9	3.31761041E+1	-5.24292940E+0	3.35878316E+1	-1.56737091E-1
1.42401793E+5	3.35954433E+1	4.61119954E-9	3.29621642E+1	-4.56883359E+0	3.32772973E+1	-1.37730854E-1
1.52692775E+5	3.32202130E+1	3.73927449E-9	3.27549977E+1	-3.90360342E+0	3.29867853E+1	-1.18616358E-1
1.63727458E+5	3.28756235E+1	2.94121982E-9	3.25535138E+1	-3.23817816E+0	3.27141722E+1	-9.91463103E-2
1.75559587E+5	3.25643660E+1	2.21359657E-9	3.23597701E+1	-2.57306597E+0	3.24619069E+1	-7.93474039E-2
1.88246790E+5	3.22981577E+1	1.55615013E-9	3.21792799E+1	-1.91259196E+0	3.22386549E+1	-5.93671078E-2
2.01850863E+5	3.20286113E+1	9.44097049E-10	3.19815751E+1	-1.22649295E+0	3.20050846E+1	-3.83312024E-2
2.16438064E+5	3.18060382E+1	3.94567530E-10	3.17967766E+1	-5.42659643E-1	3.18014071E+1	-1.70648418E-2
2.32079442E+5	3.16172566E+1	-1.07094960E-10	3.16164855E+1	1.56107196E-1	3.16168711E+1	4.93748753E-3
2.48851178E+5	3.14587827E+1	-5.60661860E-10	3.14348746E+1	8.66910412E-1	3.14468264E+1	2.75709941E-2
2.66834962E+5	3.13362209E+1	-9.72192975E-10	3.12546800E+1	1.59638149E+0	3.12954239E+1	5.10322142E-2
2.86118383E+5	3.12447443E+1	-1.34464883E-9	3.10675169E+1	2.34648644E+0	3.11560046E+1	7.53854799E-2
3.06795364E+5	3.11962317E+1	-1.68030401E-9	3.08809284E+1	3.12039104E+0	3.10381796E+1	1.00704082E-1
3.28966612E+5	3.11899533E+1	-1.98156394E-9	3.06891166E+1	3.92047768E+0	3.09385215E+1	1.27059921E-1
3.52740116E+5	3.12334590E+1	-2.25114341E-9	3.04929725E+1	4.75179536E+0	3.08609949E+1	1.54589136E-1
3.78231664E+5	3.13318604E+1	-2.49168162E-9	3.02892488E+1	5.61959458E+0	3.08061441E+1	1.83445138E-1
4.05565415E+5	3.14897961E+1	-2.70551223E-9	3.00724075E+1	6.52872440E+0	3.07729423E+1	2.13782648E-1
4.34874501E+5	3.17136345E+1	-2.88740999E-9	2.98452261E+1	7.46746422E+0	3.07652497E+1	2.45172835E-1
4.66301673E+5	3.20186793E+1	-3.04570022E-9	2.96021169E+1	8.45785301E+0	3.07866965E+1	2.78302959E-1
5.00000000E+5	3.24183698E+1	-3.17957374E-9	2.93415408E+1	9.50151574E+0	3.08416101E+1	3.13168495E-1
