Start time:20240909_02-55-03	sweep/start:500.000	sweep/stop:500000.000	sweep/samplecount:100.000	sweep/xmapping:1.000	sweep/scan:0.000	sweep/averaging/sample:10.000	sweep/settling/time:0.100	sweep/settling/inaccuracy:0.010	sweep/awgcontrol:0.000	sweep/averaging/time:0.100	sweep/averaging/tc:15.000	sweep/bandwidthcontrol:2.000	sweep/sincfilter:0.000	sweep/omegasuppression:80.000	sweep/maxbandwidth:100.000	sweep/bandwidth:1250000.000	sweep/order:8.000	sweep/bandwidthoverlap:1.000																				
Frequency	Param0		Param1		RealZ		ImagZ		AbsZ		PhaseZ		
5.00000000E+2	1.27527073E+3	8.35258983E-7	1.04546136E+2	-3.49849551E+2	3.65136420E+2	-1.28041172E+0
5.36133611E+2	1.14759756E+3	8.23220437E-7	1.03128425E+2	-3.28198759E+2	3.44020203E+2	-1.26634023E+0
5.74878498E+2	1.03468432E+3	8.10508196E-7	1.01681221E+2	-3.08007913E+2	3.24357746E+2	-1.25193573E+0
6.16423370E+2	9.34198689E+2	7.96992035E-7	1.00281041E+2	-2.89181809E+2	3.06075819E+2	-1.23699738E+0
6.60970574E+2	8.45003646E+2	7.82605212E-7	9.89153456E+1	-2.71660757E+2	2.89108655E+2	-1.22160399E+0
7.08737081E+2	7.65895534E+2	7.67564459E-7	9.75254966E+1	-2.55309839E+2	2.73302648E+2	-1.20591262E+0
7.59955541E+2	6.95459078E+2	7.51710592E-7	9.61730911E+1	-2.40073270E+2	2.58620262E+2	-1.18977375E+0
8.14875417E+2	6.33101696E+2	7.35106565E-7	9.48051477E+1	-2.25905458E+2	2.44992435E+2	-1.17345113E+0
8.73764200E+2	5.77519075E+2	7.17908681E-7	9.34335477E+1	-2.12673036E+2	2.32292164E+2	-1.15685130E+0
9.36908711E+2	5.28062486E+2	7.00079050E-7	9.20598163E+1	-2.00345503E+2	2.20484311E+2	-1.14006599E+0
1.00461650E+3	4.84008256E+2	6.81715973E-7	9.06750503E+1	-1.88853132E+2	2.09493367E+2	-1.12316642E+0
1.07721735E+3	4.44718135E+2	6.62882446E-7	8.92801211E+1	-1.78139120E+2	1.99259847E+2	-1.10620357E+0
1.15506485E+3	4.09610399E+2	6.43660008E-7	8.78759620E+1	-1.68144940E+2	1.89723236E+2	-1.08921666E+0
1.23853818E+3	3.78192075E+2	6.24145371E-7	8.64590912E+1	-1.58817400E+2	1.80826274E+2	-1.07226806E+0
1.32804389E+3	3.50031510E+2	6.04440641E-7	8.50255530E+1	-1.50107552E+2	1.72515570E+2	-1.05542581E+0
1.42401793E+3	3.24697376E+2	5.84621186E-7	8.35841224E+1	-1.41962103E+2	1.64740840E+2	-1.03866937E+0
1.52692775E+3	3.01935131E+2	5.64740104E-7	8.21320297E+1	-1.34360983E+2	1.57475536E+2	-1.02212479E+0
1.63727458E+3	2.81364560E+2	5.44987958E-7	8.06578341E+1	-1.27234309E+2	1.50646127E+2	-1.00580014E+0
1.75559587E+3	2.62733735E+2	5.25308768E-7	7.91899252E+1	-1.20560441E+2	1.44242381E+2	-9.89621865E-1
1.88246790E+3	2.45868268E+2	5.05855267E-7	7.77061954E+1	-1.14312005E+2	1.38222601E+2	-9.73775024E-1
2.01850863E+3	2.30515320E+2	4.86671301E-7	7.62190362E+1	-1.08444980E+2	1.32550576E+2	-9.58169540E-1
2.16438064E+3	2.16492508E+2	4.67768321E-7	7.47403702E+1	-1.02930107E+2	1.27203498E+2	-9.42749557E-1
2.32079442E+3	2.03676332E+2	4.49228770E-7	7.32616997E+1	-9.77465970E+1	1.22154304E+2	-9.27611200E-1
2.48851178E+3	1.91908950E+2	4.31067528E-7	7.17928310E+1	-9.28626729E+1	1.17378391E+2	-9.12669679E-1
2.66834962E+3	1.81093093E+2	4.13322039E-7	7.03328091E+1	-8.82614398E+1	1.12857369E+2	-8.97967423E-1
2.86118383E+3	1.71103345E+2	3.95984179E-7	6.88926050E+1	-8.39140272E+1	1.08571428E+2	-8.83386805E-1
3.06795364E+3	1.61874832E+2	3.79081873E-7	6.74701355E+1	-7.98091317E+1	1.04507018E+2	-8.68982555E-1
3.28966612E+3	1.53331624E+2	3.62597906E-7	6.60735972E+1	-7.59305709E+1	1.00653723E+2	-8.54700273E-1
3.52740116E+3	1.45394539E+2	3.46551621E-7	6.47031721E+1	-7.22563994E+1	9.69922047E+1	-8.40491674E-1
3.78231664E+3	1.38018491E+2	3.30980826E-7	6.33527648E+1	-6.87770315E+1	9.35085713E+1	-8.26427688E-1
4.05565415E+3	1.31145050E+2	3.15821290E-7	6.20377284E+1	-6.54771806E+1	9.01994509E+1	-8.12364566E-1
4.34874501E+3	1.24736783E+2	3.01106393E-7	6.07519614E+1	-6.23474403E+1	8.70517327E+1	-7.98358335E-1
4.66301673E+3	1.18758477E+2	2.86776546E-7	5.95084315E+1	-5.93790974E+1	8.40662279E+1	-7.84310295E-1
5.00000000E+3	1.13181329E+2	2.72877266E-7	5.82981795E+1	-5.65648975E+1	8.12297076E+1	-7.70309325E-1
5.36133611E+3	1.07954881E+2	2.59410694E-7	5.71204637E+1	-5.38858554E+1	7.85266377E+1	-7.56267451E-1
5.74878498E+3	1.03071104E+2	2.46367014E-7	5.59773578E+1	-5.13437771E+1	7.59581993E+1	-7.42250046E-1
6.16423370E+3	9.85022415E+1	2.33720073E-7	5.48739388E+1	-4.89290995E+1	7.35201058E+1	-7.28190275E-1
6.60970574E+3	9.42177486E+1	2.21495595E-7	5.38037317E+1	-4.66307290E+1	7.11987813E+1	-7.14099489E-1
7.08737081E+3	9.02134509E+1	2.09663545E-7	5.27735445E+1	-4.44503830E+1	6.89991562E+1	-6.99998223E-1
7.59955541E+3	8.64513516E+1	1.98253352E-7	5.17746426E+1	-4.23718559E+1	6.69028236E+1	-6.85854272E-1
8.14875417E+3	8.29225775E+1	1.87245591E-7	5.08106801E+1	-4.03934068E+1	6.49103423E+1	-6.71671646E-1
8.73764200E+3	7.96176223E+1	1.76647933E-7	4.98798301E+1	-3.85138418E+1	6.30183582E+1	-6.57516140E-1
9.36908711E+3	7.65135745E+1	1.66447234E-7	4.89824095E+1	-3.67225103E+1	6.12194350E+1	-6.43314281E-1
1.00461650E+4	7.35992077E+1	1.56645001E-7	4.81169538E+1	-3.50161165E+1	5.95094082E+1	-6.29094837E-1
1.07721735E+4	7.08685573E+1	1.47242669E-7	4.72830058E+1	-3.33945467E+1	5.78867722E+1	-6.14921327E-1
1.15506485E+4	6.82961546E+1	1.38229903E-7	4.64780546E+1	-3.18443531E+1	5.63406815E+1	-6.00688580E-1
1.23853818E+4	6.58747088E+1	1.29606240E-7	4.57007509E+1	-3.03638767E+1	5.48682390E+1	-5.86436251E-1
1.32804389E+4	6.35978500E+1	1.21367407E-7	4.49507727E+1	-2.89516928E+1	5.34674901E+1	-5.72199112E-1
1.42401793E+4	6.14570842E+1	1.13504958E-7	4.42280190E+1	-2.76044817E+1	5.21356412E+1	-5.57980745E-1
1.52692775E+4	5.94403546E+1	1.05993230E-7	4.35347061E+1	-2.63144006E+1	5.08696211E+1	-5.43682571E-1
1.63727458E+4	5.75408998E+1	9.88418015E-8	4.28666239E+1	-2.50806027E+1	4.96647169E+1	-5.29380114E-1
1.75559587E+4	5.57499341E+1	9.20523138E-8	4.22202474E+1	-2.39003488E+1	4.85157294E+1	-5.15110413E-1
1.88246790E+4	5.40666575E+1	8.55899759E-8	4.16030239E+1	-2.27711395E+1	4.74271698E+1	-5.00801287E-1
2.01850863E+4	5.24758792E+1	7.94609670E-8	4.10073072E+1	-2.16862916E+1	4.63885169E+1	-4.86452290E-1
2.16438064E+4	5.09794565E+1	7.36362495E-8	4.04401218E+1	-2.06449016E+1	4.54050155E+1	-4.72016587E-1
2.32079442E+4	4.95671934E+1	6.81436589E-8	3.98902280E+1	-1.96472980E+1	4.44662416E+1	-4.57657077E-1
2.48851178E+4	4.82352126E+1	6.29420223E-8	3.93645800E+1	-1.86865909E+1	4.35747505E+1	-4.43208193E-1
2.66834962E+4	4.69814557E+1	5.80283685E-8	3.88623540E+1	-1.77630905E+1	4.27294976E+1	-4.28723601E-1
2.86118383E+4	4.58031441E+1	5.33983836E-8	3.83826469E+1	-1.68765607E+1	4.19290580E+1	-4.14249194E-1
3.06795364E+4	4.46917306E+1	4.90376060E-8	3.79234539E+1	-1.60211235E+1	4.11687355E+1	-3.99716857E-1
3.28966612E+4	4.36476410E+1	4.49401156E-8	3.74856829E+1	-1.51981972E+1	4.04494948E+1	-3.85187261E-1
3.52740116E+4	4.26615114E+1	4.10934584E-8	3.70657396E+1	-1.44017849E+1	3.97653174E+1	-3.70594348E-1
3.78231664E+4	4.17378880E+1	3.74909668E-8	3.66671936E+1	-1.36355460E+1	3.91204706E+1	-3.56026535E-1
4.05565415E+4	4.08664049E+1	3.41293431E-8	3.62831378E+1	-1.28955531E+1	3.85066409E+1	-3.41490258E-1
4.34874501E+4	4.00511820E+1	3.09895322E-8	3.59199117E+1	-1.21817427E+1	3.79293411E+1	-3.26964022E-1
4.66301673E+4	3.92840503E+1	2.80587311E-8	3.55738826E+1	-1.14884751E+1	3.73829666E+1	-3.12373822E-1
5.00000000E+4	3.85671068E+1	2.53341460E-8	3.52461856E+1	-1.08189550E+1	3.68692745E+1	-2.97824272E-1
5.36133611E+4	3.78911263E+1	2.28132716E-8	3.49293861E+1	-1.01711236E+1	3.63801289E+1	-2.83355699E-1
5.74878498E+4	3.72604312E+1	2.04701589E-8	3.46318252E+1	-9.54114294E+0	3.59220926E+1	-2.68833013E-1
6.16423370E+4	3.66681629E+1	1.83019017E-8	3.43476412E+1	-8.92773412E+0	3.54889405E+1	-2.54295720E-1
6.60970574E+4	3.61104333E+1	1.63024327E-8	3.40737912E+1	-8.33043282E+0	3.50773341E+1	-2.39778662E-1
7.08737081E+4	3.55915281E+1	1.44570535E-8	3.38160869E+1	-7.74844924E+0	3.46924517E+1	-2.25246697E-1
7.59955541E+4	3.51038647E+1	1.27616256E-8	3.35678966E+1	-7.18047412E+0	3.43272909E+1	-2.10733097E-1
8.14875417E+4	3.46464184E+1	1.12009734E-8	3.33305486E+1	-6.62258664E+0	3.39821149E+1	-1.96139669E-1
8.73764200E+4	3.42182339E+1	9.76869722E-9	3.31034020E+1	-6.07492577E+0	3.36562022E+1	-1.81494212E-1
9.36908711E+4	3.38176938E+1	8.45732751E-9	3.28854855E+1	-5.53679619E+0	3.33483325E+1	-1.66801582E-1
1.00461650E+5	3.34423502E+1	7.25587096E-9	3.26757676E+1	-5.00486446E+0	3.30568369E+1	-1.51986262E-1
1.07721735E+5	3.30900557E+1	6.15600640E-9	3.24727802E+1	-4.47712493E+0	3.27799650E+1	-1.37009387E-1
1.15506485E+5	3.27603608E+1	5.15107000E-9	3.22762465E+1	-3.95289591E+0	3.25174028E+1	-1.21863881E-1
1.23853818E+5	3.24554467E+1	4.23114713E-9	3.20889869E+1	-3.42918570E+0	3.22716966E+1	-1.06460839E-1
1.32804389E+5	3.21689332E+1	3.39055891E-9	3.19046508E+1	-2.90371506E+0	3.20365194E+1	-9.07622455E-2
1.42401793E+5	3.19050468E+1	2.62613512E-9	3.17267392E+1	-2.37846731E+0	3.18157681E+1	-7.48273122E-2
1.52692775E+5	3.16608955E+1	1.92786421E-9	3.15526940E+1	-1.84771276E+0	3.16067485E+1	-5.84927857E-2
1.63727458E+5	3.14353976E+1	1.29167065E-9	3.13806445E+1	-1.31079255E+0	3.14080091E+1	-4.17464669E-2
1.75559587E+5	3.12313601E+1	7.10548061E-10	3.12126570E+1	-7.64045864E-1	3.12220071E+1	-2.44738339E-2
1.88246790E+5	3.10758931E+1	1.85076417E-10	3.10656319E+1	-2.11228140E-1	3.10707617E+1	-6.80003523E-3
2.01850863E+5	3.08861521E+1	-3.00969258E-10	3.08818595E+1	3.64082572E-1	3.08840058E+1	1.17889822E-2
2.16438064E+5	3.07485777E+1	-7.40000413E-10	3.07191636E+1	9.50560659E-1	3.07338671E+1	3.09337034E-2
2.32079442E+5	3.06354604E+1	-1.13890115E-9	3.05563639E+1	1.55463576E+0	3.05958866E+1	5.08338108E-2
2.48851178E+5	3.05469390E+1	-1.50107305E-9	3.03907248E+1	2.17886400E+0	3.04687318E+1	7.15725701E-2
2.66834962E+5	3.04886159E+1	-1.83019630E-9	3.02240845E+1	2.82755483E+0	3.03560620E+1	9.32815338E-2
2.86118383E+5	3.04641753E+1	-2.12656707E-9	3.00564877E+1	3.50051799E+0	3.02596449E+1	1.15942314E-1
3.06795364E+5	3.04700219E+1	-2.39482249E-9	2.98788498E+1	4.20279913E+0	3.01729880E+1	1.39744511E-1
3.28966612E+5	3.05243006E+1	-2.63538303E-9	2.97031068E+1	4.93881634E+0	3.01109043E+1	1.64765368E-1
3.52740116E+5	3.06192924E+1	-2.84836436E-9	2.95164425E+1	5.70544467E+0	3.00628106E+1	1.90942274E-1
3.78231664E+5	3.07713669E+1	-3.03852494E-9	2.93235527E+1	6.51574183E+0	3.00387382E+1	2.18649346E-1
4.05565415E+5	3.09817373E+1	-3.20117901E-9	2.91216642E+1	7.35991304E+0	3.00373059E+1	2.47546250E-1
4.34874501E+5	3.12607284E+1	-3.34374701E-9	2.89029903E+1	8.25503817E+0	3.00587513E+1	2.78205000E-1
4.66301673E+5	3.16203337E+1	-3.46148414E-9	2.86717977E+1	9.19455125E+0	3.01099951E+1	3.10322167E-1
NaN	NaN	NaN	NaN	NaN	NaN	NaN
