Start time:20240907_09-33-12	sweep/start:500.000	sweep/stop:500000.000	sweep/samplecount:100.000	sweep/xmapping:1.000	sweep/scan:0.000	sweep/averaging/sample:10.000	sweep/settling/time:0.100	sweep/settling/inaccuracy:0.010	sweep/awgcontrol:0.000	sweep/averaging/time:0.100	sweep/averaging/tc:15.000	sweep/bandwidthcontrol:2.000	sweep/sincfilter:0.000	sweep/omegasuppression:80.000	sweep/maxbandwidth:100.000	sweep/bandwidth:1250000.000	sweep/order:8.000	sweep/bandwidthoverlap:1.000																				
Frequency	Param0		Param1		RealZ		ImagZ		AbsZ		PhaseZ		
5.00000000E+2	1.08499037E+3	7.64665259E-7	1.39217178E+2	-3.62860654E+2	3.88650588E+2	-1.20445008E+0
5.36133611E+2	9.86689412E+2	7.48670860E-7	1.37187854E+2	-3.41381418E+2	3.67915457E+2	-1.18868673E+0
5.74878498E+2	8.98461161E+2	7.31902282E-7	1.35274039E+2	-3.21308829E+2	3.48623630E+2	-1.17231061E+0
6.16423370E+2	8.20429566E+2	7.14472542E-7	1.33309494E+2	-3.02654282E+2	3.30712924E+2	-1.15589752E+0
6.60970574E+2	7.50839992E+2	6.96458241E-7	1.31348832E+2	-2.85253268E+2	3.14041311E+2	-1.13927477E+0
7.08737081E+2	6.88878105E+2	6.77880535E-7	1.29382514E+2	-2.69051913E+2	2.98544418E+2	-1.12255888E+0
7.59955541E+2	6.33757176E+2	6.58825818E-7	1.27391676E+2	-2.53981763E+2	2.84139715E+2	-1.10588708E+0
8.14875417E+2	5.84475214E+2	6.39350751E-7	1.25407626E+2	-2.39938669E+2	2.70735369E+2	-1.08918129E+0
8.73764200E+2	5.40579910E+2	6.19646331E-7	1.23367650E+2	-2.26871082E+2	2.58244200E+2	-1.07274212E+0
9.36908711E+2	5.01207406E+2	5.99749309E-7	1.21318677E+2	-2.14680218E+2	2.46588357E+2	-1.05642380E+0
1.00461650E+3	4.65930401E+2	5.79798755E-7	1.19232414E+2	-2.03316587E+2	2.35698969E+2	-1.04040915E+0
1.07721735E+3	4.34196360E+2	5.59872597E-7	1.17123077E+2	-1.92708573E+2	2.25509225E+2	-1.02468094E+0
1.15506485E+3	4.05661732E+2	5.40050634E-7	1.14984919E+2	-1.82820807E+2	2.15974489E+2	-1.00936249E+0
1.23853818E+3	3.79910171E+2	5.20484100E-7	1.12804755E+2	-1.73582140E+2	2.07016116E+2	-9.94516837E-1
1.32804389E+3	3.56553649E+2	5.01232650E-7	1.10597379E+2	-1.64930644E+2	1.98579702E+2	-9.80096964E-1
1.42401793E+3	3.35363805E+2	4.82340672E-7	1.08365633E+2	-1.56840044E+2	1.90635543E+2	-9.66182976E-1
1.52692775E+3	3.16032979E+2	4.63855058E-7	1.06122586E+2	-1.49252246E+2	1.83134476E+2	-9.52707032E-1
1.63727458E+3	2.98374883E+2	4.45937509E-7	1.03833376E+2	-1.42126354E+2	1.76014973E+2	-9.39846249E-1
1.75559587E+3	2.82125743E+2	4.28442163E-7	1.01565088E+2	-1.35420301E+2	1.69275295E+2	-9.27295872E-1
1.88246790E+3	2.67181431E+2	4.11522879E-7	9.92767277E+1	-1.29108593E+2	1.62864661E+2	-9.15283565E-1
2.01850863E+3	2.53379058E+2	3.95154445E-7	9.69876940E+1	-1.23158585E+2	1.56763038E+2	-9.03722397E-1
2.16438064E+3	2.40555501E+2	3.79348189E-7	9.47051829E+1	-1.17527786E+2	1.50936584E+2	-8.92522121E-1
2.32079442E+3	2.28631948E+2	3.64085519E-7	9.24371818E+1	-1.12202763E+2	1.45375695E+2	-8.81686589E-1
2.48851178E+3	2.17490772E+2	3.49380341E-7	9.01845202E+1	-1.07149675E+2	1.40051065E+2	-8.71158985E-1
2.66834962E+3	2.07076243E+2	3.35175703E-7	8.79640729E+1	-1.02360106E+2	1.34963956E+2	-8.60893941E-1
2.86118383E+3	1.97291467E+2	3.21479178E-7	8.57755268E+1	-9.78025472E+1	1.30087583E+2	-8.50819145E-1
3.06795364E+3	1.88103352E+2	3.08261683E-7	8.36250756E+1	-9.34719402E+1	1.25419922E+2	-8.40942500E-1
3.28966612E+3	1.79434206E+2	2.95526184E-7	8.15113703E+1	-8.93410565E+1	1.20937703E+2	-8.31193310E-1
3.52740116E+3	1.71245861E+2	2.83198830E-7	7.94535967E+1	-8.54003827E+1	1.16645186E+2	-8.21455579E-1
3.78231664E+3	1.63520740E+2	2.71299482E-7	7.74420210E+1	-8.16462480E+1	1.12531669E+2	-8.11819023E-1
4.05565415E+3	1.56197259E+2	2.59799564E-7	7.54826316E+1	-7.80548039E+1	1.08582596E+2	-8.02149334E-1
4.34874501E+3	1.49268078E+2	2.48668051E-7	7.35805335E+1	-7.46266022E+1	1.04800881E+2	-7.92456201E-1
4.66301673E+3	1.42706668E+2	2.37890360E-7	7.17364790E+1	-7.13523047E+1	1.01179414E+2	-7.82713303E-1
5.00000000E+3	1.36498196E+2	2.27433292E-7	6.99568261E+1	-6.82277286E+1	9.77188851E+1	-7.72885860E-1
5.36133611E+3	1.30599812E+2	2.17328311E-7	6.82281651E+1	-6.52342157E+1	9.43958975E+1	-7.62969017E-1
5.74878498E+3	1.25004177E+2	2.07528353E-7	6.65608697E+1	-6.23701632E+1	9.12161535E+1	-7.52906128E-1
6.16423370E+3	1.19709332E+2	1.98039116E-7	6.49502111E+1	-5.96373744E+1	8.81767905E+1	-7.42780595E-1
6.60970574E+3	1.14677859E+2	1.88843034E-7	6.33970982E+1	-5.70179918E+1	8.52657228E+1	-7.32471666E-1
7.08737081E+3	1.09911864E+2	1.79943639E-7	6.18978661E+1	-5.45157222E+1	8.24821788E+1	-7.22069881E-1
7.59955541E+3	1.05379592E+2	1.71311215E-7	6.04568508E+1	-5.21141769E+1	7.98180323E+1	-7.11423084E-1
8.14875417E+3	1.01084470E+2	1.62966580E-7	5.90656904E+1	-4.98183519E+1	7.72698130E+1	-7.00673159E-1
8.73764200E+3	9.70100341E+1	1.54878791E-7	5.77302611E+1	-4.76196546E+1	7.48359177E+1	-6.89719534E-1
9.36908711E+3	9.31476064E+1	1.47064501E-7	5.64428507E+1	-4.55161622E+1	7.25087335E+1	-6.78638166E-1
1.00461650E+4	8.94787546E+1	1.39496994E-7	5.52075980E+1	-4.34974506E+1	7.02844727E+1	-6.67312341E-1
1.07721735E+4	8.60010908E+1	1.32174732E-7	5.40231211E+1	-4.15638027E+1	6.81619200E+1	-6.55783488E-1
1.15506485E+4	8.26963893E+1	1.25111442E-7	5.28810525E+1	-3.97072584E+1	6.61292076E+1	-6.44063268E-1
1.23853818E+4	7.95630587E+1	1.18277591E-7	5.17888087E+1	-3.79261819E+1	6.41909341E+1	-6.32092091E-1
1.32804389E+4	7.65870076E+1	1.11687607E-7	5.07382269E+1	-3.62149316E+1	6.23368989E+1	-6.19901482E-1
1.42401793E+4	7.37709101E+1	1.05320317E-7	4.97354923E+1	-3.45747496E+1	6.05725393E+1	-6.07478721E-1
1.52692775E+4	7.10964156E+1	9.91882784E-8	4.87718840E+1	-3.29971122E+1	5.88855340E+1	-5.94820690E-1
1.63727458E+4	6.85655138E+1	9.32742778E-8	4.78525200E+1	-3.14828346E+1	5.72802985E+1	-5.81918440E-1
1.75559587E+4	6.61689078E+1	8.75826292E-8	4.69732382E+1	-3.00280310E+1	5.57509447E+1	-5.68786813E-1
1.88246790E+4	6.38988594E+1	8.21016474E-8	4.61350569E+1	-2.86275039E+1	5.42952806E+1	-5.55367781E-1
2.01850863E+4	6.17572780E+1	7.68368715E-8	4.53367537E+1	-2.72846704E+1	5.29138403E+1	-5.41758368E-1
2.16438064E+4	5.97283864E+1	7.17826078E-8	4.45747734E+1	-2.59897834E+1	5.15982488E+1	-5.27870755E-1
2.32079442E+4	5.78140848E+1	6.69428283E-8	4.38483993E+1	-2.47461699E+1	5.03493304E+1	-5.13799323E-1
2.48851178E+4	5.60095449E+1	6.23077239E-8	4.31590718E+1	-2.35502531E+1	4.91662481E+1	-4.99506376E-1
2.66834962E+4	5.43079713E+1	5.78824304E-8	4.25025628E+1	-2.24000019E+1	4.80440210E+1	-4.85034766E-1
2.86118383E+4	5.27048590E+1	5.36638328E-8	4.18780118E+1	-2.12933516E+1	4.69805780E+1	-4.70393776E-1
3.06795364E+4	5.12029148E+1	4.96491378E-8	4.12879082E+1	-2.02328906E+1	4.59789217E+1	-4.55651111E-1
3.28966612E+4	4.97886768E+1	4.58333667E-8	4.07276496E+1	-1.92102662E+1	4.50308315E+1	-4.40732985E-1
3.52740116E+4	4.84584274E+1	4.22174713E-8	4.01949316E+1	-1.82250000E+1	4.41336966E+1	-4.25690526E-1
3.78231664E+4	4.72095576E+1	3.88069960E-8	3.96864440E+1	-1.72790510E+1	4.32848641E+1	-4.10637424E-1
4.05565415E+4	4.60415594E+1	3.55771543E-8	3.92099862E+1	-1.63666087E+1	4.24886915E+1	-3.95423637E-1
4.34874501E+4	4.49443751E+1	3.25517899E-8	3.87516933E+1	-1.54911876E+1	4.17333276E+1	-3.80295251E-1
4.66301673E+4	4.39175073E+1	2.97036963E-8	3.83197649E+1	-1.46459603E+1	4.10232684E+1	-3.65071336E-1
5.00000000E+4	4.29551138E+1	2.70381248E-8	3.79083033E+1	-1.38317033E+1	4.03528869E+1	-3.49862475E-1
5.36133611E+4	4.20541817E+1	2.45462893E-8	3.75175793E+1	-1.30461615E+1	3.97211669E+1	-3.34655245E-1
5.74878498E+4	4.12087894E+1	2.22197207E-8	3.71455233E+1	-1.22854442E+1	3.91244431E+1	-3.19413135E-1
6.16423370E+4	4.04184537E+1	2.00563921E-8	3.67915877E+1	-1.15515431E+1	3.85624050E+1	-3.04225707E-1
6.60970574E+4	3.96779740E+1	1.80483947E-8	3.64536330E+1	-1.08415375E+1	3.80316487E+1	-2.89075492E-1
7.08737081E+4	3.89812834E+1	1.61837697E-8	3.61298217E+1	-1.01500144E+1	3.75284801E+1	-2.73872516E-1
7.59955541E+4	3.83308351E+1	1.44604742E-8	3.58215924E+1	-9.48077306E+0	3.70549801E+1	-2.58734026E-1
8.14875417E+4	3.77197997E+1	1.28667045E-8	3.55261667E+1	-8.82787419E+0	3.66065553E+1	-2.43556374E-1
8.73764200E+4	3.71439508E+1	1.13966549E-8	3.52405846E+1	-8.18997749E+0	3.61797532E+1	-2.28348376E-1
9.36908711E+4	3.66052747E+1	1.00391022E-8	3.49687897E+1	-7.56477959E+0	3.57776767E+1	-2.13046541E-1
1.00461650E+5	3.60973187E+1	8.78909668E-9	3.47054556E+1	-6.95019681E+0	3.53945461E+1	-1.97647828E-1
1.07721735E+5	3.56198647E+1	7.64065585E-9	3.44508702E+1	-6.34609093E+0	3.50304915E+1	-1.82164888E-1
1.15506485E+5	3.51716319E+1	6.58346124E-9	3.42056606E+1	-5.74818876E+0	3.46852837E+1	-1.66492259E-1
1.23853818E+5	3.47500246E+1	5.61434503E-9	3.39670548E+1	-5.15705056E+0	3.43563093E+1	-1.50674377E-1
1.32804389E+5	3.43500067E+1	4.72488704E-9	3.37313345E+1	-4.56818754E+0	3.40392650E+1	-1.34609642E-1
1.42401793E+5	3.39818162E+1	3.90474361E-9	3.35094954E+1	-3.97834403E+0	3.37448295E+1	-1.18169750E-1
1.52692775E+5	3.36338827E+1	3.15234100E-9	3.32894346E+1	-3.38621850E+0	3.34612154E+1	-1.01371842E-1
1.63727458E+5	3.33106804E+1	2.46341352E-9	3.30749885E+1	-2.79204168E+0	3.31926252E+1	-8.42158397E-2
1.75559587E+5	3.30086101E+1	1.83191364E-9	3.28624013E+1	-2.19197672E+0	3.29354246E+1	-6.66030025E-2
1.88246790E+5	3.27492742E+1	1.25625924E-9	3.26645655E+1	-1.58912523E+0	3.27068834E+1	-4.86118600E-2
2.01850863E+5	3.24769916E+1	7.19947248E-10	3.24484569E+1	-9.62234623E-1	3.24627211E+1	-2.96455617E-2
2.16438064E+5	3.22484291E+1	2.32266126E-10	3.22450830E+1	-3.28451539E-1	3.22467560E+1	-1.01857463E-2
2.32079442E+5	3.20444277E+1	-2.14206710E-10	3.20412174E+1	3.20708878E-1	3.20428225E+1	1.00089276E-2
2.48851178E+5	3.18703212E+1	-6.23583876E-10	3.18395763E+1	9.89391314E-1	3.18549451E+1	3.10642676E-2
2.66834962E+5	3.17256521E+1	-9.96993014E-10	3.16366778E+1	1.67770655E+0	3.16811337E+1	5.29808054E-2
2.86118383E+5	3.16110583E+1	-1.33952215E-9	3.14289370E+1	2.39245727E+0	3.15198661E+1	7.59762337E-2
3.06795364E+5	3.15330121E+1	-1.65035794E-9	3.12188441E+1	3.13176448E+0	3.13755349E+1	9.99819854E-2
3.28966612E+5	3.14995554E+1	-1.93356948E-9	3.10081140E+1	3.90365460E+0	3.12528687E+1	1.25232548E-1
3.52740116E+5	3.15054129E+1	-2.18851885E-9	3.07864576E+1	4.70467734E+0	3.11438607E+1	1.51643287E-1
3.78231664E+5	3.15651798E+1	-2.42022139E-9	3.05579519E+1	5.54785787E+0	3.10574829E+1	1.79595838E-1
4.05565415E+5	3.16820478E+1	-2.62802364E-9	3.03172838E+1	6.43240703E+0	3.09921543E+1	2.09069288E-1
4.34874501E+5	3.18707566E+1	-2.80956306E-9	3.00706690E+1	7.35729451E+0	3.09576319E+1	2.39952892E-1
4.66301673E+5	3.21372934E+1	-2.96731851E-9	2.98102400E+1	8.32886404E+0	3.09519051E+1	2.72448592E-1
NaN	NaN	NaN	NaN	NaN	NaN	NaN
