Start time:20240908_02-06-46	sweep/start:500.000	sweep/stop:500000.000	sweep/samplecount:100.000	sweep/xmapping:1.000	sweep/scan:0.000	sweep/averaging/sample:10.000	sweep/settling/time:0.100	sweep/settling/inaccuracy:0.010	sweep/awgcontrol:0.000	sweep/averaging/time:0.100	sweep/averaging/tc:15.000	sweep/bandwidthcontrol:2.000	sweep/sincfilter:0.000	sweep/omegasuppression:80.000	sweep/maxbandwidth:100.000	sweep/bandwidth:1250000.000	sweep/order:8.000	sweep/bandwidthoverlap:1.000																				
Frequency	Param0		Param1		RealZ		ImagZ		AbsZ		PhaseZ		
5.00000000E+2	1.14464143E+3	7.91673460E-7	1.25721432E+2	-3.57910684E+2	3.79349362E+2	-1.23299516E+0
5.36133611E+2	1.03710659E+3	7.77133829E-7	1.23888351E+2	-3.36358525E+2	3.58448583E+2	-1.21789287E+0
5.74878498E+2	9.40676790E+2	7.61727609E-7	1.22186077E+2	-3.16240642E+2	3.39024459E+2	-1.20209438E+0
6.16423370E+2	8.55500702E+2	7.45637450E-7	1.20425327E+2	-2.97525933E+2	3.20973428E+2	-1.18619691E+0
6.60970574E+2	7.79493797E+2	7.28872175E-7	1.18691493E+2	-2.80056391E+2	3.04169783E+2	-1.16993166E+0
7.08737081E+2	7.11968474E+2	7.11363496E-7	1.16971505E+2	-2.63813722E+2	2.88582770E+2	-1.15345559E+0
7.59955541E+2	6.51899071E+2	6.93312031E-7	1.15227105E+2	-2.48674782E+2	2.74073776E+2	-1.13688410E+0
8.14875417E+2	5.98418717E+2	6.74703944E-7	1.13477577E+2	-2.34584604E+2	2.60589905E+2	-1.12024244E+0
8.73764200E+2	5.50806186E+2	6.55698772E-7	1.11692174E+2	-2.21462396E+2	2.48033739E+2	-1.10368336E+0
9.36908711E+2	5.08160017E+2	6.36326418E-7	1.09910682E+2	-2.09217238E+2	2.36330725E+2	-1.08708096E+0
1.00461650E+3	4.70096866E+2	6.16734048E-7	1.08090076E+2	-1.97811371E+2	2.25416955E+2	-1.07069810E+0
1.07721735E+3	4.35948285E+2	5.96998711E-7	1.06250857E+2	-1.87164717E+2	2.15220530E+2	-1.05447581E+0
1.15506485E+3	4.05342555E+2	5.77180254E-7	1.04389884E+2	-1.77246755E+2	2.05702845E+2	-1.03853974E+0
1.23853818E+3	3.77740690E+2	5.57396785E-7	1.02516131E+2	-1.67973079E+2	1.96785449E+2	-1.02282833E+0
1.32804389E+3	3.52868730E+2	5.37795126E-7	1.00603443E+2	-1.59307108E+2	1.88413927E+2	-1.00753200E+0
1.42401793E+3	3.30378135E+2	5.18449805E-7	9.86587644E+1	-1.51199026E+2	1.80540017E+2	-9.92659153E-1
1.52692775E+3	3.09964334E+2	4.99312655E-7	9.67193735E+1	-1.43613778E+2	1.73146051E+2	-9.78099450E-1
1.63727458E+3	2.91362468E+2	4.80609597E-7	9.47466106E+1	-1.36486941E+2	1.66149347E+2	-9.63986567E-1
1.75559587E+3	2.74421742E+2	4.62288283E-7	9.27643970E+1	-1.29812686E+2	1.59551142E+2	-9.50337481E-1
1.88246790E+3	2.58859706E+2	4.44410827E-7	9.07816344E+1	-1.23524903E+2	1.53296141E+2	-9.37012733E-1
2.01850863E+3	2.44586990E+2	4.27023677E-7	8.87904479E+1	-1.17614814E+2	1.47366849E+2	-9.24150204E-1
2.16438064E+3	2.31384418E+2	4.10133905E-7	8.68068923E+1	-1.12028235E+2	1.41724246E+2	-9.11569856E-1
2.32079442E+3	2.19194103E+2	3.93759013E-7	8.48278405E+1	-1.06761414E+2	1.36358946E+2	-8.99384193E-1
2.48851178E+3	2.07867423E+2	3.77888714E-7	8.28658556E+1	-1.01776036E+2	1.31244473E+2	-8.87457766E-1
2.66834962E+3	1.97332449E+2	3.62506975E-7	8.09275418E+1	-9.70585533E+1	1.26371001E+2	-8.75781974E-1
2.86118383E+3	1.87478779E+2	3.47637773E-7	7.90113978E+1	-9.25751543E+1	1.21708505E+2	-8.64283190E-1
3.06795364E+3	1.78274882E+2	3.33241430E-7	7.71264700E+1	-8.83245135E+1	1.17259167E+2	-8.52977040E-1
3.28966612E+3	1.69646625E+2	3.19306736E-7	7.52769941E+1	-8.42844113E+1	1.13006583E+2	-8.41789415E-1
3.52740116E+3	1.61540959E+2	3.05799871E-7	7.34712298E+1	-8.04399852E+1	1.08943164E+2	-8.30645022E-1
3.78231664E+3	1.53921656E+2	2.92743209E-7	7.17016272E+1	-7.67809206E+1	1.05054429E+2	-8.19592846E-1
4.05565415E+3	1.46737674E+2	2.80079029E-7	6.99818426E+1	-7.32906167E+1	1.01335940E+2	-8.08488338E-1
4.34874501E+3	1.39965861E+2	2.67812342E-7	6.83079380E+1	-6.99628820E+1	9.77792376E+1	-7.97366450E-1
4.66301673E+3	1.33594074E+2	2.55908942E-7	6.66863743E+1	-6.67969445E+1	9.43869925E+1	-7.86226508E-1
5.00000000E+3	1.27576684E+2	2.44345318E-7	6.51210364E+1	-6.37744181E+1	9.11478241E+1	-7.74951174E-1
5.36133611E+3	1.21897328E+2	2.33139264E-7	6.36046583E+1	-6.08907652E+1	8.80524722E+1	-7.63602475E-1
5.74878498E+3	1.16533415E+2	2.22289821E-7	6.21348652E+1	-5.81381676E+1	8.50928202E+1	-7.52180182E-1
6.16423370E+3	1.11475677E+2	2.11751102E-7	6.07214857E+1	-5.55145915E+1	8.22737426E+1	-7.40632239E-1
6.60970574E+3	1.06687051E+2	2.01546158E-7	5.93550947E+1	-5.30037048E+1	7.95765041E+1	-7.28930510E-1
7.08737081E+3	1.02173021E+2	1.91648264E-7	5.80413829E+1	-5.06108809E+1	7.70082036E+1	-7.17116563E-1
7.59955541E+3	9.79074418E+1	1.82072463E-7	5.67734238E+1	-4.83251384E+1	7.45556213E+1	-7.05186229E-1
8.14875417E+3	9.38779662E+1	1.72804533E-7	5.55527118E+1	-4.61418657E+1	7.22161726E+1	-6.93120682E-1
8.73764200E+3	9.00728536E+1	1.63841561E-7	5.43779080E+1	-4.40569681E+1	6.99855223E+1	-6.80929440E-1
9.36908711E+3	8.64702665E+1	1.55167882E-7	5.32496209E+1	-4.20593242E+1	6.78565317E+1	-6.68522489E-1
1.00461650E+4	8.30753453E+1	1.46798495E-7	5.21639620E+1	-4.01554505E+1	6.58296221E+1	-6.56048725E-1
1.07721735E+4	7.98607605E+1	1.38718029E-7	5.11203515E+1	-3.83304029E+1	6.38945235E+1	-6.43377648E-1
1.15506485E+4	7.68261279E+1	1.30929147E-7	5.01174655E+1	-3.65864791E+1	6.20510339E+1	-6.30587249E-1
1.23853818E+4	7.39562184E+1	1.23421321E-7	4.91548864E+1	-3.49157075E+1	6.02935279E+1	-6.17618728E-1
1.32804389E+4	7.12438169E+1	1.16193703E-7	4.82309777E+1	-3.33156375E+1	5.86187592E+1	-6.04492155E-1
1.42401793E+4	6.86819283E+1	1.09242774E-7	4.73448889E+1	-3.17836395E+1	5.70240147E+1	-5.91218228E-1
1.52692775E+4	6.62569460E+1	1.02569213E-7	4.64927601E+1	-3.03132233E+1	5.55019664E+1	-5.77779060E-1
1.63727458E+4	6.39678744E+1	9.61527566E-8	4.56796099E+1	-2.89032998E+1	5.40557817E+1	-5.64145544E-1
1.75559587E+4	6.18059108E+1	9.00061668E-8	4.48994008E+1	-2.75516263E+1	5.26787277E+1	-5.50381433E-1
1.88246790E+4	5.97641627E+1	8.41109496E-8	4.41549482E+1	-2.62530762E+1	5.13700642E+1	-5.36415088E-1
2.01850863E+4	5.78363064E+1	7.84742090E-8	4.34421236E+1	-2.50062760E+1	5.01251630E+1	-5.22302189E-1
2.16438064E+4	5.60232282E+1	7.30877049E-8	4.27637196E+1	-2.38123050E+1	4.89465179E+1	-5.08075109E-1
2.32079442E+4	5.43069777E+1	6.79518660E-8	4.21126095E+1	-2.26613466E+1	4.78226780E+1	-4.93671202E-1
2.48851178E+4	5.26951290E+1	6.30545348E-8	4.14952944E+1	-2.15578382E+1	4.67610937E+1	-4.79145235E-1
2.66834962E+4	5.11733145E+1	5.83930127E-8	4.09062983E+1	-2.04935505E+1	4.57527143E+1	-4.64437421E-1
2.86118383E+4	4.97422421E+1	5.39751521E-8	4.03436127E+1	-1.94724072E+1	4.47971176E+1	-4.49682828E-1
3.06795364E+4	4.83943473E+1	4.97832920E-8	3.98083944E+1	-1.84876433E+1	4.38919270E+1	-4.34777150E-1
3.28966612E+4	4.71361079E+1	4.58131614E-8	3.93053616E+1	-1.75439533E+1	4.30430222E+1	-4.19814551E-1
3.52740116E+4	4.59490563E+1	4.20747406E-8	3.88215387E+1	-1.66343375E+1	4.22352112E+1	-4.04816383E-1
3.78231664E+4	4.48371881E+1	3.85470286E-8	3.83647687E+1	-1.57579460E+1	4.14749123E+1	-3.89730593E-1
4.05565415E+4	4.37916450E+1	3.52351453E-8	3.79279004E+1	-1.49130648E+1	4.07544494E+1	-3.74626358E-1
4.34874501E+4	4.28148436E+1	3.21257400E-8	3.75158066E+1	-1.40995612E+1	4.00778416E+1	-3.59498040E-1
4.66301673E+4	4.18990513E+1	2.92212284E-8	3.71222876E+1	-1.33163199E+1	3.94384156E+1	-3.44417512E-1
5.00000000E+4	4.10392309E+1	2.65044899E-8	3.67480980E+1	-1.25575060E+1	3.88344393E+1	-3.29278152E-1
5.36133611E+4	4.02347266E+1	2.39728963E-8	3.63926771E+1	-1.18246547E+1	3.82655120E+1	-3.14158199E-1
5.74878498E+4	3.94829555E+1	2.16215650E-8	3.60547422E+1	-1.11177039E+1	3.77299322E+1	-2.99105310E-1
6.16423370E+4	3.87793506E+1	1.94347523E-8	3.57345080E+1	-1.04310087E+1	3.72258111E+1	-2.84011863E-1
6.60970574E+4	3.81186661E+1	1.74166293E-8	3.54256124E+1	-9.76744920E+0	3.67474773E+1	-2.69032825E-1
7.08737081E+4	3.75000361E+1	1.55438068E-8	3.51329050E+1	-9.11943976E+0	3.62971790E+1	-2.53965019E-1
7.59955541E+4	3.69226754E+1	1.38203999E-8	3.48534424E+1	-8.49234247E+0	3.58731423E+1	-2.39001480E-1
8.14875417E+4	3.63775761E+1	1.22285385E-8	3.45835514E+1	-7.87678486E+0	3.54692229E+1	-2.23940860E-1
8.73764200E+4	3.58702774E+1	1.07610646E-8	3.43286313E+1	-7.27479189E+0	3.50909892E+1	-2.08826717E-1
9.36908711E+4	3.53921179E+1	9.41518815E-9	3.40807207E+1	-6.68530870E+0	3.47302301E+1	-1.93701517E-1
1.00461650E+5	3.49446224E+1	8.17921393E-9	3.38430482E+1	-6.10578569E+0	3.43894248E+1	-1.78494662E-1
1.07721735E+5	3.45228422E+1	7.04598239E-9	3.36117673E+1	-5.53378970E+0	3.40642589E+1	-1.63174643E-1
1.15506485E+5	3.41295883E+1	6.00577579E-9	3.33906673E+1	-4.96719824E+0	3.37581061E+1	-1.47677090E-1
1.23853818E+5	3.37600225E+1	5.05264315E-9	3.31754501E+1	-4.40379866E+0	3.34664600E+1	-1.31971164E-1
1.32804389E+5	3.34105628E+1	4.18045057E-9	3.29628179E+1	-3.84170047E+0	3.31859352E+1	-1.16023038E-1
1.42401793E+5	3.30898789E+1	3.38018554E-9	3.27617611E+1	-3.27867434E+0	3.29254113E+1	-9.97441510E-2
1.52692775E+5	3.27903242E+1	2.64793861E-9	3.25643562E+1	-2.71265454E+0	3.26771448E+1	-8.31094588E-2
1.63727458E+5	3.25089097E+1	1.97828798E-9	3.23672347E+1	-2.14140529E+0	3.24379949E+1	-6.60633870E-2
1.75559587E+5	3.22531756E+1	1.36612179E-9	3.21771634E+1	-1.56391854E+0	3.22151471E+1	-4.85651480E-2
1.88246790E+5	3.20192958E+1	8.03106284E-10	3.19814051E+1	-9.72446624E-1	3.20003408E+1	-3.03976270E-2
2.01850863E+5	3.18059236E+1	2.95591748E-10	3.18014021E+1	-3.79190146E-1	3.18036628E+1	-1.19231279E-2
2.16438064E+5	3.16164352E+1	-1.72732245E-10	3.16146910E+1	2.34794891E-1	3.16155631E+1	7.42662981E-3
2.32079442E+5	3.14553936E+1	-6.00001667E-10	3.14315867E+1	8.65028679E-1	3.14434879E+1	2.75140517E-2
2.48851178E+5	3.13188620E+1	-9.89301962E-10	3.12455288E+1	1.51370873E+0	3.12821739E+1	4.84077622E-2
2.66834962E+5	3.12151031E+1	-1.34490807E-9	3.10612217E+1	2.18624321E+0	3.11380673E+1	7.02690856E-2
2.86118383E+5	3.11374883E+1	-1.66742850E-9	3.08685641E+1	2.88119606E+0	3.10027346E+1	9.30679103E-2
3.06795364E+5	3.10974726E+1	-1.96242013E-9	3.06730014E+1	3.60829484E+0	3.08845078E+1	1.17099304E-1
3.28966612E+5	3.11020337E+1	-2.22473649E-9	3.04785912E+1	4.35906914E+0	3.07887344E+1	1.42057346E-1
3.52740116E+5	3.11463170E+1	-2.46383562E-9	3.02706694E+1	5.14843210E+0	3.07053719E+1	1.68467826E-1
3.78231664E+5	3.12494757E+1	-2.67793958E-9	3.00605338E+1	5.97830121E+0	3.06492401E+1	1.96314022E-1
4.05565415E+5	3.14060547E+1	-2.86338461E-9	2.98391070E+1	6.83785135E+0	3.06125566E+1	2.25267946E-1
4.34874501E+5	3.16337281E+1	-3.03080708E-9	2.96021718E+1	7.75489705E+0	3.06010956E+1	2.56212942E-1
4.66301673E+5	3.19377426E+1	-3.17231963E-9	2.93514051E+1	8.71278237E+0	3.06172765E+1	2.88558681E-1
5.00000000E+5	3.23416135E+1	-3.29140842E-9	2.90884393E+1	9.72777585E+0	3.06719261E+1	3.22728892E-1
