Start time:20240909_04-46-26	sweep/start:500.000	sweep/stop:500000.000	sweep/samplecount:100.000	sweep/xmapping:1.000	sweep/scan:0.000	sweep/averaging/sample:10.000	sweep/settling/time:0.100	sweep/settling/inaccuracy:0.010	sweep/awgcontrol:0.000	sweep/averaging/time:0.100	sweep/averaging/tc:15.000	sweep/bandwidthcontrol:2.000	sweep/sincfilter:0.000	sweep/omegasuppression:80.000	sweep/maxbandwidth:100.000	sweep/bandwidth:1250000.000	sweep/order:8.000	sweep/bandwidthoverlap:1.000																				
Frequency	Param0		Param1		RealZ		ImagZ		AbsZ		PhaseZ		
5.00000000E+2	1.28811822E+3	8.38590061E-7	1.02915795E+2	-3.49250639E+2	3.64098439E+2	-1.28423103E+0
5.36133611E+2	1.15885085E+3	8.26850677E-7	1.01486812E+2	-3.27579701E+2	3.42940282E+2	-1.27036583E+0
5.74878498E+2	1.04416755E+3	8.14393557E-7	1.00068374E+2	-3.07366936E+2	3.23246216E+2	-1.25605216E+0
6.16423370E+2	9.42432332E+2	8.01051406E-7	9.86895364E+1	-2.88562935E+2	3.04972448E+2	-1.24126301E+0
6.60970574E+2	8.51787849E+2	7.86923429E-7	9.73570999E+1	-2.71015081E+2	2.87971493E+2	-1.22592142E+0
7.08737081E+2	7.71451895E+2	7.72053508E-7	9.60156199E+1	-2.54661385E+2	2.72160654E+2	-1.21024493E+0
7.59955541E+2	7.00217608E+2	7.56461665E-7	9.46624533E+1	-2.39422898E+2	2.57457386E+2	-1.19428110E+0
8.14875417E+2	6.36845606E+2	7.40067905E-7	9.33368222E+1	-2.25231816E+2	2.43805527E+2	-1.17793526E+0
8.73764200E+2	5.80512152E+2	7.23078447E-7	9.19903567E+1	-2.11988881E+2	2.31087673E+2	-1.16137824E+0
9.36908711E+2	5.30364610E+2	7.05400184E-7	9.06549581E+1	-1.99654324E+2	2.19271914E+2	-1.14457159E+0
1.00461650E+3	4.85734837E+2	6.87153874E-7	8.93089827E+1	-1.88160534E+2	2.08279815E+2	-1.12763973E+0
1.07721735E+3	4.45949731E+2	6.68435077E-7	8.79484062E+1	-1.77441943E+2	1.98041828E+2	-1.11063791E+0
1.15506485E+3	4.10407127E+2	6.49323157E-7	8.65755360E+1	-1.67439215E+2	1.88497254E+2	-1.09359680E+0
1.23853818E+3	3.78600907E+2	6.29866980E-7	8.51973189E+1	-1.58105019E+2	1.79598944E+2	-1.07654195E+0
1.32804389E+3	3.50086705E+2	6.10187193E-7	8.38063811E+1	-1.49385371E+2	1.71287766E+2	-1.05954101E+0
1.42401793E+3	3.24518046E+2	5.90360859E-7	8.23995028E+1	-1.41246050E+2	1.63524080E+2	-1.04269032E+0
1.52692775E+3	3.01520451E+2	5.70494121E-7	8.09769840E+1	-1.33637359E+2	1.56256891E+2	-1.02601645E+0
1.63727458E+3	2.80749208E+2	5.50600639E-7	7.95595587E+1	-1.26517030E+2	1.49453278E+2	-1.00943709E+0
1.75559587E+3	2.61987700E+2	5.30875095E-7	7.81184687E+1	-1.19848163E+2	1.43059699E+2	-9.93148357E-1
1.88246790E+3	2.44976038E+2	5.11266784E-7	7.66841881E+1	-1.13601600E+2	1.37061258E+2	-9.77027866E-1
2.01850863E+3	2.29513352E+2	4.91956633E-7	7.52343663E+1	-1.07736165E+2	1.31405066E+2	-9.61198474E-1
2.16438064E+3	2.15417657E+2	4.72930671E-7	7.37862008E+1	-1.02227427E+2	1.26074781E+2	-9.45598832E-1
2.32079442E+3	2.02517469E+2	4.54212404E-7	7.23487033E+1	-9.70440171E+1	1.21044935E+2	-9.30165624E-1
2.48851178E+3	1.90712714E+2	4.35842340E-7	7.09204526E+1	-9.21722361E+1	1.16298890E+2	-9.14973032E-1
2.66834962E+3	1.79864841E+2	4.17857682E-7	6.95050473E+1	-8.75817481E+1	1.11810171E+2	-8.99968820E-1
2.86118383E+3	1.69849400E+2	4.00314546E-7	6.81002546E+1	-8.32414714E+1	1.07548999E+2	-8.85112900E-1
3.06795364E+3	1.60620530E+2	3.83203305E-7	6.67104879E+1	-7.91503922E+1	1.03513641E+2	-8.70478372E-1
3.28966612E+3	1.52067921E+2	3.66499629E-7	6.53480773E+1	-7.52793131E+1	9.96862388E+1	-8.55902032E-1
3.52740116E+3	1.44149528E+2	3.50240717E-7	6.40075249E+1	-7.16218619E+1	9.60554757E+1	-8.41480054E-1
3.78231664E+3	1.36785460E+2	3.34424298E-7	6.26933082E+1	-6.81548389E+1	9.26041737E+1	-8.27113406E-1
4.05565415E+3	1.29936714E+2	3.19038783E-7	6.14091446E+1	-6.48707896E+1	8.93269411E+1	-8.12803770E-1
4.34874501E+3	1.23557665E+2	3.04091943E-7	6.01549249E+1	-6.17574850E+1	8.62125397E+1	-7.98542582E-1
4.66301673E+3	1.17608503E+2	2.89566408E-7	5.89350842E+1	-5.88041052E+1	8.32542310E+1	-7.84285714E-1
5.00000000E+3	1.12058521E+2	2.75448595E-7	5.77529223E+1	-5.60027409E+1	8.04469208E+1	-7.70013932E-1
5.36133611E+3	1.06874876E+2	2.61775580E-7	5.66011810E+1	-5.33437014E+1	7.77768872E+1	-7.55778531E-1
5.74878498E+3	1.02029996E+2	2.48529663E-7	5.54834460E+1	-5.08189227E+1	7.52394559E+1	-7.41546525E-1
6.16423370E+3	9.74969959E+1	2.35676798E-7	5.44063145E+1	-4.84190576E+1	7.28316704E+1	-7.27236409E-1
6.60970574E+3	9.32519159E+1	2.23261660E-7	5.33600662E+1	-4.61370969E+1	7.05402608E+1	-7.12930560E-1
7.08737081E+3	8.92837149E+1	2.11246799E-7	5.23525668E+1	-4.39709034E+1	6.83683525E+1	-6.98600996E-1
7.59955541E+3	8.55599183E+1	1.99670647E-7	5.13739331E+1	-4.19078571E+1	6.62989404E+1	-6.84266077E-1
8.14875417E+3	8.20725110E+1	1.88500190E-7	5.04309301E+1	-3.99463932E+1	6.43350064E+1	-6.69905923E-1
8.73764200E+3	7.88084391E+1	1.77765853E-7	4.95168312E+1	-3.80844795E+1	6.24687455E+1	-6.55627229E-1
9.36908711E+3	7.57422420E+1	1.67420864E-7	4.86384729E+1	-3.63082072E+1	6.06958563E+1	-6.41251894E-1
1.00461650E+4	7.28627237E+1	1.57491878E-7	4.77891292E+1	-3.46156790E+1	5.90088647E+1	-6.26876834E-1
1.07721735E+4	7.01648410E+1	1.47969661E-7	4.69707143E+1	-3.30067369E+1	5.74081239E+1	-6.12541677E-1
1.15506485E+4	6.76291715E+1	1.38857601E-7	4.61792131E+1	-3.14728802E+1	5.58843620E+1	-5.98227478E-1
1.23853818E+4	6.52452343E+1	1.30128095E-7	4.54185041E+1	-3.00083389E+1	5.44365772E+1	-5.83865560E-1
1.32804389E+4	6.30022108E+1	1.21800434E-7	4.46821202E+1	-2.86108453E+1	5.30572554E+1	-5.69540016E-1
1.42401793E+4	6.08939393E+1	1.13852788E-7	4.39733440E+1	-2.72773741E+1	5.17465953E+1	-5.55224038E-1
1.52692775E+4	5.89061840E+1	1.06271978E-7	4.32908265E+1	-2.60000324E+1	5.04984889E+1	-5.40853119E-1
1.63727458E+4	5.70390257E+1	9.90515698E-8	4.26361875E+1	-2.47806794E+1	4.93145677E+1	-5.26490502E-1
1.75559587E+4	5.52742017E+1	9.22008456E-8	4.20008247E+1	-2.36112840E+1	4.81825907E+1	-5.12132963E-1
1.88246790E+4	5.36150919E+1	8.56938812E-8	4.13914781E+1	-2.24934075E+1	4.71084694E+1	-4.97785750E-1
2.01850863E+4	5.20523991E+1	7.95163195E-8	4.08075118E+1	-2.14213880E+1	4.60882728E+1	-4.83397906E-1
2.16438064E+4	5.05828584E+1	7.36655940E-8	4.02479447E+1	-2.03950732E+1	4.51204619E+1	-4.69021696E-1
2.32079442E+4	4.91934054E+1	6.81335001E-8	3.97081697E+1	-1.94072494E+1	4.41970597E+1	-4.54604764E-1
2.48851178E+4	4.78824068E+1	6.29011008E-8	3.91909370E+1	-1.84560781E+1	4.33192380E+1	-4.40120054E-1
2.66834962E+4	4.66504762E+1	5.79675646E-8	3.86962738E+1	-1.75441719E+1	4.24876405E+1	-4.25662366E-1
2.86118383E+4	4.54896759E+1	5.33207753E-8	3.82221723E+1	-1.66667259E+1	4.16978923E+1	-4.11191592E-1
3.06795364E+4	4.43955193E+1	4.89505020E-8	3.77677027E+1	-1.58214218E+1	4.09477322E+1	-3.96704534E-1
3.28966612E+4	4.33685459E+1	4.48423591E-8	3.73357945E+1	-1.50079163E+1	4.02392733E+1	-3.82204581E-1
3.52740116E+4	4.24000574E+1	4.09911653E-8	3.69215440E+1	-1.42223472E+1	3.95660913E+1	-3.67686986E-1
3.78231664E+4	4.14898200E+1	3.73875636E-8	3.65260093E+1	-1.34650724E+1	3.89288781E+1	-3.53186148E-1
4.05565415E+4	4.06351309E+1	3.40168619E-8	3.61499394E+1	-1.27333964E+1	3.83269816E+1	-3.38667535E-1
4.34874501E+4	3.98315740E+1	3.08692712E-8	3.57916174E+1	-1.20248310E+1	3.77576013E+1	-3.24119697E-1
4.66301673E+4	3.90781624E+1	2.79389104E-8	3.54506787E+1	-1.13400507E+1	3.72202549E+1	-3.09596327E-1
5.00000000E+4	3.83701580E+1	2.52212504E-8	3.51236271E+1	-1.06784796E+1	3.67110218E+1	-2.95145845E-1
5.36133611E+4	3.77053871E+1	2.26926646E-8	3.48131927E+1	-1.00342669E+1	3.62304417E+1	-2.80625562E-1
5.74878498E+4	3.70827116E+1	2.03558986E-8	3.45166665E+1	-9.41123323E+0	3.57766906E+1	-2.66187248E-1
6.16423370E+4	3.64996479E+1	1.81905287E-8	3.42357060E+1	-8.80384230E+0	3.53495575E+1	-2.51700244E-1
6.60970574E+4	3.59543094E+1	1.61935635E-8	3.39682857E+1	-8.21351406E+0	3.49471924E+1	-2.37245765E-1
7.08737081E+4	3.54405015E+1	1.43527431E-8	3.37108093E+1	-7.63605363E+0	3.45648374E+1	-2.22757374E-1
7.59955541E+4	3.49603454E+1	1.26612702E-8	3.34653577E+1	-7.07320944E+0	3.42046848E+1	-2.08293577E-1
8.14875417E+4	3.45097190E+1	1.11056770E-8	3.32301961E+1	-6.52064333E+0	3.38639148E+1	-1.93764525E-1
8.73764200E+4	3.40882845E+1	9.67629257E-9	3.30059323E+1	-5.97695856E+0	3.35427431E+1	-1.79146016E-1
9.36908711E+4	3.36936789E+1	8.36765328E-9	3.27904335E+1	-5.44222408E+0	3.32389882E+1	-1.64470638E-1
1.00461650E+5	3.33265586E+1	7.16931429E-9	3.25853857E+1	-4.91440719E+0	3.29538884E+1	-1.49688184E-1
1.07721735E+5	3.29779462E+1	6.07389162E-9	3.23827481E+1	-4.39023278E+0	3.26789921E+1	-1.34751625E-1
1.15506485E+5	3.26555625E+1	5.07210305E-9	3.21904160E+1	-3.86952859E+0	3.24221551E+1	-1.19633450E-1
1.23853818E+5	3.23543745E+1	4.15736158E-9	3.20037186E+1	-3.34996695E+0	3.21785689E+1	-1.04294500E-1
1.32804389E+5	3.20774461E+1	3.32083092E-9	3.18259809E+1	-2.82891891E+0	3.19514661E+1	-8.86541025E-2
1.42401793E+5	3.18124906E+1	2.55913446E-9	3.16445822E+1	-2.30507729E+0	3.17284253E+1	-7.27142856E-2
1.52692775E+5	3.15726425E+1	1.86368726E-9	3.14723438E+1	-1.77668911E+0	3.15224533E+1	-5.63925363E-2
1.63727458E+5	3.13528004E+1	1.22979462E-9	3.13035491E+1	-1.24166330E+0	3.13281650E+1	-3.96444759E-2
1.75559587E+5	3.11524966E+1	6.53614561E-10	3.11367885E+1	-6.99347250E-1	3.11446416E+1	-2.24567036E-2
1.88246790E+5	3.09563346E+1	1.34257877E-10	3.09471528E+1	-1.51920162E-1	3.09517431E+1	-4.91171349E-3
2.01850863E+5	3.08173397E+1	-3.52965676E-10	3.08114755E+1	4.25060246E-1	3.08144075E+1	1.37946439E-2
2.16438064E+5	3.06862919E+1	-7.89747282E-10	3.06529976E+1	1.01022725E+0	3.06696403E+1	3.29449557E-2
2.32079442E+5	3.05711248E+1	-1.18486611E-9	3.04860701E+1	1.61026980E+0	3.05285678E+1	5.27708173E-2
2.48851178E+5	3.04885878E+1	-1.54568581E-9	3.03239448E+1	2.23441487E+0	3.04061549E+1	7.35519093E-2
2.66834962E+5	3.04337477E+1	-1.87210530E-9	3.01585585E+1	2.88083708E+0	3.02958406E+1	9.52340903E-2
2.86118383E+5	3.04114934E+1	-2.16653260E-9	2.99907227E+1	3.55234836E+0	3.02003752E+1	1.17898912E-1
3.06795364E+5	3.04239267E+1	-2.43093217E-9	2.98178734E+1	4.25102258E+0	3.01193757E+1	1.41611976E-1
3.28966612E+5	3.04825784E+1	-2.66983084E-9	2.96437583E+1	4.98655161E+0	3.00602426E+1	1.66655666E-1
3.52740116E+5	3.05834678E+1	-2.87952737E-9	2.94610979E+1	5.75031574E+0	3.00170374E+1	1.92759868E-1
3.78231664E+5	3.07358850E+1	-3.06689948E-9	2.92671341E+1	6.55636832E+0	2.99925201E+1	2.20379631E-1
4.05565415E+5	3.09504012E+1	-3.22783641E-9	2.90666122E+1	7.39967843E+0	2.99937210E+1	2.49281387E-1
4.34874501E+5	3.12325779E+1	-3.36840194E-9	2.88487320E+1	8.29281985E+0	3.00169996E+1	2.79911707E-1
4.66301673E+5	3.15990262E+1	-3.48538747E-9	2.86191389E+1	9.23481309E+0	3.00721951E+1	3.12131784E-1
5.00000000E+5	3.20571488E+1	-3.57828425E-9	2.83724902E+1	1.02246169E+1	3.01585995E+1	3.45883767E-1
