Start time:20240904_17-40-09	sweep/start:500.000	sweep/stop:500000.000	sweep/samplecount:100.000	sweep/xmapping:1.000	sweep/scan:0.000	sweep/averaging/sample:10.000	sweep/settling/time:0.100	sweep/settling/inaccuracy:0.010	sweep/awgcontrol:0.000	sweep/averaging/time:0.100	sweep/averaging/tc:15.000	sweep/bandwidthcontrol:2.000	sweep/sincfilter:0.000	sweep/omegasuppression:80.000	sweep/maxbandwidth:100.000	sweep/bandwidth:1250000.000	sweep/order:8.000	sweep/bandwidthoverlap:1.000																				
Frequency	Param0		Param1		RealZ		ImagZ		AbsZ		PhaseZ		
5.00000000E+2	1.18199752E+3	7.49031183E-7	1.35297467E+2	-3.76318774E+2	3.99901525E+2	-1.22565788E+0
5.36133611E+2	1.06916948E+3	7.35397609E-7	1.33391881E+2	-3.53305962E+2	3.77648648E+2	-1.20978890E+0
5.74878498E+2	9.68768742E+2	7.21174438E-7	1.31475519E+2	-3.31788387E+2	3.56888427E+2	-1.19351549E+0
6.16423370E+2	8.79308915E+2	7.06116065E-7	1.29634272E+2	-3.11742683E+2	3.37621902E+2	-1.17671199E+0
6.60970574E+2	7.99364750E+2	6.90311029E-7	1.27862685E+2	-2.93018827E+2	3.19701272E+2	-1.15934030E+0
7.08737081E+2	7.28286280E+2	6.73707847E-7	1.26133207E+2	-2.75592971E+2	3.03085918E+2	-1.14157464E+0
7.59955541E+2	6.64736424E+2	6.56493315E-7	1.24434517E+2	-2.59291720E+2	2.87604150E+2	-1.12335631E+0
8.14875417E+2	6.08218687E+2	6.38469802E-7	1.22794524E+2	-2.44146320E+2	2.73287250E+2	-1.10478780E+0
8.73764200E+2	5.57745272E+2	6.19874670E-7	1.21177917E+2	-2.30005032E+2	2.59973852E+2	-1.08590096E+0
9.36908711E+2	5.12761656E+2	6.00727759E-7	1.19578723E+2	-2.16832444E+2	2.47619427E+2	-1.06681767E+0
1.00461650E+3	4.72666132E+2	5.81147434E-7	1.17978751E+2	-2.04561897E+2	2.36145202E+2	-1.04765640E+0
1.07721735E+3	4.36837373E+2	5.61055606E-7	1.16433898E+2	-1.93147146E+2	2.25527546E+2	-1.02830232E+0
1.15506485E+3	4.04859885E+2	5.40730284E-7	1.14876232E+2	-1.82516373E+2	2.15658934E+2	-1.00903755E+0
1.23853818E+3	3.76271276E+2	5.20191296E-7	1.13331287E+2	-1.72624811E+2	2.06502558E+2	-9.89852706E-1
1.32804389E+3	3.50718380E+2	4.99610380E-7	1.11772506E+2	-1.63424534E+2	1.97991595E+2	-9.70930688E-1
1.42401793E+3	3.27828515E+2	4.79022498E-7	1.10223295E+2	-1.54871442E+2	1.90090343E+2	-9.52255570E-1
1.52692775E+3	3.07278236E+2	4.58607306E-7	1.08661159E+2	-1.46908001E+2	1.82727142E+2	-9.33949300E-1
1.63727458E+3	2.88816257E+2	4.38461848E-7	1.07083656E+2	-1.39501221E+2	1.75862162E+2	-9.16114688E-1
1.75559587E+3	2.72209662E+2	4.18653364E-7	1.05497506E+2	-1.32618688E+2	1.69462209E+2	-8.98808363E-1
1.88246790E+3	2.57252886E+2	3.99341332E-7	1.03878961E+2	-1.26223307E+2	1.63472206E+2	-8.82200806E-1
2.01850863E+3	2.43705852E+2	3.80546452E-7	1.02248549E+2	-1.20265554E+2	1.57856167E+2	-8.66192078E-1
2.16438064E+3	2.31435159E+2	3.62387374E-7	1.00586209E+2	-1.14724014E+2	1.52575178E+2	-8.50966529E-1
2.32079442E+3	2.20275601E+2	3.44923256E-7	9.88904991E+1	-1.09562005E+2	1.47591205E+2	-8.36547453E-1
2.48851178E+3	2.10086451E+2	3.28161388E-7	9.71717834E+1	-1.04747884E+2	1.42879232E+2	-8.22900941E-1
2.66834962E+3	2.00762458E+2	3.12154127E-7	9.54218060E+1	-1.00258641E+2	1.38409235E+2	-8.10111157E-1
2.86118383E+3	1.92185904E+2	2.96906138E-7	9.36449196E+1	-9.60617626E+1	1.34153768E+2	-7.98137369E-1
3.06795364E+3	1.84246694E+2	2.82451038E-7	9.18324144E+1	-9.21228867E+1	1.30076203E+2	-7.86977199E-1
3.28966612E+3	1.76888505E+2	2.68774359E-7	8.99879414E+1	-8.84307788E+1	1.26165892E+2	-7.76670810E-1
3.52740116E+3	1.70024941E+2	2.55831550E-7	8.81231964E+1	-8.49555375E+1	1.22405642E+2	-7.67098369E-1
3.78231664E+3	1.63590436E+2	2.43603264E-7	8.62396705E+1	-8.16743804E+1	1.18777040E+2	-7.58216605E-1
4.05565415E+3	1.57518754E+2	2.32080552E-7	8.43334879E+1	-7.85618780E+1	1.15256696E+2	-7.49981585E-1
4.34874501E+3	1.51771983E+2	2.21206244E-7	8.24165894E+1	-7.56044635E+1	1.11841536E+2	-7.42315861E-1
4.66301673E+3	1.46323330E+2	2.10932433E-7	8.04980328E+1	-7.27929040E+1	1.08529905E+2	-7.35175694E-1
5.00000000E+3	1.41123900E+2	2.01219560E-7	7.85825387E+1	-7.01046283E+1	1.05308472E+2	-7.28441394E-1
5.36133611E+3	1.36141106E+2	1.92048852E-7	7.66679001E+1	-6.75254452E+1	1.02164831E+2	-7.22078784E-1
5.74878498E+3	1.31351898E+2	1.83355147E-7	7.47684683E+1	-6.50434957E+1	9.91008589E+1	-7.15952503E-1
6.16423370E+3	1.26733925E+2	1.75112640E-7	7.28850135E+1	-6.26480531E+1	9.61093325E+1	-7.10010217E-1
6.60970574E+3	1.22276351E+2	1.67266428E-7	7.10296322E+1	-6.03327068E+1	9.31946575E+1	-7.04146750E-1
7.08737081E+3	1.17970928E+2	1.59774859E-7	6.92104075E+1	-5.80924733E+1	9.03593714E+1	-6.98284689E-1
7.59955541E+3	1.13799712E+2	1.52633592E-7	6.74213044E+1	-5.59186254E+1	8.75929505E+1	-6.92407159E-1
8.14875417E+3	1.09762140E+2	1.45785162E-7	6.56773016E+1	-5.38086717E+1	8.49051301E+1	-6.86392190E-1
8.73764200E+3	1.05850879E+2	1.39205048E-7	6.39812064E+1	-5.17578217E+1	8.22949993E+1	-6.80176606E-1
9.36908711E+3	1.02068035E+2	1.32878763E-7	6.23335933E+1	-4.97673638E+1	7.97638224E+1	-6.73766755E-1
1.00461650E+4	9.84036391E+1	1.26782509E-7	6.07371166E+1	-4.78304916E+1	7.73094644E+1	-6.67072505E-1
1.07721735E+4	9.48605760E+1	1.20887583E-7	5.91982231E+1	-4.59472293E+1	7.49371572E+1	-6.60033708E-1
1.15506485E+4	9.14357276E+1	1.15191875E-7	5.77130500E+1	-4.41161937E+1	7.26432014E+1	-6.52657288E-1
1.23853818E+4	8.81304418E+1	1.09677361E-7	5.62845407E+1	-4.23371218E+1	7.04299753E+1	-6.44906378E-1
1.32804389E+4	8.49400970E+1	1.04336516E-7	5.49110072E+1	-4.06069888E+1	6.82945552E+1	-6.36750691E-1
1.42401793E+4	8.18724846E+1	9.91604534E-8	5.35938447E+1	-3.89302069E+1	6.62409331E+1	-6.28220818E-1
1.52692775E+4	7.89168225E+1	9.41316178E-8	5.23344147E+1	-3.72984546E+1	6.42655872E+1	-6.19195115E-1
1.63727458E+4	7.60789750E+1	8.92561099E-8	5.11288000E+1	-3.57165573E+1	6.23684751E+1	-6.09759166E-1
1.75559587E+4	7.33560148E+1	8.45248680E-8	4.99772461E+1	-3.41819601E+1	6.05485886E+1	-5.99873049E-1
1.88246790E+4	7.07515568E+1	7.99354870E-8	4.88793854E+1	-3.26970677E+1	5.88072495E+1	-5.89570440E-1
2.01850863E+4	6.82579935E+1	7.54783048E-8	4.78350448E+1	-3.12559218E+1	5.71412650E+1	-5.78769044E-1
2.16438064E+4	6.58756132E+1	7.11603035E-8	4.68399387E+1	-2.98601708E+1	5.55482644E+1	-5.67533220E-1
2.32079442E+4	6.36047593E+1	6.69781076E-8	4.58940944E+1	-2.85099087E+1	5.40285370E+1	-5.55869880E-1
2.48851178E+4	6.14402785E+1	6.29290165E-8	4.49958203E+1	-2.72016881E+1	5.25790426E+1	-5.43749663E-1
2.66834962E+4	5.93772029E+1	5.90253606E-8	4.41376770E+1	-2.59352507E+1	5.11934741E+1	-5.31251143E-1
2.86118383E+4	5.74203390E+1	5.52468704E-8	4.33283992E+1	-2.47099406E+1	4.98791676E+1	-5.18290658E-1
3.06795364E+4	5.55614061E+1	5.16045208E-8	4.25602161E+1	-2.35230406E+1	4.86282371E+1	-5.04913950E-1
3.28966612E+4	5.38030280E+1	4.81023142E-8	4.18323011E+1	-2.23777353E+1	4.74415901E+1	-4.91206690E-1
3.52740116E+4	5.21405675E+1	4.47363322E-8	4.11441783E+1	-2.12705755E+1	4.63171761E+1	-4.77136431E-1
3.78231664E+4	5.05669992E+1	4.15122858E-8	4.04903766E+1	-2.01991641E+1	4.52490534E+1	-4.62737857E-1
4.05565415E+4	4.90800156E+1	3.84220947E-8	3.98727749E+1	-1.91603293E+1	4.42375001E+1	-4.47956035E-1
4.34874501E+4	4.76807338E+1	3.54737503E-8	3.92888888E+1	-1.81578151E+1	4.32819021E+1	-4.32921350E-1
4.66301673E+4	4.63643565E+1	3.26679140E-8	3.87361649E+1	-1.71897318E+1	4.23789731E+1	-4.17656332E-1
5.00000000E+4	4.51234474E+1	2.99952751E-8	3.82141456E+1	-1.62490937E+1	4.15253415E+1	-4.02049766E-1
5.36133611E+4	4.39584899E+1	2.74631619E-8	3.77201892E+1	-1.53398131E+1	4.07200510E+1	-3.86246388E-1
5.74878498E+4	4.28653430E+1	2.50656075E-8	3.72541455E+1	-1.44582281E+1	3.99613779E+1	-3.70203385E-1
6.16423370E+4	4.18388128E+1	2.28046092E-8	3.68118104E+1	-1.36034206E+1	3.92449034E+1	-3.53974870E-1
6.60970574E+4	4.08779243E+1	2.06742330E-8	3.63946251E+1	-1.27737226E+1	3.85711904E+1	-3.37546065E-1
7.08737081E+4	3.99775925E+1	1.86723244E-8	3.59996508E+1	-1.19668084E+1	3.79365176E+1	-3.20923435E-1
7.59955541E+4	3.91364751E+1	1.67964912E-8	3.56264572E+1	-1.11825530E+1	3.73402458E+1	-3.04144679E-1
8.14875417E+4	3.83484755E+1	1.50416929E-8	3.52719450E+1	-1.04170634E+1	3.67780548E+1	-2.87172117E-1
8.73764200E+4	3.76123081E+1	1.34042050E-8	3.49358430E+1	-9.66977520E+0	3.62493819E+1	-2.70026494E-1
9.36908711E+4	3.69268418E+1	1.18802176E-8	3.46180237E+1	-8.94017406E+0	3.57538009E+1	-2.52730051E-1
1.00461650E+5	3.62850433E+1	1.04634825E-8	3.43142427E+1	-8.22353409E+0	3.52858864E+1	-2.35217482E-1
1.07721735E+5	3.56880917E+1	9.14877176E-9	3.40263845E+1	-7.51943363E+0	3.48473346E+1	-2.17492804E-1
1.15506485E+5	3.51345524E+1	7.93246833E-9	3.37536016E+1	-6.82730216E+0	3.44371556E+1	-1.99576191E-1
1.23853818E+5	3.46183756E+1	6.80816825E-9	3.34917229E+1	-6.14276247E+0	3.40503898E+1	-1.81395262E-1
1.32804389E+5	3.41410634E+1	5.77014728E-9	3.32427799E+1	-5.46453856E+0	3.36889277E+1	-1.62925636E-1
1.42401793E+5	3.36970157E+1	4.81473873E-9	3.30015849E+1	-4.79064818E+0	3.33474875E+1	-1.44157223E-1
1.52692775E+5	3.32904791E+1	3.93556333E-9	3.27726783E+1	-4.11943123E+0	3.30305640E+1	-1.25041327E-1
1.63727458E+5	3.29168393E+1	3.12833948E-9	3.25515485E+1	-3.44829990E+0	3.27336844E+1	-1.05539903E-1
1.75559587E+5	3.25736044E+1	2.38746431E-9	3.23356484E+1	-2.77388664E+0	3.24544083E+1	-8.55746627E-2
1.88246790E+5	3.22866557E+1	1.71875659E-9	3.21423771E+1	-2.10925741E+0	3.22144231E+1	-6.55293691E-2
2.01850863E+5	3.19881504E+1	1.08879467E-9	3.19258579E+1	-1.41022422E+0	3.19569890E+1	-4.41431552E-2
2.16438064E+5	3.17445351E+1	5.23529126E-10	3.17283282E+1	-7.17084756E-1	3.17364306E+1	-2.25969270E-2
2.32079442E+5	3.15329728E+1	6.73217276E-12	3.15329693E+1	-9.76110295E-3	3.15329711E+1	-3.09553237E-4
2.48851178E+5	3.13570710E+1	-4.62385811E-10	3.13409630E+1	7.10512835E-1	3.13490160E+1	2.26665376E-2
2.66834962E+5	3.12171694E+1	-8.91402869E-10	3.11493669E+1	1.45324738E+0	3.11832497E+1	4.66203376E-2
2.86118383E+5	3.11154532E+1	-1.27848078E-9	3.09571266E+1	2.21389272E+0	3.10361890E+1	7.13932578E-2
3.06795364E+5	3.10535613E+1	-1.62777077E-9	3.07614993E+1	2.99737322E+0	3.09071853E+1	9.71324822E-2
3.28966612E+5	3.10355607E+1	-1.94126681E-9	3.05616119E+1	3.80585881E+0	3.07976746E+1	1.23892894E-1
3.52740116E+5	3.10715185E+1	-2.22409687E-9	3.03593291E+1	4.64989462E+0	3.07133595E+1	1.51980881E-1
3.78231664E+5	3.11633848E+1	-2.47417349E-9	3.01510387E+1	5.52477774E+0	3.06530328E+1	1.81226302E-1
4.05565415E+5	3.13169652E+1	-2.69781932E-9	2.99296693E+1	6.44369768E+0	3.06154603E+1	2.12057784E-1
4.34874501E+5	3.15384184E+1	-2.88856769E-9	2.96982259E+1	7.39259212E+0	3.06044943E+1	2.43965419E-1
4.66301673E+5	3.18464854E+1	-3.05333867E-9	2.94557218E+1	8.39175938E+0	3.06277849E+1	2.77541133E-1
5.00000000E+5	3.22491316E+1	-3.19198079E-9	2.91957813E+1	9.44165647E+0	3.06845008E+1	3.12776040E-1
