Start time:20240907_00-44-22	sweep/start:500.000	sweep/stop:500000.000	sweep/samplecount:100.000	sweep/xmapping:1.000	sweep/scan:0.000	sweep/averaging/sample:10.000	sweep/settling/time:0.100	sweep/settling/inaccuracy:0.010	sweep/awgcontrol:0.000	sweep/averaging/time:0.100	sweep/averaging/tc:15.000	sweep/bandwidthcontrol:2.000	sweep/sincfilter:0.000	sweep/omegasuppression:80.000	sweep/maxbandwidth:100.000	sweep/bandwidth:1250000.000	sweep/order:8.000	sweep/bandwidthoverlap:1.000																				
Frequency	Param0		Param1		RealZ		ImagZ		AbsZ		PhaseZ		
5.00000000E+2	1.06328591E+3	7.48140760E-7	1.46751437E+2	-3.66746143E+2	3.95017366E+2	-1.19016542E+0
5.36133611E+2	9.67526963E+2	7.31498225E-7	1.44751452E+2	-3.45105663E+2	3.74233758E+2	-1.17364365E+0
5.74878498E+2	8.83424923E+2	7.14229925E-7	1.42618973E+2	-3.25043006E+2	3.54955112E+2	-1.15732080E+0
6.16423370E+2	8.08496752E+2	6.96246643E-7	1.40526037E+2	-3.06377618E+2	3.37067971E+2	-1.14075637E+0
6.60970574E+2	7.41697718E+2	6.77741436E-7	1.38423256E+2	-2.88976111E+2	3.20418780E+2	-1.12407900E+0
7.08737081E+2	6.82033614E+2	6.58738674E-7	1.36329374E+2	-2.72755392E+2	3.04928196E+2	-1.10729045E+0
7.59955541E+2	6.29034286E+2	6.39359994E-7	1.34183385E+2	-2.57683446E+2	2.90527006E+2	-1.09070294E+0
8.14875417E+2	5.81613381E+2	6.19723281E-7	1.32013808E+2	-2.43625409E+2	2.77093825E+2	-1.07421476E+0
8.73764200E+2	5.39201427E+2	5.99860118E-7	1.29828233E+2	-2.30538921E+2	2.64581868E+2	-1.05791244E+0
9.36908711E+2	5.01258103E+2	5.79918580E-7	1.27602759E+2	-2.18356244E+2	2.52906929E+2	-1.04194220E+0
1.00461650E+3	4.67052523E+2	5.60018362E-7	1.25355814E+2	-2.06962955E+2	2.41966415E+2	-1.02620201E+0
1.07721735E+3	4.36310052E+2	5.40259733E-7	1.23062485E+2	-1.96339045E+2	2.31718356E+2	-1.01091402E+0
1.15506485E+3	4.08589748E+2	5.20689083E-7	1.20742028E+2	-1.86427772E+2	2.22112477E+2	-9.96067039E-1
1.23853818E+3	3.83449831E+2	5.01408425E-7	1.18399425E+2	-1.77149129E+2	2.13073316E+2	-9.81622197E-1
1.32804389E+3	3.60691412E+2	4.82496891E-7	1.16020932E+2	-1.68484108E+2	2.04567232E+2	-9.67751244E-1
1.42401793E+3	3.39929941E+2	4.64043054E-7	1.13613523E+2	-1.60351502E+2	1.96521341E+2	-9.54369802E-1
1.52692775E+3	3.20961383E+2	4.46066737E-7	1.11186412E+2	-1.52722380E+2	1.88908824E+2	-9.41505190E-1
1.63727458E+3	3.03560544E+2	4.28633499E-7	1.08736752E+2	-1.45548979E+2	1.81681554E+2	-9.29166547E-1
1.75559587E+3	2.87574404E+2	4.11684286E-7	1.06294655E+2	-1.38813068E+2	1.74835985E+2	-9.17297778E-1
1.88246790E+3	2.72765599E+2	3.95367990E-7	1.03830181E+2	-1.32440908E+2	1.68289337E+2	-9.05904233E-1
2.01850863E+3	2.59063815E+2	3.79579459E-7	1.01379284E+2	-1.26435535E+2	1.62060803E+2	-8.94943034E-1
2.16438064E+3	2.46305379E+2	3.64347834E-7	9.89422311E+1	-1.20749485E+2	1.56108947E+2	-8.84337038E-1
2.32079442E+3	2.34403727E+2	3.49680827E-7	9.65186868E+1	-1.15362396E+2	1.50413894E+2	-8.74100100E-1
2.48851178E+3	2.23262826E+2	3.35558631E-7	9.41174386E+1	-1.10248958E+2	1.44958356E+2	-8.64169140E-1
2.66834962E+3	2.12817919E+2	3.21942721E-7	9.17505048E+1	-1.05394479E+2	1.39736006E+2	-8.54495801E-1
2.86118383E+3	2.02986241E+2	3.08833830E-7	8.94177409E+1	-1.00772211E+2	1.34724055E+2	-8.45028070E-1
3.06795364E+3	1.93725787E+2	2.96184098E-7	8.71318394E+1	-9.63728517E+1	1.29921838E+2	-8.35714111E-1
3.28966612E+3	1.84966189E+2	2.83997402E-7	8.48897263E+1	-9.21708374E+1	1.25306540E+2	-8.26497157E-1
3.52740116E+3	1.76696436E+2	2.72230273E-7	8.27008123E+1	-8.81675352E+1	1.20883989E+2	-8.17381026E-1
3.78231664E+3	1.68858959E+2	2.60873410E-7	8.05651193E+1	-8.43409960E+1	1.16636796E+2	-8.08291292E-1
4.05565415E+3	1.61435783E+2	2.49882909E-7	7.84923866E+1	-8.06872048E+1	1.12567668E+2	-7.99185603E-1
4.34874501E+3	1.54393841E+2	2.39284060E-7	7.64703693E+1	-7.71935008E+1	1.08657968E+2	-7.90104058E-1
4.66301673E+3	1.47717590E+2	2.29002718E-7	7.45186866E+1	-7.38558463E+1	1.04917686E+2	-7.80930848E-1
5.00000000E+3	1.41383571E+2	2.19045721E-7	7.26309783E+1	-7.06651823E+1	1.01335221E+2	-7.71680611E-1
5.36133611E+3	1.35357445E+2	2.09426662E-7	7.07983695E+1	-6.76067834E+1	9.78932395E+1	-7.62342513E-1
5.74878498E+3	1.29643492E+2	2.00115290E-7	6.90268473E+1	-6.46852055E+1	9.45985280E+1	-7.52939480E-1
6.16423370E+3	1.24208805E+2	1.91097540E-7	6.73164372E+1	-6.18853086E+1	9.14401125E+1	-7.43386866E-1
6.60970574E+3	1.19049103E+2	1.82362398E-7	6.56671132E+1	-5.92067656E+1	8.84172545E+1	-7.33709266E-1
7.08737081E+3	1.14142533E+2	1.73902472E-7	6.40770065E+1	-5.66396413E+1	8.55214112E+1	-7.23865836E-1
7.59955541E+3	1.09481030E+2	1.65711424E-7	6.25446912E+1	-5.41813508E+1	8.27493637E+1	-7.13871083E-1
8.14875417E+3	1.05046603E+2	1.57791795E-7	6.10652155E+1	-5.18240569E+1	8.00917814E+1	-7.03719905E-1
8.73764200E+3	1.00833258E+2	1.50115444E-7	5.96445960E+1	-4.95649176E+1	7.75510085E+1	-6.93362209E-1
9.36908711E+3	9.68295060E+1	1.42692232E-7	5.82762006E+1	-4.73997904E+1	7.51189437E+1	-6.82837044E-1
1.00461650E+4	9.30268508E+1	1.35499650E-7	5.69643171E+1	-4.53241390E+1	7.27956799E+1	-6.72088030E-1
1.07721735E+4	8.94040159E+1	1.28542541E-7	5.57025250E+1	-4.33273368E+1	7.05693235E+1	-6.61078410E-1
1.15506485E+4	8.59616647E+1	1.21822725E-7	5.44883545E+1	-4.14116995E+1	6.84390944E+1	-6.49876848E-1
1.23853818E+4	8.26941732E+1	1.15318122E-7	5.33266300E+1	-3.95736285E+1	6.64063368E+1	-6.38425138E-1
1.32804389E+4	7.95855220E+1	1.09029945E-7	5.22126630E+1	-3.78048916E+1	6.44621752E+1	-6.26689150E-1
1.42401793E+4	7.66350157E+1	1.02965735E-7	5.11425053E+1	-3.61074898E+1	6.26043663E+1	-6.14752966E-1
1.52692775E+4	7.38334465E+1	9.70980966E-8	5.01221931E+1	-3.44740475E+1	6.08333317E+1	-6.02491072E-1
1.63727458E+4	7.11756407E+1	9.14366195E-8	4.91464681E+1	-3.29037382E+1	5.91441573E+1	-5.89964076E-1
1.75559587E+4	6.86573115E+1	8.59867263E-8	4.82117795E+1	-3.13961056E+1	5.75333917E+1	-5.77227007E-1
1.88246790E+4	6.62707982E+1	8.07201180E-8	4.73249810E+1	-2.99434533E+1	5.60023594E+1	-5.64131391E-1
2.01850863E+4	6.40098383E+1	7.56613171E-8	4.64755905E+1	-2.85467071E+1	5.45425983E+1	-5.50817163E-1
2.16438064E+4	6.18756604E+1	7.07939666E-8	4.56693532E+1	-2.72053589E+1	5.31584554E+1	-5.37253759E-1
2.32079442E+4	5.98579665E+1	6.61238440E-8	4.49008530E+1	-2.59149979E+1	5.18427791E+1	-5.23456421E-1
2.48851178E+4	5.79503378E+1	6.16403264E-8	4.41712450E+1	-2.46706220E+1	5.05938588E+1	-5.09362634E-1
2.66834962E+4	5.61506438E+1	5.73625596E-8	4.34731626E+1	-2.34761619E+1	4.94069435E+1	-4.95144910E-1
2.86118383E+4	5.44574901E+1	5.32667824E-8	4.28143780E+1	-2.23269475E+1	4.82862668E+1	-4.80685514E-1
3.06795364E+4	5.28624433E+1	4.93609186E-8	4.21887460E+1	-2.12205059E+1	4.72249953E+1	-4.66036531E-1
3.28966612E+4	5.13651407E+1	4.56508081E-8	4.15943147E+1	-2.01596327E+1	4.62222655E+1	-4.51310829E-1
3.52740116E+4	4.99558093E+1	4.21238356E-8	4.10308240E+1	-1.91363393E+1	4.52739221E+1	-4.36399412E-1
3.78231664E+4	4.86336951E+1	3.87873993E-8	4.04953431E+1	-1.81539345E+1	4.43783525E+1	-4.21436675E-1
4.05565415E+4	4.73919300E+1	3.56268227E-8	3.99892668E+1	-1.72054369E+1	4.35335334E+1	-4.06310185E-1
4.34874501E+4	4.62276932E+1	3.26556248E-8	3.95060999E+1	-1.62955185E+1	4.27349490E+1	-3.91219406E-1
4.66301673E+4	4.51386948E+1	2.98582138E-8	3.90498038E+1	-1.54197921E+1	4.19840109E+1	-3.76080497E-1
5.00000000E+4	4.41153639E+1	2.72307885E-8	3.86153931E+1	-1.45733840E+1	4.12738673E+1	-3.60871638E-1
5.36133611E+4	4.31557531E+1	2.47734799E-8	3.82008993E+1	-1.37579016E+1	4.06028149E+1	-3.45684837E-1
5.74878498E+4	4.22570653E+1	2.24772799E-8	3.78069642E+1	-1.29709214E+1	3.99701307E+1	-3.30499313E-1
6.16423370E+4	4.14126956E+1	2.03358322E-8	3.74304015E+1	-1.22089664E+1	3.93712309E+1	-3.15296818E-1
6.60970574E+4	4.06232824E+1	1.83436472E-8	3.70726997E+1	-1.14729977E+1	3.88074059E+1	-3.00124756E-1
7.08737081E+4	3.98821409E+1	1.64929105E-8	3.67306889E+1	-1.07589493E+1	3.82739926E+1	-2.84943675E-1
7.59955541E+4	3.91850864E+1	1.47768089E-8	3.64023711E+1	-1.00646620E+1	3.77681090E+1	-2.69745063E-1
8.14875417E+4	3.85310193E+1	1.31883240E-8	3.60881140E+1	-9.38934673E+0	3.72895671E+1	-2.54535127E-1
8.73764200E+4	3.79145745E+1	1.17187636E-8	3.57853127E+1	-8.72904862E+0	3.68345613E+1	-2.39255958E-1
9.36908711E+4	3.73370644E+1	1.03600141E-8	3.54965406E+1	-8.08283446E+0	3.64051730E+1	-2.23890141E-1
1.00461650E+5	3.67917635E+1	9.10739916E-9	3.52163495E+1	-7.44851134E+0	3.59954386E+1	-2.08435292E-1
1.07721735E+5	3.62794779E+1	7.95500217E-9	3.49460567E+1	-6.82625813E+0	3.56065260E+1	-1.92907920E-1
1.15506485E+5	3.57987230E+1	6.89274413E-9	3.46863497E+1	-6.21161498E+0	3.52381473E+1	-1.77201205E-1
1.23853818E+5	3.53446315E+1	5.91474382E-9	3.44333006E+1	-5.60179636E+0	3.48859903E+1	-1.61272560E-1
1.32804389E+5	3.49173737E+1	5.01122963E-9	3.41885187E+1	-4.99181309E+0	3.45510243E+1	-1.44983983E-1
1.42401793E+5	3.45153575E+1	4.18754801E-9	3.39476240E+1	-4.39012486E+0	3.42303137E+1	-1.28606774E-1
1.52692775E+5	3.41389844E+1	3.42589388E-9	3.37144990E+1	-3.78302803E+0	3.39260778E+1	-1.11740356E-1
1.63727458E+5	3.37885083E+1	2.72573443E-9	3.34879033E+1	-3.17279393E+0	3.36378700E+1	-9.44625071E-2
1.75559587E+5	3.34597023E+1	2.08297655E-9	3.32631015E+1	-2.55725257E+0	3.33612571E+1	-7.67286278E-2
1.88246790E+5	3.31691597E+1	1.47737456E-9	3.30499354E+1	-1.91537476E+0	3.31094798E+1	-5.78853800E-2
2.01850863E+5	3.28778433E+1	9.50158592E-10	3.28263150E+1	-1.30056478E+0	3.28520690E+1	-3.95988697E-2
2.16438064E+5	3.26236066E+1	4.53312861E-10	3.26104162E+1	-6.55842728E-1	3.26170107E+1	-2.01087417E-2
2.32079442E+5	3.23975805E+1	-4.66888973E-12	3.23975785E+1	7.14584094E-3	3.23975795E+1	2.20567619E-4
2.48851178E+5	3.21998018E+1	-4.24757106E-10	3.21850822E+1	6.88284754E-1	3.21924412E+1	2.13819485E-2
2.66834962E+5	3.20311377E+1	-8.07979314E-10	3.19709417E+1	1.38723721E+0	3.20010256E+1	4.33633568E-2
2.86118383E+5	3.18961254E+1	-1.16078021E-9	3.17554406E+1	2.11364313E+0	3.18257053E+1	6.64620020E-2
3.06795364E+5	3.17971137E+1	-1.48133356E-9	3.15371209E+1	2.86346103E+0	3.16668505E+1	9.05482420E-2
3.28966612E+5	3.17382756E+1	-1.77503610E-9	3.13136748E+1	3.64632765E+0	3.15252603E+1	1.15923207E-1
3.52740116E+5	3.17268788E+1	-2.04049663E-9	3.10868870E+1	4.46041229E+0	3.14052527E+1	1.42509497E-1
3.78231664E+5	3.17633283E+1	-2.28085591E-9	3.08488672E+1	5.31130237E+0	3.13027585E+1	1.70500062E-1
4.05565415E+5	3.18643601E+1	-2.49617749E-9	3.06069856E+1	6.20357570E+0	3.12293453E+1	1.99975887E-1
4.34874501E+5	3.20230789E+1	-2.68544170E-9	3.03474863E+1	7.13091579E+0	3.11740268E+1	2.30788744E-1
4.66301673E+5	3.22666482E+1	-2.85387258E-9	3.00773244E+1	8.11473581E+0	3.11527597E+1	2.63521520E-1
NaN	NaN	NaN	NaN	NaN	NaN	NaN
