Start time:20240908_11-37-41	sweep/start:500.000	sweep/stop:500000.000	sweep/samplecount:100.000	sweep/xmapping:1.000	sweep/scan:0.000	sweep/averaging/sample:10.000	sweep/settling/time:0.100	sweep/settling/inaccuracy:0.010	sweep/awgcontrol:0.000	sweep/averaging/time:0.100	sweep/averaging/tc:15.000	sweep/bandwidthcontrol:2.000	sweep/sincfilter:0.000	sweep/omegasuppression:80.000	sweep/maxbandwidth:100.000	sweep/bandwidth:1250000.000	sweep/order:8.000	sweep/bandwidthoverlap:1.000																				
Frequency	Param0		Param1		RealZ		ImagZ		AbsZ		PhaseZ		
5.00000000E+2	1.18946564E+3	8.09942312E-7	1.17069470E+2	-3.54323028E+2	3.73162262E+2	-1.25168519E+0
5.36133611E+2	1.07445420E+3	7.96441922E-7	1.15411289E+2	-3.32692564E+2	3.52142175E+2	-1.23688521E+0
5.74878498E+2	9.72334467E+2	7.82108141E-7	1.13785837E+2	-3.12554998E+2	3.32622683E+2	-1.22165952E+0
6.16423370E+2	8.81664270E+2	7.66962059E-7	1.12182757E+2	-2.93806972E+2	3.14495644E+2	-1.20605584E+0
6.60970574E+2	8.01001081E+2	7.50985931E-7	1.10620335E+2	-2.76351451E+2	2.97669257E+2	-1.19004118E+0
7.08737081E+2	7.29458691E+2	7.34373848E-7	1.09025741E+2	-2.60082967E+2	2.82010220E+2	-1.17385196E+0
7.59955541E+2	6.65722989E+2	7.17083781E-7	1.07445278E+2	-2.44916905E+2	2.67448650E+2	-1.15737832E+0
8.14875417E+2	6.09133903E+2	6.99176769E-7	1.05846079E+2	-2.30805187E+2	2.53918153E+2	-1.14081793E+0
8.73764200E+2	5.58568687E+2	6.80783354E-7	1.04243230E+2	-2.17624322E+2	2.41302710E+2	-1.12408501E+0
9.36908711E+2	5.13492403E+2	6.61861015E-7	1.02642510E+2	-2.05354962E+2	2.29578192E+2	-1.10728496E+0
1.00461650E+3	4.73384811E+2	6.42569404E-7	1.01007599E+2	-1.93940516E+2	2.18667464E+2	-1.09063381E+0
1.07721735E+3	4.37406221E+2	6.23044072E-7	9.93583482E+1	-1.83269956E+2	2.08470522E+2	-1.07400610E+0
1.15506485E+3	4.05170126E+2	6.03336225E-7	9.76901457E+1	-1.73314053E+2	1.98950060E+2	-1.05752635E+0
1.23853818E+3	3.76246960E+2	5.83542677E-7	9.59999873E+1	-1.64023481E+2	1.90051837E+2	-1.04126921E+0
1.32804389E+3	3.50268610E+2	5.63758770E-7	9.42843515E+1	-1.55355425E+2	1.81727399E+2	-1.02532276E+0
1.42401793E+3	3.26771278E+2	5.44033188E-7	9.25684440E+1	-1.47240589E+2	1.73921558E+2	-1.00954911E+0
1.52692775E+3	3.05548542E+2	5.24525864E-7	9.08225459E+1	-1.39649421E+2	1.66585401E+2	-9.94167327E-1
1.63727458E+3	2.86292795E+2	5.05271006E-7	8.90634019E+1	-1.32536486E+2	1.59681589E+2	-9.79116303E-1
1.75559587E+3	2.68780428E+2	4.86303717E-7	8.72994936E+1	-1.25869747E+2	1.53180922E+2	-9.64398779E-1
1.88246790E+3	2.52783734E+2	4.67724453E-7	8.55253168E+1	-1.19602796E+2	1.47035400E+2	-9.50022480E-1
2.01850863E+3	2.38162515E+2	4.49524869E-7	8.37528085E+1	-1.13720034E+2	1.41233067E+2	-9.36002731E-1
2.16438064E+3	2.24709824E+2	4.31787771E-7	8.19794011E+1	-1.08170949E+2	1.35726109E+2	-9.22278098E-1
2.32079442E+3	2.12342358E+2	4.14499411E-7	8.02130436E+1	-1.02948988E+2	1.30509105E+2	-9.08896671E-1
2.48851178E+3	2.00891401E+2	3.97704186E-7	7.84558554E+1	-9.80091079E+1	1.25543246E+2	-8.95753288E-1
2.66834962E+3	1.90293942E+2	3.81373514E-7	7.67172506E+1	-9.33450118E+1	1.20825609E+2	-8.82862917E-1
2.86118383E+3	1.80445192E+2	3.65522827E-7	7.49994574E+1	-8.89290320E+1	1.16332675E+2	-8.70168010E-1
3.06795364E+3	1.71289731E+2	3.50135823E-7	7.33080650E+1	-8.47516738E+1	1.12057658E+2	-8.57672587E-1
3.28966612E+3	1.62729972E+2	3.35218855E-7	7.16455069E+1	-8.07823777E+1	1.07976253E+2	-8.45268779E-1
3.52740116E+3	1.54731591E+2	3.20743582E-7	7.00180015E+1	-7.70160771E+1	1.04086487E+2	-8.32957195E-1
3.78231664E+3	1.47239895E+2	3.06716594E-7	6.84243631E+1	-7.34363839E+1	1.00373283E+2	-8.20714042E-1
4.05565415E+3	1.40211342E+2	2.93112861E-7	6.68699940E+1	-7.00309603E+1	9.68293940E+1	-8.08483502E-1
4.34874501E+3	1.33620559E+2	2.79913677E-7	6.53581058E+1	-6.67944946E+1	9.34515198E+1	-7.96266903E-1
4.66301673E+3	1.27428704E+2	2.67099303E-7	6.38923282E+1	-6.37141030E+1	9.02314610E+1	-7.84001485E-1
5.00000000E+3	1.21616221E+2	2.54685539E-7	6.24674934E+1	-6.07854646E+1	8.71611178E+1	-7.71752045E-1
5.36133611E+3	1.16139915E+2	2.42635194E-7	6.10906747E+1	-5.79913372E+1	8.42322133E+1	-7.59377120E-1
5.74878498E+3	1.10991583E+2	2.30970782E-7	5.97549913E+1	-5.53321070E+1	8.14389407E+1	-7.46986310E-1
6.16423370E+3	1.06145344E+2	2.19662241E-7	5.84657728E+1	-5.27979443E+1	7.87773415E+1	-7.34501666E-1
6.60970574E+3	1.01579616E+2	2.08702529E-7	5.72227262E+1	-5.03807713E+1	7.62408193E+1	-7.21898774E-1
7.08737081E+3	9.72824290E+1	1.98095015E-7	5.60235962E+1	-4.80777302E+1	7.38248705E+1	-7.09217684E-1
7.59955541E+3	9.32304050E+1	1.87848516E-7	5.48638366E+1	-4.58795935E+1	7.15190722E+1	-6.96454014E-1
8.14875417E+3	8.94207991E+1	1.77946613E-7	5.37468231E+1	-4.37877021E+1	6.93259249E+1	-6.83642154E-1
8.73764200E+3	8.58322562E+1	1.68381457E-7	5.26720120E+1	-4.17925443E+1	6.72380667E+1	-6.70733518E-1
9.36908711E+3	8.24457724E+1	1.59162768E-7	5.16343051E+1	-3.98864472E+1	6.52459206E+1	-6.57733508E-1
1.00461650E+4	7.92531307E+1	1.50270331E-7	5.06371367E+1	-3.80661525E+1	6.33494404E+1	-6.44616193E-1
1.07721735E+4	7.62434106E+1	1.41709826E-7	4.96772610E+1	-3.63281369E+1	6.15431865E+1	-6.31414227E-1
1.15506485E+4	7.34019002E+1	1.33472292E-7	4.87540136E+1	-3.46653051E+1	5.98217120E+1	-6.18086797E-1
1.23853818E+4	7.07214253E+1	1.25569901E-7	4.78628128E+1	-3.30768418E+1	5.81801197E+1	-6.04711569E-1
1.32804389E+4	6.81943058E+1	1.17982809E-7	4.70068288E+1	-3.15587719E+1	5.66180011E+1	-5.91248719E-1
1.42401793E+4	6.58069662E+1	1.10707029E-7	4.61836296E+1	-3.01044330E+1	5.51289810E+1	-5.77669086E-1
1.52692775E+4	6.35536732E+1	1.03733974E-7	4.53936866E+1	-2.87114734E+1	5.37115957E+1	-5.63973879E-1
1.63727458E+4	6.14285418E+1	9.70652900E-8	4.46348779E+1	-2.73785153E+1	5.23627296E+1	-5.50205778E-1
1.75559587E+4	5.94215368E+1	9.06792490E-8	4.39094449E+1	-2.60984155E+1	5.10800028E+1	-5.36268822E-1
1.88246790E+4	5.75274343E+1	8.45813070E-8	4.32141409E+1	-2.48703972E+1	4.98597899E+1	-5.22221420E-1
2.01850863E+4	5.57408674E+1	7.87791567E-8	4.25449616E+1	-2.36942878E+1	4.86979779E+1	-5.08143194E-1
2.16438064E+4	5.40542726E+1	7.32389434E-8	4.19074548E+1	-2.25619632E+1	4.75949259E+1	-4.93874967E-1
2.32079442E+4	5.24627172E+1	6.79806572E-8	4.12942221E+1	-2.14754346E+1	4.65446785E+1	-4.79565786E-1
2.48851178E+4	5.09640006E+1	6.29786838E-8	4.07107336E+1	-2.04308097E+1	4.55497733E+1	-4.65129023E-1
2.66834962E+4	4.95490049E+1	5.82333476E-8	4.01524151E+1	-1.94241024E+1	4.46039484E+1	-4.50570803E-1
2.86118383E+4	4.82198419E+1	5.37389014E-8	3.96215551E+1	-1.84574503E+1	4.37097829E+1	-4.35951122E-1
3.06795364E+4	4.69710251E+1	4.94961121E-8	3.91149989E+1	-1.75296443E+1	4.28634062E+1	-4.21319882E-1
3.28966612E+4	4.57913847E+1	4.54872417E-8	3.86308643E+1	-1.66318092E+1	4.20590153E+1	-4.06546645E-1
3.52740116E+4	4.46878417E+1	4.17170680E-8	3.81713570E+1	-1.57715900E+1	4.13012779E+1	-3.91815408E-1
3.78231664E+4	4.36494218E+1	3.81674713E-8	3.77343955E+1	-1.49398771E+1	4.05842894E+1	-3.76985919E-1
4.05565415E+4	4.26756767E+1	3.48403898E-8	3.73185363E+1	-1.41393290E+1	3.99073150E+1	-3.62169887E-1
4.34874501E+4	4.17585453E+1	3.17195969E-8	3.69221609E+1	-1.33629991E+1	3.92659615E+1	-3.47257385E-1
4.66301673E+4	4.09027852E+1	2.88071655E-8	3.65471271E+1	-1.26169241E+1	3.86636688E+1	-3.32413191E-1
5.00000000E+4	4.00964493E+1	2.60933614E-8	3.61869297E+1	-1.18942634E+1	3.80915658E+1	-3.17565287E-1
5.36133611E+4	3.93448145E+1	2.35644688E-8	3.58480844E+1	-1.11960287E+1	3.75557749E+1	-3.02719733E-1
5.74878498E+4	3.86391756E+1	2.12192111E-8	3.55235688E+1	-1.05203357E+1	3.70486358E+1	-2.87921752E-1
6.16423370E+4	3.79754233E+1	1.90435258E-8	3.52128189E+1	-9.86301595E+0	3.65680421E+1	-2.73098939E-1
6.60970574E+4	3.73554803E+1	1.70320966E-8	3.49175952E+1	-9.22632503E+0	3.61159734E+1	-2.58327427E-1
7.08737081E+4	3.67734762E+1	1.51691369E-8	3.46362427E+1	-8.60382076E+0	3.56888645E+1	-2.43477056E-1
7.59955541E+4	3.62274987E+1	1.34551785E-8	3.43657640E+1	-7.99874535E+0	3.52843545E+1	-2.28681788E-1
8.14875417E+4	3.57181942E+1	1.18751941E-8	3.41094840E+1	-7.40758151E+0	3.49045724E+1	-2.13850053E-1
8.73764200E+4	3.52369735E+1	1.04254411E-8	3.38597082E+1	-6.82889390E+0	3.45414771E+1	-1.99012350E-1
9.36908711E+4	3.47894097E+1	9.09014491E-9	3.36241015E+1	-6.25958737E+0	3.42017930E+1	-1.84056726E-1
1.00461650E+5	3.43678609E+1	7.86543001E-9	3.33955634E+1	-5.69828166E+0	3.38782242E+1	-1.69002302E-1
1.07721735E+5	3.39726297E+1	6.74203149E-9	3.31753298E+1	-5.14302217E+0	3.35716129E+1	-1.53801204E-1
1.15506485E+5	3.36016496E+1	5.71307100E-9	3.29618491E+1	-4.59227632E+0	3.32802119E+1	-1.38429890E-1
1.23853818E+5	3.32549792E+1	4.77253481E-9	3.27553220E+1	-4.04554395E+0	3.30042050E+1	-1.22885669E-1
1.32804389E+5	3.29289636E+1	3.91005047E-9	3.25532060E+1	-3.49740933E+0	3.27405457E+1	-1.07026174E-1
1.42401793E+5	3.26260616E+1	3.12297958E-9	3.23571381E+1	-2.94984504E+0	3.24913217E+1	-9.09138954E-2
1.52692775E+5	3.23458877E+1	2.40226220E-9	3.21671202E+1	-2.39800466E+0	3.22563801E+1	-7.44106752E-2
1.63727458E+5	3.20862681E+1	1.74257705E-9	3.19804618E+1	-1.83948945E+0	3.20333212E+1	-5.74558579E-2
1.75559587E+5	3.18476055E+1	1.14091518E-9	3.17965255E+1	-1.27442482E+0	3.18220552E+1	-4.00591895E-2
1.88246790E+5	3.16458922E+1	6.00243963E-10	3.16174237E+1	-7.10404018E-1	3.16316513E+1	-2.24598723E-2
2.01850863E+5	3.14361513E+1	8.78661789E-11	3.14357652E+1	-1.10124837E-1	3.14359583E+1	-3.50315729E-3
2.16438064E+5	3.12634168E+1	-3.71050576E-10	3.12556378E+1	4.93073446E-1	3.12595270E+1	1.57741922E-2
2.32079442E+5	3.11173610E+1	-7.89811419E-10	3.10774461E+1	1.11375091E+0	3.10973971E+1	3.58225832E-2
2.48851178E+5	3.09991871E+1	-1.16946533E-9	3.08999040E+1	1.75151708E+0	3.09495057E+1	5.66229829E-2
2.66834962E+5	3.09101901E+1	-1.52139003E-9	3.07192262E+1	2.42200633E+0	3.08145602E+1	7.86805529E-2
2.86118383E+5	3.08512781E+1	-1.83280193E-9	3.05357497E+1	3.10400897E+0	3.06931085E+1	1.01303660E-1
3.06795364E+5	3.08291008E+1	-2.11710898E-9	3.03486974E+1	3.81832417E+0	3.05879560E+1	1.25157464E-1
3.28966612E+5	3.08476223E+1	-2.37554756E-9	3.01557812E+1	4.56759555E+0	3.04997401E+1	1.50324025E-1
3.52740116E+5	3.09150726E+1	-2.60685613E-9	2.99592539E+1	5.35121973E+0	3.04334111E+1	1.76752662E-1
3.78231664E+5	3.10342866E+1	-2.81183330E-9	2.97546300E+1	6.17054603E+0	3.03877231E+1	2.04482535E-1
4.05565415E+5	3.12072800E+1	-2.99410441E-9	2.95329739E+1	7.03186777E+0	3.03585866E+1	2.33749842E-1
4.34874501E+5	3.14547317E+1	-3.14998570E-9	2.93066847E+1	7.93423525E+0	3.03617177E+1	2.64393260E-1
4.66301673E+5	3.17829695E+1	-3.28420992E-9	2.90645958E+1	8.88866377E+0	3.03934064E+1	2.96791715E-1
NaN	NaN	NaN	NaN	NaN	NaN	NaN
