Start time:20240909_02-27-02	sweep/start:500.000	sweep/stop:500000.000	sweep/samplecount:100.000	sweep/xmapping:1.000	sweep/scan:0.000	sweep/averaging/sample:10.000	sweep/settling/time:0.100	sweep/settling/inaccuracy:0.010	sweep/awgcontrol:0.000	sweep/averaging/time:0.100	sweep/averaging/tc:15.000	sweep/bandwidthcontrol:2.000	sweep/sincfilter:0.000	sweep/omegasuppression:80.000	sweep/maxbandwidth:100.000	sweep/bandwidth:1250000.000	sweep/order:8.000	sweep/bandwidthoverlap:1.000																				
Frequency	Param0		Param1		RealZ		ImagZ		AbsZ		PhaseZ		
5.00000000E+2	1.27254033E+3	8.34348174E-7	1.04943498E+2	-3.50045216E+2	3.65437812E+2	-1.27952318E+0
5.36133611E+2	1.14565654E+3	8.22312354E-7	1.03479273E+2	-3.28395674E+2	3.44313347E+2	-1.26553956E+0
5.74878498E+2	1.03303130E+3	8.09493767E-7	1.02041999E+2	-3.08220659E+2	3.24672985E+2	-1.25108594E+0
6.16423370E+2	9.32936075E+2	7.95963641E-7	1.00619149E+2	-2.89390744E+2	3.06384101E+2	-1.23617817E+0
6.60970574E+2	8.43915223E+2	7.81568019E-7	9.92450465E+1	-2.71854394E+2	2.89403512E+2	-1.22076242E+0
7.08737081E+2	7.64878071E+2	7.66461163E-7	9.78674049E+1	-2.55496750E+2	2.73599378E+2	-1.20498900E+0
7.59955541E+2	6.94674867E+2	7.50565818E-7	9.65046012E+1	-2.40262719E+2	2.58919512E+2	-1.18885731E+0
8.14875417E+2	6.32488026E+2	7.33994879E-7	9.51138922E+1	-2.26079054E+2	2.45272078E+2	-1.17256430E+0
8.73764200E+2	5.77008058E+2	7.16691516E-7	9.37556697E+1	-2.12855923E+2	2.32589275E+2	-1.15589960E+0
9.36908711E+2	5.27641208E+2	6.98863230E-7	9.23722739E+1	-2.00516269E+2	2.20770044E+2	-1.13910291E+0
1.00461650E+3	4.83672340E+2	6.80442151E-7	9.09904186E+1	-1.89024574E+2	2.09784523E+2	-1.12216495E+0
1.07721735E+3	4.44542534E+2	6.61576592E-7	8.95829924E+1	-1.78320879E+2	1.99558134E+2	-1.10525481E+0
1.15506485E+3	4.09460805E+2	6.42341414E-7	8.81777240E+1	-1.68315204E+2	1.90013998E+2	-1.08822421E+0
1.23853818E+3	3.78092399E+2	6.22826280E-7	8.67539935E+1	-1.58980400E+2	1.81110529E+2	-1.07126826E+0
1.32804389E+3	3.50028990E+2	6.03111125E-7	8.53096834E+1	-1.50276803E+2	1.72802952E+2	-1.05447786E+0
1.42401793E+3	3.24773502E+2	5.83297485E-7	8.38563130E+1	-1.42135241E+2	1.65028204E+2	-1.03778038E+0
1.52692775E+3	3.02036104E+2	5.63445065E-7	8.23943346E+1	-1.34525970E+2	1.57753172E+2	-1.02125157E+0
1.63727458E+3	2.81483607E+2	5.43651012E-7	8.09262234E+1	-1.27398394E+2	1.50928475E+2	-1.00488033E+0
1.75559587E+3	2.62920427E+2	5.24031362E-7	7.94372500E+1	-1.20728615E+2	1.44518772E+2	-9.88830340E-1
1.88246790E+3	2.46056941E+2	5.04564110E-7	7.79562152E+1	-1.14474871E+2	1.38497898E+2	-9.72943171E-1
2.01850863E+3	2.30723854E+2	4.85398902E-7	7.64631026E+1	-1.08605964E+2	1.32822670E+2	-9.57363114E-1
2.16438064E+3	2.16734496E+2	4.66525952E-7	7.49751104E+1	-1.03094254E+2	1.27474282E+2	-9.42016085E-1
2.32079442E+3	2.03918903E+2	4.48037594E-7	7.34866051E+1	-9.79031485E+1	1.22414491E+2	-9.26908048E-1
2.48851178E+3	1.92158601E+2	4.29901499E-7	7.20130269E+1	-9.30163761E+1	1.17634699E+2	-9.11987949E-1
2.66834962E+3	1.81344899E+2	4.12174897E-7	7.05503757E+1	-8.84115101E+1	1.13110347E+2	-8.97289972E-1
2.86118383E+3	1.71368977E+2	3.94886388E-7	6.91005570E+1	-8.40642881E+1	1.08819537E+2	-8.82786005E-1
3.06795364E+3	1.62145792E+2	3.78018648E-7	6.76726542E+1	-7.99577883E+1	1.04751306E+2	-8.68422327E-1
3.28966612E+3	1.53602651E+2	3.61581932E-7	6.62687358E+1	-7.60756732E+1	1.00891295E+2	-8.54185304E-1
3.52740116E+3	1.45665680E+2	3.45605613E-7	6.48864663E+1	-7.23980498E+1	9.72200142E+1	-8.40059105E-1
3.78231664E+3	1.38287101E+2	3.30072479E-7	6.35312747E+1	-6.89154037E+1	9.37312956E+1	-8.26027089E-1
4.05565415E+3	1.31417923E+2	3.14973369E-7	6.22067703E+1	-6.56155639E+1	9.04161739E+1	-8.12060060E-1
4.34874501E+3	1.25003564E+2	3.00270734E-7	6.09220375E+1	-6.24818140E+1	8.72666704E+1	-7.98037098E-1
4.66301673E+3	1.19021508E+2	2.86012861E-7	5.96672600E+1	-5.95105472E+1	8.42715088E+1	-7.84083212E-1
5.00000000E+3	1.13437125E+2	2.72174612E-7	5.84481153E+1	-5.66921855E+1	8.14259548E+1	-7.70148999E-1
5.36133611E+3	1.08211196E+2	2.58749121E-7	5.72659020E+1	-5.40132222E+1	7.87198306E+1	-7.56176565E-1
5.74878498E+3	1.03316921E+2	2.45741069E-7	5.61191581E+1	-5.14655095E+1	7.61449841E+1	-7.42169425E-1
6.16423370E+3	9.87420460E+1	2.33136200E-7	5.50109289E+1	-4.90478271E+1	7.37013681E+1	-7.28155627E-1
6.60970574E+3	9.44535279E+1	2.20948930E-7	5.39370678E+1	-4.67476099E+1	7.13760907E+1	-7.14113473E-1
7.08737081E+3	9.04389941E+1	2.09153705E-7	5.29027471E+1	-4.45619855E+1	6.91698722E+1	-7.00028929E-1
7.59955541E+3	8.66659560E+1	1.97799374E-7	5.18953892E+1	-4.24786073E+1	6.70638763E+1	-6.85945820E-1
8.14875417E+3	8.31339416E+1	1.86831565E-7	5.09270893E+1	-4.04993974E+1	6.50674239E+1	-6.71833427E-1
8.73764200E+3	7.98168280E+1	1.76274683E-7	4.99902964E+1	-3.86139501E+1	6.31669762E+1	-6.57701764E-1
9.36908711E+3	7.67082974E+1	1.66111966E-7	4.90884964E+1	-3.68213861E+1	6.13636291E+1	-6.43566474E-1
1.00461650E+4	7.37907629E+1	1.56345317E-7	4.82193217E+1	-3.51146340E+1	5.96501511E+1	-6.29420449E-1
1.07721735E+4	7.10462149E+1	1.46976517E-7	4.73796198E+1	-3.34860309E+1	5.80184682E+1	-6.15248634E-1
1.15506485E+4	6.84667650E+1	1.37992804E-7	4.65709858E+1	-3.19328669E+1	5.64673776E+1	-6.01051507E-1
1.23853818E+4	6.60416611E+1	1.29396194E-7	4.57910505E+1	-3.04515470E+1	5.49919724E+1	-5.86855417E-1
1.32804389E+4	6.37588342E+1	1.21181237E-7	4.50383046E+1	-2.90368886E+1	5.35872167E+1	-5.72651237E-1
1.42401793E+4	6.16075329E+1	1.13337605E-7	4.43121788E+1	-2.76838366E+1	5.22490575E+1	-5.58416320E-1
1.52692775E+4	5.95858222E+1	1.05860220E-7	4.36134712E+1	-2.63933633E+1	5.09778827E+1	-5.44208923E-1
1.63727458E+4	5.76835976E+1	9.87310262E-8	4.29432011E+1	-2.51594870E+1	4.97706573E+1	-5.29971138E-1
1.75559587E+4	5.58875226E+1	9.19531662E-8	4.22959261E+1	-2.39764286E+1	4.86190757E+1	-5.15705357E-1
1.88246790E+4	5.41940467E+1	8.55102277E-8	4.16737020E+1	-2.28422651E+1	4.75233263E+1	-5.01400080E-1
2.01850863E+4	5.26002457E+1	7.93872396E-8	4.10786198E+1	-2.17552858E+1	4.64838197E+1	-4.87047173E-1
2.16438064E+4	5.10980921E+1	7.35816667E-8	4.05076773E+1	-2.07121482E+1	4.54957692E+1	-4.72657902E-1
2.32079442E+4	4.96767887E+1	6.80972209E-8	3.99545704E+1	-1.97090596E+1	4.45512598E+1	-4.58262588E-1
2.48851178E+4	4.83392819E+1	6.29045155E-8	3.94268654E+1	-1.87453618E+1	4.36562292E+1	-4.43812508E-1
2.66834962E+4	4.70830330E+1	5.79992907E-8	3.89240276E+1	-1.78208114E+1	4.28095932E+1	-4.29351003E-1
2.86118383E+4	4.58968405E+1	5.33802755E-8	3.84398989E+1	-1.69305655E+1	4.20032130E+1	-4.14877549E-1
3.06795364E+4	4.47816835E+1	4.90235147E-8	3.79799251E+1	-1.60726549E+1	4.12408169E+1	-4.00335008E-1
3.28966612E+4	4.37316516E+1	4.49380899E-8	3.75378930E+1	-1.52479715E+1	4.05165899E+1	-3.85841565E-1
3.52740116E+4	4.27441815E+1	4.10969878E-8	3.71178393E+1	-1.44512164E+1	3.98317921E+1	-3.71277389E-1
3.78231664E+4	4.18141011E+1	3.74948681E-8	3.67169108E+1	-1.36803899E+1	3.91827082E+1	-3.56656986E-1
4.05565415E+4	4.09426463E+1	3.41378166E-8	3.63335788E+1	-1.29407846E+1	3.85693254E+1	-3.42157298E-1
4.34874501E+4	4.01225392E+1	3.09987056E-8	3.59684715E+1	-1.22235614E+1	3.79887669E+1	-3.27595978E-1
4.66301673E+4	3.93538736E+1	2.80696820E-8	3.56225049E+1	-1.15291233E+1	3.74417354E+1	-3.13007829E-1
5.00000000E+4	3.86303871E+1	2.53536284E-8	3.52893464E+1	-1.08583208E+1	3.69220952E+1	-2.98500493E-1
5.36133611E+4	3.79534762E+1	2.28264558E-8	3.49746869E+1	-1.02069687E+1	3.64336513E+1	-2.83952687E-1
5.74878498E+4	3.73196818E+1	2.04850355E-8	3.46755416E+1	-9.57533195E+0	3.59733259E+1	-2.69426497E-1
6.16423370E+4	3.67232930E+1	1.83189149E-8	3.43886735E+1	-8.96015950E+0	3.55368166E+1	-2.54888356E-1
6.60970574E+4	3.61649383E+1	1.63197394E-8	3.41153094E+1	-8.36204027E+0	3.51251770E+1	-2.40372059E-1
7.08737081E+4	3.56428689E+1	1.44758853E-8	3.38555754E+1	-7.77880718E+0	3.47377293E+1	-2.25844648E-1
7.59955541E+4	3.51537709E+1	1.27782218E-8	3.36075970E+1	-7.20854892E+0	3.43719910E+1	-2.11290220E-1
8.14875417E+4	3.46942267E+1	1.12195828E-8	3.33688148E+1	-6.65036957E+0	3.40250676E+1	-1.96721378E-1
8.73764200E+4	3.42637754E+1	9.78749066E-9	3.31404140E+1	-6.10152820E+0	3.36974139E+1	-1.82072440E-1
9.36908711E+4	3.38615635E+1	8.47553247E-9	3.29218687E+1	-5.56205934E+0	3.33884104E+1	-1.67366805E-1
1.00461650E+5	3.34855387E+1	7.27376024E-9	3.27123163E+1	-5.02930240E+0	3.30966695E+1	-1.52548938E-1
1.07721735E+5	3.31307719E+1	6.17216555E-9	3.25080477E+1	-4.49928188E+0	3.28179328E+1	-1.37531430E-1
1.15506485E+5	3.28017707E+1	5.16690988E-9	3.23128879E+1	-3.97457028E+0	3.25564117E+1	-1.22387875E-1
1.23853818E+5	3.24930833E+1	4.24681439E-9	3.21226597E+1	-3.44949059E+0	3.23073406E+1	-1.06975024E-1
1.32804389E+5	3.22039735E+1	3.40620297E-9	3.19363994E+1	-2.92319723E+0	3.20699073E+1	-9.12774904E-2
1.42401793E+5	3.19405695E+1	2.64237984E-9	3.17594603E+1	-2.39831567E+0	3.18498862E+1	-7.53719476E-2
1.52692775E+5	3.16937005E+1	1.94321637E-9	3.15834336E+1	-1.86617258E+0	3.16385190E+1	-5.90184516E-2
1.63727458E+5	3.14679022E+1	1.30555741E-9	3.14117942E+1	-1.32757126E+0	3.14398357E+1	-4.22383305E-2
1.75559587E+5	3.12627780E+1	7.24175158E-10	3.12432925E+1	-7.80247477E-1	3.12530337E+1	-2.49680906E-2
1.88246790E+5	3.10713776E+1	1.96939755E-10	3.10602127E+1	-2.24911372E-1	3.10657941E+1	-7.23816335E-3
2.01850863E+5	3.09168849E+1	-2.89186855E-10	3.09129098E+1	3.50529421E-1	3.09148973E+1	1.13387729E-2
2.16438064E+5	3.07775080E+1	-7.27275167E-10	3.07490157E+1	9.36002306E-1	3.07632585E+1	3.04306776E-2
2.32079442E+5	3.06619562E+1	-1.12734269E-9	3.05842518E+1	1.54159479E+0	3.06230794E+1	5.03622317E-2
2.48851178E+5	3.05735649E+1	-1.49013664E-9	3.04192057E+1	2.16690369E+0	3.04962877E+1	7.11145974E-2
2.66834962E+5	3.05152376E+1	-1.81896822E-9	3.02532338E+1	2.81537270E+0	3.03839532E+1	9.27930036E-2
2.86118383E+5	3.04882377E+1	-2.11651813E-9	3.00833941E+1	3.48984987E+0	3.02851394E+1	1.15489643E-1
3.06795364E+5	3.04965240E+1	-2.38422318E-9	2.99089621E+1	4.19205753E+0	3.02013142E+1	1.39253434E-1
3.28966612E+5	3.05477134E+1	-2.62711195E-9	2.97296794E+1	4.93149786E+0	3.01359208E+1	1.64381222E-1
3.52740116E+5	3.06415238E+1	-2.83949176E-9	2.95429572E+1	5.69691256E+0	3.00872269E+1	1.90496631E-1
3.78231664E+5	3.07935538E+1	-3.02738637E-9	2.93528260E+1	6.50301716E+0	3.00645608E+1	2.18025062E-1
4.05565415E+5	3.10023897E+1	-3.19135450E-9	2.91494847E+1	7.34922981E+0	3.00616646E+1	2.46974953E-1
4.34874501E+5	3.12779165E+1	-3.33567446E-9	2.89270151E+1	8.24648533E+0	3.00795073E+1	2.77712245E-1
4.66301673E+5	3.16369607E+1	-3.45348944E-9	2.86964182E+1	9.18602183E+0	3.01308388E+1	3.09803057E-1
NaN	NaN	NaN	NaN	NaN	NaN	NaN
