Start time:20240905_10-23-06	sweep/start:500.000	sweep/stop:500000.000	sweep/samplecount:100.000	sweep/xmapping:1.000	sweep/scan:0.000	sweep/averaging/sample:10.000	sweep/settling/time:0.100	sweep/settling/inaccuracy:0.010	sweep/awgcontrol:0.000	sweep/averaging/time:0.100	sweep/averaging/tc:15.000	sweep/bandwidthcontrol:2.000	sweep/sincfilter:0.000	sweep/omegasuppression:80.000	sweep/maxbandwidth:100.000	sweep/bandwidth:1250000.000	sweep/order:8.000	sweep/bandwidthoverlap:1.000																				
Frequency	Param0		Param1		RealZ		ImagZ		AbsZ		PhaseZ		
5.00000000E+2	1.23459679E+3	7.24715685E-7	1.38702249E+2	-3.89875613E+2	4.13813137E+2	-1.22899912E+0
5.36133611E+2	1.11626561E+3	7.11837418E-7	1.36717280E+2	-3.65952399E+2	3.90656852E+2	-1.21325970E+0
5.74878498E+2	1.01069491E+3	6.98257726E-7	1.34794257E+2	-3.43607848E+2	3.69101406E+2	-1.19695328E+0
6.16423370E+2	9.16333017E+2	6.83846641E-7	1.32987648E+2	-3.22761888E+2	3.49085883E+2	-1.17996229E+0
6.60970574E+2	8.32610948E+2	6.68647172E-7	1.31209303E+2	-3.03365128E+2	3.30524258E+2	-1.16257951E+0
7.08737081E+2	7.57742375E+2	6.52766977E-7	1.29492081E+2	-2.85225209E+2	3.13243710E+2	-1.14462145E+0
7.59955541E+2	6.91304416E+2	6.36096753E-7	1.27810884E+2	-2.68366534E+2	2.97247743E+2	-1.12632458E+0
8.14875417E+2	6.32188862E+2	6.18737039E-7	1.26161292E+2	-2.52667934E+2	2.82414160E+2	-1.10769559E+0
8.73764200E+2	5.79382462E+2	6.00691680E-7	1.24578279E+2	-2.38030917E+2	2.68660504E+2	-1.08862786E+0
9.36908711E+2	5.32510014E+2	5.82097346E-7	1.22990931E+2	-2.24426213E+2	2.55917753E+2	-1.06947154E+0
1.00461650E+3	4.90583149E+2	5.63082606E-7	1.21419642E+2	-2.11716079E+2	2.44062345E+2	-1.05008839E+0
1.07721735E+3	4.53337230E+2	5.43564837E-7	1.19876249E+2	-1.99935110E+2	2.33118777E+2	-1.03068881E+0
1.15506485E+3	4.20086092E+2	5.23752523E-7	1.18341716E+2	-1.88968108E+2	2.22965710E+2	-1.01129697E+0
1.23853818E+3	3.90454381E+2	5.03766275E-7	1.16796656E+2	-1.78780047E+2	2.13550380E+2	-9.92106111E-1
1.32804389E+3	3.64007816E+2	4.83715894E-7	1.15240766E+2	-1.69316579E+2	2.04813424E+2	-9.73193749E-1
1.42401793E+3	3.40381896E+2	4.63707544E-7	1.13672889E+2	-1.60532446E+2	1.96703311E+2	-9.54655345E-1
1.52692775E+3	3.19223934E+2	4.43850404E-7	1.12093943E+2	-1.52374592E+2	1.89164132E+2	-9.36544463E-1
1.63727458E+3	3.00266663E+2	4.24295627E-7	1.10484488E+2	-1.44803265E+2	1.82139529E+2	-9.19028764E-1
1.75559587E+3	2.83227018E+2	4.05148576E-7	1.08842900E+2	-1.37769636E+2	1.75576905E+2	-9.02160917E-1
1.88246790E+3	2.67896314E+2	3.86471255E-7	1.07174588E+2	-1.31245131E+2	1.69445203E+2	-8.86015922E-1
2.01850863E+3	2.54083339E+2	3.68407108E-7	1.05455727E+2	-1.25194378E+2	1.63690387E+2	-8.70768495E-1
2.16438064E+3	2.41534178E+2	3.50959768E-7	1.03710804E+2	-1.19556566E+2	1.58270982E+2	-8.56251492E-1
2.32079442E+3	2.30148574E+2	3.34246694E-7	1.01912350E+2	-1.14319089E+2	1.53150193E+2	-8.42712448E-1
2.48851178E+3	2.19759845E+2	3.18317709E-7	1.00056947E+2	-1.09439966E+2	1.48285194E+2	-8.30156591E-1
2.66834962E+3	2.10256632E+2	3.03115322E-7	9.81717642E+1	-1.04897898E+2	1.43670680E+2	-8.18508355E-1
2.86118383E+3	2.01492544E+2	2.88727971E-7	9.62319023E+1	-1.00645076E+2	1.39248018E+2	-8.07810304E-1
3.06795364E+3	1.93367299E+2	2.75112767E-7	9.42525835E+1	-9.66530793E+1	1.35001361E+2	-7.97971752E-1
3.28966612E+3	1.85807299E+2	2.62263063E-7	9.22337555E+1	-9.29012328E+1	1.30911057E+2	-7.89003503E-1
3.52740116E+3	1.78734405E+2	2.50159264E-7	9.01780448E+1	-8.93635228E+1	1.26956367E+2	-7.80861518E-1
3.78231664E+3	1.72068890E+2	2.38782582E-7	8.80858440E+1	-8.60099841E+1	1.23113092E+2	-7.73475067E-1
4.05565415E+3	1.65767002E+2	2.28078465E-7	8.59693667E+1	-8.28260346E+1	1.19377067E+2	-7.66778172E-1
4.34874501E+3	1.59753262E+2	2.17988185E-7	8.38412269E+1	-7.97781800E+1	1.15732059E+2	-7.60570960E-1
4.66301673E+3	1.54013692E+2	2.08460301E-7	8.17123138E+1	-7.68629482E+1	1.12182062E+2	-7.54826846E-1
5.00000000E+3	1.48508676E+2	1.99489186E-7	7.95760779E+1	-7.40633895E+1	1.08709420E+2	-7.49532871E-1
5.36133611E+3	1.43199068E+2	1.90992145E-7	7.74541743E+1	-7.13597674E+1	1.05315552E+2	-7.44467837E-1
5.74878498E+3	1.38061750E+2	1.82929281E-7	7.53531991E+1	-6.87407439E+1	1.01997032E+2	-7.39540445E-1
6.16423370E+3	1.33079662E+2	1.75259176E-7	7.32807906E+1	-6.61974962E+1	9.87531408E+1	-7.34657544E-1
6.60970574E+3	1.28252506E+2	1.67954909E-7	7.12403727E+1	-6.37304130E+1	9.55863813E+1	-7.29814107E-1
7.08737081E+3	1.23558583E+2	1.60965749E-7	6.92434017E+1	-6.13267301E+1	9.24965758E+1	-7.24840732E-1
7.59955541E+3	1.18993438E+2	1.54251256E-7	6.72987073E+1	-5.89829507E+1	8.94880132E+1	-7.19642234E-1
8.14875417E+3	1.14562354E+2	1.47783320E-7	6.54115063E+1	-5.67012424E+1	8.65661371E+1	-7.14189085E-1
8.73764200E+3	1.10264230E+2	1.41532110E-7	6.35875732E+1	-5.44798615E+1	8.37343108E+1	-7.08410715E-1
9.36908711E+3	1.06080684E+2	1.35496714E-7	6.18202778E+1	-5.23086086E+1	8.09810924E+1	-7.02248850E-1
1.00461650E+4	1.02030816E+2	1.29632649E-7	6.01231435E+1	-5.01958261E+1	7.83224959E+1	-6.95652487E-1
1.07721735E+4	9.81149516E+1	1.23928610E-7	5.84958287E+1	-4.81409742E+1	7.57582694E+1	-6.88597705E-1
1.15506485E+4	9.43220219E+1	1.18379219E-7	5.69345808E+1	-4.61371680E+1	7.32815446E+1	-6.81022575E-1
1.23853818E+4	9.06647669E+1	1.12970374E-7	5.54419912E+1	-4.41907319E+1	7.08987672E+1	-6.72947215E-1
1.32804389E+4	8.71401674E+1	1.07693797E-7	5.40169360E+1	-4.22991186E+1	6.86079065E+1	-6.64333061E-1
1.42401793E+4	8.37500870E+1	1.02538174E-7	5.26603931E+1	-4.04622723E+1	6.64101837E+1	-6.55149915E-1
1.52692775E+4	8.04974829E+1	9.75079400E-8	5.13679501E+1	-3.86823519E+1	6.43038931E+1	-6.45446737E-1
1.63727458E+4	7.73797152E+1	9.25843278E-8	5.01435050E+1	-3.69556356E+1	6.22903695E+1	-6.35127412E-1
1.75559587E+4	7.44010839E+1	8.77790186E-8	4.89810204E+1	-3.52859830E+1	6.03675491E+1	-6.24287191E-1
1.88246790E+4	7.15560498E+1	8.30852826E-8	4.78799740E+1	-3.36691231E+1	5.85329120E+1	-6.12869347E-1
2.01850863E+4	6.88450282E+1	7.85117952E-8	4.68354870E+1	-3.21065031E+1	5.67837160E+1	-6.00939268E-1
2.16438064E+4	6.62644169E+1	7.40482753E-8	4.58493483E+1	-3.05944042E+1	5.51196909E+1	-5.88427871E-1
2.32079442E+4	6.38158190E+1	6.97087761E-8	4.49157511E+1	-2.91360722E+1	5.35381680E+1	-5.75448641E-1
2.48851178E+4	6.14918450E+1	6.54824446E-8	4.40362606E+1	-2.77250540E+1	5.20372069E+1	-5.61897489E-1
2.66834962E+4	5.92913904E+1	6.13859720E-8	4.32038619E+1	-2.63636743E+1	5.06124198E+1	-5.47897192E-1
2.86118383E+4	5.72175507E+1	5.74165404E-8	4.24208927E+1	-2.50536908E+1	4.92668202E+1	-5.33477518E-1
3.06795364E+4	5.52575438E+1	5.35752268E-8	4.16829471E+1	-2.37871641E+1	4.79926793E+1	-5.18573296E-1
3.28966612E+4	5.34147124E+1	4.98738401E-8	4.09873133E+1	-2.25691312E+1	4.67902292E+1	-5.03332139E-1
3.52740116E+4	5.16829481E+1	4.63080374E-8	4.03341543E+1	-2.13949522E+1	4.56572886E+1	-4.87704029E-1
3.78231664E+4	5.00521954E+1	4.28889028E-8	3.97156896E+1	-2.02613288E+1	4.45853951E+1	-4.71741985E-1
4.05565415E+4	4.85259788E+1	3.96135124E-8	3.91354992E+1	-1.91703177E+1	4.35785314E+1	-4.55490430E-1
4.34874501E+4	4.70992984E+1	3.64838853E-8	3.85916099E+1	-1.81197510E+1	4.26337630E+1	-4.38972297E-1
4.66301673E+4	4.57624508E+1	3.35046118E-8	3.80782544E+1	-1.71055774E+1	4.17439126E+1	-4.22206485E-1
5.00000000E+4	4.45132192E+1	3.06793077E-8	3.75935919E+1	-1.61286587E+1	4.09073563E+1	-4.05276439E-1
5.36133611E+4	4.33476597E+1	2.79964427E-8	3.71405287E+1	-1.51834158E+1	4.01242445E+1	-3.88077973E-1
5.74878498E+4	4.22617924E+1	2.54687599E-8	3.67125038E+1	-1.42733412E+1	3.93895445E+1	-3.70802711E-1
6.16423370E+4	4.12494882E+1	2.30883889E-8	3.63091326E+1	-1.33932825E+1	3.87005573E+1	-3.53383992E-1
6.60970574E+4	4.03075378E+1	2.08537712E-8	3.59291637E+1	-1.25423805E+1	3.80554348E+1	-3.35860644E-1
7.08737081E+4	3.94335786E+1	1.87596137E-8	3.55731738E+1	-1.17186536E+1	3.74536720E+1	-3.18227947E-1
7.59955541E+4	3.86186179E+1	1.68066373E-8	3.52344013E+1	-1.09197452E+1	3.68877199E+1	-3.00530080E-1
8.14875417E+4	3.78629419E+1	1.49865996E-8	3.49158121E+1	-1.01440338E+1	3.63595292E+1	-2.82744730E-1
8.73764200E+4	3.71590070E+1	1.32958873E-8	3.46125043E+1	-9.38833461E+0	3.58631606E+1	-2.64868267E-1
9.36908711E+4	3.65081355E+1	1.17297427E-8	3.43266985E+1	-8.65341078E+0	3.54006180E+1	-2.46944570E-1
1.00461650E+5	3.59032042E+1	1.02780279E-8	3.40554951E+1	-7.93250531E+0	3.49671474E+1	-2.28848245E-1
1.07721735E+5	3.53432790E+1	8.94124570E-9	3.37971141E+1	-7.22882448E+0	3.45615514E+1	-2.10713824E-1
1.15506485E+5	3.48254040E+1	7.70771286E-9	3.35520900E+1	-6.53623273E+0	3.41828186E+1	-1.92398796E-1
1.23853818E+5	3.43463218E+1	6.57482035E-9	3.33174100E+1	-5.85496936E+0	3.38279542E+1	-1.73956823E-1
1.32804389E+5	3.39012863E+1	5.53469296E-9	3.30901249E+1	-5.18084326E+0	3.34932499E+1	-1.55306783E-1
1.42401793E+5	3.34950582E+1	4.58119541E-9	3.28753596E+1	-4.51362419E+0	3.31837624E+1	-1.36442010E-1
1.52692775E+5	3.31204239E+1	3.70686413E-9	3.26671989E+1	-3.84780281E+0	3.28930308E+1	-1.17247723E-1
1.63727458E+5	3.27780166E+1	2.90908326E-9	3.24656213E+1	-3.18466625E+0	3.26214450E+1	-9.77806693E-2
1.75559587E+5	3.24687615E+1	2.18099185E-9	3.22718491E+1	-2.52085590E+0	3.23701556E+1	-7.79548598E-2
1.88246790E+5	3.22085103E+1	1.53371877E-9	3.20937504E+1	-1.87486569E+0	3.21510703E+1	-5.83523132E-2
2.01850863E+5	3.19379196E+1	9.09020701E-10	3.18946780E+1	-1.17438121E+0	3.19162915E+1	-3.68039745E-2
2.16438064E+5	3.17184422E+1	3.58242540E-10	3.17108697E+1	-4.90016526E-1	3.17146557E+1	-1.54514051E-2
2.32079442E+5	3.15314478E+1	-1.42568071E-10	3.15300926E+1	2.06684525E-1	3.15307702E+1	6.55505738E-3
2.48851178E+5	3.13766375E+1	-5.97401330E-10	3.13497084E+1	9.18809659E-1	3.13631700E+1	2.93000117E-2
2.66834962E+5	3.12565099E+1	-1.01010289E-9	3.11691745E+1	1.64988526E+0	3.12128116E+1	5.28838930E-2
2.86118383E+5	3.11726991E+1	-1.38094752E-9	3.09871166E+1	2.39805069E+0	3.10797693E+1	7.72346965E-2
3.06795364E+5	3.11275403E+1	-1.71609565E-9	3.08009563E+1	3.17160557E+0	3.09638177E+1	1.02609370E-1
3.28966612E+5	3.11280971E+1	-2.01724743E-9	3.06124096E+1	3.97320363E+0	3.08691765E+1	1.29069112E-1
3.52740116E+5	3.11741245E+1	-2.28644424E-9	3.04150764E+1	4.80483508E+0	3.07922617E+1	1.56680617E-1
3.78231664E+5	3.12775687E+1	-2.52422797E-9	3.02139000E+1	5.66899542E+0	3.07411342E+1	1.85472289E-1
4.05565415E+5	3.14340231E+1	-2.73634655E-9	2.99930846E+1	6.57404849E+0	3.07051023E+1	2.15773263E-1
4.34874501E+5	3.16690165E+1	-2.91877592E-9	2.97699643E+1	7.51895506E+0	3.07048122E+1	2.47394589E-1
4.66301673E+5	3.19842109E+1	-3.07388706E-9	2.95336883E+1	8.50722767E+0	3.07345361E+1	2.80459283E-1
NaN	NaN	NaN	NaN	NaN	NaN	NaN
