Start time:20240907_09-19-16	sweep/start:500.000	sweep/stop:500000.000	sweep/samplecount:100.000	sweep/xmapping:1.000	sweep/scan:0.000	sweep/averaging/sample:10.000	sweep/settling/time:0.100	sweep/settling/inaccuracy:0.010	sweep/awgcontrol:0.000	sweep/averaging/time:0.100	sweep/averaging/tc:15.000	sweep/bandwidthcontrol:2.000	sweep/sincfilter:0.000	sweep/omegasuppression:80.000	sweep/maxbandwidth:100.000	sweep/bandwidth:1250000.000	sweep/order:8.000	sweep/bandwidthoverlap:1.000																				
Frequency	Param0		Param1		RealZ		ImagZ		AbsZ		PhaseZ		
5.00000000E+2	1.07966003E+3	7.67270348E-7	1.38901684E+2	-3.61487070E+2	3.87255190E+2	-1.20394016E+0
5.36133611E+2	9.81484558E+2	7.51257682E-7	1.36897067E+2	-3.40031636E+2	3.66554669E+2	-1.18804974E+0
5.74878498E+2	8.94227004E+2	7.34445175E-7	1.34923954E+2	-3.20075182E+2	3.47350835E+2	-1.17186140E+0
6.16423370E+2	8.16261454E+2	7.16872347E-7	1.33019279E+2	-3.01470322E+2	3.29512501E+2	-1.15525518E+0
6.60970574E+2	7.47095845E+2	6.98734327E-7	1.31068727E+2	-2.84151162E+2	3.12923146E+2	-1.13861476E+0
7.08737081E+2	6.85531095E+2	6.80087148E-7	1.29093169E+2	-2.68015531E+2	2.97485080E+2	-1.12192562E+0
7.59955541E+2	6.30850582E+2	6.60926166E-7	1.27094167E+2	-2.53030612E+2	2.83156176E+2	-1.10532023E+0
8.14875417E+2	5.81874380E+2	6.41261216E-7	1.25139325E+2	-2.39072179E+2	2.69843213E+2	-1.08857508E+0
8.73764200E+2	5.38156960E+2	6.21509519E-7	1.23097368E+2	-2.26037027E+2	2.57382402E+2	-1.07211663E+0
9.36908711E+2	4.99045694E+2	6.01483968E-7	1.21058246E+2	-2.13912341E+2	2.45791763E+2	-1.05580923E+0
1.00461650E+3	4.63975724E+2	5.81411904E-7	1.18984289E+2	-2.02604433E+2	2.34959185E+2	-1.03978683E+0
1.07721735E+3	4.32459507E+2	5.61467027E-7	1.16853055E+2	-1.92040552E+2	2.24798157E+2	-1.02416402E+0
1.15506485E+3	4.04050831E+2	5.41605323E-7	1.14709647E+2	-1.82181838E+2	2.15287078E+2	-1.00886469E+0
1.23853818E+3	3.78424926E+2	5.21944322E-7	1.12540083E+2	-1.72981790E+2	2.06368532E+2	-9.94007024E-1
1.32804389E+3	3.55239535E+2	5.02585799E-7	1.10341294E+2	-1.64384877E+2	1.97983811E+2	-9.79635975E-1
1.42401793E+3	3.34166417E+2	4.83616018E-7	1.08115619E+2	-1.56331764E+2	1.90075269E+2	-9.65745058E-1
1.52692775E+3	3.14936279E+2	4.65096955E-7	1.05867086E+2	-1.48773470E+2	1.82596236E+2	-9.52327993E-1
1.63727458E+3	2.97345263E+2	4.47086832E-7	1.03594212E+2	-1.41673873E+2	1.75508540E+2	-9.39425719E-1
1.75559587E+3	2.81192942E+2	4.29580121E-7	1.01314723E+2	-1.34997446E+2	1.68786800E+2	-9.26979372E-1
1.88246790E+3	2.66316371E+2	4.12601852E-7	9.90329812E+1	-1.28711197E+2	1.62401059E+2	-9.14981768E-1
2.01850863E+3	2.52588820E+2	3.96196492E-7	9.67437086E+1	-1.22788573E+2	1.56321396E+2	-9.03484180E-1
2.16438064E+3	2.39831384E+2	3.80328641E-7	9.44697404E+1	-1.17184796E+2	1.50521787E+2	-8.92310324E-1
2.32079442E+3	2.27949288E+2	3.65032850E-7	9.22041954E+1	-1.11876122E+2	1.44975448E+2	-8.81494331E-1
2.48851178E+3	2.16880843E+2	3.50316445E-7	8.99455666E+1	-1.06851603E+2	1.39669145E+2	-8.71093663E-1
2.66834962E+3	2.06493978E+2	3.36073390E-7	8.77309731E+1	-1.02074453E+2	1.34595385E+2	-8.60824189E-1
2.86118383E+3	1.96744526E+2	3.22348103E-7	8.55451663E+1	-9.75323916E+1	1.29732583E+2	-8.50781049E-1
3.06795364E+3	1.87578314E+2	3.09103623E-7	8.33979209E+1	-9.32117373E+1	1.25074543E+2	-8.40908910E-1
3.28966612E+3	1.78947365E+2	2.96326462E-7	8.12913287E+1	-8.90987587E+1	1.20610402E+2	-8.31187052E-1
3.52740116E+3	1.70794292E+2	2.83987574E-7	7.92321184E+1	-8.51743203E+1	1.16328816E+2	-8.21525801E-1
3.78231664E+3	1.63088631E+2	2.72074551E-7	7.72205639E+1	-8.14296043E+1	1.12222083E+2	-8.11922266E-1
4.05565415E+3	1.55793123E+2	2.60543937E-7	7.52662935E+1	-7.78521409E+1	1.08286522E+2	-8.02284450E-1
4.34874501E+3	1.48881377E+2	2.49402200E-7	7.33635680E+1	-7.44328950E+1	1.04510617E+2	-7.92633169E-1
4.66301673E+3	1.42339639E+2	2.38597294E-7	7.15240779E+1	-7.11689371E+1	1.00899511E+2	-7.82909324E-1
5.00000000E+3	1.36143873E+2	2.28120125E-7	6.97469173E+1	-6.80513256E+1	9.74454485E+1	-7.73093899E-1
5.36133611E+3	1.30268210E+2	2.17999473E-7	6.80197498E+1	-6.50701513E+1	9.41318808E+1	-7.63239339E-1
5.74878498E+3	1.24691284E+2	2.08182987E-7	6.63543263E+1	-6.22166334E+1	9.09604647E+1	-7.53227094E-1
6.16423370E+3	1.19401280E+2	1.98668393E-7	6.47477559E+1	-5.94869142E+1	8.79259057E+1	-7.43077445E-1
6.60970574E+3	1.14382056E+2	1.89452537E-7	6.31973961E+1	-5.68747498E+1	8.50214565E+1	-7.32789691E-1
7.08737081E+3	1.09623298E+2	1.80530898E-7	6.17014083E+1	-5.43769075E+1	8.22430050E+1	-7.22382061E-1
7.59955541E+3	1.05107881E+2	1.71892014E-7	6.02596880E+1	-5.19859413E+1	7.95849741E+1	-7.11820147E-1
8.14875417E+3	1.00819305E+2	1.63519539E-7	5.88734887E+1	-4.96940292E+1	7.70427429E+1	-7.01048083E-1
8.73764200E+3	9.67590988E+1	1.55415750E-7	5.75403133E+1	-4.75043280E+1	7.46160093E+1	-6.90147083E-1
9.36908711E+3	9.28979556E+1	1.47575173E-7	5.62568474E+1	-4.54016872E+1	7.22920888E+1	-6.79020642E-1
1.00461650E+4	8.92369955E+1	1.39991555E-7	5.50232730E+1	-4.33883736E+1	7.00721882E+1	-6.67717578E-1
1.07721735E+4	8.57668895E+1	1.32652242E-7	5.38407677E+1	-4.14599432E+1	6.79540666E+1	-6.56208473E-1
1.15506485E+4	8.24692734E+1	1.25561945E-7	5.27037116E+1	-3.96075189E+1	6.59275116E+1	-6.44468658E-1
1.23853818E+4	7.93441346E+1	1.18712973E-7	5.16131655E+1	-3.78323020E+1	6.39937649E+1	-6.32530169E-1
1.32804389E+4	7.63730938E+1	1.12100924E-7	5.05658723E+1	-3.61242944E+1	6.21439627E+1	-6.20325620E-1
1.42401793E+4	7.35603695E+1	1.05719543E-7	4.95636342E+1	-3.44871771E+1	6.03814478E+1	-6.07912489E-1
1.52692775E+4	7.08886977E+1	9.95607696E-8	4.86042645E+1	-3.29107644E+1	5.86983218E+1	-5.95202464E-1
1.63727458E+4	6.83679420E+1	9.36265697E-8	4.76891354E+1	-3.14030950E+1	5.70999828E+1	-5.82324490E-1
1.75559587E+4	6.59745317E+1	8.79202120E-8	4.68106464E+1	-2.99511906E+1	5.55725694E+1	-5.69197651E-1
1.88246790E+4	6.37126695E+1	8.24205014E-8	4.59761146E+1	-2.85562227E+1	5.41226476E+1	-5.55797093E-1
2.01850863E+4	6.15689343E+1	7.71346224E-8	4.51789349E+1	-2.72118115E+1	5.27410548E+1	-5.42117717E-1
2.16438064E+4	5.95472065E+1	7.20666307E-8	4.44190107E+1	-2.59225665E+1	5.14298356E+1	-5.28267207E-1
2.32079442E+4	5.76400656E+1	6.72051357E-8	4.36974791E+1	-2.46831083E+1	5.01869062E+1	-5.14183016E-1
2.48851178E+4	5.58393220E+1	6.25569118E-8	4.30091858E+1	-2.34907142E+1	4.90061605E+1	-4.99904889E-1
2.66834962E+4	5.41395595E+1	5.81186935E-8	4.23529266E+1	-2.23427476E+1	4.78849537E+1	-4.85433972E-1
2.86118383E+4	5.25412886E+1	5.38807258E-8	4.17321648E+1	-2.12388353E+1	4.68258659E+1	-4.70767673E-1
3.06795364E+4	5.10417425E+1	4.98463336E-8	4.11450086E+1	-2.01792265E+1	4.58269891E+1	-4.55971747E-1
3.28966612E+4	4.96284283E+1	4.60237973E-8	4.05829259E+1	-1.91596696E+1	4.48783559E+1	-4.41089013E-1
3.52740116E+4	4.83025482E+1	4.23938266E-8	4.00526903E+1	-1.81777057E+1	4.39846223E+1	-4.26046673E-1
3.78231664E+4	4.70569299E+1	3.89667494E-8	3.95471641E+1	-1.72333957E+1	4.31389398E+1	-4.10955923E-1
4.05565415E+4	4.58906741E+1	3.57333556E-8	3.90687406E+1	-1.63255729E+1	4.23425417E+1	-3.95814225E-1
4.34874501E+4	4.47985015E+1	3.26864671E-8	3.86165688E+1	-1.54507285E+1	4.15928409E+1	-3.80597923E-1
4.66301673E+4	4.37726914E+1	2.98274879E-8	3.81850678E+1	-1.46069765E+1	4.08835320E+1	-3.65356888E-1
5.00000000E+4	4.28135028E+1	2.71509344E-8	3.77756775E+1	-1.37951894E+1	4.02157814E+1	-3.50139934E-1
5.36133611E+4	4.19139317E+1	2.46470365E-8	3.73863610E+1	-1.30103567E+1	3.95854693E+1	-3.34889660E-1
5.74878498E+4	4.10731170E+1	2.23146470E-8	3.70161751E+1	-1.22544875E+1	3.89919183E+1	-3.19701032E-1
6.16423370E+4	4.02837424E+1	2.01418254E-8	3.66629575E+1	-1.15216609E+1	3.84307316E+1	-3.04486486E-1
6.60970574E+4	3.95455271E+1	1.81251074E-8	3.63266440E+1	-1.08134737E+1	3.79019298E+1	-2.89320885E-1
7.08737081E+4	3.88515682E+1	1.62546908E-8	3.60041141E+1	-1.01252187E+1	3.74007526E+1	-2.74143299E-1
7.59955541E+4	3.82013701E+1	1.45233558E-8	3.56961311E+1	-9.45660214E+0	3.69275117E+1	-2.58970535E-1
8.14875417E+4	3.75922123E+1	1.29250602E-8	3.54013126E+1	-8.80685632E+0	3.64803188E+1	-2.43822590E-1
8.73764200E+4	3.70172467E+1	1.14455928E-8	3.51172470E+1	-8.16839958E+0	3.60547333E+1	-2.28539809E-1
9.36908711E+4	3.64805980E+1	1.00841124E-8	3.48463754E+1	-7.54630545E+0	3.56541248E+1	-2.13266055E-1
1.00461650E+5	3.59765931E+1	8.82982933E-9	3.45859835E+1	-6.93509857E+0	3.52744363E+1	-1.97893209E-1
1.07721735E+5	3.54984914E+1	7.67776466E-9	3.43302493E+1	-6.33293246E+0	3.49094838E+1	-1.82420140E-1
1.15506485E+5	3.50513797E+1	6.61776905E-9	3.40853861E+1	-5.73814047E+0	3.45650085E+1	-1.66782236E-1
1.23853818E+5	3.46315556E+1	5.64284222E-9	3.38487374E+1	-5.14756259E+0	3.42379093E+1	-1.50919126E-1
1.32804389E+5	3.42349964E+1	4.74458363E-9	3.36174179E+1	-4.55643281E+0	3.39248018E+1	-1.34716916E-1
1.42401793E+5	3.38654427E+1	3.92482845E-9	3.33931586E+1	-3.97127771E+0	3.36284716E+1	-1.18368943E-1
1.52692775E+5	3.35178731E+1	3.17116058E-9	3.31729122E+1	-3.38280248E+0	3.33449466E+1	-1.01623557E-1
1.63727458E+5	3.31952684E+1	2.47943816E-9	3.29589832E+1	-2.79064547E+0	3.30769148E+1	-8.44687833E-2
1.75559587E+5	3.28957022E+1	1.84428884E-9	3.27490310E+1	-2.19164899E+0	3.28222847E+1	-6.68229179E-2
1.88246790E+5	3.26153663E+1	1.25723169E-9	3.25308773E+1	-1.57757670E+0	3.25730848E+1	-4.84539895E-2
2.01850863E+5	3.23645370E+1	7.28000183E-10	3.23356629E+1	-9.66258221E-1	3.23500967E+1	-2.98732298E-2
2.16438064E+5	3.21358287E+1	2.38436712E-10	3.21323393E+1	-3.34825770E-1	3.21340840E+1	-1.04198295E-2
2.32079442E+5	3.19333928E+1	-2.09457850E-10	3.19303549E+1	3.11431150E-1	3.19318738E+1	9.75314092E-3
2.48851178E+5	3.17581984E+1	-6.19449897E-10	3.17281782E+1	9.75948312E-1	3.17431847E+1	3.07499723E-2
2.66834962E+5	3.16159355E+1	-9.97575899E-10	3.15277774E+1	1.66712475E+0	3.15718257E+1	5.28287510E-2
2.86118383E+5	3.14984945E+1	-1.33937232E-9	3.13183444E+1	2.37528437E+0	3.14082903E+1	7.56983005E-2
3.06795364E+5	3.14212716E+1	-1.65259291E-9	3.11095753E+1	3.11395574E+0	3.12650350E+1	9.97640659E-2
3.28966612E+5	3.13883425E+1	-1.93634681E-9	3.09006593E+1	3.88195659E+0	3.11435463E+1	1.24972318E-1
3.52740116E+5	3.13921869E+1	-2.19376592E-9	3.06775013E+1	4.68237677E+0	3.10327867E+1	1.51463328E-1
3.78231664E+5	3.14568205E+1	-2.42711701E-9	3.04542000E+1	5.52574353E+0	3.09514507E+1	1.79491576E-1
4.05565415E+5	3.15797018E+1	-2.63288228E-9	3.02229568E+1	6.40349646E+0	3.08938822E+1	2.08787554E-1
4.34874501E+5	3.17557596E+1	-2.81555453E-9	2.99671856E+1	7.32109729E+0	3.08485127E+1	2.39610393E-1
4.66301673E+5	3.20205938E+1	-2.97351828E-9	2.97086518E+1	8.28761889E+0	3.08429679E+1	2.72046964E-1
NaN	NaN	NaN	NaN	NaN	NaN	NaN
