Start time:20240908_05-40-19	sweep/start:500.000	sweep/stop:500000.000	sweep/samplecount:100.000	sweep/xmapping:1.000	sweep/scan:0.000	sweep/averaging/sample:10.000	sweep/settling/time:0.100	sweep/settling/inaccuracy:0.010	sweep/awgcontrol:0.000	sweep/averaging/time:0.100	sweep/averaging/tc:15.000	sweep/bandwidthcontrol:2.000	sweep/sincfilter:0.000	sweep/omegasuppression:80.000	sweep/maxbandwidth:100.000	sweep/bandwidth:1250000.000	sweep/order:8.000	sweep/bandwidthoverlap:1.000																				
Frequency	Param0		Param1		RealZ		ImagZ		AbsZ		PhaseZ		
5.00000000E+2	1.16165417E+3	7.99367120E-7	1.22146682E+2	-3.56331814E+2	3.76685779E+2	-1.24055980E+0
5.36133611E+2	1.05064677E+3	7.85266729E-7	1.20428990E+2	-3.34701602E+2	3.55708177E+2	-1.22540894E+0
5.74878498E+2	9.52330069E+2	7.70264585E-7	1.18737328E+2	-3.14608575E+2	3.36269402E+2	-1.20991194E+0
6.16423370E+2	8.64998475E+2	7.54485009E-7	1.17061762E+2	-2.95896569E+2	3.18210995E+2	-1.19407396E+0
6.60970574E+2	7.87169269E+2	7.38054962E-7	1.15394727E+2	-2.78422727E+2	3.01388721E+2	-1.17788801E+0
7.08737081E+2	7.17996437E+2	7.20842641E-7	1.13751582E+2	-2.62171313E+2	2.85785271E+2	-1.16142612E+0
7.59955541E+2	6.56633129E+2	7.03086483E-7	1.12061379E+2	-2.47033304E+2	2.71262248E+2	-1.14492894E+0
8.14875417E+2	6.01920882E+2	6.84770447E-7	1.10371342E+2	-2.32922676E+2	2.57749506E+2	-1.12828343E+0
8.73764200E+2	5.53251441E+2	6.65909831E-7	1.08673521E+2	-2.19804086E+2	2.45201494E+2	-1.11163003E+0
9.36908711E+2	5.09738522E+2	6.46728436E-7	1.06950624E+2	-2.07553395E+2	2.33488434E+2	-1.09499001E+0
1.00461650E+3	4.70867782E+2	6.27169553E-7	1.05226856E+2	-1.96151072E+2	2.22593654E+2	-1.07840928E+0
1.07721735E+3	4.36068797E+2	6.07496747E-7	1.03459442E+2	-1.85503570E+2	2.12403935E+2	-1.06204377E+0
1.15506485E+3	4.04851549E+2	5.87659137E-7	1.01686636E+2	-1.75578523E+2	2.02898966E+2	-1.04584738E+0
1.23853818E+3	3.76767877E+2	5.67844172E-7	9.98868971E+1	-1.66303277E+2	1.93995290E+2	-1.02991302E+0
1.32804389E+3	3.51503873E+2	5.48122988E-7	9.80582190E+1	-1.57646529E+2	1.85655172E+2	-1.01434772E+0
1.42401793E+3	3.28678932E+2	5.28604218E-7	9.62020214E+1	-1.49548479E+2	1.77818944E+2	-9.99157446E-1
1.52692775E+3	3.07964626E+2	5.09309585E-7	9.43390014E+1	-1.41962063E+2	1.70449625E+2	-9.84269763E-1
1.63727458E+3	2.89113858E+2	4.90351931E-7	9.24588730E+1	-1.34842492E+2	1.63496608E+2	-9.69745524E-1
1.75559587E+3	2.71960577E+2	4.71737406E-7	9.05712496E+1	-1.28174325E+2	1.56945242E+2	-9.55637527E-1
1.88246790E+3	2.56261368E+2	4.53577373E-7	8.86687986E+1	-1.21902548E+2	1.50739468E+2	-9.41933512E-1
2.01850863E+3	2.41869064E+2	4.35877000E-7	8.67610408E+1	-1.16005745E+2	1.44861352E+2	-9.28638671E-1
2.16438064E+3	2.28602157E+2	4.18655157E-7	8.48576135E+1	-1.10443735E+2	1.39278977E+2	-9.15664704E-1
2.32079442E+3	2.16349110E+2	4.01893457E-7	8.29701829E+1	-1.05197308E+2	1.33979569E+2	-9.02977464E-1
2.48851178E+3	2.04998145E+2	3.85664359E-7	8.10871269E+1	-1.00237658E+2	1.28929090E+2	-8.90622606E-1
2.66834962E+3	1.94447578E+2	3.69921209E-7	7.92257132E+1	-9.55433628E+1	1.24117879E+2	-8.78495182E-1
2.86118383E+3	1.84617817E+2	3.54679696E-7	7.73849783E+1	-9.10945150E+1	1.19526757E+2	-8.66591413E-1
3.06795364E+3	1.75430374E+2	3.39897239E-7	7.55780820E+1	-8.68714258E+1	1.15146390E+2	-8.54805594E-1
3.28966612E+3	1.66835492E+2	3.25586938E-7	7.38017129E+1	-8.28616444E+1	1.10962809E+2	-8.43164395E-1
3.52740116E+3	1.58779731E+2	3.11694541E-7	7.20695791E+1	-7.90516539E+1	1.06972839E+2	-8.31567142E-1
3.78231664E+3	1.51210817E+2	2.98279745E-7	7.03660492E+1	-7.54236489E+1	1.03150898E+2	-8.20075320E-1
4.05565415E+3	1.44092136E+2	2.85241109E-7	6.87151432E+1	-7.19690269E+1	9.95053353E+1	-8.08523036E-1
4.34874501E+3	1.37402455E+2	2.72635100E-7	6.71006183E+1	-6.86825786E+1	9.60197357E+1	-7.97048267E-1
4.66301673E+3	1.31100401E+2	2.60378141E-7	6.55418409E+1	-6.55501993E+1	9.26960710E+1	-7.85461923E-1
5.00000000E+3	1.25170948E+2	2.48486575E-7	6.40325908E+1	-6.25687409E+1	8.95266444E+1	-7.73836004E-1
5.36133611E+3	1.19569880E+2	2.36955162E-7	6.25717891E+1	-5.97199505E+1	8.64968283E+1	-7.62082429E-1
5.74878498E+3	1.14288423E+2	2.25798364E-7	6.11535527E+1	-5.70033863E+1	8.36010951E+1	-7.50288409E-1
6.16423370E+3	1.09313615E+2	2.14955796E-7	5.97911864E+1	-5.44151147E+1	8.08454743E+1	-7.38359549E-1
6.60970574E+3	1.04614811E+2	2.04467833E-7	5.84717490E+1	-5.19429064E+1	7.82113225E+1	-7.26336716E-1
7.08737081E+3	1.00188020E+2	1.94297851E-7	5.72030393E+1	-4.95870095E+1	7.57037597E+1	-7.14200923E-1
7.59955541E+3	9.60068972E+1	1.84461647E-7	5.59781668E+1	-4.73364015E+1	7.33095498E+1	-7.01947248E-1
8.14875417E+3	9.20608474E+1	1.74949749E-7	5.47976207E+1	-4.51877874E+1	7.10261598E+1	-6.89580125E-1
8.73764200E+3	8.83370853E+1	1.65743388E-7	5.36641292E+1	-4.31357621E+1	6.88515268E+1	-6.77059781E-1
9.36908711E+3	8.48219018E+1	1.56863158E-7	5.25702365E+1	-4.11761781E+1	6.67765485E+1	-6.64450124E-1
1.00461650E+4	8.15048519E+1	1.48284193E-7	5.15203955E+1	-3.93040842E+1	6.48009429E+1	-6.51695991E-1
1.07721735E+4	7.83766560E+1	1.40015427E-7	5.05106547E+1	-3.75170620E+1	6.29194421E+1	-6.38848425E-1
1.15506485E+4	7.54157976E+1	1.32048884E-7	4.95388705E+1	-3.58038227E+1	6.11229370E+1	-6.25826559E-1
1.23853818E+4	7.26225652E+1	1.24374337E-7	4.86073973E+1	-3.41659888E+1	5.94137516E+1	-6.12667548E-1
1.32804389E+4	6.99833671E+1	1.16995438E-7	4.77122495E+1	-3.25976242E+1	5.77846335E+1	-5.99370378E-1
1.42401793E+4	6.74885048E+1	1.09914723E-7	4.68502186E+1	-3.10951477E+1	5.62303405E+1	-5.85955689E-1
1.52692775E+4	6.51349509E+1	1.03113252E-7	4.60253703E+1	-2.96567950E+1	5.47527189E+1	-5.72398419E-1
1.63727458E+4	6.29067619E+1	9.65830320E-8	4.52351796E+1	-2.82732583E+1	5.33441530E+1	-5.58619525E-1
1.75559587E+4	6.08092317E+1	9.03514963E-8	4.44740147E+1	-2.69535274E+1	5.20041407E+1	-5.44856995E-1
1.88246790E+4	5.88262523E+1	8.43544464E-8	4.37536685E+1	-2.56803578E+1	5.07332665E+1	-5.30754064E-1
2.01850863E+4	5.69595834E+1	7.86519078E-8	4.30589030E+1	-2.44652412E+1	4.95239051E+1	-5.16694355E-1
2.16438064E+4	5.51944036E+1	7.31998763E-8	4.23958438E+1	-2.32938987E+1	4.83736840E+1	-5.02411830E-1
2.32079442E+4	5.35297653E+1	6.80017262E-8	4.17630367E+1	-2.21678656E+1	4.72817675E+1	-4.87983787E-1
2.48851178E+4	5.19592818E+1	6.30580244E-8	4.11575047E+1	-2.10849270E+1	4.62440740E+1	-4.73437909E-1
2.66834962E+4	5.04858135E+1	5.83599506E-8	4.05830128E+1	-2.00470812E+1	4.52644056E+1	-4.58817737E-1
2.86118383E+4	4.90976198E+1	5.39014299E-8	4.00357012E+1	-1.90473161E+1	4.43357376E+1	-4.44066839E-1
3.06795364E+4	4.77937310E+1	4.96835024E-8	3.95146558E+1	-1.80871441E+1	4.34574829E+1	-4.29265677E-1
3.28966612E+4	4.65669722E+1	4.56957888E-8	3.90187437E+1	-1.71616543E+1	4.26261041E+1	-4.14365304E-1
3.52740116E+4	4.54124536E+1	4.19370800E-8	3.85451597E+1	-1.62696319E+1	4.18381438E+1	-3.99405591E-1
3.78231664E+4	4.43313446E+1	3.83938689E-8	3.80979737E+1	-1.54103467E+1	4.10966470E+1	-3.84373257E-1
4.05565415E+4	4.33183276E+1	3.50814975E-8	3.76693559E+1	-1.45874298E+1	4.03952163E+1	-3.69466256E-1
4.34874501E+4	4.23681586E+1	3.19617408E-8	3.72661396E+1	-1.37888555E+1	3.97353458E+1	-3.54388983E-1
4.66301673E+4	4.14752751E+1	2.90483903E-8	3.68800396E+1	-1.30181587E+1	3.91102261E+1	-3.39332981E-1
5.00000000E+4	4.06387797E+1	2.63349033E-8	3.65114119E+1	-1.22758304E+1	3.85198549E+1	-3.24345404E-1
5.36133611E+4	3.98571275E+1	2.38006311E-8	3.61641780E+1	-1.15564905E+1	3.79657774E+1	-3.09300397E-1
5.74878498E+4	3.91260507E+1	2.14507402E-8	3.58329080E+1	-1.08629124E+1	3.74432928E+1	-2.94348444E-1
6.16423370E+4	3.84382159E+1	1.92699749E-8	3.55152634E+1	-1.01886905E+1	3.69478465E+1	-2.79378929E-1
6.60970574E+4	3.77965826E+1	1.72504044E-8	3.52146161E+1	-9.53535281E+0	3.64827651E+1	-2.64437081E-1
7.08737081E+4	3.71935684E+1	1.53837510E-8	3.49261043E+1	-8.89908298E+0	3.60420095E+1	-2.49488806E-1
7.59955541E+4	3.66314873E+1	1.36634200E-8	3.46522599E+1	-8.28158738E+0	3.56281324E+1	-2.34590964E-1
8.14875417E+4	3.61022934E+1	1.20768407E-8	3.43886005E+1	-7.67668480E+0	3.52350301E+1	-2.19632350E-1
8.73764200E+4	3.56060549E+1	1.06167166E-8	3.41358197E+1	-7.08432598E+0	3.48631879E+1	-2.04628698E-1
9.36908711E+4	3.51423122E+1	9.27522499E-9	3.38943782E+1	-6.50368650E+0	3.45127052E+1	-1.89576761E-1
1.00461650E+5	3.47038527E+1	8.04486419E-9	3.36585346E+1	-5.93159902E+0	3.41771975E+1	-1.74437584E-1
1.07721735E+5	3.42944475E+1	6.91359425E-9	3.34334477E+1	-5.36527587E+0	3.38612111E+1	-1.59119637E-1
1.15506485E+5	3.39111639E+1	5.88041335E-9	3.32154764E+1	-4.80703478E+0	3.35615176E+1	-1.43724862E-1
1.23853818E+5	3.35515784E+1	4.93234656E-9	3.30042083E+1	-4.25035418E+0	3.32767679E+1	-1.28077246E-1
1.32804389E+5	3.32140658E+1	4.06398413E-9	3.27979776E+1	-3.69413891E+0	3.30053660E+1	-1.12160441E-1
1.42401793E+5	3.28979266E+1	3.27084629E-9	3.25957855E+1	-3.13823467E+0	3.27465075E+1	-9.59814844E-2
1.52692775E+5	3.26079955E+1	2.54413494E-9	3.24027341E+1	-2.57895784E+0	3.25052028E+1	-7.94233239E-2
1.63727458E+5	3.23359391E+1	1.88009806E-9	3.22099520E+1	-2.01445444E+0	3.22728841E+1	-6.24600157E-2
1.75559587E+5	3.20884461E+1	1.27265624E-9	3.20234633E+1	-1.44255541E+0	3.20559383E+1	-4.50163943E-2
1.88246790E+5	3.18388112E+1	7.28898106E-10	3.18030827E+1	-8.72790948E-1	3.18209374E+1	-2.74346220E-2
2.01850863E+5	3.16546565E+1	2.08859274E-10	3.16524307E+1	-2.65404837E-1	3.16535436E+1	-8.38477914E-3
2.16438064E+5	3.14742651E+1	-2.54506341E-10	3.14705301E+1	3.42824572E-1	3.14723975E+1	1.08930782E-2
2.32079442E+5	3.13191011E+1	-6.77857260E-10	3.12891147E+1	9.68628656E-1	3.13041043E+1	3.09474862E-2
2.48851178E+5	3.11876595E+1	-1.06554044E-9	3.11036826E+1	1.61615913E+0	3.11456428E+1	5.19136906E-2
2.66834962E+5	3.10853738E+1	-1.41838425E-9	3.09164287E+1	2.28539948E+0	3.10007861E+1	7.37876164E-2
2.86118383E+5	3.10198852E+1	-1.73552945E-9	3.07320211E+1	2.97432759E+0	3.08756176E+1	9.64822027E-2
3.06795364E+5	3.09906287E+1	-2.02622985E-9	3.05431119E+1	3.69709883E+0	3.07660566E+1	1.20459213E-1
3.28966612E+5	3.10016299E+1	-2.28741738E-9	3.03495821E+1	4.44850756E+0	3.06738734E+1	1.45539206E-1
3.52740116E+5	3.10517219E+1	-2.52234894E-9	3.01433895E+1	5.23260302E+0	3.05941848E+1	1.71877587E-1
3.78231664E+5	3.11559652E+1	-2.73281034E-9	2.99305239E+1	6.05623695E+0	3.05370981E+1	1.99647548E-1
4.05565415E+5	3.13263816E+1	-2.91725514E-9	2.97148987E+1	6.91989867E+0	3.05100025E+1	2.28798527E-1
4.34874501E+5	3.15581435E+1	-3.08057300E-9	2.94780960E+1	7.83044038E+0	3.05003931E+1	2.59639792E-1
4.66301673E+5	3.18747670E+1	-3.21897320E-9	2.92329910E+1	8.78788699E+0	3.05253136E+1	2.92021274E-1
5.00000000E+5	3.22833594E+1	-3.33453774E-9	2.89699381E+1	9.79741754E+0	3.05818067E+1	3.26117509E-1
