Start time:20240908_07-08-29	sweep/start:500.000	sweep/stop:500000.000	sweep/samplecount:100.000	sweep/xmapping:1.000	sweep/scan:0.000	sweep/averaging/sample:10.000	sweep/settling/time:0.100	sweep/settling/inaccuracy:0.010	sweep/awgcontrol:0.000	sweep/averaging/time:0.100	sweep/averaging/tc:15.000	sweep/bandwidthcontrol:2.000	sweep/sincfilter:0.000	sweep/omegasuppression:80.000	sweep/maxbandwidth:100.000	sweep/bandwidth:1250000.000	sweep/order:8.000	sweep/bandwidthoverlap:1.000																				
Frequency	Param0		Param1		RealZ		ImagZ		AbsZ		PhaseZ		
5.00000000E+2	1.16668528E+3	8.02999949E-7	1.20744894E+2	-3.55375780E+2	3.75328225E+2	-1.24326686E+0
5.36133611E+2	1.05517502E+3	7.89020269E-7	1.19019210E+2	-3.33797102E+2	3.54381263E+2	-1.22828803E+0
5.74878498E+2	9.55977247E+2	7.74146638E-7	1.17357701E+2	-3.13717144E+2	3.34949665E+2	-1.21282578E+0
6.16423370E+2	8.67881379E+2	7.58524948E-7	1.15702510E+2	-2.95006731E+2	3.16884906E+2	-1.19702956E+0
6.60970574E+2	7.89592419E+2	7.42173096E-7	1.14053834E+2	-2.77574764E+2	3.00093367E+2	-1.18093391E+0
7.08737081E+2	7.19847156E+2	7.25113671E-7	1.12426080E+2	-2.61323487E+2	2.84481263E+2	-1.16451426E+0
7.59955541E+2	6.58098421E+2	7.07482576E-7	1.10743826E+2	-2.46203430E+2	2.69963564E+2	-1.14810358E+0
8.14875417E+2	6.03042820E+2	6.89167246E-7	1.09092643E+2	-2.32134275E+2	2.56490795E+2	-1.13147237E+0
8.73764200E+2	5.53923735E+2	6.70423002E-7	1.07418805E+2	-2.19004598E+2	2.43929941E+2	-1.11478842E+0
9.36908711E+2	5.10172580E+2	6.51300379E-7	1.05712149E+2	-2.06776149E+2	2.32231426E+2	-1.09819755E+0
1.00461650E+3	4.70989352E+2	6.31789300E-7	1.04017370E+2	-1.95375170E+2	2.21339267E+2	-1.08156740E+0
1.07721735E+3	4.35882488E+2	6.12134337E-7	1.02287183E+2	-1.84722822E+2	2.11152053E+2	-1.06509136E+0
1.15506485E+3	4.04472666E+2	5.92318891E-7	1.00535915E+2	-1.74804340E+2	2.01653237E+2	-1.04886137E+0
1.23853818E+3	3.76227667E+2	5.72501783E-7	9.87596028E+1	-1.65537410E+2	1.92759160E+2	-1.03288064E+0
1.32804389E+3	3.50746656E+2	5.52746988E-7	9.69683598E+1	-1.56870848E+2	1.84421599E+2	-1.01714428E+0
1.42401793E+3	3.27781225E+2	5.33157081E-7	9.51484546E+1	-1.48777173E+2	1.76600895E+2	-1.00181192E+0
1.52692775E+3	3.06989254E+2	5.13790894E-7	9.33127389E+1	-1.41204604E+2	1.69251315E+2	-9.86842922E-1
1.63727458E+3	2.88103549E+2	4.94701339E-7	9.14689622E+1	-1.34111748E+2	1.62334630E+2	-9.72229152E-1
1.75559587E+3	2.70856787E+2	4.76011789E-7	8.96086391E+1	-1.27441747E+2	1.55791872E+2	-9.57970028E-1
1.88246790E+3	2.55114720E+2	4.57730023E-7	8.77383440E+1	-1.21183025E+2	1.49610637E+2	-9.44133989E-1
2.01850863E+3	2.40646993E+2	4.39887196E-7	8.58700597E+1	-1.15285316E+2	1.43751074E+2	-9.30600535E-1
2.16438064E+3	2.27364542E+2	4.22505474E-7	8.40030855E+1	-1.09739712E+2	1.38200300E+2	-9.17464103E-1
2.32079442E+3	2.15081783E+2	4.05603922E-7	8.21472688E+1	-1.04499794E+2	1.32922462E+2	-9.04588764E-1
2.48851178E+3	2.03704576E+2	3.89199630E-7	8.03033801E+1	-9.95466364E+1	1.27899045E+2	-8.91988776E-1
2.66834962E+3	1.93152248E+2	3.73291816E-7	7.84754576E+1	-9.48647104E+1	1.23116655E+2	-8.79667571E-1
2.86118383E+3	1.83324796E+2	3.57862649E-7	7.66729270E+1	-9.04284845E+1	1.18558208E+2	-8.67531593E-1
3.06795364E+3	1.74144582E+2	3.42917007E-7	7.48970206E+1	-8.62168576E+1	1.14205562E+2	-8.55542744E-1
3.28966612E+3	1.65575837E+2	3.28416635E-7	7.31567198E+1	-8.22257827E+1	1.10059007E+2	-8.43698073E-1
3.52740116E+3	1.57543310E+2	3.14373686E-7	7.14504876E+1	-7.84306957E+1	1.06096872E+2	-8.31936147E-1
3.78231664E+3	1.50002342E+2	3.00769531E-7	6.97821581E+1	-7.48193655E+1	1.02310738E+2	-8.20219174E-1
4.05565415E+3	1.42915247E+2	2.87579513E-7	6.81565124E+1	-7.13813315E+1	9.86945019E+1	-8.08504763E-1
4.34874501E+3	1.36250909E+2	2.74779500E-7	6.65778507E+1	-6.81078727E+1	9.52433337E+1	-7.96757616E-1
4.66301673E+3	1.29986431E+2	2.62369559E-7	6.50443503E+1	-6.49931946E+1	9.19504372E+1	-7.85004770E-1
5.00000000E+3	1.24090838E+2	2.50319229E-7	6.35617984E+1	-6.20268854E+1	8.88112424E+1	-7.73177025E-1
5.36133611E+3	1.18534046E+2	2.38660701E-7	6.21201331E+1	-5.91983082E+1	8.58099683E+1	-7.61318888E-1
5.74878498E+3	1.13296580E+2	2.27345898E-7	6.07291389E+1	-5.65011097E+1	8.29481991E+1	-7.49347762E-1
6.16423370E+3	1.08358987E+2	2.16372061E-7	5.93873817E+1	-5.39286137E+1	8.02194273E+1	-7.37262407E-1
6.60970574E+3	1.03705227E+2	2.05747873E-7	5.80907339E+1	-5.14760073E+1	7.76164462E+1	-7.25099686E-1
7.08737081E+3	9.93171032E+1	1.95447241E-7	5.68435597E+1	-4.91360088E+1	7.51367930E+1	-7.12799218E-1
7.59955541E+3	9.51737271E+1	1.85502970E-7	5.56351377E+1	-4.69013306E+1	7.27667739E+1	-7.00425696E-1
8.14875417E+3	9.12734531E+1	1.75875137E-7	5.44746103E+1	-4.47727885E+1	7.05130185E+1	-6.87953849E-1
8.73764200E+3	8.75911603E+1	1.66568227E-7	5.33577281E+1	-4.27389534E+1	6.83642107E+1	-6.75343701E-1
9.36908711E+3	8.41126384E+1	1.57593396E-7	5.22792810E+1	-4.07949139E+1	6.63125045E+1	-6.62629322E-1
1.00461650E+4	8.08351787E+1	1.48929041E-7	5.12439699E+1	-3.89406086E+1	6.43608224E+1	-6.49810967E-1
1.07721735E+4	7.77392002E+1	1.40579300E-7	5.02474114E+1	-3.71670714E+1	6.24995485E+1	-6.36864377E-1
1.15506485E+4	7.48160748E+1	1.32529455E-7	4.92914745E+1	-3.54703420E+1	6.07272149E+1	-6.23762200E-1
1.23853818E+4	7.20563611E+1	1.24791189E-7	4.83711428E+1	-3.38479106E+1	5.90376873E+1	-6.10560980E-1
1.32804389E+4	6.94469475E+1	1.17363878E-7	4.74834296E+1	-3.22940108E+1	5.74245525E+1	-5.97252671E-1
1.42401793E+4	6.69865644E+1	1.10218125E-7	4.66354473E+1	-3.08071975E+1	5.58922927E+1	-5.83788162E-1
1.52692775E+4	6.46631673E+1	1.03375010E-7	4.58186777E+1	-2.93841710E+1	5.44314320E+1	-5.70244991E-1
1.63727458E+4	6.24666090E+1	9.68118814E-8	4.50359069E+1	-2.80179843E+1	5.30399885E+1	-5.56529557E-1
1.75559587E+4	6.03913414E+1	9.05230398E-8	4.42867341E+1	-2.67061865E+1	5.17159092E+1	-5.42643751E-1
1.88246790E+4	5.84375145E+1	8.45125107E-8	4.35702655E+1	-2.54513249E+1	5.04592708E+1	-5.28679349E-1
2.01850863E+4	5.65867752E+1	7.87709224E-8	4.28823386E+1	-2.42420763E+1	4.92602603E+1	-5.14526116E-1
2.16438064E+4	5.48476546E+1	7.32978477E-8	4.22262405E+1	-2.30858147E+1	4.81249441E+1	-5.00319384E-1
2.32079442E+4	5.32036336E+1	6.80735835E-8	4.16005802E+1	-2.19702919E+1	4.70457439E+1	-4.85893358E-1
2.48851178E+4	5.16557310E+1	6.31217260E-8	4.09993272E+1	-2.09022802E+1	4.60201065E+1	-4.71472774E-1
2.66834962E+4	5.01976202E+1	5.84039428E-8	4.04298048E+1	-1.98723640E+1	4.50497501E+1	-4.56846728E-1
2.86118383E+4	4.88255230E+1	5.39306179E-8	3.98873112E+1	-1.88817694E+1	4.41307016E+1	-4.42123970E-1
3.06795364E+4	4.75351795E+1	4.97049920E-8	3.93686403E+1	-1.79305749E+1	4.32596276E+1	-4.27379582E-1
3.28966612E+4	4.63185483E+1	4.57076396E-8	3.88744065E+1	-1.70113662E+1	4.24335489E+1	-4.12492773E-1
3.52740116E+4	4.51809869E+1	4.19453025E-8	3.84054937E+1	-1.61312164E+1	4.16557092E+1	-3.97648111E-1
3.78231664E+4	4.41105841E+1	3.83965246E-8	3.79605505E+1	-1.52793535E+1	4.09201913E+1	-3.82664946E-1
4.05565415E+4	4.31056697E+1	3.50694199E-8	3.75357086E+1	-1.44593367E+1	4.02243938E+1	-3.67696510E-1
4.34874501E+4	4.21645844E+1	3.19521920E-8	3.71325931E+1	-1.36693407E+1	3.95686790E+1	-3.52727435E-1
4.66301673E+4	4.12847052E+1	2.90357921E-8	3.67514150E+1	-1.29075487E+1	3.89521673E+1	-3.37754403E-1
5.00000000E+4	4.04559323E+1	2.63155149E-8	3.63857042E+1	-1.21695562E+1	3.83668813E+1	-3.22764052E-1
5.36133611E+4	3.96800864E+1	2.37827017E-8	3.60381229E+1	-1.14564182E+1	3.78152856E+1	-3.07794304E-1
5.74878498E+4	3.89551399E+1	2.14266280E-8	3.57092772E+1	-1.07660301E+1	3.72969153E+1	-2.92824235E-1
6.16423370E+4	3.82755168E+1	1.92476713E-8	3.53938469E+1	-1.00991771E+1	3.68064910E+1	-2.77950890E-1
6.60970574E+4	3.76401014E+1	1.72226771E-8	3.50962724E+1	-9.44875149E+0	3.63459386E+1	-2.62988224E-1
7.08737081E+4	3.70437735E+1	1.53565395E-8	3.48099413E+1	-8.81813801E+0	3.59094915E+1	-2.48103179E-1
7.59955541E+4	3.64841438E+1	1.36346049E-8	3.45356578E+1	-8.20318473E+0	3.54965337E+1	-2.33206280E-1
8.14875417E+4	3.59623198E+1	1.20452236E-8	3.42763051E+1	-7.60199611E+0	3.51091931E+1	-2.18252978E-1
8.73764200E+4	3.54687830E+1	1.05854335E-8	3.40232311E+1	-7.01301226E+0	3.47384887E+1	-2.03277247E-1
9.36908711E+4	3.50093880E+1	9.24397588E-9	3.37832417E+1	-6.43608517E+0	3.43908508E+1	-1.88255268E-1
1.00461650E+5	3.45749488E+1	8.01322975E-9	3.35488794E+1	-5.86715187E+0	3.40580503E+1	-1.73132812E-1
1.07721735E+5	3.41710533E+1	6.88298862E-9	3.33265000E+1	-5.30528020E+0	3.37461347E+1	-1.57866395E-1
1.15506485E+5	3.37907443E+1	5.84701564E-9	3.31099817E+1	-4.74763347E+0	3.34486312E+1	-1.42419015E-1
1.23853818E+5	3.34343021E+1	4.90053270E-9	3.28994443E+1	-4.19482049E+0	3.31657950E+1	-1.26819998E-1
1.32804389E+5	3.31009773E+1	4.03244920E-9	3.26953789E+1	-3.64156591E+0	3.28975530E+1	-1.10921469E-1
1.42401793E+5	3.27887762E+1	3.23946818E-9	3.24952755E+1	-3.08826452E+0	3.26416959E+1	-9.47527490E-2
1.52692775E+5	3.25014135E+1	2.51246759E-9	3.23031478E+1	-2.53073041E+0	3.24021290E+1	-7.81834614E-2
1.63727458E+5	3.22325731E+1	1.84842787E-9	3.21119402E+1	-1.96818287E+0	3.21722001E+1	-6.12147305E-2
1.75559587E+5	3.19868052E+1	1.24138448E-9	3.19255554E+1	-1.39836329E+0	3.19561656E+1	-4.37727740E-2
1.88246790E+5	3.17784782E+1	6.78120335E-10	3.17469067E+1	-8.09359438E-1	3.17626846E+1	-2.54813450E-2
2.01850863E+5	3.15596923E+1	1.79080587E-10	3.15580706E+1	-2.26204875E-1	3.15588815E+1	-7.16777218E-3
2.16438064E+5	3.13813416E+1	-2.82563867E-10	3.13767786E+1	3.78364445E-1	3.13790600E+1	1.20581519E-2
2.32079442E+5	3.12278803E+1	-7.06605548E-10	3.11955828E+1	1.00375853E+0	3.12117274E+1	3.21652035E-2
2.48851178E+5	3.11019553E+1	-1.09242665E-9	3.10144235E+1	1.64764344E+0	3.10581586E+1	5.30751783E-2
2.66834962E+5	3.10081468E+1	-1.44351392E-9	3.08344924E+1	2.31395897E+0	3.09211977E+1	7.49041378E-2
2.86118383E+5	3.09411413E+1	-1.76187442E-9	3.06467943E+1	3.00346026E+0	3.07936161E+1	9.76904774E-2
3.06795364E+5	3.09109727E+1	-2.05185219E-9	3.04557283E+1	3.72354324E+0	3.06825062E+1	1.21657081E-1
3.28966612E+5	3.09228176E+1	-2.31107481E-9	3.02624943E+1	4.47022585E+0	3.05908743E+1	1.46654524E-1
3.52740116E+5	3.09790523E+1	-2.54625489E-9	3.00602874E+1	5.25530589E+0	3.05162123E+1	1.73076344E-1
3.78231664E+5	3.10888411E+1	-2.75646487E-9	2.98507668E+1	6.07925332E+0	3.04635149E+1	2.00907341E-1
4.05565415E+5	3.12566078E+1	-2.94017759E-9	2.96315564E+1	6.93921847E+0	3.04332373E+1	2.30037968E-1
4.34874501E+5	3.14947924E+1	-3.10236245E-9	2.93992941E+1	7.84895637E+0	3.04290102E+1	2.60892783E-1
4.66301673E+5	3.18124488E+1	-3.23883605E-9	2.91554810E+1	8.80142680E+0	3.04550036E+1	2.93179742E-1
5.00000000E+5	3.22220927E+1	-3.35382604E-9	2.88919295E+1	9.80890937E+0	3.05116111E+1	3.27293286E-1
