Start time:20240909_11-07-23	sweep/start:500.000	sweep/stop:500000.000	sweep/samplecount:100.000	sweep/xmapping:1.000	sweep/scan:0.000	sweep/averaging/sample:10.000	sweep/settling/time:0.100	sweep/settling/inaccuracy:0.010	sweep/awgcontrol:0.000	sweep/averaging/time:0.100	sweep/averaging/tc:15.000	sweep/bandwidthcontrol:2.000	sweep/sincfilter:0.000	sweep/omegasuppression:80.000	sweep/maxbandwidth:100.000	sweep/bandwidth:1250000.000	sweep/order:8.000	sweep/bandwidthoverlap:1.000																				
Frequency	Param0		Param1		RealZ		ImagZ		AbsZ		PhaseZ		
5.00000000E+2	1.34023451E+3	8.50462551E-7	9.69605867E+1	-3.47200984E+2	3.60485620E+2	-1.29847065E+0
5.36133611E+2	1.20311745E+3	8.39590677E-7	9.56477942E+1	-3.25464242E+2	3.39227767E+2	-1.28496261E+0
5.74878498E+2	1.08201955E+3	8.27899116E-7	9.43367048E+1	-3.05245337E+2	3.19490426E+2	-1.27105571E+0
6.16423370E+2	9.74627415E+2	8.15456841E-7	9.30397359E+1	-2.86395989E+2	3.01129635E+2	-1.25668747E+0
6.60970574E+2	8.79096060E+2	8.02274046E-7	9.17722550E+1	-2.68801876E+2	2.84036263E+2	-1.24179245E+0
7.08737081E+2	7.94384441E+2	7.88212290E-7	9.05323096E+1	-2.52430867E+2	2.68174278E+2	-1.22644347E+0
7.59955541E+2	7.19148983E+2	7.73424246E-7	8.92956095E+1	-2.37156345E+2	2.53410416E+2	-1.21068817E+0
8.14875417E+2	6.52504030E+2	7.57876618E-7	8.80488948E+1	-2.22934163E+2	2.39691990E+2	-1.19464690E+0
8.73764200E+2	5.93127522E+2	7.41591516E-7	8.68235411E+1	-2.09664253E+2	2.26930445E+2	-1.17818777E+0
9.36908711E+2	5.40404994E+2	7.24586001E-7	8.55964554E+1	-1.97306852E+2	2.15073820E+2	-1.16147545E+0
1.00461650E+3	4.93585486E+2	7.06987367E-7	8.43467486E+1	-1.85790083E+2	2.04040018E+2	-1.14462968E+0
1.07721735E+3	4.51680505E+2	6.88795947E-7	8.31189095E+1	-1.75026954E+2	1.93760647E+2	-1.12743606E+0
1.15506485E+3	4.14389326E+2	6.70086124E-7	8.18762446E+1	-1.64999760E+2	1.84197287E+2	-1.11017697E+0
1.23853818E+3	3.81105890E+2	6.50957418E-7	8.06209221E+1	-1.55645022E+2	1.75285785E+2	-1.09286884E+0
1.32804389E+3	3.51331227E+2	6.31520542E-7	7.93498513E+1	-1.46907047E+2	1.66967301E+2	-1.07555742E+0
1.42401793E+3	3.24644866E+2	6.11794604E-7	7.80762295E+1	-1.38748506E+2	1.59207556E+2	-1.05824156E+0
1.52692775E+3	3.00704615E+2	5.91890144E-7	7.67924578E+1	-1.31128806E+2	1.51960013E+2	-1.04101288E+0
1.63727458E+3	2.79149346E+2	5.71903224E-7	7.55019004E+1	-1.23999066E+2	1.45176808E+2	-1.02386505E+0
1.75559587E+3	2.59716946E+2	5.51905642E-7	7.42049570E+1	-1.17328210E+2	1.38824654E+2	-1.00685319E+0
1.88246790E+3	2.42154501E+2	5.31991187E-7	7.29004503E+1	-1.11079682E+2	1.32865239E+2	-9.90012230E-1
2.01850863E+3	2.26240284E+2	5.12179918E-7	7.16004165E+1	-1.05224896E+2	1.27274893E+2	-9.73311133E-1
2.16438064E+3	2.11773263E+2	4.92599799E-7	7.02958170E+1	-9.97259870E+1	1.22011370E+2	-9.56796247E-1
2.32079442E+3	1.98602174E+2	4.73241160E-7	6.89997002E+1	-9.45649588E+1	1.17061908E+2	-9.40444326E-1
2.48851178E+3	1.86575102E+2	4.54223438E-7	6.77016529E+1	-8.97102491E+1	1.12389691E+2	-9.24312976E-1
2.66834962E+3	1.75562013E+2	4.35520691E-7	6.64170717E+1	-8.51415714E+1	1.07982937E+2	-9.08321502E-1
2.86118383E+3	1.65462307E+2	4.17158877E-7	6.51488550E+1	-8.08412421E+1	1.03825237E+2	-8.92476427E-1
3.06795364E+3	1.56165787E+2	3.99209246E-7	6.38921370E+1	-7.67825536E+1	9.98887669E+1	-8.76775788E-1
3.28966612E+3	1.47602714E+2	3.81669307E-7	6.26524614E+1	-7.29543850E+1	9.61648233E+1	-8.61221573E-1
3.52740116E+3	1.39688964E+2	3.64516315E-7	6.14399853E+1	-6.93369745E+1	9.26417178E+1	-8.45710100E-1
3.78231664E+3	1.32366997E+2	3.47854159E-7	6.02387569E+1	-6.59159726E+1	8.92951472E+1	-8.30369826E-1
4.05565415E+3	1.25586538E+2	3.31589660E-7	5.90694934E+1	-6.26827576E+1	8.61297462E+1	-8.15066641E-1
4.34874501E+3	1.19289983E+2	3.15746560E-7	5.79306086E+1	-5.96203477E+1	8.31296656E+1	-7.99771698E-1
4.66301673E+3	1.13441170E+2	3.00376509E-7	5.68141622E+1	-5.67205078E+1	8.02811624E+1	-7.84573267E-1
5.00000000E+3	1.08006252E+2	2.85409348E-7	5.57350607E+1	-5.39753458E+1	7.75869510E+1	-7.69359905E-1
5.36133611E+3	1.02941219E+2	2.70915298E-7	5.46810803E+1	-5.13703855E+1	7.50262426E+1	-7.54190485E-1
5.74878498E+3	9.82171733E+1	2.56860637E-7	5.36591662E+1	-4.88972953E+1	7.25964987E+1	-7.38999786E-1
6.16423370E+3	9.38185961E+1	2.43251094E-7	5.26692719E+1	-4.65543220E+1	7.02947873E+1	-7.23848025E-1
6.60970574E+3	8.97149666E+1	2.30102478E-7	5.17084585E+1	-4.43312296E+1	6.81103708E+1	-7.08734333E-1
7.08737081E+3	8.58870245E+1	2.17384978E-7	5.07827292E+1	-4.22219362E+1	6.60422402E+1	-6.93609889E-1
7.59955541E+3	8.23043710E+1	2.05154303E-7	4.98800883E+1	-4.02159927E+1	6.40729997E+1	-6.78542402E-1
8.14875417E+3	7.89598771E+1	1.93354340E-7	4.90120287E+1	-3.83119405E+1	6.22091935E+1	-6.63472719E-1
8.73764200E+3	7.58323998E+1	1.82029759E-7	4.81688100E+1	-3.65037283E+1	6.04380381E+1	-6.48492962E-1
9.36908711E+3	7.29028687E+1	1.71142898E-7	4.73560525E+1	-3.47821268E+1	5.87570597E+1	-6.33494825E-1
1.00461650E+4	7.01645619E+1	1.60701310E-7	4.65725549E+1	-3.31472475E+1	5.71641750E+1	-6.18557465E-1
1.07721735E+4	6.76007687E+1	1.50713080E-7	4.58147832E+1	-3.15930402E+1	5.56517256E+1	-6.03699602E-1
1.15506485E+4	6.51928922E+1	1.41168839E-7	4.50812794E+1	-3.01107491E+1	5.42123508E+1	-5.88870727E-1
1.23853818E+4	6.29351946E+1	1.32052643E-7	4.43745258E+1	-2.86987954E+1	5.28461863E+1	-5.74080297E-1
1.32804389E+4	6.08133866E+1	1.23367371E-7	4.36906804E+1	-2.73514656E+1	5.15458848E+1	-5.59336176E-1
1.42401793E+4	5.88238627E+1	1.15105354E-7	4.30307509E+1	-2.60689363E+1	5.03113802E+1	-5.44688722E-1
1.52692775E+4	5.69517288E+1	1.07244909E-7	4.23946319E+1	-2.48423579E+1	4.91370286E+1	-5.30046037E-1
1.63727458E+4	5.51918393E+1	9.97957958E-8	4.17786652E+1	-2.36724414E+1	4.80191771E+1	-5.15510319E-1
1.75559587E+4	5.35358365E+1	9.27097224E-8	4.11895655E+1	-2.25507759E+1	4.69586822E+1	-5.00912252E-1
1.88246790E+4	5.19756214E+1	8.60209496E-8	4.06168989E+1	-2.14792004E+1	4.59465836E+1	-4.86440217E-1
2.01850863E+4	5.05091524E+1	7.96803899E-8	4.00696540E+1	-2.04525565E+1	4.49876012E+1	-4.71952849E-1
2.16438064E+4	4.91271340E+1	7.36973941E-8	3.95413850E+1	-1.94687893E+1	4.40744247E+1	-4.57520877E-1
2.32079442E+4	4.78250401E+1	6.80467433E-8	3.90346397E+1	-1.85237704E+1	4.32068652E+1	-4.43078651E-1
2.48851178E+4	4.65982077E+1	6.27228046E-8	3.85476425E+1	-1.76161932E+1	4.23822020E+1	-4.28658153E-1
2.66834962E+4	4.54417186E+1	5.77154313E-8	3.80791995E+1	-1.67439187E+1	4.15978877E+1	-4.14266387E-1
2.86118383E+4	4.43517835E+1	5.30142168E-8	3.76285836E+1	-1.59054855E+1	4.08521087E+1	-3.99918284E-1
3.06795364E+4	4.33251291E+1	4.85867576E-8	3.71999924E+1	-1.50948671E+1	4.01459147E+1	-3.85475815E-1
3.28966612E+4	4.23603244E+1	4.44504393E-8	3.67879570E+1	-1.43176812E+1	3.94759394E+1	-3.71156979E-1
3.52740116E+4	4.14513475E+1	4.05757717E-8	3.63941293E+1	-1.35666148E+1	3.88405162E+1	-3.56813571E-1
3.78231664E+4	4.05939310E+1	3.69558243E-8	3.60160959E+1	-1.28403948E+1	3.82365651E+1	-3.42469866E-1
4.05565415E+4	3.97901074E+1	3.35788457E-8	3.56567318E+1	-1.21401257E+1	3.76667650E+1	-3.28161711E-1
4.34874501E+4	3.90356734E+1	3.04319940E-8	3.53149265E+1	-1.14628920E+1	3.71287212E+1	-3.13861535E-1
4.66301673E+4	3.83229808E+1	2.75004972E-8	3.49871645E+1	-1.08032746E+1	3.66171057E+1	-2.99490629E-1
5.00000000E+4	3.76557594E+1	2.47875214E-8	3.46742519E+1	-1.01676709E+1	3.61342675E+1	-2.85237989E-1
5.36133611E+4	3.70302953E+1	2.22713829E-8	3.43770174E+1	-9.55048550E+0	3.56790009E+1	-2.70982337E-1
5.74878498E+4	3.64418427E+1	1.99421324E-8	3.40926607E+1	-8.94929357E+0	3.52476861E+1	-2.56707510E-1
6.16423370E+4	3.58898546E+1	1.77937079E-8	3.38207721E+1	-8.36528291E+0	3.48399569E+1	-2.42475052E-1
6.60970574E+4	3.53715831E+1	1.58095059E-8	3.35614507E+1	-7.79427119E+0	3.44546317E+1	-2.28193667E-1
7.08737081E+4	3.48881556E+1	1.39821723E-8	3.33160251E+1	-7.23720484E+0	3.40930296E+1	-2.13905641E-1
7.59955541E+4	3.44339217E+1	1.23024148E-8	3.30804136E+1	-6.69138224E+0	3.37503833E+1	-1.99583306E-1
8.14875417E+4	3.40069502E+1	1.07635302E-8	3.28530640E+1	-6.15700321E+0	3.34250282E+1	-1.85261313E-1
8.73764200E+4	3.36071967E+1	9.34998130E-9	3.26359475E+1	-5.63006457E+0	3.31180118E+1	-1.70829747E-1
9.36908711E+4	3.32345947E+1	8.05283712E-9	3.24296334E+1	-5.10926563E+0	3.28296470E+1	-1.56264813E-1
1.00461650E+5	3.28855401E+1	6.86892549E-9	3.22302824E+1	-4.59555581E+0	3.25562627E+1	-1.41630378E-1
1.07721735E+5	3.25574537E+1	5.78737296E-9	3.20364098E+1	-4.08562924E+0	3.22958810E+1	-1.26846085E-1
1.15506485E+5	3.22518198E+1	4.79640347E-9	3.18503738E+1	-3.57577920E+0	3.20504682E+1	-1.11799902E-1
1.23853818E+5	3.19683472E+1	3.89476621E-9	3.16710137E+1	-3.06868844E+0	3.18193332E+1	-9.65911320E-2
1.32804389E+5	3.17108805E+1	3.08554100E-9	3.15008928E+1	-2.57190270E+0	3.16057122E+1	-8.14647085E-2
1.42401793E+5	3.14618964E+1	2.31839493E-9	3.13284596E+1	-2.04459223E+0	3.13951071E+1	-6.51706713E-2
1.52692775E+5	3.12362465E+1	1.63489224E-9	3.11614447E+1	-1.52673588E+0	3.11988232E+1	-4.89552405E-2
1.63727458E+5	3.10324834E+1	1.01189737E-9	3.10001333E+1	-1.00142389E+0	3.10163041E+1	-3.22926277E-2
1.75559587E+5	3.08475993E+1	4.44138557E-10	3.08405550E+1	-4.66086384E-1	3.08440770E+1	-1.51116256E-2
1.88246790E+5	3.06889975E+1	-9.89426045E-11	3.06793036E+1	1.10105932E-1	3.06841499E+1	3.58964022E-3
2.01850863E+5	3.05391843E+1	-5.41868505E-10	3.05257380E+1	6.40660519E-1	3.05324604E+1	2.09844720E-2
2.16438064E+5	3.04173017E+1	-9.69190349E-10	3.03684913E+1	1.21749307E+0	3.03928867E+1	4.00692085E-2
2.32079442E+5	3.03214817E+1	-1.35642651E-9	3.02128091E+1	1.81198394E+0	3.02670966E+1	5.99022780E-2
2.48851178E+5	3.02526500E+1	-1.70869509E-9	3.00562995E+1	2.42931067E+0	3.01543149E+1	8.06500258E-2
2.66834962E+5	3.02128967E+1	-2.02385035E-9	2.98986691E+1	3.06510342E+0	3.00553722E+1	1.02159494E-1
2.86118383E+5	3.02035704E+1	-2.31206627E-9	2.97349343E+1	3.73294156E+0	2.99683363E+1	1.24887240E-1
3.06795364E+5	3.02338909E+1	-2.56925464E-9	2.95708746E+1	4.42786162E+0	2.99005451E+1	1.48632971E-1
3.28966612E+5	3.02992512E+1	-2.79758366E-9	2.93968548E+1	5.15048061E+0	2.98446425E+1	1.73444669E-1
3.52740116E+5	3.04149736E+1	-3.00359734E-9	2.92172194E+1	5.91565240E+0	2.98100814E+1	1.99770822E-1
3.78231664E+5	3.05876959E+1	-3.18281819E-9	2.90335415E+1	6.71732425E+0	2.98004888E+1	2.27363722E-1
4.05565415E+5	3.08200823E+1	-3.33726002E-9	2.88389683E+1	7.55865119E+0	2.98130738E+1	2.56332705E-1
4.34874501E+5	3.11164373E+1	-3.46952356E-9	2.86255136E+1	8.44416552E+0	2.98449995E+1	2.86851763E-1
4.66301673E+5	3.14969566E+1	-3.57806523E-9	2.84005735E+1	9.37758059E+0	2.99087216E+1	3.18918731E-1
5.00000000E+5	3.19751157E+1	-3.66462762E-9	2.81591545E+1	1.03660031E+1	3.00065359E+1	3.52727039E-1
