Start time:20240905_23-46-31	sweep/start:500.000	sweep/stop:500000.000	sweep/samplecount:100.000	sweep/xmapping:1.000	sweep/scan:0.000	sweep/averaging/sample:10.000	sweep/settling/time:0.100	sweep/settling/inaccuracy:0.010	sweep/awgcontrol:0.000	sweep/averaging/time:0.100	sweep/averaging/tc:15.000	sweep/bandwidthcontrol:2.000	sweep/sincfilter:0.000	sweep/omegasuppression:80.000	sweep/maxbandwidth:100.000	sweep/bandwidth:1250000.000	sweep/order:8.000	sweep/bandwidthoverlap:1.000																				
Frequency	Param0		Param1		RealZ		ImagZ		AbsZ		PhaseZ		
5.00000000E+2	9.82537677E+2	6.79428723E-7	1.82008354E+2	-3.81710618E+2	4.22883012E+2	-1.12586175E+0
5.36133611E+2	9.01194979E+2	6.60297626E-7	1.79588213E+2	-3.59988970E+2	4.02298381E+2	-1.10805197E+0
5.74878498E+2	8.28656516E+2	6.40759544E-7	1.77126429E+2	-3.39710446E+2	3.83114815E+2	-1.09017240E+0
6.16423370E+2	7.64110915E+2	6.20732100E-7	1.74664680E+2	-3.20866681E+2	3.65326129E+2	-1.07229911E+0
6.60970574E+2	7.06672793E+2	6.00376445E-7	1.72165354E+2	-3.03354016E+2	3.48804485E+2	-1.05458697E+0
7.08737081E+2	6.55418984E+2	5.79749711E-7	1.69657752E+2	-2.87076901E+2	3.33461996E+2	-1.03703288E+0
7.59955541E+2	6.09673158E+2	5.59088594E-7	1.67076853E+2	-2.71933067E+2	3.19158690E+2	-1.01985269E+0
8.14875417E+2	5.68731436E+2	5.38393655E-7	1.64475150E+2	-2.57856761E+2	3.05846669E+2	-1.00300653E+0
8.73764200E+2	5.32122667E+2	5.17859673E-7	1.61801522E+2	-2.44782599E+2	2.93425041E+2	-9.86726434E-1
9.36908711E+2	4.99142852E+2	4.97552239E-7	1.59095536E+2	-2.32594079E+2	2.81800278E+2	-9.70886048E-1
1.00461650E+3	4.69436436E+2	4.77628611E-7	1.56319213E+2	-2.21237959E+2	2.70890997E+2	-9.55677253E-1
1.07721735E+3	4.42661357E+2	4.58180919E-7	1.53464964E+2	-2.10669197E+2	2.60639611E+2	-9.41221202E-1
1.15506485E+3	4.18396767E+2	4.39195166E-7	1.50581391E+2	-2.00818352E+2	2.51003518E+2	-9.27398398E-1
1.23853818E+3	3.96317670E+2	4.20818283E-7	1.47635340E+2	-1.91609754E+2	2.41889422E+2	-9.14303714E-1
1.32804389E+3	3.76109774E+2	4.03093802E-7	1.44635861E+2	-1.82973840E+2	2.33235845E+2	-9.01891654E-1
1.42401793E+3	3.57639752E+2	3.85986973E-7	1.41608449E+2	-1.74905279E+2	2.25044017E+2	-8.90211341E-1
1.52692775E+3	3.40617583E+2	3.69637424E-7	1.38513552E+2	-1.67314511E+2	2.17209922E+2	-8.79294931E-1
1.63727458E+3	3.24935343E+2	3.53991756E-7	1.35379737E+2	-1.60193593E+2	2.09737123E+2	-8.69153377E-1
1.75559587E+3	3.10345819E+2	3.39011046E-7	1.32237718E+2	-1.53468589E+2	2.02581891E+2	-8.59571960E-1
1.88246790E+3	2.96724253E+2	3.24747159E-7	1.29066231E+2	-1.47101963E+2	1.95696398E+2	-8.50612613E-1
2.01850863E+3	2.84028907E+2	3.11133541E-7	1.25891258E+2	-1.41096233E+2	1.89094569E+2	-8.42286854E-1
2.16438064E+3	2.72085834E+2	2.98155845E-7	1.22721612E+2	-1.35389134E+2	1.82731529E+2	-8.34436675E-1
2.32079442E+3	2.60818627E+2	2.85796432E-7	1.19560773E+2	-1.29957292E+2	1.76589004E+2	-8.27040473E-1
2.48851178E+3	2.50152238E+2	2.74017241E-7	1.16420690E+2	-1.24776275E+2	1.70654317E+2	-8.20026477E-1
2.66834962E+3	2.40056785E+2	2.62774044E-7	1.13314217E+2	-1.19840454E+2	1.64929823E+2	-8.13381876E-1
2.86118383E+3	2.30465892E+2	2.52029689E-7	1.10252026E+2	-1.15125245E+2	1.59403047E+2	-8.07017291E-1
3.06795364E+3	2.21326614E+2	2.41768660E-7	1.07234053E+2	-1.10610160E+2	1.54057618E+2	-8.00894726E-1
3.28966612E+3	2.12600379E+2	2.31957639E-7	1.04267808E+2	-1.06280758E+2	1.48887123E+2	-7.94958373E-1
3.52740116E+3	2.04263273E+2	2.22538295E-7	1.01372118E+2	-1.02128811E+2	1.43897882E+2	-7.89116524E-1
3.78231664E+3	1.96283156E+2	2.13525637E-7	9.85323375E+1	-9.81407994E+1	1.39069185E+2	-7.83407361E-1
4.05565415E+3	1.88633035E+2	2.04877903E-7	9.57598037E+1	-9.43054727E+1	1.34400381E+2	-7.77746566E-1
4.34874501E+3	1.81301118E+2	1.96561666E-7	9.30622648E+1	-9.06184716E+1	1.29893389E+2	-7.72094379E-1
4.66301673E+3	1.74268569E+2	1.88563393E-7	9.04384890E+1	-8.70716119E+1	1.25541172E+2	-7.66433197E-1
5.00000000E+3	1.67540152E+2	1.80870723E-7	8.78874061E+1	-8.36688301E+1	1.21345249E+2	-7.60813071E-1
5.36133611E+3	1.61075537E+2	1.73438709E-7	8.54222269E+1	-8.03895148E+1	1.17300601E+2	-7.55055513E-1
5.74878498E+3	1.54865391E+2	1.66293720E-7	8.30238906E+1	-7.72305688E+1	1.13391037E+2	-7.49263130E-1
6.16423370E+3	1.48900633E+2	1.59404675E-7	8.07001486E+1	-7.41875267E+1	1.09618900E+2	-7.43375531E-1
6.60970574E+3	1.43177255E+2	1.52743409E-7	7.84579400E+1	-7.12582909E+1	1.05987699E+2	-7.37346546E-1
7.08737081E+3	1.37673907E+2	1.46314459E-7	7.62883629E+1	-6.84324675E+1	1.02483740E+2	-7.31168286E-1
7.59955541E+3	1.32372926E+2	1.40110191E-7	7.41882196E+1	-6.57009871E+1	9.90984949E+1	-7.24801339E-1
8.14875417E+3	1.27295574E+2	1.34109102E-7	7.21636049E+1	-6.30755227E+1	9.58441833E+1	-7.18298952E-1
8.73764200E+3	1.22404875E+2	1.28299343E-7	7.02123691E+1	-6.05356048E+1	9.27056431E+1	-7.11522039E-1
9.36908711E+3	1.17706740E+2	1.22679542E-7	6.83306432E+1	-5.80852859E+1	8.96826475E+1	-7.04530080E-1
1.00461650E+4	1.13191390E+2	1.17222632E-7	6.65255841E+1	-5.57177705E+1	8.67762831E+1	-6.97215174E-1
1.07721735E+4	1.08856654E+2	1.11948967E-7	6.47830874E+1	-5.34342746E+1	8.39766047E+1	-6.89691906E-1
1.15506485E+4	1.04691079E+2	1.06826497E-7	6.31127570E+1	-5.12261896E+1	8.12855622E+1	-6.81811222E-1
1.23853818E+4	1.00693708E+2	1.01851370E-7	6.15123617E+1	-4.90931474E+1	7.87013837E+1	-6.73582637E-1
1.32804389E+4	9.68501450E+1	9.70298775E-8	5.99732842E+1	-4.70279324E+1	7.62129993E+1	-6.65000086E-1
1.42401793E+4	9.31646776E+1	9.23444574E-8	5.85008222E+1	-4.50318111E+1	7.38255391E+1	-6.56030374E-1
1.52692775E+4	8.96332971E+1	8.77884486E-8	5.70943569E+1	-4.31020860E+1	7.15370913E+1	-6.46647096E-1
1.63727458E+4	8.62529881E+1	8.33605831E-8	5.57511325E+1	-4.12372762E+1	6.93448034E+1	-6.36855161E-1
1.75559587E+4	8.30193367E+1	7.90643596E-8	5.44661076E+1	-3.94358106E+1	6.72438851E+1	-6.26680700E-1
1.88246790E+4	7.99318442E+1	7.48866742E-8	5.32431471E+1	-3.76960236E+1	6.52366686E+1	-6.16073378E-1
2.01850863E+4	7.69885817E+1	7.08183013E-8	5.20844000E+1	-3.60155430E+1	6.33238034E+1	-6.04987810E-1
2.16438064E+4	7.41847022E+1	6.68740019E-8	5.09802133E+1	-3.43943276E+1	6.14975766E+1	-5.93516282E-1
2.32079442E+4	7.15076196E+1	6.30542004E-8	4.99257045E+1	-3.28251775E+1	5.97500483E+1	-5.81615961E-1
2.48851178E+4	6.89650559E+1	5.93510962E-8	4.89254342E+1	-3.13120925E+1	5.80873935E+1	-5.69310498E-1
2.66834962E+4	6.65552621E+1	5.57635141E-8	4.79789036E+1	-2.98542004E+1	5.65088355E+1	-5.56609244E-1
2.86118383E+4	6.42662284E+1	5.22945415E-8	4.70804209E+1	-2.84449473E+1	5.50061913E+1	-5.43485786E-1
3.06795364E+4	6.21043939E+1	4.89455341E-8	4.62312279E+1	-2.70894063E+1	5.35832285E+1	-5.30028071E-1
3.28966612E+4	6.00558260E+1	4.57248717E-8	4.54223304E+1	-2.57815331E+1	5.22290682E+1	-5.16252177E-1
3.52740116E+4	5.81208543E+1	4.26246383E-8	4.46575960E+1	-2.45201291E+1	5.09464192E+1	-5.02128625E-1
3.78231664E+4	5.62985780E+1	3.96513481E-8	4.39338282E+1	-2.33073113E+1	4.97334098E+1	-4.87756229E-1
4.05565415E+4	5.45761992E+1	3.68012427E-8	4.32476224E+1	-2.21344525E+1	4.85828246E+1	-4.73048838E-1
4.34874501E+4	5.29611369E+1	3.40816495E-8	4.25991245E+1	-2.10098227E+1	4.74984006E+1	-4.58191589E-1
4.66301673E+4	5.14377344E+1	3.14823974E-8	4.19862498E+1	-1.99206521E+1	4.64723311E+1	-4.43004855E-1
5.00000000E+4	5.00059576E+1	2.90208464E-8	4.14005815E+1	-1.88750510E+1	4.55002826E+1	-4.27760039E-1
5.36133611E+4	4.86600195E+1	2.66818177E-8	4.08466607E+1	-1.78647586E+1	4.45825000E+1	-4.12294222E-1
5.74878498E+4	4.73998948E+1	2.44653009E-8	4.03246930E+1	-1.68909836E+1	4.37194031E+1	-3.96670833E-1
6.16423370E+4	4.62123835E+1	2.23708572E-8	3.98271199E+1	-1.59469949E+1	4.29011205E+1	-3.80855835E-1
6.60970574E+4	4.51006169E+1	2.03984612E-8	3.93556115E+1	-1.50365618E+1	4.21303021E+1	-3.64953762E-1
7.08737081E+4	4.40544857E+1	1.85461226E-8	3.89043911E+1	-1.41549031E+1	4.13994316E+1	-3.48949246E-1
7.59955541E+4	4.30746361E+1	1.68109214E-8	3.84748341E+1	-1.33032556E+1	4.07098204E+1	-3.32897130E-1
8.14875417E+4	4.21541441E+1	1.51807346E-8	3.80675351E+1	-1.24726548E+1	4.00587613E+1	-3.16622757E-1
8.73764200E+4	4.12912935E+1	1.36598007E-8	3.76784665E+1	-1.16672950E+1	3.94435371E+1	-3.00290148E-1
9.36908711E+4	4.04793537E+1	1.22392375E-8	3.73060647E+1	-1.08803913E+1	3.88603318E+1	-2.83780665E-1
1.00461650E+5	3.97147612E+1	1.09191466E-8	3.69464530E+1	-1.01133161E+1	3.83056074E+1	-2.67184199E-1
1.07721735E+5	3.89990374E+1	9.68889422E-9	3.66048338E+1	-9.36159273E+0	3.77829761E+1	-2.50380666E-1
1.15506485E+5	3.83279954E+1	8.54654966E-9	3.62776568E+1	-8.62446942E+0	3.72887364E+1	-2.33402260E-1
1.23853818E+5	3.76949753E+1	7.48789317E-9	3.59600337E+1	-7.89864234E+0	3.68172864E+1	-2.16216996E-1
1.32804389E+5	3.71005057E+1	6.50468785E-9	3.56546799E+1	-7.17984557E+0	3.63704089E+1	-1.98714195E-1
1.42401793E+5	3.65414123E+1	5.59593296E-9	3.53578470E+1	-6.46902714E+0	3.59447585E+1	-1.80957337E-1
1.52692775E+5	3.60202052E+1	4.75562598E-9	3.50729290E+1	-5.76400379E+0	3.55434115E+1	-1.62887338E-1
1.63727458E+5	3.55298423E+1	3.97809278E-9	3.47942340E+1	-5.05914166E+0	3.51601144E+1	-1.44389854E-1
1.75559587E+5	3.50720700E+1	3.26132138E-9	3.45225022E+1	-4.35573725E+0	3.47962011E+1	-1.25507774E-1
1.88246790E+5	3.46694059E+1	2.59812541E-9	3.42752341E+1	-3.65123344E+0	3.44717275E+1	-1.06125035E-1
2.01850863E+5	3.42501526E+1	1.98535846E-9	3.39972993E+1	-2.93194848E+0	3.41234917E+1	-8.60277750E-2
2.16438064E+5	3.38870715E+1	1.42015479E-9	3.37425458E+1	-2.20831535E+0	3.38147314E+1	-6.53528197E-2
2.32079442E+5	3.35543693E+1	8.99065092E-10	3.34895619E+1	-1.47321538E+0	3.35219500E+1	-4.39619410E-2
2.48851178E+5	3.32550583E+1	4.18901951E-10	3.32392878E+1	-7.24004728E-1	3.32471721E+1	-2.17781512E-2
2.66834962E+5	3.29890494E+1	-2.27547663E-11	3.29889933E+1	4.15173011E-2	3.29890214E+1	1.25852593E-3
2.86118383E+5	3.27591381E+1	-4.29351521E-10	3.27382061E+1	8.27801360E-1	3.27486704E+1	2.52800918E-2
3.06795364E+5	3.25689533E+1	-8.04483713E-10	3.24860830E+1	1.64076761E+0	3.25274917E+1	5.04639033E-2
3.28966612E+5	3.24189391E+1	-1.14549433E-9	3.22290502E+1	2.47383908E+0	3.23238552E+1	7.66077853E-2
3.52740116E+5	3.23208800E+1	-1.45961595E-9	3.19713565E+1	3.34285418E+0	3.21456432E+1	1.04179257E-1
3.78231664E+5	3.22768692E+1	-1.74579952E-9	3.17082504E+1	4.24615393E+0	3.19912965E+1	1.33121252E-1
4.05565415E+5	3.22854873E+1	-2.00541456E-9	3.14299293E+1	5.18556007E+0	3.18548361E+1	1.63514904E-1
4.34874501E+5	3.23678345E+1	-2.23823360E-9	3.11473090E+1	6.16571437E+0	3.17517077E+1	1.95426857E-1
4.66301673E+5	3.25259804E+1	-2.44638972E-9	3.08492957E+1	7.19197484E+0	3.16765463E+1	2.29041493E-1
5.00000000E+5	3.27724730E+1	-2.63108558E-9	3.05319807E+1	8.27082724E+0	3.16323965E+1	2.64541768E-1
