Start time:20240906_15-00-30	sweep/start:500.000	sweep/stop:500000.000	sweep/samplecount:100.000	sweep/xmapping:1.000	sweep/scan:0.000	sweep/averaging/sample:10.000	sweep/settling/time:0.100	sweep/settling/inaccuracy:0.010	sweep/awgcontrol:0.000	sweep/averaging/time:0.100	sweep/averaging/tc:15.000	sweep/bandwidthcontrol:2.000	sweep/sincfilter:0.000	sweep/omegasuppression:80.000	sweep/maxbandwidth:100.000	sweep/bandwidth:1250000.000	sweep/order:8.000	sweep/bandwidthoverlap:1.000																				
Frequency	Param0		Param1		RealZ		ImagZ		AbsZ		PhaseZ		
5.00000000E+2	1.05341587E+3	7.36588442E-7	1.51740346E+2	-3.69892596E+2	3.99807039E+2	-1.18150382E+0
5.36133611E+2	9.61020135E+2	7.19582093E-7	1.49536843E+2	-3.48348389E+2	3.79088216E+2	-1.16531129E+0
5.74878498E+2	8.78389619E+2	7.02050061E-7	1.47341083E+2	-3.28197286E+2	3.59753885E+2	-1.14882375E+0
6.16423370E+2	8.04886157E+2	6.83874377E-7	1.45153779E+2	-3.09455364E+2	3.41807323E+2	-1.13220392E+0
6.60970574E+2	7.39396948E+2	6.65199737E-7	1.42951138E+2	-2.91997591E+2	3.25111709E+2	-1.11553335E+0
7.08737081E+2	6.80910702E+2	6.46200040E-7	1.40706381E+2	-2.75699425E+2	3.09529422E+2	-1.09889389E+0
7.59955541E+2	6.28831945E+2	6.26711671E-7	1.38475035E+2	-2.60580464E+2	2.95088997E+2	-1.08233769E+0
8.14875417E+2	5.82153189E+2	6.07084703E-7	1.36199251E+2	-2.46451998E+2	2.81582713E+2	-1.06592845E+0
8.73764200E+2	5.40463875E+2	5.87290102E-7	1.33891025E+2	-2.33316201E+2	2.69004197E+2	-1.04981860E+0
9.36908711E+2	5.02982061E+2	5.67467863E-7	1.31560455E+2	-2.21052914E+2	2.57240249E+2	-1.03394791E+0
1.00461650E+3	4.69292334E+2	5.47704287E-7	1.29198878E+2	-2.09617955E+2	2.46235738E+2	-1.01843849E+0
1.07721735E+3	4.38859539E+2	5.28113658E-7	1.26809540E+2	-1.98924388E+2	2.35905856E+2	-1.00327571E+0
1.15506485E+3	4.11412405E+2	5.08794414E-7	1.24373703E+2	-1.88944603E+2	2.26205397E+2	-9.88639913E-1
1.23853818E+3	3.86539438E+2	4.89765291E-7	1.21920892E+2	-1.79617721E+2	2.17088071E+2	-9.74454485E-1
1.32804389E+3	3.63938428E+2	4.71151762E-7	1.19433389E+2	-1.70886111E+2	2.08485966E+2	-9.60804728E-1
1.42401793E+3	3.43275223E+2	4.52987396E-7	1.16929571E+2	-1.62685275E+2	2.00347258E+2	-9.47598902E-1
1.52692775E+3	3.24390694E+2	4.35312537E-7	1.14406513E+2	-1.54995344E+2	1.92645808E+2	-9.34936237E-1
1.63727458E+3	3.07026899E+2	4.18169887E-7	1.11871496E+2	-1.47757660E+2	1.85330941E+2	-9.22748737E-1
1.75559587E+3	2.91047861E+2	4.01574596E-7	1.09328138E+2	-1.40950623E+2	1.78380830E+2	-9.11081238E-1
1.88246790E+3	2.76218511E+2	3.85545820E-7	1.06787505E+2	-1.34510646E+2	1.71745991E+2	-8.99788245E-1
2.01850863E+3	2.62506289E+2	3.70089793E-7	1.04245705E+2	-1.28444485E+2	1.65424160E+2	-8.89021374E-1
2.16438064E+3	2.49688158E+2	3.55161169E-7	1.01732223E+2	-1.22686127E+2	1.59377951E+2	-8.78498078E-1
2.32079442E+3	2.37753161E+2	3.40776897E-7	9.92371144E+1	-1.17243048E+2	1.53603181E+2	-8.68383052E-1
2.48851178E+3	2.26568206E+2	3.26911140E-7	9.67740133E+1	-1.12074549E+2	1.48074017E+2	-8.58528903E-1
2.66834962E+3	2.16072766E+2	3.13573112E-7	9.43386205E+1	-1.07164505E+2	1.42772569E+2	-8.48963457E-1
2.86118383E+3	2.06176634E+2	3.00713529E-7	9.19476027E+1	-1.02484562E+2	1.37686045E+2	-8.39538700E-1
3.06795364E+3	1.96858259E+2	2.88325101E-7	8.95992387E+1	-9.80322719E+1	1.32809450E+2	-8.30312590E-1
3.28966612E+3	1.88058813E+2	2.76382999E-7	8.72995027E+1	-9.37882584E+1	1.28130561E+2	-8.21214944E-1
3.52740116E+3	1.79745824E+2	2.64842499E-7	8.50597075E+1	-8.97439305E+1	1.23649210E+2	-8.12188807E-1
3.78231664E+3	1.71855963E+2	2.53706578E-7	8.28755327E+1	-8.58737469E+1	1.19342593E+2	-8.03163565E-1
4.05565415E+3	1.64383303E+2	2.42969870E-7	8.07438421E+1	-8.21788976E+1	1.15208243E+2	-7.94206132E-1
4.34874501E+3	1.57294265E+2	2.32585401E-7	7.86762607E+1	-7.86471265E+1	1.11244436E+2	-7.85212976E-1
4.66301673E+3	1.50579239E+2	2.22535234E-7	7.66744902E+1	-7.52768812E+1	1.07450390E+2	-7.76200685E-1
5.00000000E+3	1.44213267E+2	2.12823197E-7	7.47330798E+1	-7.20587839E+1	1.03814746E+2	-7.67181893E-1
5.36133611E+3	1.38154762E+2	2.03426549E-7	7.28549561E+1	-6.89740121E+1	1.00325765E+2	-7.58041441E-1
5.74878498E+3	1.32396331E+2	1.94342482E-7	7.10367532E+1	-6.60210957E+1	9.69794072E+1	-7.48819300E-1
6.16423370E+3	1.26930020E+2	1.85559283E-7	6.92785209E+1	-6.31981844E+1	9.37737916E+1	-7.39532949E-1
6.60970574E+3	1.21728187E+2	1.77067853E-7	6.75786150E+1	-6.04925866E+1	9.06985241E+1	-7.30125697E-1
7.08737081E+3	1.16780362E+2	1.68849212E-7	6.59394668E+1	-5.79000986E+1	8.77521210E+1	-7.20571522E-1
7.59955541E+3	1.12082548E+2	1.60911480E-7	6.43550422E+1	-5.54211657E+1	8.49298363E+1	-7.10947951E-1
8.14875417E+3	1.07607580E+2	1.53224759E-7	6.28304676E+1	-5.30411806E+1	8.22255102E+1	-7.01114425E-1
8.73764200E+3	1.03349494E+2	1.45804631E-7	6.13569983E+1	-5.07595647E+1	7.96317442E+1	-6.91156588E-1
9.36908711E+3	9.92944218E+1	1.38622824E-7	5.99401815E+1	-4.85685111E+1	7.71474280E+1	-6.80979700E-1
1.00461650E+4	9.54426795E+1	1.31674724E-7	5.85793279E+1	-4.64696709E+1	7.47727758E+1	-6.70628480E-1
1.07721735E+4	9.17801400E+1	1.24961024E-7	5.72703244E+1	-4.44565889E+1	7.25001957E+1	-6.60095984E-1
1.15506485E+4	8.82844410E+1	1.18477379E-7	5.60091264E+1	-4.25171982E+1	7.03188055E+1	-6.49307310E-1
1.23853818E+4	8.49667668E+1	1.12211241E-7	5.47999443E+1	-4.06588264E+1	6.82361640E+1	-6.38329261E-1
1.32804389E+4	8.18064215E+1	1.06154714E-7	5.36402105E+1	-3.88695442E+1	6.62428386E+1	-6.27068542E-1
1.42401793E+4	7.87971976E+1	1.00312957E-7	5.25251643E+1	-3.71475818E+1	6.43337838E+1	-6.15564512E-1
1.52692775E+4	7.59418665E+1	9.46679780E-8	5.14603546E+1	-3.54940450E+1	6.25139613E+1	-6.03803918E-1
1.63727458E+4	7.32272306E+1	8.92262114E-8	5.04394057E+1	-3.39028656E+1	6.07744846E+1	-5.91789415E-1
1.75559587E+4	7.06482033E+1	8.39798018E-8	4.94627065E+1	-3.23711595E+1	5.91138844E+1	-5.79501279E-1
1.88246790E+4	6.82035460E+1	7.89142981E-8	4.85342589E+1	-3.08971558E+1	5.75344119E+1	-5.66901047E-1
2.01850863E+4	6.58810245E+1	7.40466838E-8	4.76437842E+1	-2.94769592E+1	5.60251846E+1	-5.54052351E-1
2.16438064E+4	6.36867399E+1	6.93635538E-8	4.67974920E+1	-2.81135986E+1	5.45928539E+1	-5.40970871E-1
2.32079442E+4	6.16053783E+1	6.48669425E-8	4.59892460E+1	-2.67987709E+1	5.32276704E+1	-5.27615372E-1
2.48851178E+4	5.96397718E+1	6.05479457E-8	4.52229679E+1	-2.55337150E+1	5.19334909E+1	-5.13997153E-1
2.66834962E+4	5.77821831E+1	5.64193563E-8	4.44910500E+1	-2.43174103E+1	5.07029584E+1	-5.00204913E-1
2.86118383E+4	5.60271802E+1	5.24699439E-8	4.37952054E+1	-2.31452332E+1	4.95350569E+1	-4.86177289E-1
3.06795364E+4	5.43747224E+1	4.87001520E-8	4.31352814E+1	-2.20185472E+1	4.84300418E+1	-4.71975243E-1
3.28966612E+4	5.28173376E+1	4.51117456E-8	4.25073203E+1	-2.09344498E+1	4.73827340E+1	-4.57621952E-1
3.52740116E+4	5.13507942E+1	4.16991972E-8	4.19112720E+1	-1.98902578E+1	4.63915628E+1	-4.43105725E-1
3.78231664E+4	4.99722113E+1	3.84630905E-8	4.13454347E+1	-1.88859157E+1	4.54546235E+1	-4.28480817E-1
4.05565415E+4	4.86736633E+1	3.53988474E-8	4.08071215E+1	-1.79167773E+1	4.45671638E+1	-4.13719120E-1
4.34874501E+4	4.74572875E+1	3.25087961E-8	4.02964753E+1	-1.69869209E+1	4.37305547E+1	-3.98943615E-1
4.66301673E+4	4.63131708E+1	2.97808936E-8	3.98119921E+1	-1.60880346E+1	4.29397204E+1	-3.84036039E-1
5.00000000E+4	4.52417387E+1	2.72233339E-8	3.93504457E+1	-1.52258003E+1	4.21933950E+1	-3.69187110E-1
5.36133611E+4	4.42302061E+1	2.48207127E-8	3.89088683E+1	-1.43891357E+1	4.14843014E+1	-3.54218376E-1
5.74878498E+4	4.32847482E+1	2.25678430E-8	3.84925139E+1	-1.35817945E+1	4.08183632E+1	-3.39204857E-1
6.16423370E+4	4.23949952E+1	2.04686876E-8	3.80920887E+1	-1.28026047E+1	4.01859915E+1	-3.24235034E-1
6.60970574E+4	4.15590918E+1	1.85088736E-8	3.77106888E+1	-1.20468220E+1	3.95881545E+1	-3.09207381E-1
7.08737081E+4	4.07743893E+1	1.66864475E-8	3.73460959E+1	-1.13151830E+1	3.90226121E+1	-2.94190034E-1
7.59955541E+4	4.00353352E+1	1.49910595E-8	3.69968800E+1	-1.06025163E+1	3.84861337E+1	-2.79098614E-1
8.14875417E+4	3.93395981E+1	1.34196337E-8	3.66611142E+1	-9.90939916E+0	3.79767495E+1	-2.63988887E-1
8.73764200E+4	3.86859122E+1	1.19658547E-8	3.63389109E+1	-9.23512088E+0	3.74940518E+1	-2.48870032E-1
9.36908711E+4	3.80696690E+1	1.06162304E-8	3.60301877E+1	-8.57221596E+0	3.70358923E+1	-2.33575070E-1
1.00461650E+5	3.74894358E+1	9.37055121E-9	3.57324382E+1	-7.92349653E+0	3.66003955E+1	-2.18214321E-1
1.07721735E+5	3.69405743E+1	8.21776084E-9	3.54442473E+1	-7.28259410E+0	3.61846770E+1	-2.02645934E-1
1.15506485E+5	3.64260196E+1	7.15642675E-9	3.51673043E+1	-6.65324110E+0	3.57911290E+1	-1.86978372E-1
1.23853818E+5	3.59400279E+1	6.17504095E-9	3.48990797E+1	-6.02728174E+0	3.54157295E+1	-1.71019004E-1
1.32804389E+5	3.54784950E+1	5.27152087E-9	3.46349560E+1	-5.40515067E+0	3.50541882E+1	-1.54811837E-1
1.42401793E+5	3.50477739E+1	4.44010672E-9	3.43812432E+1	-4.78708077E+0	3.47129088E+1	-1.38345806E-1
1.52692775E+5	3.46440819E+1	3.67275632E-9	3.41354023E+1	-4.16700999E+0	3.43888016E+1	-1.21471968E-1
1.63727458E+5	3.42629791E+1	2.96801677E-9	3.38920560E+1	-3.54560831E+0	3.40770128E+1	-1.04235576E-1
1.75559587E+5	3.39080695E+1	2.31768742E-9	3.36551530E+1	-2.91752042E+0	3.37813746E+1	-8.64724905E-2
1.88246790E+5	3.35894176E+1	1.72653125E-9	3.34237125E+1	-2.29179218E+0	3.35064426E+1	-6.84648357E-2
2.01850863E+5	3.32743124E+1	1.16784320E-9	3.31936883E+1	-1.63591092E+0	3.32339759E+1	-4.92439488E-2
2.16438064E+5	3.29938264E+1	6.61909850E-10	3.29647498E+1	-9.79027481E-1	3.29792849E+1	-2.96904942E-2
2.32079442E+5	3.27447364E+1	1.96351949E-10	3.27418580E+1	-3.06970383E-1	3.27432972E+1	-9.37519859E-3
2.48851178E+5	3.25217282E+1	-2.32005268E-10	3.25172018E+1	3.83622461E-1	3.25194649E+1	1.17969787E-2
2.66834962E+5	3.23310188E+1	-6.27274603E-10	3.22936802E+1	1.09803745E+0	3.23123441E+1	3.39885273E-2
2.86118383E+5	3.21720301E+1	-9.87102093E-10	3.20675099E+1	1.83075991E+0	3.21197275E+1	5.70288983E-2
3.06795364E+5	3.20476847E+1	-1.31802756E-9	3.18366141E+1	2.59224847E+0	3.19419751E+1	8.12442748E-2
3.28966612E+5	3.19663418E+1	-1.61854052E-9	3.16048865E+1	3.37988907E+0	3.17851003E+1	1.06537062E-1
3.52740116E+5	3.19304398E+1	-1.89371426E-9	3.13670828E+1	4.20366399E+0	3.16475078E+1	1.33221397E-1
3.78231664E+5	3.19435541E+1	-2.14322542E-9	3.11197629E+1	5.06320094E+0	3.15289680E+1	1.61287218E-1
4.05565415E+5	3.20161321E+1	-2.36722866E-9	3.08648943E+1	5.96093843E+0	3.14352434E+1	1.90781187E-1
4.34874501E+5	3.21558839E+1	-2.56756399E-9	3.05986504E+1	6.90283996E+0	3.13676051E+1	2.21878751E-1
4.66301673E+5	3.23735416E+1	-2.74451637E-9	3.03189733E+1	7.89255031E+0	3.13294197E+1	2.54665152E-1
5.00000000E+5	3.26787947E+1	-2.89932175E-9	3.00191500E+1	8.93532947E+0	3.13207539E+1	2.89303420E-1
