Start time:20240905_07-05-09	sweep/start:500.000	sweep/stop:500000.000	sweep/samplecount:100.000	sweep/xmapping:1.000	sweep/scan:0.000	sweep/averaging/sample:10.000	sweep/settling/time:0.100	sweep/settling/inaccuracy:0.010	sweep/awgcontrol:0.000	sweep/averaging/time:0.100	sweep/averaging/tc:15.000	sweep/bandwidthcontrol:2.000	sweep/sincfilter:0.000	sweep/omegasuppression:80.000	sweep/maxbandwidth:100.000	sweep/bandwidth:1250000.000	sweep/order:8.000	sweep/bandwidthoverlap:1.000																				
Frequency	Param0		Param1		RealZ		ImagZ		AbsZ		PhaseZ		
5.00000000E+2	1.12146577E+3	6.91417143E-7	1.61732887E+2	-3.93980150E+2	4.25884828E+2	-1.18126237E+0
5.36133611E+2	1.01843543E+3	6.76000182E-7	1.59665300E+2	-3.70291470E+2	4.03247794E+2	-1.16369595E+0
5.74878498E+2	9.26947945E+2	6.59864590E-7	1.57610363E+2	-3.48217695E+2	3.82225839E+2	-1.14576558E+0
6.16423370E+2	8.45700794E+2	6.42914009E-7	1.55613387E+2	-3.27699281E+2	3.62770380E+2	-1.12745697E+0
6.60970574E+2	7.73381426E+2	6.25330001E-7	1.53633274E+2	-3.08567537E+2	3.44698579E+2	-1.10883663E+0
7.08737081E+2	7.08999401E+2	6.07008995E-7	1.51724981E+2	-2.90779031E+2	3.27983103E+2	-1.08987071E+0
7.59955541E+2	6.51769499E+2	5.88143839E-7	1.49819730E+2	-2.74229783E+2	3.12486682E+2	-1.07077578E+0
8.14875417E+2	6.00843944E+2	5.68735050E-7	1.47948980E+2	-2.58853902E+2	2.98151379E+2	-1.05155568E+0
8.73764200E+2	5.55506862E+2	5.48937050E-7	1.46083326E+2	-2.44560722E+2	2.84868893E+2	-1.03234277E+0
9.36908711E+2	5.15164840E+2	5.28876712E-7	1.44202844E+2	-2.31287199E+2	2.72558673E+2	-1.01329110E+0
1.00461650E+3	4.79187397E+2	5.08631957E-7	1.42323375E+2	-2.18960319E+2	2.61150464E+2	-9.94423782E-1
1.07721735E+3	4.47083660E+2	4.88366081E-7	1.40419637E+2	-2.07513007E+2	2.50558024E+2	-9.75894288E-1
1.15506485E+3	4.18480540E+2	4.68153377E-7	1.38495466E+2	-1.96917902E+2	2.40743963E+2	-9.57848477E-1
1.23853818E+3	3.92909494E+2	4.48187653E-7	1.36524225E+2	-1.87090350E+2	2.31606699E+2	-9.40398970E-1
1.32804389E+3	3.70011675E+2	4.28545842E-7	1.34515798E+2	-1.77982905E+2	2.23097321E+2	-9.23606706E-1
1.42401793E+3	3.49456766E+2	4.09331879E-7	1.32467542E+2	-1.69540638E+2	2.15155009E+2	-9.07542358E-1
1.52692775E+3	3.30951461E+2	3.90680438E-7	1.30359898E+2	-1.61706818E+2	2.07708446E+2	-8.92316817E-1
1.63727458E+3	3.14281692E+2	3.72668888E-7	1.28187487E+2	-1.54450471E+2	2.00716168E+2	-8.78053039E-1
1.75559587E+3	2.99185057E+2	3.55377278E-7	1.25944907E+2	-1.47711588E+2	1.94115516E+2	-8.64771221E-1
1.88246790E+3	2.85441733E+2	3.38853527E-7	1.23631983E+2	-1.41438537E+2	1.87855602E+2	-8.52474055E-1
2.01850863E+3	2.72933995E+2	3.23089923E-7	1.21261632E+2	-1.35617246E+2	1.81924219E+2	-8.41224855E-1
2.16438064E+3	2.61443599E+2	3.08155646E-7	1.18816797E+2	-1.30178567E+2	1.76249513E+2	-8.30996980E-1
2.32079442E+3	2.50845721E+2	2.94045911E-7	1.16301927E+2	-1.25090775E+2	1.70803514E+2	-8.21791012E-1
2.48851178E+3	2.41024505E+2	2.80738655E-7	1.13725664E+2	-1.20321007E+2	1.65561686E+2	-8.13570315E-1
2.66834962E+3	2.31847952E+2	2.68205367E-7	1.11097210E+2	-1.15823444E+2	1.60491932E+2	-8.06222846E-1
2.86118383E+3	2.23246946E+2	2.56445090E-7	1.08410154E+2	-1.11577211E+2	1.55570677E+2	-7.99793707E-1
3.06795364E+3	2.15122699E+2	2.45393512E-7	1.05684709E+2	-1.07544976E+2	1.50781895E+2	-7.94122180E-1
3.28966612E+3	2.07414017E+2	2.35019133E-7	1.02925447E+2	-1.03704063E+2	1.46110165E+2	-7.89166320E-1
3.52740116E+3	2.00062031E+2	2.25269483E-7	1.00145776E+2	-1.00030948E+2	1.41546343E+2	-7.84824532E-1
3.78231664E+3	1.92983017E+2	2.16103049E-7	9.73540465E+1	-9.64876525E+1	1.37068149E+2	-7.80928598E-1
4.05565415E+3	1.86166043E+2	2.07458509E-7	9.45676766E+1	-9.30711795E+1	1.32684928E+2	-7.77422920E-1
4.34874501E+3	1.79577165E+2	1.99292626E-7	9.17965452E+1	-8.97661268E+1	1.28392224E+2	-7.74215612E-1
4.66301673E+3	1.73181882E+2	1.91546203E-7	8.90580674E+1	-8.65557863E+1	1.24190352E+2	-7.71150360E-1
5.00000000E+3	1.66975478E+2	1.84179076E-7	8.63619281E+1	-8.34382492E+1	1.20084654E+2	-7.68181514E-1
5.36133611E+3	1.60923778E+2	1.77154392E-7	8.37162306E+1	-8.03960494E+1	1.16068652E+2	-7.65169768E-1
5.74878498E+3	1.55027667E+2	1.70441415E-7	8.11272128E+1	-7.74295668E+1	1.12147058E+2	-7.62081747E-1
6.16423370E+3	1.49272421E+2	1.63990112E-7	7.86098551E+1	-7.45303559E+1	1.08324897E+2	-7.58765480E-1
6.60970574E+3	1.43659582E+2	1.57783630E-7	7.61647029E+1	-7.16988658E+1	1.04603008E+2	-7.55204925E-1
7.08737081E+3	1.38199195E+2	1.51785153E-7	7.38019335E+1	-6.89394109E+1	1.00991919E+2	-7.51346060E-1
7.59955541E+3	1.32869199E+2	1.45967635E-7	7.15263495E+1	-6.62391878E+1	9.74866592E+1	-7.47039018E-1
8.14875417E+3	1.27702613E+2	1.40327366E-7	6.93344841E+1	-6.36154388E+1	9.40967309E+1	-7.42408130E-1
8.73764200E+3	1.22664764E+2	1.34844663E-7	6.72274593E+1	-6.10484160E+1	9.08099137E+1	-7.37265413E-1
9.36908711E+3	1.17793666E+2	1.29493328E-7	6.52129296E+1	-5.85571838E+1	8.76451368E+1	-7.31674845E-1
1.00461650E+4	1.13074011E+2	1.24258742E-7	6.32909583E+1	-5.61321395E+1	8.45964687E+1	-7.25524802E-1
1.07721735E+4	1.08511495E+2	1.19144544E-7	6.14547620E+1	-5.37760197E+1	8.16611786E+1	-7.18858595E-1
1.15506485E+4	1.04109362E+2	1.14137445E-7	5.97053864E+1	-5.14893820E+1	7.88409136E+1	-7.11643780E-1
1.23853818E+4	9.98669968E+1	1.09226157E-7	5.80429924E+1	-4.92705829E+1	7.61352699E+1	-7.03833950E-1
1.32804389E+4	9.57827792E+1	1.04415803E-7	5.64606085E+1	-4.71185066E+1	7.35387924E+1	-6.95448631E-1
1.42401793E+4	9.18619223E+1	9.96984152E-8	5.49581719E+1	-4.50351264E+1	7.10532427E+1	-6.86484909E-1
1.52692775E+4	8.80961468E+1	9.50671059E-8	5.35339964E+1	-4.30145325E+1	6.86741494E+1	-6.76871065E-1
1.63727458E+4	8.44994222E+1	9.05264630E-8	5.21845107E+1	-4.10650434E+1	6.64045253E+1	-6.66714390E-1
1.75559587E+4	8.10628243E+1	8.60729901E-8	5.09073317E+1	-3.91808058E+1	6.42393340E+1	-6.55958685E-1
1.88246790E+4	7.77831535E+1	8.17063793E-8	4.96996513E+1	-3.73596070E+1	6.21755225E+1	-6.44593093E-1
2.01850863E+4	7.46670774E+1	7.74262533E-8	4.85609316E+1	-3.56053189E+1	6.02154700E+1	-6.32668070E-1
2.16438064E+4	7.17027524E+1	7.32354083E-8	4.74863479E+1	-3.39108916E+1	5.83515367E+1	-6.20138923E-1
2.32079442E+4	6.88919016E+1	6.91458345E-8	4.64699408E+1	-3.22792062E+1	5.65809383E+1	-6.07109810E-1
2.48851178E+4	6.62216352E+1	6.51483747E-8	4.55120133E+1	-3.07007579E+1	5.48988153E+1	-5.93449960E-1
2.66834962E+4	6.37031990E+1	6.12577367E-8	4.46086729E+1	-2.91852949E+1	5.33077401E+1	-5.79358228E-1
2.86118383E+4	6.13249289E+1	5.74654708E-8	4.37608593E+1	-2.77239745E+1	5.18037796E+1	-5.64712311E-1
3.06795364E+4	5.90832429E+1	5.37893449E-8	4.29602602E+1	-2.63181973E+1	5.03808642E+1	-5.49645286E-1
3.28966612E+4	5.69752732E+1	5.02256884E-8	4.22084413E+1	-2.49656752E+1	4.90391422E+1	-5.34135214E-1
3.52740116E+4	5.49934763E+1	4.67855235E-8	4.14990848E+1	-2.36644222E+1	4.77721564E+1	-5.18249364E-1
3.78231664E+4	5.31334726E+1	4.34664711E-8	4.08327789E+1	-2.24114144E+1	4.65788292E+1	-5.01966334E-1
4.05565415E+4	5.13945458E+1	4.02780611E-8	4.02066051E+1	-2.12091746E+1	4.54576749E+1	-4.85408516E-1
4.34874501E+4	4.97655253E+1	3.72163949E-8	3.96190077E+1	-2.00498117E+1	4.44033864E+1	-4.68488202E-1
4.66301673E+4	4.82459163E+1	3.42920495E-8	3.90666518E+1	-1.89368191E+1	4.34143572E+1	-4.51358004E-1
5.00000000E+4	4.68218675E+1	3.15080770E-8	3.85427552E+1	-1.78633643E+1	4.24810990E+1	-4.33997955E-1
5.36133611E+4	4.54969867E+1	2.88592401E-8	3.80526534E+1	-1.68308235E+1	4.16086657E+1	-4.16435151E-1
5.74878498E+4	4.42628773E+1	2.63487606E-8	3.75916867E+1	-1.58360758E+1	4.07911291E+1	-3.98703137E-1
6.16423370E+4	4.31106870E+1	2.39757173E-8	3.71559874E+1	-1.48745667E+1	4.00227453E+1	-3.80788745E-1
6.60970574E+4	4.20434284E+1	2.17420939E-8	3.67474074E+1	-1.39504491E+1	3.93063225E+1	-3.62824389E-1
7.08737081E+4	4.10447012E+1	1.96413033E-8	3.63587878E+1	-1.30527438E+1	3.86307595E+1	-3.44668545E-1
7.59955541E+4	4.01223013E+1	1.76750178E-8	3.59949700E+1	-1.21886487E+1	3.80026451E+1	-3.26501783E-1
8.14875417E+4	3.92627312E+1	1.58369461E-8	3.56494714E+1	-1.13494842E+1	3.74125061E+1	-3.08217591E-1
8.73764200E+4	3.84660537E+1	1.41232147E-8	3.53238212E+1	-1.05354474E+1	3.68614704E+1	-2.89853579E-1
9.36908711E+4	3.77247280E+1	1.25291379E-8	3.50139725E+1	-9.74239730E+0	3.63440860E+1	-2.71378816E-1
1.00461650E+5	3.70364992E+1	1.10509874E-8	3.47191499E+1	-8.96974864E+0	3.58591100E+1	-2.52823434E-1
1.07721735E+5	3.63990515E+1	9.68395093E-9	3.44388515E+1	-8.21626635E+0	3.54053885E+1	-2.34197632E-1
1.15506485E+5	3.58100776E+1	8.41684808E-9	3.41748125E+1	-7.47561842E+0	3.49828913E+1	-2.15354298E-1
1.23853818E+5	3.52620209E+1	7.25333179E-9	3.39183204E+1	-6.75100366E+0	3.45836453E+1	-1.96469510E-1
1.32804389E+5	3.47575995E+1	6.17877377E-9	3.36761305E+1	-6.03484958E+0	3.42125920E+1	-1.77320438E-1
1.42401793E+5	3.42876788E+1	5.19255778E-9	3.34391152E+1	-5.32683855E+0	3.38607389E+1	-1.57972294E-1
1.52692775E+5	3.38583428E+1	4.28672670E-9	3.32143142E+1	-4.62503637E+0	3.35347825E+1	-1.38358601E-1
1.63727458E+5	3.34634046E+1	3.45688723E-9	3.29961253E+1	-3.92662708E+0	3.32289436E+1	-1.18445641E-1
1.75559587E+5	3.31023377E+1	2.69592569E-9	3.27846408E+1	-3.22731574E+0	3.29431063E+1	-9.81237273E-2
1.88246790E+5	3.27666851E+1	2.02064154E-9	3.25609586E+1	-2.54987642E+0	3.26636416E+1	-7.81448717E-2
2.01850863E+5	3.24785611E+1	1.36460088E-9	3.23762662E+1	-1.81986718E+0	3.24273734E+1	-5.61508259E-2
2.16438064E+5	3.22160840E+1	7.85353634E-10	3.21779892E+1	-1.10716007E+0	3.21970309E+1	-3.43938045E-2
2.32079442E+5	3.19851835E+1	2.59000247E-10	3.19805165E+1	-3.86323371E-1	3.19828499E+1	-1.20793735E-2
2.48851178E+5	3.17924571E+1	-2.23070286E-10	3.17885477E+1	3.52497736E-1	3.17905023E+1	1.10883701E-2
2.66834962E+5	3.16336498E+1	-6.61538253E-10	3.15947540E+1	1.10851699E+0	3.16141959E+1	3.50710679E-2
2.86118383E+5	3.15104393E+1	-1.05721233E-9	3.13978270E+1	1.88036389E+0	3.14540827E+1	5.98168987E-2
3.06795364E+5	3.14294072E+1	-1.41529981E-9	3.12000131E+1	2.67527276E+0	3.13145001E+1	8.55366632E-2
3.28966612E+5	3.13861454E+1	-1.74071337E-9	3.09909329E+1	3.49970538E+0	3.11879131E+1	1.12450370E-1
3.52740116E+5	3.14012291E+1	-2.02957623E-9	3.07869835E+1	4.34864307E+0	3.10925895E+1	1.40321132E-1
3.78231664E+5	3.14684214E+1	-2.28812450E-9	3.05732084E+1	5.23158561E+0	3.10175854E+1	1.69475263E-1
4.05565415E+5	3.15963768E+1	-2.51770161E-9	3.03492427E+1	6.15219545E+0	3.09665320E+1	2.00003154E-1
4.34874501E+5	3.17937233E+1	-2.72017981E-9	3.01121801E+1	7.11582104E+0	3.09415307E+1	2.32053405E-1
4.66301673E+5	3.20689303E+1	-2.89519033E-9	2.98594083E+1	8.12249784E+0	3.09444547E+1	2.65598042E-1
5.00000000E+5	3.24353668E+1	-3.04416425E-9	2.95883213E+1	9.17819154E+0	3.09791550E+1	3.00784847E-1
