Start time:20240905_02-03-18	sweep/start:500.000	sweep/stop:500000.000	sweep/samplecount:100.000	sweep/xmapping:1.000	sweep/scan:0.000	sweep/averaging/sample:10.000	sweep/settling/time:0.100	sweep/settling/inaccuracy:0.010	sweep/awgcontrol:0.000	sweep/averaging/time:0.100	sweep/averaging/tc:15.000	sweep/bandwidthcontrol:2.000	sweep/sincfilter:0.000	sweep/omegasuppression:80.000	sweep/maxbandwidth:100.000	sweep/bandwidth:1250000.000	sweep/order:8.000	sweep/bandwidthoverlap:1.000																				
Frequency	Param0		Param1		RealZ		ImagZ		AbsZ		PhaseZ		
5.00000000E+2	1.26618798E+3	7.28723711E-7	1.34661338E+2	-3.90349672E+2	4.12924382E+2	-1.23860406E+0
5.36133611E+2	1.14462514E+3	7.16425766E-7	1.32619738E+2	-3.66349357E+2	3.89615003E+2	-1.22346826E+0
5.74878498E+2	1.03584750E+3	7.03338086E-7	1.30703169E+2	-3.43955254E+2	3.67951814E+2	-1.20764888E+0
6.16423370E+2	9.38971001E+2	6.89521837E-7	1.28836491E+2	-3.23070980E+2	3.47812742E+2	-1.19133611E+0
6.60970574E+2	8.52629893E+2	6.74950984E-7	1.27030354E+2	-3.03600300E+2	3.29104628E+2	-1.17451801E+0
7.08737081E+2	7.75586588E+2	6.59630851E-7	1.25290620E+2	-2.85439960E+2	3.11726984E+2	-1.15717903E+0
7.59955541E+2	7.06987560E+2	6.43668573E-7	1.23565827E+2	-2.68497637E+2	2.95566399E+2	-1.13948265E+0
8.14875417E+2	6.45965514E+2	6.26919404E-7	1.21899467E+2	-2.52751584E+2	2.80611555E+2	-1.12141714E+0
8.73764200E+2	5.91368272E+2	6.09560346E-7	1.20282477E+2	-2.38040664E+2	2.66704394E+2	-1.10291594E+0
9.36908711E+2	5.42823542E+2	5.91665956E-7	1.18660901E+2	-2.24346865E+2	2.53795049E+2	-1.08428352E+0
1.00461650E+3	4.99500236E+2	5.73197727E-7	1.17083616E+2	-2.11600367E+2	2.41833186E+2	-1.06540449E+0
1.07721735E+3	4.60790174E+2	5.54329372E-7	1.15518666E+2	-1.99713045E+2	2.30715980E+2	-1.04639321E+0
1.15506485E+3	4.26343605E+2	5.35110875E-7	1.13951595E+2	-1.88673171E+2	2.20414455E+2	-1.02746803E+0
1.23853818E+3	3.95467143E+2	5.15623291E-7	1.12410887E+2	-1.78377697E+2	2.10843095E+2	-1.00847740E+0
1.32804389E+3	3.67942954E+2	4.96032800E-7	1.10847881E+2	-1.68814818E+2	2.01954688E+2	-9.89778518E-1
1.42401793E+3	3.43313581E+2	4.76364868E-7	1.09294655E+2	-1.59928162E+2	1.93706837E+2	-9.71299468E-1
1.52692775E+3	3.21256953E+2	4.56807444E-7	1.07721413E+2	-1.51665254E+2	1.86027558E+2	-9.53219128E-1
1.63727458E+3	3.01455439E+2	4.37400216E-7	1.06147994E+2	-1.43984347E+2	1.78882333E+2	-9.35525375E-1
1.75559587E+3	2.83656368E+2	4.18374040E-7	1.04529271E+2	-1.36835757E+2	1.72192895E+2	-9.18456395E-1
1.88246790E+3	2.67625955E+2	3.99689220E-7	1.02904439E+2	-1.30194373E+2	1.65951494E+2	-9.01942160E-1
2.01850863E+3	2.53160080E+2	3.81503258E-7	1.01247713E+2	-1.24019269E+2	1.60099591E+2	-8.86142906E-1
2.16438064E+3	2.40056384E+2	3.63872543E-7	9.95637770E+1	-1.18270766E+2	1.54599224E+2	-8.71065036E-1
2.32079442E+3	2.28165576E+2	3.46896055E-7	9.78375767E+1	-1.12920216E+2	1.49409393E+2	-8.56840219E-1
2.48851178E+3	2.17304797E+2	3.30557923E-7	9.60905605E+1	-1.07923787E+2	1.44502386E+2	-8.43335183E-1
2.66834962E+3	2.07397984E+2	3.14960964E-7	9.42970932E+1	-1.03271899E+2	1.39846440E+2	-8.30793140E-1
2.86118383E+3	1.98269364E+2	3.00103864E-7	9.24673343E+1	-9.89102188E+1	1.35401032E+2	-8.19051286E-1
3.06795364E+3	1.89845429E+2	2.85951718E-7	9.06151905E+1	-9.48249273E+1	1.31159749E+2	-8.08095593E-1
3.28966612E+3	1.82032340E+2	2.72545649E-7	8.87282263E+1	-9.09874076E+1	1.27088184E+2	-7.97968368E-1
3.52740116E+3	1.74750250E+2	2.59856349E-7	8.68146494E+1	-8.73733265E+1	1.23170133E+2	-7.88605475E-1
3.78231664E+3	1.67906357E+2	2.47877303E-7	8.48729744E+1	-8.39481388E+1	1.19376345E+2	-7.79920017E-1
4.05565415E+3	1.61464170E+2	2.36550398E-7	8.29175300E+1	-8.07024985E+1	1.15707433E+2	-7.71861335E-1
4.34874501E+3	1.55374282E+2	2.25854591E-7	8.09494697E+1	-7.76186121E+1	1.12149301E+2	-7.64395401E-1
4.66301673E+3	1.49579115E+2	2.15742629E-7	7.89778190E+1	-7.46721921E+1	1.08689614E+2	-7.57383195E-1
5.00000000E+3	1.44050850E+2	2.06164103E-7	7.70128798E+1	-7.18525370E+1	1.05326971E+2	-7.50747555E-1
5.36133611E+3	1.38756544E+2	1.97094822E-7	7.50555667E+1	-6.91455918E+1	1.02051218E+2	-7.44436848E-1
5.74878498E+3	1.33648040E+2	1.88492375E-7	7.31120546E+1	-6.65275146E+1	9.88497990E+1	-7.38279239E-1
6.16423370E+3	1.28742833E+2	1.80294607E-7	7.11986607E+1	-6.40083423E+1	9.57408859E+1	-7.32268140E-1
6.60970574E+3	1.23994969E+2	1.72483808E-7	6.93130469E+1	-6.15643609E+1	9.27063592E+1	-7.26261517E-1
7.08737081E+3	1.19412242E+2	1.65016460E-7	6.74651139E+1	-5.91998210E+1	8.97561165E+1	-7.20237340E-1
7.59955541E+3	1.14974261E+2	1.57850868E-7	6.56626154E+1	-5.69028252E+1	8.68879199E+1	-7.14049169E-1
8.14875417E+3	1.10676495E+2	1.50960878E-7	6.39090183E+1	-5.46704991E+1	8.41024739E+1	-7.07645321E-1
8.73764200E+3	1.06521714E+2	1.44325082E-7	6.22070323E+1	-5.25041405E+1	8.14027006E+1	-7.01013617E-1
9.36908711E+3	1.02499668E+2	1.37919549E-7	6.05593298E+1	-5.03972098E+1	7.87864913E+1	-6.94066471E-1
1.00461650E+4	9.86180241E+1	1.31708144E-7	5.89750338E+1	-4.83523181E+1	7.62627124E+1	-6.86744545E-1
1.07721735E+4	9.48678427E+1	1.25687515E-7	5.74499985E+1	-4.63643728E+1	7.38251814E+1	-6.79018128E-1
1.15506485E+4	9.12508917E+1	1.19850563E-7	5.59828241E+1	-4.44342885E+1	7.14736497E+1	-6.70895558E-1
1.23853818E+4	8.77649310E+1	1.14169918E-7	5.45792133E+1	-4.25587866E+1	6.92108436E+1	-6.62278191E-1
1.32804389E+4	8.44159754E+1	1.08650938E-7	5.32346196E+1	-4.07422089E+1	6.70362016E+1	-6.53242199E-1
1.42401793E+4	8.11984632E+1	1.03271876E-7	5.19528906E+1	-3.89793792E+1	6.49499413E+1	-6.43682310E-1
1.52692775E+4	7.81100021E+1	9.80383037E-8	5.07286497E+1	-3.72695453E+1	6.29477158E+1	-6.33626824E-1
1.63727458E+4	7.51598648E+1	9.29367680E-8	4.95660814E+1	-3.56171796E+1	6.10358907E+1	-6.23087025E-1
1.75559587E+4	7.23395032E+1	8.79762076E-8	4.84582140E+1	-3.40182976E+1	5.92067826E+1	-6.12075712E-1
1.88246790E+4	6.96470263E+1	8.31463645E-8	4.74065201E+1	-3.24706784E+1	5.74606225E+1	-6.00547725E-1
2.01850863E+4	6.70853430E+1	7.84427282E-8	4.64119604E+1	-3.09756710E+1	5.57993036E+1	-5.88515023E-1
2.16438064E+4	6.46473730E+1	7.38797876E-8	4.54664002E+1	-2.95311661E+1	5.42151577E+1	-5.76035081E-1
2.32079442E+4	6.23321836E+1	6.94492866E-8	4.45717657E+1	-2.81356207E+1	5.27091593E+1	-5.63076164E-1
2.48851178E+4	6.01315400E+1	6.51583637E-8	4.37223365E+1	-2.67852323E+1	5.12746664E+1	-5.49648181E-1
2.66834962E+4	5.80537360E+1	6.10119960E-8	4.29187228E+1	-2.54867696E+1	4.99158512E+1	-5.35876317E-1
2.86118383E+4	5.60857503E+1	5.69991331E-8	4.21606065E+1	-2.42299915E+1	4.86272480E+1	-5.21613979E-1
3.06795364E+4	5.42330658E+1	5.31358098E-8	4.14443806E+1	-2.30221442E+1	4.74094486E+1	-5.07052192E-1
3.28966612E+4	5.24845810E+1	4.94235327E-8	4.07656333E+1	-2.18570426E+1	4.62554557E+1	-4.92158116E-1
3.52740116E+4	5.08374361E+1	4.58480110E-8	4.01288049E+1	-2.07297988E+1	4.51668635E+1	-4.76824652E-1
3.78231664E+4	4.92882878E+1	4.24337837E-8	3.95238771E+1	-1.96450337E+1	4.41368805E+1	-4.61278547E-1
4.05565415E+4	4.78357124E+1	3.91646662E-8	3.89568262E+1	-1.85982045E+1	4.31685943E+1	-4.45409208E-1
4.34874501E+4	4.64710367E+1	3.60527978E-8	3.84194504E+1	-1.75879932E+1	4.22538955E+1	-4.29312166E-1
4.66301673E+4	4.51937877E+1	3.30976345E-8	3.79122282E+1	-1.66150573E+1	4.13932022E+1	-4.13040292E-1
5.00000000E+4	4.39982704E+1	3.02877493E-8	3.74367676E+1	-1.56729527E+1	4.05851330E+1	-3.96481002E-1
5.36133611E+4	4.28786263E+1	2.76389288E-8	3.69841456E+1	-1.47649018E+1	3.98224730E+1	-3.79835908E-1
5.74878498E+4	4.18336306E+1	2.51354893E-8	3.65596376E+1	-1.38857936E+1	3.91078301E+1	-3.62982833E-1
6.16423370E+4	4.08569156E+1	2.27798162E-8	3.61584185E+1	-1.30341942E+1	3.84359396E+1	-3.45975730E-1
6.60970574E+4	3.99455283E+1	2.05732176E-8	3.57779802E+1	-1.22109148E+1	3.78043691E+1	-3.28900587E-1
7.08737081E+4	3.90962933E+1	1.85069240E-8	3.54191707E+1	-1.14123014E+1	3.72123405E+1	-3.11703571E-1
7.59955541E+4	3.83061018E+1	1.65740411E-8	3.50819695E+1	-1.06352669E+1	3.66586074E+1	-2.94348571E-1
8.14875417E+4	3.75698506E+1	1.47751637E-8	3.47619013E+1	-9.87975950E+0	3.61386142E+1	-2.76910469E-1
8.73764200E+4	3.68853577E+1	1.31064772E-8	3.44580811E+1	-9.14545191E+0	3.56510680E+1	-2.59426964E-1
9.36908711E+4	3.62484848E+1	1.15548724E-8	3.41710715E+1	-8.42540420E+0	3.51944536E+1	-2.41743505E-1
1.00461650E+5	3.56554289E+1	1.01217940E-8	3.38963717E+1	-7.72176434E+0	3.47647763E+1	-2.23982711E-1
1.07721735E+5	3.51054694E+1	8.79705867E-9	3.36358871E+1	-7.03069672E+0	3.43628230E+1	-2.06056922E-1
1.15506485E+5	3.45973148E+1	7.57557761E-9	3.33892358E+1	-6.35112801E+0	3.39879082E+1	-1.87969287E-1
1.23853818E+5	3.41270506E+1	6.45059313E-9	3.31540522E+1	-5.67968544E+0	3.36370334E+1	-1.69664984E-1
1.32804389E+5	3.36872772E+1	5.41880873E-9	3.29233838E+1	-5.01494545E+0	3.33031402E+1	-1.51159803E-1
1.42401793E+5	3.32894747E+1	4.47165717E-9	3.27092290E+1	-4.35653340E+0	3.29980765E+1	-1.32410439E-1
1.52692775E+5	3.29244387E+1	3.60534126E-9	3.25028894E+1	-3.70156241E+0	3.27129851E+1	-1.13395557E-1
1.63727458E+5	3.25864875E+1	2.81198708E-9	3.22994753E+1	-3.04472256E+0	3.24426640E+1	-9.39876539E-2
1.75559587E+5	3.22823974E+1	2.08693322E-9	3.21050879E+1	-2.38590194E+0	3.21936206E+1	-7.41790282E-2
1.88246790E+5	3.20100980E+1	1.43316530E-9	3.19115425E+1	-1.73147441E+0	3.19607754E+1	-5.42027383E-2
2.01850863E+5	3.17646127E+1	8.23434857E-10	3.17296957E+1	-1.05256546E+0	3.17471494E+1	-3.31607250E-2
2.16438064E+5	3.15524861E+1	2.74356547E-10	3.15481137E+1	-3.71394803E-1	3.15502998E+1	-1.17717860E-2
2.32079442E+5	3.13685239E+1	-2.22539566E-10	3.13652736E+1	3.19276382E-1	3.13668987E+1	1.01789454E-2
2.48851178E+5	3.12236624E+1	-6.74717858E-10	3.11898195E+1	1.02739736E+0	3.12067363E+1	3.29282456E-2
2.66834962E+5	3.11116277E+1	-1.08647148E-9	3.10120250E+1	1.75749543E+0	3.10617864E+1	5.66108357E-2
2.86118383E+5	3.10325221E+1	-1.45443778E-9	3.08295463E+1	2.50152598E+0	3.09308677E+1	8.09631639E-2
3.06795364E+5	3.09941271E+1	-1.78721922E-9	3.06447231E+1	3.27221340E+0	3.08189299E+1	1.06375944E-1
3.28966612E+5	3.10031109E+1	-2.08660809E-9	3.04585248E+1	4.07273902E+0	3.07296115E+1	1.32925799E-1
3.52740116E+5	3.10540718E+1	-2.35199880E-9	3.02610847E+1	4.89863265E+0	3.06550142E+1	1.60486766E-1
3.78231664E+5	3.11688743E+1	-2.58728141E-9	3.00646394E+1	5.76180289E+0	3.06117782E+1	1.89351260E-1
4.05565415E+5	3.13419240E+1	-2.79521698E-9	2.98540448E+1	6.66476845E+0	3.05889391E+1	2.19643464E-1
4.34874501E+5	3.15853321E+1	-2.97542336E-9	2.96314047E+1	7.60904671E+0	3.05927730E+1	2.51358917E-1
4.66301673E+5	3.19071967E+1	-3.12819435E-9	2.93935160E+1	8.59568833E+0	3.06245766E+1	2.84501941E-1
5.00000000E+5	3.23228031E+1	-3.25494518E-9	2.91394359E+1	9.63127230E+0	3.06898719E+1	3.19219701E-1
