Start time:20240905_06-03-45	sweep/start:500.000	sweep/stop:500000.000	sweep/samplecount:100.000	sweep/xmapping:1.000	sweep/scan:0.000	sweep/averaging/sample:10.000	sweep/settling/time:0.100	sweep/settling/inaccuracy:0.010	sweep/awgcontrol:0.000	sweep/averaging/time:0.100	sweep/averaging/tc:15.000	sweep/bandwidthcontrol:2.000	sweep/sincfilter:0.000	sweep/omegasuppression:80.000	sweep/maxbandwidth:100.000	sweep/bandwidth:1250000.000	sweep/order:8.000	sweep/bandwidthoverlap:1.000																				
Frequency	Param0		Param1		RealZ		ImagZ		AbsZ		PhaseZ		
5.00000000E+2	1.12390480E+3	6.87302606E-7	1.63140614E+2	-3.95903557E+2	4.28199126E+2	-1.17992690E+0
5.36133611E+2	1.02093595E+3	6.71870306E-7	1.61052027E+2	-3.72137086E+2	4.05492013E+2	-1.16235775E+0
5.74878498E+2	9.29237069E+2	6.55751093E-7	1.58995261E+2	-3.49949683E+2	3.84375177E+2	-1.14434120E+0
6.16423370E+2	8.48010818E+2	6.38787056E-7	1.56985951E+2	-3.29364815E+2	3.64864047E+2	-1.12601692E+0
6.60970574E+2	7.75644135E+2	6.21192421E-7	1.55002763E+2	-3.10163053E+2	3.46737621E+2	-1.10735189E+0
7.08737081E+2	7.11271703E+2	6.02867597E-7	1.53085520E+2	-2.92318690E+2	3.29977869E+2	-1.08837375E+0
7.59955541E+2	6.54123430E+2	5.84038764E-7	1.51149477E+2	-2.75724941E+2	3.14436653E+2	-1.06934431E+0
8.14875417E+2	6.03194330E+2	5.64688026E-7	1.49253736E+2	-2.60292763E+2	3.00048333E+2	-1.05015992E+0
8.73764200E+2	5.57917997E+2	5.44944728E-7	1.47360260E+2	-2.45967250E+2	2.86731471E+2	-1.03103503E+0
9.36908711E+2	5.17550316E+2	5.24905611E-7	1.45479970E+2	-2.32655926E+2	2.74396068E+2	-1.01198063E+0
1.00461650E+3	4.81672489E+2	5.04754009E-7	1.43560970E+2	-2.20317078E+2	2.62962674E+2	-9.93289620E-1
1.07721735E+3	4.49629941E+2	4.84578110E-7	1.41627977E+2	-2.08858070E+2	2.52349317E+2	-9.74915723E-1
1.15506485E+3	4.21013196E+2	4.64514602E-7	1.39663695E+2	-1.98227921E+2	2.42487643E+2	-9.57015731E-1
1.23853818E+3	3.95442192E+2	4.44698849E-7	1.37653513E+2	-1.88375995E+2	2.33310964E+2	-9.39737246E-1
1.32804389E+3	3.72545025E+2	4.25207581E-7	1.35608693E+2	-1.79250173E+2	2.24767308E+2	-9.23127109E-1
1.42401793E+3	3.52006961E+2	4.06161574E-7	1.33517782E+2	-1.70798681E+2	2.16792961E+2	-9.07297766E-1
1.52692775E+3	3.33514077E+2	3.87714848E-7	1.31354398E+2	-1.62955705E+2	2.09304898E+2	-8.92362530E-1
1.63727458E+3	3.16783908E+2	3.69910130E-7	1.29131588E+2	-1.55665799E+2	2.02254316E+2	-8.78298711E-1
1.75559587E+3	3.01718234E+2	3.52810871E-7	1.26837234E+2	-1.48934286E+2	1.95624911E+2	-8.65355448E-1
1.88246790E+3	2.87906803E+2	3.36494987E-7	1.24471501E+2	-1.42629018E+2	1.89304494E+2	-8.53273824E-1
2.01850863E+3	2.75352938E+2	3.20944953E-7	1.22042367E+2	-1.36785907E+2	1.83315913E+2	-8.42299311E-1
2.16438064E+3	2.63817087E+2	3.06222915E-7	1.19536370E+2	-1.31327044E+2	1.77583042E+2	-8.32363975E-1
2.32079442E+3	2.53150430E+2	2.92302605E-7	1.16967743E+2	-1.26210068E+2	1.72076827E+2	-8.23386325E-1
2.48851178E+3	2.43250028E+2	2.79204902E-7	1.14325699E+2	-1.21405781E+2	1.66762494E+2	-8.15423657E-1
2.66834962E+3	2.34022047E+2	2.66848054E-7	1.11641486E+2	-1.16887755E+2	1.61637152E+2	-8.08350795E-1
2.86118383E+3	2.25315550E+2	2.55268571E-7	1.08894148E+2	-1.12594890E+2	1.56638261E+2	-8.02105073E-1
3.06795364E+3	2.17109319E+2	2.44379586E-7	1.06112486E+2	-1.08527184E+2	1.51782771E+2	-7.96647696E-1
3.28966612E+3	2.09290764E+2	2.34154273E-7	1.03300002E+2	-1.04636732E+2	1.47036513E+2	-7.91826616E-1
3.52740116E+3	2.01823949E+2	2.24529984E-7	1.00474733E+2	-1.00911026E+2	1.42401570E+2	-7.87564615E-1
3.78231664E+3	1.94646775E+2	2.15474168E-7	9.76415620E+1	-9.73228665E+1	1.37860854E+2	-7.83763530E-1
4.05565415E+3	1.87739245E+2	2.06918754E-7	9.48215466E+1	-9.38647945E+1	1.33423107E+2	-7.80327611E-1
4.34874501E+3	1.81046530E+2	1.98828886E-7	9.20210651E+1	-9.05108723E+1	1.29073988E+2	-7.77124771E-1
4.66301673E+3	1.74550399E+2	1.91155096E-7	8.92535852E+1	-8.72527725E+1	1.24816861E+2	-7.74063007E-1
5.00000000E+3	1.68233392E+2	1.83839650E-7	8.65368568E+1	-8.40818721E+1	1.20658149E+2	-7.71010437E-1
5.36133611E+3	1.62089991E+2	1.76878220E-7	8.38647997E+1	-8.09959252E+1	1.16591786E+2	-7.67998113E-1
5.74878498E+3	1.56101258E+2	1.70201726E-7	8.12610464E+1	-7.79845739E+1	1.12627490E+2	-7.64826104E-1
6.16423370E+3	1.50255351E+2	1.63791733E-7	7.87263729E+1	-7.50414346E+1	1.08761476E+2	-7.61438448E-1
6.60970574E+3	1.44567076E+2	1.57597968E-7	7.62769984E+1	-7.21731394E+1	1.05010202E+2	-7.57760506E-1
7.08737081E+3	1.39031544E+2	1.51621808E-7	7.39053292E+1	-6.93770441E+1	1.01366523E+2	-7.53804757E-1
7.59955541E+3	1.33629583E+2	1.45830224E-7	7.16190874E+1	-6.66418412E+1	9.78285680E+1	-7.49414767E-1
8.14875417E+3	1.28391091E+2	1.40199368E-7	6.94237069E+1	-6.39822970E+1	9.44107275E+1	-7.44632417E-1
8.73764200E+3	1.23310340E+2	1.34715259E-7	6.73191694E+1	-6.13944545E+1	9.11106451E+1	-7.39400423E-1
9.36908711E+3	1.18385074E+2	1.29366974E-7	6.53043294E+1	-5.88761613E+1	8.79264342E+1	-7.33679607E-1
1.00461650E+4	1.13618185E+2	1.24140410E-7	6.33799551E+1	-5.64278010E+1	8.48593865E+1	-7.27435583E-1
1.07721735E+4	1.09012264E+2	1.19024906E-7	6.15455305E+1	-5.40496552E+1	8.19098137E+1	-7.20642914E-1
1.15506485E+4	1.04569703E+2	1.14024342E-7	5.97943207E+1	-5.17427633E+1	7.90738539E+1	-7.13335895E-1
1.23853818E+4	1.00290693E+2	1.09116004E-7	5.81317279E+1	-4.95052867E+1	7.63549031E+1	-7.05425275E-1
1.32804389E+4	9.61739056E+1	1.04311026E-7	5.65481295E+1	-4.73367034E+1	7.37458776E+1	-6.96959859E-1
1.42401793E+4	9.22195616E+1	9.95911181E-8	5.50475545E+1	-4.52352523E+1	7.12492900E+1	-6.87862332E-1
1.52692775E+4	8.84351400E+1	9.49672510E-8	5.36222917E+1	-4.32058405E+1	6.88628699E+1	-6.78233588E-1
1.63727458E+4	8.48150131E+1	9.04299394E-8	5.22727350E+1	-4.12440763E+1	6.65846280E+1	-6.68008016E-1
1.75559587E+4	8.13576191E+1	8.59791686E-8	5.09958693E+1	-3.93487451E+1	6.44119746E+1	-6.57186480E-1
1.88246790E+4	7.80581865E+1	8.16152904E-8	4.97883789E+1	-3.75167674E+1	6.23409219E+1	-6.45753030E-1
2.01850863E+4	7.49224777E+1	7.73336339E-8	4.86514192E+1	-3.57508636E+1	6.03745381E+1	-6.33725962E-1
2.16438064E+4	7.19396977E+1	7.31476049E-8	4.75756594E+1	-3.40460740E+1	5.85028080E+1	-6.21132174E-1
2.32079442E+4	6.91157328E+1	6.90614369E-8	4.65595043E+1	-3.24068938E+1	5.67273677E+1	-6.08057750E-1
2.48851178E+4	6.64387031E+1	6.50757099E-8	4.55995583E+1	-3.08262185E+1	5.50415797E+1	-5.94450146E-1
2.66834962E+4	6.39049201E+1	6.11816963E-8	4.46983962E+1	-2.93001839E+1	5.34457428E+1	-5.80237969E-1
2.86118383E+4	6.15154049E+1	5.74013785E-8	4.38468195E+1	-2.78336354E+1	5.19351023E+1	-5.65610194E-1
3.06795364E+4	5.92665798E+1	5.37273883E-8	4.30477648E+1	-2.64231663E+1	5.05103334E+1	-5.50512377E-1
3.28966612E+4	5.71509850E+1	5.01727983E-8	4.22941126E+1	-2.50670744E+1	4.91645217E+1	-5.35023257E-1
3.52740116E+4	5.51595706E+1	4.67323476E-8	4.15860129E+1	-2.37585798E+1	4.78943275E+1	-5.19058081E-1
3.78231664E+4	5.32924467E+1	4.34227850E-8	4.09173264E+1	-2.25023735E+1	4.66967283E+1	-5.02802755E-1
4.05565415E+4	5.15480673E+1	4.02368952E-8	4.02922546E+1	-2.12960570E+1	4.55739821E+1	-4.86217846E-1
4.34874501E+4	4.99107582E+1	3.71839297E-8	3.97015137E+1	-2.01326212E+1	4.45144094E+1	-4.69311137E-1
4.66301673E+4	4.83823394E+1	3.42660501E-8	3.91462920E+1	-1.90146521E+1	4.35199861E+1	-4.52169131E-1
5.00000000E+4	4.69551993E+1	3.14844689E-8	3.86238484E+1	-1.79384731E+1	4.25862712E+1	-4.34797409E-1
5.36133611E+4	4.56266130E+1	2.88407963E-8	3.81334833E+1	-1.69038199E+1	4.17121287E+1	-4.17251744E-1
5.74878498E+4	4.43857785E+1	2.63379857E-8	3.76691610E+1	-1.59062672E+1	4.08897913E+1	-3.99549524E-1
6.16423370E+4	4.32310590E+1	2.39702489E-8	3.72333321E+1	-1.49437393E+1	4.01202739E+1	-3.81672900E-1
6.60970574E+4	4.21564310E+1	2.17401387E-8	3.68220476E+1	-1.40150959E+1	3.93990623E+1	-3.63686013E-1
7.08737081E+4	4.11567164E+1	1.96434176E-8	3.64343795E+1	-1.31169893E+1	3.87236287E+1	-3.45570469E-1
7.59955541E+4	4.02291561E+1	1.76811135E-8	3.60684704E+1	-1.22502882E+1	3.80920481E+1	-3.27415601E-1
8.14875417E+4	3.93634624E+1	1.58451213E-8	3.57206313E+1	-1.14072003E+1	3.74978363E+1	-3.09108554E-1
8.73764200E+4	3.85641445E+1	1.41339051E-8	3.53947329E+1	-1.05915281E+1	3.69454678E+1	-2.90759615E-1
9.36908711E+4	3.78212445E+1	1.25456812E-8	3.50839416E+1	-9.79976333E+0	3.64268902E+1	-2.72381115E-1
1.00461650E+5	3.71256558E+1	1.10679640E-8	3.47855120E+1	-9.02236606E+0	3.59365405E+1	-2.53779147E-1
1.07721735E+5	3.64865807E+1	9.70239130E-9	3.45056013E+1	-8.26770091E+0	3.54822689E+1	-2.35171084E-1
1.15506485E+5	3.58921448E+1	8.44158385E-9	3.42367131E+1	-7.52838202E+0	3.50546582E+1	-2.16447364E-1
1.23853818E+5	3.53419242E+1	7.27517844E-9	3.39814564E+1	-6.79931398E+0	3.46550149E+1	-1.97481088E-1
1.32804389E+5	3.48445515E+1	6.21835882E-9	3.37415619E+1	-6.10053454E+0	3.42886219E+1	-1.78869494E-1
1.42401793E+5	3.43619934E+1	5.21932112E-9	3.34993874E+1	-5.37557057E+0	3.39279491E+1	-1.59111279E-1
1.52692775E+5	3.39290240E+1	4.31286539E-9	3.32732316E+1	-4.67122302E+0	3.35995279E+1	-1.39478249E-1
1.63727458E+5	3.35295935E+1	3.48210355E-9	3.30527774E+1	-3.96989760E+0	3.32903318E+1	-1.19535232E-1
1.75559587E+5	3.31659850E+1	2.72321528E-9	3.28400264E+1	-3.27177028E+0	3.30026033E+1	-9.92998414E-2
1.88246790E+5	3.28215856E+1	2.05901941E-9	3.26087582E+1	-2.60636950E+0	3.27149845E+1	-7.97559336E-2
2.01850863E+5	3.25357053E+1	1.39288829E-9	3.24285773E+1	-1.86386678E+0	3.24820971E+1	-5.74128934E-2
2.16438064E+5	3.22713739E+1	8.12248982E-10	3.22304187E+1	-1.14891013E+0	3.22508898E+1	-3.56316778E-2
2.32079442E+5	3.20380380E+1	2.83474200E-10	3.20324195E+1	-4.24214685E-1	3.20352286E+1	-1.32425183E-2
2.48851178E+5	3.18394773E+1	-1.97715526E-10	3.18363925E+1	3.13364578E-1	3.18379349E+1	9.84265209E-3
2.66834962E+5	3.16760956E+1	-6.35370002E-10	3.16400674E+1	1.06762390E+0	3.16580764E+1	3.37299857E-2
2.86118383E+5	3.15491631E+1	-1.03185065E-9	3.14414755E+1	1.84006521E+0	3.14952733E+1	5.84568240E-2
3.06795364E+5	3.14643237E+1	-1.39228511E-9	3.12415396E+1	2.63819935E+0	3.13527337E+1	8.42453746E-2
3.28966612E+5	3.14241478E+1	-1.71577429E-9	3.10386524E+1	3.45906262E+0	3.12308053E+1	1.10985723E-1
3.52740116E+5	3.14315569E+1	-2.00822345E-9	3.08281989E+1	4.31281318E+0	3.11284160E+1	1.38996234E-1
3.78231664E+5	3.14931364E+1	-2.26686244E-9	3.06119861E+1	5.19362210E+0	3.10494357E+1	1.68059445E-1
4.05565415E+5	3.16191660E+1	-2.50061693E-9	3.03856469E+1	6.12218984E+0	3.09962709E+1	1.98821073E-1
4.34874501E+5	3.18127815E+1	-2.70288005E-9	3.01485592E+1	7.08335106E+0	3.09694934E+1	2.30762913E-1
4.66301673E+5	3.20831423E+1	-2.87827990E-9	2.98948275E+1	8.08821727E+0	3.09696626E+1	2.64229741E-1
5.00000000E+5	3.24483558E+1	-3.02928421E-9	2.96234652E+1	9.14783913E+0	3.10037535E+1	2.99513957E-1
