Start time:20240906_23-39-25	sweep/start:500.000	sweep/stop:500000.000	sweep/samplecount:100.000	sweep/xmapping:1.000	sweep/scan:0.000	sweep/averaging/sample:10.000	sweep/settling/time:0.100	sweep/settling/inaccuracy:0.010	sweep/awgcontrol:0.000	sweep/averaging/time:0.100	sweep/averaging/tc:15.000	sweep/bandwidthcontrol:2.000	sweep/sincfilter:0.000	sweep/omegasuppression:80.000	sweep/maxbandwidth:100.000	sweep/bandwidth:1250000.000	sweep/order:8.000	sweep/bandwidthoverlap:1.000																				
Frequency	Param0		Param1		RealZ		ImagZ		AbsZ		PhaseZ		
5.00000000E+2	1.05942791E+3	7.46985838E-7	1.47529601E+2	-3.66786002E+2	3.95344100E+2	-1.18837543E+0
5.36133611E+2	9.65265073E+2	7.30301539E-7	1.45392787E+2	-3.45258578E+2	3.74623214E+2	-1.17222282E+0
5.74878498E+2	8.81557018E+2	7.12913859E-7	1.43265373E+2	-3.25225453E+2	3.55382284E+2	-1.15586146E+0
6.16423370E+2	8.06892372E+2	6.94986976E-7	1.41129331E+2	-3.06526782E+2	3.37455419E+2	-1.13931565E+0
6.60970574E+2	7.40313307E+2	6.76371343E-7	1.39041754E+2	-2.89139817E+2	3.20833986E+2	-1.12256084E+0
7.08737081E+2	6.81069370E+2	6.57334615E-7	1.36911323E+2	-2.72949402E+2	3.05362229E+2	-1.10586982E+0
7.59955541E+2	6.28207492E+2	6.37913881E-7	1.34763301E+2	-2.57872364E+2	2.90962722E+2	-1.08923504E+0
8.14875417E+2	5.81036729E+2	6.18188209E-7	1.32592204E+2	-2.43844707E+2	2.77562489E+2	-1.07275904E+0
8.73764200E+2	5.38748850E+2	5.98335653E-7	1.30387043E+2	-2.30748956E+2	2.65039362E+2	-1.05646418E+0
9.36908711E+2	5.00921934E+2	5.78368140E-7	1.28154725E+2	-2.18567782E+2	2.53368328E+2	-1.04048255E+0
1.00461650E+3	4.66921977E+2	5.58476836E-7	1.25878267E+2	-2.07195528E+2	2.42436231E+2	-1.02485575E+0
1.07721735E+3	4.36271047E+2	5.38706647E-7	1.23576616E+2	-1.96574963E+2	2.32191510E+2	-1.00957745E+0
1.15506485E+3	4.08670590E+2	5.19171526E-7	1.21229416E+2	-1.86671700E+2	2.22582334E+2	-9.94824871E-1
1.23853818E+3	3.83627898E+2	4.99909444E-7	1.18869074E+2	-1.77402462E+2	2.13545057E+2	-9.80452920E-1
1.32804389E+3	3.60866118E+2	4.81064755E-7	1.16469339E+2	-1.68714937E+2	2.05011798E+2	-9.66588392E-1
1.42401793E+3	3.40196305E+2	4.62604452E-7	1.14054321E+2	-1.60600340E+2	1.96979333E+2	-9.53274199E-1
1.52692775E+3	3.21286610E+2	4.44677377E-7	1.11605781E+2	-1.52975787E+2	1.89360614E+2	-9.40502400E-1
1.63727458E+3	3.03925159E+2	4.27284920E-7	1.09140114E+2	-1.45804188E+2	1.82127499E+2	-9.28230944E-1
1.75559587E+3	2.87921815E+2	4.10438434E-7	1.06667842E+2	-1.39046644E+2	1.75248390E+2	-9.16417369E-1
1.88246790E+3	2.73145927E+2	3.94138679E-7	1.04196667E+2	-1.32679874E+2	1.68703571E+2	-9.05068552E-1
2.01850863E+3	2.59456270E+2	3.78385759E-7	1.01735144E+2	-1.26671942E+2	1.62467907E+2	-8.94144444E-1
2.16438064E+3	2.46701197E+2	3.63217419E-7	9.92793580E+1	-1.20979110E+2	1.56500276E+2	-8.83600753E-1
2.32079442E+3	2.34804198E+2	3.48607335E-7	9.68391859E+1	-1.15587279E+2	1.50792066E+2	-8.73426939E-1
2.48851178E+3	2.23666216E+2	3.34516119E-7	9.44300287E+1	-1.10470704E+2	1.45329993E+2	-8.63523931E-1
2.66834962E+3	2.13224177E+2	3.20945327E-7	9.20507324E+1	-1.05612992E+2	1.40097971E+2	-8.53903586E-1
2.86118383E+3	2.03385370E+2	3.07887419E-7	8.97043377E+1	-1.00983571E+2	1.35072387E+2	-8.44479552E-1
3.06795364E+3	1.94112741E+2	2.95286034E-7	8.74059326E+1	-9.65754004E+1	1.30255922E+2	-8.35196079E-1
3.28966612E+3	1.85365586E+2	2.83136096E-7	8.51540854E+1	-9.23765045E+1	1.25636925E+2	-8.26058414E-1
3.52740116E+3	1.77084662E+2	2.71385832E-7	8.29629459E+1	-8.83663664E+1	1.21208354E+2	-8.16925929E-1
3.78231664E+3	1.69240834E+2	2.60074324E-7	8.08156237E+1	-8.45348355E+1	1.16950004E+2	-8.07887274E-1
4.05565415E+3	1.61806389E+2	2.49123336E-7	7.87333170E+1	-8.08740896E+1	1.12869631E+2	-7.98810098E-1
4.34874501E+3	1.54745260E+2	2.38549184E-7	7.67064991E+1	-7.73697617E+1	1.08949379E+2	-7.89702906E-1
4.66301673E+3	1.48060149E+2	2.28307415E-7	7.47451274E+1	-7.40266207E+1	1.05198739E+2	-7.80568609E-1
5.00000000E+3	1.41716413E+2	2.18397213E-7	7.28454087E+1	-7.08303350E+1	1.01604084E+2	-7.71373934E-1
5.36133611E+3	1.35694755E+2	2.08805817E-7	7.10072959E+1	-6.77737519E+1	9.81596535E+1	-7.62102770E-1
5.74878498E+3	1.29969544E+2	1.99522722E-7	6.92298073E+1	-6.48459724E+1	9.48565570E+1	-7.52713111E-1
6.16423370E+3	1.24529233E+2	1.90529380E-7	6.75148969E+1	-6.20428638E+1	9.16928475E+1	-7.43187008E-1
6.60970574E+3	1.19360495E+2	1.81827398E-7	6.58581115E+1	-5.93596319E+1	8.86614729E+1	-7.33547247E-1
7.08737081E+3	1.14450731E+2	1.73392247E-7	6.42636506E+1	-5.67908877E+1	8.57614234E+1	-7.23745849E-1
7.59955541E+3	1.09778232E+2	1.65234525E-7	6.27236766E+1	-5.43271084E+1	8.29800839E+1	-7.13786425E-1
8.14875417E+3	1.05342184E+2	1.57334165E-7	6.12418909E+1	-5.19690804E+1	8.03203246E+1	-7.03673248E-1
8.73764200E+3	1.01120662E+2	1.49690605E-7	5.98140069E+1	-4.97063023E+1	7.77716654E+1	-6.93368176E-1
9.36908711E+3	9.71049650E+1	1.42294806E-7	5.84395798E+1	-4.75351326E+1	7.53310915E+1	-6.82862332E-1
1.00461650E+4	9.32934774E+1	1.35126189E-7	5.71230645E+1	-4.54550855E+1	7.30014336E+1	-6.72137745E-1
1.07721735E+4	8.96681112E+1	1.28201047E-7	5.58548775E+1	-4.34584170E+1	7.07700597E+1	-6.61218667E-1
1.15506485E+4	8.62235858E+1	1.21503026E-7	5.46377840E+1	-4.15424865E+1	6.86372031E+1	-6.50076580E-1
1.23853818E+4	8.29450763E+1	1.15028267E-7	5.34689431E+1	-3.96995927E+1	6.65956872E+1	-6.38670572E-1
1.32804389E+4	7.98264889E+1	1.08770193E-7	5.23477634E+1	-3.79269005E+1	6.46431601E+1	-6.26992229E-1
1.42401793E+4	7.68714432E+1	1.02722186E-7	5.12759716E+1	-3.62275122E+1	6.27826244E+1	-6.15088577E-1
1.52692775E+4	7.40599065E+1	9.68825896E-8	5.02487766E+1	-3.45901736E+1	6.10034400E+1	-6.02883592E-1
1.63727458E+4	7.13963709E+1	9.12439069E-8	4.92687634E+1	-3.30181743E+1	5.93094503E+1	-5.90420245E-1
1.75559587E+4	6.88690184E+1	8.58177367E-8	4.83284109E+1	-3.15070602E+1	5.76916822E+1	-5.77735419E-1
1.88246790E+4	6.64709761E+1	8.05784929E-8	4.74337157E+1	-3.00500909E+1	5.61512722E+1	-5.64700852E-1
2.01850863E+4	6.42070555E+1	7.55309933E-8	4.65842232E+1	-2.86521540E+1	5.46903629E+1	-5.51420461E-1
2.16438064E+4	6.20659516E+1	7.06855819E-8	4.57728577E+1	-2.73089990E+1	5.33004311E+1	-5.37930449E-1
2.32079442E+4	6.00377491E+1	6.60284421E-8	4.50006830E+1	-2.60130390E+1	5.19782618E+1	-5.24129978E-1
2.48851178E+4	5.81237143E+1	6.15691800E-8	4.42647527E+1	-2.47681940E+1	5.07230896E+1	-5.10143127E-1
2.66834962E+4	5.63185765E+1	5.72991400E-8	4.35661247E+1	-2.35706359E+1	4.95336464E+1	-4.95931365E-1
2.86118383E+4	5.46173928E+1	5.32236164E-8	4.29010962E+1	-2.24196776E+1	4.84060535E+1	-4.81555742E-1
3.06795364E+4	5.30151501E+1	4.93270556E-8	4.22730088E+1	-2.13096836E+1	4.73403623E+1	-4.66919585E-1
3.28966612E+4	5.15108191E+1	4.56288940E-8	4.16749036E+1	-2.02462544E+1	4.63325849E+1	-4.52234593E-1
3.52740116E+4	5.00944845E+1	4.21132957E-8	4.11075881E+1	-1.92205520E+1	4.53791079E+1	-4.37366235E-1
3.78231664E+4	4.87638171E+1	3.87814040E-8	4.05694236E+1	-1.82329864E+1	4.44783087E+1	-4.22377152E-1
4.05565415E+4	4.75186006E+1	3.56357611E-8	4.00594998E+1	-1.72860587E+1	4.36299366E+1	-4.07371389E-1
4.34874501E+4	4.63476630E+1	3.26657403E-8	3.95751360E+1	-1.63714281E+1	4.28277371E+1	-3.92243269E-1
4.66301673E+4	4.52513840E+1	2.98745900E-8	3.91150956E+1	-1.54926267E+1	4.20715130E+1	-3.77120730E-1
5.00000000E+4	4.42227087E+1	2.72553855E-8	3.86771025E+1	-1.46454077E+1	4.13570579E+1	-3.61974126E-1
5.36133611E+4	4.32560719E+1	2.47991002E-8	3.82601210E+1	-1.38255443E+1	4.06814767E+1	-3.46755950E-1
5.74878498E+4	4.23536495E+1	2.25060900E-8	3.78648530E+1	-1.30371628E+1	4.00464070E+1	-3.31594813E-1
6.16423370E+4	4.15061845E+1	2.03663172E-8	3.74877413E+1	-1.22736445E+1	3.94458249E+1	-3.16404893E-1
6.60970574E+4	4.07100807E+1	1.83789677E-8	3.71254691E+1	-1.15360470E+1	3.88764819E+1	-3.01272758E-1
7.08737081E+4	3.99634386E+1	1.65307425E-8	3.67802984E+1	-1.08202047E+1	3.83388471E+1	-2.86113248E-1
7.59955541E+4	3.92639968E+1	1.48143330E-8	3.64520247E+1	-1.01243305E+1	3.78318937E+1	-2.70915476E-1
8.14875417E+4	3.86063039E+1	1.32259822E-8	3.61365099E+1	-9.44720725E+0	3.73509984E+1	-2.55708068E-1
8.73764200E+4	3.79845180E+1	1.17559947E-8	3.58310435E+1	-8.78414647E+0	3.68920712E+1	-2.40413149E-1
9.36908711E+4	3.74032032E+1	1.04002129E-8	3.55395369E+1	-8.13841684E+0	3.64594640E+1	-2.25114758E-1
1.00461650E+5	3.68569581E+1	9.14742578E-9	3.52600493E+1	-7.50380386E+0	3.60496624E+1	-2.09685040E-1
1.07721735E+5	3.63390691E+1	7.99268871E-9	3.49869769E+1	-6.87790721E+0	3.56566146E+1	-1.94109551E-1
1.15506485E+5	3.58518872E+1	6.93038252E-9	3.47228044E+1	-6.26138286E+0	3.52828296E+1	-1.78407529E-1
1.23853818E+5	3.53955342E+1	5.95095620E-9	3.44693813E+1	-5.65012391E+0	3.49293883E+1	-1.62472318E-1
1.32804389E+5	3.49676775E+1	5.04961703E-9	3.42246938E+1	-5.04262795E+0	3.45941910E+1	-1.46286384E-1
1.42401793E+5	3.45591923E+1	4.22038069E-9	3.39804957E+1	-4.43445505E+0	3.42686225E+1	-1.29766671E-1
1.52692775E+5	3.41800678E+1	3.45882245E-9	3.37459367E+1	-3.82755139E+0	3.39623086E+1	-1.12939924E-1
1.63727458E+5	3.38248728E+1	2.75937538E-9	3.35158802E+1	-3.21809598E+0	3.36700221E+1	-9.57236009E-2
1.75559587E+5	3.34948223E+1	2.11392559E-9	3.32917360E+1	-2.60020871E+0	3.33931248E+1	-7.79454932E-2
1.88246790E+5	3.32151990E+1	1.50139508E-9	3.30926183E+1	-1.95137637E+0	3.31538387E+1	-5.89011843E-2
2.01850863E+5	3.29065757E+1	9.77618535E-10	3.28518882E+1	-1.34036457E+0	3.28792206E+1	-4.07776118E-2
2.16438064E+5	3.26502094E+1	4.79647097E-10	3.26354063E+1	-6.95040795E-1	3.26428070E+1	-2.12939208E-2
2.32079442E+5	3.24193114E+1	2.11265876E-11	3.24192789E+1	-3.23782807E-2	3.24192951E+1	-9.98734177E-4
2.48851178E+5	3.22182768E+1	-4.00169007E-10	3.22051886E+1	6.49219003E-1	3.22117320E+1	2.01561012E-2
2.66834962E+5	3.20480652E+1	-7.85683760E-10	3.19910473E+1	1.35051822E+0	3.20195435E+1	4.21904613E-2
2.86118383E+5	3.19100622E+1	-1.13925508E-9	3.17743476E+1	2.07659058E+0	3.18421326E+1	6.52615024E-2
3.06795364E+5	3.18070217E+1	-1.46198037E-9	3.15534884E+1	2.82839877E+0	3.16800014E+1	8.93992907E-2
3.28966612E+5	3.17429357E+1	-1.75639201E-9	3.13269090E+1	3.61008783E+0	3.15342363E+1	1.14733091E-1
3.52740116E+5	3.17316283E+1	-2.02431813E-9	3.11012611E+1	4.42775710E+0	3.14148636E+1	1.41415544E-1
3.78231664E+5	3.17675593E+1	-2.26266479E-9	3.08668651E+1	5.27271568E+0	3.13139740E+1	1.69188192E-1
4.05565415E+5	3.18609164E+1	-2.48089603E-9	3.06186833E+1	6.16728504E+0	3.12336246E+1	1.98762776E-1
4.34874501E+5	3.20168100E+1	-2.67256749E-9	3.03573554E+1	7.09764799E+0	3.11760433E+1	2.29677531E-1
4.66301673E+5	3.22626982E+1	-2.84255612E-9	3.00902970E+1	8.08505583E+0	3.11575700E+1	2.62493357E-1
NaN	NaN	NaN	NaN	NaN	NaN	NaN
