Start time:20240908_11-51-38	sweep/start:500.000	sweep/stop:500000.000	sweep/samplecount:100.000	sweep/xmapping:1.000	sweep/scan:0.000	sweep/averaging/sample:10.000	sweep/settling/time:0.100	sweep/settling/inaccuracy:0.010	sweep/awgcontrol:0.000	sweep/averaging/time:0.100	sweep/averaging/tc:15.000	sweep/bandwidthcontrol:2.000	sweep/sincfilter:0.000	sweep/omegasuppression:80.000	sweep/maxbandwidth:100.000	sweep/bandwidth:1250000.000	sweep/order:8.000	sweep/bandwidthoverlap:1.000																				
Frequency	Param0		Param1		RealZ		ImagZ		AbsZ		PhaseZ		
5.00000000E+2	1.19043463E+3	8.10346570E-7	1.16887669E+2	-3.54237718E+2	3.73024251E+2	-1.25207620E+0
5.36133611E+2	1.07537713E+3	7.96924041E-7	1.15208932E+2	-3.32595742E+2	3.51984415E+2	-1.23733822E+0
5.74878498E+2	9.72959514E+2	7.82578657E-7	1.13609075E+2	-3.12457954E+2	3.32471050E+2	-1.22205926E+0
6.16423370E+2	8.82052459E+2	7.67457308E-7	1.12019630E+2	-2.93698430E+2	3.14336075E+2	-1.20641747E+0
6.60970574E+2	8.01273664E+2	7.51538000E-7	1.10453064E+2	-2.76230386E+2	2.97494721E+2	-1.19041195E+0
7.08737081E+2	7.29690811E+2	7.34879746E-7	1.08873784E+2	-2.59982085E+2	2.81858453E+2	-1.17421080E+0
7.59955541E+2	6.65900750E+2	7.17592640E-7	1.07298087E+2	-2.44820317E+2	2.67301082E+2	-1.15773741E+0
8.14875417E+2	6.09164690E+2	6.99774269E-7	1.05693265E+2	-2.30680585E+2	2.53741207E+2	-1.14116064E+0
8.73764200E+2	5.58632314E+2	6.81306157E-7	1.04105678E+2	-2.17528841E+2	2.41157189E+2	-1.12442838E+0
9.36908711E+2	5.13632349E+2	6.62407591E-7	1.02490213E+2	-2.05275521E+2	2.29439065E+2	-1.10772391E+0
1.00461650E+3	4.73287567E+2	6.43126631E-7	1.00881814E+2	-1.93827150E+2	2.18508822E+2	-1.09090472E+0
1.07721735E+3	4.37352483E+2	6.23607345E-7	9.92262961E+1	-1.83169336E+2	2.08319140E+2	-1.07433317E+0
1.15506485E+3	4.05153468E+2	6.03889020E-7	9.75565005E+1	-1.73228406E+2	1.98809839E+2	-1.05790042E+0
1.23853818E+3	3.76186897E+2	5.84080518E-7	9.58757996E+1	-1.63936111E+2	1.89913712E+2	-1.04160118E+0
1.32804389E+3	3.50189820E+2	5.64255840E-7	9.41727393E+1	-1.55273398E+2	1.81599376E+2	-1.02561384E+0
1.42401793E+3	3.26707430E+2	5.44561166E-7	9.24476271E+1	-1.47162366E+2	1.73791041E+2	-1.00989808E+0
1.52692775E+3	3.05474769E+2	5.25022619E-7	9.07106526E+1	-1.39575758E+2	1.66462653E+2	-9.94489555E-1
1.63727458E+3	2.86209862E+2	5.05738301E-7	8.89597585E+1	-1.32466300E+2	1.59565534E+2	-9.79410088E-1
1.75559587E+3	2.68685525E+2	4.86771859E-7	8.71969096E+1	-1.25798434E+2	1.53063866E+2	-9.64683962E-1
1.88246790E+3	2.52701578E+2	4.68174738E-7	8.54254420E+1	-1.19539271E+2	1.46925640E+2	-9.50323929E-1
2.01850863E+3	2.38049604E+2	4.50007565E-7	8.36480922E+1	-1.13645904E+2	1.41111286E+2	-9.36288730E-1
2.16438064E+3	2.24615585E+2	4.32231965E-7	8.18816628E+1	-1.08107773E+2	1.35616730E+2	-9.22571107E-1
2.32079442E+3	2.12228222E+2	4.14956089E-7	8.01137162E+1	-1.02879462E+2	1.30393218E+2	-9.09169852E-1
2.48851178E+3	2.00787805E+2	3.98143759E-7	7.83591208E+1	-9.79459229E+1	1.25433471E+2	-8.96040552E-1
2.66834962E+3	1.90191031E+2	3.81784866E-7	7.66266100E+1	-9.32848135E+1	1.20721555E+2	-8.83126359E-1
2.86118383E+3	1.80337424E+2	3.65929881E-7	7.49095025E+1	-8.88681779E+1	1.16228166E+2	-8.70422101E-1
3.06795364E+3	1.71169459E+2	3.50530387E-7	7.32210705E+1	-8.46869864E+1	1.11951824E+2	-8.57882295E-1
3.28966612E+3	1.62615414E+2	3.35602588E-7	7.15598191E+1	-8.07212595E+1	1.07873674E+2	-8.45487123E-1
3.52740116E+3	1.54616441E+2	3.21107949E-7	6.99359489E+1	-7.69558993E+1	1.03986766E+2	-8.33151756E-1
3.78231664E+3	1.47127999E+2	3.07073869E-7	6.83427991E+1	-7.33784778E+1	1.00275317E+2	-8.20915492E-1
4.05565415E+3	1.40099398E+2	2.93435606E-7	6.67955113E+1	-6.99740705E+1	9.67368126E+1	-8.08634229E-1
4.34874501E+3	1.33505406E+2	2.80229094E-7	6.52841642E+1	-6.67365469E+1	9.33583892E+1	-7.96398894E-1
4.66301673E+3	1.27313454E+2	2.67404904E-7	6.38193502E+1	-6.36565189E+1	9.01391252E+1	-7.84120815E-1
5.00000000E+3	1.21495948E+2	2.54959500E-7	6.24005155E+1	-6.07254916E+1	8.70712910E+1	-7.71794857E-1
5.36133611E+3	1.16028725E+2	2.42910972E-7	6.10218827E+1	-5.79363533E+1	8.41444664E+1	-7.59466056E-1
5.74878498E+3	1.10882289E+2	2.31213623E-7	5.96925319E+1	-5.52778998E+1	8.13562818E+1	-7.47019040E-1
6.16423370E+3	1.06036425E+2	2.19875532E-7	5.84087246E+1	-5.27434660E+1	7.86984901E+1	-7.34473746E-1
6.60970574E+3	1.01472160E+2	2.08911946E-7	5.71649631E+1	-5.03271223E+1	7.61620133E+1	-7.21871255E-1
7.08737081E+3	9.71846125E+1	1.98293047E-7	5.59675885E+1	-4.80293390E+1	7.37508535E+1	-7.09214320E-1
7.59955541E+3	9.31369342E+1	1.88023656E-7	5.48120414E+1	-4.58330186E+1	7.14494611E+1	-6.96418995E-1
8.14875417E+3	8.93258010E+1	1.78110436E-7	5.36958383E+1	-4.37399209E+1	6.92562182E+1	-6.83572261E-1
8.73764200E+3	8.57367491E+1	1.68527077E-7	5.26235202E+1	-4.17436779E+1	6.71697070E+1	-6.70612337E-1
9.36908711E+3	8.23521630E+1	1.59280704E-7	5.15909182E+1	-3.98371792E+1	6.51814675E+1	-6.57542254E-1
1.00461650E+4	7.91644095E+1	1.50380554E-7	5.05945794E+1	-3.80194491E+1	6.32873604E+1	-6.44430389E-1
1.07721735E+4	7.61582690E+1	1.41811627E-7	4.96355893E+1	-3.62831753E+1	6.14830103E+1	-6.31224023E-1
1.15506485E+4	7.33235931E+1	1.33559886E-7	4.87154536E+1	-3.46236430E+1	5.97661450E+1	-6.17892548E-1
1.23853818E+4	7.06482596E+1	1.25648213E-7	4.78260169E+1	-3.30378109E+1	5.81276599E+1	-6.04519060E-1
1.32804389E+4	6.81224557E+1	1.18041920E-7	4.69734425E+1	-3.15189140E+1	5.65680674E+1	-5.90992703E-1
1.42401793E+4	6.57378439E+1	1.10758657E-7	4.61512031E+1	-3.00657117E+1	5.50806734E+1	-5.77401641E-1
1.52692775E+4	6.34882579E+1	1.03776358E-7	4.53630606E+1	-2.86742810E+1	5.36658334E+1	-5.63693221E-1
1.63727458E+4	6.13647594E+1	9.70985382E-8	4.46055047E+1	-2.73414517E+1	5.23183147E+1	-5.49895453E-1
1.75559587E+4	5.93578188E+1	9.07148075E-8	4.38779460E+1	-2.60619444E+1	5.10342938E+1	-5.35969852E-1
1.88246790E+4	5.74698045E+1	8.46130815E-8	4.31843082E+1	-2.48376578E+1	4.98176047E+1	-5.21950535E-1
2.01850863E+4	5.56879095E+1	7.87944704E-8	4.25197523E+1	-2.36623488E+1	4.86604162E+1	-5.07821830E-1
2.16438064E+4	5.40044098E+1	7.32564383E-8	4.18816640E+1	-2.25326595E+1	4.75583278E+1	-4.93589508E-1
2.32079442E+4	5.24124232E+1	6.79817349E-8	4.12711944E+1	-2.14432222E+1	4.65093894E+1	-4.79179764E-1
2.48851178E+4	5.09184283E+1	6.29826232E-8	4.06879401E+1	-2.04023879E+1	4.55166557E+1	-4.64795549E-1
2.66834962E+4	4.95079053E+1	5.82370283E-8	4.01307690E+1	-1.93987539E+1	4.45734260E+1	-4.50270348E-1
2.86118383E+4	4.81813113E+1	5.37475525E-8	3.95989050E+1	-1.84351261E+1	4.36798256E+1	-4.35706805E-1
3.06795364E+4	4.69316045E+1	4.94913214E-8	3.90944054E+1	-1.75040168E+1	4.28341355E+1	-4.20970526E-1
3.28966612E+4	4.57586250E+1	4.54869443E-8	3.86119421E+1	-1.66116612E+1	4.20336695E+1	-4.06284401E-1
3.52740116E+4	4.46554656E+1	4.17123812E-8	3.81530088E+1	-1.57508179E+1	4.12763900E+1	-3.91520054E-1
3.78231664E+4	4.36171036E+1	3.81633747E-8	3.77151176E+1	-1.49195872E+1	4.05588978E+1	-3.76695760E-1
4.05565415E+4	4.26471335E+1	3.48317498E-8	3.73021569E+1	-1.41201678E+1	3.98852111E+1	-3.61866144E-1
4.34874501E+4	4.17307172E+1	3.17151562E-8	3.69044457E+1	-1.33458179E+1	3.92434579E+1	-3.46999335E-1
4.66301673E+4	4.08764569E+1	2.87983056E-8	3.65309983E+1	-1.25993622E+1	3.86426937E+1	-3.32119803E-1
5.00000000E+4	4.00718531E+1	2.60879222E-8	3.61705255E+1	-1.18791018E+1	3.80712488E+1	-3.17321502E-1
5.36133611E+4	3.93185188E+1	2.35590594E-8	3.58298407E+1	-1.11802849E+1	3.75336685E+1	-3.02464249E-1
5.74878498E+4	3.86146731E+1	2.12134018E-8	3.55062372E+1	-1.05056581E+1	3.70278509E+1	-2.87674586E-1
6.16423370E+4	3.79520456E+1	1.90359202E-8	3.51963356E+1	-9.84839523E+0	3.65482275E+1	-2.72835370E-1
6.60970574E+4	3.73315224E+1	1.70239867E-8	3.49002872E+1	-9.21144926E+0	3.60954409E+1	-2.58051474E-1
7.08737081E+4	3.67525618E+1	1.51642538E-8	3.46201254E+1	-8.59215954E+0	3.56704120E+1	-2.43268708E-1
7.59955541E+4	3.62093391E+1	1.34472656E-8	3.43523807E+1	-7.98692250E+0	3.52686405E+1	-2.28441316E-1
8.14875417E+4	3.56988563E+1	1.18687178E-8	3.40943519E+1	-7.39625092E+0	3.48873812E+1	-2.13624722E-1
8.73764200E+4	3.52194978E+1	1.04176658E-8	3.38461981E+1	-6.81769517E+0	3.45260206E+1	-1.98771758E-1
9.36908711E+4	3.47714572E+1	9.08186676E-9	3.36099593E+1	-6.24803059E+0	3.41857757E+1	-1.83800093E-1
1.00461650E+5	3.43503750E+1	7.85831285E-9	3.33812395E+1	-5.68778837E+0	3.38623403E+1	-1.68767984E-1
1.07721735E+5	3.39547329E+1	6.73380103E-9	3.31605698E+1	-5.13175351E+0	3.35553020E+1	-1.53536731E-1
1.15506485E+5	3.35858117E+1	5.70719802E-9	3.29481919E+1	-4.58349342E+0	3.32654741E+1	-1.38225041E-1
1.23853818E+5	3.32389299E+1	4.76567706E-9	3.27413998E+1	-4.03606496E+0	3.29892269E+1	-1.22652230E-1
1.32804389E+5	3.29138358E+1	3.90437253E-9	3.25396699E+1	-3.48927429E+0	3.27262181E+1	-1.06823207E-1
1.42401793E+5	3.26136472E+1	3.11630645E-9	3.23461661E+1	-2.94142421E+0	3.24796313E+1	-9.06863687E-2
1.52692775E+5	3.23329840E+1	2.39538212E-9	3.21554454E+1	-2.38931532E+0	3.22440925E+1	-7.41688532E-2
1.63727458E+5	3.20726334E+1	1.73603850E-9	3.19677506E+1	-1.83108057E+0	3.20201490E+1	-5.72164729E-2
1.75559587E+5	3.18345456E+1	1.13499461E-9	3.17840556E+1	-1.26679457E+0	3.18092906E+1	-3.98352062E-2
1.88246790E+5	3.16151770E+1	5.71402022E-10	3.15895908E+1	-6.74151159E-1	3.16023784E+1	-2.13469720E-2
2.01850863E+5	3.14246271E+1	8.24840282E-11	3.14242872E+1	-1.03303689E-1	3.14244572E+1	-3.28737212E-3
2.16438064E+5	3.12543563E+1	-3.76431332E-10	3.12463570E+1	4.99929901E-1	3.12503564E+1	1.59982589E-2
2.32079442E+5	3.11073395E+1	-7.95480146E-10	3.10668893E+1	1.12100266E+0	3.10871078E+1	3.60678645E-2
2.48851178E+5	3.09889534E+1	-1.17618006E-9	3.08886302E+1	1.76034984E+0	3.09387511E+1	5.69286376E-2
2.66834962E+5	3.09012613E+1	-1.52113983E-9	3.07105253E+1	2.42022145E+0	3.08057457E+1	7.86450150E-2
2.86118383E+5	3.08429002E+1	-1.83799409E-9	3.05258566E+1	3.11094836E+0	3.06839689E+1	1.01561272E-1
3.06795364E+5	3.08228077E+1	-2.12310426E-9	3.03400151E+1	3.82725996E+0	3.05804587E+1	1.25482829E-1
3.28966612E+5	3.08444953E+1	-2.37811460E-9	3.01513995E+1	4.57140192E+0	3.04959784E+1	1.50468971E-1
3.52740116E+5	3.09021647E+1	-2.61075233E-9	2.99447466E+1	5.35438948E+0	3.04196891E+1	1.76939042E-1
3.78231664E+5	3.10177131E+1	-2.81534122E-9	2.97369898E+1	6.17128207E+0	3.03706011E+1	2.04624236E-1
4.05565415E+5	3.11978495E+1	-2.99664040E-9	2.95223237E+1	7.03316131E+0	3.03485256E+1	2.33872571E-1
4.34874501E+5	3.14496362E+1	-3.15458723E-9	2.92967378E+1	7.94184122E+0	3.03541059E+1	2.64720775E-1
4.66301673E+5	3.17773507E+1	-3.28755190E-9	2.90552780E+1	8.89328484E+0	3.03858479E+1	2.97026812E-1
5.00000000E+5	3.21981968E+1	-3.39964374E-9	2.87931738E+1	9.90157857E+0	3.04481240E+1	3.31217936E-1
