Start time:20240904_16-01-44	sweep/start:500.000	sweep/stop:500000.000	sweep/samplecount:100.000	sweep/xmapping:1.000	sweep/scan:0.000	sweep/averaging/sample:10.000	sweep/settling/time:0.100	sweep/settling/inaccuracy:0.010	sweep/awgcontrol:0.000	sweep/averaging/time:0.100	sweep/averaging/tc:15.000	sweep/bandwidthcontrol:2.000	sweep/sincfilter:0.000	sweep/omegasuppression:80.000	sweep/maxbandwidth:100.000	sweep/bandwidth:1250000.000	sweep/order:8.000	sweep/bandwidthoverlap:1.000																				
Frequency	Param0		Param1		RealZ		ImagZ		AbsZ		PhaseZ		
5.00000000E+2	1.14805030E+3	7.50901790E-7	1.37741928E+2	-3.73043968E+2	3.97661468E+2	-1.21708701E+0
5.36133611E+2	1.03908775E+3	7.36700873E-7	1.35836372E+2	-3.50277551E+2	3.75693873E+2	-1.20085436E+0
5.74878498E+2	9.42084840E+2	7.21763736E-7	1.33965655E+2	-3.29029163E+2	3.55256233E+2	-1.18413766E+0
6.16423370E+2	8.55843780E+2	7.06178284E-7	1.32086222E+2	-3.09189883E+2	3.36221886E+2	-1.16706290E+0
6.60970574E+2	7.78928857E+2	6.89674293E-7	1.30311056E+2	-2.90726768E+2	3.18595398E+2	-1.14941933E+0
7.08737081E+2	7.10276928E+2	6.72538985E-7	1.28556495E+2	-2.73466492E+2	3.02176600E+2	-1.13135385E+0
7.59955541E+2	6.49284683E+2	6.54620175E-7	1.26839749E+2	-2.57423339E+2	2.86975781E+2	-1.11298303E+0
8.14875417E+2	5.94728685E+2	6.36056810E-7	1.25174072E+2	-2.42437739E+2	2.72845390E+2	-1.09418262E+0
8.73764200E+2	5.46198857E+2	6.16902419E-7	1.23517911E+2	-2.28492151E+2	2.59740906E+2	-1.07521539E+0
9.36908711E+2	5.02881637E+2	5.97228673E-7	1.21885798E+2	-2.15494725E+2	2.47576504E+2	-1.05604812E+0
1.00461650E+3	4.64115215E+2	5.77138518E-7	1.20276895E+2	-2.03361261E+2	2.36267507E+2	-1.03669140E+0
1.07721735E+3	4.29665164E+2	5.56657286E-7	1.18672021E+2	-1.92109819E+2	2.25807953E+2	-1.01744188E+0
1.15506485E+3	3.98776019E+2	5.35947748E-7	1.17084298E+2	-1.81608577E+2	2.16079635E+2	-9.98151114E-1
1.23853818E+3	3.71191649E+2	5.15100013E-7	1.15495701E+2	-1.71848131E+2	2.07053225E+2	-9.79055355E-1
1.32804389E+3	3.46471531E+2	4.94226811E-7	1.13910657E+2	-1.62761054E+2	1.98662525E+2	-9.60161417E-1
1.42401793E+3	3.24317765E+2	4.73457845E-7	1.12316522E+2	-1.54308915E+2	1.90856603E+2	-9.41610805E-1
1.52692775E+3	3.04436771E+2	4.52883105E-7	1.10716429E+2	-1.46451438E+2	1.83592352E+2	-9.23469994E-1
1.63727458E+3	2.86569341E+2	4.32639685E-7	1.09097458E+2	-1.39146435E+2	1.76816249E+2	-9.05858301E-1
1.75559587E+3	2.70462673E+2	4.12801300E-7	1.07466304E+2	-1.32350355E+2	1.70486431E+2	-8.88790970E-1
1.88246790E+3	2.55907963E+2	3.93473569E-7	1.05814924E+2	-1.26024135E+2	1.64556620E+2	-8.72347520E-1
2.01850863E+3	2.42750244E+2	3.74757762E-7	1.04131261E+2	-1.20143952E+2	1.58990216E+2	-8.56674716E-1
2.16438064E+3	2.30792224E+2	3.56665875E-7	1.02432306E+2	-1.14665610E+2	1.53754934E+2	-8.41687877E-1
2.32079442E+3	2.19938890E+2	3.39313925E-7	1.00693457E+2	-1.09577528E+2	1.48816690E+2	-8.27623627E-1
2.48851178E+3	2.09992148E+2	3.22678371E-7	9.89363970E+1	-1.04821064E+2	1.44138358E+2	-8.14270883E-1
2.66834962E+3	2.00883114E+2	3.06865018E-7	9.71324166E+1	-1.00387029E+2	1.39686299E+2	-8.01874101E-1
2.86118383E+3	1.92482990E+2	2.91797482E-7	9.53108906E+1	-9.62369940E+1	1.35446392E+2	-7.90232965E-1
3.06795364E+3	1.84707685E+2	2.77520550E-7	9.34577178E+1	-9.23472443E+1	1.31386295E+2	-7.79421681E-1
3.28966612E+3	1.77483131E+2	2.64035838E-7	9.15703091E+1	-8.86964685E+1	1.27484058E+2	-7.69457360E-1
3.52740116E+3	1.70730920E+2	2.51290916E-7	8.96618607E+1	-8.52572724E+1	1.23725712E+2	-7.60222770E-1
3.78231664E+3	1.64384942E+2	2.39274989E-7	8.77297976E+1	-8.20057327E+1	1.20089374E+2	-7.51687505E-1
4.05565415E+3	1.58401883E+2	2.27932224E-7	8.57861364E+1	-7.89267019E+1	1.16570517E+2	-7.43777405E-1
4.34874501E+3	1.52720398E+2	2.17258859E-7	8.38232537E+1	-7.59946230E+1	1.13143805E+2	-7.36452586E-1
4.66301673E+3	1.47321758E+2	2.07185132E-7	8.18575949E+1	-7.32034076E+1	1.09815321E+2	-7.29644505E-1
5.00000000E+3	1.42168150E+2	1.97669978E-7	7.98946319E+1	-7.05359462E+1	1.06576132E+2	-7.23265585E-1
5.36133611E+3	1.37222558E+2	1.88667664E-7	7.79411446E+1	-6.79739740E+1	1.03418002E+2	-7.17196104E-1
5.74878498E+3	1.32452860E+2	1.80144210E-7	7.59997904E+1	-6.55013081E+1	1.00331399E+2	-7.11340207E-1
6.16423370E+3	1.27863466E+2	1.72051829E-7	7.40813169E+1	-6.31209343E+1	9.73257104E+1	-7.05682587E-1
6.60970574E+3	1.23425520E+2	1.64363774E-7	7.21864105E+1	-6.08174921E+1	9.43909171E+1	-7.00127356E-1
7.08737081E+3	1.19123512E+2	1.57023479E-7	7.03278269E+1	-5.85806659E+1	9.15297639E+1	-6.94521259E-1
7.59955541E+3	1.14957162E+2	1.50019781E-7	6.85036247E+1	-5.64113073E+1	8.87410966E+1	-6.88894442E-1
8.14875417E+3	1.10920452E+2	1.43304714E-7	6.67251598E+1	-5.43041241E+1	8.60301393E+1	-6.83127866E-1
8.73764200E+3	1.07012385E+2	1.36861028E-7	6.49934229E+1	-5.22585508E+1	8.33972492E+1	-6.77211086E-1
9.36908711E+3	1.03223287E+2	1.30661299E-7	6.33123438E+1	-5.02678356E+1	8.08412530E+1	-6.71050706E-1
1.00461650E+4	9.95524595E+1	1.24687516E-7	6.16837206E+1	-4.83309909E+1	7.83630403E+1	-6.64616719E-1
1.07721735E+4	9.59986924E+1	1.18918073E-7	6.01109384E+1	-4.64461683E+1	7.59642776E+1	-6.57855342E-1
1.15506485E+4	9.25674583E+1	1.13337138E-7	5.85966230E+1	-4.46158738E+1	7.36487640E+1	-6.50761650E-1
1.23853818E+4	8.92482304E+1	1.07938935E-7	5.71372600E+1	-4.28337815E+1	7.14100787E+1	-6.43286423E-1
1.32804389E+4	8.60418669E+1	1.02708706E-7	5.57347410E+1	-4.10993891E+1	6.92497015E+1	-6.35395088E-1
1.42401793E+4	8.29550550E+1	9.76489896E-8	5.43858656E+1	-3.94177635E+1	6.71683145E+1	-6.27163683E-1
1.52692775E+4	7.99831073E+1	9.27250300E-8	5.30999058E+1	-3.77822104E+1	6.51697433E+1	-6.18422804E-1
1.63727458E+4	7.71254195E+1	8.79471145E-8	5.18698934E+1	-3.61939410E+1	6.32494052E+1	-6.09236639E-1
1.75559587E+4	7.43854205E+1	8.33178491E-8	5.06930321E+1	-3.46560091E+1	6.14070232E+1	-5.99664528E-1
1.88246790E+4	7.17562288E+1	7.88284401E-8	4.95687503E+1	-3.31633162E+1	5.96394716E+1	-5.89641645E-1
2.01850863E+4	6.92410201E+1	7.44699723E-8	4.84992680E+1	-3.17168689E+1	5.79494503E+1	-5.79158171E-1
2.16438064E+4	6.68337097E+1	7.02381373E-8	4.74828296E+1	-3.03122832E+1	5.63334150E+1	-5.68165993E-1
2.32079442E+4	6.45351900E+1	6.61516683E-8	4.65107669E+1	-2.89539238E+1	5.47866878E+1	-5.56814596E-1
2.48851178E+4	6.23424034E+1	6.21906908E-8	4.55886047E+1	-2.76366107E+1	5.33113794E+1	-5.44978667E-1
2.66834962E+4	6.02554860E+1	5.83634839E-8	4.47120936E+1	-2.63624276E+1	5.19051917E+1	-5.32740288E-1
2.86118383E+4	5.82692957E+1	5.46671323E-8	4.38797386E+1	-2.51278727E+1	5.05652199E+1	-5.20068806E-1
3.06795364E+4	5.63887373E+1	5.11029681E-8	4.30923304E+1	-2.39368573E+1	4.92942400E+1	-5.07039521E-1
3.28966612E+4	5.46016267E+1	4.76691109E-8	4.23454413E+1	-2.27814302E+1	4.80846126E+1	-4.93575859E-1
3.52740116E+4	5.29096764E+1	4.43718308E-8	4.16368619E+1	-2.16648237E+1	4.69360509E+1	-4.79777418E-1
3.78231664E+4	5.13075671E+1	4.12088271E-8	4.09649339E+1	-2.05836164E+1	4.58455133E+1	-4.65620996E-1
4.05565415E+4	4.97953981E+1	3.81775770E-8	4.03305991E+1	-1.95376812E+1	4.48138175E+1	-4.51120814E-1
4.34874501E+4	4.83689952E+1	3.52838738E-8	3.97295161E+1	-1.85267997E+1	4.38369339E+1	-4.36345175E-1
4.66301673E+4	4.70247316E+1	3.25237845E-8	3.91613984E+1	-1.75481941E+1	4.29133341E+1	-4.21272156E-1
5.00000000E+4	4.57575590E+1	2.99017538E-8	3.86216457E+1	-1.66012257E+1	4.20384613E+1	-4.05965149E-1
5.36133611E+4	4.45650543E+1	2.74069578E-8	3.81131082E+1	-1.56813172E+1	4.12130166E+1	-3.90330724E-1
5.74878498E+4	4.34453668E+1	2.50469758E-8	3.76315481E+1	-1.47913146E+1	4.04340996E+1	-3.74506079E-1
6.16423370E+4	4.23931750E+1	2.28180643E-8	3.71750024E+1	-1.39278702E+1	3.96984430E+1	-3.58469814E-1
6.60970574E+4	4.14071338E+1	2.07177670E-8	3.67433444E+1	-1.30905770E+1	3.90055967E+1	-3.42250229E-1
7.08737081E+4	4.04822862E+1	1.87403692E-8	3.63351921E+1	-1.22754001E+1	3.83527267E+1	-3.25799050E-1
7.59955541E+4	3.96167611E+1	1.68841749E-8	3.59494633E+1	-1.14820458E+1	3.77385917E+1	-3.09153210E-1
8.14875417E+4	3.88067271E+1	1.51492823E-8	3.55828324E+1	-1.07105228E+1	3.71598340E+1	-2.92376299E-1
8.73764200E+4	3.80460464E+1	1.35251432E-8	3.52340567E+1	-9.95378292E+0	3.66130654E+1	-2.75329700E-1
9.36908711E+4	3.73369654E+1	1.20110546E-8	3.49043462E+1	-9.21460669E+0	3.61001713E+1	-2.58107349E-1
1.00461650E+5	3.66756052E+1	1.06035709E-8	3.45911875E+1	-8.49131765E+0	3.56181518E+1	-2.40716575E-1
1.07721735E+5	3.60560573E+1	9.29609535E-9	3.42912110E+1	-7.77937723E+0	3.51625634E+1	-2.23086138E-1
1.15506485E+5	3.54814968E+1	8.08397025E-9	3.40078124E+1	-7.07932043E+0	3.47368405E+1	-2.05236424E-1
1.23853818E+5	3.49471719E+1	6.96281359E-9	3.37374528E+1	-6.38849202E+0	3.43369853E+1	-1.87143256E-1
1.32804389E+5	3.44458625E+1	5.92742105E-9	3.34742260E+1	-5.70302901E+0	3.39565690E+1	-1.68750476E-1
1.42401793E+5	3.39873109E+1	4.97131564E-9	3.32279117E+1	-5.02327004E+0	3.36054663E+1	-1.50040083E-1
1.52692775E+5	3.35610980E+1	4.09006319E-9	3.29889639E+1	-4.34443409E+0	3.32738013E+1	-1.30940056E-1
1.63727458E+5	3.31684355E+1	3.28032297E-9	3.27580386E+1	-3.66657737E+0	3.29625984E+1	-1.11465151E-1
1.75559587E+5	3.28096489E+1	2.53601511E-9	3.25355707E+1	-2.98618177E+0	3.26723224E+1	-9.15256369E-2
1.88246790E+5	3.24916584E+1	1.85528607E-9	3.23210043E+1	-2.30391093E+0	3.24062027E+1	-7.11636650E-2
2.01850863E+5	3.21906450E+1	1.22893016E-9	3.21098148E+1	-1.61103563E+0	3.21502045E+1	-5.01306493E-2
2.16438064E+5	3.19282577E+1	6.57529101E-10	3.19022542E+1	-9.10804279E-1	3.19152533E+1	-2.85420881E-2
2.32079442E+5	3.17039910E+1	1.35060141E-10	3.17027546E+1	-1.97950063E-1	3.17033728E+1	-6.24385074E-3
2.48851178E+5	3.15102387E+1	-3.41918903E-10	3.15012988E+1	5.30667864E-1	3.15057684E+1	1.68443118E-2
2.66834962E+5	3.13544249E+1	-7.76989979E-10	3.13022016E+1	1.27853146E+0	3.13283024E+1	4.08220993E-2
2.86118383E+5	3.12369803E+1	-1.16892252E-9	3.11029621E+1	2.04165396E+0	3.11698991E+1	6.55477489E-2
3.06795364E+5	3.11613352E+1	-1.52622504E-9	3.09016132E+1	2.83298618E+0	3.10312025E+1	9.14220566E-2
3.28966612E+5	3.11329453E+1	-1.84607812E-9	3.06996941E+1	3.64700142E+0	3.09155608E+1	1.18241876E-1
3.52740116E+5	3.11495636E+1	-2.13615090E-9	3.04865134E+1	4.49600035E+0	3.08162552E+1	1.46419659E-1
3.78231664E+5	3.12261975E+1	-2.39168873E-9	3.02725798E+1	5.37292690E+0	3.07456916E+1	1.75655737E-1
4.05565415E+5	3.13677881E+1	-2.62192905E-9	3.00479913E+1	6.29739653E+0	3.07007984E+1	2.06587938E-1
4.34874501E+5	3.15786623E+1	-2.81857183E-9	2.98151803E+1	7.25110276E+0	3.06842551E+1	2.38570111E-1
4.66301673E+5	3.18689660E+1	-2.99087929E-9	2.95633771E+1	8.25596387E+0	3.06945314E+1	2.72325337E-1
5.00000000E+5	3.22572211E+1	-3.13609997E-9	2.92980346E+1	9.31119001E+0	3.07420424E+1	3.07714537E-1
