Start time:20240909_01-45-07	sweep/start:500.000	sweep/stop:500000.000	sweep/samplecount:100.000	sweep/xmapping:1.000	sweep/scan:0.000	sweep/averaging/sample:10.000	sweep/settling/time:0.100	sweep/settling/inaccuracy:0.010	sweep/awgcontrol:0.000	sweep/averaging/time:0.100	sweep/averaging/tc:15.000	sweep/bandwidthcontrol:2.000	sweep/sincfilter:0.000	sweep/omegasuppression:80.000	sweep/maxbandwidth:100.000	sweep/bandwidth:1250000.000	sweep/order:8.000	sweep/bandwidthoverlap:1.000																				
Frequency	Param0		Param1		RealZ		ImagZ		AbsZ		PhaseZ		
5.00000000E+2	1.26753629E+3	8.33564585E-7	1.05470674E+2	-3.50091131E+2	3.65633515E+2	-1.27817816E+0
5.36133611E+2	1.14166448E+3	8.21444903E-7	1.03974766E+2	-3.28471486E+2	3.44534862E+2	-1.26423402E+0
5.74878498E+2	1.02932827E+3	8.08549298E-7	1.02551611E+2	-3.08289505E+2	3.24898837E+2	-1.24966350E+0
6.16423370E+2	9.29443293E+2	7.94939455E-7	1.01147201E+2	-2.89447426E+2	3.06611433E+2	-1.23461220E+0
6.60970574E+2	8.41242515E+2	7.80478343E-7	9.97309262E+1	-2.71940492E+2	2.89651325E+2	-1.21928861E+0
7.08737081E+2	7.62684773E+2	7.65236792E-7	9.83501622E+1	-2.55611809E+2	2.73879817E+2	-1.20349324E+0
7.59955541E+2	6.92851291E+2	7.49265848E-7	9.69765999E+1	-2.40386964E+2	2.59211024E+2	-1.18734626E+0
8.14875417E+2	6.30830698E+2	7.32548890E-7	9.56078722E+1	-2.26211198E+2	2.45585774E+2	-1.17091892E+0
8.73764200E+2	5.75749679E+2	7.15250260E-7	9.42106226E+1	-2.12993159E+2	2.32898537E+2	-1.15434942E+0
9.36908711E+2	5.26644834E+2	6.97281120E-7	9.28318172E+1	-2.00677966E+2	2.21109460E+2	-1.13752121E+0
1.00461650E+3	4.82845565E+2	6.78848531E-7	9.14345705E+1	-1.89178468E+2	2.10116096E+2	-1.12057797E+0
1.07721735E+3	4.43845572E+2	6.59970045E-7	9.00153049E+1	-1.78466063E+2	1.99882194E+2	-1.10364821E+0
1.15506485E+3	4.08976287E+2	6.40675376E-7	8.85971015E+1	-1.68477492E+2	1.90352599E+2	-1.08666828E+0
1.23853818E+3	3.77734592E+2	6.21102501E-7	8.71695452E+1	-1.59149051E+2	1.81457848E+2	-1.06970321E+0
1.32804389E+3	3.49813178E+2	6.01390300E-7	8.57058858E+1	-1.50451149E+2	1.73150361E+2	-1.05298504E+0
1.42401793E+3	3.24629020E+2	5.81527178E-7	8.42530589E+1	-1.42310958E+2	1.65381338E+2	-1.03625408E+0
1.52692775E+3	3.01992296E+2	5.61664426E-7	8.27796151E+1	-1.34708353E+2	1.58110105E+2	-1.01977605E+0
1.63727458E+3	2.81527721E+2	5.41879908E-7	8.12976651E+1	-1.27586188E+2	1.51286305E+2	-1.00347346E+0
1.75559587E+3	2.63041014E+2	5.22276261E-7	7.97953218E+1	-1.20922076E+2	1.44877334E+2	-9.87499641E-1
1.88246790E+3	2.46227242E+2	5.02861991E-7	7.82968863E+1	-1.14666575E+2	1.38848212E+2	-9.71692339E-1
2.01850863E+3	2.30945383E+2	4.83704288E-7	7.67964477E+1	-1.08802989E+2	1.33175767E+2	-9.56168108E-1
2.16438064E+3	2.16987938E+2	4.64879985E-7	7.52952462E+1	-1.03289815E+2	1.27820812E+2	-9.40890387E-1
2.32079442E+3	2.04219050E+2	4.46420981E-7	7.37967329E+1	-9.81057624E+1	1.22762773E+2	-9.25878428E-1
2.48851178E+3	1.92484963E+2	4.28358759E-7	7.23066297E+1	-9.32185071E+1	1.17974314E+2	-9.11068944E-1
2.66834962E+3	1.81685805E+2	4.10719002E-7	7.08264588E+1	-8.86102406E+1	1.13437922E+2	-8.96480339E-1
2.86118383E+3	1.71720768E+2	3.93474646E-7	6.93689531E+1	-8.42617238E+1	1.09142521E+2	-8.82034998E-1
3.06795364E+3	1.62502941E+2	3.76690729E-7	6.79259624E+1	-8.01513073E+1	1.05062688E+2	-8.67771920E-1
3.28966612E+3	1.53974146E+2	3.60327374E-7	6.65090962E+1	-7.62707108E+1	1.01196251E+2	-8.53660253E-1
3.52740116E+3	1.46044805E+2	3.44391088E-7	6.51218103E+1	-7.25937450E+1	9.75228284E+1	-8.39601304E-1
3.78231664E+3	1.38658825E+2	3.28929351E-7	6.37561066E+1	-6.91050333E+1	9.40231183E+1	-8.25635960E-1
4.05565415E+3	1.31782306E+2	3.13898300E-7	6.24219718E+1	-6.57997626E+1	9.06979126E+1	-8.11735428E-1
4.34874501E+3	1.25367785E+2	2.99288476E-7	6.11225454E+1	-6.26644433E+1	8.75374095E+1	-7.97853577E-1
4.66301673E+3	1.19372710E+2	2.85103503E-7	5.98575342E+1	-5.96861088E+1	8.45302077E+1	-7.83964166E-1
5.00000000E+3	1.13780886E+2	2.71331999E-7	5.86294896E+1	-5.68638563E+1	8.16756711E+1	-7.70111605E-1
5.36133611E+3	1.08550212E+2	2.57962212E-7	5.74408661E+1	-5.41827008E+1	7.89633978E+1	-7.56217583E-1
5.74878498E+3	1.03646202E+2	2.45031210E-7	5.62831396E+1	-5.16308221E+1	7.63775727E+1	-7.42313485E-1
6.16423370E+3	9.90622756E+1	2.32492277E-7	5.51662583E+1	-4.92095417E+1	7.39249286E+1	-7.28390099E-1
6.60970574E+3	9.47611544E+1	2.20371931E-7	5.40831730E+1	-4.69040964E+1	7.15889928E+1	-7.14428627E-1
7.08737081E+3	9.07341510E+1	2.08640970E-7	5.30399825E+1	-4.47135102E+1	6.93724568E+1	-7.00425012E-1
7.59955541E+3	8.69521039E+1	1.97328739E-7	5.20285371E+1	-4.26265417E+1	6.72606181E+1	-6.86393901E-1
8.14875417E+3	8.34081758E+1	1.86420495E-7	5.10518949E+1	-4.06429505E+1	6.52544666E+1	-6.72364803E-1
8.73764200E+3	8.00804150E+1	1.75907450E-7	5.01099579E+1	-3.87533009E+1	6.33468722E+1	-6.58287948E-1
9.36908711E+3	7.69620924E+1	1.65787573E-7	4.92030698E+1	-3.69571253E+1	6.15367467E+1	-6.44213827E-1
1.00461650E+4	7.40327585E+1	1.56063272E-7	4.83281961E+1	-3.52456396E+1	5.98152962E+1	-6.30119417E-1
1.07721735E+4	7.12781273E+1	1.46719268E-7	4.74865260E+1	-3.36122073E+1	5.81786098E+1	-6.15959160E-1
1.15506485E+4	6.86853889E+1	1.37782954E-7	4.66698753E+1	-3.20540365E+1	5.66174755E+1	-6.01828837E-1
1.23853818E+4	6.62483447E+1	1.29226573E-7	4.58832502E+1	-3.05682304E+1	5.51333780E+1	-5.87691669E-1
1.32804389E+4	6.39551809E+1	1.21045882E-7	4.51250362E+1	-2.91498018E+1	5.37213165E+1	-5.73542937E-1
1.42401793E+4	6.17959578E+1	1.13225898E-7	4.43960579E+1	-2.77936494E+1	5.23784012E+1	-5.59345882E-1
1.52692775E+4	5.97589320E+1	1.05768465E-7	4.36924389E+1	-2.64949845E+1	5.10980769E+1	-5.45110246E-1
1.63727458E+4	5.78479758E+1	9.86597939E-8	4.30187796E+1	-2.52573530E+1	4.98853617E+1	-5.30897969E-1
1.75559587E+4	5.60416710E+1	9.18993722E-8	4.23677877E+1	-2.40693195E+1	4.87274215E+1	-5.16636490E-1
1.88246790E+4	5.43408790E+1	8.54688606E-8	4.17436619E+1	-2.29315047E+1	4.76275894E+1	-5.02337117E-1
2.01850863E+4	5.27380700E+1	7.93699921E-8	4.11429020E+1	-2.18416763E+1	4.65810824E+1	-4.88040272E-1
2.16438064E+4	5.12258976E+1	7.35813720E-8	4.05669505E+1	-2.07942529E+1	4.55859457E+1	-4.73669582E-1
2.32079442E+4	4.98014751E+1	6.81058737E-8	4.00134940E+1	-1.97901815E+1	4.46400158E+1	-4.59308397E-1
2.48851178E+4	4.84543043E+1	6.29220221E-8	3.94819263E+1	-1.88214432E+1	4.37386473E+1	-4.44842911E-1
2.66834962E+4	4.71920906E+1	5.80316955E-8	3.89752778E+1	-1.78956013E+1	4.28873506E+1	-4.30439133E-1
2.86118383E+4	4.59990486E+1	5.34095484E-8	3.84907262E+1	-1.70000222E+1	4.20777469E+1	-4.15901296E-1
3.06795364E+4	4.48766909E+1	4.90630833E-8	3.80266024E+1	-1.61395653E+1	4.13099029E+1	-4.01386297E-1
3.28966612E+4	4.38198618E+1	4.49795687E-8	3.75822449E+1	-1.53108991E+1	4.05813846E+1	-3.86866912E-1
3.52740116E+4	4.28275442E+1	4.11385598E-8	3.71611914E+1	-1.45109754E+1	3.98938914E+1	-3.72279018E-1
3.78231664E+4	4.18938885E+1	3.75443681E-8	3.67579713E+1	-1.37399376E+1	3.92419973E+1	-3.57713612E-1
4.05565415E+4	4.10175418E+1	3.41843412E-8	3.63738391E+1	-1.29965105E+1	3.86259688E+1	-3.43166659E-1
4.34874501E+4	4.01919981E+1	3.10462190E-8	3.60063443E+1	-1.22764033E+1	3.80416472E+1	-3.28590822E-1
4.66301673E+4	3.94187401E+1	2.81211518E-8	3.56576155E+1	-1.15807047E+1	3.74910426E+1	-3.14028444E-1
5.00000000E+4	3.86934482E+1	2.54003274E-8	3.53256685E+1	-1.09072936E+1	3.69712310E+1	-2.99477615E-1
5.36133611E+4	3.80118560E+1	2.28675428E-8	3.50100939E+1	-1.02514372E+1	3.64801130E+1	-2.84850942E-1
5.74878498E+4	3.73764115E+1	2.05269204E-8	3.47106717E+1	-9.61923088E+0	3.60188888E+1	-2.70341693E-1
6.16423370E+4	3.67756695E+1	1.83617157E-8	3.44212070E+1	-9.00241248E+0	3.55789675E+1	-2.55807011E-1
6.60970574E+4	3.62145142E+1	1.63615603E-8	3.41468077E+1	-8.40271200E+0	3.51654668E+1	-2.41282151E-1
7.08737081E+4	3.56893786E+1	1.45156045E-8	3.38859537E+1	-7.81733721E+0	3.47759778E+1	-2.26728849E-1
7.59955541E+4	3.51973387E+1	1.28150415E-8	3.36370197E+1	-7.24461663E+0	3.44083358E+1	-2.12135799E-1
8.14875417E+4	3.47345363E+1	1.12554305E-8	3.33964332E+1	-6.68489802E+0	3.40589140E+1	-1.97557115E-1
8.73764200E+4	3.43021947E+1	9.82144775E-9	3.31675583E+1	-6.13458272E+0	3.37301059E+1	-1.82890500E-1
9.36908711E+4	3.38986042E+1	8.50863706E-9	3.29487074E+1	-5.59444920E+0	3.34202812E+1	-1.68188650E-1
1.00461650E+5	3.35182222E+1	7.30315559E-9	3.27366349E+1	-5.05831332E+0	3.31251234E+1	-1.53303009E-1
1.07721735E+5	3.31622814E+1	6.20252117E-9	3.25317606E+1	-4.52901156E+0	3.28455081E+1	-1.38329040E-1
1.15506485E+5	3.28315887E+1	5.19402474E-9	3.23363040E+1	-4.00195800E+0	3.25830052E+1	-1.23134404E-1
1.23853818E+5	3.25228185E+1	4.27188583E-9	3.21470370E+1	-3.47566598E+0	3.23343819E+1	-1.07699421E-1
1.32804389E+5	3.22347070E+1	3.43286404E-9	3.19621892E+1	-2.95127018E+0	3.20981589E+1	-9.20752183E-2
1.42401793E+5	3.19641130E+1	2.66623267E-9	3.17793319E+1	-2.42326390E+0	3.18715885E+1	-7.61055564E-2
1.52692775E+5	3.17172538E+1	1.96442552E-9	3.16043245E+1	-1.88919155E+0	3.16607388E+1	-5.97053178E-2
1.63727458E+5	3.14912693E+1	1.32598390E-9	3.14332661E+1	-1.35026616E+0	3.14622543E+1	-4.29302009E-2
1.75559587E+5	3.12833152E+1	7.43240070E-10	3.12627501E+1	-8.01813511E-1	3.12730309E+1	-2.56419498E-2
1.88246790E+5	3.11089075E+1	2.10201386E-10	3.10980329E+1	-2.40631232E-1	3.11034693E+1	-7.73492201E-3
2.01850863E+5	3.09345127E+1	-2.71774142E-10	3.09309957E+1	3.29803907E-1	3.09327541E+1	1.06621658E-2
2.16438064E+5	3.07934547E+1	-7.11868469E-10	3.07661132E+1	9.17158552E-1	3.07797809E+1	2.98018436E-2
2.32079442E+5	3.06787942E+1	-1.11193691E-9	3.06030695E+1	1.52229904E+0	3.06409085E+1	4.97023763E-2
2.48851178E+5	3.05882451E+1	-1.47646286E-9	3.04364739E+1	2.14926972E+0	3.05122651E+1	7.04979206E-2
2.66834962E+5	3.05303560E+1	-1.80577492E-9	3.02717264E+1	2.79804956E+0	3.04007662E+1	9.21692112E-2
2.86118383E+5	3.04991406E+1	-2.10455155E-9	3.00983760E+1	3.47308839E+0	3.02980956E+1	1.14883128E-1
3.06795364E+5	3.05060361E+1	-2.37221456E-9	2.99237280E+1	4.17430393E+0	3.02134792E+1	1.38603684E-1
3.28966612E+5	3.05556614E+1	-2.61433020E-9	2.97447371E+1	4.91127407E+0	3.01474727E+1	1.63637589E-1
3.52740116E+5	3.06521408E+1	-2.82988954E-9	2.95596183E+1	5.68281910E+0	3.01009232E+1	1.89932070E-1
3.78231664E+5	3.07982199E+1	-3.02038776E-9	2.93632049E+1	6.49126757E+0	3.00721539E+1	2.17568840E-1
4.05565415E+5	3.10052006E+1	-3.18395344E-9	2.91598865E+1	7.33546785E+0	3.00683908E+1	2.46446576E-1
4.34874501E+5	3.12800671E+1	-3.32763646E-9	2.89391774E+1	8.23063749E+0	3.00868644E+1	2.77094883E-1
4.66301673E+5	3.16421813E+1	-3.44600086E-9	2.87118383E+1	9.17253982E+0	3.01414198E+1	3.09221120E-1
5.00000000E+5	3.20958238E+1	-3.54360113E-9	2.84620861E+1	1.01697397E+1	3.02243955E+1	3.43170689E-1
