Start time:20240906_01-55-17	sweep/start:500.000	sweep/stop:500000.000	sweep/samplecount:100.000	sweep/xmapping:1.000	sweep/scan:0.000	sweep/averaging/sample:10.000	sweep/settling/time:0.100	sweep/settling/inaccuracy:0.010	sweep/awgcontrol:0.000	sweep/averaging/time:0.100	sweep/averaging/tc:15.000	sweep/bandwidthcontrol:2.000	sweep/sincfilter:0.000	sweep/omegasuppression:80.000	sweep/maxbandwidth:100.000	sweep/bandwidth:1250000.000	sweep/order:8.000	sweep/bandwidthoverlap:1.000																				
Frequency	Param0		Param1		RealZ		ImagZ		AbsZ		PhaseZ		
5.00000000E+2	1.16683418E+3	7.77660162E-7	1.27852761E+2	-3.64467587E+2	3.86242091E+2	-1.23341503E+0
5.36133611E+2	1.05833902E+3	7.63267033E-7	1.25922048E+2	-3.42654113E+2	3.65059180E+2	-1.21862574E+0
5.74878498E+2	9.61564165E+2	7.48270542E-7	1.24002679E+2	-3.22272936E+2	3.45306404E+2	-1.20348317E+0
6.16423370E+2	8.75384744E+2	7.32654942E-7	1.22082760E+2	-3.03257588E+2	3.26908807E+2	-1.18807539E+0
6.60970574E+2	7.98639674E+2	7.16444982E-7	1.20156607E+2	-2.85524434E+2	3.09777042E+2	-1.17246491E+0
7.08737081E+2	7.30177466E+2	6.99664471E-7	1.18234560E+2	-2.68984724E+2	2.93823410E+2	-1.15665928E+0
7.59955541E+2	6.69104342E+2	6.82384596E-7	1.16302107E+2	-2.53558789E+2	2.78959210E+2	-1.14074837E+0
8.14875417E+2	6.14510300E+2	6.64698852E-7	1.14354873E+2	-2.39155182E+2	2.65089117E+2	-1.12477140E+0
8.73764200E+2	5.65601043E+2	6.46639298E-7	1.12406597E+2	-2.25703426E+2	2.52145358E+2	-1.10872766E+0
9.36908711E+2	5.21666699E+2	6.28260539E-7	1.10467034E+2	-2.13129069E+2	2.40056175E+2	-1.09260785E+0
1.00461650E+3	4.82306679E+2	6.09699231E-7	1.08495962E+2	-2.01387557E+2	2.28753848E+2	-1.07663746E+0
1.07721735E+3	4.46869249E+2	5.90958633E-7	1.06529741E+2	-1.90410811E+2	2.18185387E+2	-1.06070915E+0
1.15506485E+3	4.14906489E+2	5.72102526E-7	1.04570917E+2	-1.80144589E+2	2.08295824E+2	-1.04485100E+0
1.23853818E+3	3.85995010E+2	5.53321253E-7	1.02591021E+2	-1.70513058E+2	1.98996535E+2	-1.02915655E+0
1.32804389E+3	3.59841710E+2	5.34554815E-7	1.00619162E+2	-1.61501558E+2	1.90281291E+2	-1.01362004E+0
1.42401793E+3	3.36054359E+2	5.15892357E-7	9.86602221E+1	-1.53040377E+2	1.82085685E+2	-9.98178625E-1
1.52692775E+3	3.14457004E+2	4.97359054E-7	9.67133164E+1	-1.45116207E+2	1.74390880E+2	-9.82940781E-1
1.63727458E+3	2.94721664E+2	4.79100274E-7	9.47662122E+1	-1.37655440E+2	1.67121678E+2	-9.67877361E-1
1.75559587E+3	2.76675937E+2	4.61051807E-7	9.28462802E+1	-1.30644170E+2	1.60275797E+2	-9.52938066E-1
1.88246790E+3	2.60171918E+2	4.43325246E-7	9.09327366E+1	-1.24053946E+2	1.53812042E+2	-9.38258027E-1
2.01850863E+3	2.45004186E+2	4.25893874E-7	8.90490037E+1	-1.17845888E+2	1.47707070E+2	-9.23695720E-1
2.16438064E+3	2.31035868E+2	4.08799406E-7	8.71930461E+1	-1.11991488E+2	1.41932099E+2	-9.09260660E-1
2.32079442E+3	2.18186350E+2	3.92059426E-7	8.53645230E+1	-1.06481321E+2	1.36474809E+2	-8.95028528E-1
2.48851178E+3	2.06301568E+2	3.75696837E-7	8.35684673E+1	-1.01274957E+2	1.31302345E+2	-8.80898598E-1
2.66834962E+3	1.95315550E+2	3.59690785E-7	8.18136389E+1	-9.63639149E+1	1.26409951E+2	-8.66879029E-1
2.86118383E+3	1.85129147E+2	3.44112363E-7	8.00870159E+1	-9.17197392E+1	1.21763873E+2	-8.53003164E-1
3.06795364E+3	1.75694744E+2	3.28927199E-7	7.83998883E+1	-8.73378821E+1	1.17364595E+2	-8.39274501E-1
3.28966612E+3	1.66919372E+2	3.14119926E-7	7.67607707E+1	-8.31904055E+1	1.13193903E+2	-8.25574018E-1
3.52740116E+3	1.58761308E+2	2.99767801E-7	7.51506645E+1	-7.92678707E+1	1.09229198E+2	-8.12054490E-1
3.78231664E+3	1.51160345E+2	2.85836272E-7	7.35805213E+1	-7.55537145E+1	1.05463060E+2	-7.98628379E-1
4.05565415E+3	1.44070537E+2	2.72311064E-7	7.20549664E+1	-7.20352653E+1	1.01887181E+2	-7.85261435E-1
4.34874501E+3	1.37450018E+2	2.59235767E-7	7.05628203E+1	-6.87004311E+1	9.84827949E+1	-7.72025804E-1
4.66301673E+3	1.31274426E+2	2.46575899E-7	6.91134547E+1	-6.55450939E+1	9.52513990E+1	-7.58905038E-1
5.00000000E+3	1.25504104E+2	2.34311954E-7	6.77118831E+1	-6.25557357E+1	9.21852440E+1	-7.45837622E-1
5.36133611E+3	1.20093208E+2	2.22511668E-7	6.63386765E+1	-5.97160313E+1	8.92570693E+1	-7.32908557E-1
5.74878498E+3	1.15025846E+2	2.11122581E-7	6.50070931E+1	-5.70225719E+1	8.64725152E+1	-7.20060312E-1
6.16423370E+3	1.10270592E+2	2.00169127E-7	6.37087216E+1	-5.44646418E+1	8.38164568E+1	-7.07332403E-1
6.60970574E+3	1.05805370E+2	1.89616469E-7	6.24511158E+1	-5.20338500E+1	8.12875355E+1	-6.94655615E-1
7.08737081E+3	1.01610681E+2	1.79486967E-7	6.12263450E+1	-4.97250967E+1	7.88749046E+1	-6.82106881E-1
7.59955541E+3	9.76565153E+1	1.69761012E-7	6.00359213E+1	-4.75245933E+1	7.65695687E+1	-6.69599581E-1
8.14875417E+3	9.39353961E+1	1.60432484E-7	5.88800884E+1	-4.54319224E+1	7.43701849E+1	-6.57182889E-1
8.73764200E+3	9.04170374E+1	1.51502076E-7	5.77534501E+1	-4.34331072E+1	7.22626863E+1	-6.44807672E-1
9.36908711E+3	8.70999239E+1	1.42936394E-7	5.66641720E+1	-4.15285042E+1	7.02527228E+1	-6.32459321E-1
1.00461650E+4	8.39664807E+1	1.34744549E-7	5.56058819E+1	-3.97116617E+1	6.83303022E+1	-6.20168205E-1
1.07721735E+4	8.10041416E+1	1.26899374E-7	5.45827688E+1	-3.79756718E+1	6.64938367E+1	-6.07864343E-1
1.15506485E+4	7.81943705E+1	1.19405546E-7	5.35882936E+1	-3.63124999E+1	6.47325489E+1	-5.95547400E-1
1.23853818E+4	7.55362975E+1	1.12243118E-7	5.26267719E+1	-3.47225338E+1	6.30494369E+1	-5.83225601E-1
1.32804389E+4	7.30140948E+1	1.05406060E-7	5.16946890E+1	-3.31978919E+1	6.14364787E+1	-5.70866369E-1
1.42401793E+4	7.06216909E+1	9.88793664E-8	5.07933924E+1	-3.17355720E+1	5.98925309E+1	-5.58453506E-1
1.52692775E+4	6.83526479E+1	9.26445603E-8	4.99251418E+1	-3.03314328E+1	5.84167410E+1	-5.45943897E-1
1.63727458E+4	6.62007605E+1	8.66998645E-8	4.90873910E+1	-2.89836269E+1	5.70054612E+1	-5.33367499E-1
1.75559587E+4	6.41560106E+1	8.10417332E-8	4.82765096E+1	-2.76876657E+1	5.56527470E+1	-5.20723211E-1
1.88246790E+4	6.22235418E+1	7.56452521E-8	4.75008017E+1	-2.64450735E+1	5.43660566E+1	-5.07994742E-1
2.01850863E+4	6.03847948E+1	7.05075662E-8	4.67529014E+1	-2.52454061E+1	5.31334579E+1	-4.95114042E-1
2.16438064E+4	5.86429197E+1	6.56103812E-8	4.60384630E+1	-2.40892047E+1	5.19598872E+1	-4.82066960E-1
2.32079442E+4	5.69906262E+1	6.09756986E-8	4.53467043E+1	-2.29785427E+1	5.08363754E+1	-4.69017222E-1
2.48851178E+4	5.54233922E+1	5.65518801E-8	4.46901421E+1	-2.19013786E+1	4.97682555E+1	-4.55673546E-1
2.66834962E+4	5.39404195E+1	5.23849900E-8	4.40533694E+1	-2.08700221E+1	4.87468688E+1	-4.42423103E-1
2.86118383E+4	5.25343660E+1	4.84275857E-8	4.34462096E+1	-1.98707304E+1	4.77746698E+1	-4.28960896E-1
3.06795364E+4	5.12088604E+1	4.46822169E-8	4.28689748E+1	-1.89082606E+1	4.68537228E+1	-4.15403785E-1
3.28966612E+4	4.99548159E+1	4.11479449E-8	4.23161044E+1	-1.79788903E+1	4.59770943E+1	-4.01761471E-1
3.52740116E+4	4.87696356E+1	3.78144709E-8	4.17882902E+1	-1.70803535E+1	4.51442098E+1	-3.88014139E-1
3.78231664E+4	4.76500839E+1	3.46794525E-8	4.12832791E+1	-1.62124196E+1	4.43525840E+1	-3.74207463E-1
4.05565415E+4	4.65953588E+1	3.17330334E-8	4.08026878E+1	-1.53738910E+1	4.36029343E+1	-3.60335762E-1
4.34874501E+4	4.55991761E+1	2.89639161E-8	4.03449860E+1	-1.45595401E+1	4.28917022E+1	-3.46330921E-1
4.66301673E+4	4.46603627E+1	2.63811174E-8	3.99053108E+1	-1.37750432E+1	4.22159407E+1	-3.32386218E-1
5.00000000E+4	4.37729758E+1	2.39571070E-8	3.94871326E+1	-1.30090600E+1	4.15748638E+1	-3.18252042E-1
5.36133611E+4	4.29387703E+1	2.17019988E-8	3.90871901E+1	-1.22697774E+1	4.09677419E+1	-3.04166990E-1
5.74878498E+4	4.21513627E+1	1.95998442E-8	3.87046613E+1	-1.15500388E+1	4.03912641E+1	-2.90001730E-1
6.16423370E+4	4.14116723E+1	1.76419681E-8	3.83417363E+1	-1.08492703E+1	3.98471507E+1	-2.75753635E-1
6.60970574E+4	4.07127093E+1	1.58255249E-8	3.79925245E+1	-1.01659570E+1	3.93291063E+1	-2.61452864E-1
7.08737081E+4	4.00555904E+1	1.41396787E-8	3.76599835E+1	-9.49834240E+0	3.88393212E+1	-2.47060526E-1
7.59955541E+4	3.94352606E+1	1.25824607E-8	3.73392092E+1	-8.84674422E+0	3.83729259E+1	-2.32639287E-1
8.14875417E+4	3.88507820E+1	1.11376033E-8	3.70331103E+1	-8.20451258E+0	3.79310597E+1	-2.18023812E-1
8.73764200E+4	3.82998764E+1	9.80351052E-9	3.67387755E+1	-7.57317134E+0	3.75112058E+1	-2.03288201E-1
9.36908711E+4	3.77804450E+1	8.57372882E-9	3.64549313E+1	-6.95136726E+0	3.71117707E+1	-1.88421904E-1
1.00461650E+5	3.72942215E+1	7.43896993E-9	3.61845553E+1	-6.33662130E+0	3.67351987E+1	-1.73361617E-1
1.07721735E+5	3.68360830E+1	6.39167262E-9	3.59238100E+1	-5.72471092E+0	3.63770868E+1	-1.58028258E-1
1.15506485E+5	3.64064449E+1	5.43029977E-9	3.56720911E+1	-5.11819568E+0	3.60373975E+1	-1.42506413E-1
1.23853818E+5	3.60024693E+1	4.54485318E-9	3.54280483E+1	-4.51116416E+0	3.57141039E+1	-1.26651565E-1
1.32804389E+5	3.56229223E+1	3.73122525E-9	3.51900370E+1	-3.90294926E+0	3.54058181E+1	-1.10459188E-1
1.42401793E+5	3.52748858E+1	2.98419903E-9	3.49647101E+1	-3.29320413E+0	3.51194555E+1	-9.39094744E-2
1.52692775E+5	3.49472420E+1	2.29906124E-9	3.47408161E+1	-2.67794598E+0	3.48438762E+1	-7.69314346E-2
1.63727458E+5	3.46463306E+1	1.67048470E-9	3.45239470E+1	-2.05551935E+0	3.45850847E+1	-5.94687408E-2
1.75559587E+5	3.43729337E+1	1.09314814E-9	3.43139851E+1	-1.42223452E+0	3.43434467E+1	-4.14239527E-2
1.88246790E+5	3.41437782E+1	5.66145380E-10	3.41204745E+1	-7.80264385E-1	3.41321229E+1	-2.28599705E-2
2.01850863E+5	3.39044306E+1	8.13341797E-11	3.39040155E+1	-1.18574378E-1	3.39042230E+1	-3.49734197E-3
2.16438064E+5	3.37126236E+1	-3.60726850E-10	3.37034049E+1	5.57388651E-1	3.37080140E+1	1.65365476E-2
2.32079442E+5	3.35502817E+1	-7.64846546E-10	3.35033717E+1	1.25364760E+0	3.35268185E+1	3.74011037E-2
2.48851178E+5	3.34230927E+1	-1.13148268E-9	3.33066369E+1	1.96944988E+0	3.33648140E+1	5.90620791E-2
2.66834962E+5	3.33298782E+1	-1.46642397E-9	3.31075659E+1	2.71295677E+0	3.32185361E+1	8.17610524E-2
2.86118383E+5	3.32748667E+1	-1.76916966E-9	3.29063115E+1	3.48249566E+0	3.30900760E+1	1.05438164E-1
3.06795364E+5	3.32640026E+1	-2.04175271E-9	3.27034624E+1	4.28154047E+0	3.29825417E+1	1.30179700E-1
3.28966612E+5	3.32952822E+1	-2.28872502E-9	3.24892425E+1	5.11737814E+0	3.28897932E+1	1.56226411E-1
3.52740116E+5	3.33931900E+1	-2.50662931E-9	3.22821514E+1	5.98887433E+0	3.28329714E+1	1.83431203E-1
3.78231664E+5	3.35483464E+1	-2.70023506E-9	3.20623536E+1	6.90248753E+0	3.27969349E+1	2.12046913E-1
4.05565415E+5	3.37688514E+1	-2.87006341E-9	3.18275181E+1	7.86051994E+0	3.27838181E+1	2.42127186E-1
4.34874501E+5	3.40719998E+1	-3.01508666E-9	3.15834723E+1	8.86545528E+0	3.28041470E+1	2.73656962E-1
4.66301673E+5	3.44665914E+1	-3.13752277E-9	3.13223310E+1	9.92398566E+0	3.28568711E+1	3.06828560E-1
5.00000000E+5	3.49708755E+1	-3.23603913E-9	3.10466377E+1	1.10378547E+1	3.29503882E+1	3.41588329E-1
