Start time:20240906_05-13-10	sweep/start:500.000	sweep/stop:500000.000	sweep/samplecount:100.000	sweep/xmapping:1.000	sweep/scan:0.000	sweep/averaging/sample:10.000	sweep/settling/time:0.100	sweep/settling/inaccuracy:0.010	sweep/awgcontrol:0.000	sweep/averaging/time:0.100	sweep/averaging/tc:15.000	sweep/bandwidthcontrol:2.000	sweep/sincfilter:0.000	sweep/omegasuppression:80.000	sweep/maxbandwidth:100.000	sweep/bandwidth:1250000.000	sweep/order:8.000	sweep/bandwidthoverlap:1.000																				
Frequency	Param0		Param1		RealZ		ImagZ		AbsZ		PhaseZ		
5.00000000E+2	1.24440545E+3	8.03138492E-7	1.14603532E+2	-3.59832243E+2	3.77641652E+2	-1.26246231E+0
5.36133611E+2	1.12526685E+3	7.90245960E-7	1.12830478E+2	-3.37984678E+2	3.56320590E+2	-1.24859604E+0
5.74878498E+2	1.01923190E+3	7.76776802E-7	1.11050930E+2	-3.17575621E+2	3.36432150E+2	-1.23440354E+0
6.16423370E+2	9.24810348E+2	7.62586233E-7	1.09301824E+2	-2.98557424E+2	3.17936201E+2	-1.21985128E+0
6.60970574E+2	8.40535162E+2	7.47825830E-7	1.07560400E+2	-2.80782900E+2	3.00679696E+2	-1.20496665E+0
7.08737081E+2	7.65471580E+2	7.32466983E-7	1.05816358E+2	-2.64201220E+2	2.84603918E+2	-1.18984668E+0
7.59955541E+2	6.98708337E+2	7.16422574E-7	1.04082423E+2	-2.48777210E+2	2.69672490E+2	-1.17454959E+0
8.14875417E+2	6.38793641E+2	6.99930348E-7	1.02362533E+2	-2.34329755E+2	2.55711799E+2	-1.15894743E+0
8.73764200E+2	5.85394423E+2	6.82946464E-7	1.00627042E+2	-2.20863539E+2	2.42706624E+2	-1.14328915E+0
9.36908711E+2	5.37605686E+2	6.65609375E-7	9.88732699E+1	-2.08276030E+2	2.30553310E+2	-1.12757462E+0
1.00461650E+3	4.94589618E+2	6.47845095E-7	9.71564146E+1	-1.96502370E+2	2.19208921E+2	-1.11161567E+0
1.07721735E+3	4.56042315E+2	6.29841952E-7	9.54153687E+1	-1.85497575E+2	2.08598762E+2	-1.09571474E+0
1.15506485E+3	4.21389036E+2	6.11564995E-7	9.36829163E+1	-1.75215472E+2	1.98688075E+2	-1.07979688E+0
1.23853818E+3	3.90080144E+2	5.93141449E-7	9.19583189E+1	-1.65574090E+2	1.89396706E+2	-1.06382377E+0
1.32804389E+3	3.61906862E+2	5.74595920E-7	9.02297504E+1	-1.56567419E+2	1.80706294E+2	-1.04798586E+0
1.42401793E+3	3.36336432E+2	5.56013992E-7	8.85168143E+1	-1.48108750E+2	1.72543990E+2	-1.03210845E+0
1.52692775E+3	3.13195286E+2	5.37451262E-7	8.68061170E+1	-1.40185462E+2	1.64885615E+2	-1.01636177E+0
1.63727458E+3	2.92146284E+2	5.18949700E-7	8.51116445E+1	-1.32744332E+2	1.57686556E+2	-1.00065376E+0
1.75559587E+3	2.72969221E+2	5.00549694E-7	8.34361701E+1	-1.25753374E+2	1.50915559E+2	-9.84995826E-1
1.88246790E+3	2.55504118E+2	4.82304813E-7	8.17747656E+1	-1.19191765E+2	1.44546841E+2	-9.69475691E-1
2.01850863E+3	2.39523804E+2	4.64268921E-7	8.01323025E+1	-1.13015075E+2	1.38540945E+2	-9.54028430E-1
2.16438064E+3	2.24866986E+2	4.46422843E-7	7.85237956E+1	-1.07198052E+2	1.32881184E+2	-9.38582193E-1
2.32079442E+3	2.11447513E+2	4.28854659E-7	7.69327715E+1	-1.01728028E+2	1.27543103E+2	-9.23301257E-1
2.48851178E+3	1.99095597E+2	4.11577923E-7	7.53694018E+1	-9.65669155E+1	1.22497820E+2	-9.08066164E-1
2.66834962E+3	1.87743609E+2	3.94572345E-7	7.38417525E+1	-9.17099368E+1	1.17742588E+2	-8.92913118E-1
2.86118383E+3	1.77252769E+2	3.77902177E-7	7.23452980E+1	-8.71180925E+1	1.13240471E+2	-8.77775160E-1
3.06795364E+3	1.67589540E+2	3.61563385E-7	7.08824095E+1	-8.27939267E+1	1.08991515E+2	-8.62753915E-1
3.28966612E+3	1.58639134E+2	3.45592494E-7	6.94524323E+1	-7.87034517E+1	1.04966060E+2	-8.47758322E-1
3.52740116E+3	1.50363398E+2	3.29972967E-7	6.80613205E+1	-7.48437572E+1	1.01162895E+2	-8.32823705E-1
3.78231664E+3	1.42681981E+2	3.14749064E-7	6.67034450E+1	-7.11900979E+1	9.75570584E+1	-8.17923767E-1
4.05565415E+3	1.35565157E+2	2.99914895E-7	6.53820704E+1	-6.77400577E+1	9.41463254E+1	-8.03109275E-1
4.34874501E+3	1.28943565E+2	2.85520455E-7	6.40886757E+1	-6.44706435E+1	9.09055679E+1	-7.88369296E-1
4.66301673E+3	1.22801065E+2	2.71502884E-7	6.28390333E+1	-6.13836792E+1	8.78447506E+1	-7.73683015E-1
5.00000000E+3	1.17087193E+2	2.57907487E-7	6.16245747E+1	-5.84624680E+1	8.49437956E+1	-7.59072459E-1
5.36133611E+3	1.11755739E+2	2.44742965E-7	6.04438484E+1	-5.56910054E+1	8.21884841E+1	-7.44495781E-1
5.74878498E+3	1.06788039E+2	2.32029119E-7	5.92931671E+1	-5.30671398E+1	7.95726147E+1	-7.30043500E-1
6.16423370E+3	1.02149057E+2	2.19738145E-7	5.81786090E+1	-5.05780533E+1	7.70901424E+1	-7.15625721E-1
6.60970574E+3	9.78173930E+1	2.07896526E-7	5.70941567E+1	-4.82188635E+1	7.47315299E+1	-7.01321470E-1
7.08737081E+3	9.37693934E+1	1.96483185E-7	5.60440839E+1	-4.59813047E+1	7.24928944E+1	-6.87085984E-1
7.59955541E+3	8.99686880E+1	1.85516082E-7	5.50213917E+1	-4.38503005E+1	7.03576749E+1	-6.72889558E-1
8.14875417E+3	8.64141403E+1	1.74982996E-7	5.40297163E+1	-4.18296690E+1	6.83295797E+1	-6.58808482E-1
8.73764200E+3	8.30696666E+1	1.64877288E-7	5.30661386E+1	-3.99020218E+1	6.63941747E+1	-6.44735167E-1
9.36908711E+3	7.99359085E+1	1.55183666E-7	5.21349780E+1	-3.80709977E+1	6.45558427E+1	-6.30733698E-1
1.00461650E+4	7.69889187E+1	1.45909786E-7	5.12306959E+1	-3.63264594E+1	6.28028334E+1	-6.16791334E-1
1.07721735E+4	7.42135480E+1	1.37029382E-7	5.03565359E+1	-3.46605896E+1	6.11321290E+1	-6.02832884E-1
1.15506485E+4	7.16006271E+1	1.28543237E-7	4.95103702E+1	-3.30710867E+1	5.95396804E+1	-5.88899406E-1
1.23853818E+4	6.91387227E+1	1.20442974E-7	4.86914003E+1	-3.15532682E+1	5.80212135E+1	-5.74985909E-1
1.32804389E+4	6.68121138E+1	1.12726105E-7	4.78956456E+1	-3.01001070E+1	5.65686249E+1	-5.61077693E-1
1.42401793E+4	6.46234448E+1	1.05355690E-7	4.71326745E+1	-2.87121363E+1	5.51894536E+1	-5.47139908E-1
1.52692775E+4	6.25556361E+1	9.83416638E-8	4.63945184E+1	-2.73822431E+1	5.38724290E+1	-5.33185624E-1
1.63727458E+4	6.06025421E+1	9.16589063E-8	4.56847366E+1	-2.61058608E+1	5.26175936E+1	-5.19151017E-1
1.75559587E+4	5.87540770E+1	8.53090573E-8	4.49986360E+1	-2.48792289E+1	5.14184141E+1	-5.05058170E-1
1.88246790E+4	5.70167429E+1	7.92796265E-8	4.43415681E+1	-2.37073213E+1	5.02813263E+1	-4.90983641E-1
2.01850863E+4	5.53727741E+1	7.35483530E-8	4.37113059E+1	-2.25773772E+1	4.91977261E+1	-4.76769117E-1
2.16438064E+4	5.38265730E+1	6.81193389E-8	4.31083510E+1	-2.14952285E+1	4.81702688E+1	-4.62553081E-1
2.32079442E+4	5.23590485E+1	6.29894798E-8	4.25238116E+1	-2.04507141E+1	4.71858698E+1	-4.48270539E-1
2.48851178E+4	5.09764452E+1	5.81285784E-8	4.19675536E+1	-1.94443062E+1	4.62531802E+1	-4.33873488E-1
2.66834962E+4	4.96811829E+1	5.35441519E-8	4.14386805E+1	-1.84812987E+1	4.53731491E+1	-4.19515445E-1
2.86118383E+4	4.84568623E+1	4.92166502E-8	4.09327264E+1	-1.75494554E+1	4.45361817E+1	-4.05033328E-1
3.06795364E+4	4.73036428E+1	4.51471947E-8	4.04485815E+1	-1.66516512E+1	4.37420306E+1	-3.90529948E-1
3.28966612E+4	4.62209954E+1	4.13245684E-8	3.99881052E+1	-1.57873825E+1	4.29917437E+1	-3.76017297E-1
3.52740116E+4	4.52022085E+1	3.77433941E-8	3.95477336E+1	-1.49539845E+1	4.22805499E+1	-3.61507525E-1
3.78231664E+4	4.42446889E+1	3.43819963E-8	3.91305141E+1	-1.41463871E+1	4.16091026E+1	-3.46898810E-1
4.05565415E+4	4.33465908E+1	3.12478814E-8	3.87322903E+1	-1.33687096E+1	4.09745376E+1	-3.32353573E-1
4.34874501E+4	4.25029886E+1	2.83310927E-8	3.83512261E+1	-1.26184453E+1	4.03737752E+1	-3.17866485E-1
4.66301673E+4	4.17119972E+1	2.56104565E-8	3.79904404E+1	-1.18904823E+1	3.98077523E+1	-3.03327720E-1
5.00000000E+4	4.09705784E+1	2.30846951E-8	3.76468826E+1	-1.11860079E+1	3.92735860E+1	-2.88821440E-1
5.36133611E+4	4.02751756E+1	2.07392774E-8	3.73204646E+1	-1.05010083E+1	3.87696823E+1	-2.74282357E-1
5.74878498E+4	3.96218507E+1	1.85725097E-8	3.70072270E+1	-9.83666380E+0	3.82922293E+1	-2.59796693E-1
6.16423370E+4	3.90097258E+1	1.65728123E-8	3.67081828E+1	-9.19159650E+0	3.78414606E+1	-2.45351704E-1
6.60970574E+4	3.84361760E+1	1.47233036E-8	3.64242784E+1	-8.56048527E+0	3.74167072E+1	-2.30832251E-1
7.08737081E+4	3.78985525E+1	1.30238781E-8	3.61519745E+1	-7.94620891E+0	3.70149632E+1	-2.16359662E-1
7.59955541E+4	3.73948945E+1	1.14587929E-8	3.58923066E+1	-7.34379592E+0	3.66358979E+1	-2.01820850E-1
8.14875417E+4	3.69230696E+1	1.00227450E-8	3.56434212E+1	-6.75359402E+0	3.62776036E+1	-1.87256727E-1
8.73764200E+4	3.64772764E+1	8.70195157E-9	3.54021582E+1	-6.16939982E+0	3.59356969E+1	-1.72533589E-1
9.36908711E+4	3.60644544E+1	7.49349741E-9	3.51742153E+1	-5.59584253E+0	3.56165535E+1	-1.57767203E-1
1.00461650E+5	3.56755113E+1	6.38719760E-9	3.49524107E+1	-5.02733549E+0	3.53121101E+1	-1.42853975E-1
1.07721735E+5	3.53132842E+1	5.37371256E-9	3.47401928E+1	-4.46198360E+0	3.50255664E+1	-1.27739301E-1
1.15506485E+5	3.49755377E+1	4.44857568E-9	3.45351804E+1	-3.89971935E+0	3.47546616E+1	-1.12443887E-1
1.23853818E+5	3.46619321E+1	3.60235513E-9	3.43377203E+1	-3.33656820E+0	3.44994454E+1	-9.68650851E-2
1.32804389E+5	3.43861519E+1	2.83311667E-9	3.41604100E+1	-2.77691861E+0	3.42730951E+1	-8.11122214E-2
1.42401793E+5	3.40966546E+1	2.12235453E-9	3.39543085E+1	-2.19846686E+0	3.40254071E+1	-6.46575487E-2
1.52692775E+5	3.38518532E+1	1.47879441E-9	3.37739491E+1	-1.62207318E+0	3.38128787E+1	-4.79904713E-2
1.63727458E+5	3.36269738E+1	8.93196874E-10	3.35949000E+1	-1.03802965E+0	3.36109331E+1	-3.08886005E-2
1.75559587E+5	3.34243637E+1	3.59162892E-10	3.34185033E+1	-4.42533226E-1	3.34214334E+1	-1.32413898E-2
1.88246790E+5	3.32426758E+1	-1.23172582E-10	3.32363133E+1	1.60987282E-1	3.32394943E+1	4.84291600E-3
2.01850863E+5	3.30964148E+1	-5.69697957E-10	3.30774996E+1	7.90986023E-1	3.30869559E+1	2.39085562E-2
2.16438064E+5	3.29711395E+1	-9.71502823E-10	3.29086945E+1	1.43351463E+0	3.29399022E+1	4.35328435E-2
2.32079442E+5	3.28749877E+1	-1.33561477E-9	3.27407677E+1	2.09629413E+0	3.28078091E+1	6.39397519E-2
2.48851178E+5	3.28089135E+1	-1.66527043E-9	3.25712147E+1	2.78246762E+0	3.26898481E+1	8.52202950E-2
2.66834962E+5	3.27752184E+1	-1.96230371E-9	3.23985178E+1	3.49348994E+0	3.25863238E+1	1.07413680E-1
2.86118383E+5	3.27856621E+1	-2.23056556E-9	3.22286160E+1	4.23707586E+0	3.25059458E+1	1.30719681E-1
3.06795364E+5	3.28339404E+1	-2.46824504E-9	3.20517156E+1	5.00715707E+0	3.24404703E+1	1.54968615E-1
3.28966612E+5	3.29285233E+1	-2.68102037E-9	3.18674240E+1	5.81501923E+0	3.23936292E+1	1.80489525E-1
3.52740116E+5	3.30801359E+1	-2.86757640E-9	3.16798478E+1	6.66039624E+0	3.23724214E+1	2.07222801E-1
3.78231664E+5	3.32945199E+1	-3.02989240E-9	3.14849358E+1	7.54815028E+0	3.23770878E+1	2.35297662E-1
4.05565415E+5	3.35722757E+1	-3.16887508E-9	3.12738281E+1	8.47827631E+0	3.24026784E+1	2.64735102E-1
4.34874501E+5	3.39361675E+1	-3.28683769E-9	3.10517623E+1	9.46392166E+0	3.24619439E+1	2.95835298E-1
4.66301673E+5	3.43911393E+1	-3.38265235E-9	3.08116821E+1	1.05018586E+1	3.25522479E+1	3.28491409E-1
NaN	NaN	NaN	NaN	NaN	NaN	NaN
