Start time:20240904_16-49-29	sweep/start:500.000	sweep/stop:500000.000	sweep/samplecount:100.000	sweep/xmapping:1.000	sweep/scan:0.000	sweep/averaging/sample:10.000	sweep/settling/time:0.100	sweep/settling/inaccuracy:0.010	sweep/awgcontrol:0.000	sweep/averaging/time:0.100	sweep/averaging/tc:15.000	sweep/bandwidthcontrol:2.000	sweep/sincfilter:0.000	sweep/omegasuppression:80.000	sweep/maxbandwidth:100.000	sweep/bandwidth:1250000.000	sweep/order:8.000	sweep/bandwidthoverlap:1.000																				
Frequency	Param0		Param1		RealZ		ImagZ		AbsZ		PhaseZ		
5.00000000E+2	1.05124712E+3	6.93130667E-7	1.68466399E+2	-3.85640840E+2	4.20832258E+2	-1.15893334E+0
5.36133611E+2	9.59193701E+2	6.76427568E-7	1.66034836E+2	-3.62893876E+2	3.99073350E+2	-1.14169813E+0
5.74878498E+2	8.76656497E+2	6.58926892E-7	1.63751871E+2	-3.41671516E+2	3.78885349E+2	-1.12387229E+0
6.16423370E+2	8.03103642E+2	6.40829544E-7	1.61484602E+2	-3.21887531E+2	3.60123398E+2	-1.10580545E+0
6.60970574E+2	7.37488055E+2	6.22078307E-7	1.59279670E+2	-3.03474585E+2	3.42734359E+2	-1.08746425E+0
7.08737081E+2	6.78923533E+2	6.02897850E-7	1.57068942E+2	-2.86299019E+2	3.26554414E+2	-1.06901436E+0
7.59955541E+2	6.26693441E+2	5.83249362E-7	1.54885380E+2	-2.70326027E+2	3.11553598E+2	-1.05049824E+0
8.14875417E+2	5.80064349E+2	5.63244142E-7	1.52718498E+2	-2.55467426E+2	2.97634925E+2	-1.03199585E+0
8.73764200E+2	5.38388454E+2	5.42978839E-7	1.50566134E+2	-2.41646228E+2	2.84715757E+2	-1.01357529E+0
9.36908711E+2	5.01051209E+2	5.22579502E-7	1.48421220E+2	-2.28774493E+2	2.72702454E+2	-9.95288754E-1
1.00461650E+3	4.67695872E+2	5.02159456E-7	1.46259554E+2	-2.16825110E+2	2.61543471E+2	-9.77355311E-1
1.07721735E+3	4.37791474E+2	4.81931327E-7	1.44045703E+2	-2.05700780E+2	2.51121440E+2	-9.59890427E-1
1.15506485E+3	4.10898125E+2	4.61842920E-7	1.41843855E+2	-1.95355298E+2	2.41419495E+2	-9.42779649E-1
1.23853818E+3	3.86723407E+2	4.42071927E-7	1.39612972E+2	-1.85741273E+2	2.32360933E+2	-9.26238182E-1
1.32804389E+3	3.64939997E+2	4.22750945E-7	1.37335764E+2	-1.76799886E+2	2.23873429E+2	-9.10371099E-1
1.42401793E+3	3.45242873E+2	4.03863809E-7	1.35052542E+2	-1.68483641E+2	2.15930375E+2	-8.95094788E-1
1.52692775E+3	3.27425460E+2	3.85572140E-7	1.32721611E+2	-1.60752628E+2	2.08462068E+2	-8.80623687E-1
1.63727458E+3	3.11209386E+2	3.67946797E-7	1.30341595E+2	-1.53540205E+2	2.01403890E+2	-8.66936239E-1
1.75559587E+3	2.96425917E+2	3.50961982E-7	1.27939320E+2	-1.46819821E+2	1.94742214E+2	-8.54006863E-1
1.88246790E+3	2.82901934E+2	3.34715316E-7	1.25488495E+2	-1.40547412E+2	1.88416925E+2	-8.41942649E-1
2.01850863E+3	2.70494040E+2	3.19207212E-7	1.22998087E+2	-1.34691200E+2	1.82401341E+2	-8.30743851E-1
2.16438064E+3	2.59031943E+2	3.04480079E-7	1.20457184E+2	-1.29198780E+2	1.76641609E+2	-8.20398434E-1
2.32079442E+3	2.48415059E+2	2.90502938E-7	1.17879582E+2	-1.24046230E+2	1.71122947E+2	-8.10882477E-1
2.48851178E+3	2.38535404E+2	2.77260520E-7	1.15270549E+2	-1.19200700E+2	1.65819501E+2	-8.02158353E-1
2.66834962E+3	2.29302576E+2	2.64703895E-7	1.12647283E+2	-1.14633771E+2	1.60718113E+2	-7.94138172E-1
2.86118383E+3	2.20629231E+2	2.52878698E-7	1.09984170E+2	-1.10314120E+2	1.55774590E+2	-7.86895905E-1
3.06795364E+3	2.12450754E+2	2.41700037E-7	1.07310438E+2	-1.06219834E+2	1.50990673E+2	-7.80290714E-1
3.28966612E+3	2.04694607E+2	2.31153111E-7	1.04623946E+2	-1.02321977E+2	1.46341919E+2	-7.74275095E-1
3.52740116E+3	1.97308215E+2	2.21187304E-7	1.01937601E+2	-9.85994494E+1	1.41820753E+2	-7.68753641E-1
3.78231664E+3	1.90259517E+2	2.11767474E-7	9.92575973E+1	-9.50401582E+1	1.37421623E+2	-7.63695509E-1
4.05565415E+3	1.83486003E+2	2.02858317E-7	9.65894261E+1	-9.16149020E+1	1.33127036E+2	-7.58972808E-1
4.34874501E+3	1.76971801E+2	1.94412739E-7	9.39449425E+1	-8.83173443E+1	1.28940318E+2	-7.54531599E-1
4.66301673E+3	1.70702514E+2	1.86392242E-7	9.13326884E+1	-8.51414085E+1	1.24862803E+2	-7.50329324E-1
5.00000000E+3	1.64656392E+2	1.78746556E-7	8.87667386E+1	-8.20760430E+1	1.20896695E+2	-7.46255285E-1
5.36133611E+3	1.58786344E+2	1.71474433E-7	8.62378159E+1	-7.90975754E+1	1.17018748E+2	-7.42238580E-1
5.74878498E+3	1.53106404E+2	1.64527392E-7	8.37610720E+1	-7.62131173E+1	1.13244675E+2	-7.38250801E-1
6.16423370E+3	1.47593159E+2	1.57871421E-7	8.13437832E+1	-7.34096365E+1	1.09570917E+2	-7.34173409E-1
6.60970574E+3	1.42248498E+2	1.51491645E-7	7.89859580E+1	-7.06884164E+1	1.05998273E+2	-7.30017560E-1
7.08737081E+3	1.37061376E+2	1.45341527E-7	7.67018748E+1	-6.80418022E+1	1.02532261E+2	-7.25638998E-1
7.59955541E+3	1.32020751E+2	1.39424603E-7	7.44827292E+1	-6.54644089E+1	9.91628248E+1	-7.21046235E-1
8.14875417E+3	1.27145289E+2	1.33714444E-7	7.23360226E+1	-6.29657386E+1	9.59019523E+1	-7.16253857E-1
8.73764200E+3	1.22403763E+2	1.28185920E-7	7.02652243E+1	-6.05270686E+1	9.27401091E+1	-7.11080172E-1
9.36908711E+3	1.17810417E+2	1.22846052E-7	6.82624424E+1	-5.81572498E+1	8.96773481E+1	-7.05634066E-1
1.00461650E+4	1.13372812E+2	1.17651045E-7	6.63435304E+1	-5.58577526E+1	8.67268849E+1	-6.99800408E-1
1.07721735E+4	1.09077276E+2	1.12605240E-7	6.45000988E+1	-5.36211924E+1	8.38778579E+1	-6.93557798E-1
1.15506485E+4	1.04917585E+2	1.07706136E-7	6.27276442E+1	-5.14439071E+1	8.11247986E+1	-6.86886649E-1
1.23853818E+4	1.00917479E+2	1.02930053E-7	6.10354152E+1	-4.93377972E+1	7.84827381E+1	-6.79809917E-1
1.32804389E+4	9.70394712E+1	9.82845237E-8	5.94108938E+1	-4.72815753E+1	7.59289253E+1	-6.72199304E-1
1.42401793E+4	9.33144394E+1	9.37510639E-8	5.78626029E+1	-4.52916713E+1	7.34807208E+1	-6.64130776E-1
1.52692775E+4	8.97200272E+1	8.93371214E-8	5.63800702E+1	-4.33556116E+1	7.11225802E+1	-6.55543245E-1
1.63727458E+4	8.62807623E+1	8.50230748E-8	5.49729194E+1	-4.14859424E+1	6.88702066E+1	-6.46477762E-1
1.75559587E+4	8.29679539E+1	8.08189577E-8	5.36285114E+1	-3.96664910E+1	6.67041815E+1	-6.36846084E-1
1.88246790E+4	7.97976667E+1	7.67107885E-8	5.23533395E+1	-3.79051719E+1	6.46349309E+1	-6.26669380E-1
2.01850863E+4	7.67646105E+1	7.27068707E-8	5.11401014E+1	-3.61999991E+1	6.26558054E+1	-6.15981246E-1
2.16438064E+4	7.38669617E+1	6.87967797E-8	4.99911987E+1	-3.45481978E+1	6.07675732E+1	-6.04718063E-1
2.32079442E+4	7.11065429E+1	6.49971489E-8	4.88975828E+1	-3.29539735E+1	5.89655666E+1	-5.93020207E-1
2.48851178E+4	6.84654695E+1	6.12786741E-8	4.78669227E+1	-3.14004596E+1	5.72471071E+1	-5.80578064E-1
2.66834962E+4	6.59612753E+1	5.76822246E-8	4.68835124E+1	-2.99070639E+1	5.56102172E+1	-5.67823068E-1
2.86118383E+4	6.35816426E+1	5.41735624E-8	4.59593202E+1	-2.84589165E+1	5.40570908E+1	-5.54431893E-1
3.06795364E+4	6.13300898E+1	5.07737145E-8	4.50852100E+1	-2.70629596E+1	5.25840277E+1	-5.40612472E-1
3.28966612E+4	5.91979926E+1	4.74786358E-8	4.42601806E+1	-2.57128419E+1	5.11870475E+1	-5.26292508E-1
3.52740116E+4	5.71784872E+1	4.42878059E-8	4.34819179E+1	-2.44039560E+1	4.98621127E+1	-5.11434669E-1
3.78231664E+4	5.52757043E+1	4.12178377E-8	4.27444572E+1	-2.31439265E+1	4.86079209E+1	-4.96254140E-1
4.05565415E+4	5.34816843E+1	3.82550201E-8	4.20515652E+1	-2.19238311E+1	4.74235019E+1	-4.80585994E-1
4.34874501E+4	5.17962131E+1	3.54119205E-8	4.13979374E+1	-2.07477021E+1	4.63061161E+1	-4.64588919E-1
4.66301673E+4	5.02136211E+1	3.26830592E-8	4.07843926E+1	-1.96103377E+1	4.52540831E+1	-4.48193903E-1
5.00000000E+4	4.87249713E+1	3.00774709E-8	4.02029356E+1	-1.85097496E+1	4.42593141E+1	-4.31475358E-1
5.36133611E+4	4.73314778E+1	2.75929446E-8	3.96559181E+1	-1.74465286E+1	4.33240488E+1	-4.14463026E-1
5.74878498E+4	4.60278076E+1	2.52285462E-8	3.91416624E+1	-1.64175261E+1	4.24453166E+1	-3.97150719E-1
6.16423370E+4	4.48071174E+1	2.29853640E-8	3.86562735E+1	-1.54197502E+1	4.16182194E+1	-3.79552445E-1
6.60970574E+4	4.36672034E+1	2.08647734E-8	3.81982352E+1	-1.44535436E+1	4.08412794E+1	-3.61732847E-1
7.08737081E+4	4.26045117E+1	1.88612596E-8	3.77682528E+1	-1.35150670E+1	4.01135634E+1	-3.43643854E-1
7.59955541E+4	4.16126739E+1	1.69776177E-8	3.73610052E+1	-1.26034364E+1	3.94295742E+1	-3.25354010E-1
8.14875417E+4	4.06914340E+1	1.52106328E-8	3.69779188E+1	-1.17182787E+1	3.87902635E+1	-3.06887790E-1
8.73764200E+4	3.98309313E+1	1.35540385E-8	3.66144630E+1	-1.08521541E+1	3.81888486E+1	-2.88141422E-1
9.36908711E+4	3.90331453E+1	1.20090403E-8	3.62712894E+1	-1.00087994E+1	3.76268854E+1	-2.69242468E-1
1.00461650E+5	3.82932566E+1	1.05689825E-8	3.59472105E+1	-9.18334380E+0	3.71016948E+1	-2.50117885E-1
1.07721735E+5	3.76061450E+1	9.22958490E-9	3.56392680E+1	-8.37245769E+0	3.66094998E+1	-2.30738297E-1
1.15506485E+5	3.69721784E+1	7.98653478E-9	3.53488205E+1	-7.57520840E+0	3.61513886E+1	-2.11105807E-1
1.23853818E+5	3.63871429E+1	6.83665981E-9	3.50727293E+1	-6.78970263E+0	3.57238914E+1	-1.91223826E-1
1.32804389E+5	3.58461666E+1	5.77420240E-9	3.48078387E+1	-6.01179348E+0	3.53231875E+1	-1.71026512E-1
1.42401793E+5	3.53489955E+1	4.79406881E-9	3.45545597E+1	-5.23940570E+0	3.49495204E+1	-1.50480806E-1
1.52692775E+5	3.48976487E+1	3.89349191E-9	3.43145446E+1	-4.47313551E+0	3.46048685E+1	-1.29625893E-1
1.63727458E+5	3.44845767E+1	3.06707359E-9	3.40811034E+1	-3.70820825E+0	3.42822465E+1	-1.08379062E-1
1.75559587E+5	3.41166729E+1	2.30744616E-9	3.38613381E+1	-2.94040240E+0	3.39887657E+1	-8.66192853E-2
1.88246790E+5	3.37929565E+1	1.60390572E-9	3.36482152E+1	-2.15674056E+0	3.37204948E+1	-6.40085445E-2
2.01850863E+5	3.34974810E+1	9.77068349E-10	3.34398625E+1	-1.38807214E+0	3.34686594E+1	-4.14856896E-2
2.16438064E+5	3.32466587E+1	3.98350958E-10	3.32358771E+1	-5.98596867E-1	3.32412675E+1	-1.80086179E-2
2.32079442E+5	3.30398283E+1	-1.26834936E-10	3.30385940E+1	2.01889898E-1	3.30392111E+1	6.11065431E-3
2.48851178E+5	3.28744797E+1	-6.03975373E-10	3.28428245E+1	1.01961949E+0	3.28586483E+1	3.10354601E-2
2.66834962E+5	3.27534228E+1	-1.03417063E-9	3.26481266E+1	1.85408570E+0	3.27007323E+1	5.67290161E-2
2.86118383E+5	3.26841705E+1	-1.42385645E-9	3.24569916E+1	2.71542352E+0	3.25703830E+1	8.34678260E-2
3.06795364E+5	3.26642485E+1	-1.77241345E-9	3.22624298E+1	3.60050494E+0	3.24627175E+1	1.11140669E-1
3.28966612E+5	3.27011952E+1	-2.08264511E-9	3.20657710E+1	4.51390300E+0	3.23819245E+1	1.39851198E-1
3.52740116E+5	3.28000314E+1	-2.35655139E-9	3.18648733E+1	5.45881037E+0	3.23290712E+1	1.69664285E-1
3.78231664E+5	3.29633880E+1	-2.59687010E-9	3.16534190E+1	6.43932536E+0	3.23017635E+1	2.00693597E-1
4.05565415E+5	3.32083267E+1	-2.80497885E-9	3.14370852E+1	7.46207578E+0	3.23105709E+1	2.33052358E-1
4.34874501E+5	3.35415542E+1	-2.98283131E-9	3.12092016E+1	8.53175396E+0	3.23543679E+1	2.66853003E-1
4.66301673E+5	3.39712652E+1	-3.12985667E-9	3.09661989E+1	9.64652488E+0	3.24339475E+1	3.01989884E-1
5.00000000E+5	3.45152589E+1	-3.24842433E-9	3.07056057E+1	1.08156182E+1	3.25547526E+1	3.38665380E-1
