Start time:20240905_02-51-21	sweep/start:500.000	sweep/stop:500000.000	sweep/samplecount:100.000	sweep/xmapping:1.000	sweep/scan:0.000	sweep/averaging/sample:10.000	sweep/settling/time:0.100	sweep/settling/inaccuracy:0.010	sweep/awgcontrol:0.000	sweep/averaging/time:0.100	sweep/averaging/tc:15.000	sweep/bandwidthcontrol:2.000	sweep/sincfilter:0.000	sweep/omegasuppression:80.000	sweep/maxbandwidth:100.000	sweep/bandwidth:1250000.000	sweep/order:8.000	sweep/bandwidthoverlap:1.000																				
Frequency	Param0		Param1		RealZ		ImagZ		AbsZ		PhaseZ		
5.00000000E+2	1.23972959E+3	7.02352408E-7	1.46146401E+2	-3.99778931E+2	4.25654755E+2	-1.22032030E+0
5.36133611E+2	1.12263909E+3	6.89478214E-7	1.43951720E+2	-3.75344757E+2	4.02002226E+2	-1.20457824E+0
5.74878498E+2	1.01826445E+3	6.75718379E-7	1.41882547E+2	-3.52623399E+2	3.80097256E+2	-1.18825468E+0
6.16423370E+2	9.25022018E+2	6.61315812E-7	1.39867090E+2	-3.31386950E+2	3.59694477E+2	-1.17141361E+0
6.60970574E+2	8.41944826E+2	6.46093432E-7	1.37940946E+2	-3.11626275E+2	3.40791203E+2	-1.15407258E+0
7.08737081E+2	7.67807501E+2	6.30196173E-7	1.36066916E+2	-2.93187621E+2	3.23223126E+2	-1.13628299E+0
7.59955541E+2	7.01709999E+2	6.13627378E-7	1.34240029E+2	-2.76002127E+2	3.06916213E+2	-1.11810949E+0
8.14875417E+2	6.42982894E+2	5.96447235E-7	1.32422575E+2	-2.60018659E+2	2.91796921E+2	-1.09975147E+0
8.73764200E+2	5.90519363E+2	5.78608736E-7	1.30682473E+2	-2.45137948E+2	2.77795832E+2	-1.08102247E+0
9.36908711E+2	5.43721507E+2	5.60330263E-7	1.28948216E+2	-2.31266668E+2	2.64786546E+2	-1.06215696E+0
1.00461650E+3	5.02086621E+2	5.41693940E-7	1.27197211E+2	-2.18368681E+2	2.52713302E+2	-1.04335257E+0
1.07721735E+3	4.64940534E+2	5.22706945E-7	1.25466716E+2	-2.06379899E+2	2.41525485E+2	-1.02455861E+0
1.15506485E+3	4.31718106E+2	5.03522197E-7	1.23739898E+2	-1.95215746E+2	2.31129296E+2	-1.00584950E+0
1.23853818E+3	4.02107616E+2	4.84216660E-7	1.22004407E+2	-1.84861635E+2	2.21492438E+2	-9.87439420E-1
1.32804389E+3	3.75611034E+2	4.64892137E-7	1.20269555E+2	-1.75242130E+2	2.12543103E+2	-9.69320874E-1
1.42401793E+3	3.51816092E+2	4.45755633E-7	1.18501920E+2	-1.66277406E+2	2.04183450E+2	-9.51613529E-1
1.52692775E+3	3.30495716E+2	4.26837063E-7	1.16713129E+2	-1.57959595E+2	1.96400582E+2	-9.34450322E-1
1.63727458E+3	3.11331722E+2	4.08237569E-7	1.14902695E+2	-1.50233897E+2	1.89137128E+2	-9.17874310E-1
1.75559587E+3	2.94038724E+2	3.90093737E-7	1.13054023E+2	-1.43042119E+2	1.82324601E+2	-9.01964349E-1
1.88246790E+3	2.78424334E+2	3.72445000E-7	1.11175567E+2	-1.36359730E+2	1.75937440E+2	-8.86788976E-1
2.01850863E+3	2.64249148E+2	3.55398416E-7	1.09254241E+2	-1.30130128E+2	1.69912742E+2	-8.72384657E-1
2.16438064E+3	2.51375225E+2	3.38964169E-7	1.07301422E+2	-1.24335527E+2	1.64234341E+2	-8.58803978E-1
2.32079442E+3	2.39609028E+2	3.23227276E-7	1.05302908E+2	-1.18923608E+2	1.58844349E+2	-8.46068881E-1
2.48851178E+3	2.28831936E+2	3.08193910E-7	1.03265214E+2	-1.13871305E+2	1.53721757E+2	-8.34204642E-1
2.66834962E+3	2.18915742E+2	2.93899219E-7	1.01182205E+2	-1.09144576E+2	1.48830028E+2	-8.23237238E-1
2.86118383E+3	2.09739849E+2	2.80303650E-7	9.90719844E+1	-1.04709524E+2	1.44150417E+2	-8.13055740E-1
3.06795364E+3	2.01201944E+2	2.67418940E-7	9.69303773E+1	-1.00533985E+2	1.39651639E+2	-8.03645544E-1
3.28966612E+3	1.93218158E+2	2.55239481E-7	9.47568528E+1	-9.65913209E+1	1.35309809E+2	-7.94984939E-1
3.52740116E+3	1.85741308E+2	2.43726485E-7	9.25614503E+1	-9.28701380E+1	1.31120116E+2	-7.87062862E-1
3.78231664E+3	1.78671010E+2	2.32869371E-7	9.03425386E+1	-8.93298286E+1	1.27049568E+2	-7.79761798E-1
4.05565415E+3	1.71968705E+2	2.22604835E-7	8.81172581E+1	-8.59578934E+1	1.23099190E+2	-7.72994017E-1
4.34874501E+3	1.65582908E+2	2.12924202E-7	8.58812792E+1	-8.27337755E+1	1.19249620E+2	-7.66733530E-1
4.66301673E+3	1.59485039E+2	2.03721867E-7	8.36678678E+1	-7.96458474E+1	1.15515251E+2	-7.60775568E-1
5.00000000E+3	1.53640154E+2	1.95008379E-7	8.14650788E+1	-7.66795145E+1	1.11876303E+2	-7.55146707E-1
5.36133611E+3	1.48012654E+2	1.86762440E-7	7.92729553E+1	-7.38186898E+1	1.08320822E+2	-7.49785772E-1
5.74878498E+3	1.42578371E+2	1.78899756E-7	7.71166990E+1	-7.10506013E+1	1.04857872E+2	-7.44480149E-1
6.16423370E+3	1.37338051E+2	1.71394669E-7	7.49998154E+1	-6.83765753E+1	1.01490534E+2	-7.39236205E-1
6.60970574E+3	1.32253889E+2	1.64229635E-7	7.29209200E+1	-6.57770065E+1	9.82042525E+1	-7.33936646E-1
7.08737081E+3	1.27346750E+2	1.57352639E-7	7.08955760E+1	-6.32624571E+1	9.50174784E+1	-7.28562967E-1
7.59955541E+3	1.22576159E+2	1.50756801E-7	6.89180799E+1	-6.08112796E+1	9.19114438E+1	-7.22989218E-1
8.14875417E+3	1.17959609E+2	1.44394235E-7	6.70028499E+1	-5.84315673E+1	8.89023620E+1	-7.17171443E-1
8.73764200E+3	1.13489434E+2	1.38247668E-7	6.51507933E+1	-5.61186309E+1	8.59879447E+1	-7.11055297E-1
9.36908711E+3	1.09155739E+2	1.32305765E-7	6.33603016E+1	-5.38666192E+1	8.31633364E+1	-7.04589007E-1
1.00461650E+4	1.04971534E+2	1.26541760E-7	6.16382571E+1	-5.16815982E+1	8.04379411E+1	-6.97759902E-1
1.07721735E+4	1.00925850E+2	1.20946691E-7	5.99824766E+1	-4.95568855E+1	7.78060564E+1	-6.90507335E-1
1.15506485E+4	9.70258619E+1	1.15508326E-7	5.83941791E+1	-4.74959510E+1	7.52711468E+1	-6.82839117E-1
1.23853818E+4	9.32587773E+1	1.10208005E-7	5.68751085E+1	-4.54898346E+1	7.28292733E+1	-6.74631020E-1
1.32804389E+4	8.96349728E+1	1.05054395E-7	5.54191061E+1	-4.35455246E+1	7.04804232E+1	-6.65990895E-1
1.42401793E+4	8.61512453E+1	1.00023416E-7	5.40318679E+1	-4.16589717E+1	6.82269206E+1	-6.56810862E-1
1.52692775E+4	8.28079756E+1	9.51179439E-8	5.27090429E+1	-3.98307155E+1	6.60660966E+1	-6.47120920E-1
1.63727458E+4	7.96082727E+1	9.03226622E-8	5.14545252E+1	-3.80609733E+1	6.40016083E+1	-6.36877217E-1
1.75559587E+4	7.65402092E+1	8.56591982E-8	5.02548422E+1	-3.63451087E+1	6.20202880E+1	-6.26137879E-1
1.88246790E+4	7.36135725E+1	8.11026927E-8	4.91197198E+1	-3.46861807E+1	6.01321714E+1	-6.14845519E-1
2.01850863E+4	7.08209153E+1	7.66593308E-8	4.80433477E+1	-3.30803652E+1	5.83307281E+1	-6.03001663E-1
2.16438064E+4	6.81581197E+1	7.23340840E-8	4.70211930E+1	-3.15259174E+1	5.66116250E+1	-5.90625458E-1
2.32079442E+4	6.56286465E+1	6.81226757E-8	4.60547333E+1	-3.00245113E+1	5.49773571E+1	-5.77731538E-1
2.48851178E+4	6.32230486E+1	6.40274949E-8	4.51396153E+1	-2.85705984E+1	5.34215692E+1	-5.64287517E-1
2.66834962E+4	6.09476930E+1	6.00560942E-8	4.42742545E+1	-2.71699102E+1	5.19462574E+1	-5.50412491E-1
2.86118383E+4	5.87921098E+1	5.61998664E-8	4.34587543E+1	-2.58141146E+1	5.05473229E+1	-5.35989496E-1
3.06795364E+4	5.67571234E+1	5.24750597E-8	4.26869585E+1	-2.45073971E+1	4.92218342E+1	-5.21171987E-1
3.28966612E+4	5.48362259E+1	4.88690424E-8	4.19619723E+1	-2.32428279E+1	4.79691170E+1	-5.05834189E-1
3.52740116E+4	5.30270127E+1	4.53988187E-8	4.12765224E+1	-2.20231548E+1	4.67842994E+1	-4.90127246E-1
3.78231664E+4	5.13250859E+1	4.20597709E-8	4.06313402E+1	-2.08446920E+1	4.56662569E+1	-4.74009307E-1
4.05565415E+4	4.97286913E+1	3.88609279E-8	4.00229073E+1	-1.97092279E+1	4.46126305E+1	-4.57588324E-1
4.34874501E+4	4.82314830E+1	3.57940631E-8	3.94524804E+1	-1.86105727E+1	4.36216877E+1	-4.40769758E-1
4.66301673E+4	4.68283333E+1	3.28685456E-8	3.89145510E+1	-1.75488252E+1	4.26884476E+1	-4.23650252E-1
5.00000000E+4	4.55177191E+1	3.00864352E-8	3.84083943E+1	-1.65244587E+1	4.18122291E+1	-4.06292487E-1
5.36133611E+4	4.42921472E+1	2.74445329E-8	3.79318801E+1	-1.55324459E+1	4.09888328E+1	-3.88654231E-1
5.74878498E+4	4.31517456E+1	2.49446161E-8	3.74851578E+1	-1.45743927E+1	4.02187766E+1	-3.70817860E-1
6.16423370E+4	4.20874038E+1	2.25821133E-8	3.70649618E+1	-1.36439222E+1	3.94964304E+1	-3.52715037E-1
6.60970574E+4	4.10941527E+1	2.03582438E-8	3.66677678E+1	-1.27399231E+1	3.88179192E+1	-3.34394174E-1
7.08737081E+4	4.01747209E+1	1.82741495E-8	3.62953513E+1	-1.18660472E+1	3.81858038E+1	-3.15976724E-1
7.59955541E+4	3.93210228E+1	1.63193991E-8	3.59462279E+1	-1.10141334E+1	3.75957770E+1	-2.97323286E-1
8.14875417E+4	3.85263540E+1	1.44969925E-8	3.56140593E+1	-1.01842343E+1	3.70415963E+1	-2.78527799E-1
8.73764200E+4	3.77943124E+1	1.28001969E-8	3.53039756E+1	-9.37650150E+0	3.65279274E+1	-2.59600074E-1
9.36908711E+4	3.71161722E+1	1.12227461E-8	3.50110189E+1	-8.58507721E+0	3.60482317E+1	-2.40466054E-1
1.00461650E+5	3.64905053E+1	9.76017567E-9	3.47349977E+1	-7.80881186E+0	3.56019328E+1	-2.21134605E-1
1.07721735E+5	3.59134917E+1	8.41005267E-9	3.44728489E+1	-7.04720214E+0	3.51857979E+1	-2.01649230E-1
1.15506485E+5	3.53838128E+1	7.16280426E-9	3.42258304E+1	-6.29546673E+0	3.48000054E+1	-1.81905733E-1
1.23853818E+5	3.48990858E+1	6.01704393E-9	3.39913866E+1	-5.55463305E+0	3.44422462E+1	-1.61981247E-1
1.32804389E+5	3.44620275E+1	4.96415023E-9	3.37737848E+1	-4.82123036E+0	3.41161706E+1	-1.41792674E-1
1.42401793E+5	3.40566838E+1	4.00016561E-9	3.35580878E+1	-4.09046669E+0	3.38064667E+1	-1.21293773E-1
1.52692775E+5	3.36953588E+1	3.11925787E-9	3.33561898E+1	-3.36353649E+0	3.35253454E+1	-1.00497250E-1
1.63727458E+5	3.33725090E+1	2.31571956E-9	3.31629020E+1	-2.63650580E+0	3.32675404E+1	-7.93347967E-2
1.75559587E+5	3.30879859E+1	1.58316319E-9	3.29778762E+1	-1.90556197E+0	3.30328852E+1	-5.77188616E-2
1.88246790E+5	3.28440225E+1	9.19120833E-10	3.27971527E+1	-1.17096805E+0	3.28205759E+1	-3.56865416E-2
2.01850863E+5	3.26323274E+1	3.14623375E-10	3.26267952E+1	-4.24838340E-1	3.26295612E+1	-1.30204159E-2
2.16438064E+5	3.24640040E+1	-2.32033271E-10	3.24605972E+1	3.32523286E-1	3.24623006E+1	1.02435505E-2
2.32079442E+5	3.23312485E+1	-7.21404918E-10	3.22938925E+1	1.09834426E+0	3.23125651E+1	3.39977932E-2
2.48851178E+5	3.22400334E+1	-1.16322897E-9	3.21295573E+1	1.88401798E+0	3.21847479E+1	5.85710832E-2
2.66834962E+5	3.21950770E+1	-1.55682346E-9	3.19693201E+1	2.68648898E+0	3.20820000E+1	8.38363523E-2
2.86118383E+5	3.21933217E+1	-1.91096641E-9	3.18042987E+1	3.51746878E+0	3.19982190E+1	1.10149628E-1
3.06795364E+5	3.22431314E+1	-2.22233778E-9	3.16394863E+1	4.37024055E+0	3.19398828E+1	1.37257649E-1
3.28966612E+5	3.23481232E+1	-2.49868815E-9	3.14697480E+1	5.25758310E+0	3.19059130E+1	1.65538979E-1
3.52740116E+5	3.25111140E+1	-2.73733635E-9	3.12936767E+1	6.17236023E+0	3.18965874E+1	1.94740180E-1
3.78231664E+5	3.27463024E+1	-2.94496264E-9	3.11121580E+1	7.13033387E+0	3.19187739E+1	2.25290972E-1
4.05565415E+5	3.30540955E+1	-3.11881153E-9	3.09202931E+1	8.12266790E+0	3.19693966E+1	2.56892629E-1
4.34874501E+5	3.34510568E+1	-3.26300326E-9	3.07186541E+1	9.16164212E+0	3.20557552E+1	2.89844645E-1
4.66301673E+5	3.39455593E+1	-3.37974012E-9	3.04995258E+1	1.02519427E+1	3.21764426E+1	3.24269481E-1
NaN	NaN	NaN	NaN	NaN	NaN	NaN
