Start time:20240905_10-47-29	sweep/start:500.000	sweep/stop:500000.000	sweep/samplecount:100.000	sweep/xmapping:1.000	sweep/scan:0.000	sweep/averaging/sample:10.000	sweep/settling/time:0.100	sweep/settling/inaccuracy:0.010	sweep/awgcontrol:0.000	sweep/averaging/time:0.100	sweep/averaging/tc:15.000	sweep/bandwidthcontrol:2.000	sweep/sincfilter:0.000	sweep/omegasuppression:80.000	sweep/maxbandwidth:100.000	sweep/bandwidth:1250000.000	sweep/order:8.000	sweep/bandwidthoverlap:1.000																				
Frequency	Param0		Param1		RealZ		ImagZ		AbsZ		PhaseZ		
5.00000000E+2	1.16071960E+3	6.90982103E-7	1.57947990E+2	-3.97977045E+2	4.28174381E+2	-1.19298496E+0
5.36133611E+2	1.05341144E+3	6.76393308E-7	1.55806281E+2	-3.73968560E+2	4.05127247E+2	-1.17603700E+0
5.74878498E+2	9.57641801E+2	6.61256367E-7	1.53668220E+2	-3.51489919E+2	3.83613202E+2	-1.15864531E+0
6.16423370E+2	8.72310229E+2	6.45251735E-7	1.51641338E+2	-3.30580062E+2	3.63700805E+2	-1.14072042E+0
6.60970574E+2	7.96148002E+2	6.28587860E-7	1.49663135E+2	-3.11054538E+2	3.45186883E+2	-1.12234408E+0
7.08737081E+2	7.28343073E+2	6.11159407E-7	1.47759046E+2	-2.92893381E+2	3.28053762E+2	-1.10357062E+0
7.59955541E+2	6.67998975E+2	5.93124917E-7	1.45878359E+2	-2.75982030E+2	3.12164349E+2	-1.08454763E+0
8.14875417E+2	6.14254317E+2	5.74507064E-7	1.44035788E+2	-2.60246595E+2	2.97446802E+2	-1.06530143E+0
8.73764200E+2	5.66380764E+2	5.55422052E-7	1.42209793E+2	-2.45603862E+2	2.83804307E+2	-1.04594541E+0
9.36908711E+2	5.23730315E+2	5.35975010E-7	1.40387522E+2	-2.31983918E+2	2.71155300E+2	-1.02659091E+0
1.00461650E+3	4.85688149E+2	5.16148231E-7	1.38611932E+2	-2.19337408E+2	2.59465158E+2	-1.00720946E+0
1.07721735E+3	4.51865924E+2	4.96197183E-7	1.36804652E+2	-2.07609834E+2	2.48630966E+2	-9.88154569E-1
1.15506485E+3	4.21640136E+2	4.76176650E-7	1.35002259E+2	-1.96714911E+2	2.38584089E+2	-9.69335298E-1
1.23853818E+3	3.94643614E+2	4.56259488E-7	1.33171821E+2	-1.86602979E+2	2.29249660E+2	-9.50958659E-1
1.32804389E+3	3.70521724E+2	4.36552427E-7	1.31309981E+2	-1.77231169E+2	2.20574702E+2	-9.33146854E-1
1.42401793E+3	3.48882283E+2	4.17164823E-7	1.29419002E+2	-1.68531057E+2	2.12489990E+2	-9.15922363E-1
1.52692775E+3	3.29484615E+2	3.98174112E-7	1.27499115E+2	-1.60477321E+2	2.04960961E+2	-8.99418504E-1
1.63727458E+3	3.12004943E+2	3.79729985E-7	1.25529560E+2	-1.52997293E+2	1.97903619E+2	-8.83698213E-1
1.75559587E+3	2.96279383E+2	3.61909496E-7	1.23502208E+2	-1.46076561E+2	1.91288152E+2	-8.68942610E-1
1.88246790E+3	2.82027510E+2	3.44744741E-7	1.21433133E+2	-1.39647692E+2	1.85060757E+2	-8.55051281E-1
2.01850863E+3	2.69086271E+2	3.28333426E-7	1.19299592E+2	-1.33676809E+2	1.79169981E+2	-8.42169339E-1
2.16438064E+3	2.57280752E+2	3.12732402E-7	1.17091791E+2	-1.28120943E+2	1.73566886E+2	-8.30345765E-1
2.32079442E+3	2.46449346E+2	2.97883740E-7	1.14841629E+2	-1.22939189E+2	1.68233897E+2	-8.19439732E-1
2.48851178E+3	2.36492860E+2	2.83854839E-7	1.12523951E+2	-1.18107879E+2	1.63129123E+2	-8.09604871E-1
2.66834962E+3	2.27270833E+2	2.70646838E-7	1.10138385E+2	-1.13581592E+2	1.58212649E+2	-8.00787651E-1
2.86118383E+3	2.18682699E+2	2.58214444E-7	1.07699799E+2	-1.09329025E+2	1.53466878E+2	-7.92904981E-1
3.06795364E+3	2.10622616E+2	2.46514184E-7	1.05220235E+2	-1.05311267E+2	1.48868267E+2	-7.85830554E-1
3.28966612E+3	2.03040105E+2	2.35543225E-7	1.02692501E+2	-1.01513281E+2	1.44397701E+2	-7.79623561E-1
3.52740116E+3	1.95853635E+2	2.25243762E-7	1.00131882E+2	-9.79019868E+1	1.40039969E+2	-7.74138467E-1
3.78231664E+3	1.89002335E+2	2.15581139E-7	9.75430613E+1	-9.44521961E+1	1.35778740E+2	-7.69300900E-1
4.05565415E+3	1.82425969E+2	2.06497686E-7	9.49404102E+1	-9.11367912E+1	1.31603937E+2	-7.64959930E-1
4.34874501E+3	1.76097958E+2	1.97942622E-7	9.23360869E+1	-8.79445463E+1	1.27515475E+2	-7.61043509E-1
4.66301673E+3	1.69989503E+2	1.89869434E-7	8.97408075E+1	-8.48621380E+1	1.23511113E+2	-7.57463925E-1
5.00000000E+3	1.64072882E+2	1.82225519E-7	8.71684779E+1	-8.18757578E+1	1.19590900E+2	-7.54098714E-1
5.36133611E+3	1.58324557E+2	1.74978410E-7	8.46245370E+1	-7.89736031E+1	1.15750345E+2	-7.50870338E-1
5.74878498E+3	1.52723252E+2	1.68087670E-7	8.21184140E+1	-7.61443182E+1	1.11988353E+2	-7.47668114E-1
6.16423370E+3	1.47268154E+2	1.61511857E-7	7.96612072E+1	-7.33869939E+1	1.08312321E+2	-7.44426090E-1
6.60970574E+3	1.41941350E+2	1.55203478E-7	7.72664542E+1	-7.06908746E+1	1.04724900E+2	-7.40984983E-1
7.08737081E+3	1.36749822E+2	1.49145730E-7	7.49352084E+1	-6.80594657E+1	1.01229326E+2	-7.37351263E-1
7.59955541E+3	1.31684379E+2	1.43310965E-7	7.26729402E+1	-6.54869048E+1	9.78258197E+1	-7.33432516E-1
8.14875417E+3	1.26740217E+2	1.37677411E-7	7.04828142E+1	-6.29696754E+1	9.45145869E+1	-7.29159301E-1
8.73764200E+3	1.21941375E+2	1.32204556E-7	6.83785732E+1	-6.05189876E+1	9.13136200E+1	-7.24498123E-1
9.36908711E+3	1.17268060E+2	1.26898040E-7	6.63504853E+1	-5.81240544E+1	8.82088014E+1	-7.19404867E-1
1.00461650E+4	1.12739262E+2	1.21732127E-7	6.44059128E+1	-5.57938472E+1	8.52119418E+1	-7.13872443E-1
1.07721735E+4	1.08339864E+2	1.16690279E-7	6.25457205E+1	-5.35184796E+1	8.23176459E+1	-7.07776438E-1
1.15506485E+4	1.04076789E+2	1.11779813E-7	6.07618335E+1	-5.13020083E+1	7.95229307E+1	-7.01183211E-1
1.23853818E+4	9.99625071E+1	1.06970082E-7	5.90643965E+1	-4.91489795E+1	7.68389559E+1	-6.94024923E-1
1.32804389E+4	9.59834329E+1	1.02280448E-7	5.74385960E+1	-4.70527498E+1	7.42506135E+1	-6.86329232E-1
1.42401793E+4	9.21561787E+1	9.76842564E-8	5.58939990E+1	-4.50204198E+1	7.17703096E+1	-6.78061782E-1
1.52692775E+4	8.84678305E+1	9.31830104E-8	5.44243382E+1	-4.30440991E+1	6.93887822E+1	-6.69166235E-1
1.63727458E+4	8.49313693E+1	8.87684666E-8	5.30314323E+1	-4.11302723E+1	6.71120864E+1	-6.59674139E-1
1.75559587E+4	8.15368595E+1	8.44401130E-8	5.17108088E+1	-3.92724984E+1	6.49333268E+1	-6.49530611E-1
1.88246790E+4	7.82869927E+1	8.02019133E-8	5.04581601E+1	-3.74725447E+1	6.28507564E+1	-6.38777836E-1
2.01850863E+4	7.51784632E+1	7.60575239E-8	4.92687048E+1	-3.57287025E+1	6.08600484E+1	-6.27426475E-1
2.16438064E+4	7.22247761E+1	7.19868569E-8	4.81522214E+1	-3.40462471E+1	5.89727343E+1	-6.15444886E-1
2.32079442E+4	6.94013631E+1	6.80049224E-8	4.70951452E+1	-3.24116413E+1	5.71705103E+1	-6.02773503E-1
2.48851178E+4	6.67195849E+1	6.41194777E-8	4.60951848E+1	-3.08331873E+1	5.54567540E+1	-5.89548940E-1
2.66834962E+4	6.41750710E+1	6.03258407E-8	4.51525836E+1	-2.93072415E+1	5.38300125E+1	-5.75722004E-1
2.86118383E+4	6.17672723E+1	5.66312790E-8	4.42636460E+1	-2.78347676E+1	5.22880930E+1	-5.61356168E-1
3.06795364E+4	5.94948232E+1	5.30254163E-8	4.34327610E+1	-2.64124911E+1	5.08333004E+1	-5.46371400E-1
3.28966612E+4	5.73491949E+1	4.95303334E-8	4.26478345E+1	-2.50395921E+1	4.94552219E+1	-5.30898486E-1
3.52740116E+4	5.53281829E+1	4.61380051E-8	4.19122503E+1	-2.37126951E+1	4.81552557E+1	-5.14870048E-1
3.78231664E+4	5.34323882E+1	4.28595690E-8	4.12224363E+1	-2.24348820E+1	4.69320063E+1	-4.98409878E-1
4.05565415E+4	5.16519816E+1	3.96964350E-8	4.05750867E+1	-2.12001401E+1	4.57797295E+1	-4.81478523E-1
4.34874501E+4	4.99856973E+1	3.66549053E-8	3.99682239E+1	-2.00095127E+1	4.46971983E+1	-4.64155899E-1
4.66301673E+4	4.84282792E+1	3.37373396E-8	3.93999206E+1	-1.88604502E+1	4.36814646E+1	-4.46456847E-1
5.00000000E+4	4.69747008E+1	3.09496890E-8	3.88666340E+1	-1.77519928E+1	4.27287783E+1	-4.28445742E-1
5.36133611E+4	4.56186737E+1	2.82905883E-8	3.83670748E+1	-1.66800068E+1	4.18360498E+1	-4.10098185E-1
5.74878498E+4	4.43603212E+1	2.57678087E-8	3.78994747E+1	-1.56480885E+1	4.10028398E+1	-3.91563734E-1
6.16423370E+4	4.31870666E+1	2.33766214E-8	3.74597209E+1	-1.46473464E+1	4.02215795E+1	-3.72737546E-1
6.60970574E+4	4.21003316E+1	2.11193287E-8	3.70487352E+1	-1.36804696E+1	3.94938481E+1	-3.53725392E-1
7.08737081E+4	4.10932034E+1	1.89928815E-8	3.66643093E+1	-1.27429327E+1	3.88156401E+1	-3.34496656E-1
7.59955541E+4	4.01590836E+1	1.69988226E-8	3.63018959E+1	-1.18331399E+1	3.81818134E+1	-3.15104269E-1
8.14875417E+4	3.92975390E+1	1.51344567E-8	3.59628124E+1	-1.09510792E+1	3.75932178E+1	-2.95590355E-1
8.73764200E+4	3.85012394E+1	1.33944484E-8	3.56440782E+1	-1.00916236E+1	3.70451236E+1	-2.75901403E-1
9.36908711E+4	3.77686909E+1	1.17770348E-8	3.53453087E+1	-9.25500826E+0	3.65369134E+1	-2.56095877E-1
1.00461650E+5	3.70930783E+1	1.02751475E-8	3.50636249E+1	-8.43563792E+0	3.60640789E+1	-2.36094156E-1
1.07721735E+5	3.64733246E+1	8.88727196E-9	3.47983333E+1	-7.63458560E+0	3.56259864E+1	-2.15973306E-1
1.15506485E+5	3.59048978E+1	7.60750912E-9	3.45472762E+1	-6.84851208E+0	3.52195460E+1	-1.95698782E-1
1.23853818E+5	3.53864995E+1	6.42908719E-9	3.43110584E+1	-6.07449670E+0	3.48446302E+1	-1.75226251E-1
1.32804389E+5	3.49142040E+1	5.35394612E-9	3.40849222E+1	-5.31656004E+0	3.44970712E+1	-1.54732976E-1
1.42401793E+5	3.44812718E+1	4.35502688E-9	3.38698342E+1	-4.55074518E+0	3.41741856E+1	-1.33559962E-1
1.52692775E+5	3.40949219E+1	3.44883274E-9	3.36664543E+1	-3.79802270E+0	3.38800107E+1	-1.12338305E-1
1.63727458E+5	3.37477331E+1	2.62149065E-9	3.34704961E+1	-3.04618630E+0	3.36088287E+1	-9.07610474E-2
1.75559587E+5	3.34394905E+1	1.86901454E-9	3.32813092E+1	-2.29444228E+0	3.33603061E+1	-6.88319556E-2
1.88246790E+5	3.31713564E+1	1.17104485E-9	3.30958519E+1	-1.52060455E+0	3.31335765E+1	-4.59093674E-2
2.01850863E+5	3.29431946E+1	5.62777021E-10	3.29249910E+1	-7.74173411E-1	3.29340916E+1	-2.35089129E-2
2.16438064E+5	3.27526911E+1	2.18753061E-12	3.27526900E+1	-3.19129310E-3	3.27526906E+1	-9.74354905E-5
2.32079442E+5	3.26042409E+1	-5.02820620E-10	3.25856182E+1	7.78986151E-1	3.25949282E+1	2.39012728E-2
2.48851178E+5	3.24962714E+1	-9.56807628E-10	3.24196469E+1	1.57610825E+0	3.24579365E+1	4.85775874E-2
2.66834962E+5	3.24359416E+1	-1.36559479E-9	3.22580373E+1	2.39556931E+0	3.23468672E+1	7.41266533E-2
2.86118383E+5	3.24108439E+1	-1.73154897E-9	3.20842604E+1	3.23700017E+0	3.22471387E+1	1.00550358E-1
3.06795364E+5	3.24419060E+1	-2.05468634E-9	3.19149722E+1	4.10086017E+0	3.21773605E+1	1.27793070E-1
3.28966612E+5	3.25339794E+1	-2.33951218E-9	3.17481861E+1	4.99474173E+0	3.21386812E+1	1.56044674E-1
3.52740116E+5	3.26738617E+1	-2.58996813E-9	3.15635487E+1	5.91991413E+0	3.21139070E+1	1.85401471E-1
3.78231664E+5	3.28857741E+1	-2.80732424E-9	3.13754593E+1	6.88380328E+0	3.21217413E+1	2.15978768E-1
4.05565415E+5	3.31697145E+1	-2.99199574E-9	3.11758073E+1	7.88426418E+0	3.21573106E+1	2.47703265E-1
4.34874501E+5	3.35480674E+1	-3.14672220E-9	3.09711697E+1	8.93361640E+0	3.22338779E+1	2.80826555E-1
4.66301673E+5	3.40179843E+1	-3.27328548E-9	3.07456175E+1	1.00304986E+1	3.23404380E+1	3.15354442E-1
5.00000000E+5	3.45996257E+1	-3.37143293E-9	3.05030994E+1	1.11784005E+1	3.24868559E+1	3.51269415E-1
