Start time:20240905_19-32-24	sweep/start:500.000	sweep/stop:500000.000	sweep/samplecount:100.000	sweep/xmapping:1.000	sweep/scan:0.000	sweep/averaging/sample:10.000	sweep/settling/time:0.100	sweep/settling/inaccuracy:0.010	sweep/awgcontrol:0.000	sweep/averaging/time:0.100	sweep/averaging/tc:15.000	sweep/bandwidthcontrol:2.000	sweep/sincfilter:0.000	sweep/omegasuppression:80.000	sweep/maxbandwidth:100.000	sweep/bandwidth:1250000.000	sweep/order:8.000	sweep/bandwidthoverlap:1.000																				
Frequency	Param0		Param1		RealZ		ImagZ		AbsZ		PhaseZ		
5.00000000E+2	9.92768285E+2	6.69531667E-7	1.85200183E+2	-3.86732138E+2	4.28789991E+2	-1.12418303E+0
5.36133611E+2	9.09114604E+2	6.50844187E-7	1.82817318E+2	-3.64389470E+2	4.07678630E+2	-1.10578280E+0
5.74878498E+2	8.34539095E+2	6.31505630E-7	1.80489204E+2	-3.43582477E+2	3.88104724E+2	-1.08710202E+0
6.16423370E+2	7.68250230E+2	6.11516309E-7	1.78213206E+2	-3.24272067E+2	3.70016653E+2	-1.06827618E+0
6.60970574E+2	7.09366577E+2	5.91160786E-7	1.75889269E+2	-3.06321587E+2	3.53227907E+2	-1.04956492E+0
7.08737081E+2	6.56976436E+2	5.70485423E-7	1.73546200E+2	-2.89650590E+2	3.37662187E+2	-1.03099685E+0
7.59955541E+2	6.10306466E+2	5.49556435E-7	1.71202680E+2	-2.74181933E+2	3.23243088E+2	-1.01261946E+0
8.14875417E+2	5.68571591E+2	5.28573940E-7	1.68831573E+2	-2.59785921E+2	3.09827094E+2	-9.94500329E-1
8.73764200E+2	5.31334827E+2	5.07691853E-7	1.66393902E+2	-2.46422275E+2	2.97339655E+2	-9.76882565E-1
9.36908711E+2	4.97940757E+2	4.86865411E-7	1.63974197E+2	-2.34012591E+2	2.85743648E+2	-9.59596208E-1
1.00461650E+3	4.68101375E+2	4.66441068E-7	1.61443457E+2	-2.22503733E+2	2.74903442E+2	-9.43110429E-1
1.07721735E+3	4.41265075E+2	4.46412576E-7	1.58864583E+2	-2.11809893E+2	2.64766668E+2	-9.27273572E-1
1.15506485E+3	4.17066519E+2	4.26875789E-7	1.56234004E+2	-2.01868532E+2	2.55264510E+2	-9.12149235E-1
1.23853818E+3	3.95182985E+2	4.07950464E-7	1.53531955E+2	-1.92616594E+2	2.46319334E+2	-8.97834850E-1
1.32804389E+3	3.75359155E+2	3.89682474E-7	1.50764493E+2	-1.84013312E+2	2.37888276E+2	-8.84389619E-1
1.42401793E+3	3.57353055E+2	3.72159535E-7	1.47914884E+2	-1.76008581E+2	2.29908318E+2	-8.71911105E-1
1.52692775E+3	3.40940536E+2	3.55327058E-7	1.45027965E+2	-1.68560968E+2	2.22364366E+2	-8.60301876E-1
1.63727458E+3	3.25811235E+2	3.39330797E-7	1.42055760E+2	-1.61565846E+2	2.15135682E+2	-8.49567837E-1
1.75559587E+3	3.11897857E+2	3.24130986E-7	1.39017760E+2	-1.55027103E+2	2.08229058E+2	-8.39789708E-1
1.88246790E+3	2.99017162E+2	3.09688941E-7	1.35937842E+2	-1.48891403E+2	2.01612865E+2	-8.30845187E-1
2.01850863E+3	2.87021727E+2	2.96056551E-7	1.32791396E+2	-1.43109957E+2	1.95228110E+2	-8.22780198E-1
2.16438064E+3	2.75786716E+2	2.83139274E-7	1.29620401E+2	-1.37644961E+2	1.89070316E+2	-8.15413840E-1
2.32079442E+3	2.65260537E+2	2.70954850E-7	1.26409072E+2	-1.32484280E+2	1.83115641E+2	-8.08859922E-1
2.48851178E+3	2.55282535E+2	2.59450277E-7	1.23177259E+2	-1.27563181E+2	1.77327388E+2	-8.02888261E-1
2.66834962E+3	2.45823038E+2	2.48582653E-7	1.19935922E+2	-1.22875493E+2	1.71706180E+2	-7.97503966E-1
2.86118383E+3	2.36811663E+2	2.38313410E-7	1.16694538E+2	-1.18393462E+2	1.66236661E+2	-7.92624794E-1
3.06795364E+3	2.28189985E+2	2.28589619E-7	1.13469283E+2	-1.14093275E+2	1.60911634E+2	-7.88140226E-1
3.28966612E+3	2.19936071E+2	2.19388900E-7	1.10261049E+2	-1.09967644E+2	1.55725341E+2	-7.84065889E-1
3.52740116E+3	2.11987040E+2	2.10639747E-7	1.07095565E+2	-1.05987789E+2	1.50674721E+2	-7.80199420E-1
3.78231664E+3	2.04330667E+2	2.02325044E-7	1.03971599E+2	-1.02149364E+2	1.45755227E+2	-7.76557784E-1
4.05565415E+3	1.96935548E+2	1.94408506E-7	1.00897794E+2	-9.84377838E+1	1.40962272E+2	-7.73057741E-1
4.34874501E+3	1.89784227E+2	1.86849294E-7	9.78855388E+1	-9.48448864E+1	1.36297950E+2	-7.69622761E-1
4.66301673E+3	1.82860296E+2	1.79607951E-7	9.49459146E+1	-9.13625263E+1	1.31764327E+2	-7.66166900E-1
5.00000000E+3	1.76182988E+2	1.72661615E-7	9.20827155E+1	-8.80010302E+1	1.27371142E+2	-7.62736559E-1
5.36133611E+3	1.69704102E+2	1.65994002E-7	8.92952722E+1	-8.47356376E+1	1.23100666E+2	-7.59204012E-1
5.74878498E+3	1.63417121E+2	1.59587114E-7	8.65847697E+1	-8.15629286E+1	1.18951392E+2	-7.55541383E-1
6.16423370E+3	1.57329912E+2	1.53421862E-7	8.39537379E+1	-7.84869673E+1	1.14927952E+2	-7.51756914E-1
6.60970574E+3	1.51432608E+2	1.47464900E-7	8.14117698E+1	-7.55017900E+1	1.11033313E+2	-7.47752038E-1
7.08737081E+3	1.45730692E+2	1.41709356E-7	7.89558004E+1	-7.26103641E+1	1.07267346E+2	-7.43556814E-1
7.59955541E+3	1.40199264E+2	1.36142381E-7	7.65847221E+1	-6.97990108E+1	1.03620083E+2	-7.39075686E-1
8.14875417E+3	1.34842131E+2	1.30755416E-7	7.42966306E+1	-6.70695656E+1	1.00091538E+2	-7.34319625E-1
8.73764200E+3	1.29671543E+2	1.25531200E-7	7.20949622E+1	-6.44281098E+1	9.66884944E+1	-7.29299163E-1
9.36908711E+3	1.24667345E+2	1.20454542E-7	6.99804822E+1	-6.18628560E+1	9.34038590E+1	-7.23905546E-1
1.00461650E+4	1.19825967E+2	1.15516199E-7	6.79519461E+1	-5.93712103E+1	9.02352904E+1	-7.18106552E-1
1.07721735E+4	1.15146924E+2	1.10723337E-7	6.60001934E+1	-5.69534344E+1	8.71763686E+1	-7.11951887E-1
1.15506485E+4	1.10630733E+2	1.06057193E-7	6.41296431E+1	-5.46085910E+1	8.42300978E+1	-7.05384133E-1
1.23853818E+4	1.06272453E+2	1.01507884E-7	6.23399504E+1	-5.23330682E+1	8.13942225E+1	-6.98354179E-1
1.32804389E+4	1.02065653E+2	9.70684296E-8	6.06292508E+1	-5.01224297E+1	7.86648843E+1	-6.90812964E-1
1.42401793E+4	9.80175384E+1	9.27343090E-8	5.89961459E+1	-4.79803265E+1	7.60437833E+1	-6.82785607E-1
1.52692775E+4	9.41225032E+1	8.84952999E-8	5.74410548E+1	-4.59022988E+1	7.35288776E+1	-6.74204158E-1
1.63727458E+4	9.03783424E+1	8.43580109E-8	5.59564695E+1	-4.38876566E+1	7.11143651E+1	-6.65105225E-1
1.75559587E+4	8.67881981E+1	8.03101268E-8	5.45455772E+1	-4.19367656E+1	6.88034326E+1	-6.55449437E-1
1.88246790E+4	8.33395930E+1	7.63402471E-8	5.32089022E+1	-4.00402409E+1	6.65913524E+1	-6.45105686E-1
2.01850863E+4	8.00431586E+1	7.24640060E-8	5.19374433E+1	-3.82065303E+1	6.44766392E+1	-6.34238060E-1
2.16438064E+4	7.69009542E+1	6.86681572E-8	5.07360990E+1	-3.64349092E+1	6.24632244E+1	-6.22787731E-1
2.32079442E+4	7.38951185E+1	6.49534324E-8	4.95988196E+1	-3.47140847E+1	6.05401571E+1	-6.10657105E-1
2.48851178E+4	7.10353845E+1	6.13263446E-8	4.85226835E+1	-3.30511205E+1	5.87096879E+1	-5.97961131E-1
2.66834962E+4	6.83210844E+1	5.77851243E-8	4.75074294E+1	-3.14452414E+1	5.69715638E+1	-5.84696418E-1
2.86118383E+4	6.57486439E+1	5.43280643E-8	4.65524269E+1	-2.98936525E+1	5.53241261E+1	-5.70837137E-1
3.06795364E+4	6.33088173E+1	5.09633625E-8	4.56505557E+1	-2.83920663E+1	5.37594892E+1	-5.56398361E-1
3.28966612E+4	6.10097680E+1	4.76964239E-8	4.48017816E+1	-2.69471082E+1	5.22814144E+1	-5.41502641E-1
3.52740116E+4	5.88386556E+1	4.45218822E-8	4.40051076E+1	-2.55490090E+1	5.08841956E+1	-5.26026586E-1
3.78231664E+4	5.67973615E+1	4.14472905E-8	4.32581810E+1	-2.42008321E+1	4.95676359E+1	-5.10070282E-1
4.05565415E+4	5.48771680E+1	3.84801060E-8	4.25549789E+1	-2.28991366E+1	4.83249078E+1	-4.93666562E-1
4.34874501E+4	5.30798585E+1	3.56254703E-8	4.18949989E+1	-2.16469320E+1	4.71569784E+1	-4.76914147E-1
4.66301673E+4	5.13962751E+1	3.28824276E-8	4.12761867E+1	-2.04381660E+1	4.60591168E+1	-4.59765188E-1
5.00000000E+4	4.98226838E+1	3.02577238E-8	4.06948801E+1	-1.92731638E+1	4.50280817E+1	-4.42306820E-1
5.36133611E+4	4.83525645E+1	2.77523589E-8	4.01487366E+1	-1.81486449E+1	4.40601223E+1	-4.24545165E-1
5.74878498E+4	4.69843743E+1	2.53677269E-8	3.96377065E+1	-1.70647310E+1	4.31549862E+1	-4.06534824E-1
6.16423370E+4	4.57068544E+1	2.31021905E-8	3.91574562E+1	-1.60142986E+1	4.23056042E+1	-3.88216753E-1
6.60970574E+4	4.45204036E+1	2.09630800E-8	3.87057032E+1	-1.50020684E+1	4.15113663E+1	-3.69765340E-1
7.08737081E+4	4.34155685E+1	1.89446031E-8	3.82802558E+1	-1.40207373E+1	4.07671322E+1	-3.51091133E-1
7.59955541E+4	4.23939969E+1	1.70496762E-8	3.78816171E+1	-1.30742582E+1	4.00743454E+1	-3.32333864E-1
8.14875417E+4	4.14429997E+1	1.52699204E-8	3.75055614E+1	-1.21521943E+1	3.94251565E+1	-3.13336638E-1
8.73764200E+4	4.05614596E+1	1.36079161E-8	3.71501636E+1	-1.12574504E+1	3.88183573E+1	-2.94230252E-1
9.36908711E+4	3.97452302E+1	1.20583659E-8	3.68148480E+1	-1.03866052E+1	3.82519883E+1	-2.74983567E-1
1.00461650E+5	3.89897543E+1	1.06176246E-8	3.64975705E+1	-9.53722435E+0	3.77230872E+1	-2.55595851E-1
1.07721735E+5	3.82890686E+1	9.28177077E-9	3.61948384E+1	-8.70633717E+0	3.72272300E+1	-2.36056312E-1
1.15506485E+5	3.76452955E+1	8.04404334E-9	3.59108205E+1	-7.89217430E+0	3.67678317E+1	-2.16332329E-1
1.23853818E+5	3.70517593E+1	6.90143862E-9	3.56404610E+1	-7.09220110E+0	3.63392595E+1	-1.96427072E-1
1.32804389E+5	3.65000678E+1	5.84611716E-9	3.53784420E+1	-6.29929651E+0	3.59348789E+1	-1.76208022E-1
1.42401793E+5	3.59987014E+1	4.87884902E-9	3.51311571E+1	-5.52067266E+0	3.55622839E+1	-1.55869930E-1
1.52692775E+5	3.55389600E+1	3.98626774E-9	3.48943538E+1	-4.74268953E+0	3.52151821E+1	-1.35087901E-1
1.63727458E+5	3.51183703E+1	3.17099193E-9	3.46634515E+1	-3.97102576E+0	3.48901695E+1	-1.14062197E-1
1.75559587E+5	3.47410560E+1	2.42274909E-9	3.44441443E+1	-3.19794703E+0	3.45922816E+1	-9.25790284E-2
1.88246790E+5	3.44055369E+1	1.74006611E-9	3.42288631E+1	-2.42340875E+0	3.43170736E+1	-7.06824154E-2
2.01850863E+5	3.41000102E+1	1.11445465E-9	3.40209783E+1	-1.63973696E+0	3.40604713E+1	-4.81605493E-2
2.16438064E+5	3.38386207E+1	5.45637828E-10	3.38172997E+1	-8.49121171E-1	3.38279585E+1	-2.51037986E-2
2.32079442E+5	3.36155415E+1	3.01398344E-11	3.36154679E+1	-4.96634031E-2	3.36155047E+1	-1.47739660E-3
2.48851178E+5	3.34361757E+1	-4.38967671E-10	3.34185748E+1	7.66931449E-1	3.34273741E+1	2.29452310E-2
2.66834962E+5	3.32972942E+1	-8.64482682E-10	3.32199200E+1	1.60319524E+0	3.32585846E+1	4.82226422E-2
2.86118383E+5	3.32045611E+1	-1.24693822E-9	3.30216095E+1	2.45791308E+0	3.31129589E+1	7.42964674E-2
3.06795364E+5	3.31618892E+1	-1.59190087E-9	3.28220031E+1	3.34001934E+0	3.29915085E+1	1.01412503E-1
3.28966612E+5	3.31695497E+1	-1.89862284E-9	3.26168814E+1	4.24573182E+0	3.28920548E+1	1.29441916E-1
3.52740116E+5	3.32446684E+1	-2.17457233E-9	3.24125687E+1	5.19330730E+0	3.28259820E+1	1.58874742E-1
3.78231664E+5	3.33723281E+1	-2.41607485E-9	3.21903865E+1	6.16823278E+0	3.27760299E+1	1.89322374E-1
4.05565415E+5	3.35797192E+1	-2.62802268E-9	3.19633279E+1	7.18784822E+0	3.27615563E+1	2.21198292E-1
4.34874501E+5	3.38739910E+1	-2.80931935E-9	3.17287511E+1	8.25019618E+0	3.27838287E+1	2.54389334E-1
4.66301673E+5	3.42573803E+1	-2.96362277E-9	3.14726605E+1	9.36175724E+0	3.28355128E+1	2.89121958E-1
NaN	NaN	NaN	NaN	NaN	NaN	NaN
