Start time:20240905_07-58-04	sweep/start:500.000	sweep/stop:500000.000	sweep/samplecount:100.000	sweep/xmapping:1.000	sweep/scan:0.000	sweep/averaging/sample:10.000	sweep/settling/time:0.100	sweep/settling/inaccuracy:0.010	sweep/awgcontrol:0.000	sweep/averaging/time:0.100	sweep/averaging/tc:15.000	sweep/bandwidthcontrol:2.000	sweep/sincfilter:0.000	sweep/omegasuppression:80.000	sweep/maxbandwidth:100.000	sweep/bandwidth:1250000.000	sweep/order:8.000	sweep/bandwidthoverlap:1.000																				
Frequency	Param0		Param1		RealZ		ImagZ		AbsZ		PhaseZ		
5.00000000E+2	1.07883559E+3	6.63967000E-7	1.77904985E+2	-4.00349873E+2	4.38098401E+2	-1.15263102E+0
5.36133611E+2	9.83852242E+2	6.47432800E-7	1.75556002E+2	-3.76697785E+2	4.15597326E+2	-1.13468439E+0
5.74878498E+2	8.98669121E+2	6.30241360E-7	1.73311354E+2	-3.54559875E+2	3.94651158E+2	-1.11614312E+0
6.16423370E+2	8.22980994E+2	6.12415441E-7	1.71077705E+2	-3.33955233E+2	3.75224844E+2	-1.09737514E+0
6.60970574E+2	7.55591443E+2	5.93826184E-7	1.68949357E+2	-3.14821832E+2	3.57290743E+2	-1.07825983E+0
7.08737081E+2	6.95600491E+2	5.74753645E-7	1.66824108E+2	-2.97006123E+2	3.40650735E+2	-1.05902563E+0
7.59955541E+2	6.42215462E+2	5.55197535E-7	1.64728538E+2	-2.80456259E+2	3.25255603E+2	-1.03972346E+0
8.14875417E+2	5.94645065E+2	5.35291791E-7	1.62646127E+2	-2.65071585E+2	3.10993103E+2	-1.02044172E+0
8.73764200E+2	5.52320993E+2	5.15170314E-7	1.60547113E+2	-2.50795049E+2	2.97781018E+2	-1.00137485E+0
9.36908711E+2	5.14585008E+2	4.94885148E-7	1.58461376E+2	-2.37553859E+2	2.85555328E+2	-9.82525257E-1
1.00461650E+3	4.80917478E+2	4.74647281E-7	1.56341171E+2	-2.25265700E+2	2.74202842E+2	-9.64088272E-1
1.07721735E+3	4.50821457E+2	4.54517405E-7	1.54209720E+2	-2.13870070E+2	2.63668441E+2	-9.46086086E-1
1.15506485E+3	4.23949051E+2	4.34689810E-7	1.52019137E+2	-2.03318830E+2	2.53866827E+2	-9.28776265E-1
1.23853818E+3	3.99900689E+2	4.15197513E-7	1.49802319E+2	-1.93559586E+2	2.44757123E+2	-9.12152674E-1
1.32804389E+3	3.78238290E+2	3.96251138E-7	1.47514718E+2	-1.84486100E+2	2.36211163E+2	-8.96300551E-1
1.42401793E+3	3.58847018E+2	3.77873428E-7	1.45165800E+2	-1.76122693E+2	2.28237405E+2	-8.81453969E-1
1.52692775E+3	3.41273926E+2	3.60161810E-7	1.42757359E+2	-1.68343989E+2	2.20724632E+2	-8.67458787E-1
1.63727458E+3	3.25406528E+2	3.43172204E-7	1.40278787E+2	-1.61150531E+2	2.13653065E+2	-8.54530402E-1
1.75559587E+3	3.10971152E+2	3.27025043E-7	1.37696690E+2	-1.54464621E+2	2.06929210E+2	-8.42727987E-1
1.88246790E+3	2.97773477E+2	3.11657605E-7	1.35052252E+2	-1.48242594E+2	2.00536725E+2	-8.31925037E-1
2.01850863E+3	2.85697690E+2	2.97116402E-7	1.32328021E+2	-1.42460886E+2	1.94437161E+2	-8.22256551E-1
2.16438064E+3	2.74514790E+2	2.83425656E-7	1.29516649E+2	-1.37038946E+2	1.88558308E+2	-8.13611041E-1
2.32079442E+3	2.64160885E+2	2.70534113E-7	1.26637509E+2	-1.31968243E+2	1.82900727E+2	-8.06008608E-1
2.48851178E+3	2.54503098E+2	2.58456750E-7	1.23677644E+2	-1.27201349E+2	1.77415735E+2	-7.99442677E-1
2.66834962E+3	2.45404447E+2	2.47123796E-7	1.20662642E+2	-1.22685269E+2	1.72078903E+2	-7.93709638E-1
2.86118383E+3	2.36818107E+2	2.36511772E-7	1.17592953E+2	-1.18406240E+2	1.66877621E+2	-7.88844290E-1
3.06795364E+3	2.28649164E+2	2.26576642E-7	1.14478996E+2	-1.14324476E+2	1.61788524E+2	-7.84722825E-1
3.28966612E+3	2.20848386E+2	2.17238182E-7	1.11349153E+2	-1.10420317E+2	1.56816072E+2	-7.81209896E-1
3.52740116E+3	2.13341538E+2	2.08490834E-7	1.08194210E+2	-1.06659888E+2	1.51928664E+2	-7.78257058E-1
3.78231664E+3	2.06097814E+2	2.00272512E-7	1.05034096E+2	-1.03029782E+2	1.47130206E+2	-7.75765294E-1
4.05565415E+3	1.99058929E+2	1.92520525E-7	1.01889644E+2	-9.95014757E+1	1.42415039E+2	-7.73540359E-1
4.34874501E+3	1.92228425E+2	1.85180362E-7	9.87789238E+1	-9.60772657E+1	1.37797376E+2	-7.71534168E-1
4.66301673E+3	1.85559148E+2	1.78218892E-7	9.57090121E+1	-9.27333146E+1	1.33265459E+2	-7.69608450E-1
5.00000000E+3	1.79078187E+2	1.71596252E-7	9.26921368E+1	-8.94835589E+1	1.28837648E+2	-7.67787438E-1
5.36133611E+3	1.72726550E+2	1.65276211E-7	8.97377114E+1	-8.62973248E+1	1.24499338E+2	-7.65856891E-1
5.74878498E+3	1.66512862E+2	1.59224904E-7	8.68554198E+1	-8.31786054E+1	1.20260320E+2	-7.63777539E-1
6.16423370E+3	1.60444666E+2	1.53406990E-7	8.40561306E+1	-8.01306716E+1	1.16130779E+2	-7.61494227E-1
6.60970574E+3	1.54502483E+2	1.47798834E-7	8.13441980E+1	-7.71427374E+1	1.12106559E+2	-7.58894546E-1
7.08737081E+3	1.48720749E+2	1.42368334E-7	7.87300347E+1	-7.42318751E+1	1.08207161E+2	-7.55999579E-1
7.59955541E+3	1.43062339E+2	1.37123472E-7	7.62013312E+1	-7.13785522E+1	1.04410443E+2	-7.52730678E-1
8.14875417E+3	1.37553021E+2	1.32021760E-7	7.37740822E+1	-6.85946980E+1	1.00736527E+2	-7.49034145E-1
8.73764200E+3	1.32197088E+2	1.27059262E-7	7.14438438E+1	-6.58820553E+1	9.71836821E+1	-7.44919633E-1
9.36908711E+3	1.26988815E+2	1.22212088E-7	6.92162515E+1	-6.32360678E+1	9.37533453E+1	-7.40279095E-1
1.00461650E+4	1.21930451E+2	1.17484960E-7	6.70826324E+1	-6.06575303E+1	9.04401216E+1	-7.35142302E-1
1.07721735E+4	1.17034260E+2	1.12854493E-7	6.50496288E+1	-5.81513620E+1	8.72527085E+1	-7.29464592E-1
1.15506485E+4	1.12292577E+2	1.08323065E-7	6.31097867E+1	-5.57127935E+1	8.41828994E+1	-7.23225973E-1
1.23853818E+4	1.07711962E+2	1.03886439E-7	6.12601789E+1	-5.33445822E+1	8.12308686E+1	-7.16439024E-1
1.32804389E+4	1.03289200E+2	9.95369209E-8	5.94992577E+1	-5.10437950E+1	7.83940730E+1	-7.09056594E-1
1.42401793E+4	9.90313364E+1	9.52572205E-8	5.78314606E+1	-4.88123852E+1	7.56777828E+1	-7.01027008E-1
1.52692775E+4	9.49343640E+1	9.10645443E-8	5.62431751E+1	-4.66488506E+1	7.30712669E+1	-6.92420487E-1
1.63727458E+4	9.09976180E+1	8.69418713E-8	5.47386782E+1	-4.45507171E+1	7.05768327E+1	-6.83147258E-1
1.75559587E+4	8.72210356E+1	8.28834203E-8	5.33169547E+1	-4.25166117E+1	6.81935479E+1	-6.73172738E-1
1.88246790E+4	8.36146359E+1	7.88967933E-8	5.19722268E+1	-4.05527605E+1	6.59214592E+1	-6.62598817E-1
2.01850863E+4	8.01596427E+1	7.49806780E-8	5.06994972E+1	-3.86473093E+1	6.37499299E+1	-6.51315299E-1
2.16438064E+4	7.68788794E+1	7.11423257E-8	4.94964781E+1	-3.68148390E+1	6.16865767E+1	-6.39512942E-1
2.32079442E+4	7.37431848E+1	6.73683088E-8	4.83627464E+1	-3.50352340E+1	5.97195354E+1	-6.26931891E-1
2.48851178E+4	7.07717565E+1	6.36623780E-8	4.72985416E+1	-3.33203948E+1	5.78567268E+1	-6.13719544E-1
2.66834962E+4	6.79487210E+1	6.00425201E-8	4.62906808E+1	-3.16633130E+1	5.60837993E+1	-5.99913980E-1
2.86118383E+4	6.52822647E+1	5.64923087E-8	4.53486935E+1	-3.00659505E+1	5.44101590E+1	-5.85456273E-1
3.06795364E+4	6.27624855E+1	5.30279173E-8	4.44622053E+1	-2.85249153E+1	5.28257372E+1	-5.70415005E-1
3.28966612E+4	6.03878341E+1	4.96542622E-8	4.36288099E+1	-2.70402709E+1	5.13288352E+1	-5.54836917E-1
3.52740116E+4	5.81506193E+1	4.63679713E-8	4.28485423E+1	-2.56060864E+1	4.99166231E+1	-5.38649445E-1
3.78231664E+4	5.60472478E+1	4.31866791E-8	4.21126053E+1	-2.42244518E+1	4.85828737E+1	-5.22007432E-1
4.05565415E+4	5.40800045E+1	4.01031050E-8	4.14269817E+1	-2.28949018E+1	4.73325612E+1	-5.04880669E-1
4.34874501E+4	5.22407867E+1	3.71305174E-8	4.07840815E+1	-2.16159936E+1	4.61583416E+1	-4.87366819E-1
4.66301673E+4	5.05199520E+1	3.42701929E-8	4.01810592E+1	-2.03820423E+1	4.50549129E+1	-4.69434731E-1
5.00000000E+4	4.89129199E+1	3.15280342E-8	3.96147470E+1	-1.91923095E+1	4.40190066E+1	-4.51149728E-1
5.36133611E+4	4.74184557E+1	2.89041706E-8	3.90864764E+1	-1.80462655E+1	4.30513687E+1	-4.32541766E-1
5.74878498E+4	4.60278058E+1	2.64075466E-8	3.85894473E+1	-1.69423177E+1	4.21448406E+1	-4.13702445E-1
6.16423370E+4	4.47358697E+1	2.40313179E-8	3.81258283E+1	-1.58749264E+1	4.12988146E+1	-3.94548937E-1
6.60970574E+4	4.35350590E+1	2.17831900E-8	3.76890388E+1	-1.48435463E+1	4.05067220E+1	-3.75186966E-1
7.08737081E+4	4.24220082E+1	1.96599526E-8	3.72797859E+1	-1.38456109E+1	3.97678687E+1	-3.55608381E-1
7.59955541E+4	4.13948521E+1	1.76618556E-8	3.68980398E+1	-1.28811314E+1	3.90818231E+1	-3.35873435E-1
8.14875417E+4	4.04430533E+1	1.57876771E-8	3.65381272E+1	-1.19448180E+1	3.84410383E+1	-3.15961891E-1
8.73764200E+4	3.95621273E+1	1.40351901E-8	3.61983099E+1	-1.10346952E+1	3.78428612E+1	-2.95891286E-1
9.36908711E+4	3.87527974E+1	1.24023282E-8	3.58805247E+1	-1.01517802E+1	3.72890159E+1	-2.75726286E-1
1.00461650E+5	3.80070439E+1	1.08820408E-8	3.55818953E+1	-9.28931509E+0	3.67744838E+1	-2.55368721E-1
1.07721735E+5	3.73187587E+1	9.47355678E-9	3.52976364E+1	-8.44635019E+0	3.62941314E+1	-2.34872972E-1
1.15506485E+5	3.66884040E+1	8.16800317E-9	3.50314150E+1	-7.61883602E+0	3.58503376E+1	-2.14150934E-1
1.23853818E+5	3.61091133E+1	6.96525898E-9	3.47768885E+1	-6.80666030E+0	3.54367409E+1	-1.93280345E-1
1.32804389E+5	3.55779106E+1	5.86262110E-9	3.45318606E+1	-6.01014097E+0	3.50509834E+1	-1.72320070E-1
1.42401793E+5	3.50997330E+1	4.84071205E-9	3.43068704E+1	-5.21542229E+0	3.47010373E+1	-1.50867529E-1
1.52692775E+5	3.46641889E+1	3.90706993E-9	3.40886546E+1	-4.42935439E+0	3.43752173E+1	-1.29212386E-1
1.63727458E+5	3.42729673E+1	3.05278181E-9	3.38804603E+1	-3.64668408E+0	3.40761486E+1	-1.07221061E-1
1.75559587E+5	3.39235198E+1	2.27461040E-9	3.36795191E+1	-2.86667346E+0	3.38012993E+1	-8.49115626E-2
1.88246790E+5	3.36358003E+1	1.56853452E-9	3.34991584E+1	-2.09025289E+0	3.35673977E+1	-6.23137114E-2
2.01850863E+5	3.33465741E+1	9.21567551E-10	3.32959948E+1	-1.29771958E+0	3.33212748E+1	-3.89555289E-2
2.16438064E+5	3.31208376E+1	3.35865417E-10	3.31132593E+1	-5.00935780E-1	3.31170482E+1	-1.51267973E-2
2.32079442E+5	3.29374910E+1	-1.92517088E-10	3.29346749E+1	3.04529681E-1	3.29360829E+1	9.24621339E-3
2.48851178E+5	3.27956867E+1	-6.69594792E-10	3.27570671E+1	1.12474294E+0	3.27763712E+1	3.43224064E-2
2.66834962E+5	3.26979797E+1	-1.10077239E-9	3.25793383E+1	1.96599925E+0	3.26386051E+1	6.02718765E-2
2.86118383E+5	3.26489729E+1	-1.48540456E-9	3.24026743E+1	2.82501514E+0	3.25255904E+1	8.69647270E-2
3.06795364E+5	3.26480418E+1	-1.82819180E-9	3.22215002E+1	3.70726229E+0	3.24340698E+1	1.14551846E-1
3.28966612E+5	3.27075117E+1	-2.13361932E-9	3.20408615E+1	4.62168615E+0	3.23724706E+1	1.43255398E-1
3.52740116E+5	3.28201986E+1	-2.40030354E-9	3.18492763E+1	5.56085586E+0	3.23310930E+1	1.72856677E-1
3.78231664E+5	3.30035128E+1	-2.63398087E-9	3.16525877E+1	6.53912627E+0	3.23209929E+1	2.03724547E-1
4.05565415E+5	3.32614308E+1	-2.83547273E-9	3.14452073E+1	7.55721305E+0	3.23405718E+1	2.35856563E-1
4.34874501E+5	3.36077004E+1	-3.00653923E-9	3.12273830E+1	8.62154462E+0	3.23956869E+1	2.69378585E-1
4.66301673E+5	3.40500695E+1	-3.14777216E-9	3.09936739E+1	9.73287614E+0	3.24859469E+1	3.04276156E-1
5.00000000E+5	3.46046216E+1	-3.26033829E-9	3.07424455E+1	1.08964517E+1	3.26164174E+1	3.40627620E-1
