Start time:20240905_06-47-09	sweep/start:500.000	sweep/stop:500000.000	sweep/samplecount:100.000	sweep/xmapping:1.000	sweep/scan:0.000	sweep/averaging/sample:10.000	sweep/settling/time:0.100	sweep/settling/inaccuracy:0.010	sweep/awgcontrol:0.000	sweep/averaging/time:0.100	sweep/averaging/tc:15.000	sweep/bandwidthcontrol:2.000	sweep/sincfilter:0.000	sweep/omegasuppression:80.000	sweep/maxbandwidth:100.000	sweep/bandwidth:1250000.000	sweep/order:8.000	sweep/bandwidthoverlap:1.000																				
Frequency	Param0		Param1		RealZ		ImagZ		AbsZ		PhaseZ		
5.00000000E+2	1.06083593E+3	6.53096365E-7	1.84894639E+2	-4.02438597E+2	4.42880183E+2	-1.14012347E+0
5.36133611E+2	9.68548070E+2	6.35895986E-7	1.82590715E+2	-3.78825140E+2	4.20532830E+2	-1.12165855E+0
5.74878498E+2	8.86350281E+2	6.18172823E-7	1.80266102E+2	-3.56767456E+2	3.99723517E+2	-1.10293666E+0
6.16423370E+2	8.12865435E+2	5.99750644E-7	1.78052837E+2	-3.36199579E+2	3.80437873E+2	-1.08374650E+0
6.60970574E+2	7.47987677E+2	5.80733543E-7	1.75816406E+2	-3.17170430E+2	3.62640999E+2	-1.06463646E+0
7.08737081E+2	6.90013900E+2	5.61310635E-7	1.73598795E+2	-2.99414478E+2	3.46100526E+2	-1.04536650E+0
7.59955541E+2	6.38391463E+2	5.41434952E-7	1.71427521E+2	-2.82931889E+2	3.30813925E+2	-1.02605224E+0
8.14875417E+2	5.92470764E+2	5.21276661E-7	1.69257164E+2	-2.67641417E+2	3.16670045E+2	-1.00689140E+0
8.73764200E+2	5.51597787E+2	5.00970523E-7	1.67073130E+2	-2.53463465E+2	3.03573981E+2	-9.88008252E-1
9.36908711E+2	5.15144061E+2	4.80651002E-7	1.64868701E+2	-2.40311132E+2	2.91429459E+2	-9.69485071E-1
1.00461650E+3	4.82572225E+2	4.60531986E-7	1.62596812E+2	-2.28094229E+2	2.80115516E+2	-9.51498623E-1
1.07721735E+3	4.53586341E+2	4.40517681E-7	1.60334677E+2	-2.16837285E+2	2.69676877E+2	-9.34098335E-1
1.15506485E+3	4.27531457E+2	4.20891183E-7	1.58023878E+2	-2.06370128E+2	2.59923406E+2	-9.17303550E-1
1.23853818E+3	4.04205661E+2	4.01763425E-7	1.55639075E+2	-1.96689275E+2	2.50819045E+2	-9.01386412E-1
1.32804389E+3	3.83240688E+2	3.83246183E-7	1.53170867E+2	-1.87723177E+2	2.42283526E+2	-8.86411108E-1
1.42401793E+3	3.64375733E+2	3.65361164E-7	1.50640515E+2	-1.79435730E+2	2.34285610E+2	-8.72415938E-1
1.52692775E+3	3.47275820E+2	3.48209047E-7	1.48032655E+2	-1.71739610E+2	2.26733679E+2	-8.59399778E-1
1.63727458E+3	3.31750082E+2	3.31872842E-7	1.45324197E+2	-1.64597056E+2	2.19570749E+2	-8.47504498E-1
1.75559587E+3	3.17618620E+2	3.16312571E-7	1.42547728E+2	-1.57974545E+2	2.12781136E+2	-8.36686504E-1
1.88246790E+3	3.04642794E+2	3.01601271E-7	1.39678036E+2	-1.51795758E+2	2.06281135E+2	-8.26948204E-1
2.01850863E+3	2.92681101E+2	2.87746302E-7	1.36712355E+2	-1.46023469E+2	2.00032803E+2	-8.18318475E-1
2.16438064E+3	2.81609840E+2	2.74710085E-7	1.33666656E+2	-1.40623860E+2	1.94015065E+2	-8.10757086E-1
2.32079442E+3	2.71290869E+2	2.62473800E-7	1.30545011E+2	-1.35549508E+2	1.88190513E+2	-8.04203164E-1
2.48851178E+3	2.61586525E+2	2.51019332E-7	1.27348126E+2	-1.30747879E+2	1.82517269E+2	-7.98569844E-1
2.66834962E+3	2.52446880E+2	2.40271144E-7	1.24103644E+2	-1.26205637E+2	1.77001631E+2	-7.93795546E-1
2.86118383E+3	2.43747252E+2	2.30227543E-7	1.20800928E+2	-1.21868904E+2	1.71595146E+2	-7.89799073E-1
3.06795364E+3	2.35451038E+2	2.20799722E-7	1.17474020E+2	-1.17725249E+2	1.66311094E+2	-7.86466317E-1
3.28966612E+3	2.27463587E+2	2.11978678E-7	1.14115244E+2	-1.13731146E+2	1.61111957E+2	-7.83712386E-1
3.52740116E+3	2.19771749E+2	2.03673697E-7	1.10760923E+2	-1.09882389E+2	1.56019619E+2	-7.81416493E-1
3.78231664E+3	2.12311888E+2	1.95843813E-7	1.07421577E+2	-1.06148397E+2	1.51019461E+2	-7.79436815E-1
4.05565415E+3	2.05062199E+2	1.88463647E-7	1.04100012E+2	-1.02519094E+2	1.46106048E+2	-7.77746945E-1
4.34874501E+3	1.97974652E+2	1.81465021E-7	1.00822764E+2	-9.89703068E+1	1.41281108E+2	-7.76126552E-1
4.66301673E+3	1.91085768E+2	1.74807427E-7	9.76028092E+1	-9.55206739E+1	1.36566861E+2	-7.74617214E-1
5.00000000E+3	1.84356187E+2	1.68452860E-7	9.44516608E+1	-9.21500494E+1	1.31957372E+2	-7.73064434E-1
5.36133611E+3	1.77751905E+2	1.62386166E-7	9.13686466E+1	-8.88409889E+1	1.27439990E+2	-7.71372876E-1
5.74878498E+3	1.71309986E+2	1.56543436E-7	8.83810484E+1	-8.56116014E+1	1.23046967E+2	-7.69482474E-1
6.16423370E+3	1.65006961E+2	1.50935474E-7	8.54747606E+1	-8.24499587E+1	1.18759970E+2	-7.67387267E-1
6.60970574E+3	1.58849484E+2	1.45511261E-7	8.26701161E+1	-7.93584089E+1	1.14595398E+2	-7.64961970E-1
7.08737081E+3	1.52840542E+2	1.40251237E-7	7.99703791E+1	-7.63377657E+1	1.10556393E+2	-7.62162270E-1
7.59955541E+3	1.46964676E+2	1.35161602E-7	7.73644932E+1	-7.33797160E+1	1.06629487E+2	-7.58970286E-1
8.14875417E+3	1.41250086E+2	1.30203341E-7	7.48672541E+1	-7.04975194E+1	1.02834848E+2	-7.55346733E-1
8.73764200E+3	1.35699501E+2	1.25374349E-7	7.24730617E+1	-6.76920493E+1	9.91693412E+1	-7.51301523E-1
9.36908711E+3	1.30301064E+2	1.20657505E-7	7.01840561E+1	-6.49557955E+1	9.56297921E+1	-7.46729670E-1
1.00461650E+4	1.25065021E+2	1.16046941E-7	6.79972565E+1	-6.22932689E+1	9.22175595E+1	-7.41647110E-1
1.07721735E+4	1.19997044E+2	1.11532558E-7	6.59121273E+1	-5.97063802E+1	8.89340227E+1	-7.36036756E-1
1.15506485E+4	1.15095920E+2	1.07114995E-7	6.39223569E+1	-5.71938346E+1	8.57741363E+1	-7.29900935E-1
1.23853818E+4	1.10351912E+2	1.02778258E-7	6.20300974E+1	-5.47485782E+1	8.27353602E+1	-7.23125624E-1
1.32804389E+4	1.05773864E+2	9.85206674E-8	6.02312532E+1	-5.23745019E+1	7.98178698E+1	-7.15738855E-1
1.42401793E+4	1.01372875E+2	9.43430596E-8	5.85212274E+1	-5.00772501E+1	7.70224971E+1	-7.07800185E-1
1.52692775E+4	9.71293804E+1	9.02315086E-8	5.69009056E+1	-4.78438772E+1	7.43421124E+1	-6.99145114E-1
1.63727458E+4	9.30641881E+1	8.61884876E-8	5.53665601E+1	-4.56857519E+1	7.17819193E+1	-6.89889666E-1
1.75559587E+4	8.91669363E+1	8.22149545E-8	5.39128007E+1	-4.35964347E+1	6.93342574E+1	-6.79991419E-1
1.88246790E+4	8.54329537E+1	7.83058236E-8	5.25380875E+1	-4.15720255E+1	6.69961490E+1	-6.69397550E-1
2.01850863E+4	8.18721098E+1	7.44607351E-8	5.12408926E+1	-3.96178096E+1	6.47703633E+1	-6.58164392E-1
2.16438064E+4	7.84794913E+1	7.06779193E-8	5.00190199E+1	-3.77301574E+1	6.26535490E+1	-6.46257762E-1
2.32079442E+4	7.52440399E+1	6.69671308E-8	4.88634381E+1	-3.59032984E+1	6.06356534E+1	-6.33681248E-1
2.48851178E+4	7.21710873E+1	6.33186823E-8	4.77783504E+1	-3.41386088E+1	5.87215076E+1	-6.20404909E-1
2.66834962E+4	6.92668667E+1	5.97480552E-8	4.67563863E+1	-3.24423899E+1	5.69092994E+1	-6.06593320E-1
2.86118383E+4	6.65147194E+1	5.62525444E-8	4.57948251E+1	-3.08036348E+1	5.51908501E+1	-5.92129656E-1
3.06795364E+4	6.39144416E+1	5.28395952E-8	4.48896318E+1	-2.92235638E+1	5.35639407E+1	-5.77084359E-1
3.28966612E+4	6.14688765E+1	4.95056198E-8	4.40440003E+1	-2.77030906E+1	5.20320594E+1	-5.61461023E-1
3.52740116E+4	5.91646566E+1	4.62605687E-8	4.32498680E+1	-2.62357099E+1	5.05852110E+1	-5.45264059E-1
3.78231664E+4	5.70023390E+1	4.31186518E-8	4.25014416E+1	-2.48255719E+1	4.92207434E+1	-5.28654694E-1
4.05565415E+4	5.49764805E+1	4.00697776E-8	4.18035482E+1	-2.34664713E+1	4.79396699E+1	-5.11516340E-1
4.34874501E+4	5.30798721E+1	3.71277442E-8	4.11483272E+1	-2.21576869E+1	4.67348686E+1	-4.93958238E-1
4.66301673E+4	5.13073028E+1	3.42947054E-8	4.05344542E+1	-2.08966868E+1	4.56038761E+1	-4.75993489E-1
5.00000000E+4	4.96517354E+1	3.15797662E-8	3.99562209E+1	-1.96823804E+1	4.45409441E+1	-4.57709013E-1
5.36133611E+4	4.81121554E+1	2.89780923E-8	3.94176356E+1	-1.85126281E+1	4.35484490E+1	-4.39076991E-1
5.74878498E+4	4.66803437E+1	2.64965615E-8	3.89132804E+1	-1.73851057E+1	4.26202452E+1	-4.20160744E-1
6.16423370E+4	4.53480866E+1	2.41414338E-8	3.84374700E+1	-1.62980551E+1	4.17500385E+1	-4.01035855E-1
6.60970574E+4	4.41109448E+1	2.19050121E-8	3.79929788E+1	-1.52459747E+1	4.09378333E+1	-3.81612787E-1
7.08737081E+4	4.29675931E+1	1.97944010E-8	3.75771911E+1	-1.42322225E+1	4.01821036E+1	-3.62051056E-1
7.59955541E+4	4.19070318E+1	1.78088393E-8	3.71848066E+1	-1.32512271E+1	3.94753705E+1	-3.42330648E-1
8.14875417E+4	4.09237463E+1	1.59411621E-8	3.68162901E+1	-1.22972064E+1	3.88157251E+1	-3.22364254E-1
8.73764200E+4	4.00164028E+1	1.41938456E-8	3.64702069E+1	-1.13723564E+1	3.82021791E+1	-3.02270656E-1
9.36908711E+4	3.91781052E+1	1.25643538E-8	3.61431808E+1	-1.04733858E+1	3.76300590E+1	-2.82049749E-1
1.00461650E+5	3.84064384E+1	1.10462583E-8	3.58364907E+1	-9.59676520E+0	3.70992179E+1	-2.61653755E-1
1.07721735E+5	3.76938362E+1	9.63933369E-9	3.55441769E+1	-8.74115912E+0	3.66032292E+1	-2.41138575E-1
1.15506485E+5	3.70418706E+1	8.33414596E-9	3.52713435E+1	-7.90245897E+0	3.61457679E+1	-2.20407725E-1
1.23853818E+5	3.64424885E+1	7.13038899E-9	3.50108805E+1	-7.07967860E+0	3.57195130E+1	-1.99523179E-1
1.32804389E+5	3.58925852E+1	6.01806592E-9	3.47632285E+1	-6.26576290E+0	3.53233935E+1	-1.78326476E-1
1.42401793E+5	3.53927612E+1	4.99706850E-9	3.45281448E+1	-5.46384429E+0	3.49577800E+1	-1.56941851E-1
1.52692775E+5	3.49379830E+1	4.06146061E-9	3.43022431E+1	-4.66982871E+0	3.46186537E+1	-1.35305902E-1
1.63727458E+5	3.45283529E+1	3.20385597E-9	3.40868961E+1	-3.87916000E+0	3.43069144E+1	-1.13314591E-1
1.75559587E+5	3.41606468E+1	2.41943217E-9	3.38790551E+1	-3.08869619E+0	3.40195596E+1	-9.09169803E-2
1.88246790E+5	3.38401886E+1	1.70338204E-9	3.36778622E+1	-2.29580422E+0	3.37589143E+1	-6.80632318E-2
2.01850863E+5	3.35540993E+1	1.05426292E-9	3.34866955E+1	-1.50237121E+0	3.35203804E+1	-4.48346557E-2
2.16438064E+5	3.33117404E+1	4.63026564E-10	3.32970900E+1	-6.98430231E-1	3.33044144E+1	-2.09726380E-2
2.32079442E+5	3.31131557E+1	-7.24141291E-11	3.31127506E+1	1.15780445E-1	3.31129532E+1	3.49653932E-3
2.48851178E+5	3.29565331E+1	-5.56774585E-10	3.29294269E+1	9.44766973E-1	3.29429772E+1	2.86827897E-2
2.66834962E+5	3.28440906E+1	-9.92813348E-10	3.27462161E+1	1.79022787E+0	3.27951168E+1	5.46154087E-2
2.86118383E+5	3.27803085E+1	-1.38405912E-9	3.25636772E+1	2.65599197E+0	3.26718133E+1	8.13828740E-2
3.06795364E+5	3.27684286E+1	-1.73319929E-9	3.23803254E+1	3.54498158E+0	3.25737990E+1	1.09045213E-1
3.28966612E+5	3.28111664E+1	-2.04501570E-9	3.21919414E+1	4.46475074E+0	3.25000792E+1	1.37812417E-1
3.52740116E+5	3.29126230E+1	-2.31807831E-9	3.19977286E+1	5.41058694E+0	3.24519518E+1	1.67508363E-1
3.78231664E+5	3.30876594E+1	-2.55859147E-9	3.18004638E+1	6.39790979E+0	3.24376773E+1	1.98538768E-1
4.05565415E+5	3.33302630E+1	-2.76572066E-9	3.15872982E+1	7.41993826E+0	3.24470793E+1	2.30719649E-1
4.34874501E+5	3.36612766E+1	-2.94262522E-9	3.13638167E+1	8.48864215E+0	3.24922469E+1	2.64318321E-1
4.66301673E+5	3.40908267E+1	-3.08890234E-9	3.11278614E+1	9.60368294E+0	3.25756738E+1	2.99258243E-1
NaN	NaN	NaN	NaN	NaN	NaN	NaN
