Start time:20240905_09-18-00	sweep/start:500.000	sweep/stop:500000.000	sweep/samplecount:100.000	sweep/xmapping:1.000	sweep/scan:0.000	sweep/averaging/sample:10.000	sweep/settling/time:0.100	sweep/settling/inaccuracy:0.010	sweep/awgcontrol:0.000	sweep/averaging/time:0.100	sweep/averaging/tc:15.000	sweep/bandwidthcontrol:2.000	sweep/sincfilter:0.000	sweep/omegasuppression:80.000	sweep/maxbandwidth:100.000	sweep/bandwidth:1250000.000	sweep/order:8.000	sweep/bandwidthoverlap:1.000																				
Frequency	Param0		Param1		RealZ		ImagZ		AbsZ		PhaseZ		
5.00000000E+2	1.12421922E+3	6.80628721E-7	1.65848418E+2	-3.98678140E+2	4.31798518E+2	-1.17657699E+0
5.36133611E+2	1.02133775E+3	6.65292494E-7	1.63695405E+2	-3.74689287E+2	4.08886605E+2	-1.15890384E+0
5.74878498E+2	9.30126159E+2	6.49303304E-7	1.61515946E+2	-3.52339006E+2	3.87595384E+2	-1.14097015E+0
6.16423370E+2	8.49119294E+2	6.32417928E-7	1.59435905E+2	-3.31602570E+2	3.67940318E+2	-1.12262295E+0
6.60970574E+2	7.76862992E+2	6.14945390E-7	1.57378252E+2	-3.12239329E+2	3.49658860E+2	-1.10392924E+0
7.08737081E+2	7.12483273E+2	5.96796903E-7	1.55382279E+2	-2.94216918E+2	3.32726995E+2	-1.08490544E+0
7.59955541E+2	6.55146507E+2	5.78039571E-7	1.53435417E+2	-2.77453123E+2	3.17053097E+2	-1.06564217E+0
8.14875417E+2	6.04040612E+2	5.58812692E-7	1.51509927E+2	-2.61845142E+2	3.02519652E+2	-1.04624265E+0
8.73764200E+2	5.58721314E+2	5.39123202E-7	1.49601460E+2	-2.47396282E+2	2.89111604E+2	-1.02692536E+0
9.36908711E+2	5.18159258E+2	5.19266738E-7	1.47675242E+2	-2.33904492E+2	2.76621203E+2	-1.00764485E+0
1.00461650E+3	4.82116461E+2	4.99110550E-7	1.45784274E+2	-2.21431568E+2	2.65113174E+2	-9.88558411E-1
1.07721735E+3	4.49956227E+2	4.79017293E-7	1.43839409E+2	-2.09837213E+2	2.54404075E+2	-9.69881313E-1
1.15506485E+3	4.21220617E+2	4.58935048E-7	1.41905729E+2	-1.99088870E+2	2.44486432E+2	-9.51547360E-1
1.23853818E+3	3.95520795E+2	4.39129202E-7	1.39915960E+2	-1.89111588E+2	2.35243852E+2	-9.33816945E-1
1.32804389E+3	3.72534679E+2	4.19604202E-7	1.37906055E+2	-1.79879699E+2	2.26660068E+2	-9.16719604E-1
1.42401793E+3	3.51910178E+2	4.00532561E-7	1.35847144E+2	-1.71322925E+2	2.18645814E+2	-9.00381049E-1
1.52692775E+3	3.33358169E+2	3.81976551E-7	1.33748562E+2	-1.63393687E+2	2.11154387E+2	-8.84836565E-1
1.63727458E+3	3.16640220E+2	3.64092113E-7	1.31573929E+2	-1.56044537E+2	2.04111727E+2	-8.70273861E-1
1.75559587E+3	3.01508952E+2	3.46882315E-7	1.29348234E+2	-1.49226953E+2	1.97483290E+2	-8.56635958E-1
1.88246790E+3	2.87748231E+2	3.30427560E-7	1.27057137E+2	-1.42887892E+2	1.91207913E+2	-8.43975440E-1
2.01850863E+3	2.75224754E+2	3.14762368E-7	1.24696847E+2	-1.37004944E+2	1.85255658E+2	-8.32394532E-1
2.16438064E+3	2.63752651E+2	2.99929512E-7	1.22258552E+2	-1.31525143E+2	1.79571760E+2	-8.21895686E-1
2.32079442E+3	2.53188833E+2	2.85889401E-7	1.19762850E+2	-1.26409950E+2	1.74133903E+2	-8.12393366E-1
2.48851178E+3	2.43397005E+2	2.72699348E-7	1.17183720E+2	-1.21614727E+2	1.68885068E+2	-8.03951463E-1
2.66834962E+3	2.34285029E+2	2.60249330E-7	1.14565181E+2	-1.17114157E+2	1.63831947E+2	-7.96399894E-1
2.86118383E+3	2.25730253E+2	2.48584853E-7	1.11880185E+2	-1.12860828E+2	1.58917407E+2	-7.89761569E-1
3.06795364E+3	2.17686308E+2	2.37637619E-7	1.09150172E+2	-1.08842720E+2	1.54144406E+2	-7.83987785E-1
3.28966612E+3	2.10050391E+2	2.27375639E-7	1.06379579E+2	-1.05016461E+2	1.49482681E+2	-7.78950080E-1
3.52740116E+3	2.02774082E+2	2.17757914E-7	1.03576223E+2	-1.01363402E+2	1.44922647E+2	-7.74601156E-1
3.78231664E+3	1.95787283E+2	2.08721435E-7	1.00757927E+2	-9.78517273E+1	1.40453268E+2	-7.70766490E-1
4.05565415E+3	1.89053653E+2	2.00228023E-7	9.79315147E+1	-9.44654898E+1	1.36067301E+2	-7.67385148E-1
4.34874501E+3	1.82544133E+2	1.92218337E-7	9.51143868E+1	-9.11911542E+1	1.31767117E+2	-7.64343220E-1
4.66301673E+3	1.76238693E+2	1.84637871E-7	9.23225443E+1	-8.80190443E+1	1.27557063E+2	-7.61539642E-1
5.00000000E+3	1.70118227E+2	1.77435487E-7	8.95710744E+1	-8.49393592E+1	1.23440967E+2	-7.58863200E-1
5.36133611E+3	1.64138111E+2	1.70615024E-7	8.68484615E+1	-8.19297690E+1	1.19394901E+2	-7.56263477E-1
5.74878498E+3	1.58310139E+2	1.64100320E-7	8.41834229E+1	-7.89951935E+1	1.15443013E+2	-7.53614085E-1
6.16423370E+3	1.52616641E+2	1.57859722E-7	8.15830026E+1	-7.61257998E+1	1.11583707E+2	-7.50808931E-1
6.60970574E+3	1.47054107E+2	1.51864724E-7	7.90534640E+1	-7.33190717E+1	1.07819926E+2	-7.47781886E-1
7.08737081E+3	1.41628416E+2	1.46087227E-7	7.66015445E+1	-7.05773246E+1	1.04158319E+2	-7.44489716E-1
7.59955541E+3	1.36324578E+2	1.40516842E-7	7.42247858E+1	-6.78921474E+1	1.00591563E+2	-7.40868268E-1
8.14875417E+3	1.31168206E+2	1.35111171E-7	7.19382272E+1	-6.52755665E+1	9.71391175E+1	-7.36879486E-1
8.73764200E+3	1.26138049E+2	1.29873727E-7	6.97327538E+1	-6.27159989E+1	9.37867449E+1	-7.32470510E-1
9.36908711E+3	1.21250178E+2	1.24769121E-7	6.76200539E+1	-6.02201948E+1	9.05480181E+1	-7.27579038E-1
1.00461650E+4	1.16513314E+2	1.19799603E-7	6.55937497E+1	-5.77927768E+1	8.74216512E+1	-7.22258339E-1
1.07721735E+4	1.11916405E+2	1.14939685E-7	6.36596468E+1	-5.54256991E+1	8.44071015E+1	-7.16364785E-1
1.15506485E+4	1.07470148E+2	1.10198414E-7	6.18087736E+1	-5.31250744E+1	8.15021352E+1	-7.09987547E-1
1.23853818E+4	1.03168750E+2	1.05553786E-7	6.00459923E+1	-5.08856437E+1	7.87074962E+1	-7.03008571E-1
1.32804389E+4	9.90111035E+1	1.01013720E-7	5.83624236E+1	-4.87068315E+1	7.60166294E+1	-6.95460635E-1
1.42401793E+4	9.50115495E+1	9.65640268E-8	5.67617077E+1	-4.65953466E+1	7.34371690E+1	-6.87351990E-1
1.52692775E+4	9.11585096E+1	9.21965623E-8	5.52422068E+1	-4.45431902E+1	7.09633513E+1	-6.78585962E-1
1.63727458E+4	8.74628871E+1	8.79107200E-8	5.38016694E+1	-4.25561942E+1	6.85977356E+1	-6.69218403E-1
1.75559587E+4	8.39185921E+1	8.37038730E-8	5.24371139E+1	-4.06300106E+1	6.63358782E+1	-6.59205774E-1
1.88246790E+4	8.05254915E+1	7.95818570E-8	5.11426826E+1	-3.87648757E+1	6.41739014E+1	-6.48585613E-1
2.01850863E+4	7.72841867E+1	7.55403568E-8	4.99178696E+1	-3.69603599E+1	6.21116892E+1	-6.37343872E-1
2.16438064E+4	7.41881809E+1	7.15727615E-8	4.87622930E+1	-3.52111426E+1	6.01463698E+1	-6.25403241E-1
2.32079442E+4	7.12393645E+1	6.76924987E-8	4.76681289E+1	-3.35200930E+1	5.82738980E+1	-6.12868491E-1
2.48851178E+4	6.84410530E+1	6.38935906E-8	4.66376680E+1	-3.18882260E+1	5.64971776E+1	-5.99732383E-1
2.66834962E+4	6.57846556E+1	6.01774133E-8	4.56674319E+1	-3.03100956E+1	5.48107313E+1	-5.85955385E-1
2.86118383E+4	6.32696897E+1	5.65440581E-8	4.47567569E+1	-2.87850450E+1	5.32141533E+1	-5.71540513E-1
3.06795364E+4	6.08921853E+1	5.30087933E-8	4.38974170E+1	-2.73134839E+1	5.17011571E+1	-5.56591692E-1
3.28966612E+4	5.86522593E+1	4.95694571E-8	4.30909200E+1	-2.58950266E+1	5.02730525E+1	-5.41109864E-1
3.52740116E+4	5.65417286E+1	4.62336787E-8	4.23318156E+1	-2.45261368E+1	4.89235528E+1	-5.25118487E-1
3.78231664E+4	5.45577915E+1	4.29970024E-8	4.16221050E+1	-2.32036737E+1	4.76530180E+1	-5.08571216E-1
4.05565415E+4	5.27007403E+1	3.98742085E-8	4.09565618E+1	-2.19317386E+1	4.64590263E+1	-4.91633167E-1
4.34874501E+4	5.09577100E+1	3.68684364E-8	4.03298951E+1	-2.07031069E+1	4.53334214E+1	-4.74265675E-1
4.66301673E+4	4.93298911E+1	3.39780609E-8	3.97448844E+1	-1.95180678E+1	4.42787852E+1	-4.56489219E-1
5.00000000E+4	4.78116165E+1	3.12116715E-8	3.91967142E+1	-1.83759579E+1	4.32903946E+1	-4.38388809E-1
5.36133611E+4	4.63955145E+1	2.85738264E-8	3.86812413E+1	-1.72741903E+1	4.23631454E+1	-4.20004525E-1
5.74878498E+4	4.50784328E+1	2.60576512E-8	3.82014240E+1	-1.62083780E+1	4.14977146E+1	-4.01266806E-1
6.16423370E+4	4.38538920E+1	2.36754477E-8	3.77495071E+1	-1.51801684E+1	4.06873789E+1	-3.82340302E-1
6.60970574E+4	4.27176663E+1	2.14225444E-8	3.73263299E+1	-1.41858659E+1	3.99311120E+1	-3.63190565E-1
7.08737081E+4	4.16645252E+1	1.92972256E-8	3.69304293E+1	-1.32224122E+1	3.92261240E+1	-3.43815560E-1
7.59955541E+4	4.06905309E+1	1.73024455E-8	3.65588192E+1	-1.22902596E+1	3.85693889E+1	-3.24308293E-1
8.14875417E+4	3.97874910E+1	1.54353048E-8	3.62076325E+1	-1.13849985E+1	3.79553797E+1	-3.04648037E-1
8.73764200E+4	3.89546662E+1	1.36869784E-8	3.58804117E+1	-1.05026428E+1	3.73859527E+1	-2.84757622E-1
9.36908711E+4	3.81891028E+1	1.20612071E-8	3.55736706E+1	-9.64575109E+0	3.68581953E+1	-2.64782084E-1
1.00461650E+5	3.74798906E+1	1.05520367E-8	3.52811579E+1	-8.80760047E+0	3.63639098E+1	-2.44640138E-1
1.07721735E+5	3.68298753E+1	9.15415944E-9	3.50069926E+1	-7.98834349E+0	3.59068680E+1	-2.24351304E-1
1.15506485E+5	3.62339768E+1	7.86067759E-9	3.47491733E+1	-7.18301372E+0	3.54838096E+1	-2.03839413E-1
1.23853818E+5	3.56882475E+1	6.67084546E-9	3.45039531E+1	-6.39240413E+0	3.50911046E+1	-1.83188804E-1
1.32804389E+5	3.51933957E+1	5.57309564E-9	3.42753059E+1	-5.60959104E+0	3.47313172E+1	-1.62224537E-1
1.42401793E+5	3.47372303E+1	4.57261422E-9	3.40494955E+1	-4.83911297E+0	3.43916438E+1	-1.41174541E-1
1.52692775E+5	3.43303606E+1	3.65314254E-9	3.38404431E+1	-4.07173381E+0	3.40845216E+1	-1.19745877E-1
1.63727458E+5	3.39614269E+1	2.81297997E-9	3.36365493E+1	-3.30571487E+0	3.37985977E+1	-9.79628846E-2
1.75559587E+5	3.36384203E+1	2.04809471E-9	3.34452611E+1	-2.54170192E+0	3.35417017E+1	-7.58500809E-2
1.88246790E+5	3.33596491E+1	1.35718855E-9	3.32591644E+1	-1.78069135E+0	3.33093615E+1	-5.34902692E-2
2.01850863E+5	3.31067621E+1	7.19373685E-10	3.30765842E+1	-9.99084860E-1	3.30916697E+1	-3.01960199E-2
2.16438064E+5	3.29017245E+1	1.47673288E-10	3.29002877E+1	-2.17386945E-1	3.29010061E+1	-6.60735463E-3
2.32079442E+5	3.27370038E+1	-3.69580082E-10	3.27268168E+1	5.77387977E-1	3.27319099E+1	1.76408270E-2
2.48851178E+5	3.26143423E+1	-8.34948793E-10	3.25553219E+1	1.38614892E+0	3.25848187E+1	4.25525630E-2
2.66834962E+5	3.25354807E+1	-1.25264822E-9	3.23842781E+1	2.21280537E+0	3.24597914E+1	6.82235672E-2
2.86118383E+5	3.25035510E+1	-1.62679599E-9	3.22124767E+1	3.06205947E+0	3.23576865E+1	9.47734091E-2
3.06795364E+5	3.25233652E+1	-1.96006230E-9	3.20395552E+1	3.93713679E+0	3.22805538E+1	1.22270640E-1
3.28966612E+5	3.25984578E+1	-2.25480154E-9	3.18629931E+1	4.84087276E+0	3.22286276E+1	1.50774730E-1
3.52740116E+5	3.27327381E+1	-2.51148209E-9	3.16810323E+1	5.77226810E+0	3.22025920E+1	1.80222574E-1
3.78231664E+5	3.29331829E+1	-2.73430696E-9	3.14909849E+1	6.73914801E+0	3.22040116E+1	2.10822480E-1
4.05565415E+5	3.32110059E+1	-2.92836760E-9	3.12892737E+1	7.75432372E+0	3.22358225E+1	2.42932330E-1
4.34874501E+5	3.35699620E+1	-3.08829845E-9	3.10761932E+1	8.80322389E+0	3.22990188E+1	2.76046445E-1
4.66301673E+5	3.40241921E+1	-3.22211632E-9	3.08422111E+1	9.90652643E+0	3.23941555E+1	3.10791323E-1
NaN	NaN	NaN	NaN	NaN	NaN	NaN
