Start time:20240905_14-37-49	sweep/start:500.000	sweep/stop:500000.000	sweep/samplecount:100.000	sweep/xmapping:1.000	sweep/scan:0.000	sweep/averaging/sample:10.000	sweep/settling/time:0.100	sweep/settling/inaccuracy:0.010	sweep/awgcontrol:0.000	sweep/averaging/time:0.100	sweep/averaging/tc:15.000	sweep/bandwidthcontrol:2.000	sweep/sincfilter:0.000	sweep/omegasuppression:80.000	sweep/maxbandwidth:100.000	sweep/bandwidth:1250000.000	sweep/order:8.000	sweep/bandwidthoverlap:1.000																				
Frequency	Param0		Param1		RealZ		ImagZ		AbsZ		PhaseZ		
5.00000000E+2	9.88730643E+2	6.49789073E-7	1.94869562E+2	-3.93318364E+2	4.38945881E+2	-1.11079538E+0
5.36133611E+2	9.06490839E+2	6.30815520E-7	1.92438767E+2	-3.70690268E+2	4.17664889E+2	-1.09195716E+0
5.74878498E+2	8.32829698E+2	6.11140605E-7	1.90147213E+2	-3.49577254E+2	3.97945003E+2	-1.07262167E+0
6.16423370E+2	7.67484074E+2	5.91023253E-7	1.87809811E+2	-3.29952250E+2	3.79659082E+2	-1.05332957E+0
6.60970574E+2	7.09371851E+2	5.70408981E-7	1.85511540E+2	-3.11740465E+2	3.62762530E+2	-1.03399991E+0
7.08737081E+2	6.57655340E+2	5.49524258E-7	1.83190689E+2	-2.94817726E+2	3.47096995E+2	-1.01481210E+0
7.59955541E+2	6.11622551E+2	5.28470418E-7	1.80845622E+2	-2.79113071E+2	3.32579690E+2	-9.95877942E-1
8.14875417E+2	5.70633944E+2	5.07404008E-7	1.78452289E+2	-2.64548114E+2	3.19109585E+2	-9.77352335E-1
8.73764200E+2	5.33964646E+2	4.86318487E-7	1.76084962E+2	-2.51032317E+2	3.06631929E+2	-9.59102295E-1
9.36908711E+2	5.01354223E+2	4.65573440E-7	1.73594397E+2	-2.38531475E+2	2.95012340E+2	-9.41679409E-1
1.00461650E+3	4.72103483E+2	4.45131793E-7	1.71077280E+2	-2.26933342E+2	2.84193910E+2	-9.24825712E-1
1.07721735E+3	4.45789673E+2	4.25180747E-7	1.68490394E+2	-2.16153325E+2	2.74064362E+2	-9.08684207E-1
1.15506485E+3	4.22185016E+2	4.05755652E-7	1.65846570E+2	-2.06186442E+2	2.64609022E+2	-8.93407081E-1
1.23853818E+3	4.00913307E+2	3.87013468E-7	1.63111262E+2	-1.96947172E+2	2.55721477E+2	-8.79096370E-1
1.32804389E+3	3.81689990E+2	3.68971752E-7	1.60306869E+2	-1.88385861E+2	2.47361125E+2	-8.65751240E-1
1.42401793E+3	3.64181890E+2	3.51756463E-7	1.57399230E+2	-1.80409063E+2	2.39420025E+2	-8.53408172E-1
1.52692775E+3	3.48250064E+2	3.35316571E-7	1.54425627E+2	-1.73007104E+2	2.31902422E+2	-8.42086354E-1
1.63727458E+3	3.33632241E+2	3.19758856E-7	1.51345806E+2	-1.66097217E+2	2.24708343E+2	-8.31834236E-1
1.75559587E+3	3.20188016E+2	3.05027719E-7	1.48191273E+2	-1.59650917E+2	2.17828073E+2	-8.22606691E-1
1.88246790E+3	3.07740787E+2	2.91147673E-7	1.44949989E+2	-1.53611597E+2	2.11203747E+2	-8.14401157E-1
2.01850863E+3	2.96155301E+2	2.78077076E-7	1.41639187E+2	-1.47937609E+2	2.04810146E+2	-8.07145172E-1
2.16438064E+3	2.85298214E+2	2.65780181E-7	1.38270395E+2	-1.42581883E+2	1.98615951E+2	-8.00748404E-1
2.32079442E+3	2.75054711E+2	2.54255610E-7	1.34834065E+2	-1.37500979E+2	1.92579190E+2	-7.95190620E-1
2.48851178E+3	2.65403641E+2	2.43416675E-7	1.31364511E+2	-1.32695080E+2	1.86720699E+2	-7.90437014E-1
2.66834962E+3	2.56207393E+2	2.33260873E-7	1.27851158E+2	-1.28103446E+2	1.80987324E+2	-7.86383841E-1
2.86118383E+3	2.47404788E+2	2.23674806E-7	1.24343038E+2	-1.23700733E+2	1.75394021E+2	-7.82808680E-1
3.06795364E+3	2.38948181E+2	2.14674963E-7	1.20818228E+2	-1.19466527E+2	1.69909669E+2	-7.79772813E-1
3.28966612E+3	2.30799653E+2	2.06181843E-7	1.17308235E+2	-1.15384044E+2	1.64543914E+2	-7.77129095E-1
3.52740116E+3	2.22946646E+2	1.98171883E-7	1.13814462E+2	-1.11448735E+2	1.59293919E+2	-7.74896493E-1
3.78231664E+3	2.15312807E+2	1.90572089E-7	1.10366013E+2	-1.07622298E+2	1.54153222E+2	-7.72812302E-1
4.05565415E+3	2.07891642E+2	1.83360053E-7	1.06964887E+2	-1.03901967E+2	1.49121111E+2	-7.70873811E-1
4.34874501E+3	2.00682708E+2	1.76488428E-7	1.03627941E+2	-1.00287514E+2	1.44209347E+2	-7.69018197E-1
4.66301673E+3	1.93667486E+2	1.69934264E-7	1.00358531E+2	-9.67695690E+1	1.39413717E+2	-7.67193929E-1
5.00000000E+3	1.86846172E+2	1.63650093E-7	9.71747457E+1	-9.33477256E+1	1.34746908E+2	-7.65313890E-1
5.36133611E+3	1.80191851E+2	1.57643243E-7	9.40633112E+1	-9.00085303E+1	1.30190023E+2	-7.63373473E-1
5.74878498E+3	1.73694785E+2	1.51858880E-7	9.10469773E+1	-8.67457953E+1	1.25755259E+2	-7.61210773E-1
6.16423370E+3	1.67379532E+2	1.46301338E-7	8.81159450E+1	-8.35726379E+1	1.21444661E+2	-7.58941850E-1
6.60970574E+3	1.61219832E+2	1.40933575E-7	8.52830138E+1	-8.04743473E+1	1.17257465E+2	-7.56396023E-1
7.08737081E+3	1.55236661E+2	1.35739620E-7	8.25505111E+1	-7.74614658E+1	1.13202763E+2	-7.53604727E-1
7.59955541E+3	1.49394436E+2	1.30719930E-7	7.99098150E+1	-7.45151202E+1	1.09261529E+2	-7.50478272E-1
8.14875417E+3	1.43723693E+2	1.25842630E-7	7.73731275E+1	-7.16501961E+1	1.05453077E+2	-7.47014102E-1
8.73764200E+3	1.38210643E+2	1.21103498E-7	7.49355747E+1	-6.88589392E+1	1.01768826E+2	-7.43164132E-1
9.36908711E+3	1.32852839E+2	1.16506732E-7	7.25880880E+1	-6.61400257E+1	9.82014947E+1	-7.38951740E-1
1.00461650E+4	1.27653299E+2	1.12017486E-7	7.03441421E+1	-6.34930184E+1	9.47610771E+1	-7.34252811E-1
1.07721735E+4	1.22614028E+2	1.07635750E-7	6.81976786E+1	-6.09185414E+1	9.14439285E+1	-7.29081149E-1
1.15506485E+4	1.17728701E+2	1.03370533E-7	6.61373115E+1	-5.84133181E+1	8.82397854E+1	-7.23462592E-1
1.23853818E+4	1.13002483E+2	9.91844351E-8	6.41786334E+1	-5.59772084E+1	8.51607003E+1	-7.17247305E-1
1.32804389E+4	1.08430356E+2	9.50927154E-8	6.23071954E+1	-5.36078793E+1	8.21948377E+1	-7.10489543E-1
1.42401793E+4	1.04020353E+2	9.10830397E-8	6.05253338E+1	-5.13083864E+1	7.93464970E+1	-7.03167479E-1
1.52692775E+4	9.97648007E+1	8.71507175E-8	5.88300278E+1	-4.90733509E+1	7.66104822E+1	-6.95222886E-1
1.63727458E+4	9.56748641E+1	8.32850293E-8	5.72237626E+1	-4.69075328E+1	7.39924029E+1	-6.86650935E-1
1.75559587E+4	9.17369322E+1	7.94884341E-8	5.56993682E+1	-4.48025604E+1	7.14820895E+1	-6.77396189E-1
1.88246790E+4	8.79613713E+1	7.57567624E-8	5.42564622E+1	-4.27634078E+1	6.90830861E+1	-6.67486835E-1
2.01850863E+4	8.43425311E+1	7.20904259E-8	5.28905738E+1	-4.07861743E+1	6.67901553E+1	-6.56895628E-1
2.16438064E+4	8.08932009E+1	6.84793739E-8	5.16063031E+1	-3.88765800E+1	6.46111370E+1	-6.45628951E-1
2.32079442E+4	7.76018184E+1	6.49441843E-8	5.03882009E+1	-3.70303273E+1	6.25317199E+1	-6.33767352E-1
2.48851178E+4	7.44590445E+1	6.14738235E-8	4.92383132E+1	-3.52395543E+1	6.05494652E+1	-6.21181229E-1
2.66834962E+4	7.14832943E+1	5.80707713E-8	4.81576081E+1	-3.35158050E+1	5.86725187E+1	-6.08009911E-1
2.86118383E+4	6.86578660E+1	5.47300529E-8	4.71442867E+1	-3.18471712E+1	5.68931112E+1	-5.94110642E-1
3.06795364E+4	6.59861408E+1	5.14648431E-8	4.61915467E+1	-3.02381031E+1	5.52087121E+1	-5.79619093E-1
3.28966612E+4	6.34659747E+1	4.82782743E-8	4.52973645E+1	-2.86878047E+1	5.36175474E+1	-5.64561102E-1
3.52740116E+4	6.10861060E+1	4.51791992E-8	4.44541397E+1	-2.71911702E+1	5.21107502E+1	-5.48954692E-1
3.78231664E+4	5.88446113E+1	4.21637995E-8	4.36639311E+1	-2.57458373E+1	5.06891216E+1	-5.32764254E-1
4.05565415E+4	5.67488780E+1	3.92412084E-8	4.29259322E+1	-2.43590397E+1	4.93558354E+1	-5.16154423E-1
4.34874501E+4	5.47820974E+1	3.64151199E-8	4.22337155E+1	-2.30209636E+1	4.81004315E+1	-4.99061846E-1
4.66301673E+4	5.29414406E+1	3.36919552E-8	4.15843407E+1	-2.17319466E+1	4.69205168E+1	-4.81563149E-1
5.00000000E+4	5.12217671E+1	3.10779209E-8	4.09741528E+1	-2.04911515E+1	4.58123183E+1	-4.63727170E-1
5.36133611E+4	4.96179337E+1	2.85715442E-8	4.04034840E+1	-1.92949696E+1	4.47742938E+1	-4.45532613E-1
5.74878498E+4	4.81229072E+1	2.61770645E-8	3.98684767E+1	-1.81408809E+1	4.38016781E+1	-4.27019186E-1
6.16423370E+4	4.67321428E+1	2.39002034E-8	3.93655188E+1	-1.70291209E+1	4.28909669E+1	-4.08281653E-1
6.60970574E+4	4.54376736E+1	2.17391374E-8	3.88926874E+1	-1.59546888E+1	4.20379975E+1	-3.89288431E-1
7.08737081E+4	4.42401944E+1	1.96914279E-8	3.84532235E+1	-1.49173614E+1	4.12453401E+1	-3.70062671E-1
7.59955541E+4	4.31231353E+1	1.77623453E-8	3.80351843E+1	-1.39111877E+1	4.04993382E+1	-3.50632328E-1
8.14875417E+4	4.20917769E+1	1.59511324E-8	3.76433358E+1	-1.29404076E+1	3.98054631E+1	-3.31108218E-1
8.73764200E+4	4.11355383E+1	1.42507359E-8	3.72747825E+1	-1.19962003E+1	3.91576077E+1	-3.11363463E-1
9.36908711E+4	4.02505608E+1	1.26613616E-8	3.69270042E+1	-1.10783113E+1	3.85529847E+1	-2.91462013E-1
1.00461650E+5	3.94345575E+1	1.11805640E-8	3.65997725E+1	-1.01858960E+1	3.79907335E+1	-2.71436148E-1
1.07721735E+5	3.86763544E+1	9.80288938E-9	3.62868131E+1	-9.31175763E+0	3.74625366E+1	-2.51195232E-1
1.15506485E+5	3.79809763E+1	8.52495308E-9	3.59934529E+1	-8.45800366E+0	3.69738621E+1	-2.30799907E-1
1.23853818E+5	3.73381240E+1	7.34154790E-9	3.57130048E+1	-7.61825999E+0	3.65165250E+1	-2.10168810E-1
1.32804389E+5	3.67686605E+1	6.24566636E-9	3.54663469E+1	-6.79618884E+0	3.61116333E+1	-1.89328479E-1
1.42401793E+5	3.62075516E+1	5.24410620E-9	3.51918319E+1	-5.97871471E+0	3.56960792E+1	-1.68282539E-1
1.52692775E+5	3.57139682E+1	4.31783150E-9	3.49490072E+1	-5.17055293E+0	3.53294174E+1	-1.46880183E-1
1.63727458E+5	3.52644132E+1	3.46761870E-9	3.47150534E+1	-4.36704057E+0	3.49886551E+1	-1.25139400E-1
1.75559587E+5	3.48606082E+1	2.68854307E-9	3.44919443E+1	-3.56594023E+0	3.46757863E+1	-1.03018731E-1
1.88246790E+5	3.45159156E+1	1.97615928E-9	3.42873786E+1	-2.76573319E+0	3.44014398E+1	-8.04895198E-2
2.01850863E+5	3.41744305E+1	1.32622075E-9	3.40618856E+1	-1.95792610E+0	3.41181117E+1	-5.74182510E-2
2.16438064E+5	3.38950570E+1	7.31971335E-10	3.38565152E+1	-1.14231579E+0	3.38757806E+1	-3.37271171E-2
2.32079442E+5	3.36565000E+1	1.92599192E-10	3.36534929E+1	-3.18104898E-1	3.36549964E+1	-9.45207469E-3
2.48851178E+5	3.34630951E+1	-2.96662178E-10	3.34550344E+1	5.19289169E-1	3.34590645E+1	1.55207586E-2
2.66834962E+5	3.33193618E+1	-7.40886296E-10	3.32623825E+1	1.37665201E+0	3.32908600E+1	4.13640474E-2
2.86118383E+5	3.32108839E+1	-1.13899664E-9	3.30580096E+1	2.24804597E+0	3.31343586E+1	6.78985311E-2
3.06795364E+5	3.31583139E+1	-1.49902825E-9	3.28566758E+1	3.14814306E+0	3.30071503E+1	9.55228188E-2
3.28966612E+5	3.31615917E+1	-1.82026850E-9	3.26532757E+1	4.07407827E+0	3.29064522E+1	1.24126368E-1
3.52740116E+5	3.32254035E+1	-2.10590063E-9	3.24451487E+1	5.03144386E+0	3.28329584E+1	1.53849906E-1
3.78231664E+5	3.33567769E+1	-2.35751421E-9	3.22310640E+1	6.02352517E+0	3.27890897E+1	1.84754461E-1
4.05565415E+5	3.35529905E+1	-2.57730356E-9	3.19991236E+1	7.05140451E+0	3.27668474E+1	2.16895977E-1
4.34874501E+5	3.38445003E+1	-2.76764345E-9	3.17637674E+1	8.12969144E+0	3.27876323E+1	2.50563539E-1
4.66301673E+5	3.42304224E+1	-2.92821405E-9	3.15126734E+1	9.25437648E+0	3.28434486E+1	2.85640833E-1
5.00000000E+5	3.47248195E+1	-3.06013851E-9	3.12429382E+1	1.04299612E+1	3.29379018E+1	3.22201296E-1
