Start time:20240906_00-15-45	sweep/start:500.000	sweep/stop:500000.000	sweep/samplecount:100.000	sweep/xmapping:1.000	sweep/scan:0.000	sweep/averaging/sample:10.000	sweep/settling/time:0.100	sweep/settling/inaccuracy:0.010	sweep/awgcontrol:0.000	sweep/averaging/time:0.100	sweep/averaging/tc:15.000	sweep/bandwidthcontrol:2.000	sweep/sincfilter:0.000	sweep/omegasuppression:80.000	sweep/maxbandwidth:100.000	sweep/bandwidth:1250000.000	sweep/order:8.000	sweep/bandwidthoverlap:1.000																				
Frequency	Param0		Param1		RealZ		ImagZ		AbsZ		PhaseZ		
5.00000000E+2	1.11357346E+3	7.59886665E-7	1.38040599E+2	-3.66964729E+2	3.92069283E+2	-1.21100155E+0
5.36133611E+2	1.01124057E+3	7.44542654E-7	1.36052770E+2	-3.45067668E+2	3.70920552E+2	-1.19523197E+0
5.74878498E+2	9.20240627E+2	7.28431685E-7	1.34094512E+2	-3.24681174E+2	3.51282230E+2	-1.17913040E+0
6.16423370E+2	8.39297405E+2	7.11767301E-7	1.32103118E+2	-3.05651023E+2	3.32977154E+2	-1.16284099E+0
6.60970574E+2	7.67025464E+2	6.94444986E-7	1.30147801E+2	-2.87903131E+2	3.15953581E+2	-1.14623550E+0
7.08737081E+2	7.02670955E+2	6.76557908E-7	1.28184581E+2	-2.71367424E+2	3.00119257E+2	-1.12949979E+0
7.59955541E+2	6.45037677E+2	6.58196979E-7	1.26236033E+2	-2.55912970E+2	2.85354143E+2	-1.11254140E+0
8.14875417E+2	5.93918833E+2	6.39388492E-7	1.24243071E+2	-2.41565623E+2	2.71643688E+2	-1.09575505E+0
8.73764200E+2	5.47966812E+2	6.20358937E-7	1.22234504E+2	-2.28120954E+2	2.58805806E+2	-1.07889570E+0
9.36908711E+2	5.06805114E+2	6.01010212E-7	1.20234456E+2	-2.15590140E+2	2.46851036E+2	-1.06206122E+0
1.00461650E+3	4.69868847E+2	5.81552867E-7	1.18204969E+2	-2.03883332E+2	2.35671018E+2	-1.04538639E+0
1.07721735E+3	4.36625584E+2	5.62000540E-7	1.16173068E+2	-1.92945457E+2	2.25220185E+2	-1.02883182E+0
1.15506485E+3	4.06661892E+2	5.42485981E-7	1.14121863E+2	-1.82716203E+2	2.15427508E+2	-1.01249525E+0
1.23853818E+3	3.79594953E+2	5.23032547E-7	1.12069658E+2	-1.73151569E+2	2.06254878E+2	-9.96367725E-1
1.32804389E+3	3.55081432E+2	5.03697015E-7	1.10024207E+2	-1.64201784E+2	1.97655135E+2	-9.80451699E-1
1.42401793E+3	3.32868714E+2	4.84678272E-7	1.07943155E+2	-1.55817756E+2	1.89554473E+2	-9.64950973E-1
1.52692775E+3	3.12620131E+2	4.65906548E-7	1.05877200E+2	-1.47950539E+2	1.81932250E+2	-9.49660149E-1
1.63727458E+3	2.94108925E+2	4.47449195E-7	1.03823998E+2	-1.40556540E+2	1.74744281E+2	-9.34590090E-1
1.75559587E+3	2.77225875E+2	4.29376230E-7	1.01769376E+2	-1.33626710E+2	1.67967567E+2	-9.19915904E-1
1.88246790E+3	2.61724142E+2	4.11709472E-7	9.97284806E+1	-1.27104605E+2	1.61559125E+2	-9.05505670E-1
2.01850863E+3	2.47480010E+2	3.94462349E-7	9.77063965E+1	-1.20970407E+2	1.55500417E+2	-8.91384881E-1
2.16438064E+3	2.34342910E+2	3.77705153E-7	9.56933843E+1	-1.15186118E+2	1.49750011E+2	-8.77571651E-1
2.32079442E+3	2.22208971E+2	3.61409718E-7	9.37047351E+1	-1.09733563E+2	1.44298415E+2	-8.64025362E-1
2.48851178E+3	2.10971709E+2	3.45612278E-7	9.17360753E+1	-1.04585892E+2	1.39117635E+2	-8.50757706E-1
2.66834962E+3	2.00550837E+2	3.30273404E-7	8.98033483E+1	-9.97271031E+1	1.34201850E+2	-8.37710081E-1
2.86118383E+3	1.90857977E+2	3.15448604E-7	8.78936693E+1	-9.51310188E+1	1.29519141E+2	-8.24920596E-1
3.06795364E+3	1.81829971E+2	3.01080961E-7	8.60258886E+1	-9.07834302E+1	1.25068320E+2	-8.12299424E-1
3.28966612E+3	1.73411144E+2	2.87199360E-7	8.41922895E+1	-8.66691377E+1	1.20829968E+2	-7.99893388E-1
3.52740116E+3	1.65558614E+2	2.73789039E-7	8.23976088E+1	-8.27784260E+1	1.16797405E+2	-7.87703682E-1
3.78231664E+3	1.58193447E+2	2.60868763E-7	8.06358075E+1	-7.90817474E+1	1.12942712E+2	-7.75668417E-1
4.05565415E+3	1.51301234E+2	2.48403591E-7	7.89162323E+1	-7.55801001E+1	1.09270871E+2	-7.63807916E-1
4.34874501E+3	1.44829529E+2	2.36412513E-7	7.72312326E+1	-7.22544091E+1	1.05760876E+2	-7.52117469E-1
4.66301673E+3	1.38752474E+2	2.24850660E-7	7.55924798E+1	-6.90971815E+1	1.02414079E+2	-7.40537042E-1
5.00000000E+3	1.33046463E+2	2.13727810E-7	7.39949854E+1	-6.61022933E+1	9.92208198E+1	-7.29120427E-1
5.36133611E+3	1.27678194E+2	2.03035555E-7	7.24383807E+1	-6.32572722E+1	9.61706896E+1	-7.17841562E-1
5.74878498E+3	1.22619751E+2	1.92796599E-7	7.09123065E+1	-6.05532340E+1	9.32483211E+1	-7.06763774E-1
6.16423370E+3	1.17838695E+2	1.82935092E-7	6.94358044E+1	-5.79732143E+1	9.04556496E+1	-6.95672856E-1
6.60970574E+3	1.13324465E+2	1.73496546E-7	6.79919063E+1	-5.55179880E+1	8.77789631E+1	-6.84744166E-1
7.08737081E+3	1.09063443E+2	1.64438655E-7	6.65907264E+1	-5.31816605E+1	8.52209710E+1	-6.73907848E-1
7.59955541E+3	1.05024258E+2	1.55790738E-7	6.52171611E+1	-5.09519953E+1	8.27610050E+1	-6.63213356E-1
8.14875417E+3	1.01198907E+2	1.47484777E-7	6.38895350E+1	-4.88229291E+1	8.04086507E+1	-6.52512974E-1
8.73764200E+3	9.75746347E+1	1.39548665E-7	6.25951113E+1	-4.67925970E+1	7.81517441E+1	-6.41927386E-1
9.36908711E+3	9.41267328E+1	1.31954734E-7	6.13362687E+1	-4.48469027E+1	7.59827781E+1	-6.31337012E-1
1.00461650E+4	9.08573329E+1	1.24699531E-7	6.01123776E+1	-4.29901422E+1	7.39029789E+1	-6.20830083E-1
1.07721735E+4	8.77452702E+1	1.17755748E-7	5.89259081E+1	-4.12093077E+1	7.19059783E+1	-6.10283593E-1
1.15506485E+4	8.47875041E+1	1.11122806E-7	5.77742507E+1	-3.95053216E+1	6.99895314E+1	-5.99762153E-1
1.23853818E+4	8.19610177E+1	1.04782757E-7	5.66555111E+1	-3.78641832E+1	6.81435495E+1	-5.89148443E-1
1.32804389E+4	7.92684628E+1	9.87316663E-8	5.55692876E+1	-3.62897542E+1	6.63693604E+1	-5.78519259E-1
1.42401793E+4	7.67090496E+1	9.29461379E-8	5.45213180E+1	-3.47808043E+1	6.46705379E+1	-5.67843569E-1
1.52692775E+4	7.42566666E+1	8.74201432E-8	5.35038970E+1	-3.33219749E+1	6.30319048E+1	-5.57012333E-1
1.63727458E+4	7.19256529E+1	8.21424316E-8	5.25231979E+1	-3.19230159E+1	6.14635282E+1	-5.46126945E-1
1.75559587E+4	6.96925604E+1	7.71015214E-8	5.15735456E+1	-3.05689675E+1	5.99524180E+1	-5.35053602E-1
1.88246790E+4	6.75673143E+1	7.22943979E-8	5.06574288E+1	-2.92679220E+1	5.85045844E+1	-5.23907288E-1
2.01850863E+4	6.55433445E+1	6.77024829E-8	4.97774119E+1	-2.80140552E+1	5.71189815E+1	-5.12607069E-1
2.16438064E+4	6.36068312E+1	6.33200747E-8	4.89284324E+1	-2.67990858E+1	5.57869387E+1	-5.01091124E-1
2.32079442E+4	6.17625789E+1	5.91424186E-8	4.81123803E+1	-2.56270067E+1	5.45118764E+1	-4.89424312E-1
2.48851178E+4	6.00005812E+1	5.51560730E-8	4.73282336E+1	-2.44899927E+1	5.32890374E+1	-4.77509921E-1
2.66834962E+4	5.83255126E+1	5.13672628E-8	4.65743251E+1	-2.33945208E+1	5.21197792E+1	-4.65489984E-1
2.86118383E+4	5.67318564E+1	4.77582372E-8	4.58532763E+1	-2.23342455E+1	5.10033478E+1	-4.53258845E-1
3.06795364E+4	5.52124598E+1	4.43275253E-8	4.51607557E+1	-2.13059272E+1	4.99343209E+1	-4.40817574E-1
3.28966612E+4	5.37730453E+1	4.10738742E-8	4.44989113E+1	-2.03147446E+1	4.89166840E+1	-4.28264607E-1
3.52740116E+4	5.23995894E+1	3.79810764E-8	4.38650780E+1	-1.93485657E+1	4.79428000E+1	-4.15421971E-1
3.78231664E+4	5.10990677E+1	3.50562693E-8	4.32591601E+1	-1.84159658E+1	4.70159839E+1	-4.02473999E-1
4.05565415E+4	4.98657287E+1	3.22877725E-8	4.26811938E+1	-1.75112675E+1	4.61338143E+1	-3.89337463E-1
4.34874501E+4	4.86936736E+1	2.96745909E-8	4.21267737E+1	-1.66325669E+1	4.52913608E+1	-3.76034423E-1
4.66301673E+4	4.75850784E+1	2.72101891E-8	4.15985312E+1	-1.57807335E+1	4.44912280E+1	-3.62585854E-1
5.00000000E+4	4.65342801E+1	2.48855104E-8	4.10951498E+1	-1.49506470E+1	4.37302322E+1	-3.48920497E-1
5.36133611E+4	4.55389584E+1	2.27035745E-8	4.06126479E+1	-1.41446280E+1	4.30053215E+1	-3.35142915E-1
5.74878498E+4	4.45961771E+1	2.06566956E-8	4.01506667E+1	-1.33600220E+1	4.23150829E+1	-3.21222943E-1
6.16423370E+4	4.37063101E+1	1.87365253E-8	3.97114624E+1	-1.25952861E+1	4.16610309E+1	-3.07133750E-1
6.60970574E+4	4.28639038E+1	1.69399036E-8	3.92909916E+1	-1.18483435E+1	4.10385829E+1	-2.92881589E-1
7.08737081E+4	4.20681058E+1	1.52579468E-8	3.88906914E+1	-1.11162867E+1	4.04482103E+1	-2.78410450E-1
7.59955541E+4	4.13165960E+1	1.36926619E-8	3.85066574E+1	-1.04019868E+1	3.98868902E+1	-2.63837435E-1
8.14875417E+4	4.06047366E+1	1.22327737E-8	3.81381034E+1	-9.69910823E+0	3.93520983E+1	-2.49036106E-1
8.73764200E+4	3.99366995E+1	1.08737110E-8	3.77888125E+1	-9.00922244E+0	3.88479143E+1	-2.34040827E-1
9.36908711E+4	3.93039455E+1	9.61161032E-9	3.74517328E+1	-8.32877961E+0	3.83666634E+1	-2.18825990E-1
1.00461650E+5	3.87061955E+1	8.43964930E-9	3.71276132E+1	-7.65565023E+0	3.79086884E+1	-2.03348287E-1
1.07721735E+5	3.81456850E+1	7.35353545E-9	3.68185462E+1	-6.99022970E+0	3.74762414E+1	-1.87623165E-1
1.15506485E+5	3.76191738E+1	6.34755429E-9	3.65222870E+1	-6.32936118E+0	3.70666732E+1	-1.71597005E-1
1.23853818E+5	3.71225035E+1	5.41671023E-9	3.62352344E+1	-5.67013233E+0	3.66761859E+1	-1.55222408E-1
1.32804389E+5	3.66571834E+1	4.55861677E-9	3.59580345E+1	-5.01395385E+0	3.63059260E+1	-1.38545721E-1
1.42401793E+5	3.62235820E+1	3.76219778E-9	3.56928947E+1	-4.35221271E+0	3.59572593E+1	-1.21336007E-1
1.52692775E+5	3.58199830E+1	3.02907731E-9	3.54359990E+1	-3.68874616E+0	3.56274737E+1	-1.03722443E-1
1.63727458E+5	3.54451172E+1	2.35355696E-9	3.51859769E+1	-3.01961887E+0	3.53153093E+1	-8.56090601E-2
1.75559587E+5	3.51021920E+1	1.73297444E-9	3.49448497E+1	-2.34484410E+0	3.50234325E+1	-6.70008413E-2
1.88246790E+5	3.47957815E+1	1.16880400E-9	3.47091396E+1	-1.66944566E+0	3.47524262E+1	-4.80593103E-2
2.01850863E+5	3.45048848E+1	6.34208517E-10	3.44783267E+1	-9.56906054E-1	3.44916032E+1	-2.77467201E-2
2.16438064E+5	3.42534765E+1	1.51961760E-10	3.42517599E+1	-2.42457151E-1	3.42526182E+1	-7.07856193E-3
2.32079442E+5	3.40360450E+1	-2.89523903E-10	3.40290184E+1	4.88978055E-1	3.40325315E+1	1.43684562E-2
2.48851178E+5	3.38523895E+1	-6.94630561E-10	3.38066878E+1	1.24298342E+0	3.38295309E+1	3.67508308E-2
2.66834962E+5	3.37079602E+1	-1.06164929E-9	3.35870518E+1	2.01515481E+0	3.36474517E+1	5.99260997E-2
2.86118383E+5	3.36049136E+1	-1.39991258E-9	3.33662604E+1	2.82186906E+0	3.34853744E+1	8.43717552E-2
3.06795364E+5	3.35474449E+1	-1.70470305E-9	3.31446465E+1	3.65384586E+0	3.33454375E+1	1.09796058E-1
3.28966612E+5	3.35389494E+1	-1.97946937E-9	3.29190673E+1	4.51728538E+0	3.32275628E+1	1.36372234E-1
3.52740116E+5	3.35864352E+1	-2.22668731E-9	3.26883668E+1	5.41815003E+0	3.31343585E+1	1.64258244E-1
3.78231664E+5	3.36972291E+1	-2.44817257E-9	3.24499523E+1	6.36191698E+0	3.30677104E+1	1.93597698E-1
4.05565415E+5	3.38728219E+1	-2.64118943E-9	3.21993036E+1	7.34071190E+0	3.30254640E+1	2.24146510E-1
4.34874501E+5	3.41379479E+1	-2.81117717E-9	3.19416243E+1	8.37580308E+0	3.30215309E+1	2.56448411E-1
4.66301673E+5	3.44946654E+1	-2.95556940E-9	3.16690362E+1	9.45964328E+0	3.30516686E+1	2.90266671E-1
5.00000000E+5	3.49540670E+1	-3.07545305E-9	3.13755352E+1	1.05961411E+1	3.31164996E+1	3.25693236E-1
