Start time:20240904_18-09-16	sweep/start:500.000	sweep/stop:500000.000	sweep/samplecount:100.000	sweep/xmapping:1.000	sweep/scan:0.000	sweep/averaging/sample:10.000	sweep/settling/time:0.100	sweep/settling/inaccuracy:0.010	sweep/awgcontrol:0.000	sweep/averaging/time:0.100	sweep/averaging/tc:15.000	sweep/bandwidthcontrol:2.000	sweep/sincfilter:0.000	sweep/omegasuppression:80.000	sweep/maxbandwidth:100.000	sweep/bandwidth:1250000.000	sweep/order:8.000	sweep/bandwidthoverlap:1.000																				
Frequency	Param0		Param1		RealZ		ImagZ		AbsZ		PhaseZ		
5.00000000E+2	1.07706812E+3	6.98050497E-7	1.63711971E+2	-3.86687613E+2	4.19915376E+2	-1.17030703E+0
5.36133611E+2	9.80999259E+2	6.81917884E-7	1.61397137E+2	-3.63705115E+2	3.97907591E+2	-1.15314518E+0
5.74878498E+2	8.95072976E+2	6.65120956E-7	1.59148725E+2	-3.42230014E+2	3.77425096E+2	-1.13551037E+0
6.16423370E+2	8.18476168E+2	6.47570335E-7	1.56973914E+2	-3.22239942E+2	3.58440223E+2	-1.11749468E+0
6.60970574E+2	7.50198122E+2	6.29320092E-7	1.54861517E+2	-3.03635811E+2	3.40847180E+2	-1.09916180E+0
7.08737081E+2	6.89375640E+2	6.10625353E-7	1.52722264E+2	-2.86284647E+2	3.24473409E+2	-1.08073807E+0
7.59955541E+2	6.35020490E+2	5.91358008E-7	1.50648953E+2	-2.70129697E+2	3.09297855E+2	-1.06206736E+0
8.14875417E+2	5.86583059E+2	5.71605363E-7	1.48611429E+2	-2.55122679E+2	2.95250640E+2	-1.04333664E+0
8.73764200E+2	5.43331174E+2	5.51604619E-7	1.46557883E+2	-2.41143622E+2	2.82186927E+2	-1.02468915E+0
9.36908711E+2	5.04629475E+2	5.31431613E-7	1.44499181E+2	-2.28119548E+2	2.70034336E+2	-1.00615352E+0
1.00461650E+3	4.70039604E+2	5.11042076E-7	1.42478598E+2	-2.16033393E+2	2.58786746E+2	-9.87756925E-1
1.07721735E+3	4.39164240E+2	4.90821654E-7	1.40376631E+2	-2.04799399E+2	2.48290946E+2	-9.69912705E-1
1.15506485E+3	4.11432368E+2	4.70656413E-7	1.38294430E+2	-1.94353935E+2	2.38534699E+2	-9.52354224E-1
1.23853818E+3	3.86509069E+2	4.50698123E-7	1.36206110E+2	-1.84642329E+2	2.29444753E+2	-9.35229716E-1
1.32804389E+3	3.64105981E+2	4.31123038E-7	1.34074191E+2	-1.75616981E+2	2.20946178E+2	-9.18744779E-1
1.42401793E+3	3.43893984E+2	4.12047266E-7	1.31889676E+2	-1.67215962E+2	2.12969634E+2	-9.02959941E-1
1.52692775E+3	3.25651778E+2	3.93402838E-7	1.29705506E+2	-1.59421797E+2	2.05520870E+2	-8.87817797E-1
1.63727458E+3	3.09064618E+2	3.75411113E-7	1.27466445E+2	-1.52143593E+2	1.98482664E+2	-8.73425671E-1
1.75559587E+3	2.94043882E+2	3.58060929E-7	1.25189076E+2	-1.45391802E+2	1.91862141E+2	-8.59924163E-1
1.88246790E+3	2.80291071E+2	3.41429934E-7	1.22866885E+2	-1.39076304E+2	1.85576103E+2	-8.47200788E-1
2.01850863E+3	2.67739167E+2	3.25524870E-7	1.20503538E+2	-1.33200652E+2	1.79620480E+2	-8.35403365E-1
2.16438064E+3	2.56163392E+2	3.10385342E-7	1.18094883E+2	-1.27691754E+2	1.73929829E+2	-8.24423875E-1
2.32079442E+3	2.45491419E+2	2.95980324E-7	1.15655101E+2	-1.22540736E+2	1.68500251E+2	-8.14297564E-1
2.48851178E+3	2.35588266E+2	2.82347753E-7	1.13169971E+2	-1.17703331E+2	1.63283547E+2	-8.05031348E-1
2.66834962E+3	2.26356601E+2	2.69442071E-7	1.10655779E+2	-1.13150184E+2	1.58264544E+2	-7.96543095E-1
2.86118383E+3	2.17709460E+2	2.57241330E-7	1.08116917E+2	-1.08852228E+2	1.53421236E+2	-7.88787165E-1
3.06795364E+3	2.09571653E+2	2.45749123E-7	1.05545073E+2	-1.04783075E+2	1.48725436E+2	-7.81775274E-1
3.28966612E+3	2.01879416E+2	2.34894904E-7	1.02962133E+2	-1.00919444E+2	1.44173281E+2	-7.75379504E-1
3.52740116E+3	1.94579385E+2	2.24641914E-7	1.00375099E+2	-9.72407546E+1	1.39753086E+2	-7.69538700E-1
3.78231664E+3	1.87598169E+2	2.14984574E-7	9.77764290E+1	-9.37147205E+1	1.35435147E+2	-7.64190396E-1
4.05565415E+3	1.80926830E+2	2.05843749E-7	9.51913729E+1	-9.03397792E+1	1.31235183E+2	-7.59254370E-1
4.34874501E+3	1.74509665E+2	1.97205489E-7	9.26159703E+1	-8.70899762E+1	1.27131357E+2	-7.54657650E-1
4.66301673E+3	1.68333139E+2	1.88992008E-7	9.00755249E+1	-8.39588925E+1	1.23136899E+2	-7.50266517E-1
5.00000000E+3	1.62379125E+2	1.81190046E-7	8.75672514E+1	-8.09386803E+1	1.19243841E+2	-7.46081120E-1
5.36133611E+3	1.56620900E+2	1.73783446E-7	8.50893838E+1	-7.80164886E+1	1.15441655E+2	-7.42061483E-1
5.74878498E+3	1.51015345E+2	1.66714775E-7	8.26578351E+1	-7.51683689E+1	1.11725563E+2	-7.37979853E-1
6.16423370E+3	1.45603583E+2	1.59931211E-7	8.02911233E+1	-7.24155418E+1	1.08123426E+2	-7.33870549E-1
6.60970574E+3	1.40338305E+2	1.53440510E-7	7.79763749E+1	-6.97334722E+1	1.04609140E+2	-7.29651291E-1
7.08737081E+3	1.35237553E+2	1.47205584E-7	7.57246987E+1	-6.71311618E+1	1.01196951E+2	-7.25315269E-1
7.59955541E+3	1.30268974E+2	1.41200469E-7	7.35393310E+1	-6.45899364E+1	9.78769285E+1	-7.20698597E-1
8.14875417E+3	1.25458385E+2	1.35411247E-7	7.14222302E+1	-6.21239297E+1	9.46600108E+1	-7.15884231E-1
8.73764200E+3	1.20791878E+2	1.29803950E-7	6.93820168E+1	-5.97236955E+1	9.15466224E+1	-7.10727849E-1
9.36908711E+3	1.16265108E+2	1.24377885E-7	6.74130150E+1	-5.73869918E+1	8.85312456E+1	-7.05233608E-1
1.00461650E+4	1.11879363E+2	1.19124002E-7	6.55140423E+1	-5.51142407E+1	8.56134878E+1	-6.99397194E-1
1.07721735E+4	1.07639533E+2	1.14002607E-7	6.36985880E+1	-5.29053506E+1	8.28039024E+1	-6.93097940E-1
1.15506485E+4	1.03538422E+2	1.09039295E-7	6.19493984E+1	-5.07583976E+1	8.00883444E+1	-6.86430388E-1
1.23853818E+4	9.95825100E+1	1.04200897E-7	6.02777790E+1	-4.86744478E+1	7.74765289E+1	-6.79298829E-1
1.32804389E+4	9.57546288E+1	9.94901471E-8	5.86759409E+1	-4.66436156E+1	7.49566070E+1	-6.71645478E-1
1.42401793E+4	9.20754845E+1	9.48975189E-8	5.71468956E+1	-4.46772917E+1	7.25384594E+1	-6.63542798E-1
1.52692775E+4	8.85292113E+1	9.04208238E-8	5.56856560E+1	-4.27658144E+1	7.02125857E+1	-6.54913242E-1
1.63727458E+4	8.51280149E+1	8.60485105E-8	5.42959804E+1	-4.09152231E+1	6.79860942E+1	-6.45774962E-1
1.75559587E+4	8.18622783E+1	8.17768806E-8	5.29749172E+1	-3.91191192E+1	6.58532261E+1	-6.36065486E-1
1.88246790E+4	7.87313486E+1	7.76238777E-8	5.17112882E+1	-3.73797009E+1	6.38067350E+1	-6.25899986E-1
2.01850863E+4	7.57307340E+1	7.35503226E-8	5.05195233E+1	-3.56883497E+1	6.18537030E+1	-6.15026303E-1
2.16438064E+4	7.28712416E+1	6.95874930E-8	4.93856127E+1	-3.40566017E+1	5.99899233E+1	-6.03715829E-1
2.32079442E+4	7.01400823E+1	6.57263611E-8	4.83090839E+1	-3.24751514E+1	5.82099914E+1	-5.91849051E-1
2.48851178E+4	6.75350866E+1	6.19708448E-8	4.72859973E+1	-3.09434681E+1	5.65107412E+1	-5.79454914E-1
2.66834962E+4	6.50655692E+1	5.83056161E-8	4.63249657E+1	-2.94645168E+1	5.49013683E+1	-5.66498607E-1
2.86118383E+4	6.27152372E+1	5.47514688E-8	4.54110700E+1	-2.80321371E+1	5.33663378E+1	-5.53041206E-1
3.06795364E+4	6.04869711E+1	5.12949811E-8	4.45507386E+1	-2.66452794E+1	5.19108778E+1	-5.39012716E-1
3.28966612E+4	5.83853015E+1	4.79483504E-8	4.37400443E+1	-2.53097644E+1	5.05348956E+1	-5.24565965E-1
3.52740116E+4	5.63903259E+1	4.47160598E-8	4.29698114E+1	-2.40140989E+1	4.92248074E+1	-5.09619883E-1
3.78231664E+4	5.45117854E+1	4.15903392E-8	4.22474996E+1	-2.27625874E+1	4.79894429E+1	-4.94197014E-1
4.05565415E+4	5.27455895E+1	3.85821672E-8	4.15672273E+1	-2.15558225E+1	4.68240098E+1	-4.78398794E-1
4.34874501E+4	5.10825791E+1	3.56946471E-8	4.09242894E+1	-2.03892316E+1	4.57221855E+1	-4.62221269E-1
4.66301673E+4	4.95245850E+1	3.29248926E-8	4.03217181E+1	-1.92633172E+1	4.46868700E+1	-4.45681953E-1
5.00000000E+4	4.80584321E+1	3.02750075E-8	3.97527602E+1	-1.81706729E+1	4.37087557E+1	-4.28736049E-1
5.36133611E+4	4.66848697E+1	2.77489871E-8	3.92165662E+1	-1.71137724E+1	4.27880858E+1	-4.11479568E-1
5.74878498E+4	4.54011894E+1	2.53475000E-8	3.87121480E+1	-1.60918347E+1	4.19234727E+1	-3.93949433E-1
6.16423370E+4	4.42025348E+1	2.30701032E-8	3.82376442E+1	-1.51024289E+1	4.11120517E+1	-3.76156026E-1
6.60970574E+4	4.30859462E+1	2.09143561E-8	3.77930197E+1	-1.41433965E+1	4.03527944E+1	-3.58098095E-1
7.08737081E+4	4.20438052E+1	1.88829702E-8	3.73726089E+1	-1.32126752E+1	3.96394587E+1	-3.39824128E-1
7.59955541E+4	4.10722149E+1	1.69718842E-8	3.69757480E+1	-1.23073118E+1	3.89701920E+1	-3.21313886E-1
8.14875417E+4	4.01721847E+1	1.51798593E-8	3.66039264E+1	-1.14285717E+1	3.83465734E+1	-3.02632093E-1
8.73764200E+4	3.93338710E+1	1.35012182E-8	3.62523593E+1	-1.05693926E+1	3.77616952E+1	-2.83687026E-1
9.36908711E+4	3.85570374E+1	1.19373021E-8	3.59200337E+1	-9.73248440E+0	3.72151862E+1	-2.64595811E-1
1.00461650E+5	3.78372761E+1	1.04798536E-8	3.56065780E+1	-8.91221165E+0	3.67049850E+1	-2.45257961E-1
1.07721735E+5	3.71712149E+1	9.12619218E-9	3.53097542E+1	-8.10726300E+0	3.62285310E+1	-2.25692311E-1
1.15506485E+5	3.65574332E+1	7.87077706E-9	3.50298752E+1	-7.31506398E+0	3.57855044E+1	-2.05865198E-1
1.23853818E+5	3.59915068E+1	6.71319618E-9	3.47625162E+1	-6.53626782E+0	3.53716743E+1	-1.85856341E-1
1.32804389E+5	3.54704813E+1	5.64936390E-9	3.45057376E+1	-5.76966186E+0	3.49847841E+1	-1.65676037E-1
1.42401793E+5	3.49952133E+1	4.65770073E-9	3.42663942E+1	-4.99739817E+0	3.46288864E+1	-1.44818662E-1
1.52692775E+5	3.45630072E+1	3.75217541E-9	3.40361097E+1	-4.23480024E+0	3.42985467E+1	-1.23784671E-1
1.63727458E+5	3.41714438E+1	2.92300349E-9	3.38144256E+1	-3.47452974E+0	3.39924660E+1	-1.02393533E-1
1.75559587E+5	3.38217943E+1	2.16299233E-9	3.36029726E+1	-2.71165061E+0	3.37122059E+1	-8.05222645E-2
1.88246790E+5	3.35218869E+1	1.46440909E-9	3.34035239E+1	-1.93922470E+0	3.34626433E+1	-5.79882274E-2
2.01850863E+5	3.32411676E+1	8.35786714E-10	3.31999479E+1	-1.16982135E+0	3.32205514E+1	-3.52210693E-2
2.16438064E+5	3.30099531E+1	2.62576449E-10	3.30053669E+1	-3.89043856E-1	3.30076599E+1	-1.17867474E-2
2.32079442E+5	3.28216640E+1	-2.60287630E-10	3.28165710E+1	4.08812047E-1	3.28191174E+1	1.24568464E-2
2.48851178E+5	3.26734934E+1	-7.32395743E-10	3.26278146E+1	1.22081242E+0	3.26506460E+1	3.73988634E-2
2.66834962E+5	3.25760930E+1	-1.15620594E-9	3.24467052E+1	2.04893089E+0	3.25113347E+1	6.30638465E-2
2.86118383E+5	3.25211832E+1	-1.53947924E-9	3.22598496E+1	2.90354204E+0	3.23902528E+1	8.97629598E-2
3.06795364E+5	3.25218605E+1	-1.88276053E-9	3.20750068E+1	3.78587141E+0	3.22976609E+1	1.17488238E-1
3.28966612E+5	3.25724352E+1	-2.18547922E-9	3.18821849E+1	4.69112100E+0	3.22254619E+1	1.46090989E-1
3.52740116E+5	3.26932981E+1	-2.45240668E-9	3.16925387E+1	5.63174440E+0	3.21890294E+1	1.75863630E-1
3.78231664E+5	3.28782330E+1	-2.68664922E-9	3.14905341E+1	6.61054361E+0	3.21769034E+1	2.06917118E-1
4.05565415E+5	3.31421750E+1	-2.88771802E-9	3.12816194E+1	7.62896717E+0	3.21984612E+1	2.39210602E-1
4.34874501E+5	3.34875353E+1	-3.05636509E-9	3.10584419E+1	8.68584099E+0	3.22501267E+1	2.72694503E-1
4.66301673E+5	3.39402920E+1	-3.19743993E-9	3.08241263E+1	9.80066552E+0	3.23447035E+1	3.07846225E-1
NaN	NaN	NaN	NaN	NaN	NaN	NaN
