Start time:20240905_09-22-46	sweep/start:500.000	sweep/stop:500000.000	sweep/samplecount:100.000	sweep/xmapping:1.000	sweep/scan:0.000	sweep/averaging/sample:10.000	sweep/settling/time:0.100	sweep/settling/inaccuracy:0.010	sweep/awgcontrol:0.000	sweep/averaging/time:0.100	sweep/averaging/tc:15.000	sweep/bandwidthcontrol:2.000	sweep/sincfilter:0.000	sweep/omegasuppression:80.000	sweep/maxbandwidth:100.000	sweep/bandwidth:1250000.000	sweep/order:8.000	sweep/bandwidthoverlap:1.000																				
Frequency	Param0		Param1		RealZ		ImagZ		AbsZ		PhaseZ		
5.00000000E+2	1.12544172E+3	6.81480376E-7	1.65368221E+2	-3.98454042E+2	4.31407320E+2	-1.17740519E+0
5.36133611E+2	1.02282811E+3	6.66122462E-7	1.63190924E+2	-3.74546318E+2	4.08553826E+2	-1.15989524E+0
5.74878498E+2	9.31482947E+2	6.50084399E-7	1.61041726E+2	-3.52240191E+2	3.87308140E+2	-1.14197688E+0
6.16423370E+2	8.50071662E+2	6.33324792E-7	1.58953588E+2	-3.31444834E+2	3.67589342E+2	-1.12361955E+0
6.60970574E+2	7.77482281E+2	6.15835317E-7	1.56941044E+2	-3.12071085E+2	3.49311980E+2	-1.10483013E+0
7.08737081E+2	7.13011406E+2	5.97726237E-7	1.54939615E+2	-2.94053411E+2	3.32375837E+2	-1.08585338E+0
7.59955541E+2	6.55453101E+2	5.78963118E-7	1.53022411E+2	-2.77278101E+2	3.16700183E+2	-1.06651594E+0
8.14875417E+2	6.04284272E+2	5.59780750E-7	1.51086880E+2	-2.61671880E+2	3.02157938E+2	-1.04716731E+0
8.73764200E+2	5.58795915E+2	5.40116446E-7	1.49189254E+2	-2.47202153E+2	2.88732298E+2	-1.02779909E+0
9.36908711E+2	5.18205467E+2	5.20223292E-7	1.47281222E+2	-2.33730973E+2	2.76264236E+2	-1.00851553E+0
1.00461650E+3	4.82026567E+2	5.00117298E-7	1.45385490E+2	-2.21230023E+2	2.64725642E+2	-9.89397956E-1
1.07721735E+3	4.49805877E+2	4.79988798E-7	1.43460533E+2	-2.09638888E+2	2.54026355E+2	-9.70670095E-1
1.15506485E+3	4.21017085E+2	4.59896995E-7	1.41534369E+2	-1.98887927E+2	2.44107325E+2	-9.52308387E-1
1.23853818E+3	3.95293943E+2	4.39977104E-7	1.39590857E+2	-1.88928054E+2	2.34902997E+2	-9.34464818E-1
1.32804389E+3	3.72273391E+2	4.20457333E-7	1.37578625E+2	-1.79691350E+2	2.26311423E+2	-9.17361443E-1
1.42401793E+3	3.51590770E+2	4.01321661E-7	1.35547202E+2	-1.71125975E+2	2.18305162E+2	-9.00897098E-1
1.52692775E+3	3.33041448E+2	3.82757592E-7	1.33446765E+2	-1.63203134E+2	2.10815803E+2	-8.85371792E-1
1.63727458E+3	3.16280296E+2	3.64836983E-7	1.31285147E+2	-1.55843235E+2	2.03771696E+2	-8.70720511E-1
1.75559587E+3	3.01123365E+2	3.47577040E-7	1.29076446E+2	-1.49020816E+2	1.97149519E+2	-8.56992835E-1
1.88246790E+3	2.87381154E+2	3.31070374E-7	1.26800525E+2	-1.42694454E+2	1.90892852E+2	-8.44306644E-1
2.01850863E+3	2.74848274E+2	3.15373335E-7	1.24448593E+2	-1.36810189E+2	1.84944533E+2	-8.32678430E-1
2.16438064E+3	2.63360624E+2	3.00475052E-7	1.22033638E+2	-1.31326484E+2	1.79273128E+2	-8.22060140E-1
2.32079442E+3	2.52791515E+2	2.86406662E-7	1.19545020E+2	-1.26209961E+2	1.73838910E+2	-8.12511781E-1
2.48851178E+3	2.43028840E+2	2.73150952E-7	1.16989364E+2	-1.21430135E+2	1.68617287E+2	-8.04021881E-1
2.66834962E+3	2.33896393E+2	2.60689501E-7	1.14371663E+2	-1.16919809E+2	1.63557694E+2	-7.96414751E-1
2.86118383E+3	2.25376022E+2	2.48996423E-7	1.11695174E+2	-1.12683636E+2	1.58661318E+2	-7.89803461E-1
3.06795364E+3	2.17333549E+2	2.38024720E-7	1.08972663E+2	-1.08666343E+2	1.53894169E+2	-7.83990698E-1
3.28966612E+3	2.09712699E+2	2.27732767E-7	1.06212701E+2	-1.04847575E+2	1.49245275E+2	-7.78930312E-1
3.52740116E+3	2.02441120E+2	2.18089937E-7	1.03418269E+2	-1.01196698E+2	1.44693159E+2	-7.74541262E-1
3.78231664E+3	1.95460966E+2	2.09019967E-7	1.00613313E+2	-9.76879538E+1	1.40235428E+2	-7.70647136E-1
4.05565415E+3	1.88746616E+2	2.00503181E-7	9.77962285E+1	-9.43112118E+1	1.35862825E+2	-7.67259176E-1
4.34874501E+3	1.82249491E+2	1.92477342E-7	9.49853177E+1	-9.10429298E+1	1.31571371E+2	-7.64208920E-1
4.66301673E+3	1.75961456E+2	1.84889604E-7	9.21959108E+1	-8.78796943E+1	1.27369253E+2	-7.61433840E-1
5.00000000E+3	1.69845110E+2	1.77677938E-7	8.94477031E+1	-8.48019062E+1	1.23256866E+2	-7.58742744E-1
5.36133611E+3	1.63879472E+2	1.70834632E-7	8.67353454E+1	-8.17992807E+1	1.19223079E+2	-7.56118399E-1
5.74878498E+3	1.58048026E+2	1.64307699E-7	8.40750602E+1	-7.88624205E+1	1.15273142E+2	-7.53417416E-1
6.16423370E+3	1.52363785E+2	1.58054743E-7	8.14799460E+1	-7.59974422E+1	1.11420792E+2	-7.50597674E-1
6.60970574E+3	1.46811592E+2	1.52054227E-7	7.89525403E+1	-7.31959318E+1	1.07662194E+2	-7.47580735E-1
7.08737081E+3	1.41397469E+2	1.46264658E-7	7.65059993E+1	-7.04598231E+1	1.04008435E+2	-7.44281334E-1
7.59955541E+3	1.36103213E+2	1.40685833E-7	7.41328299E+1	-6.77793465E+1	1.00447580E+2	-7.40657509E-1
8.14875417E+3	1.30950626E+2	1.35270545E-7	7.18501121E+1	-6.51642421E+1	9.69990572E+1	-7.36639981E-1
8.73764200E+3	1.25933029E+2	1.30009901E-7	6.96554441E+1	-6.26102235E+1	9.36585341E+1	-7.32182775E-1
9.36908711E+3	1.21056294E+2	1.24904660E-7	6.75426570E+1	-6.01203223E+1	9.04238006E+1	-7.27323469E-1
1.00461650E+4	1.16322769E+2	1.19920030E-7	6.55226500E+1	-5.76936592E+1	8.73027836E+1	-7.21944870E-1
1.07721735E+4	1.11738123E+2	1.15058707E-7	6.35888897E+1	-5.53331386E+1	8.42929602E+1	-7.16087817E-1
1.15506485E+4	1.07296145E+2	1.10306125E-7	6.17424369E+1	-5.30339222E+1	8.13924164E+1	-7.09669494E-1
1.23853818E+4	1.03000290E+2	1.05656182E-7	5.99812470E+1	-5.07970054E+1	7.86008002E+1	-7.02680796E-1
1.32804389E+4	9.88600439E+1	1.01099714E-7	5.83057178E+1	-4.86266291E+1	7.59217084E+1	-6.95128155E-1
1.42401793E+4	9.48625185E+1	9.66385501E-8	5.67090966E+1	-4.65150090E+1	7.33455364E+1	-6.86960503E-1
1.52692775E+4	9.10193702E+1	9.22681513E-8	5.51905385E+1	-4.44681059E+1	7.08760046E+1	-6.78218864E-1
1.63727458E+4	8.73295541E+1	8.79791353E-8	5.37505620E+1	-4.24839926E+1	6.85128644E+1	-6.68854639E-1
1.75559587E+4	8.37905592E+1	8.37676895E-8	5.23871475E+1	-4.05602651E+1	6.62536668E+1	-6.58835557E-1
1.88246790E+4	8.04039963E+1	7.96314719E-8	5.10985547E+1	-3.86971014E+1	6.40978001E+1	-6.48158828E-1
2.01850863E+4	7.71655723E+1	7.55873113E-8	4.98735301E+1	-3.68937725E+1	6.20364368E+1	-6.36906545E-1
2.16438064E+4	7.40802059E+1	7.16164212E-8	4.87195728E+1	-3.51505216E+1	6.00762513E+1	-6.25001453E-1
2.32079442E+4	7.11402266E+1	6.77246600E-8	4.76306886E+1	-3.34630453E+1	5.82104625E+1	-6.12436804E-1
2.48851178E+4	6.83503339E+1	6.39116962E-8	4.66067900E+1	-3.18338920E+1	5.64410279E+1	-5.99246495E-1
2.66834962E+4	6.56960625E+1	6.01963947E-8	4.56347124E+1	-3.02571297E+1	5.47541862E+1	-5.85479871E-1
2.86118383E+4	6.31859942E+1	5.65618820E-8	4.47239203E+1	-2.87349316E+1	5.31594334E+1	-5.71081767E-1
3.06795364E+4	6.08164006E+1	5.30224104E-8	4.38669638E+1	-2.72675687E+1	5.16510488E+1	-5.56148396E-1
3.28966612E+4	5.85774493E+1	4.95778144E-8	4.30612410E+1	-2.58485427E+1	5.02236762E+1	-5.40620935E-1
3.52740116E+4	5.64725144E+1	4.62335235E-8	4.23060819E+1	-2.44811403E+1	4.88787358E+1	-5.24585879E-1
3.78231664E+4	5.44898030E+1	4.30027518E-8	4.15921687E+1	-2.31611863E+1	4.76061873E+1	-5.08097885E-1
4.05565415E+4	5.26370995E+1	3.98791178E-8	4.09268763E+1	-2.18920720E+1	4.64141364E+1	-4.91181687E-1
4.34874501E+4	5.09017118E+1	3.68616530E-8	4.03071284E+1	-2.06648788E+1	4.52957154E+1	-4.73744401E-1
4.66301673E+4	4.92777822E+1	3.39701342E-8	3.97227908E+1	-1.94820661E+1	4.42430902E+1	-4.55978934E-1
5.00000000E+4	4.77607795E+1	3.12061070E-8	3.91725506E+1	-1.83418323E+1	4.32540350E+1	-4.37911593E-1
5.36133611E+4	4.63490880E+1	2.85655634E-8	3.86591019E+1	-1.72420400E+1	4.23298254E+1	-4.19524287E-1
5.74878498E+4	4.50348815E+1	2.60488887E-8	3.81796748E+1	-1.61780578E+1	4.14658550E+1	-4.00798544E-1
6.16423370E+4	4.38141099E+1	2.36676876E-8	3.77282223E+1	-1.51528780E+1	4.06574529E+1	-3.81912860E-1
6.60970574E+4	4.26792972E+1	2.14107933E-8	3.73064125E+1	-1.41577911E+1	3.99025245E+1	-3.62710203E-1
7.08737081E+4	4.16276262E+1	1.92860341E-8	3.69100025E+1	-1.31957376E+1	3.91979054E+1	-3.43350537E-1
7.59955541E+4	4.06566987E+1	1.72907044E-8	3.65396150E+1	-1.22652616E+1	3.85432240E+1	-3.23852301E-1
8.14875417E+4	3.97571609E+1	1.54203713E-8	3.61912824E+1	-1.13601809E+1	3.79323429E+1	-3.04153198E-1
8.73764200E+4	3.89255732E+1	1.36749472E-8	3.58628068E+1	-1.04804291E+1	3.73628199E+1	-2.84319391E-1
9.36908711E+4	3.81609654E+1	1.20472232E-8	3.55566823E+1	-9.62287150E+0	3.68358158E+1	-2.64303299E-1
1.00461650E+5	3.74573821E+1	1.05382584E-8	3.52678471E+1	-8.78750109E+0	3.63461308E+1	-2.44192303E-1
1.07721735E+5	3.68063821E+1	9.14048495E-9	3.49920350E+1	-7.96791636E+0	3.58877445E+1	-2.23889100E-1
1.15506485E+5	3.62118596E+1	7.84839774E-9	3.47341375E+1	-7.16431369E+0	3.54653029E+1	-2.03408873E-1
1.23853818E+5	3.56669956E+1	6.65866756E-9	3.44889389E+1	-6.37416004E+0	3.50730214E+1	-1.82755315E-1
1.32804389E+5	3.51694139E+1	5.56683757E-9	3.42551696E+1	-5.59618459E+0	3.47092816E+1	-1.61937052E-1
1.42401793E+5	3.47195827E+1	4.55924713E-9	3.40368119E+1	-4.82071917E+0	3.43765022E+1	-1.40696710E-1
1.52692775E+5	3.43142787E+1	3.64132698E-9	3.38281577E+1	-4.05519030E+0	3.40703512E+1	-1.19306863E-1
1.63727458E+5	3.39481504E+1	2.80231246E-9	3.36260845E+1	-3.29086692E+0	3.37867337E+1	-9.75558294E-2
1.75559587E+5	3.36243708E+1	2.03790378E-9	3.34333566E+1	-2.52709869E+0	3.35287277E+1	-7.54426959E-2
1.88246790E+5	3.33519926E+1	1.32261341E-9	3.32560441E+1	-1.73487140E+0	3.33039762E+1	-5.21194944E-2
2.01850863E+5	3.30966078E+1	7.10386343E-10	3.30672056E+1	-9.86020903E-1	3.30819034E+1	-2.98098592E-2
2.16438064E+5	3.28894644E+1	1.38740468E-10	3.28881975E+1	-2.04086410E-1	3.28888310E+1	-6.20537688E-3
2.32079442E+5	3.27272993E+1	-3.77684871E-10	3.27166701E+1	5.89692231E-1	3.27219843E+1	1.80222611E-2
2.48851178E+5	3.26045239E+1	-8.43042545E-10	3.25444102E+1	1.39869604E+0	3.25744532E+1	4.29516396E-2
2.66834962E+5	3.25266529E+1	-1.25938715E-9	3.23739494E+1	2.22339517E+0	3.24502113E+1	6.85708699E-2
2.86118383E+5	3.24970701E+1	-1.63263984E-9	3.22040935E+1	3.07164674E+0	3.23502502E+1	9.50929618E-2
3.06795364E+5	3.25153033E+1	-1.96544354E-9	3.20292308E+1	3.94569545E+0	3.22713519E+1	1.22572890E-1
3.28966612E+5	3.25896959E+1	-2.25781899E-9	3.18528894E+1	4.84451178E+0	3.22191865E+1	1.50933491E-1
3.52740116E+5	3.27251608E+1	-2.51663100E-9	3.16699942E+1	5.78074754E+0	3.21932547E+1	1.80543174E-1
3.78231664E+5	3.29259834E+1	-2.74055386E-9	3.14784013E+1	6.75036972E+0	3.21940571E+1	2.11245113E-1
4.05565415E+5	3.32027755E+1	-2.93349225E-9	3.12760804E+1	7.76269246E+0	3.22250317E+1	2.43282914E-1
4.34874501E+5	3.35674545E+1	-3.09285093E-9	3.10674103E+1	8.81304994E+0	3.22932482E+1	2.76413343E-1
4.66301673E+5	3.40245606E+1	-3.22544952E-9	3.08365143E+1	9.91504741E+0	3.23913390E+1	3.11095609E-1
NaN	NaN	NaN	NaN	NaN	NaN	NaN
