Start time:20240904_18-28-05	sweep/start:500.000	sweep/stop:500000.000	sweep/samplecount:100.000	sweep/xmapping:1.000	sweep/scan:0.000	sweep/averaging/sample:10.000	sweep/settling/time:0.100	sweep/settling/inaccuracy:0.010	sweep/awgcontrol:0.000	sweep/averaging/time:0.100	sweep/averaging/tc:15.000	sweep/bandwidthcontrol:2.000	sweep/sincfilter:0.000	sweep/omegasuppression:80.000	sweep/maxbandwidth:100.000	sweep/bandwidth:1250000.000	sweep/order:8.000	sweep/bandwidthoverlap:1.000																				
Frequency	Param0		Param1		RealZ		ImagZ		AbsZ		PhaseZ		
5.00000000E+2	1.08946825E+3	7.02332411E-7	1.60724360E+2	-3.86357009E+2	4.18454374E+2	-1.17657374E+0
5.36133611E+2	9.91417982E+2	6.86552717E-7	1.58440493E+2	-3.63286837E+2	3.96334104E+2	-1.15953589E+0
5.74878498E+2	9.03932580E+2	6.70028080E-7	1.56228381E+2	-3.41778579E+2	3.75792373E+2	-1.14205039E+0
6.16423370E+2	8.25834746E+2	6.52684969E-7	1.54124178E+2	-3.21755839E+2	3.56764749E+2	-1.12408150E+0
6.60970574E+2	7.56126439E+2	6.34843361E-7	1.52010712E+2	-3.03038012E+2	3.39026988E+2	-1.10585149E+0
7.08737081E+2	6.94062958E+2	6.16312340E-7	1.49953559E+2	-2.85641597E+2	3.22609975E+2	-1.08737206E+0
7.59955541E+2	6.38766077E+2	5.97206349E-7	1.47933043E+2	-2.69463191E+2	3.07399739E+2	-1.06872761E+0
8.14875417E+2	5.89501675E+2	5.77715892E-7	1.45899250E+2	-2.54403719E+2	2.93270942E+2	-1.05009387E+0
8.73764200E+2	5.45438423E+2	5.57809534E-7	1.43913366E+2	-2.40384723E+2	2.80171151E+2	-1.03134847E+0
9.36908711E+2	5.06102352E+2	5.37688025E-7	1.41916140E+2	-2.27340921E+2	2.68000163E+2	-1.01274104E+0
1.00461650E+3	4.70898426E+2	5.17422441E-7	1.39923297E+2	-2.15200196E+2	2.56689804E+2	-9.94280101E-1
1.07721735E+3	4.39443446E+2	4.97169084E-7	1.37901092E+2	-2.03919138E+2	2.46170120E+2	-9.76185807E-1
1.15506485E+3	4.11255002E+2	4.76971243E-7	1.35877851E+2	-1.93436431E+2	2.36390448E+2	-9.58433396E-1
1.23853818E+3	3.85959501E+2	4.56976120E-7	1.33834263E+2	-1.83692659E+2	2.27276492E+2	-9.41147448E-1
1.32804389E+3	3.63203576E+2	4.37307395E-7	1.31760596E+2	-1.74628356E+2	2.18759956E+2	-9.24408659E-1
1.42401793E+3	3.42749984E+2	4.18069986E-7	1.29643946E+2	-1.66216445E+2	2.10797200E+2	-9.08388287E-1
1.52692775E+3	3.24234130E+2	3.99288677E-7	1.27514495E+2	-1.58381197E+2	2.03333594E+2	-8.92946487E-1
1.63727458E+3	3.07472571E+2	3.81095077E-7	1.25342688E+2	-1.51091523E+2	1.96314640E+2	-8.78276513E-1
1.75559587E+3	2.92257648E+2	3.63539588E-7	1.23131100E+2	-1.44307786E+2	1.89699777E+2	-8.64416563E-1
1.88246790E+3	2.78381895E+2	3.46654271E-7	1.20886513E+2	-1.37982125E+2	1.83446494E+2	-8.51342129E-1
2.01850863E+3	2.65698475E+2	3.30513529E-7	1.18591822E+2	-1.32081963E+2	1.77509621E+2	-8.39161820E-1
2.16438064E+3	2.54051814E+2	3.15106569E-7	1.16260953E+2	-1.26568939E+2	1.71861298E+2	-8.27822102E-1
2.32079442E+3	2.43308690E+2	3.00469824E-7	1.13884612E+2	-1.21405973E+2	1.66460552E+2	-8.17353550E-1
2.48851178E+3	2.33355037E+2	2.86583446E-7	1.11472238E+2	-1.16561348E+2	1.61284246E+2	-8.07711834E-1
2.66834962E+3	2.24070394E+2	2.73437564E-7	1.09026629E+2	-1.11994793E+2	1.56299839E+2	-7.98826664E-1
2.86118383E+3	2.15413314E+2	2.60987547E-7	1.06561430E+2	-1.07700566E+2	1.51508252E+2	-7.90714675E-1
3.06795364E+3	2.07268579E+2	2.49241735E-7	1.04067896E+2	-1.03633381E+2	1.46867304E+2	-7.83306146E-1
3.28966612E+3	1.99575049E+2	2.38173615E-7	1.01549307E+2	-9.97719694E+1	1.42361188E+2	-7.76570026E-1
3.52740116E+3	1.92285529E+2	2.27702615E-7	9.90310095E+1	-9.60993709E+1	1.37993587E+2	-7.70375294E-1
3.78231664E+3	1.85343870E+2	2.17828550E-7	9.65041104E+1	-9.25926656E+1	1.33740215E+2	-7.64716228E-1
4.05565415E+3	1.78702253E+2	2.08490667E-7	9.39848420E+1	-8.92308930E+1	1.29596693E+2	-7.59456708E-1
4.34874501E+3	1.72333389E+2	1.99647330E-7	9.14818358E+1	-8.60026066E+1	1.25560243E+2	-7.54536363E-1
4.66301673E+3	1.66203060E+2	1.91269658E-7	8.89981561E+1	-8.28920623E+1	1.21621404E+2	-7.49889876E-1
5.00000000E+3	1.60297961E+2	1.83310612E-7	8.65455980E+1	-7.98933180E+1	1.17784052E+2	-7.45451128E-1
5.36133611E+3	1.54590319E+2	1.75735583E-7	8.41303453E+1	-7.69923492E+1	1.14042698E+2	-7.41125494E-1
5.74878498E+3	1.49055865E+2	1.68507998E-7	8.17596983E+1	-7.41762368E+1	1.10393670E+2	-7.36804543E-1
6.16423370E+3	1.43705855E+2	1.61601005E-7	7.94388620E+1	-7.14513588E+1	1.06844885E+2	-7.32511670E-1
6.60970574E+3	1.38500511E+2	1.54986654E-7	7.71710022E+1	-6.87957819E+1	1.03383863E+2	-7.28083427E-1
7.08737081E+3	1.33465565E+2	1.48624667E-7	7.49688750E+1	-6.62225866E+1	1.00028812E+2	-7.23530919E-1
7.59955541E+3	1.28570847E+2	1.42508216E-7	7.28272609E+1	-6.37154033E+1	9.67649863E+1	-7.18764282E-1
8.14875417E+3	1.23826971E+2	1.36611636E-7	7.07522085E+1	-6.12793322E+1	9.36003825E+1	-7.13773823E-1
8.73764200E+3	1.19222277E+2	1.30903725E-7	6.87508800E+1	-5.89063060E+1	9.05352772E+1	-7.08433221E-1
9.36908711E+3	1.14768508E+2	1.25387405E-7	6.68174954E+1	-5.66035913E+1	8.75702247E+1	-7.02829758E-1
1.00461650E+4	1.10451256E+2	1.20035094E-7	6.49577675E+1	-5.43613412E+1	8.47034061E+1	-6.96823077E-1
1.07721735E+4	1.06274707E+2	1.14840098E-7	6.31700274E+1	-5.21816422E+1	8.19351949E+1	-6.90424877E-1
1.15506485E+4	1.02241313E+2	1.09802095E-7	6.14499566E+1	-5.00662264E+1	7.92636375E+1	-6.83669129E-1
1.23853818E+4	9.83434253E+1	1.04888189E-7	5.98068401E+1	-4.80078259E+1	7.66916520E+1	-6.76394017E-1
1.32804389E+4	9.45800154E+1	1.00106841E-7	5.82324185E+1	-4.60066131E+1	7.42133615E+1	-6.68645313E-1
1.42401793E+4	9.09582271E+1	9.54497441E-8	5.67274173E+1	-4.40661481E+1	7.18319239E+1	-6.60436842E-1
1.52692775E+4	8.74708171E+1	9.09115014E-8	5.52895191E+1	-4.21816128E+1	6.95429321E+1	-6.51720278E-1
1.63727458E+4	8.41281075E+1	8.64791766E-8	5.39229213E+1	-4.03577979E+1	6.73530497E+1	-6.42498713E-1
1.75559587E+4	8.09045130E+1	8.21636002E-8	5.26151107E+1	-3.85804344E+1	6.52441559E+1	-6.32699636E-1
1.88246790E+4	7.78360955E+1	7.79534930E-8	5.13753155E+1	-3.68704604E+1	6.32364921E+1	-6.22486050E-1
2.01850863E+4	7.48862994E+1	7.38403861E-8	5.01976626E+1	-3.52038609E+1	6.13116398E+1	-6.11601123E-1
2.16438064E+4	7.20739643E+1	6.98394216E-8	4.90772666E+1	-3.35948661E+1	5.94743066E+1	-6.00267851E-1
2.32079442E+4	6.93928510E+1	6.59315699E-8	4.80196911E+1	-3.20364244E+1	5.77254125E+1	-5.88338408E-1
2.48851178E+4	6.68307500E+1	6.21338621E-8	4.70126097E+1	-3.05237999E+1	5.60525461E+1	-5.75860714E-1
2.66834962E+4	6.43980968E+1	5.84405978E-8	4.60602946E+1	-2.90627687E+1	5.44627882E+1	-5.62882460E-1
2.86118383E+4	6.20910060E+1	5.48509014E-8	4.51614924E+1	-2.76507157E+1	5.29539658E+1	-5.49387731E-1
3.06795364E+4	5.99029712E+1	5.13683159E-8	4.43121884E+1	-2.62842476E+1	5.15211776E+1	-5.35375406E-1
3.28966612E+4	5.78312364E+1	4.79966781E-8	4.35095218E+1	-2.49625906E+1	5.01618324E+1	-5.20877115E-1
3.52740116E+4	5.58796059E+1	4.47383463E-8	4.27541534E+1	-2.36889759E+1	4.88782695E+1	-5.05965859E-1
3.78231664E+4	5.40323024E+1	4.15969039E-8	4.20386120E+1	-2.24543556E+1	4.76596579E+1	-4.90582392E-1
4.05565415E+4	5.22956524E+1	3.85704042E-8	4.13668300E+1	-2.12624249E+1	4.65113466E+1	-4.74782374E-1
4.34874501E+4	5.06607102E+1	3.56633271E-8	4.07335292E+1	-2.01089307E+1	4.54267489E+1	-4.58570983E-1
4.66301673E+4	4.91263059E+1	3.28791088E-8	4.01373255E+1	-1.89945678E+1	4.44049381E+1	-4.42010945E-1
5.00000000E+4	4.76872665E+1	3.02215731E-8	3.95747290E+1	-1.79179084E+1	4.34420377E+1	-4.25147908E-1
5.36133611E+4	4.63382244E+1	2.76862246E-8	3.90455954E+1	-1.68743898E+1	4.25359091E+1	-4.07929176E-1
5.74878498E+4	4.50778472E+1	2.52788605E-8	3.85473311E+1	-1.58661262E+1	4.16848977E+1	-3.90467200E-1
6.16423370E+4	4.38971668E+1	2.29930880E-8	3.80780132E+1	-1.48856237E+1	4.08841888E+1	-3.72658164E-1
6.60970574E+4	4.28002455E+1	2.08352961E-8	3.76379608E+1	-1.39390767E+1	4.01361927E+1	-3.54684422E-1
7.08737081E+4	4.17739745E+1	1.87997584E-8	3.72215697E+1	-1.30172058E+1	3.94321303E+1	-3.36427232E-1
7.59955541E+4	4.08222611E+1	1.68856880E-8	3.68320683E+1	-1.21229965E+1	3.87758727E+1	-3.17974010E-1
8.14875417E+4	3.99337374E+1	1.50944855E-8	3.64608878E+1	-1.12526960E+1	3.81578238E+1	-2.99349598E-1
8.73764200E+4	3.91107728E+1	1.34153010E-8	3.61142314E+1	-1.04027776E+1	3.75826489E+1	-2.80459629E-1
9.36908711E+4	3.83482383E+1	1.18504193E-8	3.57870666E+1	-9.57375654E+0	3.70455255E+1	-2.61398916E-1
1.00461650E+5	3.76400835E+1	1.03937930E-8	3.54766091E+1	-8.76086357E+0	3.65423389E+1	-2.42103763E-1
1.07721735E+5	3.69842514E+1	9.04141551E-9	3.51820864E+1	-7.96265781E+0	3.60719161E+1	-2.22577188E-1
1.15506485E+5	3.63815467E+1	7.78750680E-9	3.49057429E+1	-7.17732672E+0	3.56360059E+1	-2.02793735E-1
1.23853818E+5	3.58260480E+1	6.63117861E-9	3.46420223E+1	-6.40445436E+0	3.52290612E+1	-1.82811191E-1
1.32804389E+5	3.53184287E+1	5.56044196E-9	3.43947872E+1	-5.63631921E+0	3.48535483E+1	-1.62427643E-1
1.42401793E+5	3.48506175E+1	4.58213881E-9	3.41533781E+1	-4.87986383E+0	3.45002365E+1	-1.41920292E-1
1.52692775E+5	3.44257347E+1	3.67780204E-9	3.39251679E+1	-4.12089855E+0	3.41745348E+1	-1.20878050E-1
1.63727458E+5	3.40411747E+1	2.85070605E-9	3.37052707E+1	-3.36477627E+0	3.38728064E+1	-9.94997174E-2
1.75559587E+5	3.36999225E+1	2.09440543E-9	3.34968768E+1	-2.60794496E+0	3.35982463E+1	-7.76996167E-2
1.88246790E+5	3.34162547E+1	1.38175168E-9	3.33104466E+1	-1.81878490E+0	3.33632988E+1	-5.45476760E-2
2.01850863E+5	3.31336713E+1	7.74266202E-10	3.30986321E+1	-1.07691244E+0	3.31161471E+1	-3.25249892E-2
2.16438064E+5	3.29101127E+1	2.01654281E-10	3.29074321E+1	-2.96991726E-1	3.29087724E+1	-9.02481998E-3
2.32079442E+5	3.27279100E+1	-3.16736754E-10	3.27204334E+1	4.94597817E-1	3.27241715E+1	1.51147209E-2
2.48851178E+5	3.25892999E+1	-7.85660095E-10	3.25371512E+1	1.30259343E+0	3.25632151E+1	4.00126640E-2
2.66834962E+5	3.24937233E+1	-1.20949862E-9	3.23532551E+1	2.13179429E+0	3.24234131E+1	6.57960808E-2
2.86118383E+5	3.24506370E+1	-1.58748894E-9	3.21746846E+1	2.97970855E+0	3.23123662E+1	9.23469403E-2
3.06795364E+5	3.24546345E+1	-1.92611772E-9	3.19901270E+1	3.85482022E+0	3.22215437E+1	1.19922110E-1
3.28966612E+5	3.25144328E+1	-2.22645238E-9	3.18023944E+1	4.75861971E+0	3.21564428E+1	1.48528927E-1
3.52740116E+5	3.26377155E+1	-2.48932346E-9	3.16126915E+1	5.69242572E+0	3.21211150E+1	1.78158518E-1
3.78231664E+5	3.28309807E+1	-2.72160566E-9	3.14144564E+1	6.67077539E+0	3.21149094E+1	2.09239298E-1
4.05565415E+5	3.30972540E+1	-2.91806189E-9	3.12070549E+1	7.68033232E+0	3.21382610E+1	2.41313055E-1
4.34874501E+5	3.34535203E+1	-3.08691974E-9	3.09863847E+1	8.74342938E+0	3.21963297E+1	2.75019860E-1
4.66301673E+5	3.39086047E+1	-3.22449536E-9	3.07527226E+1	9.85149382E+0	3.22921339E+1	3.10016240E-1
5.00000000E+5	3.44733429E+1	-3.33256186E-9	3.05002666E+1	1.10081696E+1	3.24260102E+1	3.46370168E-1
