Start time:20240905_15-20-05	sweep/start:500.000	sweep/stop:500000.000	sweep/samplecount:100.000	sweep/xmapping:1.000	sweep/scan:0.000	sweep/averaging/sample:10.000	sweep/settling/time:0.100	sweep/settling/inaccuracy:0.010	sweep/awgcontrol:0.000	sweep/averaging/time:0.100	sweep/averaging/tc:15.000	sweep/bandwidthcontrol:2.000	sweep/sincfilter:0.000	sweep/omegasuppression:80.000	sweep/maxbandwidth:100.000	sweep/bandwidth:1250000.000	sweep/order:8.000	sweep/bandwidthoverlap:1.000																				
Frequency	Param0		Param1		RealZ		ImagZ		AbsZ		PhaseZ		
5.00000000E+2	9.71241244E+2	6.46950125E-7	1.98346601E+2	-3.91536700E+2	4.38910434E+2	-1.10189463E+0
5.36133611E+2	8.91072430E+2	6.27240687E-7	1.96061201E+2	-3.69140481E+2	4.17976912E+2	-1.08255680E+0
5.74878498E+2	8.20069412E+2	6.07104232E-7	1.93686831E+2	-3.48313135E+2	3.98543138E+2	-1.06330403E+0
6.16423370E+2	7.57043621E+2	5.86540003E-7	1.91283446E+2	-3.28968905E+2	3.80538962E+2	-1.04411803E+0
6.60970574E+2	7.00713128E+2	5.65571854E-7	1.88931597E+2	-3.10952861E+2	3.63850018E+2	-1.02481523E+0
7.08737081E+2	6.50852042E+2	5.44363915E-7	1.86529199E+2	-2.94295356E+2	3.48429192E+2	-1.00588229E+0
7.59955541E+2	6.06287826E+2	5.23133142E-7	1.84080420E+2	-2.78783246E+2	3.34074400E+2	-9.87214760E-1
8.14875417E+2	5.66670277E+2	5.01864867E-7	1.81613507E+2	-2.64445653E+2	3.20803634E+2	-9.69004426E-1
8.73764200E+2	5.31209045E+2	4.80807626E-7	1.79089000E+2	-2.51119140E+2	3.08437504E+2	-9.51290335E-1
9.36908711E+2	4.99414094E+2	4.60048424E-7	1.76515589E+2	-2.38739633E+2	2.96908013E+2	-9.34136813E-1
1.00461650E+3	4.71037148E+2	4.39644211E-7	1.73895955E+2	-2.27313977E+2	2.86201765E+2	-9.17762014E-1
1.07721735E+3	4.45501453E+2	4.19915635E-7	1.71135836E+2	-2.16688223E+2	2.76118202E+2	-9.02318774E-1
1.15506485E+3	4.22428663E+2	4.00700697E-7	1.68358311E+2	-2.06820818E+2	2.66682158E+2	-8.87558967E-1
1.23853818E+3	4.01661910E+2	3.82202455E-7	1.65483218E+2	-1.97695741E+2	2.57814474E+2	-8.73862678E-1
1.32804389E+3	3.82763124E+2	3.64494308E-7	1.62513382E+2	-1.89191775E+2	2.49407555E+2	-8.61107601E-1
1.42401793E+3	3.65591829E+2	3.47559728E-7	1.59470511E+2	-1.81301598E+2	2.41456237E+2	-8.49374327E-1
1.52692775E+3	3.49879665E+2	3.31435623E-7	1.56353421E+2	-1.73949671E+2	2.33890746E+2	-8.38620898E-1
1.63727458E+3	3.35409759E+2	3.16213521E-7	1.53122934E+2	-1.67069722E+2	2.26625077E+2	-8.28928134E-1
1.75559587E+3	3.22051841E+2	3.01837353E-7	1.49808428E+2	-1.60634722E+2	2.19649902E+2	-8.20257712E-1
1.88246790E+3	3.09634223E+2	2.88211749E-7	1.46459353E+2	-1.54591347E+2	2.12952641E+2	-8.12403639E-1
2.01850863E+3	2.98047229E+2	2.75413497E-7	1.43028502E+2	-1.48902973E+2	2.06468516E+2	-8.05518223E-1
2.16438064E+3	2.87136335E+2	2.63379236E-7	1.39541728E+2	-1.43511692E+2	2.00168679E+2	-7.99422738E-1
2.32079442E+3	2.76851687E+2	2.52066142E-7	1.36010624E+2	-1.38404768E+2	1.94048371E+2	-7.94122467E-1
2.48851178E+3	2.67098707E+2	2.41435539E-7	1.32444637E+2	-1.33544782E+2	1.88084532E+2	-7.89534189E-1
2.66834962E+3	2.57799333E+2	2.31427988E-7	1.28863970E+2	-1.28899659E+2	1.82266413E+2	-7.85536619E-1
2.86118383E+3	2.48892120E+2	2.21993613E-7	1.25283554E+2	-1.24443241E+2	1.76584510E+2	-7.82033247E-1
3.06795364E+3	2.40330128E+2	2.13101765E-7	1.21707825E+2	-1.20155158E+2	1.71026480E+2	-7.78978639E-1
3.28966612E+3	2.32080871E+2	2.04697280E-7	1.18155539E+2	-1.16021157E+2	1.65594808E+2	-7.76284006E-1
3.52740116E+3	2.24113714E+2	1.96729178E-7	1.14643843E+2	-1.12026989E+2	1.60291164E+2	-7.73853940E-1
3.78231664E+3	2.16375379E+2	1.89172825E-7	1.11175184E+2	-1.08146432E+2	1.55098589E+2	-7.71589403E-1
4.05565415E+3	2.08880882E+2	1.81991425E-7	1.07760297E+2	-1.04387663E+2	1.50030216E+2	-7.69501947E-1
4.34874501E+3	2.01593909E+2	1.75144660E-7	1.04411858E+2	-1.00732111E+2	1.45082027E+2	-7.67462701E-1
4.66301673E+3	1.94515043E+2	1.68601833E-7	1.01138122E+2	-9.71800704E+1	1.40260066E+2	-7.65442724E-1
5.00000000E+3	1.87633937E+2	1.62331233E-7	9.79482232E+1	-9.37259625E+1	1.35566997E+2	-7.63373403E-1
5.36133611E+3	1.80938952E+2	1.56312617E-7	9.48450191E+1	-9.03636016E+1	1.31000604E+2	-7.61206290E-1
5.74878498E+3	1.74424377E+2	1.50524185E-7	9.18327134E+1	-8.70897035E+1	1.26561700E+2	-7.58895619E-1
6.16423370E+3	1.68085473E+2	1.44949180E-7	8.89129165E+1	-8.39015063E+1	1.22249620E+2	-7.56407492E-1
6.60970574E+3	1.61915548E+2	1.39586310E-7	8.60784979E+1	-8.07956634E+1	1.18056966E+2	-7.53751138E-1
7.08737081E+3	1.55917968E+2	1.34387799E-7	8.33497581E+1	-7.77723771E+1	1.13998793E+2	-7.50796122E-1
7.59955541E+3	1.50081092E+2	1.29363645E-7	8.07133174E+1	-7.48258182E+1	1.10061541E+2	-7.47564018E-1
8.14875417E+3	1.44412795E+2	1.24499073E-7	7.81710558E+1	-7.19596180E+1	1.06249238E+2	-7.44048204E-1
8.73764200E+3	1.38916668E+2	1.19771074E-7	7.57297355E+1	-6.91746314E+1	1.02567648E+2	-7.40191534E-1
9.36908711E+3	1.33570190E+2	1.15184405E-7	7.33790299E+1	-6.64587757E+1	9.90012675E+1	-7.35950782E-1
1.00461650E+4	1.28389144E+2	1.10717788E-7	7.11256377E+1	-6.38193022E+1	9.55602413E+1	-7.31307889E-1
1.07721735E+4	1.23366586E+2	1.06363006E-7	6.89678087E+1	-6.12516483E+1	9.22405718E+1	-7.26212320E-1
1.15506485E+4	1.18498556E+2	1.02120507E-7	6.68991225E+1	-5.87533555E+1	8.90362253E+1	-7.20661005E-1
1.23853818E+4	1.13785595E+2	9.79688601E-8	6.49261286E+1	-5.63227832E+1	8.59514870E+1	-7.14560826E-1
1.32804389E+4	1.09226722E+2	9.39212602E-8	6.30357475E+1	-5.39600087E+1	8.29770332E+1	-7.07979976E-1
1.42401793E+4	1.04830685E+2	8.99501615E-8	6.12392447E+1	-5.16672707E+1	8.01233548E+1	-7.00822530E-1
1.52692775E+4	1.00574967E+2	8.60592131E-8	5.95273577E+1	-4.94313226E+1	7.73754614E+1	-6.93002686E-1
1.63727458E+4	9.64961363E+1	8.22422110E-8	5.79028306E+1	-4.72722073E+1	7.47489091E+1	-6.84664737E-1
1.75559587E+4	9.25594800E+1	7.84969943E-8	5.63587134E+1	-4.51688895E+1	7.22255715E+1	-6.75626612E-1
1.88246790E+4	8.87909556E+1	7.48233841E-8	5.48944228E+1	-4.31361852E+1	6.98149569E+1	-6.66023901E-1
2.01850863E+4	8.51767031E+1	7.12157181E-8	5.35078730E+1	-4.11646897E+1	6.75101784E+1	-6.55751834E-1
2.16438064E+4	8.17193634E+1	6.76674709E-8	5.21999839E+1	-3.92544406E+1	6.53127050E+1	-6.44780526E-1
2.32079442E+4	7.84193912E+1	6.41854578E-8	5.09644444E+1	-3.74062293E+1	6.32186734E+1	-6.33160892E-1
2.48851178E+4	7.52734233E+1	6.07746853E-8	4.97957334E+1	-3.56185365E+1	6.12233230E+1	-6.20916116E-1
2.66834962E+4	7.22734421E+1	5.74310171E-8	4.86926240E+1	-3.38852749E+1	5.93227067E+1	-6.07970064E-1
2.86118383E+4	6.94276949E+1	5.41561380E-8	4.76547103E+1	-3.22115699E+1	5.75200546E+1	-5.94392924E-1
3.06795364E+4	6.67430051E+1	5.09486322E-8	4.66842399E+1	-3.06011139E+1	5.58197676E+1	-5.80225867E-1
3.28966612E+4	6.41992098E+1	4.78230200E-8	4.57678536E+1	-2.90441663E+1	5.42057195E+1	-5.65471151E-1
3.52740116E+4	6.17982045E+1	4.47801268E-8	4.49057219E+1	-2.75421334E+1	5.26791513E+1	-5.50165088E-1
3.78231664E+4	5.95402738E+1	4.18149865E-8	4.41014564E+1	-2.60935679E+1	5.12426851E+1	-5.34272979E-1
4.05565415E+4	5.74189498E+1	3.89461225E-8	4.33439352E+1	-2.46995242E+1	4.98875058E+1	-5.17955003E-1
4.34874501E+4	5.54261364E+1	3.61694888E-8	4.26336695E+1	-2.33535819E+1	4.86108998E+1	-5.01131973E-1
4.66301673E+4	5.35601836E+1	3.34946059E-8	4.19663148E+1	-2.20579221E+1	4.74101626E+1	-4.83925217E-1
5.00000000E+4	5.18138804E+1	3.09234845E-8	4.13393897E+1	-2.08088686E+1	4.62812509E+1	-4.66337273E-1
5.36133611E+4	5.01826546E+1	2.84560578E-8	4.07525355E+1	-1.96036030E+1	4.52224547E+1	-4.48364952E-1
5.74878498E+4	4.86639057E+1	2.60990921E-8	4.02027070E+1	-1.84435105E+1	4.42314452E+1	-4.30117216E-1
6.16423370E+4	4.72468693E+1	2.38517725E-8	3.96864251E+1	-1.73218645E+1	4.33019553E+1	-4.11544120E-1
6.60970574E+4	4.59286278E+1	2.17190981E-8	3.92008718E+1	-1.62398858E+1	4.24316185E+1	-3.92750317E-1
7.08737081E+4	4.47031987E+1	1.96968820E-8	3.87461543E+1	-1.51925162E+1	4.16182296E+1	-3.73680870E-1
7.59955541E+4	4.35678429E+1	1.77912181E-8	3.83186788E+1	-1.41824193E+1	4.08590526E+1	-3.54483396E-1
8.14875417E+4	4.25105806E+1	1.59956286E-8	3.79149097E+1	-1.32001679E+1	4.01470400E+1	-3.35027928E-1
8.73764200E+4	4.15328263E+1	1.43119126E-8	3.75355067E+1	-1.22491389E+1	3.94836128E+1	-3.15438629E-1
9.36908711E+4	4.06272680E+1	1.27356682E-8	3.71780573E+1	-1.13240869E+1	3.88644169E+1	-2.95663016E-1
1.00461650E+5	3.97866406E+1	1.12652803E-8	3.68380430E+1	-1.04221183E+1	3.82839650E+1	-2.75711827E-1
1.07721735E+5	3.90118197E+1	9.89618078E-9	3.65183439E+1	-9.54241067E+0	3.77444969E+1	-2.55589649E-1
1.15506485E+5	3.82948046E+1	8.62306343E-9	3.62148128E+1	-8.67908455E+0	3.72402897E+1	-2.35219360E-1
1.23853818E+5	3.76328003E+1	7.44629317E-9	3.59244308E+1	-7.83404076E+0	3.67686950E+1	-2.14708664E-1
1.32804389E+5	3.70267717E+1	6.35546317E-9	3.56521022E+1	-7.00068246E+0	3.63329360E+1	-1.93894088E-1
1.42401793E+5	3.64680187E+1	5.35218239E-9	3.53887198E+1	-6.18021031E+0	3.59243162E+1	-1.72894266E-1
1.52692775E+5	3.59561477E+1	4.42629424E-9	3.51369519E+1	-5.36507589E+0	3.55441898E+1	-1.51520120E-1
1.63727458E+5	3.54912380E+1	3.57611831E-9	3.48963314E+1	-4.55631980E+0	3.51925277E+1	-1.29832834E-1
1.75559587E+5	3.50715195E+1	2.79490469E-9	3.46662357E+1	-3.74828593E+0	3.48682888E+1	-1.07706541E-1
1.88246790E+5	3.46870014E+1	2.05584836E-9	3.44379958E+1	-2.90408075E+0	3.45622599E+1	-8.41325296E-2
2.01850863E+5	3.43542632E+1	1.42719494E-9	3.42219344E+1	-2.12803583E+0	3.42880350E+1	-6.21034259E-2
2.16438064E+5	3.40610075E+1	8.31248436E-10	3.40105853E+1	-1.30953149E+0	3.40357870E+1	-3.84846337E-2
2.32079442E+5	3.38086580E+1	2.86891872E-10	3.38018959E+1	-4.78083259E-1	3.38052768E+1	-1.41427426E-2
2.48851178E+5	3.35987409E+1	-2.06533391E-10	3.35947855E+1	3.64506250E-1	3.35967632E+1	1.08496551E-2
2.66834962E+5	3.34395325E+1	-6.52902945E-10	3.33947858E+1	1.22239121E+0	3.34171517E+1	3.65879114E-2
2.86118383E+5	3.33198223E+1	-1.05798220E-9	3.31865384E+1	2.10314236E+0	3.32531136E+1	6.32887174E-2
3.06795364E+5	3.32546435E+1	-1.42154914E-9	3.29807717E+1	3.00540948E+0	3.31174245E+1	9.08751238E-2
3.28966612E+5	3.32451345E+1	-1.74789642E-9	3.27723525E+1	3.93625417E+0	3.30078970E+1	1.19536359E-1
3.52740116E+5	3.32910065E+1	-2.03846776E-9	3.25545554E+1	4.89640435E+0	3.29207216E+1	1.49287100E-1
3.78231664E+5	3.34120368E+1	-2.29530540E-9	3.23378621E+1	5.89375940E+0	3.28705618E+1	1.80276987E-1
4.05565415E+5	3.36040425E+1	-2.52045414E-9	3.21083544E+1	6.92993372E+0	3.28476864E+1	2.12568994E-1
4.34874501E+5	3.38768801E+1	-2.71579466E-9	3.18632548E+1	8.01003192E+0	3.28546444E+1	2.46284358E-1
4.66301673E+5	3.42494473E+1	-2.88065307E-9	3.16083480E+1	9.13677826E+0	3.29024079E+1	2.81392163E-1
NaN	NaN	NaN	NaN	NaN	NaN	NaN
