Start time:20240904_14-24-06	sweep/start:500.000	sweep/stop:500000.000	sweep/samplecount:100.000	sweep/xmapping:1.000	sweep/scan:0.000	sweep/averaging/sample:10.000	sweep/settling/time:0.100	sweep/settling/inaccuracy:0.010	sweep/awgcontrol:0.000	sweep/averaging/time:0.100	sweep/averaging/tc:15.000	sweep/bandwidthcontrol:2.000	sweep/sincfilter:0.000	sweep/omegasuppression:80.000	sweep/maxbandwidth:100.000	sweep/bandwidth:1250000.000	sweep/order:8.000	sweep/bandwidthoverlap:1.000																				
Frequency	Param0		Param1		RealZ		ImagZ		AbsZ		PhaseZ		
5.00000000E+2	1.02793085E+3	6.79588438E-7	1.76730784E+2	-3.87857210E+2	4.26224110E+2	-1.14324600E+0
5.36133611E+2	9.38816410E+2	6.62182928E-7	1.74321689E+2	-3.65058886E+2	4.04544244E+2	-1.12529665E+0
5.74878498E+2	8.59546099E+2	6.44004455E-7	1.71982726E+2	-3.43873523E+2	3.84482851E+2	-1.10704180E+0
6.16423370E+2	7.88814325E+2	6.25311410E-7	1.69647513E+2	-3.24098867E+2	3.65814655E+2	-1.08857012E+0
6.60970574E+2	7.25940483E+2	6.05980590E-7	1.67357238E+2	-3.05749786E+2	3.48556137E+2	-1.06997712E+0
7.08737081E+2	6.69721821E+2	5.86246445E-7	1.65082695E+2	-2.88629827E+2	3.32504851E+2	-1.05125496E+0
7.59955541E+2	6.19574089E+2	5.66109604E-7	1.62834116E+2	-2.72713843E+2	3.17628387E+2	-1.03252088E+0
8.14875417E+2	5.74881407E+2	5.45727971E-7	1.60573035E+2	-2.57927794E+2	3.03826345E+2	-1.01396051E+0
8.73764200E+2	5.34871447E+2	5.25170318E-7	1.58330559E+2	-2.44167813E+2	2.91009431E+2	-9.95511673E-1
9.36908711E+2	4.99083387E+2	5.04584146E-7	1.56075914E+2	-2.31376743E+2	2.79096561E+2	-9.77353694E-1
1.00461650E+3	4.67044497E+2	4.84122900E-7	1.53785512E+2	-2.19487331E+2	2.68001257E+2	-9.59629015E-1
1.07721735E+3	4.38283438E+2	4.63815975E-7	1.51493952E+2	-2.08439124E+2	2.57676711E+2	-9.42308054E-1
1.15506485E+3	4.12450616E+2	4.43791568E-7	1.49183800E+2	-1.98179568E+2	2.48054325E+2	-9.25524239E-1
1.23853818E+3	3.89214745E+2	4.24200531E-7	1.46828099E+2	-1.88650912E+2	2.39055765E+2	-9.09424237E-1
1.32804389E+3	3.68235218E+2	4.05172225E-7	1.44409430E+2	-1.79784739E+2	2.30600600E+2	-8.94085811E-1
1.42401793E+3	3.49266162E+2	3.86674470E-7	1.41970001E+2	-1.71551257E+2	2.22677606E+2	-8.79471343E-1
1.52692775E+3	3.32054053E+2	3.68802708E-7	1.39495525E+2	-1.63893413E+2	2.15220941E+2	-8.65643339E-1
1.63727458E+3	3.16375383E+2	3.51674331E-7	1.36955786E+2	-1.56756340E+2	2.08157244E+2	-8.52711145E-1
1.75559587E+3	3.02027097E+2	3.35270491E-7	1.34374864E+2	-1.50094121E+2	2.01456818E+2	-8.40600269E-1
1.88246790E+3	2.88878370E+2	3.19658004E-7	1.31731498E+2	-1.43879089E+2	1.95075319E+2	-8.29444853E-1
2.01850863E+3	2.76814871E+2	3.04797031E-7	1.29048721E+2	-1.38090666E+2	1.89004245E+2	-8.19232540E-1
2.16438064E+3	2.65615730E+2	2.90739128E-7	1.26308427E+2	-1.32648731E+2	1.83165239E+2	-8.09877264E-1
2.32079442E+3	2.55191356E+2	2.77422487E-7	1.23535513E+2	-1.27531062E+2	1.77553358E+2	-8.01311120E-1
2.48851178E+3	2.45478459E+2	2.64844478E-7	1.20726078E+2	-1.22722717E+2	1.72150084E+2	-7.93599457E-1
2.66834962E+3	2.36347885E+2	2.53002295E-7	1.17874959E+2	-1.18173562E+2	1.66911644E+2	-7.86663173E-1
2.86118383E+3	2.27729016E+2	2.41834472E-7	1.15001765E+2	-1.13858827E+2	1.61830895E+2	-7.80404169E-1
3.06795364E+3	2.19558870E+2	2.31299735E-7	1.12116056E+2	-1.09754564E+2	1.56895106E+2	-7.74755010E-1
3.28966612E+3	2.11790800E+2	2.21380464E-7	1.09215788E+2	-1.05843329E+2	1.52088458E+2	-7.69717906E-1
3.52740116E+3	2.04362396E+2	2.12006161E-7	1.06323591E+2	-1.02097196E+2	1.47406050E+2	-7.65122763E-1
3.78231664E+3	1.97240932E+2	2.03177649E-7	1.03428354E+2	-9.85031991E+1	1.42829636E+2	-7.61012779E-1
4.05565415E+3	1.90381529E+2	1.94809080E-7	1.00560612E+2	-9.50391824E+1	1.38365036E+2	-7.57177458E-1
4.34874501E+3	1.83745577E+2	1.86876086E-7	9.77216082E+1	-9.16864245E+1	1.33999676E+2	-7.53545542E-1
4.66301673E+3	1.77344730E+2	1.79345275E-7	9.49189503E+1	-8.84520684E+1	1.29743499E+2	-7.50146121E-1
5.00000000E+3	1.71141338E+2	1.72160980E-7	9.21700847E+1	-8.53158072E+1	1.25595030E+2	-7.46798627E-1
5.36133611E+3	1.65114263E+2	1.65323644E-7	8.94656241E+1	-8.22675672E+1	1.21540325E+2	-7.43508496E-1
5.74878498E+3	1.59267127E+2	1.58780128E-7	8.68240858E+1	-7.93082636E+1	1.17593463E+2	-7.40189021E-1
6.16423370E+3	1.53585283E+2	1.52518999E-7	8.42429378E+1	-7.64303786E+1	1.13747419E+2	-7.36812555E-1
6.60970574E+3	1.48060399E+2	1.46491437E-7	8.17388362E+1	-7.36277613E+1	1.10010384E+2	-7.33239473E-1
7.08737081E+3	1.42686425E+2	1.40692197E-7	7.93071125E+1	-7.08973216E+1	1.06376916E+2	-7.29467592E-1
7.59955541E+3	1.37460714E+2	1.35101038E-7	7.69510122E+1	-6.82369599E+1	1.02848145E+2	-7.25450971E-1
8.14875417E+3	1.32397225E+2	1.29702601E-7	7.46727907E+1	-6.56539760E+1	9.94307310E+1	-7.21216341E-1
8.73764200E+3	1.27473329E+2	1.24471661E-7	7.24774057E+1	-6.31344737E+1	9.61193849E+1	-7.16612214E-1
9.36908711E+3	1.22692543E+2	1.19403510E-7	7.03614647E+1	-6.06802379E+1	9.29130078E+1	-7.11653162E-1
1.00461650E+4	1.18070727E+2	1.14479997E-7	6.83297789E+1	-5.82991245E+1	8.98206359E+1	-7.06350229E-1
1.07721735E+4	1.13588097E+2	1.09699527E-7	6.63760414E+1	-5.59799008E+1	8.68304566E+1	-7.00635377E-1
1.15506485E+4	1.09252012E+2	1.05041332E-7	6.45061474E+1	-5.37250710E+1	8.39489508E+1	-6.94463273E-1
1.23853818E+4	1.05059990E+2	1.00504189E-7	6.27155261E+1	-5.15330504E+1	8.11719934E+1	-6.87830474E-1
1.32804389E+4	1.01011437E+2	9.60850989E-8	6.10009199E+1	-4.94032216E+1	7.84970736E+1	-6.80734351E-1
1.42401793E+4	9.71026903E+1	9.17766958E-8	5.93611126E+1	-4.73326738E+1	7.59218264E+1	-6.73134230E-1
1.52692775E+4	9.33366140E+1	8.75643127E-8	5.77996515E+1	-4.53213414E+1	7.34494639E+1	-6.64977148E-1
1.63727458E+4	8.97217802E+1	8.34545097E-8	5.63107688E+1	-4.33751043E+1	7.10795498E+1	-6.56354978E-1
1.75559587E+4	8.62428317E+1	7.94381146E-8	5.48932545E+1	-4.14834932E+1	6.88051573E+1	-6.47146804E-1
1.88246790E+4	8.29116728E+1	7.55105058E-8	5.35482664E+1	-3.96529878E+1	6.66316465E+1	-6.37399318E-1
2.01850863E+4	7.97127750E+1	7.16758803E-8	5.22680370E+1	-3.78745630E+1	6.45478912E+1	-6.27060297E-1
2.16438064E+4	7.66587518E+1	6.79263616E-8	5.10564963E+1	-3.61546872E+1	6.25613879E+1	-6.16162184E-1
2.32079442E+4	7.37409112E+1	6.42701992E-8	4.99056808E+1	-3.44893222E+1	6.06637483E+1	-6.04721106E-1
2.48851178E+4	7.09580234E+1	6.06985237E-8	4.88179872E+1	-3.28760069E+1	5.88559922E+1	-5.92677488E-1
2.66834962E+4	6.83122887E+1	5.72207175E-8	4.77879928E+1	-3.13179637E+1	5.71358656E+1	-5.80128518E-1
2.86118383E+4	6.57927713E+1	5.38362625E-8	4.68119759E+1	-2.98081953E+1	5.54967532E+1	-5.67014346E-1
3.06795364E+4	6.34053609E+1	5.05443089E-8	4.58913785E+1	-2.83503223E+1	5.39421858E+1	-5.53383398E-1
3.28966612E+4	6.11447630E+1	4.73466156E-8	4.50235002E+1	-2.69413373E+1	5.24685739E+1	-5.39230338E-1
3.52740116E+4	5.90063295E+1	4.42494090E-8	4.42036657E+1	-2.55799137E+1	5.10714799E+1	-5.24597813E-1
3.78231664E+4	5.69886022E+1	4.12530178E-8	4.34314781E+1	-2.42653233E+1	4.97503690E+1	-5.09500875E-1
4.05565415E+4	5.50851672E+1	3.83607336E-8	4.27032998E+1	-2.29944900E+1	4.85007052E+1	-4.93948733E-1
4.34874501E+4	5.32968791E+1	3.55756922E-8	4.20186687E+1	-2.17691379E+1	4.73229743E+1	-4.78008761E-1
4.66301673E+4	5.16120277E+1	3.29024934E-8	4.13708935E+1	-2.05836065E+1	4.62086107E+1	-4.61676358E-1
5.00000000E+4	5.00314385E+1	3.03397027E-8	4.07618185E+1	-1.94382754E+1	4.51594111E+1	-4.44976720E-1
5.36133611E+4	4.85520174E+1	2.78908307E-8	4.01891997E+1	-1.83328922E+1	4.41731448E+1	-4.27968611E-1
5.74878498E+4	4.71630661E+1	2.55518684E-8	3.96501855E+1	-1.72594059E+1	4.32437778E+1	-4.10555614E-1
6.16423370E+4	4.58672323E+1	2.33339972E-8	3.91415107E+1	-1.62251314E+1	4.23711312E+1	-3.92964807E-1
6.60970574E+4	4.46551755E+1	2.12296743E-8	3.86622200E+1	-1.52217264E+1	4.15507908E+1	-3.75072762E-1
7.08737081E+4	4.35268575E+1	1.92403645E-8	3.82122210E+1	-1.42507563E+1	4.07830590E+1	-3.56960907E-1
7.59955541E+4	4.24699356E+1	1.73634862E-8	3.77851054E+1	-1.33047655E+1	4.00590937E+1	-3.38559247E-1
8.14875417E+4	4.14855258E+1	1.55992049E-8	3.73816110E+1	-1.23859167E+1	3.93801446E+1	-3.19952923E-1
8.73764200E+4	4.05701393E+1	1.39435246E-8	3.70013269E+1	-1.14913349E+1	3.87446640E+1	-3.01121489E-1
9.36908711E+4	3.97197113E+1	1.23942534E-8	3.66422712E+1	-1.06190579E+1	3.81499729E+1	-2.82076140E-1
1.00461650E+5	3.89296846E+1	1.09488615E-8	3.63019017E+1	-9.76695972E+0	3.75928395E+1	-2.62824452E-1
1.07721735E+5	3.81952956E+1	9.60171539E-9	3.59784939E+1	-8.93068734E+0	3.70703279E+1	-2.43305433E-1
1.15506485E+5	3.75157523E+1	8.34894484E-9	3.56724525E+1	-8.10894686E+0	3.65824943E+1	-2.23518485E-1
1.23853818E+5	3.68876673E+1	7.18719136E-9	3.53816250E+1	-7.29974093E+0	3.61267991E+1	-2.03459718E-1
1.32804389E+5	3.63074391E+1	6.11042049E-9	3.51043921E+1	-6.49860847E+0	3.57008483E+1	-1.83050089E-1
1.42401793E+5	3.57727461E+1	5.11946170E-9	3.48373637E+1	-5.70843654E+0	3.53019570E+1	-1.62416243E-1
1.52692775E+5	3.52846586E+1	4.20392423E-9	3.45842416E+1	-4.92172570E+0	3.49326947E+1	-1.41362013E-1
1.63727458E+5	3.48391946E+1	3.36150390E-9	3.43407509E+1	-4.13726078E+0	3.45890749E+1	-1.19898845E-1
1.75559587E+5	3.44351880E+1	2.58675232E-9	3.41059169E+1	-3.35113148E+0	3.42701570E+1	-9.79422170E-2
1.88246790E+5	3.40787186E+1	1.88680660E-9	3.38764027E+1	-2.57576679E+0	3.39773915E+1	-7.58904528E-2
2.01850863E+5	3.37531277E+1	1.22457909E-9	3.36606265E+1	-1.76454834E+0	3.37068454E+1	-5.23737902E-2
2.16438064E+5	3.34755388E+1	6.31207946E-10	3.34479202E+1	-9.61131155E-1	3.34617267E+1	-2.87272496E-2
2.32079442E+5	3.32392654E+1	8.93875733E-11	3.32386409E+1	-1.44008913E-1	3.32389531E+1	-4.33254308E-3
2.48851178E+5	3.30485067E+1	-4.03417820E-10	3.30341508E+1	6.88635718E-1	3.30413280E+1	2.08431590E-2
2.66834962E+5	3.29047354E+1	-8.49906409E-10	3.28325538E+1	1.53941847E+0	3.28686248E+1	4.68526438E-2
2.86118383E+5	3.28039144E+1	-1.25377965E-9	3.26255516E+1	2.41229477E+0	3.27146115E+1	7.38045198E-2
3.06795364E+5	3.27615056E+1	-1.61646732E-9	3.24236111E+1	3.30994555E+0	3.25921205E+1	1.01732002E-1
3.28966612E+5	3.27744177E+1	-1.94147198E-9	3.22171249E+1	4.23725540E+0	3.24945766E+1	1.30771242E-1
3.52740116E+5	3.28470033E+1	-2.22740711E-9	3.20054441E+1	5.18983908E+0	3.24234934E+1	1.60755652E-1
3.78231664E+5	3.29982260E+1	-2.48130121E-9	3.17943912E+1	6.18668851E+0	3.23907163E+1	1.92182761E-1
4.05565415E+5	3.32190878E+1	-2.70373133E-9	3.15656090E+1	7.22447310E+0	3.23817963E+1	2.24996462E-1
4.34874501E+5	3.35302051E+1	-2.89187804E-9	3.13308645E+1	8.30103676E+0	3.24118853E+1	2.58996757E-1
4.66301673E+5	3.39403758E+1	-3.05081984E-9	3.10798899E+1	9.42886695E+0	3.24786566E+1	2.94550397E-1
NaN	NaN	NaN	NaN	NaN	NaN	NaN
