Start time:20240906_02-23-27	sweep/start:500.000	sweep/stop:500000.000	sweep/samplecount:100.000	sweep/xmapping:1.000	sweep/scan:0.000	sweep/averaging/sample:10.000	sweep/settling/time:0.100	sweep/settling/inaccuracy:0.010	sweep/awgcontrol:0.000	sweep/averaging/time:0.100	sweep/averaging/tc:15.000	sweep/bandwidthcontrol:2.000	sweep/sincfilter:0.000	sweep/omegasuppression:80.000	sweep/maxbandwidth:100.000	sweep/bandwidth:1250000.000	sweep/order:8.000	sweep/bandwidthoverlap:1.000																				
Frequency	Param0		Param1		RealZ		ImagZ		AbsZ		PhaseZ		
5.00000000E+2	1.17994315E+3	7.81473886E-7	1.25636594E+2	-3.63949787E+2	3.85024682E+2	-1.23840129E+0
5.36133611E+2	1.06960306E+3	7.67400826E-7	1.23720508E+2	-3.42089231E+2	3.63774394E+2	-1.22377065E+0
5.74878498E+2	9.71647900E+2	7.52676795E-7	1.21787063E+2	-3.21717307E+2	3.43997265E+2	-1.20891432E+0
6.16423370E+2	8.84157587E+2	7.37328930E-7	1.19881107E+2	-3.02691741E+2	3.25566848E+2	-1.19369964E+0
6.60970574E+2	8.06286089E+2	7.21368387E-7	1.17969965E+2	-2.84957224E+2	3.08411306E+2	-1.17828652E+0
7.08737081E+2	7.36701918E+2	7.04861759E-7	1.16068342E+2	-2.68395031E+2	2.92417092E+2	-1.16262956E+0
7.59955541E+2	6.74836474E+2	6.87830083E-7	1.14138800E+2	-2.52976953E+2	2.77533796E+2	-1.14695938E+0
8.14875417E+2	6.19289624E+2	6.70339575E-7	1.12236482E+2	-2.38557852E+2	2.63641573E+2	-1.13104310E+0
8.73764200E+2	5.69682785E+2	6.52529247E-7	1.10296900E+2	-2.25097382E+2	2.50667586E+2	-1.11518360E+0
9.36908711E+2	5.25178900E+2	6.34338134E-7	1.08373459E+2	-2.12533865E+2	2.38569594E+2	-1.09925100E+0
1.00461650E+3	4.85234410E+2	6.15945271E-7	1.06430613E+2	-2.00789235E+2	2.27252707E+2	-1.08338985E+0
1.07721735E+3	4.49223431E+2	5.97477852E-7	1.04466711E+2	-1.89777759E+2	2.16630774E+2	-1.06759336E+0
1.15506485E+3	4.16739290E+2	5.78766014E-7	1.02540801E+2	-1.79494184E+2	2.06719082E+2	-1.05176489E+0
1.23853818E+3	3.87425639E+2	5.60078214E-7	1.00594408E+2	-1.69863524E+2	1.97415430E+2	-1.03612650E+0
1.32804389E+3	3.60838550E+2	5.41457098E-7	9.86463848E+1	-1.60823840E+2	1.88667478E+2	-1.02059548E+0
1.42401793E+3	3.36732361E+2	5.22828958E-7	9.67259854E+1	-1.52364208E+2	1.80473733E+2	-1.00515657E+0
1.52692775E+3	3.14820641E+2	5.04434495E-7	9.47881664E+1	-1.44417706E+2	1.72746261E+2	-9.89971989E-1
1.63727458E+3	2.94789564E+2	4.86138243E-7	9.28929110E+1	-1.36948044E+2	1.65480694E+2	-9.74777800E-1
1.75559587E+3	2.76518771E+2	4.68094277E-7	9.10030555E+1	-1.29932660E+2	1.58631815E+2	-9.59811147E-1
1.88246790E+3	2.59796512E+2	4.50319162E-7	8.91302736E+1	-1.23335022E+2	1.52170081E+2	-9.45018388E-1
2.01850863E+3	2.44431107E+2	4.32838633E-7	8.72821673E+1	-1.17116607E+2	1.46063262E+2	-9.30336581E-1
2.16438064E+3	2.30293512E+2	4.15649906E-7	8.54674721E+1	-1.11256079E+2	1.40294704E+2	-9.15745484E-1
2.32079442E+3	2.17290449E+2	3.98789793E-7	8.36819350E+1	-1.05738444E+2	1.34845411E+2	-9.01318247E-1
2.48851178E+3	2.05281561E+2	3.82302649E-7	8.19241129E+1	-1.00528351E+2	1.29682341E+2	-8.87014544E-1
2.66834962E+3	1.94194409E+2	3.66148548E-7	8.02082289E+1	-9.56170980E+1	1.24803804E+2	-8.72812201E-1
2.86118383E+3	1.83926820E+2	3.50401901E-7	7.85214646E+1	-9.09757254E+1	1.20175718E+2	-8.58744040E-1
3.06795364E+3	1.74401605E+2	3.35042007E-7	7.68731373E+1	-8.65870610E+1	1.15787730E+2	-8.44755200E-1
3.28966612E+3	1.65562772E+2	3.20049430E-7	7.52707750E+1	-8.24399689E+1	1.11633499E+2	-8.30824757E-1
3.52740116E+3	1.57353035E+2	3.05477445E-7	7.37032677E+1	-7.85191757E+1	1.07691377E+2	-8.17024918E-1
3.78231664E+3	1.49712549E+2	2.91314635E-7	7.21757538E+1	-7.48082650E+1	1.03950065E+2	-8.03306437E-1
4.05565415E+3	1.42594079E+2	2.77578123E-7	7.06851185E+1	-7.12944124E+1	1.00395614E+2	-7.89689558E-1
4.34874501E+3	1.35959377E+2	2.64261981E-7	6.92337091E+1	-6.79681199E+1	9.70204714E+1	-7.76174138E-1
4.66301673E+3	1.29766297E+2	2.51366139E-7	6.78219759E+1	-6.48165580E+1	9.38136805E+1	-7.62743330E-1
5.00000000E+3	1.23982108E+2	2.38863868E-7	6.64568589E+1	-6.18299870E+1	9.07714791E+1	-7.49347178E-1
5.36133611E+3	1.18574729E+2	2.26817377E-7	6.51219606E+1	-5.89995681E+1	8.78738802E+1	-7.36112318E-1
5.74878498E+3	1.13508363E+2	2.15190397E-7	6.38254372E+1	-5.63119382E+1	8.51159259E+1	-7.22938618E-1
6.16423370E+3	1.08763877E+2	2.03985900E-7	6.25657580E+1	-5.37626293E+1	8.24917839E+1	-7.09867314E-1
6.60970574E+3	1.04312336E+2	1.93206970E-7	6.13402489E+1	-5.13411965E+1	7.99909034E+1	-6.96892639E-1
7.08737081E+3	1.00132278E+2	1.82839262E-7	6.01508154E+1	-4.90399589E+1	7.76082352E+1	-6.83990838E-1
7.59955541E+3	9.61916982E+1	1.72895484E-7	5.89903034E+1	-4.68457205E+1	7.53284637E+1	-6.71148821E-1
8.14875417E+3	9.24894151E+1	1.63349554E-7	5.78652165E+1	-4.47608837E+1	7.31568180E+1	-6.58395377E-1
8.73764200E+3	8.90006053E+1	1.54192261E-7	5.67742727E+1	-4.27741344E+1	7.10840673E+1	-6.45678025E-1
9.36908711E+3	8.57129726E+1	1.45417641E-7	5.57167140E+1	-4.08814498E+1	6.91060430E+1	-6.33011696E-1
1.00461650E+4	8.26074358E+1	1.37018588E-7	5.46904252E+1	-3.90742007E+1	6.72148479E+1	-6.20365844E-1
1.07721735E+4	7.96717748E+1	1.28987397E-7	5.36942515E+1	-3.73476058E+1	6.54057819E+1	-6.07740284E-1
1.15506485E+4	7.68969582E+1	1.21299513E-7	5.27321104E+1	-3.56968261E+1	6.36784020E+1	-5.95085797E-1
1.23853818E+4	7.42705889E+1	1.13961622E-7	5.17983825E+1	-3.41177946E+1	6.20249656E+1	-5.82442686E-1
1.32804389E+4	7.17777207E+1	1.06947800E-7	5.08951475E+1	-3.26009451E+1	6.04411919E+1	-5.69704089E-1
1.42401793E+4	6.94203094E+1	1.00262797E-7	5.00206951E+1	-3.11509577E+1	5.89275158E+1	-5.56987911E-1
1.52692775E+4	6.71846147E+1	9.38755166E-8	4.91786114E+1	-2.97575235E+1	5.74808320E+1	-5.44154303E-1
1.63727458E+4	6.50673586E+1	8.77910796E-8	4.83654773E+1	-2.84217245E+1	5.60982517E+1	-5.31285309E-1
1.75559587E+4	6.30602225E+1	8.19890374E-8	4.75832629E+1	-2.71375048E+1	5.47778343E+1	-5.18307142E-1
1.88246790E+4	6.11610611E+1	7.64672908E-8	4.68309556E+1	-2.59054524E+1	5.35185101E+1	-5.05273284E-1
2.01850863E+4	5.93547875E+1	7.12096258E-8	4.61062085E+1	-2.47152120E+1	5.23127537E+1	-4.92069637E-1
2.16438064E+4	5.76504792E+1	6.62100839E-8	4.54136795E+1	-2.35736731E+1	5.11675715E+1	-4.78800740E-1
2.32079442E+4	5.60290261E+1	6.14613676E-8	4.47461601E+1	-2.24691987E+1	5.00707876E+1	-4.65364609E-1
2.48851178E+4	5.45009734E+1	5.69639811E-8	4.41074968E+1	-2.14109809E+1	4.90295980E+1	-4.51921587E-1
2.66834962E+4	5.30522215E+1	5.26941865E-8	4.34970661E+1	-2.03867895E+1	4.80376517E+1	-4.38290186E-1
2.86118383E+4	5.16864429E+1	4.86553623E-8	4.29149318E+1	-1.94017727E+1	4.70969231E+1	-4.24597598E-1
3.06795364E+4	5.03905649E+1	4.48443232E-8	4.23540822E+1	-1.84493315E+1	4.61979017E+1	-4.10812458E-1
3.28966612E+4	4.91732151E+1	4.12418098E-8	4.18242786E+1	-1.75317984E+1	4.53501295E+1	-3.96928656E-1
3.52740116E+4	4.80209270E+1	3.78538467E-8	4.13150063E+1	-1.66449732E+1	4.45419454E+1	-3.82986322E-1
3.78231664E+4	4.69336700E+1	3.46707334E-8	4.08280561E+1	-1.57886135E+1	4.37745418E+1	-3.68997156E-1
4.05565415E+4	4.59102756E+1	3.16786398E-8	4.03659403E+1	-1.49600229E+1	4.30489424E+1	-3.54916404E-1
4.34874501E+4	4.49451219E+1	2.88772725E-8	3.99240165E+1	-1.41584840E+1	4.23602382E+1	-3.40798695E-1
4.66301673E+4	4.40374211E+1	2.62583698E-8	3.95031759E+1	-1.33834626E+1	4.17087280E+1	-3.26657614E-1
5.00000000E+4	4.31817741E+1	2.38165102E-8	3.91001296E+1	-1.26330052E+1	4.10903025E+1	-3.12506742E-1
5.36133611E+4	4.23751439E+1	2.15363655E-8	3.87161229E+1	-1.19022307E+1	4.05043365E+1	-2.98252991E-1
5.74878498E+4	4.16192085E+1	1.94147436E-8	3.83521801E+1	-1.11936432E+1	3.99523138E+1	-2.83976504E-1
6.16423370E+4	4.09049559E+1	1.74460866E-8	3.80018021E+1	-1.05035741E+1	3.94266666E+1	-2.69664283E-1
6.60970574E+4	4.02325494E+1	1.56204829E-8	3.76667306E+1	-9.83086943E+0	3.89285063E+1	-2.55300851E-1
7.08737081E+4	3.96012395E+1	1.39306278E-8	3.73472708E+1	-9.17494266E+0	3.84577458E+1	-2.40895161E-1
7.59955541E+4	3.90055093E+1	1.23663407E-8	3.70405742E+1	-8.53125504E+0	3.80103467E+1	-2.26374083E-1
8.14875417E+4	3.84460321E+1	1.09237464E-8	3.67469671E+1	-7.90161207E+0	3.75869003E+1	-2.11802542E-1
8.73764200E+4	3.79176508E+1	9.59115791E-9	3.64640725E+1	-7.28034132E+0	3.71837594E+1	-1.97066629E-1
9.36908711E+4	3.74234640E+1	8.36432217E-9	3.61944801E+1	-6.66951451E+0	3.68038425E+1	-1.82224701E-1
1.00461650E+5	3.69570578E+1	7.23119493E-9	3.59345019E+1	-6.06176736E+0	3.64421934E+1	-1.67116034E-1
1.07721735E+5	3.65192906E+1	6.19374090E-9	3.56829597E+1	-5.46285204E+0	3.60987032E+1	-1.51914620E-1
1.15506485E+5	3.61094021E+1	5.23802299E-9	3.54415797E+1	-4.86504651E+0	3.57739326E+1	-1.36416894E-1
1.23853818E+5	3.57260902E+1	4.35903815E-9	3.52089784E+1	-4.26696275E+0	3.54665919E+1	-1.20601494E-1
1.32804389E+5	3.53654519E+1	3.55408712E-9	3.49806524E+1	-3.66882752E+0	3.51725259E+1	-1.04499581E-1
1.42401793E+5	3.50309459E+1	2.81515301E-9	3.47603118E+1	-3.06713462E+0	3.48953665E+1	-8.80087535E-2
1.52692775E+5	3.47221415E+1	2.13673881E-9	3.45471066E+1	-2.45905342E+0	3.46345135E+1	-7.10598744E-2
1.63727458E+5	3.44365792E+1	1.51639530E-9	3.43374875E+1	-1.84460060E+0	3.43869976E+1	-5.36681447E-2
1.75559587E+5	3.41776154E+1	9.47192424E-10	3.41340883E+1	-1.21891309E+0	3.41558449E+1	-3.56943858E-2
1.88246790E+5	3.39617010E+1	4.22903602E-10	3.39471024E+1	-5.76664400E-1	3.39544002E+1	-1.69846751E-2
2.01850863E+5	3.37395699E+1	-4.72722337E-11	3.37394316E+1	6.82486343E-2	3.37395008E+1	2.02281227E-3
2.16438064E+5	3.35633148E+1	-4.81732244E-10	3.35470956E+1	7.37630718E-1	3.35552042E+1	2.19843735E-2
2.32079442E+5	3.34127842E+1	-8.77324379E-10	3.33518443E+1	1.42563813E+0	3.33823003E+1	4.27193978E-2
2.48851178E+5	3.32967538E+1	-1.23736855E-9	3.31591451E+1	2.13611143E+0	3.32278782E+1	6.43310841E-2
2.66834962E+5	3.32171465E+1	-1.56457570E-9	3.29668562E+1	2.87249131E+0	3.30917647E+1	8.69132230E-2
2.86118383E+5	3.31762698E+1	-1.85927871E-9	3.27732600E+1	3.63427082E+0	3.29741492E+1	1.10440132E-1
3.06795364E+5	3.31767407E+1	-2.12617151E-9	3.25744601E+1	4.42932846E+0	3.28742211E+1	1.35146643E-1
3.28966612E+5	3.32276468E+1	-2.36487884E-9	3.23736172E+1	5.25813064E+0	3.27978523E+1	1.61014194E-1
3.52740116E+5	3.33319656E+1	-2.57890292E-9	3.21645138E+1	6.12784278E+0	3.27430369E+1	1.88259570E-1
3.78231664E+5	3.34931924E+1	-2.76555398E-9	3.19452331E+1	7.03205894E+0	3.27100571E+1	2.16672939E-1
4.05565415E+5	3.37261131E+1	-2.92964548E-9	3.17155526E+1	7.98535890E+0	3.27053865E+1	2.46653751E-1
4.34874501E+5	3.40425795E+1	-3.06763179E-9	3.14794725E+1	8.98249327E+0	3.27359503E+1	2.77957724E-1
4.66301673E+5	3.44478543E+1	-3.18514234E-9	3.12213800E+1	1.00366778E+1	3.27949622E+1	3.11034090E-1
NaN	NaN	NaN	NaN	NaN	NaN	NaN
