Start time:20240905_22-22-17	sweep/start:500.000	sweep/stop:500000.000	sweep/samplecount:100.000	sweep/xmapping:1.000	sweep/scan:0.000	sweep/averaging/sample:10.000	sweep/settling/time:0.100	sweep/settling/inaccuracy:0.010	sweep/awgcontrol:0.000	sweep/averaging/time:0.100	sweep/averaging/tc:15.000	sweep/bandwidthcontrol:2.000	sweep/sincfilter:0.000	sweep/omegasuppression:80.000	sweep/maxbandwidth:100.000	sweep/bandwidth:1250000.000	sweep/order:8.000	sweep/bandwidthoverlap:1.000																				
Frequency	Param0		Param1		RealZ		ImagZ		AbsZ		PhaseZ		
5.00000000E+2	1.02670943E+3	7.12863167E-7	1.63307412E+2	-3.75499573E+2	4.09474350E+2	-1.16056433E+0
5.36133611E+2	9.35865517E+2	6.95211090E-7	1.61256283E+2	-3.53426908E+2	3.88476733E+2	-1.14274476E+0
5.74878498E+2	8.55374189E+2	6.76957692E-7	1.59148607E+2	-3.32871302E+2	3.68960144E+2	-1.12481478E+0
6.16423370E+2	7.83794098E+2	6.58079407E-7	1.57042447E+2	-3.13730121E+2	3.50840311E+2	-1.10669650E+0
6.60970574E+2	7.20069048E+2	6.38555917E-7	1.54971924E+2	-2.95929329E+2	3.34051597E+2	-1.08838560E+0
7.08737081E+2	6.63345843E+2	6.18616792E-7	1.52869860E+2	-2.79349921E+2	3.18442422E+2	-1.07007896E+0
7.59955541E+2	6.12868216E+2	5.98294581E-7	1.50748781E+2	-2.63939256E+2	3.03955800E+2	-1.05186059E+0
8.14875417E+2	5.67848009E+2	5.77763709E-7	1.48586188E+2	-2.49592682E+2	2.90472657E+2	-1.03382904E+0
8.73764200E+2	5.27542308E+2	5.57033692E-7	1.46429314E+2	-2.36233168E+2	2.77934624E+2	-1.01590839E+0
9.36908711E+2	4.91472221E+2	5.36332247E-7	1.44219884E+2	-2.23787152E+2	2.66233102E+2	-9.98331786E-1
1.00461650E+3	4.59103475E+2	5.15725042E-7	1.41976224E+2	-2.12189835E+2	2.55307218E+2	-9.81110984E-1
1.07721735E+3	4.30067463E+2	4.95253944E-7	1.39712178E+2	-2.01410440E+2	2.45123764E+2	-9.64332001E-1
1.15506485E+3	4.03847888E+2	4.75076050E-7	1.37419036E+2	-1.91343649E+2	2.35576707E+2	-9.47973437E-1
1.23853818E+3	3.80231644E+2	4.55322894E-7	1.35065911E+2	-1.81971235E+2	2.26619354E+2	-9.32281629E-1
1.32804389E+3	3.58802841E+2	4.36050545E-7	1.32674025E+2	-1.73209176E+2	2.18182988E+2	-9.17148904E-1
1.42401793E+3	3.39360347E+2	4.17259613E-7	1.30263352E+2	-1.65038403E+2	2.10252743E+2	-9.02619360E-1
1.52692775E+3	3.21597390E+2	3.99036644E-7	1.27830106E+2	-1.57382625E+2	2.02755585E+2	-8.88645431E-1
1.63727458E+3	3.05345767E+2	3.81480870E-7	1.25350994E+2	-1.50208263E+2	1.95640984E+2	-8.75361291E-1
1.75559587E+3	2.90462447E+2	3.64573599E-7	1.22845407E+2	-1.43495585E+2	1.88896737E+2	-8.62776221E-1
1.88246790E+3	2.76710431E+2	3.48327677E-7	1.20324765E+2	-1.37175318E+2	1.82469496E+2	-8.50744014E-1
2.01850863E+3	2.63993200E+2	3.32757940E-7	1.17787771E+2	-1.31229611E+2	1.76338227E+2	-8.39325349E-1
2.16438064E+3	2.52186827E+2	3.17833455E-7	1.15251195E+2	-1.25626409E+2	1.70484113E+2	-8.28444111E-1
2.32079442E+3	2.41179057E+2	3.03579751E-7	1.12706990E+2	-1.20331624E+2	1.64871360E+2	-8.18104825E-1
2.48851178E+3	2.30896522E+2	2.89958641E-7	1.10169113E+2	-1.15327496E+2	1.59491896E+2	-8.08269831E-1
2.66834962E+3	2.21255815E+2	2.76969970E-7	1.07635564E+2	-1.10587428E+2	1.54321075E+2	-7.98924165E-1
2.86118383E+3	2.12188864E+2	2.64551505E-7	1.05127442E+2	-1.06090023E+2	1.49354854E+2	-7.89955430E-1
3.06795364E+3	2.03633659E+2	2.52690676E-7	1.02644991E+2	-1.01813460E+2	1.44575153E+2	-7.81331193E-1
3.28966612E+3	1.95548910E+2	2.41388464E-7	1.00182091E+2	-9.77448063E+1	1.39966062E+2	-7.73084721E-1
3.52740116E+3	1.87886611E+2	2.30588035E-7	9.77553791E+1	-9.38659287E+1	1.35524635E+2	-7.65103362E-1
3.78231664E+3	1.80627389E+2	2.20270688E-7	9.53662806E+1	-9.01722499E+1	1.31246951E+2	-7.57411122E-1
4.05565415E+3	1.73702841E+2	2.10412111E-7	9.30168137E+1	-8.66323093E+1	1.27111308E+2	-7.49874368E-1
4.34874501E+3	1.67121327E+2	2.00985771E-7	9.07119651E+1	-8.32540882E+1	1.23125562E+2	-7.42554673E-1
4.66301673E+3	1.60849002E+2	1.91965714E-7	8.84552232E+1	-8.00225449E+1	1.19280905E+2	-7.35387726E-1
5.00000000E+3	1.54873879E+2	1.83322192E-7	8.62526382E+1	-7.69334973E+1	1.15578028E+2	-7.28352693E-1
5.36133611E+3	1.49148500E+2	1.75057504E-7	8.40946152E+1	-7.39640544E+1	1.11993686E+2	-7.21392040E-1
5.74878498E+3	1.43681798E+2	1.67154482E-7	8.19831193E+1	-7.11213757E+1	1.08533322E+2	-7.14573489E-1
6.16423370E+3	1.38448727E+2	1.59565597E-7	7.99308305E+1	-6.83914023E+1	1.05196586E+2	-7.07754847E-1
6.60970574E+3	1.33440803E+2	1.52297719E-7	7.79288617E+1	-6.57722004E+1	1.01974947E+2	-7.01002232E-1
7.08737081E+3	1.28644741E+2	1.45318750E-7	7.59845285E+1	-6.32563146E+1	9.88686501E+1	-6.94240011E-1
7.59955541E+3	1.24030359E+2	1.38644128E-7	7.40829244E+1	-6.08296965E+1	9.58568291E+1	-6.87476704E-1
8.14875417E+3	1.19609107E+2	1.32229563E-7	7.22393193E+1	-5.84975307E+1	9.29541844E+1	-6.80672417E-1
8.73764200E+3	1.15362398E+2	1.26071821E-7	7.04482575E+1	-5.62505366E+1	9.01503183E+1	-6.73804860E-1
9.36908711E+3	1.11277008E+2	1.20165080E-7	6.87058508E+1	-5.40822290E+1	8.74378721E+1	-6.66860078E-1
1.00461650E+4	1.07345478E+2	1.14477927E-7	6.70202160E+1	-5.19866111E+1	8.48193204E+1	-6.59738209E-1
1.07721735E+4	1.03575369E+2	1.09014223E-7	6.53866659E+1	-4.99703106E+1	8.22948847E+1	-6.52544917E-1
1.15506485E+4	9.99392495E+1	1.03756710E-7	6.38043253E+1	-4.80162933E+1	7.98533429E+1	-6.45134598E-1
1.23853818E+4	9.64424972E+1	9.86983931E-8	6.22731631E+1	-4.61284346E+1	7.74969634E+1	-6.37550516E-1
1.32804389E+4	9.30678473E+1	9.38276939E-8	6.07912817E+1	-4.42959790E+1	7.52177752E+1	-6.29700929E-1
1.42401793E+4	8.98217299E+1	8.91240240E-8	5.93654514E+1	-4.25211790E+1	7.30226508E+1	-6.21556463E-1
1.52692775E+4	8.66976638E+1	8.45903591E-8	5.79896243E+1	-4.08015731E+1	7.09053238E+1	-6.13138838E-1
1.63727458E+4	8.36914287E+1	8.02174879E-8	5.66637742E+1	-3.91342414E+1	6.88641576E+1	-6.04416094E-1
1.75559587E+4	8.08111864E+1	7.59852934E-8	5.53961607E+1	-3.75219241E+1	6.69076188E+1	-5.95354103E-1
1.88246790E+4	7.80315177E+1	7.19065902E-8	5.41717860E+1	-3.59516929E+1	6.50162031E+1	-5.85918757E-1
2.01850863E+4	7.53616840E+1	6.79595109E-8	5.30002171E+1	-3.44261899E+1	6.31995696E+1	-5.76057470E-1
2.16438064E+4	7.28047955E+1	6.41456187E-8	5.18793224E+1	-3.29484346E+1	6.14578185E+1	-5.65827600E-1
2.32079442E+4	7.03526509E+1	6.04559408E-8	5.08087745E+1	-3.15119080E+1	5.97873896E+1	-5.55144533E-1
2.48851178E+4	6.80052661E+1	5.69006889E-8	4.97818334E+1	-3.01196905E+1	5.81844205E+1	-5.44112587E-1
2.66834962E+4	6.57618666E+1	5.34639249E-8	4.88040192E+1	-2.87682303E+1	5.66519496E+1	-5.32636695E-1
2.86118383E+4	6.36186656E+1	5.01433768E-8	4.78736232E+1	-2.74549121E+1	5.51874625E+1	-5.20696657E-1
3.06795364E+4	6.15763838E+1	4.69389769E-8	4.69897247E+1	-2.61805857E+1	5.37908665E+1	-5.08320307E-1
3.28966612E+4	5.96334646E+1	4.38538515E-8	4.61492995E+1	-2.49456360E+1	5.24599144E+1	-4.95552828E-1
3.52740116E+4	5.77842924E+1	4.08841418E-8	4.53510101E+1	-2.37457760E+1	5.11915620E+1	-4.82348645E-1
3.78231664E+4	5.60291026E+1	3.80338244E-8	4.45923399E+1	-2.25830018E+1	4.99846855E+1	-4.68780210E-1
4.05565415E+4	5.43641170E+1	3.52967685E-8	4.38739408E+1	-2.14533296E+1	4.88381823E+1	-4.54790050E-1
4.34874501E+4	5.27929706E+1	3.26793900E-8	4.31942444E+1	-2.03619670E+1	4.77530362E+1	-4.40510756E-1
4.66301673E+4	5.13041619E+1	3.01737125E-8	4.25509800E+1	-1.92991309E+1	4.67230389E+1	-4.25804793E-1
5.00000000E+4	4.98986421E+1	2.77851519E-8	4.19416599E+1	-1.82682518E+1	4.57474794E+1	-4.10783807E-1
5.36133611E+4	4.85733539E+1	2.55164997E-8	4.13630050E+1	-1.72696753E+1	4.48234300E+1	-3.95513748E-1
5.74878498E+4	4.73261968E+1	2.33585163E-8	4.08180435E+1	-1.62987754E+1	4.39518231E+1	-3.79905543E-1
6.16423370E+4	4.61532904E+1	2.13139059E-8	4.03028903E+1	-1.53553906E+1	4.31290041E+1	-3.64020309E-1
6.60970574E+4	4.50511648E+1	1.93828132E-8	3.98149670E+1	-1.44388028E+1	4.23522212E+1	-3.47897452E-1
7.08737081E+4	4.40167009E+1	1.75610736E-8	3.93538224E+1	-1.35462939E+1	4.16200123E+1	-3.31514557E-1
7.59955541E+4	4.30472653E+1	1.58481695E-8	3.89174566E+1	-1.26776038E+1	4.09303076E+1	-3.14915727E-1
8.14875417E+4	4.21356034E+1	1.42409337E-8	3.85015157E+1	-1.18286885E+1	4.02775942E+1	-2.98073415E-1
8.73764200E+4	4.12829848E+1	1.27358361E-8	3.81078659E+1	-1.09998634E+1	3.96636666E+1	-2.81012375E-1
9.36908711E+4	4.04873591E+1	1.13278664E-8	3.77366020E+1	-1.01884355E+1	3.90877904E+1	-2.63700794E-1
1.00461650E+5	3.97414144E+1	1.00160351E-8	3.73815043E+1	-9.39238966E+0	3.85434022E+1	-2.46162003E-1
1.07721735E+5	3.90448459E+1	8.79290414E-9	3.70445997E+1	-8.60803769E+0	3.80315749E+1	-2.28317737E-1
1.15506485E+5	3.83969976E+1	7.65784588E-9	3.67246079E+1	-7.83695394E+0	3.75514937E+1	-2.10244334E-1
1.23853818E+5	3.77918229E+1	6.60503792E-9	3.64176638E+1	-7.07415391E+0	3.70983813E+1	-1.91861251E-1
1.32804389E+5	3.72302626E+1	5.63111827E-9	3.61247255E+1	-6.31956863E+0	3.66733283E+1	-1.73185024E-1
1.42401793E+5	3.67089571E+1	4.72939236E-9	3.58440633E+1	-5.56788113E+0	3.62739326E+1	-1.54104610E-1
1.52692775E+5	3.62284185E+1	3.89730668E-9	3.55756228E+1	-4.81908755E+0	3.59005369E+1	-1.34640846E-1
1.63727458E+5	3.57847244E+1	3.12979197E-9	3.53159113E+1	-4.06897417E+0	3.55495450E+1	-1.14710655E-1
1.75559587E+5	3.53792428E+1	2.42434015E-9	3.50653570E+1	-3.31760569E+0	3.52219502E+1	-9.43312626E-2
1.88246790E+5	3.49984947E+1	1.79734816E-9	3.48005793E+1	-2.58885907E+0	3.48993822E+1	-7.42544819E-2
2.01850863E+5	3.46797535E+1	1.17989240E-9	3.45866069E+1	-1.79488590E+0	3.46331489E+1	-5.18488905E-2
2.16438064E+5	3.43875208E+1	6.34153909E-10	3.43573045E+1	-1.01889196E+0	3.43724093E+1	-2.96470702E-2
2.32079442E+5	3.41330806E+1	1.34501962E-10	3.41315507E+1	-2.28494923E-1	3.41323156E+1	-6.69443765E-3
2.48851178E+5	3.39196434E+1	-3.21770468E-10	3.39097674E+1	5.78684294E-1	3.39147050E+1	1.70637626E-2
2.66834962E+5	3.37491649E+1	-7.37525199E-10	3.36904903E+1	1.40594948E+0	3.37198148E+1	4.17071495E-2
2.86118383E+5	3.36165687E+1	-1.11439215E-9	3.34647854E+1	2.25374648E+0	3.35405912E+1	6.72452677E-2
3.06795364E+5	3.35380813E+1	-1.45681381E-9	3.32432013E+1	3.13093322E+0	3.33903158E+1	9.39056521E-2
3.28966612E+5	3.35120179E+1	-1.76487590E-9	3.30185567E+1	4.03649482E+0	3.32643722E+1	1.21645699E-1
3.52740116E+5	3.35453775E+1	-2.03987668E-9	3.27911520E+1	4.97310903E+0	3.31661208E+1	1.50513107E-1
3.78231664E+5	3.36413650E+1	-2.28562078E-9	3.25543371E+1	5.94872977E+0	3.30933880E+1	1.80738274E-1
4.05565415E+5	3.38086661E+1	-2.50140699E-9	3.23082217E+1	6.96251600E+0	3.30499300E+1	2.12256805E-1
4.34874501E+5	3.40617558E+1	-2.69185267E-9	3.20500992E+1	8.02955535E+0	3.30406212E+1	2.45478714E-1
4.66301673E+5	3.44110313E+1	-2.85264623E-9	3.17821646E+1	9.14062500E+0	3.30704862E+1	2.80044350E-1
NaN	NaN	NaN	NaN	NaN	NaN	NaN
