Start time:20240905_09-46-05	sweep/start:500.000	sweep/stop:500000.000	sweep/samplecount:100.000	sweep/xmapping:1.000	sweep/scan:0.000	sweep/averaging/sample:10.000	sweep/settling/time:0.100	sweep/settling/inaccuracy:0.010	sweep/awgcontrol:0.000	sweep/averaging/time:0.100	sweep/averaging/tc:15.000	sweep/bandwidthcontrol:2.000	sweep/sincfilter:0.000	sweep/omegasuppression:80.000	sweep/maxbandwidth:100.000	sweep/bandwidth:1250000.000	sweep/order:8.000	sweep/bandwidthoverlap:1.000																				
Frequency	Param0		Param1		RealZ		ImagZ		AbsZ		PhaseZ		
5.00000000E+2	1.13956183E+3	6.85402776E-7	1.62308090E+2	-3.98266425E+2	4.30069840E+2	-1.18380993E+0
5.36133611E+2	1.03546784E+3	6.70562359E-7	1.60019603E+2	-3.74284431E+2	4.07056649E+2	-1.16678068E+0
5.74878498E+2	9.41857568E+2	6.54826591E-7	1.57953133E+2	-3.51880848E+2	3.85706272E+2	-1.14887216E+0
6.16423370E+2	8.58896401E+2	6.38444722E-7	1.55859148E+2	-3.31020786E+2	3.65878176E+2	-1.13074437E+0
6.60970574E+2	7.84752865E+2	6.21270206E-7	1.53882524E+2	-3.11576479E+2	3.47505017E+2	-1.11205378E+0
7.08737081E+2	7.18859353E+2	6.03413514E-7	1.51940338E+2	-2.93492504E+2	3.30490120E+2	-1.09309115E+0
7.59955541E+2	6.60280704E+2	5.84972464E-7	1.50014349E+2	-2.76671762E+2	3.14724596E+2	-1.07395316E+0
8.14875417E+2	6.07968903E+2	5.65987844E-7	1.48141251E+2	-2.60997003E+2	3.00108760E+2	-1.05454301E+0
8.73764200E+2	5.61476274E+2	5.46577351E-7	1.46268595E+2	-2.46438306E+2	2.86576939E+2	-1.03514756E+0
9.36908711E+2	5.20012618E+2	5.26773896E-7	1.44434216E+2	-2.32908491E+2	2.74057676E+2	-1.01570461E+0
1.00461650E+3	4.83208790E+2	5.06781200E-7	1.42568839E+2	-2.20373860E+2	2.62470024E+2	-9.96574704E-1
1.07721735E+3	4.50262420E+2	4.86702934E-7	1.40706328E+2	-2.08701934E+2	2.51703733E+2	-9.77598154E-1
1.15506485E+3	4.20927168E+2	4.66609187E-7	1.38834812E+2	-1.97899559E+2	2.41742305E+2	-9.59036354E-1
1.23853818E+3	3.94668050E+2	4.46670311E-7	1.36943034E+2	-1.87866026E+2	2.32480191E+2	-9.40910515E-1
1.32804389E+3	3.71177672E+2	4.26989094E-7	1.35024375E+2	-1.78567771E+2	2.23870569E+2	-9.23369560E-1
1.42401793E+3	3.50164304E+2	4.07733509E-7	1.33047407E+2	-1.69961285E+2	2.15843581E+2	-9.06625279E-1
1.52692775E+3	3.31267318E+2	3.88943522E-7	1.31038627E+2	-1.61980527E+2	2.08347819E+2	-8.90605131E-1
1.63727458E+3	3.14259893E+2	3.70769205E-7	1.28965628E+2	-1.54585220E+2	2.01317471E+2	-8.75506218E-1
1.75559587E+3	2.98883994E+2	3.53246546E-7	1.26842232E+2	-1.47723254E+2	1.94707761E+2	-8.61303202E-1
1.88246790E+3	2.84935836E+2	3.36500457E-7	1.24637488E+2	-1.41347737E+2	1.88450754E+2	-8.48139678E-1
2.01850863E+3	2.72274044E+2	3.20467410E-7	1.22391286E+2	-1.35441288E+2	1.82548541E+2	-8.35969257E-1
2.16438064E+3	2.60668718E+2	3.05256215E-7	1.20071935E+2	-1.29929701E+2	1.76915225E+2	-8.24808556E-1
2.32079442E+3	2.50019804E+2	2.90877139E-7	1.17678100E+2	-1.24794711E+2	1.71528001E+2	-8.14739882E-1
2.48851178E+3	2.40199973E+2	2.77296447E-7	1.15225369E+2	-1.20001018E+2	1.66364450E+2	-8.05697726E-1
2.66834962E+3	2.31053671E+2	2.64519759E-7	1.12709389E+2	-1.15492474E+2	1.61375085E+2	-7.97593272E-1
2.86118383E+3	2.22514040E+2	2.52523985E-7	1.10133539E+2	-1.11251345E+2	1.56544749E+2	-7.90447275E-1
3.06795364E+3	2.14479097E+2	2.41254994E-7	1.07513652E+2	-1.07239197E+2	1.51853320E+2	-7.84120160E-1
3.28966612E+3	2.06891869E+2	2.30699566E-7	1.04845974E+2	-1.03436459E+2	1.47281293E+2	-7.78630940E-1
3.52740116E+3	1.99658000E+2	2.20780798E-7	1.02154181E+2	-9.98019162E+1	1.42814213E+2	-7.73751281E-1
3.78231664E+3	1.92756148E+2	2.11477618E-7	9.94372163E+1	-9.63295106E+1	1.38445421E+2	-7.69524962E-1
4.05565415E+3	1.86113827E+2	2.02738428E-7	9.67071904E+1	-9.29852915E+1	1.34158657E+2	-7.65779983E-1
4.34874501E+3	1.79696755E+2	1.94506983E-7	9.39791525E+1	-8.97533703E+1	1.29952871E+2	-7.62402575E-1
4.66301673E+3	1.73486906E+2	1.86721790E-7	9.12715923E+1	-8.66251833E+1	1.25834916E+2	-7.59285533E-1
5.00000000E+3	1.67467449E+2	1.79344624E-7	8.85929658E+1	-8.35926085E+1	1.21804917E+2	-7.56365810E-1
5.36133611E+3	1.61592814E+2	1.72342035E-7	8.59490245E+1	-8.06319406E+1	1.17850518E+2	-7.53490080E-1
5.74878498E+3	1.55873995E+2	1.65667608E-7	8.33537250E+1	-7.77485343E+1	1.13985429E+2	-7.50619442E-1
6.16423370E+3	1.50280943E+2	1.59290367E-7	8.08128656E+1	-7.49260593E+1	1.10202693E+2	-7.47616953E-1
6.60970574E+3	1.44826530E+2	1.53167014E-7	7.83399478E+1	-7.21703214E+1	1.06516209E+2	-7.44429701E-1
7.08737081E+3	1.39510277E+2	1.47272845E-7	7.59396581E+1	-6.94804360E+1	1.02928921E+2	-7.41009667E-1
7.59955541E+3	1.34316741E+2	1.41596898E-7	7.36097103E+1	-6.68477887E+1	9.94334771E+1	-7.37293183E-1
8.14875417E+3	1.29256621E+2	1.36093897E-7	7.13653956E+1	-6.42762023E+1	9.60439998E+1	-7.33181518E-1
8.73764200E+3	1.24335501E+2	1.30758082E-7	6.92035057E+1	-6.17683358E+1	9.27601883E+1	-7.28689805E-1
9.36908711E+3	1.19545337E+2	1.25570210E-7	6.71265382E+1	-5.93185676E+1	8.95804925E+1	-7.23726585E-1
1.00461650E+4	1.14895576E+2	1.20523943E-7	6.51322296E+1	-5.69315172E+1	8.65066761E+1	-7.18315122E-1
1.07721735E+4	1.10391721E+2	1.15591658E-7	6.32283859E+1	-5.46082544E+1	8.35457377E+1	-7.12375002E-1
1.15506485E+4	1.06026659E+2	1.10780589E-7	6.14057148E+1	-5.23448272E+1	8.06885542E+1	-7.05910223E-1
1.23853818E+4	1.01814721E+2	1.06069272E-7	5.96704711E+1	-5.01474543E+1	7.79444182E+1	-6.98898135E-1
1.32804389E+4	9.77364747E+1	1.01467260E-7	5.80114855E+1	-4.80052664E+1	7.52983272E+1	-6.91293561E-1
1.42401793E+4	9.38112602E+1	9.69531232E-8	5.64361967E+1	-4.59271859E+1	7.27622891E+1	-6.83092817E-1
1.52692775E+4	9.00380438E+1	9.25327105E-8	5.49377743E+1	-4.39127615E+1	7.03312854E+1	-6.74325057E-1
1.63727458E+4	8.64096071E+1	8.82019799E-8	5.35133893E+1	-4.19569786E+1	6.80005214E+1	-6.64937134E-1
1.75559587E+4	8.29327093E+1	8.39546836E-8	5.21634653E+1	-4.00628297E+1	6.57727715E+1	-6.54937471E-1
1.88246790E+4	7.96047528E+1	7.97832927E-8	5.08881327E+1	-3.82274133E+1	6.36469733E+1	-6.44271782E-1
2.01850863E+4	7.64225622E+1	7.56997757E-8	4.96787227E+1	-3.64499622E+1	6.16163555E+1	-6.32996175E-1
2.16438064E+4	7.33880534E+1	7.16963544E-8	4.85369986E+1	-3.47303263E+1	5.96827934E+1	-6.21081746E-1
2.32079442E+4	7.04930497E+1	6.77858152E-8	4.74535862E+1	-3.30651645E+1	5.78372543E+1	-6.08568073E-1
2.48851178E+4	6.77408235E+1	6.39466974E-8	4.64375738E+1	-3.14526812E+1	5.60867138E+1	-5.95335622E-1
2.66834962E+4	6.51372700E+1	6.02076630E-8	4.54766781E+1	-2.99014777E+1	5.44263415E+1	-5.81638197E-1
2.86118383E+4	6.26674491E+1	5.65555203E-8	4.45726500E+1	-2.83995268E+1	5.28512466E+1	-5.67289725E-1
3.06795364E+4	6.03366832E+1	5.29982254E-8	4.37233636E+1	-2.69516268E+1	5.13626589E+1	-5.52400168E-1
3.28966612E+4	5.81361441E+1	4.95378541E-8	4.29255526E+1	-2.55523587E+1	4.99552411E+1	-5.36935419E-1
3.52740116E+4	5.60633975E+1	4.61833400E-8	4.21749541E+1	-2.42021577E+1	4.86258286E+1	-5.20970671E-1
3.78231664E+4	5.41142660E+1	4.29346441E-8	4.14709992E+1	-2.28982287E+1	4.73726997E+1	-5.04492687E-1
4.05565415E+4	5.22890628E+1	3.97957348E-8	4.08133723E+1	-2.16416639E+1	4.61962443E+1	-4.87560871E-1
4.34874501E+4	5.05781548E+1	3.67816641E-8	4.01927378E+1	-2.04308179E+1	4.50874097E+1	-4.70282330E-1
4.66301673E+4	4.89764124E+1	3.38831702E-8	3.96123148E+1	-1.92596355E+1	4.40462151E+1	-4.52549400E-1
5.00000000E+4	4.74826657E+1	3.11147508E-8	3.90666144E+1	-1.81324740E+1	4.30695599E+1	-4.34552347E-1
5.36133611E+4	4.60919226E+1	2.84655220E-8	3.85596379E+1	-1.70423635E+1	4.21578918E+1	-4.16159622E-1
5.74878498E+4	4.47957054E+1	2.59519057E-8	3.80809405E+1	-1.59907646E+1	4.13020894E+1	-3.97555879E-1
6.16423370E+4	4.35916067E+1	2.35640562E-8	3.76348010E+1	-1.49727479E+1	4.05038448E+1	-3.78645644E-1
6.60970574E+4	4.24747075E+1	2.13106689E-8	3.72156855E+1	-1.39899286E+1	3.97583369E+1	-3.59572481E-1
7.08737081E+4	4.14380105E+1	1.91846727E-8	3.68231592E+1	-1.30358501E+1	3.90624942E+1	-3.40244741E-1
7.59955541E+4	4.04810635E+1	1.71896528E-8	3.64562466E+1	-1.21132038E+1	3.84159815E+1	-3.20790451E-1
8.14875417E+4	3.95925241E+1	1.53238726E-8	3.61082516E+1	-1.12165490E+1	3.78102740E+1	-3.01186467E-1
8.73764200E+4	3.87734774E+1	1.35805335E-8	3.57830785E+1	-1.03443544E+1	3.72482803E+1	-2.81413281E-1
9.36908711E+4	3.80179057E+1	1.19577373E-8	3.54770707E+1	-9.49428116E+0	3.67255214E+1	-2.61489790E-1
1.00461650E+5	3.73247055E+1	1.04516993E-8	3.51908883E+1	-8.66550142E+0	3.62420963E+1	-2.41439322E-1
1.07721735E+5	3.66842646E+1	9.05566758E-9	3.49189264E+1	-7.85135063E+0	3.57907130E+1	-2.21167033E-1
1.15506485E+5	3.61003251E+1	7.76867935E-9	3.46642697E+1	-7.05548052E+0	3.53750110E+1	-2.00794725E-1
1.23853818E+5	3.55624740E+1	6.58140586E-9	3.44205996E+1	-6.26928961E+0	3.49868787E+1	-1.80162798E-1
1.32804389E+5	3.50736568E+1	5.48763315E-9	3.41917109E+1	-5.49135002E+0	3.46298762E+1	-1.59244833E-1
1.42401793E+5	3.46289369E+1	4.49154849E-9	3.39710217E+1	-4.72758333E+0	3.42984018E+1	-1.38277074E-1
1.52692775E+5	3.42294984E+1	3.57581179E-9	3.37639123E+1	-3.96484582E+0	3.39959083E+1	-1.16893171E-1
1.63727458E+5	3.38709783E+1	2.74162375E-9	3.35646714E+1	-3.20641253E+0	3.37174770E+1	-9.52403710E-2
1.75559587E+5	3.35529489E+1	1.98015731E-9	3.33736927E+1	-2.44590193E+0	3.34632008E+1	-7.31575305E-2
1.88246790E+5	3.33027674E+1	1.30510694E-9	3.32095741E+1	-1.70687796E+0	3.32561309E+1	-5.13534251E-2
2.01850863E+5	3.30347098E+1	6.59123825E-10	3.30095365E+1	-9.11564273E-1	3.30221208E+1	-2.76081664E-2
2.16438064E+5	3.28346690E+1	9.07824393E-11	3.28341291E+1	-1.33098522E-1	3.28343990E+1	-4.05364287E-3
2.32079442E+5	3.26752177E+1	-4.21233445E-10	3.26620603E+1	6.55543407E-1	3.26686384E+1	2.00677910E-2
2.48851178E+5	3.25594621E+1	-8.83571476E-10	3.24937146E+1	1.46163159E+0	3.25265718E+1	4.49516728E-2
2.66834962E+5	3.24854148E+1	-1.29789671E-9	3.23238933E+1	2.28493914E+0	3.24045534E+1	7.05714783E-2
2.86118383E+5	3.24584572E+1	-1.66821095E-9	3.21537786E+1	3.12994351E+0	3.23057587E+1	9.70372169E-2
3.06795364E+5	3.24830038E+1	-1.99796487E-9	3.19824425E+1	4.00114491E+0	3.22317514E+1	1.24457811E-1
3.28966612E+5	3.25614363E+1	-2.28883410E-9	3.18066597E+1	4.89967876E+0	3.21818353E+1	1.52844241E-1
3.52740116E+5	3.26964071E+1	-2.54470043E-9	3.16211292E+1	5.83107650E+0	3.21542736E+1	1.82355856E-1
3.78231664E+5	3.29102162E+1	-2.76569150E-9	3.14392034E+1	6.80054417E+0	3.21663019E+1	2.13025828E-1
4.05565415E+5	3.31849512E+1	-2.95599437E-9	3.12333534E+1	7.80735986E+0	3.21943676E+1	2.44949162E-1
4.34874501E+5	3.35524190E+1	-3.11444875E-9	3.10232109E+1	8.85799750E+0	3.22630403E+1	2.78127492E-1
4.66301673E+5	3.40180194E+1	-3.24404002E-9	3.07983472E+1	9.95793831E+0	3.23681752E+1	3.12718027E-1
NaN	NaN	NaN	NaN	NaN	NaN	NaN
