Start time:20240905_22-45-49	sweep/start:500.000	sweep/stop:500000.000	sweep/samplecount:100.000	sweep/xmapping:1.000	sweep/scan:0.000	sweep/averaging/sample:10.000	sweep/settling/time:0.100	sweep/settling/inaccuracy:0.010	sweep/awgcontrol:0.000	sweep/averaging/time:0.100	sweep/averaging/tc:15.000	sweep/bandwidthcontrol:2.000	sweep/sincfilter:0.000	sweep/omegasuppression:80.000	sweep/maxbandwidth:100.000	sweep/bandwidth:1250000.000	sweep/order:8.000	sweep/bandwidthoverlap:1.000																				
Frequency	Param0		Param1		RealZ		ImagZ		AbsZ		PhaseZ		
5.00000000E+2	1.04335775E+3	7.25227593E-7	1.56875528E+2	-3.72917353E+2	4.04570496E+2	-1.17259806E+0
5.36133611E+2	9.50269795E+2	7.08099696E-7	1.54819197E+2	-3.50928756E+2	3.83562225E+2	-1.15530975E+0
5.74878498E+2	8.67051722E+2	6.90328085E-7	1.52804353E+2	-3.30363575E+2	3.63990748E+2	-1.13756822E+0
6.16423370E+2	7.93495654E+2	6.71910137E-7	1.50736640E+2	-3.11267269E+2	3.45845126E+2	-1.11981371E+0
6.60970574E+2	7.27734220E+2	6.52848899E-7	1.48726798E+2	-2.93451707E+2	3.28988705E+2	-1.10170869E+0
7.08737081E+2	6.69365373E+2	6.33332808E-7	1.46666545E+2	-2.76879801E+2	3.13326509E+2	-1.08366264E+0
7.59955541E+2	6.17461761E+2	6.13391211E-7	1.44583321E+2	-2.61477206E+2	2.98788667E+2	-1.06569253E+0
8.14875417E+2	5.70985480E+2	5.93133295E-7	1.42506001E+2	-2.47105014E+2	2.85252258E+2	-1.04768375E+0
8.73764200E+2	5.29461417E+2	5.72657276E-7	1.40410608E+2	-2.33723885E+2	2.72657285E+2	-1.02982244E+0
9.36908711E+2	4.92333057E+2	5.52090447E-7	1.38283722E+2	-2.21267382E+2	2.60924593E+2	-1.01222428E+0
1.00461650E+3	4.59034169E+2	5.31572586E-7	1.36117718E+2	-2.09653633E+2	2.49965358E+2	-9.94948205E-1
1.07721735E+3	4.29062669E+2	5.11167580E-7	1.33931053E+2	-1.98814702E+2	2.39718196E+2	-9.77976306E-1
1.15506485E+3	4.02110216E+2	4.90925513E-7	1.31729253E+2	-1.88724875E+2	2.30151419E+2	-9.61416439E-1
1.23853818E+3	3.77778829E+2	4.71084975E-7	1.29464269E+2	-1.79298243E+2	2.21153472E+2	-9.45417249E-1
1.32804389E+3	3.55753288E+2	4.51588535E-7	1.27187226E+2	-1.70501265E+2	2.12714063E+2	-9.29885447E-1
1.42401793E+3	3.35733871E+2	4.32526852E-7	1.24894732E+2	-1.62273523E+2	2.04771558E+2	-9.14833829E-1
1.52692775E+3	3.17503466E+2	4.14013158E-7	1.22566582E+2	-1.54572785E+2	1.97269646E+2	-9.00376550E-1
1.63727458E+3	3.00845997E+2	3.96071626E-7	1.20214154E+2	-1.47358417E+2	1.90173464E+2	-8.86498653E-1
1.75559587E+3	2.85558888E+2	3.78705287E-7	1.17853754E+2	-1.40586907E+2	1.83450773E+2	-8.73135101E-1
1.88246790E+3	2.71512762E+2	3.61947623E-7	1.15483389E+2	-1.34234125E+2	1.77074034E+2	-8.60345310E-1
2.01850863E+3	2.58532216E+2	3.45848966E-7	1.13096302E+2	-1.28250782E+2	1.70994260E+2	-8.48107064E-1
2.16438064E+3	2.46493653E+2	3.30362975E-7	1.10715533E+2	-1.22608101E+2	1.65198898E+2	-8.36324357E-1
2.32079442E+3	2.35321634E+2	3.15529595E-7	1.08328570E+2	-1.17290138E+2	1.59662318E+2	-8.25097264E-1
2.48851178E+3	2.24887429E+2	3.01299220E-7	1.05956720E+2	-1.12256436E+2	1.54364290E+2	-8.14259704E-1
2.66834962E+3	2.15150987E+2	2.87658325E-7	1.03603448E+2	-1.07502137E+2	1.49299645E+2	-8.03864018E-1
2.86118383E+3	2.06003905E+2	2.74625530E-7	1.01260813E+2	-1.02987234E+2	1.44430339E+2	-7.93850535E-1
3.06795364E+3	1.97420025E+2	2.62135183E-7	9.89497617E+1	-9.87097203E+1	1.39766464E+2	-7.84183747E-1
3.28966612E+3	1.89338194E+2	2.50201860E-7	9.66610746E+1	-9.46481369E+1	1.35283529E+2	-7.74876645E-1
3.52740116E+3	1.81703022E+2	2.38760720E-7	9.44143889E+1	-9.07816209E+1	1.30978546E+2	-7.65784877E-1
3.78231664E+3	1.74477257E+2	2.27823516E-7	9.21998621E+1	-8.70974414E+1	1.26833667E+2	-7.56947961E-1
4.05565415E+3	1.67631452E+2	2.17362334E-7	9.00224611E+1	-8.35855979E+1	1.22843786E+2	-7.48338156E-1
4.34874501E+3	1.61142087E+2	2.07342140E-7	8.78899805E+1	-8.02379336E+1	1.19007457E+2	-7.39916307E-1
4.66301673E+3	1.54981533E+2	1.97737680E-7	8.58062117E+1	-7.70433137E+1	1.15318594E+2	-7.31640224E-1
5.00000000E+3	1.49127762E+2	1.88541523E-7	8.37681312E+1	-7.39936083E+1	1.11768305E+2	-7.23519762E-1
5.36133611E+3	1.43555704E+2	1.79745645E-7	8.17724746E+1	-7.10786008E+1	1.08346228E+2	-7.15549282E-1
5.74878498E+3	1.38240764E+2	1.71324403E-7	7.98225581E+1	-6.82868261E+1	1.05046330E+2	-7.07668516E-1
6.16423370E+3	1.33184722E+2	1.63254548E-7	7.79231059E+1	-6.56213130E+1	1.01873290E+2	-6.99906799E-1
6.60970574E+3	1.28347436E+2	1.55517515E-7	7.60731293E+1	-6.30608437E+1	9.88118974E+1	-6.92145988E-1
7.08737081E+3	1.23734116E+2	1.48122827E-7	7.42647958E+1	-6.06121183E+1	9.58597351E+1	-6.84518536E-1
7.59955541E+3	1.19311471E+2	1.41025787E-7	7.25076439E+1	-5.82549152E+1	9.30107177E+1	-6.76829738E-1
8.14875417E+3	1.15081354E+2	1.34238023E-7	7.07927510E+1	-5.59938566E+1	9.02603213E+1	-6.69201107E-1
8.73764200E+3	1.11034300E+2	1.27719995E-7	6.91307024E+1	-5.38221615E+1	8.76120946E+1	-6.61528224E-1
9.36908711E+3	1.07151402E+2	1.21476912E-7	6.75124961E+1	-5.17312426E+1	8.50532692E+1	-6.53818312E-1
1.00461650E+4	1.03426861E+2	1.15488424E-7	6.59414408E+1	-4.97176285E+1	8.25839950E+1	-6.46034752E-1
1.07721735E+4	9.98580880E+1	1.09735789E-7	6.44210566E+1	-4.77796082E+1	8.02057574E+1	-6.38152995E-1
1.15506485E+4	9.64264868E+1	1.04226782E-7	6.29409576E+1	-4.59087273E+1	7.79049126E+1	-6.30182007E-1
1.23853818E+4	9.31323678E+1	9.89338348E-8	6.15089970E+1	-4.41035346E+1	7.56867129E+1	-6.22061482E-1
1.32804389E+4	8.99596334E+1	9.38517196E-8	6.01204635E+1	-4.23549843E+1	7.35419258E+1	-6.13741027E-1
1.42401793E+4	8.69163183E+1	8.89669769E-8	5.87794180E+1	-4.06678078E+1	7.14765038E+1	-6.05249779E-1
1.52692775E+4	8.39897390E+1	8.42635699E-8	5.74866755E+1	-3.90329729E+1	6.94859040E+1	-5.96486823E-1
1.63727458E+4	8.11767355E+1	7.97478140E-8	5.62356541E+1	-3.74510073E+1	6.75649820E+1	-5.87517044E-1
1.75559587E+4	7.84720078E+1	7.53919275E-8	5.50340582E+1	-3.59149743E+1	6.57163071E+1	-5.78197605E-1
1.88246790E+4	7.58801575E+1	7.12059039E-8	5.38762172E+1	-3.44309305E+1	6.39385316E+1	-5.68656532E-1
2.01850863E+4	7.33935046E+1	6.71717548E-8	5.27654165E+1	-3.29916598E+1	6.22305297E+1	-5.58780202E-1
2.16438064E+4	7.10022488E+1	6.32842772E-8	5.16985268E+1	-3.15907253E+1	6.05863981E+1	-5.48509703E-1
2.32079442E+4	6.87146843E+1	5.95531732E-8	5.06717267E+1	-3.02368604E+1	5.90075561E+1	-5.38004650E-1
2.48851178E+4	6.65206418E+1	5.59538957E-8	4.96905499E+1	-2.89187894E+1	5.74930190E+1	-5.27062358E-1
2.66834962E+4	6.44214457E+1	5.24895698E-8	4.87522459E+1	-2.76388970E+1	5.60418607E+1	-5.15744989E-1
2.86118383E+4	6.24176976E+1	4.91589338E-8	4.78561015E+1	-2.63981287E+1	5.46540727E+1	-5.04082053E-1
3.06795364E+4	6.05032715E+1	4.59550851E-8	4.70014237E+1	-2.51913885E+1	5.33267278E+1	-4.92008431E-1
3.28966612E+4	5.86851650E+1	4.28807334E-8	4.61888581E+1	-2.40247816E+1	5.20634302E+1	-4.79631342E-1
3.52740116E+4	5.69517414E+1	3.99351812E-8	4.54126497E+1	-2.28914987E+1	5.08559680E+1	-4.66904351E-1
3.78231664E+4	5.53026014E+1	3.71090893E-8	4.46758592E+1	-2.17889607E+1	4.97060482E+1	-4.53769120E-1
4.05565415E+4	5.37330345E+1	3.44084159E-8	4.39724775E+1	-2.07170424E+1	4.86083804E+1	-4.40291411E-1
4.34874501E+4	5.22496019E+1	3.18281265E-8	4.33075125E+1	-1.96789134E+1	4.75689004E+1	-4.26506547E-1
4.66301673E+4	5.08452996E+1	2.93694952E-8	4.26762028E+1	-1.86715296E+1	4.65820170E+1	-4.12424031E-1
5.00000000E+4	4.95134673E+1	2.70313168E-8	4.20746871E+1	-1.76913634E+1	4.56427830E+1	-3.98031887E-1
5.36133611E+4	4.82546305E+1	2.48107510E-8	4.15038762E+1	-1.67386515E+1	4.47521420E+1	-3.83350827E-1
5.74878498E+4	4.70665561E+1	2.27055344E-8	4.09628900E+1	-1.58121407E+1	4.39087936E+1	-3.68389343E-1
6.16423370E+4	4.59484689E+1	2.07131186E-8	4.04519194E+1	-1.49112699E+1	4.31126867E+1	-3.53163009E-1
6.60970574E+4	4.48918858E+1	1.88341216E-8	3.99644166E+1	-1.40329406E+1	4.23565582E+1	-3.37686382E-1
7.08737081E+4	4.38988654E+1	1.70651596E-8	3.95026076E+1	-1.31781497E+1	4.16427623E+1	-3.21992352E-1
7.59955541E+4	4.29656480E+1	1.54005720E-8	3.90657867E+1	-1.23430602E+1	4.09693402E+1	-3.06030067E-1
8.14875417E+4	4.20859434E+1	1.38386468E-8	3.86492220E+1	-1.15250422E+1	4.03309926E+1	-2.89800901E-1
8.73764200E+4	4.12602926E+1	1.23780302E-8	3.82529631E+1	-1.07256355E+1	3.97281821E+1	-2.73367580E-1
9.36908711E+4	4.04886550E+1	1.10103974E-8	3.78798855E+1	-9.94081869E+0	3.91625537E+1	-2.56642848E-1
1.00461650E+5	3.97632848E+1	9.73851323E-9	3.75215171E+1	-9.17139655E+0	3.86261410E+1	-2.39729785E-1
1.07721735E+5	3.90819489E+1	8.55105230E-9	3.71797143E+1	-8.40978765E+0	3.81189676E+1	-2.22449577E-1
1.15506485E+5	3.84458119E+1	7.44836784E-9	3.68540502E+1	-7.65916828E+0	3.76415181E+1	-2.04907509E-1
1.23853818E+5	3.78528540E+1	6.42574288E-9	3.65435710E+1	-6.91707086E+0	3.71924516E+1	-1.87069681E-1
1.32804389E+5	3.72985750E+1	5.47750201E-9	3.62451892E+1	-6.17898779E+0	3.67681098E+1	-1.68854176E-1
1.42401793E+5	3.67847471E+1	4.60004305E-9	3.59604658E+1	-5.44440359E+0	3.63702714E+1	-1.50258560E-1
1.52692775E+5	3.63083336E+1	3.79002703E-9	3.56863256E+1	-4.71138732E+0	3.59959861E+1	-1.31263083E-1
1.63727458E+5	3.58663860E+1	3.04146121E-9	3.54203239E+1	-3.97487819E+0	3.56426572E+1	-1.11752715E-1
1.75559587E+5	3.54632747E+1	2.35196890E-9	3.51655960E+1	-3.23543579E+0	3.53141217E+1	-9.17474166E-2
1.88246790E+5	3.50873563E+1	1.70711633E-9	3.49070599E+1	-2.47256924E+0	3.49970790E+1	-7.07166121E-2
2.01850863E+5	3.47645428E+1	1.13482595E-9	3.46777260E+1	-1.73510946E+0	3.47211073E+1	-4.99935792E-2
2.16438064E+5	3.44692432E+1	6.00619759E-10	3.44419420E+1	-9.69689089E-1	3.44555899E+1	-2.81468735E-2
2.32079442E+5	3.42124106E+1	1.09677461E-10	3.42113861E+1	-1.87192351E-1	3.42118983E+1	-5.47158536E-3
2.48851178E+5	3.39944600E+1	-3.38487201E-10	3.39834591E+1	6.11417020E-1	3.39889591E+1	1.79896659E-2
2.66834962E+5	3.38160157E+1	-7.47292334E-10	3.37554199E+1	1.43014279E+0	3.37857042E+1	4.23424565E-2
2.86118383E+5	3.36840664E+1	-1.11921647E-9	3.35300506E+1	2.27247169E+0	3.36069703E+1	6.76706921E-2
3.06795364E+5	3.36016344E+1	-1.45664454E-9	3.33051531E+1	3.14234677E+0	3.34530653E+1	9.40716826E-2
3.28966612E+5	3.35690239E+1	-1.76159319E-9	3.30748824E+1	4.04272466E+0	3.33210372E+1	1.21626164E-1
3.52740116E+5	3.35966122E+1	-2.03450948E-9	3.28428714E+1	4.97543392E+0	3.32176040E+1	1.50348852E-1
3.78231664E+5	3.36865836E+1	-2.27917556E-9	3.26012093E+1	5.94848099E+0	3.31394532E+1	1.80476638E-1
4.05565415E+5	3.38503822E+1	-2.49296433E-9	3.23542411E+1	6.95747421E+0	3.30938578E+1	2.11814932E-1
4.34874501E+5	3.40933154E+1	-2.68280103E-9	3.20890282E+1	8.01969917E+0	3.30759937E+1	2.44903635E-1
4.66301673E+5	3.44351366E+1	-2.84370057E-9	3.18162621E+1	9.12812529E+0	3.30998085E+1	2.79396709E-1
5.00000000E+5	3.48807190E+1	-2.97864305E-9	3.15223653E+1	1.02889849E+1	3.31590525E+1	3.15500061E-1
