Start time:20240905_20-10-14	sweep/start:500.000	sweep/stop:500000.000	sweep/samplecount:100.000	sweep/xmapping:1.000	sweep/scan:0.000	sweep/averaging/sample:10.000	sweep/settling/time:0.100	sweep/settling/inaccuracy:0.010	sweep/awgcontrol:0.000	sweep/averaging/time:0.100	sweep/averaging/tc:15.000	sweep/bandwidthcontrol:2.000	sweep/sincfilter:0.000	sweep/omegasuppression:80.000	sweep/maxbandwidth:100.000	sweep/bandwidth:1250000.000	sweep/order:8.000	sweep/bandwidthoverlap:1.000																				
Frequency	Param0		Param1		RealZ		ImagZ		AbsZ		PhaseZ		
5.00000000E+2	9.97237104E+2	6.74403895E-7	1.82506156E+2	-3.85607809E+2	4.26616789E+2	-1.12874023E+0
5.36133611E+2	9.12555169E+2	6.55854024E-7	1.80176222E+2	-3.63259194E+2	4.05488248E+2	-1.11035458E+0
5.74878498E+2	8.37421647E+2	6.36542047E-7	1.77899591E+2	-3.42532751E+2	3.85975328E+2	-1.09177684E+0
6.16423370E+2	7.70317531E+2	6.16721551E-7	1.75646998E+2	-3.23190456E+2	3.67836844E+2	-1.07297397E+0
6.60970574E+2	7.10838404E+2	5.96458997E-7	1.73355542E+2	-3.05246808E+2	3.51038121E+2	-1.05429969E+0
7.08737081E+2	6.57800078E+2	5.75790124E-7	1.71089837E+2	-2.88567413E+2	3.35474128E+2	-1.03561834E+0
7.59955541E+2	6.10596396E+2	5.55008501E-7	1.68745423E+2	-2.73057349E+2	3.20991179E+2	-1.01725722E+0
8.14875417E+2	5.68501493E+2	5.34058630E-7	1.66399762E+2	-2.58668949E+2	3.07568705E+2	-9.99150946E-1
8.73764200E+2	5.30879685E+2	5.13041378E-7	1.64061230E+2	-2.45317507E+2	2.95121617E+2	-9.81338306E-1
9.36908711E+2	4.97208039E+2	4.92267573E-7	1.61639680E+2	-2.32897314E+2	2.83493468E+2	-9.64082648E-1
1.00461650E+3	4.67067927E+2	4.71793635E-7	1.59150908E+2	-2.21371337E+2	2.72643140E+2	-9.47477098E-1
1.07721735E+3	4.39958635E+2	4.51680093E-7	1.56621528E+2	-2.10657749E+2	2.62501413E+2	-9.31475878E-1
1.15506485E+3	4.15597536E+2	4.32050249E-7	1.54028128E+2	-2.00721302E+2	2.53009303E+2	-9.16268836E-1
1.23853818E+3	3.93493001E+2	4.12975246E-7	1.51390513E+2	-1.91447167E+2	2.44071928E+2	-9.01709349E-1
1.32804389E+3	3.73580536E+2	3.94548775E-7	1.48676593E+2	-1.82860468E+2	2.35674947E+2	-8.88142345E-1
1.42401793E+3	3.55425789E+2	3.76867065E-7	1.45883621E+2	-1.74839264E+2	2.27707707E+2	-8.75436494E-1
1.52692775E+3	3.38850550E+2	3.59877538E-7	1.43050662E+2	-1.67359799E+2	2.20165381E+2	-8.63551537E-1
1.63727458E+3	3.23654751E+2	3.43716694E-7	1.40129182E+2	-1.60366101E+2	2.12963553E+2	-8.52641844E-1
1.75559587E+3	3.09665090E+2	3.28314960E-7	1.37159958E+2	-1.53820660E+2	2.06091363E+2	-8.42592802E-1
1.88246790E+3	2.96724927E+2	3.13697733E-7	1.34135983E+2	-1.47678798E+2	1.99503107E+2	-8.33416953E-1
2.01850863E+3	2.84671039E+2	2.99872825E-7	1.31055197E+2	-1.41887820E+2	1.93151802E+2	-8.25065564E-1
2.16438064E+3	2.73406366E+2	2.86780910E-7	1.27941805E+2	-1.36422131E+2	1.87029687E+2	-8.17465398E-1
2.32079442E+3	2.62833489E+2	2.74400796E-7	1.24800704E+2	-1.31250098E+2	1.81112684E+2	-8.10580783E-1
2.48851178E+3	2.52847084E+2	2.62705142E-7	1.21638356E+2	-1.26332947E+2	1.75373611E+2	-8.04327896E-1
2.66834962E+3	2.43375471E+2	2.51649251E-7	1.18467617E+2	-1.21645120E+2	1.69800212E+2	-7.98630773E-1
2.86118383E+3	2.34383551E+2	2.41207074E-7	1.15291485E+2	-1.17176366E+2	1.64384997E+2	-7.93506123E-1
3.06795364E+3	2.25773183E+2	2.31310862E-7	1.12133570E+2	-1.12884077E+2	1.59112390E+2	-7.88733472E-1
3.28966612E+3	2.17546527E+2	2.21937001E-7	1.08995280E+2	-1.08773035E+2	1.53985533E+2	-7.84377604E-1
3.52740116E+3	2.09613302E+2	2.13024093E-7	1.05896855E+2	-1.04800979E+2	1.48987883E+2	-7.80197038E-1
3.78231664E+3	2.02003676E+2	2.04562035E-7	1.02833773E+2	-1.00985222E+2	1.44127722E+2	-7.76328841E-1
4.05565415E+3	1.94659588E+2	1.96486621E-7	9.98281697E+1	-9.72977216E+1	1.39400539E+2	-7.72562157E-1
4.34874501E+3	1.87549102E+2	1.88778325E-7	9.68803587E+1	-9.37231038E+1	1.34795490E+2	-7.68835159E-1
4.66301673E+3	1.80676634E+2	1.81401885E-7	9.39992655E+1	-9.02641060E+1	1.30320646E+2	-7.65130174E-1
5.00000000E+3	1.74051081E+2	1.74320985E-7	9.11950822E+1	-8.69255976E+1	1.25986518E+2	-7.61433134E-1
5.36133611E+3	1.67616995E+2	1.67527846E-7	8.84625440E+1	-8.36791733E+1	1.21769560E+2	-7.57617912E-1
5.74878498E+3	1.61404805E+2	1.60999252E-7	8.58064416E+1	-8.05408372E+1	1.17684204E+2	-7.53754444E-1
6.16423370E+3	1.55378737E+2	1.54705915E-7	8.32330166E+1	-7.74913273E+1	1.13721770E+2	-7.49689517E-1
6.60970574E+3	1.49554835E+2	1.48647912E-7	8.07357910E+1	-7.45396531E+1	1.09883702E+2	-7.45515152E-1
7.08737081E+3	1.43922575E+2	1.42781903E-7	7.83293700E+1	-7.16789675E+1	1.06176102E+2	-7.41093623E-1
7.59955541E+3	1.38464944E+2	1.37114662E-7	7.60030937E+1	-6.89006081E+1	1.02585399E+2	-7.36422149E-1
8.14875417E+3	1.33182654E+2	1.31623457E-7	7.37620498E+1	-6.62041199E+1	9.91152133E+1	-7.31452293E-1
8.73764200E+3	1.28079058E+2	1.26307553E-7	7.16008214E+1	-6.35915723E+1	9.57630708E+1	-7.26223987E-1
9.36908711E+3	1.23147015E+2	1.21155255E-7	6.95191132E+1	-6.10586938E+1	9.25260570E+1	-7.20696433E-1
1.00461650E+4	1.18387073E+2	1.16136459E-7	6.75265619E+1	-5.86040560E+1	8.94106927E+1	-7.14775604E-1
1.07721735E+4	1.13778428E+2	1.11268494E-7	6.56075533E+1	-5.62171963E+1	8.63986356E+1	-7.08469415E-1
1.15506485E+4	1.09336803E+2	1.06532690E-7	6.37676224E+1	-5.39058279E+1	8.34993890E+1	-7.01787094E-1
1.23853818E+4	1.05050073E+2	1.01908718E-7	6.20110141E+1	-5.16613551E+1	8.07109752E+1	-6.94600358E-1
1.32804389E+4	1.00915885E+2	9.74111980E-8	6.03255453E+1	-4.94836772E+1	7.80243920E+1	-6.86983455E-1
1.42401793E+4	9.69354025E+1	9.30234461E-8	5.87153119E+1	-4.73719801E+1	7.54426429E+1	-6.78878364E-1
1.52692775E+4	9.31037824E+1	8.87383586E-8	5.71791748E+1	-4.53226144E+1	7.29629867E+1	-6.70238213E-1
1.63727458E+4	8.94277859E+1	8.45465393E-8	5.57190193E+1	-4.33384283E+1	7.05891529E+1	-6.61058976E-1
1.75559587E+4	8.58923027E+1	8.04533612E-8	5.43264721E+1	-4.14108695E+1	6.83097779E+1	-6.51301127E-1
1.88246790E+4	8.25108702E+1	7.64414810E-8	5.30091965E+1	-3.95456690E+1	6.61349749E+1	-6.40945983E-1
2.01850863E+4	7.92660403E+1	7.25287167E-8	5.17524947E+1	-3.77345277E+1	6.40485387E+1	-6.30012888E-1
2.16438064E+4	7.61799855E+1	6.87020790E-8	5.05648251E+1	-3.59892489E+1	6.20647051E+1	-6.18564929E-1
2.32079442E+4	7.32330228E+1	6.49624491E-8	4.94399769E+1	-3.42976320E+1	6.01717452E+1	-6.06500547E-1
2.48851178E+4	7.04178013E+1	6.13164822E-8	4.83710691E+1	-3.26561468E+1	5.83625248E+1	-5.93830259E-1
2.66834962E+4	6.77512625E+1	5.77461329E-8	4.73700619E+1	-3.10718307E+1	5.66514031E+1	-5.80538346E-1
2.86118383E+4	6.52210547E+1	5.42680145E-8	4.64250006E+1	-2.95399187E+1	5.50262437E+1	-5.66679181E-1
3.06795364E+4	6.28270223E+1	5.08816854E-8	4.55357846E+1	-2.80601149E+1	5.34871737E+1	-5.52261536E-1
3.28966612E+4	6.05679414E+1	4.75978382E-8	4.46970228E+1	-2.66342409E+1	5.20308240E+1	-5.37387537E-1
3.52740116E+4	5.84352182E+1	4.44114584E-8	4.39087527E+1	-2.52554740E+1	5.06538996E+1	-5.21970188E-1
3.78231664E+4	5.64241147E+1	4.13321452E-8	4.31650439E+1	-2.39233850E+1	4.93512855E+1	-5.06085414E-1
4.05565415E+4	5.45379480E+1	3.83591871E-8	4.24685551E+1	-2.26400012E+1	4.81263737E+1	-4.89775915E-1
4.34874501E+4	5.27695730E+1	3.54992272E-8	4.18144156E+1	-2.14028849E+1	4.69737038E+1	-4.73085949E-1
4.66301673E+4	5.11129626E+1	3.27546373E-8	4.12000893E+1	-2.02091870E+1	4.58896352E+1	-4.56029394E-1
5.00000000E+4	4.95657347E+1	3.01270187E-8	4.06250790E+1	-1.90581959E+1	4.48732870E+1	-4.38643070E-1
5.36133611E+4	4.81161437E+1	2.76222568E-8	4.00817602E+1	-1.79452560E+1	4.39155978E+1	-4.20953148E-1
5.74878498E+4	4.67692012E+1	2.52381688E-8	3.95751989E+1	-1.68731757E+1	4.30220924E+1	-4.03019748E-1
6.16423370E+4	4.55097338E+1	2.29795892E-8	3.90955882E+1	-1.58355544E+1	4.21809176E+1	-3.84849732E-1
6.60970574E+4	4.43409399E+1	2.08444340E-8	3.86468066E+1	-1.48344213E+1	4.13960835E+1	-3.66503404E-1
7.08737081E+4	4.32550135E+1	1.88291103E-8	3.82266282E+1	-1.38642780E+1	4.06631690E+1	-3.47931728E-1
7.59955541E+4	4.22462927E+1	1.69408625E-8	3.78285167E+1	-1.29274090E+1	3.99764254E+1	-3.29294813E-1
8.14875417E+4	4.13081602E+1	1.51674654E-8	3.74539325E+1	-1.20148229E+1	3.93338664E+1	-3.10418814E-1
8.73764200E+4	4.04378923E+1	1.35094104E-8	3.71007076E+1	-1.11270799E+1	3.87333760E+1	-2.91379335E-1
9.36908711E+4	3.96325907E+1	1.19683369E-8	3.67659537E+1	-1.02661889E+1	3.81723721E+1	-2.72295336E-1
1.00461650E+5	3.88885099E+1	1.05317098E-8	3.64522422E+1	-9.42376838E+0	3.76506757E+1	-2.52984738E-1
1.07721735E+5	3.81982644E+1	9.20161640E-9	3.61522115E+1	-8.60054214E+0	3.71611589E+1	-2.33556603E-1
1.15506485E+5	3.75625585E+1	7.97024333E-9	3.58692046E+1	-7.79353918E+0	3.67061179E+1	-2.13951163E-1
1.23853818E+5	3.69750020E+1	6.83266974E-9	3.55990165E+1	-6.99883731E+0	3.62804866E+1	-1.94126113E-1
1.32804389E+5	3.64328482E+1	5.78689200E-9	3.53390932E+1	-6.21707613E+0	3.58818033E+1	-1.74144291E-1
1.42401793E+5	3.59347589E+1	4.81999139E-9	3.50919665E+1	-5.43831101E+0	3.55108625E+1	-1.53750034E-1
1.52692775E+5	3.54800198E+1	3.93515773E-9	3.48546321E+1	-4.66879559E+0	3.51659357E+1	-1.33157875E-1
1.63727458E+5	3.50657941E+1	3.12161742E-9	3.46267168E+1	-3.89920465E+0	3.48455639E+1	-1.12134455E-1
1.75559587E+5	3.46929624E+1	2.37882863E-9	3.44078111E+1	-3.13231905E+0	3.45500926E+1	-9.07848782E-2
1.88246790E+5	3.43715289E+1	1.70528358E-9	3.42023147E+1	-2.37063581E+0	3.42868058E+1	-6.92040754E-2
2.01850863E+5	3.40591063E+1	1.07802153E-9	3.39854116E+1	-1.58257299E+0	3.40222390E+1	-4.65326271E-2
2.16438064E+5	3.38011268E+1	5.13542388E-10	3.37823016E+1	-7.97462353E-1	3.37917129E+1	-2.36015387E-2
2.32079442E+5	3.35810096E+1	-7.04094357E-13	3.35810092E+1	1.15811013E-3	3.35810094E+1	3.44824914E-5
2.48851178E+5	3.34025968E+1	-4.66102504E-10	3.33828136E+1	8.12651299E-1	3.33927037E+1	2.43385947E-2
2.66834962E+5	3.32691342E+1	-8.89873944E-10	3.31873677E+1	1.64727213E+0	3.32282258E+1	4.95948150E-2
2.86118383E+5	3.31785259E+1	-1.26990793E-9	3.29892552E+1	2.49877684E+0	3.30837552E+1	7.56008098E-2
3.06795364E+5	3.31370432E+1	-1.61187633E-9	3.27894408E+1	3.37604409E+0	3.29627838E+1	1.02599787E-1
3.28966612E+5	3.31471974E+1	-1.91838438E-9	3.25842859E+1	4.28274803E+0	3.28645364E+1	1.30686841E-1
3.52740116E+5	3.32188683E+1	-2.19095903E-9	3.23764315E+1	5.22255181E+0	3.27949449E+1	1.59929581E-1
3.78231664E+5	3.33551314E+1	-2.43060713E-9	3.21612416E+1	6.19651948E+0	3.27527470E+1	1.90338071E-1
4.05565415E+5	3.35661518E+1	-2.64305636E-9	3.19340340E+1	7.21942251E+0	3.27399241E+1	2.22335506E-1
4.34874501E+5	3.38541550E+1	-2.82271601E-9	3.16933553E+1	8.27544156E+0	3.27559423E+1	2.55407184E-1
4.66301673E+5	3.42409779E+1	-2.97442854E-9	3.14413817E+1	9.38205914E+0	3.28113341E+1	2.89986809E-1
5.00000000E+5	3.47416684E+1	-3.10013697E-9	3.11727370E+1	1.05476663E+1	3.29088572E+1	3.26269384E-1
