Start time:20240905_09-55-35	sweep/start:500.000	sweep/stop:500000.000	sweep/samplecount:100.000	sweep/xmapping:1.000	sweep/scan:0.000	sweep/averaging/sample:10.000	sweep/settling/time:0.100	sweep/settling/inaccuracy:0.010	sweep/awgcontrol:0.000	sweep/averaging/time:0.100	sweep/averaging/tc:15.000	sweep/bandwidthcontrol:2.000	sweep/sincfilter:0.000	sweep/omegasuppression:80.000	sweep/maxbandwidth:100.000	sweep/bandwidth:1250000.000	sweep/order:8.000	sweep/bandwidthoverlap:1.000																				
Frequency	Param0		Param1		RealZ		ImagZ		AbsZ		PhaseZ		
5.00000000E+2	1.14471703E+3	6.86619344E-7	1.61292125E+2	-3.98269581E+2	4.29690369E+2	-1.18600227E+0
5.36133611E+2	1.03934148E+3	6.71978813E-7	1.59037415E+2	-3.74167409E+2	4.06563838E+2	-1.16888886E+0
5.74878498E+2	9.45632089E+2	6.56492531E-7	1.56867092E+2	-3.51754524E+2	3.85147419E+2	-1.15131035E+0
6.16423370E+2	8.61915907E+2	6.40118906E-7	1.54844071E+2	-3.30886473E+2	3.65325264E+2	-1.13310161E+0
6.60970574E+2	7.87328772E+2	6.23083970E-7	1.52856336E+2	-3.11421107E+2	3.46912338E+2	-1.11450767E+0
7.08737081E+2	7.20976561E+2	6.05336987E-7	1.50921217E+2	-2.93314565E+2	3.29864594E+2	-1.09558681E+0
7.59955541E+2	6.61879344E+2	5.86977192E-7	1.49024663E+2	-2.76456119E+2	3.14064226E+2	-1.07639610E+0
8.14875417E+2	6.09369106E+2	5.68073667E-7	1.47143652E+2	-2.60794045E+2	2.99440796E+2	-1.05710579E+0
8.73764200E+2	5.62491168E+2	5.48727887E-7	1.45293996E+2	-2.46203640E+2	2.85878612E+2	-1.03766024E+0
9.36908711E+2	5.20822907E+2	5.28972690E-7	1.43466572E+2	-2.32675773E+2	2.73350826E+2	-1.01826436E+0
1.00461650E+3	4.83588297E+2	5.09020075E-7	1.41638341E+2	-2.20075489E+2	2.61714809E+2	-9.98940604E-1
1.07721735E+3	4.50472496E+2	4.88997203E-7	1.39773346E+2	-2.08392552E+2	2.50926374E+2	-9.79991844E-1
1.15506485E+3	4.20937896E+2	4.68901038E-7	1.37923362E+2	-1.97571035E+2	2.40950552E+2	-9.61349994E-1
1.23853818E+3	3.94555181E+2	4.48978346E-7	1.36034789E+2	-1.87530700E+2	2.31674834E+2	-9.43225927E-1
1.32804389E+3	3.70908159E+2	4.29292712E-7	1.34128289E+2	-1.78210205E+2	2.23045457E+2	-9.25607183E-1
1.42401793E+3	3.49727808E+2	4.09980307E-7	1.32182270E+2	-1.69574944E+2	2.15006546E+2	-9.08686107E-1
1.52692775E+3	3.30718887E+2	3.91145355E-7	1.30191500E+2	-1.61576481E+2	2.07501294E+2	-8.92554416E-1
1.63727458E+3	3.13606812E+2	3.72909732E-7	1.28140054E+2	-1.54161341E+2	2.00463445E+2	-8.77313991E-1
1.75559587E+3	2.98128120E+2	3.55316325E-7	1.26039574E+2	-1.47275139E+2	1.93845147E+2	-8.62938765E-1
1.88246790E+3	2.84139009E+2	3.38426782E-7	1.23882443E+2	-1.40900582E+2	1.87616189E+2	-8.49581895E-1
2.01850863E+3	2.71411713E+2	3.22314201E-7	1.21657986E+2	-1.34976797E+2	1.81712415E+2	-8.37249561E-1
2.16438064E+3	2.59768877E+2	3.06995980E-7	1.19370269E+2	-1.29458173E+2	1.76092817E+2	-8.25917580E-1
2.32079442E+3	2.49068407E+2	2.92489109E-7	1.17017616E+2	-1.24307153E+2	1.70720212E+2	-8.15595320E-1
2.48851178E+3	2.39202519E+2	2.78815223E-7	1.14591560E+2	-1.19496291E+2	1.65561437E+2	-8.06347619E-1
2.66834962E+3	2.30072229E+2	2.65914934E-7	1.12115236E+2	-1.14999026E+2	1.60606981E+2	-7.98095008E-1
2.86118383E+3	2.21509252E+2	2.53819185E-7	1.09570873E+2	-1.10748298E+2	1.55791405E+2	-7.90742292E-1
3.06795364E+3	2.13484897E+2	2.42430915E-7	1.06992209E+2	-1.06742155E+2	1.51133122E+2	-7.84228237E-1
3.28966612E+3	2.05901167E+2	2.31763486E-7	1.04364391E+2	-1.02940874E+2	1.46590415E+2	-7.78531503E-1
3.52740116E+3	1.98700995E+2	2.21754192E-7	1.01704805E+2	-9.93225975E+1	1.42157820E+2	-7.73548555E-1
3.78231664E+3	1.91802986E+2	2.12371041E-7	9.90165376E+1	-9.58508878E+1	1.37810259E+2	-7.69154449E-1
4.05565415E+3	1.85184088E+2	2.03542027E-7	9.63213545E+1	-9.25169099E+1	1.33555914E+2	-7.65254312E-1
4.34874501E+3	1.78793296E+2	1.95238140E-7	9.36215825E+1	-8.92967551E+1	1.29378944E+2	-7.61759080E-1
4.66301673E+3	1.72622968E+2	1.87377513E-7	9.09450315E+1	-8.61870198E+1	1.25296453E+2	-7.58543240E-1
5.00000000E+3	1.66622396E+2	1.79943293E-7	8.82892425E+1	-8.31623394E+1	1.21288767E+2	-7.55504151E-1
5.36133611E+3	1.60795280E+2	1.72886531E-7	8.56683979E+1	-8.02246813E+1	1.17367261E+2	-7.52595323E-1
5.74878498E+3	1.55107833E+2	1.66158528E-7	8.30959242E+1	-7.73556462E+1	1.13528977E+2	-7.49637648E-1
6.16423370E+3	1.49556189E+2	1.59735462E-7	8.05750833E+1	-7.45530566E+1	1.09774780E+2	-7.46597955E-1
6.60970574E+3	1.44142702E+2	1.53573170E-7	7.81192627E+1	-7.18171451E+1	1.06114662E+2	-7.43390952E-1
7.08737081E+3	1.38857613E+2	1.47642625E-7	7.57346342E+1	-6.91418514E+1	1.02549161E+2	-7.39923307E-1
7.59955541E+3	1.33695674E+2	1.41936722E-7	7.34175103E+1	-6.65242257E+1	9.90737274E+1	-7.36179698E-1
8.14875417E+3	1.28672996E+2	1.36401501E-7	7.11874448E+1	-6.39706919E+1	9.57073757E+1	-7.32053938E-1
8.73764200E+3	1.23775898E+2	1.31038779E-7	6.90365823E+1	-6.14736949E+1	9.24395202E+1	-7.27514301E-1
9.36908711E+3	1.19014155E+2	1.25836691E-7	6.69649802E+1	-5.90378853E+1	8.92736271E+1	-7.22568946E-1
1.00461650E+4	1.14396740E+2	1.20756687E-7	6.49854521E+1	-5.66658173E+1	8.62213654E+1	-7.17115270E-1
1.07721735E+4	1.09921235E+2	1.15804860E-7	6.30894987E+1	-5.43561468E+1	8.32759003E+1	-7.11173974E-1
1.15506485E+4	1.05583108E+2	1.10971084E-7	6.12761172E+1	-5.21052814E+1	8.04345878E+1	-7.04689030E-1
1.23853818E+4	1.01391612E+2	1.06248013E-7	5.95444783E+1	-4.99175893E+1	7.77001328E+1	-6.97676605E-1
1.32804389E+4	9.73395408E+1	1.01628041E-7	5.78925988E+1	-4.77879267E+1	7.50682287E+1	-6.90072683E-1
1.42401793E+4	9.34357610E+1	9.70948555E-8	5.63244493E+1	-4.57195160E+1	7.25445915E+1	-6.81844764E-1
1.52692775E+4	8.96846721E+1	9.26642363E-8	5.48292781E+1	-4.37160846E+1	7.01237892E+1	-6.73100249E-1
1.63727458E+4	8.60807895E+1	8.83063634E-8	5.34164310E+1	-4.17709637E+1	6.78095019E+1	-6.63660597E-1
1.75559587E+4	8.26193569E+1	8.40517911E-8	5.20676986E+1	-3.98842628E+1	6.55881066E+1	-6.53667628E-1
1.88246790E+4	7.93085418E+1	7.98691542E-8	5.07957235E+1	-3.80569202E+1	6.34707393E+1	-6.42998549E-1
2.01850863E+4	7.61435756E+1	7.57673792E-8	4.95930609E+1	-3.62866537E+1	6.14507360E+1	-6.31678132E-1
2.16438064E+4	7.31270568E+1	7.17575640E-8	4.84530492E+1	-3.45764495E+1	5.95250272E+1	-6.19800121E-1
2.32079442E+4	7.02462974E+1	6.78306097E-8	4.73753614E+1	-3.29168469E+1	5.76883326E+1	-6.07233844E-1
2.48851178E+4	6.75176225E+1	6.39871157E-8	4.63621714E+1	-3.13179270E+1	5.59487583E+1	-5.94097226E-1
2.66834962E+4	6.49219536E+1	6.02362569E-8	4.54038697E+1	-2.97690527E+1	5.42927979E+1	-5.80336940E-1
2.86118383E+4	6.24684069E+1	5.65727644E-8	4.45047930E+1	-2.82748458E+1	5.27270662E+1	-5.65987013E-1
3.06795364E+4	6.01467110E+1	5.30037510E-8	4.36587874E+1	-2.68298851E+1	5.12438529E+1	-5.51039041E-1
3.28966612E+4	5.79651968E+1	4.95336673E-8	4.28670774E+1	-2.54403663E+1	4.98477539E+1	-5.35604917E-1
3.52740116E+4	5.58997283E+1	4.61741943E-8	4.21167673E+1	-2.40934377E+1	4.85212927E+1	-5.19624127E-1
3.78231664E+4	5.39625320E+1	4.29217913E-8	4.14146632E+1	-2.27961777E+1	4.72740952E+1	-5.03178933E-1
4.05565415E+4	5.21445480E+1	3.97779759E-8	4.07578866E+1	-2.15428929E+1	4.61009932E+1	-4.86231865E-1
4.34874501E+4	5.04453781E+1	3.67581154E-8	4.01409383E+1	-2.03378923E+1	4.49991645E+1	-4.68963080E-1
4.66301673E+4	4.88550457E+1	3.38544563E-8	3.95643495E+1	-1.91723845E+1	4.39649644E+1	-4.51241666E-1
5.00000000E+4	4.73697824E+1	3.10789196E-8	3.90224313E+1	-1.80481001E+1	4.29940005E+1	-4.33204933E-1
5.36133611E+4	4.59836969E+1	2.84329946E-8	3.85129276E+1	-1.69623461E+1	4.20828562E+1	-4.14869190E-1
5.74878498E+4	4.46957429E+1	2.59132428E-8	3.80382819E+1	-1.59134648E+1	4.12328663E+1	-3.96227928E-1
6.16423370E+4	4.34995620E+1	2.35257707E-8	3.75936152E+1	-1.49005327E+1	4.04389143E+1	-3.77362843E-1
6.60970574E+4	4.23893300E+1	2.12707371E-8	3.71765303E+1	-1.39209842E+1	3.96974585E+1	-3.58293873E-1
7.08737081E+4	4.13583616E+1	1.91469439E-8	3.67841489E+1	-1.29714499E+1	3.90042578E+1	-3.39022057E-1
7.59955541E+4	4.04057017E+1	1.71527221E-8	3.64173299E+1	-1.20517982E+1	3.83597154E+1	-3.19591225E-1
8.14875417E+4	3.95234373E+1	1.52839291E-8	3.60727842E+1	-1.11568211E+1	3.77587132E+1	-2.99954490E-1
8.73764200E+4	3.87112000E+1	1.35424312E-8	3.57498545E+1	-1.02892011E+1	3.72010721E+1	-2.80237051E-1
9.36908711E+4	3.79607446E+1	1.19193923E-8	3.54459710E+1	-9.44132306E+0	3.66818137E+1	-2.60314330E-1
1.00461650E+5	3.72687870E+1	1.04143176E-8	3.51584938E+1	-8.61363580E+0	3.61982654E+1	-2.40262036E-1
1.07721735E+5	3.66326647E+1	9.02047518E-9	3.48875163E+1	-7.80281264E+0	3.57494432E+1	-2.20035118E-1
1.15506485E+5	3.60511691E+1	7.73371977E-9	3.46331562E+1	-7.00787097E+0	3.53350502E+1	-1.99650039E-1
1.23853818E+5	3.55174043E+1	6.55003004E-9	3.43902509E+1	-6.22600009E+0	3.49492839E+1	-1.79099808E-1
1.32804389E+5	3.50354712E+1	5.45890525E-9	3.41653077E+1	-5.45244126E+0	3.45976537E+1	-1.58255476E-1
1.42401793E+5	3.45925771E+1	4.46246376E-9	3.39450140E+1	-4.68844626E+0	3.42672659E+1	-1.37250477E-1
1.52692775E+5	3.41952059E+1	3.54867175E-9	3.37379309E+1	-3.92778617E+0	3.39657989E+1	-1.15898743E-1
1.63727458E+5	3.38384404E+1	2.71518827E-9	3.35388198E+1	-3.17000145E+0	3.36882970E+1	-9.42374216E-2
1.75559587E+5	3.35247207E+1	1.95531311E-9	3.33503502E+1	-2.41149464E+0	3.34374218E+1	-7.21822994E-2
1.88246790E+5	3.32648884E+1	1.27392177E-9	3.31758766E+1	-1.66287552E+0	3.32203456E+1	-5.00767724E-2
2.01850863E+5	3.30098691E+1	6.37849386E-10	3.29863466E+1	-8.80859449E-1	3.29981058E+1	-2.66974149E-2
2.16438064E+5	3.28115786E+1	7.16949593E-11	3.28112425E+1	-1.04966757E-1	3.28114106E+1	-3.19909911E-3
2.32079442E+5	3.26552982E+1	-4.40350488E-10	3.26409463E+1	6.84433612E-1	3.26481215E+1	2.09654887E-2
2.48851178E+5	3.25399132E+1	-9.00273695E-10	3.24717846E+1	1.48736216E+0	3.25058311E+1	4.57727592E-2
2.66834962E+5	3.24691108E+1	-1.31480734E-9	3.23036225E+1	2.31209898E+0	3.23862610E+1	7.14521287E-2
2.86118383E+5	3.24449052E+1	-1.68291659E-9	3.21352689E+1	3.15439919E+0	3.22897159E+1	9.78465786E-2
3.06795364E+5	3.24688943E+1	-2.01123610E-9	3.19624186E+1	4.02345232E+0	3.22146611E+1	1.25222070E-1
3.28966612E+5	3.25535000E+1	-2.29946407E-9	3.17924084E+1	4.91903043E+0	3.21707035E+1	1.53506186E-1
3.52740116E+5	3.26893657E+1	-2.55571642E-9	3.16057525E+1	5.85220989E+0	3.21429930E+1	1.83089202E-1
3.78231664E+5	3.29006443E+1	-2.77533793E-9	3.14210667E+1	6.81834394E+0	3.21523457E+1	2.13686173E-1
4.05565415E+5	3.31745443E+1	-2.96513496E-9	3.12133479E+1	7.82403101E+0	3.21790085E+1	2.45602549E-1
4.34874501E+5	3.35468936E+1	-3.12259874E-9	3.10066266E+1	8.87496831E+0	3.22517597E+1	2.78774645E-1
4.66301673E+5	3.40148448E+1	-3.25137971E-9	3.07828207E+1	9.97450627E+0	3.23585053E+1	3.13352819E-1
NaN	NaN	NaN	NaN	NaN	NaN	NaN
