Start time:20240905_00-15-56	sweep/start:500.000	sweep/stop:500000.000	sweep/samplecount:100.000	sweep/xmapping:1.000	sweep/scan:0.000	sweep/averaging/sample:10.000	sweep/settling/time:0.100	sweep/settling/inaccuracy:0.010	sweep/awgcontrol:0.000	sweep/averaging/time:0.100	sweep/averaging/tc:15.000	sweep/bandwidthcontrol:2.000	sweep/sincfilter:0.000	sweep/omegasuppression:80.000	sweep/maxbandwidth:100.000	sweep/bandwidth:1250000.000	sweep/order:8.000	sweep/bandwidthoverlap:1.000																				
Frequency	Param0		Param1		RealZ		ImagZ		AbsZ		PhaseZ		
5.00000000E+2	1.14001327E+3	6.87777971E-7	1.61301628E+2	-3.97325748E+2	4.28819273E+2	-1.18515555E+0
5.36133611E+2	1.03600676E+3	6.72805727E-7	1.59060613E+2	-3.73480327E+2	4.05940684E+2	-1.16817418E+0
5.74878498E+2	9.42844319E+2	6.57107940E-7	1.56931210E+2	-3.51189785E+2	3.84657867E+2	-1.15056014E+0
6.16423370E+2	8.60116135E+2	6.40728231E-7	1.54809682E+2	-3.30436429E+2	3.64903107E+2	-1.13266422E+0
6.60970574E+2	7.86369967E+2	6.23624477E-7	1.52756684E+2	-3.11108712E+2	3.46588000E+2	-1.11436863E+0
7.08737081E+2	7.20601413E+2	6.05873685E-7	1.50755470E+2	-2.93099607E+2	3.29597625E+2	-1.09573559E+0
7.59955541E+2	6.61974295E+2	5.87513498E-7	1.48802113E+2	-2.76335107E+2	3.13852136E+2	-1.07683733E+0
8.14875417E+2	6.09857507E+2	5.68649471E-7	1.46856650E+2	-2.60758028E+2	2.99268485E+2	-1.05788188E+0
8.73764200E+2	5.63368300E+2	5.49364655E-7	1.44934633E+2	-2.46263120E+2	2.85747395E+2	-1.03884912E+0
9.36908711E+2	5.21912492E+2	5.29754449E-7	1.43024864E+2	-2.32788198E+2	2.73215041E+2	-1.01985646E+0
1.00461650E+3	4.84910596E+2	5.10033961E-7	1.41079356E+2	-2.20244146E+2	2.61554718E+2	-1.00108672E+0
1.07721735E+3	4.51918075E+2	4.90122834E-7	1.39159651E+2	-2.08622503E+2	2.50776312E+2	-9.82534992E-1
1.15506485E+3	4.22432183E+2	4.70230488E-7	1.37229094E+2	-1.97833660E+2	2.40769563E+2	-9.64338773E-1
1.23853818E+3	3.96026094E+2	4.50529402E-7	1.35261917E+2	-1.87806976E+2	2.31445991E+2	-9.46629885E-1
1.32804389E+3	3.72357197E+2	4.31103386E-7	1.33261520E+2	-1.78500004E+2	2.22757458E+2	-9.29498453E-1
1.42401793E+3	3.51089076E+2	4.12072618E-7	1.31218357E+2	-1.69856037E+2	2.14637674E+2	-9.13033193E-1
1.52692775E+3	3.31992538E+2	3.93461707E-7	1.29151149E+2	-1.61855482E+2	2.07068146E+2	-8.97312042E-1
1.63727458E+3	3.14698309E+2	3.75449138E-7	1.27028400E+2	-1.54400151E+2	1.99939045E+2	-8.82353249E-1
1.75559587E+3	2.99072966E+2	3.58048117E-7	1.24861877E+2	-1.47486686E+2	1.93242881E+2	-8.68280839E-1
1.88246790E+3	2.84888533E+2	3.41337185E-7	1.22642670E+2	-1.41061210E+2	1.86921079E+2	-8.55130462E-1
2.01850863E+3	2.71941252E+2	3.25392411E-7	1.20356499E+2	-1.35071128E+2	1.80914059E+2	-8.42942387E-1
2.16438064E+3	2.60102403E+2	3.10165520E-7	1.18032158E+2	-1.29494621E+2	1.75215431E+2	-8.31673077E-1
2.32079442E+3	2.49200156E+2	2.95743367E-7	1.15641300E+2	-1.24277590E+2	1.69758151E+2	-8.21379334E-1
2.48851178E+3	2.39118687E+2	2.82096580E-7	1.13197522E+2	-1.19389963E+2	1.64522468E+2	-8.12016016E-1
2.66834962E+3	2.29771264E+2	2.69187440E-7	1.10714944E+2	-1.14809901E+2	1.59496434E+2	-8.03553622E-1
2.86118383E+3	2.21020136E+2	2.57055487E-7	1.08173377E+2	-1.10485359E+2	1.54623718E+2	-7.95971241E-1
3.06795364E+3	2.12801428E+2	2.45614928E-7	1.05602540E+2	-1.06397719E+2	1.49907876E+2	-7.89148983E-1
3.28966612E+3	2.05036284E+2	2.34853334E-7	1.02999897E+2	-1.02517009E+2	1.45322799E+2	-7.83048541E-1
3.52740116E+3	1.97674944E+2	2.24717094E-7	1.00379792E+2	-9.88254363E+1	1.40863656E+2	-7.77595538E-1
3.78231664E+3	1.90642128E+2	2.15187737E-7	9.77405519E+1	-9.52903517E+1	1.36504457E+2	-7.72705538E-1
4.05565415E+3	1.83901506E+2	2.06201173E-7	9.51005725E+1	-9.18967868E+1	1.32246506E+2	-7.68267054E-1
4.34874501E+3	1.77412758E+2	1.97725086E-7	9.24643559E+1	-8.86267405E+1	1.28079492E+2	-7.64209705E-1
4.66301673E+3	1.71149535E+2	1.89688583E-7	8.98541729E+1	-8.54676976E+1	1.24010080E+2	-7.60383827E-1
5.00000000E+3	1.65097307E+2	1.82062377E-7	8.72744413E+1	-8.24132696E+1	1.20036558E+2	-7.56758242E-1
5.36133611E+3	1.59226420E+2	1.74825291E-7	8.47257652E+1	-7.94488818E+1	1.16148957E+2	-7.53267336E-1
5.74878498E+3	1.53510437E+2	1.67920494E-7	8.22251620E+1	-7.65600625E+1	1.12349546E+2	-7.49735540E-1
6.16423370E+3	1.47950247E+2	1.61313010E-7	7.97810773E+1	-7.37469301E+1	1.08644512E+2	-7.46115149E-1
6.60970574E+3	1.42541471E+2	1.54981801E-7	7.73958245E+1	-7.10070488E+1	1.05033874E+2	-7.42374514E-1
7.08737081E+3	1.37283602E+2	1.48884253E-7	7.50820646E+1	-6.83390063E+1	1.01526037E+2	-7.38416947E-1
7.59955541E+3	1.32158061E+2	1.43016187E-7	7.28342178E+1	-6.57328349E+1	9.81102896E+1	-7.34194249E-1
8.14875417E+3	1.27173061E+2	1.37339254E-7	7.06638618E+1	-6.31914410E+1	9.47973608E+1	-7.29631431E-1
8.73764200E+3	1.22338227E+2	1.31839236E-7	6.85720548E+1	-6.07194927E+1	9.15913945E+1	-7.24737369E-1
9.36908711E+3	1.17641227E+2	1.26500484E-7	6.65593514E+1	-5.83093171E+1	8.84879865E+1	-7.19424358E-1
1.00461650E+4	1.13082119E+2	1.21308755E-7	6.46265632E+1	-5.59599499E+1	8.54874769E+1	-7.13651025E-1
1.07721735E+4	1.08677649E+2	1.16243010E-7	6.27793010E+1	-5.36792895E+1	8.25996779E+1	-7.07417156E-1
1.15506485E+4	1.04411503E+2	1.11314977E-7	6.10057588E+1	-5.14587244E+1	7.98104188E+1	-7.00711868E-1
1.23853818E+4	1.00289991E+2	1.06493511E-7	5.93157988E+1	-4.92992586E+1	7.71283405E+1	-6.93437722E-1
1.32804389E+4	9.63118416E+1	1.01793798E-7	5.76977683E+1	-4.72011209E+1	7.45451427E+1	-6.85665721E-1
1.42401793E+4	9.24833313E+1	9.71918118E-8	5.61590669E+1	-4.51656590E+1	7.20678678E+1	-6.77324112E-1
1.52692775E+4	8.87992500E+1	9.26917897E-8	5.46932119E+1	-4.31899146E+1	6.96901440E+1	-6.68414018E-1
1.63727458E+4	8.52712615E+1	8.82807387E-8	5.33042561E+1	-4.12792612E+1	6.74189970E+1	-6.58940329E-1
1.75559587E+4	8.18841862E+1	8.39641406E-8	5.19843319E+1	-3.94249147E+1	6.52433498E+1	-6.48855437E-1
1.88246790E+4	7.86395933E+1	7.97454669E-8	5.07291385E+1	-3.76280914E+1	6.31610544E+1	-6.38197025E-1
2.01850863E+4	7.55366321E+1	7.56106025E-8	4.95423358E+1	-3.58861827E+1	6.11740237E+1	-6.26884548E-1
2.16438064E+4	7.25856618E+1	7.15665646E-8	4.84209230E+1	-3.42064163E+1	5.92846079E+1	-6.15034215E-1
2.32079442E+4	6.97678477E+1	6.76156420E-8	4.73582610E+1	-3.25772770E+1	5.74811614E+1	-6.02552164E-1
2.48851178E+4	6.70901711E+1	6.37554697E-8	4.63556329E+1	-3.10026214E+1	5.57674395E+1	-5.89477687E-1
2.66834962E+4	6.45499251E+1	5.99958286E-8	4.54072070E+1	-2.94824917E+1	5.41390044E+1	-5.75876651E-1
2.86118383E+4	6.21459032E+1	5.63328080E-8	4.45141017E+1	-2.80154204E+1	5.25962836E+1	-5.61728862E-1
3.06795364E+4	5.98697122E+1	5.27674479E-8	4.36732718E+1	-2.65960810E+1	5.11341980E+1	-5.46995153E-1
3.28966612E+4	5.77253579E+1	4.93081349E-8	4.28825921E+1	-2.52288773E+1	4.97535222E+1	-5.31790300E-1
3.52740116E+4	5.57010689E+1	4.59561421E-8	4.21380099E+1	-2.39064907E+1	4.84472103E+1	-5.16056957E-1
3.78231664E+4	5.37964005E+1	4.27156228E-8	4.14381760E+1	-2.26296762E+1	4.72146662E+1	-4.99849396E-1
4.05565415E+4	5.20111607E+1	3.95962872E-8	4.07798746E+1	-2.14011779E+1	4.60544092E+1	-4.83288274E-1
4.34874501E+4	5.03337754E+1	3.65953838E-8	4.01605452E+1	-2.02129275E+1	4.49603365E+1	-4.66286609E-1
4.66301673E+4	4.87668260E+1	3.37138386E-8	3.95822424E+1	-1.90668928E+1	4.39351832E+1	-4.48903320E-1
5.00000000E+4	4.73000587E+1	3.09620569E-8	3.90367121E+1	-1.79603412E+1	4.29702079E+1	-4.31211758E-1
5.36133611E+4	4.59289044E+1	2.83376201E-8	3.85237617E+1	-1.68900544E+1	4.20636918E+1	-4.13192541E-1
5.74878498E+4	4.46536023E+1	2.58415204E-8	3.80443652E+1	-1.58569929E+1	4.12167193E+1	-3.94906998E-1
6.16423370E+4	4.34653080E+1	2.34770894E-8	3.75931153E+1	-1.48577927E+1	4.04227205E+1	-3.76384467E-1
6.60970574E+4	4.23605468E+1	2.12435462E-8	3.71691546E+1	-1.38909915E+1	3.96800418E+1	-3.57651195E-1
7.08737081E+4	4.13340415E+1	1.91373083E-8	3.67713876E+1	-1.29528031E+1	3.89860239E+1	-3.38679844E-1
7.59955541E+4	4.03823844E+1	1.71563640E-8	3.63989355E+1	-1.20413157E+1	3.83389593E+1	-3.19482391E-1
8.14875417E+4	3.94984627E+1	1.53040283E-8	3.60456940E+1	-1.11560493E+1	3.77326052E+1	-3.00147090E-1
8.73764200E+4	3.86828298E+1	1.35716649E-8	3.57158666E+1	-1.02940594E+1	3.71697564E+1	-2.80615563E-1
9.36908711E+4	3.79281357E+1	1.19591121E-8	3.54039195E+1	-9.45341936E+0	3.66442992E+1	-2.60928671E-1
1.00461650E+5	3.72327779E+1	1.04595434E-8	3.51110921E+1	-8.63103115E+0	3.61563756E+1	-2.41041294E-1
1.07721735E+5	3.65902261E+1	9.07260526E-9	3.48317520E+1	-7.82628447E+0	3.57001636E+1	-2.21017669E-1
1.15506485E+5	3.60020096E+1	7.78660030E-9	3.45710279E+1	-7.03352703E+0	3.52792641E+1	-2.00712081E-1
1.23853818E+5	3.54624658E+1	6.60241580E-9	3.43229844E+1	-6.25383056E+0	3.48880733E+1	-1.80228230E-1
1.32804389E+5	3.49630239E+1	5.51753602E-9	3.40799517E+1	-5.48587205E+0	3.45186639E+1	-1.59601482E-1
1.42401793E+5	3.45209608E+1	4.51064904E-9	3.38636534E+1	-4.71792490E+0	3.41907275E+1	-1.38430134E-1
1.52692775E+5	3.41160315E+1	3.59428254E-9	3.36503088E+1	-3.95875062E+0	3.38823700E+1	-1.17105540E-1
1.63727458E+5	3.37513403E+1	2.75671037E-9	3.34449339E+1	-3.20120817E+0	3.35977878E+1	-9.54250801E-2
1.75559587E+5	3.34288568E+1	1.99126375E-9	3.32495914E+1	-2.44141175E+0	3.33391036E+1	-7.32952853E-2
1.88246790E+5	3.31512187E+1	1.29318728E-9	3.30611269E+1	-1.67614058E+0	3.31061356E+1	-5.06553404E-2
2.01850863E+5	3.29041495E+1	6.62254761E-10	3.28790367E+1	-9.08668232E-1	3.28915907E+1	-2.76296710E-2
2.16438064E+5	3.27023284E+1	8.83673711E-11	3.27018230E+1	-1.28515825E-1	3.27020757E+1	-3.92990583E-3
2.32079442E+5	3.25383332E+1	-4.28220251E-10	3.25249059E+1	6.60838073E-1	3.25316189E+1	2.03151144E-2
2.48851178E+5	3.24223527E+1	-8.95272330E-10	3.23557039E+1	1.46848725E+0	3.23890111E+1	4.53546018E-2
2.66834962E+5	3.23468331E+1	-1.31353900E-9	3.21835131E+1	2.29261425E+0	3.22650698E+1	7.11155249E-2
2.86118383E+5	3.23214516E+1	-1.68751143E-9	3.20136561E+1	3.13905180E+0	3.21671857E+1	9.77410784E-2
3.06795364E+5	3.23444206E+1	-2.02011489E-9	3.18393263E+1	4.01021807E+0	3.20908797E+1	1.25291965E-1
3.28966612E+5	3.24276139E+1	-2.31531886E-9	3.16650152E+1	4.91402251E+0	3.20440460E+1	1.53959647E-1
3.52740116E+5	3.25662936E+1	-2.57280522E-9	3.14807058E+1	5.84594002E+0	3.20188992E+1	1.83607693E-1
3.78231664E+5	3.27733700E+1	-2.79709449E-9	3.12884036E+1	6.81631181E+0	3.20222801E+1	2.14502673E-1
4.05565415E+5	3.30581526E+1	-2.98691318E-9	3.10898027E+1	7.82275875E+0	3.20588746E+1	2.46501037E-1
4.34874501E+5	3.34333262E+1	-3.14658208E-9	3.08816493E+1	8.87693283E+0	3.21321684E+1	2.79903720E-1
4.66301673E+5	3.39063109E+1	-3.27673736E-9	3.06578341E+1	9.97953865E+0	3.22411856E+1	3.14696265E-1
NaN	NaN	NaN	NaN	NaN	NaN	NaN
