Start time:20240905_07-15-31	sweep/start:500.000	sweep/stop:500000.000	sweep/samplecount:100.000	sweep/xmapping:1.000	sweep/scan:0.000	sweep/averaging/sample:10.000	sweep/settling/time:0.100	sweep/settling/inaccuracy:0.010	sweep/awgcontrol:0.000	sweep/averaging/time:0.100	sweep/averaging/tc:15.000	sweep/bandwidthcontrol:2.000	sweep/sincfilter:0.000	sweep/omegasuppression:80.000	sweep/maxbandwidth:100.000	sweep/bandwidth:1250000.000	sweep/order:8.000	sweep/bandwidthoverlap:1.000																				
Frequency	Param0		Param1		RealZ		ImagZ		AbsZ		PhaseZ		
5.00000000E+2	1.06333947E+3	6.54697641E-7	1.83864672E+2	-4.02124760E+2	4.42165743E+2	-1.14194383E+0
5.36133611E+2	9.70915859E+2	6.37698995E-7	1.81475817E+2	-3.78502629E+2	4.19759120E+2	-1.12371759E+0
5.74878498E+2	8.88295997E+2	6.20107093E-7	1.79136249E+2	-3.56421353E+2	3.98905983E+2	-1.10507340E+0
6.16423370E+2	8.14854702E+2	6.01746480E-7	1.76886182E+2	-3.35928244E+2	3.79653148E+2	-1.08612763E+0
6.60970574E+2	7.49403496E+2	5.82883921E-7	1.74648005E+2	-3.16827836E+2	3.61775909E+2	-1.06700203E+0
7.08737081E+2	6.91156350E+2	5.63471587E-7	1.72459444E+2	-2.99088887E+2	3.45248355E+2	-1.04774840E+0
7.59955541E+2	6.39332972E+2	5.43729966E-7	1.70251645E+2	-2.82598403E+2	3.29920419E+2	-1.02857668E+0
8.14875417E+2	5.93125654E+2	5.23628394E-7	1.68090429E+2	-2.67290753E+2	3.15751074E+2	-1.00942082E+0
8.73764200E+2	5.52081815E+2	5.03385748E-7	1.65896935E+2	-2.53114357E+2	3.02636208E+2	-9.90618359E-1
9.36908711E+2	5.15297089E+2	4.83126835E-7	1.63701189E+2	-2.39909692E+2	2.90438878E+2	-9.72017860E-1
1.00461650E+3	4.82559902E+2	4.62956891E-7	1.61467746E+2	-2.27697213E+2	2.79137700E+2	-9.53966691E-1
1.07721735E+3	4.53312578E+2	4.42984604E-7	1.59207454E+2	-2.16387903E+2	2.68646122E+2	-9.36477610E-1
1.15506485E+3	4.27176663E+2	4.23410260E-7	1.56871507E+2	-2.05920307E+2	2.58866460E+2	-9.19781536E-1
1.23853818E+3	4.03691168E+2	4.04249128E-7	1.54506358E+2	-1.96215784E+2	2.49745571E+2	-9.03766638E-1
1.32804389E+3	3.82570198E+2	3.85640677E-7	1.52081652E+2	-1.87224670E+2	2.41209259E+2	-8.88603304E-1
1.42401793E+3	3.63570575E+2	3.67687072E-7	1.49579248E+2	-1.78909641E+2	2.33200797E+2	-8.74450851E-1
1.52692775E+3	3.46364590E+2	3.50480835E-7	1.46988009E+2	-1.71189851E+2	2.25635636E+2	-8.61315854E-1
1.63727458E+3	3.30767399E+2	3.34042770E-7	1.44315785E+2	-1.64036307E+2	2.18483309E+2	-8.49265746E-1
1.75559587E+3	3.16529520E+2	3.18399197E-7	1.41567324E+2	-1.57381476E+2	2.11684285E+2	-8.38248102E-1
1.88246790E+3	3.03485250E+2	3.03586883E-7	1.38732219E+2	-1.51183836E+2	2.05190598E+2	-8.28320828E-1
2.01850863E+3	2.91477040E+2	2.89631621E-7	1.35800532E+2	-1.45399284E+2	1.98954107E+2	-8.19519902E-1
2.16438064E+3	2.80373925E+2	2.76471022E-7	1.32801620E+2	-1.39992286E+2	1.92961423E+2	-8.11751402E-1
2.32079442E+3	2.70027646E+2	2.64111757E-7	1.29727666E+2	-1.34910298E+2	1.87163180E+2	-8.04979517E-1
2.48851178E+3	2.60315710E+2	2.52540838E-7	1.26576880E+2	-1.30108583E+2	1.81521212E+2	-7.99156168E-1
2.66834962E+3	2.51148668E+2	2.41703194E-7	1.23366684E+2	-1.25554925E+2	1.76020959E+2	-7.94188823E-1
2.86118383E+3	2.42468855E+2	2.31539082E-7	1.20116202E+2	-1.21229268E+2	1.70658834E+2	-7.90010052E-1
3.06795364E+3	2.34174655E+2	2.22022381E-7	1.16827078E+2	-1.17087037E+2	1.65402360E+2	-7.86509505E-1
3.28966612E+3	2.26213540E+2	2.13083453E-7	1.13523466E+2	-1.13106001E+2	1.60251505E+2	-7.83556108E-1
3.52740116E+3	2.18542366E+2	2.04702282E-7	1.10203853E+2	-1.09267201E+2	1.55190884E+2	-7.81130420E-1
3.78231664E+3	2.11117678E+2	1.96793105E-7	1.06902336E+2	-1.05550287E+2	1.50229733E+2	-7.79034249E-1
4.05565415E+3	2.03888989E+2	1.89331570E-7	1.03620923E+2	-1.01930708E+2	1.45351866E+2	-7.77175526E-1
4.34874501E+3	1.96862590E+2	1.82266970E-7	1.00376806E+2	-9.84120658E+1	1.40571825E+2	-7.75514934E-1
4.66301673E+3	1.90013990E+2	1.75544821E-7	9.71897560E+1	-9.49819168E+1	1.35894861E+2	-7.73909779E-1
5.00000000E+3	1.83311133E+2	1.69132542E-7	9.40681181E+1	-9.16238091E+1	1.31315396E+2	-7.72235675E-1
5.36133611E+3	1.76771185E+2	1.63013429E-7	9.10126574E+1	-8.83465412E+1	1.26840117E+2	-7.70534581E-1
5.74878498E+3	1.70360769E+2	1.57138083E-7	8.80415118E+1	-8.51323187E+1	1.22469668E+2	-7.68600478E-1
6.16423370E+3	1.64097669E+2	1.51474241E-7	8.51645584E+1	-8.19896543E+1	1.18217196E+2	-7.66406585E-1
6.60970574E+3	1.57980732E+2	1.46020181E-7	8.23751177E+1	-7.89178137E+1	1.14077524E+2	-7.63966505E-1
7.08737081E+3	1.52012231E+2	1.40720472E-7	7.96957887E+1	-7.59165052E+1	1.10066955E+2	-7.61116401E-1
7.59955541E+3	1.46191054E+2	1.35594739E-7	7.71087304E+1	-7.29852737E+1	1.06172532E+2	-7.57932577E-1
8.14875417E+3	1.40514100E+2	1.30610917E-7	7.46240567E+1	-7.01211971E+1	1.02399864E+2	-7.54299333E-1
8.73764200E+3	1.35004084E+2	1.25747229E-7	7.22473132E+1	-6.73350431E+1	9.87607328E+1	-7.50220053E-1
9.36908711E+3	1.29636471E+2	1.21006280E-7	6.99695523E+1	-6.46132146E+1	9.52397280E+1	-7.45619576E-1
1.00461650E+4	1.24441782E+2	1.16371344E-7	6.77944800E+1	-6.19707538E+1	9.18502362E+1	-7.40549317E-1
1.07721735E+4	1.19404552E+2	1.11835044E-7	6.57191682E+1	-5.93983054E+1	8.85842412E+1	-7.34921652E-1
1.15506485E+4	1.14531729E+2	1.07396420E-7	6.37385174E+1	-5.68988922E+1	8.54405206E+1	-7.28763071E-1
1.23853818E+4	1.09822960E+2	1.03038283E-7	6.18558953E+1	-5.44705947E+1	8.24208559E+1	-7.21995563E-1
1.32804389E+4	1.05277733E+2	9.87592898E-8	6.00665273E+1	-5.21121874E+1	7.95214928E+1	-7.14608897E-1
1.42401793E+4	1.00904153E+2	9.45647497E-8	5.83632468E+1	-4.98279577E+1	7.67404324E+1	-7.06670435E-1
1.52692775E+4	9.66899478E+1	9.04366253E-8	5.67496521E+1	-4.76087997E+1	7.40751029E+1	-6.98030223E-1
1.63727458E+4	9.26559243E+1	8.63814050E-8	5.52201266E+1	-4.54665747E+1	7.15295173E+1	-6.88829165E-1
1.75559587E+4	8.87743419E+1	8.23945901E-8	5.37700350E+1	-4.33841298E+1	6.90897925E+1	-6.78901325E-1
1.88246790E+4	8.50703153E+1	7.84716125E-8	5.24012002E+1	-4.13751227E+1	6.67666579E+1	-6.68357062E-1
2.01850863E+4	8.15316696E+1	7.46089354E-8	5.11109591E+1	-3.94313534E+1	6.45535576E+1	-6.57110495E-1
2.16438064E+4	7.81525280E+1	7.08144094E-8	4.98917092E+1	-3.75497070E+1	6.24432797E+1	-6.45178474E-1
2.32079442E+4	7.49402036E+1	6.70915793E-8	4.87407959E+1	-3.57348556E+1	6.04371173E+1	-6.32636825E-1
2.48851178E+4	7.18908429E+1	6.34373818E-8	4.76576957E+1	-3.39837589E+1	5.85333399E+1	-6.19450787E-1
2.66834962E+4	6.89954363E+1	5.98535064E-8	4.66385896E+1	-3.22907379E+1	5.67260947E+1	-6.05580658E-1
2.86118383E+4	6.62573260E+1	5.63500040E-8	4.56785584E+1	-3.06595567E+1	5.50139903E+1	-5.91136136E-1
3.06795364E+4	6.36747347E+1	5.29196154E-8	4.47809711E+1	-2.90874725E+1	5.33986559E+1	-5.76058697E-1
3.28966612E+4	6.12386166E+1	4.95794508E-8	4.39352486E+1	-2.75722279E+1	5.18703561E+1	-5.60441743E-1
3.52740116E+4	5.89498212E+1	4.63306091E-8	4.31420345E+1	-2.61147480E+1	5.04303006E+1	-5.44322284E-1
3.78231664E+4	5.67946230E+1	4.31738374E-8	4.23976037E+1	-2.47062559E+1	4.90709273E+1	-5.27622415E-1
4.05565415E+4	5.47800464E+1	4.01195684E-8	4.17007874E+1	-2.33541294E+1	4.77950945E+1	-5.10519143E-1
4.34874501E+4	5.28925796E+1	3.71691457E-8	4.10476902E+1	-2.20500638E+1	4.65952596E+1	-4.92948595E-1
4.66301673E+4	5.11297223E+1	3.43299446E-8	4.04354926E+1	-2.07948653E+1	4.54692809E+1	-4.75000373E-1
5.00000000E+4	4.94857122E+1	3.16010179E-8	3.98641774E+1	-1.95845489E+1	4.44151686E+1	-4.56648838E-1
5.36133611E+4	4.79523900E+1	2.89967151E-8	3.93247844E+1	-1.84195201E+1	4.34248476E+1	-4.38045215E-1
5.74878498E+4	4.65255570E+1	2.65074834E-8	3.88217243E+1	-1.72938157E+1	4.24994393E+1	-4.19078294E-1
6.16423370E+4	4.52013566E+1	2.41450573E-8	3.83491145E+1	-1.62104104E+1	4.16345049E+1	-3.99926218E-1
6.60970574E+4	4.39723801E+1	2.19071134E-8	3.79056075E+1	-1.51645868E+1	4.08264593E+1	-3.80559680E-1
7.08737081E+4	4.28313078E+1	1.97880363E-8	3.74907969E+1	-1.41499115E+1	4.00721831E+1	-3.60893775E-1
7.59955541E+4	4.17782328E+1	1.77970685E-8	3.71016710E+1	-1.31722528E+1	3.93705759E+1	-3.41149956E-1
8.14875417E+4	4.08025344E+1	1.59257970E-8	3.67361160E+1	-1.22222915E+1	3.87159739E+1	-3.21184996E-1
8.73764200E+4	3.99003929E+1	1.41760949E-8	3.63911634E+1	-1.13006607E+1	3.81054027E+1	-3.01091956E-1
9.36908711E+4	3.90671606E+1	1.25425894E-8	3.60662478E+1	-1.04034446E+1	3.75367273E+1	-2.80830538E-1
1.00461650E+5	3.83012682E+1	1.10213285E-8	3.57621757E+1	-9.52908505E+0	3.70099538E+1	-2.60406714E-1
1.07721735E+5	3.75935104E+1	9.61123274E-9	3.54720419E+1	-8.67483784E+0	3.65173736E+1	-2.39846701E-1
1.15506485E+5	3.69453521E+1	8.30515944E-9	3.51998174E+1	-7.83852633E+0	3.60620250E+1	-2.19111393E-1
1.23853818E+5	3.63502089E+1	7.09908089E-9	3.49411351E+1	-7.01673872E+0	3.56387087E+1	-1.98180046E-1
1.32804389E+5	3.58082242E+1	5.98711719E-9	3.46977961E+1	-6.20718281E+0	3.52486376E+1	-1.77020210E-1
1.42401793E+5	3.53098990E+1	4.96639292E-9	3.44615002E+1	-5.40713305E+0	3.48831204E+1	-1.55634690E-1
1.52692775E+5	3.48627999E+1	4.02947047E-9	3.42408409E+1	-4.61480143E+0	3.45504209E+1	-1.33967521E-1
1.63727458E+5	3.44541299E+1	3.17107167E-9	3.40243094E+1	-3.82417780E+0	3.42385452E+1	-1.11925721E-1
1.75559587E+5	3.40928796E+1	2.38654658E-9	3.38204490E+1	-3.03541013E+0	3.39563911E+1	-8.95109063E-2
1.88246790E+5	3.37782143E+1	1.68980449E-9	3.36196609E+1	-2.26928524E+0	3.36988322E+1	-6.73976470E-2
2.01850863E+5	3.34922218E+1	1.02254314E-9	3.34291552E+1	-1.45198282E+0	3.34606736E+1	-4.34073417E-2
2.16438064E+5	3.32552056E+1	4.32093584E-10	3.32425114E+1	-6.49598242E-1	3.32488579E+1	-1.95387023E-2
2.32079442E+5	3.30588589E+1	-1.02385057E-10	3.30580533E+1	1.63161703E-1	3.30584561E+1	4.93557136E-3
2.48851178E+5	3.29069726E+1	-5.84361667E-10	3.28772505E+1	9.88518301E-1	3.28921082E+1	3.00578837E-2
2.66834962E+5	3.28006126E+1	-1.01948831E-9	3.26978342E+1	1.83318388E+0	3.27491831E+1	5.60057339E-2
2.86118383E+5	3.27401910E+1	-1.41023322E-9	3.25161663E+1	2.69896428E+0	3.26279863E+1	8.28139259E-2
3.06795364E+5	3.27297228E+1	-1.75830825E-9	3.23318330E+1	3.58671071E+0	3.25301696E+1	1.10482604E-1
3.28966612E+5	3.27772138E+1	-2.06846447E-9	3.21459210E+1	4.50482149E+0	3.24600327E+1	1.39229965E-1
3.52740116E+5	3.28853635E+1	-2.34063948E-9	3.19553526E+1	5.45149319E+0	3.24170231E+1	1.68970513E-1
3.78231664E+5	3.30580966E+1	-2.57781919E-9	3.17556549E+1	6.43115753E+0	3.24003319E+1	1.99817514E-1
4.05565415E+5	3.33099041E+1	-2.78494279E-9	3.15470362E+1	7.45742722E+0	3.24164889E+1	2.32129495E-1
4.34874501E+5	3.36452304E+1	-2.95949121E-9	3.13263483E+1	8.52303175E+0	3.24650921E+1	2.65642330E-1
4.66301673E+5	3.40745384E+1	-3.10505981E-9	3.10872568E+1	9.63671828E+0	3.25466422E+1	3.00595952E-1
NaN	NaN	NaN	NaN	NaN	NaN	NaN
