Start time:20240905_03-57-23	sweep/start:500.000	sweep/stop:500000.000	sweep/samplecount:100.000	sweep/xmapping:1.000	sweep/scan:0.000	sweep/averaging/sample:10.000	sweep/settling/time:0.100	sweep/settling/inaccuracy:0.010	sweep/awgcontrol:0.000	sweep/averaging/time:0.100	sweep/averaging/tc:15.000	sweep/bandwidthcontrol:2.000	sweep/sincfilter:0.000	sweep/omegasuppression:80.000	sweep/maxbandwidth:100.000	sweep/bandwidth:1250000.000	sweep/order:8.000	sweep/bandwidthoverlap:1.000																				
Frequency	Param0		Param1		RealZ		ImagZ		AbsZ		PhaseZ		
5.00000000E+2	1.25291213E+3	7.02253658E-7	1.45002486E+2	-4.00811185E+2	4.26233894E+2	-1.22367245E+0
5.36133611E+2	1.13421224E+3	6.89481571E-7	1.42853575E+2	-3.76323114E+2	4.02524826E+2	-1.20799582E+0
5.74878498E+2	1.02811209E+3	6.75984230E-7	1.40802214E+2	-3.53461664E+2	3.80473939E+2	-1.19171130E+0
6.16423370E+2	9.33413478E+2	6.61729777E-7	1.38837860E+2	-3.32140250E+2	3.59990419E+2	-1.17486136E+0
6.60970574E+2	8.48845345E+2	6.46720140E-7	1.36960659E+2	-3.12250175E+2	3.40966857E+2	-1.15744221E+0
7.08737081E+2	7.73645712E+2	6.31011116E-7	1.35112423E+2	-2.93723963E+2	3.23309659E+2	-1.13965927E+0
7.59955541E+2	7.06670178E+2	6.14616895E-7	1.33306565E+2	-2.76465408E+2	3.06926317E+2	-1.12150468E+0
8.14875417E+2	6.47012643E+2	5.97532551E-7	1.31553751E+2	-2.60404568E+2	2.91748061E+2	-1.10300545E+0
8.73764200E+2	5.93887245E+2	5.79882827E-7	1.29820617E+2	-2.45449401E+2	2.77666712E+2	-1.08428918E+0
9.36908711E+2	5.46556504E+2	5.61707819E-7	1.28112618E+2	-2.31533873E+2	2.64614397E+2	-1.06540677E+0
1.00461650E+3	5.04283725E+2	5.43111565E-7	1.26426777E+2	-2.18566310E+2	2.52497451E+2	-1.04638310E+0
1.07721735E+3	4.66705454E+2	5.24194384E-7	1.24727293E+2	-2.06528466E+2	2.41269364E+2	-1.02749725E+0
1.15506485E+3	4.33102969E+2	5.05019251E-7	1.23046680E+2	-1.95323819E+2	2.30850342E+2	-1.00863644E+0
1.23853818E+3	4.03178262E+2	4.85733814E-7	1.21345186E+2	-1.84929946E+2	2.21187114E+2	-9.90097014E-1
1.32804389E+3	3.76386008E+2	4.66431862E-7	1.19639878E+2	-1.75262871E+2	2.12204559E+2	-9.71822737E-1
1.42401793E+3	3.52400026E+2	4.47258900E-7	1.17908780E+2	-1.66278607E+2	2.03840761E+2	-9.53986575E-1
1.52692775E+3	3.30892130E+2	4.28277363E-7	1.16163577E+2	-1.57935542E+2	1.96055126E+2	-9.36631829E-1
1.63727458E+3	3.11572393E+2	4.09656647E-7	1.14376557E+2	-1.50181823E+2	1.88776527E+2	-9.19920550E-1
1.75559587E+3	2.94169463E+2	3.91431329E-7	1.12566276E+2	-1.42976899E+2	1.81971318E+2	-9.03844973E-1
1.88246790E+3	2.78441734E+2	3.73720010E-7	1.10718005E+2	-1.36271918E+2	1.75580502E+2	-8.88492717E-1
2.01850863E+3	2.64224163E+2	3.56581270E-7	1.08830442E+2	-1.30044479E+2	1.69574857E+2	-8.73973927E-1
2.16438064E+3	2.51290844E+2	3.40106407E-7	1.06893208E+2	-1.24238182E+2	1.63894124E+2	-8.60301550E-1
2.32079442E+3	2.39503552E+2	3.24283622E-7	1.04923622E+2	-1.18830187E+2	1.58523122E+2	-8.47469511E-1
2.48851178E+3	2.28708804E+2	3.09188012E-7	1.02905925E+2	-1.13779881E+2	1.53412812E+2	-8.35539155E-1
2.66834962E+3	2.18762469E+2	2.94810937E-7	1.00850728E+2	-1.09048084E+2	1.48534017E+2	-8.24432173E-1
2.86118383E+3	2.09579360E+2	2.81165739E-7	9.87553669E+1	-1.04615790E+2	1.43864820E+2	-8.14206583E-1
3.06795364E+3	2.01035151E+2	2.68244246E-7	9.66239676E+1	-1.00442136E+2	1.39372931E+2	-8.04770800E-1
3.28966612E+3	1.93061159E+2	2.56023101E-7	9.44625076E+1	-9.65084227E+1	1.35044589E+2	-7.96110983E-1
3.52740116E+3	1.85571754E+2	2.44479531E-7	9.22754579E+1	-9.27844723E+1	1.30857627E+2	-7.88148694E-1
3.78231664E+3	1.78500058E+2	2.33596500E-7	9.00633070E+1	-8.92463226E+1	1.26792371E+2	-7.80841918E-1
4.05565415E+3	1.71798942E+2	2.23304391E-7	8.78456905E+1	-8.58774196E+1	1.22848674E+2	-7.74068718E-1
4.34874501E+3	1.65423644E+2	2.13594061E-7	8.56187027E+1	-8.26607243E+1	1.19009906E+2	-7.67822193E-1
4.66301673E+3	1.59316793E+2	2.04396972E-7	8.34005574E+1	-7.95704487E+1	1.15269724E+2	-7.61900709E-1
5.00000000E+3	1.53471630E+2	1.95672855E-7	8.11995334E+1	-7.66058774E+1	1.11632543E+2	-7.56296759E-1
5.36133611E+3	1.47835105E+2	1.87395656E-7	7.90171846E+1	-7.37414281E+1	1.08081052E+2	-7.50875328E-1
5.74878498E+3	1.42390883E+2	1.79527321E-7	7.68606765E+1	-7.09696833E+1	1.04614815E+2	-7.45569553E-1
6.16423370E+3	1.37137048E+2	1.72023250E-7	7.47407151E+1	-6.82901638E+1	1.01240906E+2	-7.40329690E-1
6.60970574E+3	1.32053553E+2	1.64832575E-7	7.26700574E+1	-6.56917192E+1	9.79609068E+1	-7.35005415E-1
7.08737081E+3	1.27125203E+2	1.57942696E-7	7.06466159E+1	-6.31666129E+1	9.47679554E+1	-7.29557447E-1
7.59955541E+3	1.22341587E+2	1.51315723E-7	6.86786671E+1	-6.07083010E+1	9.16638268E+1	-7.23874908E-1
8.14875417E+3	1.17716348E+2	1.44936687E-7	6.67672912E+1	-5.83243557E+1	8.86543946E+1	-7.18006373E-1
8.73764200E+3	1.13237352E+2	1.38768574E-7	6.49209393E+1	-5.60066677E+1	8.57407441E+1	-7.11815486E-1
9.36908711E+3	1.08895147E+2	1.32805933E-7	6.31356677E+1	-5.37499325E+1	8.29166316E+1	-7.05271610E-1
1.00461650E+4	1.04702068E+2	1.27013929E-7	6.14214392E+1	-5.15592718E+1	8.01932149E+1	-6.98328146E-1
1.07721735E+4	1.00651894E+2	1.21385453E-7	5.97758216E+1	-4.94307678E+1	7.75664210E+1	-6.90950793E-1
1.15506485E+4	9.67444109E+1	1.15907093E-7	5.81996879E+1	-4.73633911E+1	7.50366211E+1	-6.83104130E-1
1.23853818E+4	9.29829714E+1	1.10577528E-7	5.66898442E+1	-4.53591412E+1	7.26029624E+1	-6.74819088E-1
1.32804389E+4	8.93542381E+1	1.05390191E-7	5.52432394E+1	-4.34096996E+1	7.02582205E+1	-6.66017332E-1
1.42401793E+4	8.58732303E+1	1.00327852E-7	5.38652640E+1	-4.15224941E+1	6.80116476E+1	-6.56717420E-1
1.52692775E+4	8.25315319E+1	9.53868524E-8	5.25529681E+1	-3.96920955E+1	6.58580059E+1	-6.46870417E-1
1.63727458E+4	7.93339749E+1	9.05622929E-8	5.13063146E+1	-3.79209167E+1	6.37991682E+1	-6.36493823E-1
1.75559587E+4	7.62745816E+1	8.58597828E-8	5.01195496E+1	-3.62060537E+1	6.18291811E+1	-6.25597814E-1
1.88246790E+4	7.33587145E+1	8.12734255E-8	4.89941112E+1	-3.45502826E+1	5.99511884E+1	-6.14202407E-1
2.01850863E+4	7.05681955E+1	7.68022931E-8	4.79245837E+1	-3.29421559E+1	5.81545474E+1	-6.02202393E-1
2.16438064E+4	6.79209572E+1	7.24521826E-8	4.69114310E+1	-3.13940581E+1	5.64470484E+1	-5.89768068E-1
2.32079442E+4	6.53976381E+1	6.82109233E-8	4.59536586E+1	-2.98918374E+1	5.48202583E+1	-5.76711079E-1
2.48851178E+4	6.30072544E+1	6.40970402E-8	4.50455325E+1	-2.84445986E+1	5.32747153E+1	-5.63233555E-1
2.66834962E+4	6.07411661E+1	6.00975034E-8	4.41894530E+1	-2.70446134E+1	5.18084829E+1	-5.49207335E-1
2.86118383E+4	5.85983492E+1	5.62268328E-8	4.33791887E+1	-2.56942564E+1	5.04177434E+1	-5.34751518E-1
3.06795364E+4	5.65729413E+1	5.24749113E-8	4.26169514E+1	-2.43877372E+1	4.91015915E+1	-5.19768428E-1
3.28966612E+4	5.46681016E+1	4.88619846E-8	4.18963658E+1	-2.31319973E+1	4.78580691E+1	-5.04472610E-1
3.52740116E+4	5.28686928E+1	4.53739151E-8	4.12177015E+1	-2.19140835E+1	4.66811096E+1	-4.88658955E-1
3.78231664E+4	5.11810714E+1	4.20270654E-8	4.05777806E+1	-2.07426610E+1	4.55720779E+1	-4.72553728E-1
4.05565415E+4	4.95934756E+1	3.88174248E-8	3.99738157E+1	-1.96095510E+1	4.45246050E+1	-4.56067048E-1
4.34874501E+4	4.81089640E+1	3.57400000E-8	3.94102028E+1	-1.85153969E+1	4.35428987E+1	-4.39207117E-1
4.66301673E+4	4.67155724E+1	3.28104067E-8	3.88755573E+1	-1.74580911E+1	4.26156533E+1	-4.22085504E-1
5.00000000E+4	4.54147163E+1	3.00240099E-8	3.83733067E+1	-1.64378265E+1	4.17458122E+1	-4.04718368E-1
5.36133611E+4	4.41981981E+1	2.73775318E-8	3.79009148E+1	-1.54490383E+1	4.09286225E+1	-3.87055033E-1
5.74878498E+4	4.30661005E+1	2.48734921E-8	3.74581650E+1	-1.44935489E+1	4.01643760E+1	-3.69185384E-1
6.16423370E+4	4.20092542E+1	2.25096489E-8	3.70407556E+1	-1.35660212E+1	3.94468568E+1	-3.51073755E-1
6.60970574E+4	4.10259146E+1	2.02895654E-8	3.66464776E+1	-1.26685015E+1	3.87744150E+1	-3.32834430E-1
7.08737081E+4	4.01118502E+1	1.82031026E-8	3.62766066E+1	-1.17953216E+1	3.81460589E+1	-3.14367139E-1
7.59955541E+4	3.92655796E+1	1.62514875E-8	3.59297729E+1	-1.09478201E+1	3.75606624E+1	-2.95763590E-1
8.14875417E+4	3.84796102E+1	1.44322868E-8	3.56012872E+1	-1.01228452E+1	3.70124797E+1	-2.77027988E-1
8.73764200E+4	3.77515671E+1	1.27359775E-8	3.52925273E+1	-9.31588528E+0	3.65013453E+1	-2.58075573E-1
9.36908711E+4	3.70793119E+1	1.11638685E-8	3.50009241E+1	-8.52909649E+0	3.60251326E+1	-2.39023564E-1
1.00461650E+5	3.64588816E+1	9.70628504E-9	3.47261556E+1	-7.75699055E+0	3.55819729E+1	-2.19768182E-1
1.07721735E+5	3.58872961E+1	8.35760470E-9	3.44668862E+1	-6.99693468E+0	3.51699211E+1	-2.00282872E-1
1.15506485E+5	3.53632606E+1	7.11495401E-9	3.42221478E+1	-6.24910604E+0	3.47880257E+1	-1.80614207E-1
1.23853818E+5	3.48832939E+1	5.97300279E-9	3.39896877E+1	-5.51120588E+0	3.44335921E+1	-1.60744528E-1
1.32804389E+5	3.44392583E+1	4.91222971E-9	3.37663807E+1	-4.76660287E+0	3.41011599E+1	-1.40237573E-1
1.42401793E+5	3.40468266E+1	3.96290398E-9	3.35577642E+1	-4.05115200E+0	3.38014109E+1	-1.20140368E-1
1.52692775E+5	3.36899504E+1	3.08434027E-9	3.33584166E+1	-3.32557261E+0	3.35237736E+1	-9.93638517E-2
1.63727458E+5	3.33684654E+1	2.28379602E-9	3.31646363E+1	-2.59998111E+0	3.32663947E+1	-7.82361703E-2
1.75559587E+5	3.30869703E+1	1.55520280E-9	3.29807132E+1	-1.87201136E+0	3.30337990E+1	-5.66999520E-2
1.88246790E+5	3.28427995E+1	8.91546759E-10	3.27982092E+1	-1.13544604E+0	3.28204935E+1	-3.46095586E-2
2.01850863E+5	3.26367962E+1	2.92954018E-10	3.26319977E+1	-3.95695436E-1	3.26343968E+1	-1.21254016E-2
2.16438064E+5	3.24680900E+1	-2.48530627E-10	3.24641803E+1	3.56249743E-1	3.24661351E+1	1.09731852E-2
2.32079442E+5	3.23403260E+1	-7.38837048E-10	3.23011118E+1	1.12545245E+0	3.23207130E+1	3.48284369E-2
2.48851178E+5	3.22509595E+1	-1.17753915E-9	3.21376435E+1	1.90832176E+0	3.21942517E+1	5.93099981E-2
2.66834962E+5	3.22069470E+1	-1.57038114E-9	3.19770156E+1	2.71153268E+0	3.20917754E+1	8.45939620E-2
2.86118383E+5	3.22051131E+1	-1.92095149E-9	3.18116353E+1	3.53795943E+0	3.20077696E+1	1.10760723E-1
3.06795364E+5	3.22571088E+1	-2.23187709E-9	3.16475866E+1	4.39202665E+0	3.19508943E+1	1.37898406E-1
3.28966612E+5	3.23615238E+1	-2.50456069E-9	3.14780504E+1	5.27351200E+0	3.19167303E+1	1.65988395E-1
3.52740116E+5	3.25261521E+1	-2.74392750E-9	3.13014101E+1	6.19161534E+0	3.19079054E+1	1.95285312E-1
3.78231664E+5	3.27616820E+1	-2.94749661E-9	3.11226346E+1	7.14222592E+0	3.19316435E+1	2.25580673E-1
4.05565415E+5	3.30730321E+1	-3.12307002E-9	3.09302558E+1	8.14104152E+0	3.19837043E+1	2.57369088E-1
4.34874501E+5	3.34665164E+1	-3.26541527E-9	3.07268151E+1	9.17508911E+0	3.20674205E+1	2.90173746E-1
4.66301673E+5	3.39601808E+1	-3.38161769E-9	3.05065498E+1	1.02644196E+1	3.21870772E+1	3.24567380E-1
5.00000000E+5	3.45675106E+1	-3.46932999E-9	3.02706683E+1	1.14047443E+1	3.23478228E+1	3.60311845E-1
