Start time:20240904_19-29-20	sweep/start:500.000	sweep/stop:500000.000	sweep/samplecount:100.000	sweep/xmapping:1.000	sweep/scan:0.000	sweep/averaging/sample:10.000	sweep/settling/time:0.100	sweep/settling/inaccuracy:0.010	sweep/awgcontrol:0.000	sweep/averaging/time:0.100	sweep/averaging/tc:15.000	sweep/bandwidthcontrol:2.000	sweep/sincfilter:0.000	sweep/omegasuppression:80.000	sweep/maxbandwidth:100.000	sweep/bandwidth:1250000.000	sweep/order:8.000	sweep/bandwidthoverlap:1.000																				
Frequency	Param0		Param1		RealZ		ImagZ		AbsZ		PhaseZ		
5.00000000E+2	1.11491554E+3	7.02926391E-7	1.57879263E+2	-3.88710880E+2	4.19549776E+2	-1.18498991E+0
5.36133611E+2	1.01325817E+3	6.87672376E-7	1.55659319E+2	-3.65367209E+2	3.97143588E+2	-1.16804913E+0
5.74878498E+2	9.22759769E+2	6.71607910E-7	1.53512947E+2	-3.43641274E+2	3.76371563E+2	-1.15066972E+0
6.16423370E+2	8.42016053E+2	6.54831250E-7	1.51426702E+2	-3.23378495E+2	3.57076603E+2	-1.13285780E+0
6.60970574E+2	7.70155983E+2	6.37375559E-7	1.49371778E+2	-3.04512101E+2	3.39174810E+2	-1.11475481E+0
7.08737081E+2	7.06268079E+2	6.19300722E-7	1.47330055E+2	-2.86964008E+2	3.22574787E+2	-1.09647874E+0
7.59955541E+2	6.49129357E+2	6.00638955E-7	1.45349940E+2	-2.70599877E+2	3.07165919E+2	-1.07788025E+0
8.14875417E+2	5.98231081E+2	5.81465065E-7	1.43393384E+2	-2.55383457E+2	2.92886282E+2	-1.05918001E+0
8.73764200E+2	5.52899620E+2	5.61896897E-7	1.41440221E+2	-2.41240338E+2	2.79646632E+2	-1.04050814E+0
9.36908711E+2	5.12411259E+2	5.42117581E-7	1.39465575E+2	-2.28063750E+2	2.67326997E+2	-1.02194919E+0
1.00461650E+3	4.76180064E+2	5.22024665E-7	1.37545522E+2	-2.15818583E+2	2.55922708E+2	-1.00338663E+0
1.07721735E+3	4.43783082E+2	5.02053177E-7	1.35544019E+2	-2.04401461E+2	2.45259332E+2	-9.85248637E-1
1.15506485E+3	4.14747861E+2	4.81994718E-7	1.33579772E+2	-1.93799807E+2	2.35376129E+2	-9.67310233E-1
1.23853818E+3	3.88785976E+2	4.62112952E-7	1.31579033E+2	-1.83964774E+2	2.26177101E+2	-9.49914982E-1
1.32804389E+3	3.65419698E+2	4.42511703E-7	1.29553221E+2	-1.74806350E+2	2.17580554E+2	-9.32999959E-1
1.42401793E+3	3.44411585E+2	4.23275013E-7	1.27496515E+2	-1.66300674E+2	2.09550175E+2	-9.16716135E-1
1.52692775E+3	3.25416502E+2	4.04469269E-7	1.25421541E+2	-1.58378264E+2	2.02025340E+2	-9.01007001E-1
1.63727458E+3	3.08258682E+2	3.86217202E-7	1.23302557E+2	-1.51015104E+2	1.94959183E+2	-8.86080142E-1
1.75559587E+3	2.92718753E+2	3.68608297E-7	1.21129503E+2	-1.44168370E+2	1.88299963E+2	-8.72022353E-1
1.88246790E+3	2.78520319E+2	3.51582992E-7	1.18950516E+2	-1.37771222E+2	1.82016854E+2	-8.58578940E-1
2.01850863E+3	2.65577810E+2	3.35294785E-7	1.16715213E+2	-1.31812478E+2	1.76059565E+2	-8.46070417E-1
2.16438064E+3	2.53695289E+2	3.19750198E-7	1.14434270E+2	-1.26238792E+2	1.70386135E+2	-8.34406847E-1
2.32079442E+3	2.42769971E+2	3.04939377E-7	1.12116693E+2	-1.21030629E+2	1.64980502E+2	-8.23612608E-1
2.48851178E+3	2.32653002E+2	2.90863560E-7	1.09766403E+2	-1.16141377E+2	1.59804515E+2	-8.13610042E-1
2.66834962E+3	2.23249117E+2	2.77537354E-7	1.07377012E+2	-1.11543714E+2	1.54828366E+2	-8.04428792E-1
2.86118383E+3	2.14474471E+2	2.64917150E-7	1.04963093E+2	-1.07213118E+2	1.50039674E+2	-7.96002275E-1
3.06795364E+3	2.06247897E+2	2.52993523E-7	1.02523775E+2	-1.03122200E+2	1.45414280E+2	-7.88308135E-1
3.28966612E+3	1.98463986E+2	2.41733432E-7	1.00065936E+2	-9.92284872E+1	1.40923682E+2	-7.81196123E-1
3.52740116E+3	1.91125930E+2	2.31097117E-7	9.75982951E+1	-9.55412875E+1	1.36578054E+2	-7.74748198E-1
3.78231664E+3	1.84140166E+2	2.21050674E-7	9.51263854E+1	-9.20193397E+1	1.32350248E+2	-7.68797408E-1
4.05565415E+3	1.77460209E+2	2.11549709E-7	9.26596143E+1	-8.86430488E+1	1.28231799E+2	-7.63247862E-1
4.34874501E+3	1.71058860E+2	2.02562655E-7	9.02023119E+1	-8.54016832E+1	1.24217167E+2	-7.58067161E-1
4.66301673E+3	1.64913180E+2	1.94037474E-7	8.77677122E+1	-8.22853643E+1	1.20308156E+2	-7.53170286E-1
5.00000000E+3	1.59001023E+2	1.85927320E-7	8.53672286E+1	-7.92837491E+1	1.16505264E+2	-7.48467237E-1
5.36133611E+3	1.53277501E+2	1.78228056E-7	8.29932922E+1	-7.63748506E+1	1.12787430E+2	-7.43892750E-1
5.74878498E+3	1.47748632E+2	1.70868964E-7	8.06689010E+1	-7.35611864E+1	1.09172889E+2	-7.39345611E-1
6.16423370E+3	1.42389848E+2	1.63841693E-7	7.83894678E+1	-7.08304710E+1	1.05649725E+2	-7.34784678E-1
6.60970574E+3	1.37206585E+2	1.57102886E-7	7.61671951E+1	-6.81850356E+1	1.02228375E+2	-7.30158015E-1
7.08737081E+3	1.32170863E+2	1.50633499E-7	7.40021866E+1	-6.56095205E+1	9.88985988E+1	-7.25356076E-1
7.59955541E+3	1.27289274E+2	1.44407246E-7	7.18999341E+1	-6.31069714E+1	9.56665584E+1	-7.20360295E-1
8.14875417E+3	1.22562115E+2	1.38404788E-7	6.98629446E+1	-6.06771717E+1	9.25340490E+1	-7.15146530E-1
8.73764200E+3	1.17971107E+2	1.32600959E-7	6.78949930E+1	-5.83088105E+1	8.94966339E+1	-7.09585790E-1
9.36908711E+3	1.13535956E+2	1.26986302E-7	6.59963994E+1	-5.60128512E+1	8.65619100E+1	-7.03753899E-1
1.00461650E+4	1.09238615E+2	1.21542306E-7	6.41684458E+1	-5.37780875E+1	8.37237848E+1	-6.97531193E-1
1.07721735E+4	1.05090110E+2	1.16250976E-7	6.24151369E+1	-5.16097299E+1	8.09889719E+1	-6.90916707E-1
1.15506485E+4	1.01077672E+2	1.11114205E-7	6.07296148E+1	-4.95007266E+1	7.83479934E+1	-6.83880856E-1
1.23853818E+4	9.72095109E+1	1.06112173E-7	5.91170399E+1	-4.74543368E+1	7.58072458E+1	-6.76396319E-1
1.32804389E+4	9.34744739E+1	1.01246836E-7	5.75709552E+1	-4.54642698E+1	7.33581266E+1	-6.68434026E-1
1.42401793E+4	8.98817098E+1	9.65075525E-8	5.60933413E+1	-4.35350715E+1	7.10053900E+1	-6.60008386E-1
1.52692775E+4	8.64243051E+1	9.18889319E-8	5.46819610E+1	-4.16621362E+1	6.87448214E+1	-6.51073132E-1
1.63727458E+4	8.31094585E+1	8.73758834E-8	5.33413674E+1	-3.98480945E+1	6.65820707E+1	-6.41603528E-1
1.75559587E+4	7.99248425E+1	8.29867045E-8	5.20584520E+1	-3.80878068E+1	6.45039807E+1	-6.31643800E-1
1.88246790E+4	7.68873502E+1	7.86939166E-8	5.08459883E+1	-3.63881669E+1	6.25253011E+1	-6.21155348E-1
2.01850863E+4	7.39687244E+1	7.45110166E-8	4.96899501E+1	-3.47334283E+1	6.06259203E+1	-6.10056580E-1
2.16438064E+4	7.11876345E+1	7.04340539E-8	4.85940688E+1	-3.31347740E+1	5.88157870E+1	-5.98453374E-1
2.32079442E+4	6.85364741E+1	6.64599452E-8	4.75564498E+1	-3.15869501E+1	5.70907293E+1	-5.86292324E-1
2.48851178E+4	6.60127042E+1	6.25974210E-8	4.65713692E+1	-3.00900236E+1	5.54463885E+1	-5.73632647E-1
2.66834962E+4	6.36135890E+1	5.88383717E-8	4.56406790E+1	-2.86408059E+1	5.38829043E+1	-5.60415168E-1
2.86118383E+4	6.13379812E+1	5.51986046E-8	4.47565216E+1	-2.72420341E+1	5.23953688E+1	-5.46771460E-1
3.06795364E+4	5.91850798E+1	5.16594048E-8	4.39266800E+1	-2.58892026E+1	5.09882737E+1	-5.32568940E-1
3.28966612E+4	5.71460613E+1	4.82376516E-8	4.31406713E+1	-2.45805188E+1	4.96519832E+1	-5.17899438E-1
3.52740116E+4	5.52198034E+1	4.49302103E-8	4.23995341E+1	-2.33146610E+1	4.83869190E+1	-5.02751172E-1
3.78231664E+4	5.34065621E+1	4.17406294E-8	4.17023268E+1	-2.20928453E+1	4.71929857E+1	-4.87182813E-1
4.05565415E+4	5.16997204E+1	3.86787033E-8	4.10426632E+1	-2.09139663E+1	4.60640229E+1	-4.71271493E-1
4.34874501E+4	5.00923544E+1	3.57379177E-8	4.04208425E+1	-1.97719661E+1	4.49975018E+1	-4.54932211E-1
4.66301673E+4	4.85880719E+1	3.29226111E-8	3.98375463E+1	-1.86708184E+1	4.39957903E+1	-4.38274172E-1
5.00000000E+4	4.71773371E+1	3.02266552E-8	3.92915363E+1	-1.76024205E+1	4.30542687E+1	-4.21185502E-1
5.36133611E+4	4.58551982E+1	2.76659744E-8	3.87738792E+1	-1.65701598E+1	4.21661466E+1	-4.03862542E-1
5.74878498E+4	4.46225026E+1	2.52299331E-8	3.82904765E+1	-1.55710079E+1	4.13354193E+1	-3.86230116E-1
6.16423370E+4	4.34698403E+1	2.29266484E-8	3.78328846E+1	-1.46035026E+1	4.05535381E+1	-3.68379670E-1
6.60970574E+4	4.23927537E+1	2.07533616E-8	3.73998415E+1	-1.36650693E+1	3.98181148E+1	-3.50308139E-1
7.08737081E+4	4.13955223E+1	1.87001702E-8	3.69989220E+1	-1.27541939E+1	3.91355299E+1	-3.31961513E-1
7.59955541E+4	4.04621711E+1	1.67781780E-8	3.66146662E+1	-1.18690815E+1	3.84903740E+1	-3.13473721E-1
8.14875417E+4	3.95965600E+1	1.49745650E-8	3.62551114E+1	-1.10065699E+1	3.78890181E+1	-2.94744096E-1
8.73764200E+4	3.87927677E+1	1.32874698E-8	3.59165057E+1	-1.01639200E+1	3.73269428E+1	-2.75776803E-1
9.36908711E+4	3.80510088E+1	1.17193424E-8	3.55978961E+1	-9.34481900E+0	3.68040196E+1	-2.56718088E-1
1.00461650E+5	3.73619283E+1	1.02584726E-8	3.52960241E+1	-8.53921501E+0	3.63142881E+1	-2.37370348E-1
1.07721735E+5	3.67239803E+1	8.90613496E-9	3.50083785E+1	-7.74986631E+0	3.58559200E+1	-2.17858360E-1
1.15506485E+5	3.61389380E+1	7.65334862E-9	3.47392019E+1	-6.97321334E+0	3.54321586E+1	-1.98097754E-1
1.23853818E+5	3.55999573E+1	6.49732037E-9	3.44827145E+1	-6.20689605E+0	3.50368829E+1	-1.78093147E-1
1.32804389E+5	3.51030772E+1	5.43093552E-9	3.42366749E+1	-5.44632636E+0	3.46671694E+1	-1.57756840E-1
1.42401793E+5	3.46547685E+1	4.45200870E-9	3.40067404E+1	-4.69439190E+0	3.43292254E+1	-1.37176030E-1
1.52692775E+5	3.42449532E+1	3.55198945E-9	3.37848498E+1	-3.94265318E+0	3.40141236E+1	-1.16173382E-1
1.63727458E+5	3.38744675E+1	2.72968726E-9	3.35707049E+1	-3.19335508E+0	3.37222442E+1	-9.48379078E-2
1.75559587E+5	3.35478926E+1	1.97720853E-9	3.33692474E+1	-2.44156634E+0	3.34584508E+1	-7.30380058E-2
1.88246790E+5	3.32754728E+1	1.31978014E-9	3.31805427E+1	-1.72325741E+0	3.32279666E+1	-5.18888408E-2
2.01850863E+5	3.30075505E+1	6.67184539E-10	3.29818217E+1	-9.21179556E-1	3.29946836E+1	-2.79226613E-2
2.16438064E+5	3.27971487E+1	1.00866229E-10	3.27964845E+1	-1.47544236E-1	3.27968166E+1	-4.49875390E-3
2.32079442E+5	3.26282377E+1	-4.12149094E-10	3.26156956E+1	6.39574518E-1	3.26219661E+1	1.96068961E-2
2.48851178E+5	3.25043837E+1	-8.74210570E-10	3.24403449E+1	1.44132839E+0	3.24723485E+1	4.44009220E-2
2.66834962E+5	3.24195114E+1	-1.29058168E-9	3.22607624E+1	2.26302388E+0	3.23400395E+1	7.00331533E-2
2.86118383E+5	3.23852224E+1	-1.66472350E-9	3.20838409E+1	3.10957475E+0	3.22341794E+1	9.66184980E-2
3.06795364E+5	3.23994125E+1	-1.99753267E-9	3.19028779E+1	3.98005950E+0	3.21501866E+1	1.24114246E-1
3.28966612E+5	3.24681090E+1	-2.29212065E-9	3.17176027E+1	4.87895058E+0	3.20906619E+1	1.52628378E-1
3.52740116E+5	3.26016289E+1	-2.55036657E-9	3.15308734E+1	5.81048858E+0	3.20617815E+1	1.82234858E-1
3.78231664E+5	3.28066638E+1	-2.77503826E-9	3.13396561E+1	6.78051791E+0	3.20647713E+1	2.13071772E-1
4.05565415E+5	3.30877024E+1	-2.96828630E-9	3.11373690E+1	7.79282769E+0	3.20977257E+1	2.45235133E-1
4.34874501E+5	3.34504021E+1	-3.12980478E-9	3.09201342E+1	8.84512051E+0	3.21603936E+1	2.78622450E-1
4.66301673E+5	3.39169702E+1	-3.26388331E-9	3.06886608E+1	9.95351313E+0	3.22624610E+1	3.13633460E-1
NaN	NaN	NaN	NaN	NaN	NaN	NaN
