Start time:20240905_18-57-11	sweep/start:500.000	sweep/stop:500000.000	sweep/samplecount:100.000	sweep/xmapping:1.000	sweep/scan:0.000	sweep/averaging/sample:10.000	sweep/settling/time:0.100	sweep/settling/inaccuracy:0.010	sweep/awgcontrol:0.000	sweep/averaging/time:0.100	sweep/averaging/tc:15.000	sweep/bandwidthcontrol:2.000	sweep/sincfilter:0.000	sweep/omegasuppression:80.000	sweep/maxbandwidth:100.000	sweep/bandwidth:1250000.000	sweep/order:8.000	sweep/bandwidthoverlap:1.000																				
Frequency	Param0		Param1		RealZ		ImagZ		AbsZ		PhaseZ		
5.00000000E+2	1.53215953E+3	7.42837070E-7	1.11148293E+2	-3.97420345E+2	4.12670422E+2	-1.29808960E+0
5.36133611E+2	1.38356372E+3	7.33804881E-7	1.08969975E+2	-3.72682562E+2	3.88286956E+2	-1.28633247E+0
5.74878498E+2	1.24921464E+3	7.24282598E-7	1.06946430E+2	-3.49515960E+2	3.65511906E+2	-1.27385837E+0
6.16423370E+2	1.12814007E+3	7.14023549E-7	1.05104620E+2	-3.27911122E+2	3.44343854E+2	-1.26061472E+0
6.60970574E+2	1.02033915E+3	7.03052248E-7	1.03321272E+2	-3.07810642E+2	3.24688594E+2	-1.24694871E+0
7.08737081E+2	9.23448674E+2	6.91500609E-7	1.01632830E+2	-2.89004180E+2	3.06353806E+2	-1.23263846E+0
7.59955541E+2	8.36766208E+2	6.79236224E-7	1.00029158E+2	-2.71468498E+2	2.89311221E+2	-1.21775907E+0
8.14875417E+2	7.59596300E+2	6.66318644E-7	9.84520216E+1	-2.55129305E+2	2.73466207E+2	-1.20251203E+0
8.73764200E+2	6.90733700E+2	6.52649202E-7	9.69406750E+1	-2.39922244E+2	2.58766651E+2	-1.18680312E+0
9.36908711E+2	6.29220152E+2	6.38385935E-7	9.54597496E+1	-2.25726866E+2	2.45081995E+2	-1.17070628E+0
1.00461650E+3	5.74464173E+2	6.23395455E-7	9.40216718E+1	-2.12537052E+2	2.32404980E+2	-1.15429908E+0
1.07721735E+3	5.25465797E+2	6.07833230E-7	9.26207537E+1	-2.00225943E+2	2.20610592E+2	-1.13752927E+0
1.15506485E+3	4.81851886E+2	5.91681476E-7	9.12373909E+1	-1.88781989E+2	2.09673323E+2	-1.12060181E+0
1.23853818E+3	4.42915658E+2	5.75009406E-7	8.98775343E+1	-1.78129702E+2	1.99519831E+2	-1.10350554E+0
1.32804389E+3	4.08263949E+2	5.57942926E-7	8.85063921E+1	-1.68227776E+2	1.90089365E+2	-1.08647920E+0
1.42401793E+3	3.77271246E+2	5.40537592E-7	8.71441827E+1	-1.59005920E+2	1.81320137E+2	-1.06944669E+0
1.52692775E+3	3.49631345E+2	5.22899240E-7	8.57680506E+1	-1.50436162E+2	1.73168120E+2	-1.05263027E+0
1.63727458E+3	3.24912478E+2	5.05066562E-7	8.43945895E+1	-1.42472478E+2	1.65592434E+2	-1.03601553E+0
1.75559587E+3	3.02784849E+2	4.87245637E-7	8.29925973E+1	-1.35059723E+2	1.58520978E+2	-1.01979184E+0
1.88246790E+3	2.82923524E+2	4.69457168E-7	8.15812046E+1	-1.28162974E+2	1.51925117E+2	-1.00393967E+0
2.01850863E+3	2.65115714E+2	4.51831072E-7	8.01427418E+1	-1.21754838E+2	1.45763850E+2	-9.88656943E-1
2.16438064E+3	2.49093091E+2	4.34475492E-7	7.86747519E+1	-1.15791278E+2	1.39990488E+2	-9.73993678E-1
2.32079442E+3	2.34612717E+2	4.17451546E-7	7.71849964E+1	-1.10231836E+2	1.34568129E+2	-9.59932100E-1
2.48851178E+3	2.21481791E+2	4.00867099E-7	7.56645964E+1	-1.05039034E+2	1.29453969E+2	-9.46544507E-1
2.66834962E+3	2.09569910E+2	3.84769238E-7	7.41133350E+1	-1.00195498E+2	1.24627142E+2	-9.33928103E-1
2.86118383E+3	1.98713842E+2	3.69201531E-7	7.25354705E+1	-9.56682132E+1	1.20057493E+2	-9.22068960E-1
3.06795364E+3	1.88774006E+2	3.54224150E-7	7.09279093E+1	-9.14252518E+1	1.15712338E+2	-9.10985285E-1
3.28966612E+3	1.79637422E+2	3.39838824E-7	6.92986880E+1	-8.74432893E+1	1.11573461E+2	-9.00646151E-1
3.52740116E+3	1.71209263E+2	3.26095884E-7	6.76411974E+1	-8.36986709E+1	1.07614122E+2	-8.91104751E-1
3.78231664E+3	1.63377146E+2	3.12990760E-7	6.59630438E+1	-8.01606523E+1	1.03811625E+2	-8.82255713E-1
4.05565415E+3	1.56075338E+2	3.00501258E-7	6.42714724E+1	-7.68138602E+1	1.00155836E+2	-8.74064374E-1
4.34874501E+3	1.49207929E+2	2.88597923E-7	6.25770340E+1	-7.36281485E+1	9.66280991E+1	-8.66356611E-1
4.66301673E+3	1.42764545E+2	2.77274250E-7	6.08778942E+1	-7.06051464E+1	9.32266313E+1	-8.59244675E-1
5.00000000E+3	1.36662530E+2	2.66501842E-7	5.91822991E+1	-6.77160095E+1	8.99333229E+1	-8.52545481E-1
5.36133611E+3	1.30866297E+2	2.56247325E-7	5.74961881E+1	-6.49499921E+1	8.67427990E+1	-8.46197260E-1
5.74878498E+3	1.25346252E+2	2.46468255E-7	5.58273027E+1	-6.22981162E+1	8.36525139E+1	-8.40122646E-1
6.16423370E+3	1.20057090E+2	2.37157383E-7	5.41751095E+1	-5.97424747E+1	8.06480369E+1	-8.34231180E-1
6.60970574E+3	1.14988567E+2	2.28209421E-7	5.25618108E+1	-5.72823114E+1	7.77432134E+1	-8.28346278E-1
7.08737081E+3	1.10118564E+2	2.19649303E-7	5.09774884E+1	-5.49077718E+1	7.49237465E+1	-8.22499455E-1
7.59955541E+3	1.05433355E+2	2.11419149E-7	4.94325777E+1	-5.26142826E+1	7.21930918E+1	-8.16566928E-1
8.14875417E+3	1.00912682E+2	2.03475925E-7	4.79338699E+1	-5.03932466E+1	6.95495166E+1	-8.10405141E-1
8.73764200E+3	9.65571846E+1	1.95814614E-7	4.64781219E+1	-4.82450069E+1	6.69910185E+1	-8.04049153E-1
9.36908711E+3	9.23602590E+1	1.88355336E-7	4.50808238E+1	-4.61670423E+1	6.45265567E+1	-7.97301642E-1
1.00461650E+4	8.83028690E+1	1.81117766E-7	4.37329999E+1	-4.41494504E+1	6.21429747E+1	-7.90136850E-1
1.07721735E+4	8.44067694E+1	1.74061605E-7	4.24401568E+1	-4.22027194E+1	5.98517876E+1	-7.82593003E-1
1.15506485E+4	8.06534646E+1	1.67169711E-7	4.12025159E+1	-4.03172197E+1	5.76465575E+1	-7.74538688E-1
1.23853818E+4	7.70472224E+1	1.60428383E-7	4.00195187E+1	-3.84945549E+1	5.55283054E+1	-7.65977797E-1
1.32804389E+4	7.35797498E+1	1.53808111E-7	3.88943705E+1	-3.67296321E+1	5.34961494E+1	-7.56780958E-1
1.42401793E+4	7.02708337E+1	1.47320707E-7	3.78214422E+1	-3.50325942E+1	5.15533143E+1	-7.47136902E-1
1.52692775E+4	6.70885317E+1	1.40930832E-7	3.68047868E+1	-3.33854238E+1	4.96908341E+1	-7.36720985E-1
1.63727458E+4	6.40422348E+1	1.34668109E-7	3.58345559E+1	-3.17932248E+1	4.79053736E+1	-7.25710695E-1
1.75559587E+4	6.11771484E+1	1.28527877E-7	3.49127935E+1	-3.02813599E+1	4.62154153E+1	-7.14476688E-1
1.88246790E+4	5.84008251E+1	1.22420566E-7	3.40511432E+1	-2.87946850E+1	4.45938852E+1	-7.01951905E-1
2.01850863E+4	5.57747034E+1	1.16371110E-7	3.32463335E+1	-2.73675930E+1	4.30616322E+1	-6.88713895E-1
2.16438064E+4	5.32909593E+1	1.10510574E-7	3.24663958E+1	-2.60018859E+1	4.15952545E+1	-6.75281018E-1
2.32079442E+4	5.09240435E+1	1.04702331E-7	3.17383867E+1	-2.46763216E+1	4.02025700E+1	-6.60864664E-1
2.48851178E+4	4.86890951E+1	9.90526900E-8	3.10390959E+1	-2.34059324E+1	3.88749873E+1	-6.46106644E-1
2.66834962E+4	4.66095314E+1	9.34486181E-8	3.03989381E+1	-2.21987470E+1	3.76414679E+1	-6.30739168E-1
2.86118383E+4	4.46184926E+1	8.79733835E-8	2.97864156E+1	-2.10189012E+1	3.64557937E+1	-6.14510473E-1
3.06795364E+4	4.27504577E+1	8.26145434E-8	2.92110617E+1	-1.98871814E+1	3.53381693E+1	-5.97730300E-1
3.28966612E+4	4.09933788E+1	7.73804064E-8	2.86689929E+1	-1.87970117E+1	3.42817569E+1	-5.80341401E-1
3.52740116E+4	3.93452162E+1	7.22808487E-8	2.81583755E+1	-1.77483286E+1	3.32850920E+1	-5.62404124E-1
3.78231664E+4	3.78022072E+1	6.73146249E-8	2.76796632E+1	-1.67388299E+1	3.23473695E+1	-5.43893007E-1
4.05565415E+4	3.63624407E+1	6.24962959E-8	2.72306755E+1	-1.57690836E+1	3.14670270E+1	-5.24904566E-1
4.34874501E+4	3.50162272E+1	5.78498605E-8	2.68044391E+1	-1.48361823E+1	3.06364213E+1	-5.05524250E-1
4.66301673E+4	3.37576185E+1	5.33437953E-8	2.64069944E+1	-1.39322586E+1	2.98569461E+1	-4.85480898E-1
5.00000000E+4	3.25821278E+1	4.90151679E-8	2.60298613E+1	-1.30596525E+1	2.91222982E+1	-4.65021151E-1
5.36133611E+4	3.14903387E+1	4.48495859E-8	2.56781345E+1	-1.22166501E+1	2.84361240E+1	-4.44068907E-1
5.74878498E+4	3.04753777E+1	4.08679003E-8	2.53458088E+1	-1.14023271E+1	2.77925007E+1	-4.22746082E-1
6.16423370E+4	2.95305184E+1	3.70655525E-8	2.50317618E+1	-1.06118701E+1	2.71882493E+1	-4.00969256E-1
6.60970574E+4	2.86558127E+1	3.34464608E-8	2.47366701E+1	-9.84614274E+0	2.66242255E+1	-3.78814133E-1
7.08737081E+4	2.78443053E+1	3.00022312E-8	2.44593366E+1	-9.09912508E+0	2.60969967E+1	-3.56146986E-1
7.59955541E+4	2.70973301E+1	2.67494389E-8	2.41985943E+1	-8.37528058E+0	2.56069775E+1	-3.33201645E-1
8.14875417E+4	2.64031193E+1	2.36764201E-8	2.39496330E+1	-7.66551272E+0	2.51464712E+1	-3.09764690E-1
8.73764200E+4	2.57669129E+1	2.07801919E-8	2.37174494E+1	-6.97194641E+0	2.47209517E+1	-2.85904978E-1
9.36908711E+4	2.51819537E+1	1.80617622E-8	2.34974421E+1	-6.29139957E+0	2.43251207E+1	-2.61611919E-1
1.00461650E+5	2.46471247E+1	1.55123084E-8	2.32906035E+1	-5.62087080E+0	2.39592656E+1	-2.36808229E-1
1.07721735E+5	2.41576158E+1	1.31356692E-8	2.30923752E+1	-4.95973050E+0	2.36189908E+1	-2.11563807E-1
1.15506485E+5	2.37147776E+1	1.09207771E-8	2.29055719E+1	-4.30526575E+0	2.33066631E+1	-1.85789528E-1
1.23853818E+5	2.33160277E+1	8.86031024E-9	2.27285948E+1	-3.65397290E+0	2.30204375E+1	-1.59401525E-1
1.32804389E+5	2.29603853E+1	6.97581947E-9	2.25574560E+1	-3.01478744E+0	2.27580289E+1	-1.32861922E-1
1.42401793E+5	2.26489918E+1	5.19996441E-9	2.24002537E+1	-2.36046476E+0	2.25242794E+1	-1.04989231E-1
1.52692775E+5	2.23792144E+1	3.58166055E-9	2.22476494E+1	-1.71084928E+0	2.23133349E+1	-7.67491744E-2
1.63727458E+5	2.21514926E+1	2.10005470E-9	2.21008773E+1	-1.05765629E+0	2.21261705E+1	-4.78193648E-2
1.75559587E+5	2.19691980E+1	7.45954797E-10	2.19620206E+1	-3.97011903E-1	2.19656090E+1	-1.80752319E-2
1.88246790E+5	2.18398056E+1	-5.37915336E-10	2.18281860E+1	3.03478269E-1	2.18339941E+1	1.38957244E-2
2.01850863E+5	2.17384678E+1	-1.59650967E-9	2.16964325E+1	9.54990914E-1	2.17174400E+1	4.39876436E-2
2.16438064E+5	2.16965224E+1	-2.59251711E-9	2.15703082E+1	1.64999117E+0	2.16333232E+1	7.63449556E-2
2.32079442E+5	2.17066915E+1	-3.48346390E-9	2.14459624E+1	2.36465096E+0	2.15759331E+1	1.09817290E-1
2.48851178E+5	2.17749414E+1	-4.26748760E-9	2.13247650E+1	3.09836896E+0	2.15486776E+1	1.44284736E-1
2.66834962E+5	2.19012704E+1	-4.94798417E-9	2.12014159E+1	3.85198983E+0	2.15485020E+1	1.79725038E-1
2.86118383E+5	2.21005578E+1	-5.53520872E-9	2.10809875E+1	4.63611082E+0	2.15847535E+1	2.16473087E-1
3.06795364E+5	2.23713533E+1	-6.02646612E-9	2.09559662E+1	5.44617087E+0	2.16520974E+1	2.54261673E-1
3.28966612E+5	2.27291152E+1	-6.42785481E-9	2.08296029E+1	6.29015324E+0	2.17586406E+1	2.93273614E-1
3.52740116E+5	2.31818775E+1	-6.73909370E-9	2.07002048E+1	7.16736207E+0	2.19059263E+1	3.33326571E-1
3.78231664E+5	2.37408068E+1	-6.97038745E-9	2.05608457E+1	8.08595009E+0	2.20936881E+1	3.74690650E-1
4.05565415E+5	2.44327814E+1	-7.12544664E-9	2.04148850E+1	9.05675155E+0	2.23336607E+1	4.17548012E-1
4.34874501E+5	2.52615376E+1	-7.19478300E-9	2.02638848E+1	1.00633837E+1	2.26251377E+1	4.60937224E-1
4.66301673E+5	2.62539707E+1	-7.19654772E-9	2.00959468E+1	1.11243428E+1	2.29695086E+1	5.05573375E-1
5.00000000E+5	2.74377206E+1	-7.12763893E-9	1.99188590E+1	1.22379204E+1	2.33779376E+1	5.50932383E-1
