Start time:20240908_09-11-38	sweep/start:500.000	sweep/stop:500000.000	sweep/samplecount:100.000	sweep/xmapping:1.000	sweep/scan:0.000	sweep/averaging/sample:10.000	sweep/settling/time:0.100	sweep/settling/inaccuracy:0.010	sweep/awgcontrol:0.000	sweep/averaging/time:0.100	sweep/averaging/tc:15.000	sweep/bandwidthcontrol:2.000	sweep/sincfilter:0.000	sweep/omegasuppression:80.000	sweep/maxbandwidth:100.000	sweep/bandwidth:1250000.000	sweep/order:8.000	sweep/bandwidthoverlap:1.000																				
Frequency	Param0		Param1		RealZ		ImagZ		AbsZ		PhaseZ		
5.00000000E+2	1.57666898E+3	8.01858036E-7	9.39879737E+1	-3.73301565E+2	3.84951692E+2	-1.32414784E+0
5.36133611E+2	1.41812221E+3	7.93739921E-7	9.22194290E+1	-3.49676843E+2	3.61632859E+2	-1.31293990E+0
5.74878498E+2	1.27551521E+3	7.85126211E-7	9.05607034E+1	-3.27582441E+2	3.39869829E+2	-1.30108104E+0
6.16423370E+2	1.14720229E+3	7.75929259E-7	8.90258456E+1	-3.06928326E+2	3.19578790E+2	-1.28848893E+0
6.60970574E+2	1.03306912E+3	7.66139523E-7	8.75160359E+1	-2.87664752E+2	3.00682674E+2	-1.27546401E+0
7.08737081E+2	9.30179615E+2	7.55599769E-7	8.61599402E+1	-2.69667681E+2	2.83097503E+2	-1.26154325E+0
7.59955541E+2	8.38614355E+2	7.44440722E-7	8.48259471E+1	-2.52865136E+2	2.66713746E+2	-1.24713368E+0
8.14875417E+2	7.56845415E+2	7.32562324E-7	8.35523305E+1	-2.37181761E+2	2.51468053E+2	-1.23209950E+0
8.73764200E+2	6.83551380E+2	7.19893357E-7	8.23716097E+1	-2.22531197E+2	2.37287204E+2	-1.21627781E+0
9.36908711E+2	6.18325882E+2	7.06501058E-7	8.12171126E+1	-2.08859792E+2	2.24095144E+2	-1.19993058E+0
1.00461650E+3	5.59985118E+2	6.92278539E-7	8.01363265E+1	-1.96095154E+2	2.11837536E+2	-1.18284645E+0
1.07721735E+3	5.08169670E+2	6.77246771E-7	7.90805653E+1	-1.84208042E+2	2.00465308E+2	-1.16528895E+0
1.15506485E+3	4.62044775E+2	6.61403367E-7	7.80618068E+1	-1.73131164E+2	1.89915893E+2	-1.14720878E+0
1.23853818E+3	4.20902819E+2	6.44724242E-7	7.70949073E+1	-1.62806131E+2	1.80137341E+2	-1.12854144E+0
1.32804389E+3	3.84298682E+2	6.27351601E-7	7.61424127E+1	-1.53178846E+2	1.71059716E+2	-1.10948602E+0
1.42401793E+3	3.51765357E+2	6.09217332E-7	7.52188798E+1	-1.44227297E+2	1.62663437E+2	-1.09007334E+0
1.52692775E+3	3.22788457E+2	5.90456622E-7	7.43143191E+1	-1.35886663E+2	1.54879965E+2	-1.07034814E+0
1.63727458E+3	2.97008962E+2	5.71100456E-7	7.34287934E+1	-1.28129705E+2	1.47678736E+2	-1.05040487E+0
1.75559587E+3	2.74120917E+2	5.51276936E-7	7.25447960E+1	-1.20926828E+2	1.41017890E+2	-1.03044554E+0
1.88246790E+3	2.53717591E+2	5.31112205E-7	7.16651360E+1	-1.14222648E+2	1.34843262E+2	-1.01046143E+0
2.01850863E+3	2.35588088E+2	5.10655639E-7	7.07895875E+1	-1.08009340E+2	1.29140169E+2	-9.90632607E-1
2.16438064E+3	2.19418894E+2	4.90097098E-7	6.99087285E+1	-1.02235342E+2	1.23851910E+2	-9.71024444E-1
2.32079442E+3	2.04986780E+2	4.69568221E-7	6.90174367E+1	-9.68723644E+1	1.18943944E+2	-9.51758501E-1
2.48851178E+3	1.92097440E+2	4.49189181E-7	6.81126263E+1	-9.18963048E+1	1.14386454E+2	-9.32957470E-1
2.66834962E+3	1.80596874E+2	4.29076094E-7	6.71900436E+1	-8.72915205E+1	1.10155852E+2	-9.14793307E-1
2.86118383E+3	1.70271958E+2	4.09353639E-7	6.62504027E+1	-8.30148752E+1	1.06210101E+2	-8.97242734E-1
3.06795364E+3	1.60994120E+2	3.90141299E-7	6.52866731E+1	-7.90469516E+1	1.02522048E+2	-8.80447499E-1
3.28966612E+3	1.52639239E+2	3.71557049E-7	6.42910807E+1	-7.53657646E+1	9.90623116E+1	-8.64531823E-1
3.52740116E+3	1.45089336E+2	3.53614938E-7	6.32746410E+1	-7.19499480E+1	9.58147974E+1	-8.49465175E-1
3.78231664E+3	1.38223379E+2	3.36460234E-7	6.22197553E+1	-6.87671909E+1	9.27373962E+1	-8.35342000E-1
4.05565415E+3	1.31981057E+2	3.20060937E-7	6.11392059E+1	-6.58119596E+1	8.98288191E+1	-8.22189045E-1
4.34874501E+3	1.26264867E+2	3.04527404E-7	6.00164332E+1	-6.30554854E+1	8.70515175E+1	-8.10086448E-1
4.66301673E+3	1.20992339E+2	2.89740909E-7	5.88786801E+1	-6.04745391E+1	8.44030156E+1	-7.98768270E-1
5.00000000E+3	1.16108896E+2	2.75771365E-7	5.77116369E+1	-5.80534336E+1	8.18586239E+1	-7.88350661E-1
5.36133611E+3	1.11580479E+2	2.62615555E-7	5.65145210E+1	-5.57855368E+1	7.94098059E+1	-7.78906857E-1
5.74878498E+3	1.07317258E+2	2.50222720E-7	5.52949290E+1	-5.36336727E+1	7.70331103E+1	-7.70148472E-1
6.16423370E+3	1.03307721E+2	2.38606636E-7	5.40458519E+1	-5.15984453E+1	7.47218423E+1	-7.62235828E-1
6.60970574E+3	9.95192849E+1	2.27651979E-7	5.27874964E+1	-4.96674340E+1	7.24801617E+1	-7.54954551E-1
7.08737081E+3	9.59074617E+1	2.17329791E-7	5.15206090E+1	-4.78208905E+1	7.02937464E+1	-7.48172943E-1
7.59955541E+3	9.24374813E+1	2.07623612E-7	5.02426982E+1	-4.60432366E+1	6.81491630E+1	-7.41811303E-1
8.14875417E+3	8.91090654E+1	1.98432844E-7	4.89712226E+1	-4.43350776E+1	6.60589117E+1	-7.35751612E-1
8.73764200E+3	8.59023114E+1	1.89739616E-7	4.77047523E+1	-4.26872932E+1	6.40152204E+1	-7.29947315E-1
9.36908711E+3	8.28041123E+1	1.81509462E-7	4.64458287E+1	-4.10936796E+1	6.20153656E+1	-7.24334361E-1
1.00461650E+4	7.97949812E+1	1.73654747E-7	4.52085660E+1	-3.95424098E+1	6.00617736E+1	-7.18640981E-1
1.07721735E+4	7.68844625E+1	1.66159092E-7	4.39933379E+1	-3.80393253E+1	5.81584396E+1	-7.12944215E-1
1.15506485E+4	7.40497503E+1	1.58964301E-7	4.28076484E+1	-3.65704911E+1	5.63018262E+1	-7.06984028E-1
1.23853818E+4	7.12937676E+1	1.52082223E-7	4.16452081E+1	-3.51385878E+1	5.44889324E+1	-7.00860630E-1
1.32804389E+4	6.86207694E+1	1.45445813E-7	4.05181111E+1	-3.37441336E+1	5.27293460E+1	-6.94432919E-1
1.42401793E+4	6.60250623E+1	1.39021655E-7	3.94300364E+1	-3.23827531E+1	5.10232354E+1	-6.87577273E-1
1.52692775E+4	6.34966146E+1	1.32776546E-7	3.83840363E+1	-3.10470894E+1	4.93685752E+1	-6.80116562E-1
1.63727458E+4	6.10597865E+1	1.26769663E-7	3.73664606E+1	-2.97545826E+1	4.77659701E+1	-6.72475389E-1
1.75559587E+4	5.87149888E+1	1.20930084E-7	3.63910612E+1	-2.85024618E+1	4.62244561E+1	-6.64429432E-1
1.88246790E+4	5.64028536E+1	1.15196760E-7	3.54599854E+1	-2.72512981E+1	4.47218533E+1	-6.55241659E-1
2.01850863E+4	5.42195550E+1	1.09563556E-7	3.45869666E+1	-2.60582276E+1	4.33046161E+1	-6.45681065E-1
2.16438064E+4	5.20926934E+1	1.04187184E-7	3.37220739E+1	-2.48896538E+1	4.19126887E+1	-6.35829742E-1
2.32079442E+4	5.00463406E+1	9.88403209E-8	3.29189264E+1	-2.37447873E+1	4.05890552E+1	-6.24886110E-1
2.48851178E+4	4.81015928E+1	9.36321573E-8	3.21552712E+1	-2.26441368E+1	3.93283525E+1	-6.13547373E-1
2.66834962E+4	4.62311786E+1	8.85982196E-8	3.14157852E+1	-2.15739841E+1	3.81102170E+1	-6.01760428E-1
2.86118383E+4	4.44348026E+1	8.36308856E-8	3.07229886E+1	-2.05248015E+1	3.69482043E+1	-5.88966625E-1
3.06795364E+4	4.27334545E+1	7.87831107E-8	3.00691619E+1	-1.95142144E+1	3.58463266E+1	-5.75656199E-1
3.28966612E+4	4.11036749E+1	7.40497553E-8	2.94481853E+1	-1.85265471E+1	3.47912147E+1	-5.61559073E-1
3.52740116E+4	3.95524500E+1	6.94585877E-8	2.88548373E+1	-1.75692265E+1	3.37828280E+1	-5.46925697E-1
3.78231664E+4	3.80800359E+1	6.49654699E-8	2.82986362E+1	-1.66373103E+1	3.28270169E+1	-5.31489168E-1
4.05565415E+4	3.66908038E+1	6.05794758E-8	2.77790280E+1	-1.57340476E+1	3.19254572E+1	-5.15347333E-1
4.34874501E+4	3.53692205E+1	5.63460773E-8	2.72799468E+1	-1.48551296E+1	3.10623637E+1	-4.98644658E-1
4.66301673E+4	3.41250281E+1	5.22354706E-8	2.68119621E+1	-1.40027699E+1	3.02482883E+1	-4.81295277E-1
5.00000000E+4	3.29529546E+1	4.82513631E-8	2.63724615E+1	-1.31735996E+1	2.94796626E+1	-4.63264365E-1
5.36133611E+4	3.18466631E+1	4.43989483E-8	2.59576287E+1	-1.23638727E+1	2.87517626E+1	-4.44516468E-1
5.74878498E+4	3.08096615E+1	4.06917094E-8	2.55667440E+1	-1.15777512E+1	2.80660423E+1	-4.25216627E-1
6.16423370E+4	2.98364732E+1	3.71154403E-8	2.52005865E+1	-1.08086561E+1	2.74207334E+1	-4.05173519E-1
6.60970574E+4	2.89253331E+1	3.36959055E-8	2.48532375E+1	-1.00600572E+1	2.68120900E+1	-3.84619013E-1
7.08737081E+4	2.80771590E+1	3.04150137E-8	2.45297905E+1	-9.32824709E+0	2.62436054E+1	-3.63393732E-1
7.59955541E+4	2.72831732E+1	2.72881740E-8	2.42220188E+1	-8.61088422E+0	2.57070716E+1	-3.41564571E-1
8.14875417E+4	2.65461827E+1	2.43087162E-8	2.39335544E+1	-7.90755778E+0	2.52060411E+1	-3.19104901E-1
8.73764200E+4	2.58635926E+1	2.14778186E-8	2.36628309E+1	-7.21638692E+0	2.47387513E+1	-2.96007598E-1
9.36908711E+4	2.52338842E+1	1.88011257E-8	2.34080727E+1	-6.53748580E+0	2.43038391E+1	-2.72344061E-1
1.00461650E+5	2.46523502E+1	1.62725280E-8	2.31669096E+1	-5.86626444E+0	2.38980913E+1	-2.48004494E-1
1.07721735E+5	2.41206886E+1	1.38922575E-8	2.29406473E+1	-5.20297096E+0	2.35232695E+1	-2.23028378E-1
1.15506485E+5	2.36356679E+1	1.16535041E-8	2.27274860E+1	-4.54320195E+0	2.31771291E+1	-1.97298452E-1
1.23853818E+5	2.31971829E+1	9.56247059E-9	2.25259510E+1	-3.88846124E+0	2.28591033E+1	-1.70936817E-1
1.32804389E+5	2.28031834E+1	7.61147564E-9	2.23346951E+1	-3.23471890E+0	2.25677235E+1	-1.43829260E-1
1.42401793E+5	2.24543282E+1	5.79448086E-9	2.21540843E+1	-2.57907335E+0	2.23037010E+1	-1.15893587E-1
1.52692775E+5	2.21511474E+1	4.11714388E-9	2.19828541E+1	-1.92342273E+0	2.20668403E+1	-8.72742322E-2
1.63727458E+5	2.18928754E+1	2.56549501E-9	2.18200289E+1	-1.26075484E+0	2.18564218E+1	-5.77155370E-2
1.75559587E+5	2.16805594E+1	1.13986614E-9	2.16644598E+1	-5.90576935E-1	2.16725081E+1	-2.72534282E-2
1.88246790E+5	2.15216843E+1	-1.70557600E-10	2.15029219E+1	9.38013163E-2	2.15122998E+1	4.35041087E-3
2.01850863E+5	2.14020151E+1	-1.34635850E-9	2.13734700E+1	7.81089691E-1	2.13877378E+1	3.65285672E-2
2.16438064E+5	2.13391786E+1	-2.41151955E-9	2.12351815E+1	1.48606550E+0	2.12871166E+1	6.98673888E-2
2.32079442E+5	2.13325419E+1	-3.36345492E-9	2.11015458E+1	2.20779643E+0	2.12167295E+1	1.04247943E-1
2.48851178E+5	2.13847795E+1	-4.21055048E-9	2.09691484E+1	2.95218827E+0	2.11759442E+1	1.39867944E-1
2.66834962E+5	2.15078107E+1	-4.95242013E-9	2.08430912E+1	3.72218907E+0	2.11728424E+1	1.76718527E-1
2.86118383E+5	2.16945208E+1	-5.58155293E-9	2.07129887E+1	4.50892981E+0	2.11980746E+1	2.14342166E-1
3.06795364E+5	2.19625186E+1	-6.11489209E-9	2.05830579E+1	5.32855530E+0	2.12616037E+1	2.53319295E-1
3.28966612E+5	2.23157782E+1	-6.54864670E-9	2.04499047E+1	6.17712488E+0	2.13624795E+1	2.93346847E-1
3.52740116E+5	2.27792148E+1	-6.89102595E-9	2.03197875E+1	7.06929869E+0	2.15143858E+1	3.34804777E-1
3.78231664E+5	2.33440633E+1	-7.13802366E-9	2.01796194E+1	7.99106926E+0	2.17042461E+1	3.77050851E-1
4.05565415E+5	2.40385567E+1	-7.30442846E-9	2.00287410E+1	8.96166582E+0	2.19422426E+1	4.20723338E-1
4.34874501E+5	2.48919464E+1	-7.38573635E-9	1.98762863E+1	9.98461598E+0	2.22431883E+1	4.65516426E-1
4.66301673E+5	2.59069647E+1	-7.38335504E-9	1.97149692E+1	1.10487474E+1	2.25998887E+1	5.10811255E-1
5.00000000E+5	2.71210859E+1	-7.31589148E-9	1.95319227E+1	1.21749986E+1	2.30157957E+1	5.57403632E-1
