Start time:20240904_23-11-50	sweep/start:500.000	sweep/stop:500000.000	sweep/samplecount:100.000	sweep/xmapping:1.000	sweep/scan:0.000	sweep/averaging/sample:10.000	sweep/settling/time:0.100	sweep/settling/inaccuracy:0.010	sweep/awgcontrol:0.000	sweep/averaging/time:0.100	sweep/averaging/tc:15.000	sweep/bandwidthcontrol:2.000	sweep/sincfilter:0.000	sweep/omegasuppression:80.000	sweep/maxbandwidth:100.000	sweep/bandwidth:1250000.000	sweep/order:8.000	sweep/bandwidthoverlap:1.000																				
Frequency	Param0		Param1		RealZ		ImagZ		AbsZ		PhaseZ		
5.00000000E+2	1.30849124E+3	7.61515179E-7	1.21163608E+2	-3.79289914E+2	3.98172656E+2	-1.26159370E+0
5.36133611E+2	1.18214904E+3	7.50268067E-7	1.19089791E+2	-3.55808113E+2	3.75209009E+2	-1.24781423E+0
5.74878498E+2	1.06935259E+3	7.38249098E-7	1.17108652E+2	-3.33939930E+2	3.53878973E+2	-1.23350895E+0
6.16423370E+2	9.68145968E+2	7.25516800E-7	1.15240826E+2	-3.13511462E+2	3.34020795E+2	-1.21854588E+0
6.60970574E+2	8.77720442E+2	7.11988308E-7	1.13463795E+2	-2.94474774E+2	3.15577936E+2	-1.20301836E+0
7.08737081E+2	7.96934395E+2	6.97683031E-7	1.11765184E+2	-2.76727312E+2	2.98445086E+2	-1.18694787E+0
7.59955541E+2	7.24781287E+2	6.82510930E-7	1.10163122E+2	-2.60208065E+2	2.82567078E+2	-1.17031093E+0
8.14875417E+2	6.60485578E+2	6.66666625E-7	1.08586012E+2	-2.44803096E+2	2.67804930E+2	-1.15330688E+0
8.73764200E+2	6.03154267E+2	6.50162668E-7	1.07037282E+2	-2.30440880E+2	2.54086563E+2	-1.13595879E+0
9.36908711E+2	5.51991419E+2	6.32936343E-7	1.05543571E+2	-2.17070707E+2	2.41369300E+2	-1.11823541E+0
1.00461650E+3	5.06383740E+2	6.15036162E-7	1.04092505E+2	-2.04635030E+2	2.29588211E+2	-1.10023368E+0
1.07721735E+3	4.65853838E+2	5.96649576E-7	1.02629195E+2	-1.93073658E+2	2.18655419E+2	-1.08222483E+0
1.15506485E+3	4.29543890E+2	5.77751731E-7	1.01213962E+2	-1.82295277E+2	2.08508598E+2	-1.06395436E+0
1.23853818E+3	3.97334056E+2	5.58500275E-7	9.97775046E+1	-1.72306258E+2	1.99110517E+2	-1.04590819E+0
1.32804389E+3	3.68582943E+2	5.38969851E-7	9.83466715E+1	-1.63024037E+2	1.90391451E+2	-1.02797966E+0
1.42401793E+3	3.42880113E+2	5.19254227E-7	9.69225565E+1	-1.54398291E+2	1.82298698E+2	-1.01022644E+0
1.52692775E+3	3.19930074E+2	4.99520272E-7	9.54791167E+1	-1.46391178E+2	1.74775969E+2	-9.92862715E-1
1.63727458E+3	2.99388856E+2	4.79898304E-7	9.40113686E+1	-1.38952573E+2	1.67767563E+2	-9.75967753E-1
1.75559587E+3	2.80990122E+2	4.60436519E-7	9.25309214E+1	-1.32054165E+2	1.61246005E+2	-9.59597831E-1
1.88246790E+3	2.64462093E+2	4.41344973E-7	9.10089436E+1	-1.25641502E+2	1.55139986E+2	-9.43911596E-1
2.01850863E+3	2.49599461E+2	4.22676292E-7	8.94527907E+1	-1.19689455E+2	1.49423451E+2	-9.28977953E-1
2.16438064E+3	2.36192073E+2	4.04469359E-7	8.78746068E+1	-1.14163646E+2	1.44066946E+2	-9.14790303E-1
2.32079442E+3	2.24057673E+2	3.86898498E-7	8.62460298E+1	-1.09021588E+2	1.39011095E+2	-9.01511176E-1
2.48851178E+3	2.13020952E+2	3.69976606E-7	8.45804150E+1	-1.04228371E+2	1.34228909E+2	-8.89087670E-1
2.66834962E+3	2.02966137E+2	3.53751128E-7	8.28749308E+1	-9.97624671E+1	1.29695043E+2	-8.77600826E-1
2.86118383E+3	1.93763576E+2	3.38283118E-7	8.11224234E+1	-9.55914349E+1	1.25373723E+2	-8.67094122E-1
3.06795364E+3	1.85294745E+2	3.23585219E-7	7.93261437E+1	-9.16846762E+1	1.21238266E+2	-8.57540299E-1
3.28966612E+3	1.77448100E+2	3.09597123E-7	7.75073282E+1	-8.80121664E+1	1.17275435E+2	-8.48779021E-1
3.52740116E+3	1.70160681E+2	2.96399873E-7	7.56430409E+1	-8.45553149E+1	1.13452506E+2	-8.40973622E-1
3.78231664E+3	1.63332727E+2	2.83920849E-7	7.37542608E+1	-8.12821820E+1	1.09756477E+2	-8.33915873E-1
4.05565415E+3	1.56917022E+2	2.72117355E-7	7.18500264E+1	-7.81796993E+1	1.06181410E+2	-8.27562609E-1
4.34874501E+3	1.50856752E+2	2.61016516E-7	6.99192449E+1	-7.52269163E+1	1.02702434E+2	-8.21949650E-1
4.66301673E+3	1.45071230E+2	2.50535536E-7	6.79824014E+1	-7.23925628E+1	9.93090646E+1	-8.16804838E-1
5.00000000E+3	1.39570443E+2	2.40631117E-7	6.60455987E+1	-6.96849484E+1	9.60104853E+1	-8.12204788E-1
5.36133611E+3	1.34285385E+2	2.31254487E-7	6.41189015E+1	-6.70745681E+1	9.27913320E+1	-8.07923420E-1
5.74878498E+3	1.29190089E+2	2.22366846E-7	6.22081570E+1	-6.45509284E+1	8.96475167E+1	-8.03878139E-1
6.16423370E+3	1.24285022E+2	2.13917841E-7	6.03222656E+1	-6.21158453E+1	8.65861077E+1	-8.00045983E-1
6.60970574E+3	1.19522123E+2	2.05864083E-7	5.84690323E+1	-5.97470919E+1	8.35963084E+1	-7.96208955E-1
7.08737081E+3	1.14917912E+2	1.98160258E-7	5.66560127E+1	-5.74533432E+1	8.06894699E+1	-7.92385471E-1
7.59955541E+3	1.10440593E+2	1.90807671E-7	5.48779360E+1	-5.52192336E+1	7.78508298E+1	-7.88498117E-1
8.14875417E+3	1.06087141E+2	1.83698689E-7	5.31608366E+1	-5.30434398E+1	7.50978102E+1	-7.84292776E-1
8.73764200E+3	1.01860310E+2	1.76885593E-7	5.14846408E+1	-5.09271354E+1	7.24171349E+1	-7.79954454E-1
9.36908711E+3	9.77486447E+1	1.70258037E-7	4.98762690E+1	-4.88640502E+1	6.98236182E+1	-7.75147202E-1
1.00461650E+4	9.37771848E+1	1.63842230E-7	4.83237310E+1	-4.68666234E+1	6.73176308E+1	-7.70092056E-1
1.07721735E+4	8.99043737E+1	1.57590580E-7	4.68354897E+1	-4.49127177E+1	6.48900250E+1	-7.64444179E-1
1.15506485E+4	8.61661161E+1	1.51511154E-7	4.54053794E+1	-4.30204206E+1	6.25492217E+1	-7.58433407E-1
1.23853818E+4	8.25559525E+1	1.45546515E-7	4.40454122E+1	-4.11851007E+1	6.03010026E+1	-7.51851044E-1
1.32804389E+4	7.90502584E+1	1.39735254E-7	4.27396234E+1	-3.93941973E+1	5.81255386E+1	-7.44689257E-1
1.42401793E+4	7.56881489E+1	1.34032068E-7	4.14984306E+1	-3.76672208E+1	5.60440838E+1	-7.37041048E-1
1.52692775E+4	7.24467998E+1	1.28425799E-7	4.03202991E+1	-3.59909684E+1	5.40469842E+1	-7.28726376E-1
1.63727458E+4	6.93231938E+1	1.22927343E-7	3.91983558E+1	-3.43634053E+1	5.21282553E+1	-7.19766167E-1
1.75559587E+4	6.63388396E+1	1.17514273E-7	3.81372008E+1	-3.27952879E+1	5.02988804E+1	-7.10230304E-1
1.88246790E+4	6.34691888E+1	1.12227406E-7	3.71207325E+1	-3.12741666E+1	4.85388769E+1	-7.00122972E-1
2.01850863E+4	6.07295904E+1	1.06999607E-7	3.61661704E+1	-2.98054324E+1	4.68652995E+1	-6.89278929E-1
2.16438064E+4	5.81094519E+1	1.01856926E-7	3.52629228E+1	-2.83837047E+1	4.52670835E+1	-6.77731527E-1
2.32079442E+4	5.56292032E+1	9.67953457E-8	3.44129206E+1	-2.70206103E+1	4.37534344E+1	-6.65643711E-1
2.48851178E+4	5.32186626E+1	9.18217017E-8	3.36020612E+1	-2.56740446E+1	4.22877777E+1	-6.52440025E-1
2.66834962E+4	5.09885610E+1	8.70029738E-8	3.28286939E+1	-2.44164718E+1	4.09131719E+1	-6.39491685E-1
2.86118383E+4	4.88645364E+1	8.22204443E-8	3.21123726E+1	-2.31937785E+1	3.96125747E+1	-6.25515926E-1
3.06795364E+4	4.68323000E+1	7.75284615E-8	3.14340588E+1	-2.20006620E+1	3.83683364E+1	-6.10658081E-1
3.28966612E+4	4.49138745E+1	7.29583506E-8	3.07893251E+1	-2.08539027E+1	3.71869312E+1	-5.95334586E-1
3.52740116E+4	4.31068746E+1	6.84821178E-8	3.01853626E+1	-1.97494404E+1	3.60721028E+1	-5.79372592E-1
3.78231664E+4	4.13984044E+1	6.41377583E-8	2.96089544E+1	-1.86834969E+1	3.50109040E+1	-5.62908236E-1
4.05565415E+4	3.97928377E+1	5.99024475E-8	2.90679079E+1	-1.76564755E+1	3.40102117E+1	-5.45858676E-1
4.34874501E+4	3.82824890E+1	5.57861267E-8	2.85579759E+1	-1.66647032E+1	3.30646394E+1	-5.28228156E-1
4.66301673E+4	3.68663338E+1	5.17770765E-8	2.80828036E+1	-1.57056077E+1	3.21762335E+1	-5.09925322E-1
5.00000000E+4	3.55344550E+1	4.79166062E-8	2.76288652E+1	-1.47791209E+1	3.13333154E+1	-4.91188662E-1
5.36133611E+4	3.42894455E+1	4.41810734E-8	2.72044547E+1	-1.38832020E+1	3.05421948E+1	-4.71876037E-1
5.74878498E+4	3.31203778E+1	4.05917181E-8	2.68003640E+1	-1.30145555E+1	2.97932572E+1	-4.52070405E-1
6.16423370E+4	3.20292995E+1	3.71404561E-8	2.64207299E+1	-1.21730231E+1	2.90901610E+1	-4.31747332E-1
6.60970574E+4	3.10091036E+1	3.38345249E-8	2.60612404E+1	-1.13555027E+1	2.84277277E+1	-4.10918626E-1
7.08737081E+4	3.00552221E+1	3.06711759E-8	2.57209360E+1	-1.05584981E+1	2.78037487E+1	-3.89526998E-1
7.59955541E+4	2.91675370E+1	2.76539064E-8	2.53998122E+1	-9.78261151E+0	2.72185591E+1	-3.67635142E-1
8.14875417E+4	2.83418199E+1	2.47813577E-8	2.50964766E+1	-9.02478092E+0	2.66698297E+1	-3.45204528E-1
8.73764200E+4	2.75760013E+1	2.20541014E-8	2.48102063E+1	-8.28371507E+0	2.61565724E+1	-3.22245493E-1
9.36908711E+4	2.68650337E+1	1.94720436E-8	2.45380553E+1	-7.55642201E+0	2.56751958E+1	-2.98731635E-1
1.00461650E+5	2.62063655E+1	1.70326372E-8	2.42789814E+1	-6.84068066E+0	2.52242712E+1	-2.74633704E-1
1.07721735E+5	2.56000313E+1	1.47281451E-8	2.40347811E+1	-6.13355007E+0	2.48050630E+1	-2.49861839E-1
1.15506485E+5	2.50451789E+1	1.25628984E-8	2.38039563E+1	-5.43562348E+0	2.44166817E+1	-2.24500326E-1
1.23853818E+5	2.45371415E+1	1.05336718E-8	2.35830583E+1	-4.74343694E+0	2.40553703E+1	-1.98489054E-1
1.32804389E+5	2.40792263E+1	8.63305251E-9	2.33758767E+1	-4.05477708E+0	2.37249451E+1	-1.71750931E-1
1.42401793E+5	2.36641168E+1	6.85736579E-9	2.31755584E+1	-3.36490764E+0	2.34185636E+1	-1.44184546E-1
1.52692775E+5	2.32989141E+1	5.20572663E-9	2.29876523E+1	-2.67491523E+0	2.31427599E+1	-1.15842156E-1
1.63727458E+5	2.29777860E+1	3.67498560E-9	2.28056887E+1	-1.98110894E+0	2.28915756E+1	-8.66515453E-2
1.75559587E+5	2.27059617E+1	2.26102718E-9	2.26333760E+1	-1.28173859E+0	2.26696398E+1	-5.65700405E-2
1.88246790E+5	2.24861272E+1	9.60226759E-10	2.24615550E+1	-5.73144349E-1	2.24738342E+1	-2.55163923E-2
2.01850863E+5	2.23084056E+1	-2.26498565E-10	2.23074892E+1	1.42953477E-1	2.23079474E+1	6.40823308E-3
2.16438064E+5	2.21874148E+1	-1.30674265E-9	2.21529752E+1	8.73458757E-1	2.21701883E+1	3.94080917E-2
2.32079442E+5	2.21230428E+1	-2.28089321E-9	2.20039093E+1	1.61907218E+0	2.20633956E+1	7.34487492E-2
2.48851178E+5	2.21176863E+1	-3.15739134E-9	2.18570896E+1	2.38660236E+0	2.19870019E+1	1.08760341E-1
2.66834962E+5	2.21758220E+1	-3.93015476E-9	2.17122346E+1	3.17260795E+0	2.19428040E+1	1.45093920E-1
2.86118383E+5	2.23059029E+1	-4.60982130E-9	2.15688693E+1	3.98709754E+0	2.19342906E+1	1.82790856E-1
3.06795364E+5	2.25107832E+1	-5.19212032E-9	2.14233185E+1	4.82670471E+0	2.19603205E+1	2.21601350E-1
3.28966612E+5	2.28061941E+1	-5.67709190E-9	2.12820200E+1	5.69538689E+0	2.20309300E+1	2.61487519E-1
3.52740116E+5	2.31915267E+1	-6.07915296E-9	2.11285903E+1	6.60203261E+0	2.21360398E+1	3.02856730E-1
3.78231664E+5	2.36911050E+1	-6.39266990E-9	2.09740782E+1	7.54897713E+0	2.22912333E+1	3.45484220E-1
4.05565415E+5	2.43135608E+1	-6.61606002E-9	2.08159329E+1	8.53265915E+0	2.24968761E+1	3.89020262E-1
4.34874501E+5	2.50848377E+1	-6.76045072E-9	2.06508036E+1	9.56902300E+0	2.27600973E+1	4.33919016E-1
4.66301673E+5	2.60120063E+1	-6.82948796E-9	2.04672923E+1	1.06529255E+1	2.30736915E+1	4.79901296E-1
5.00000000E+5	2.71346153E+1	-6.82493185E-9	2.02725830E+1	1.17945291E+1	2.34539696E+1	5.26927563E-1
