Start time:20240907_11-50-20	sweep/start:500.000	sweep/stop:500000.000	sweep/samplecount:100.000	sweep/xmapping:1.000	sweep/scan:0.000	sweep/averaging/sample:10.000	sweep/settling/time:0.100	sweep/settling/inaccuracy:0.010	sweep/awgcontrol:0.000	sweep/averaging/time:0.100	sweep/averaging/tc:15.000	sweep/bandwidthcontrol:2.000	sweep/sincfilter:0.000	sweep/omegasuppression:80.000	sweep/maxbandwidth:100.000	sweep/bandwidth:1250000.000	sweep/order:8.000	sweep/bandwidthoverlap:1.000																				
Frequency	Param0		Param1		RealZ		ImagZ		AbsZ		PhaseZ		
5.00000000E+2	1.58526410E+3	7.64561491E-7	1.02283992E+2	-3.89467665E+2	4.02674907E+2	-1.31397094E+0
5.36133611E+2	1.42801421E+3	7.56300928E-7	1.00309392E+2	-3.64939984E+2	3.78474796E+2	-1.30255522E+0
5.74878498E+2	1.28629712E+3	7.47437064E-7	9.84921606E+1	-3.42037130E+2	3.55935542E+2	-1.29042397E+0
6.16423370E+2	1.15962825E+3	7.37970965E-7	9.67497337E+1	-3.20676086E+2	3.34953233E+2	-1.27777561E+0
6.60970574E+2	1.04611281E+3	7.27857631E-7	9.51063953E+1	-3.00743655E+2	3.15423488E+2	-1.26451018E+0
7.08737081E+2	9.44217214E+2	7.17120091E-7	9.35613366E+1	-2.82114273E+2	2.97224142E+2	-1.25056748E+0
7.59955541E+2	8.53138563E+2	7.05697994E-7	9.20875598E+1	-2.64732479E+2	2.80291650E+2	-1.23603692E+0
8.14875417E+2	7.71712930E+2	6.93518863E-7	9.06959341E+1	-2.48526551E+2	2.64558504E+2	-1.22087920E+0
8.73764200E+2	6.99057534E+2	6.80678993E-7	8.93443156E+1	-2.33397515E+2	2.49913601E+2	-1.20520585E+0
9.36908711E+2	6.34150245E+2	6.67103125E-7	8.80532350E+1	-2.19284277E+2	2.36302704E+2	-1.18895590E+0
1.00461650E+3	5.76328551E+2	6.52771851E-7	8.68059264E+1	-2.06139409E+2	2.23671022E+2	-1.17223108E+0
1.07721735E+3	5.24773473E+2	6.37686866E-7	8.56061544E+1	-1.93895369E+2	2.11952423E+2	-1.15502762E+0
1.15506485E+3	4.78803725E+2	6.21919551E-7	8.44388542E+1	-1.82482089E+2	2.01071216E+2	-1.13741159E+0
1.23853818E+3	4.37989601E+2	6.05451831E-7	8.32903950E+1	-1.71880869E+2	1.90998230E+2	-1.11955893E+0
1.32804389E+3	4.01595386E+2	5.88405445E-7	8.21610882E+1	-1.62003293E+2	1.81646668E+2	-1.10143960E+0
1.42401793E+3	3.69154499E+2	5.70816731E-7	8.10495134E+1	-1.52809578E+2	1.72973383E+2	-1.08312902E+0
1.52692775E+3	3.40271381E+2	5.52736819E-7	7.99509912E+1	-1.44266669E+2	1.64939483E+2	-1.06474273E+0
1.63727458E+3	3.14555478E+2	5.34304293E-7	7.88491006E+1	-1.36327675E+2	1.57487828E+2	-1.04642615E+0
1.75559587E+3	2.91605364E+2	5.15643412E-7	7.77396237E+1	-1.28941230E+2	1.50563243E+2	-1.02824176E+0
1.88246790E+3	2.71201649E+2	4.96770555E-7	7.66261393E+1	-1.22104748E+2	1.44156633E+2	-1.01036949E+0
2.01850863E+3	2.52942784E+2	4.77868109E-7	7.55036289E+1	-1.15746705E+2	1.38195867E+2	-9.92793488E-1
2.16438064E+3	2.36587945E+2	4.59094197E-7	7.43565303E+1	-1.09831528E+2	1.32634303E+2	-9.75670296E-1
2.32079442E+3	2.21970714E+2	4.40478093E-7	7.31924657E+1	-1.04352510E+2	1.27462087E+2	-9.59133852E-1
2.48851178E+3	2.08831566E+2	4.22204786E-7	7.19974009E+1	-9.92557492E+1	1.22618635E+2	-9.43243949E-1
2.66834962E+3	1.97006095E+2	4.04319341E-7	7.07784376E+1	-9.45208749E+1	1.18083797E+2	-9.28055485E-1
2.86118383E+3	1.86328035E+2	3.86939107E-7	6.95270295E+1	-9.01156279E+1	1.13819306E+2	-9.13656982E-1
3.06795364E+3	1.76658535E+2	3.70146628E-7	6.82390702E+1	-8.60142028E+1	1.09795328E+2	-9.00125560E-1
3.28966612E+3	1.67869633E+2	3.53953609E-7	6.69244902E+1	-8.21930767E+1	1.05993346E+2	-8.87435495E-1
3.52740116E+3	1.59827592E+2	3.38434484E-7	6.55779232E+1	-7.86174100E+1	1.02377543E+2	-8.75582191E-1
3.78231664E+3	1.52468228E+2	3.23622655E-7	6.41963486E+1	-7.52776979E+1	9.89338325E+1	-8.64682590E-1
4.05565415E+3	1.45650044E+2	3.09505748E-7	6.27911877E+1	-7.21304758E+1	9.56323114E+1	-8.54508000E-1
4.34874501E+3	1.39368018E+2	2.96163835E-7	6.13422839E+1	-6.91829201E+1	9.24616265E+1	-8.45395969E-1
4.66301673E+3	1.33490057E+2	2.83474498E-7	5.98827261E+1	-6.63913202E+1	8.94077648E+1	-8.36895994E-1
5.00000000E+3	1.27977078E+2	2.71498518E-7	5.83966586E+1	-6.37437349E+1	8.64490230E+1	-8.29148346E-1
5.36133611E+3	1.22794643E+2	2.60108486E-7	5.69115413E+1	-6.12332318E+1	8.35968439E+1	-8.21961478E-1
5.74878498E+3	1.17879446E+2	2.49386334E-7	5.54063602E+1	-5.88337164E+1	8.08162792E+1	-8.15390515E-1
6.16423370E+3	1.13203878E+2	2.39212232E-7	5.39056578E+1	-5.65376817E+1	7.81174081E+1	-8.09225090E-1
6.60970574E+3	1.08727777E+2	2.29578413E-7	5.24077649E+1	-5.43286832E+1	7.54862881E+1	-8.03393055E-1
7.08737081E+3	1.04434753E+2	2.20438334E-7	5.09194442E+1	-5.22012418E+1	7.29229697E+1	-7.97827593E-1
7.59955541E+3	1.00291401E+2	2.11733096E-7	4.94505897E+1	-5.01408817E+1	7.04234967E+1	-7.92329292E-1
8.14875417E+3	9.63002954E+1	2.03445714E-7	4.80007788E+1	-4.81499148E+1	6.79888897E+1	-7.86949225E-1
8.73764200E+3	9.24464051E+1	1.95470308E-7	4.65909267E+1	-4.62217390E+1	6.56289848E+1	-7.81420413E-1
9.36908711E+3	8.86985604E+1	1.87844174E-7	4.52078377E+1	-4.43409682E+1	6.33235351E+1	-7.75718054E-1
1.00461650E+4	8.50787536E+1	1.80477141E-7	4.38687692E+1	-4.25185985E+1	6.10925541E+1	-7.69770169E-1
1.07721735E+4	8.15607733E+1	1.73361673E-7	4.25710749E+1	-4.07410513E+1	5.89247803E+1	-7.63435822E-1
1.15506485E+4	7.81686859E+1	1.66447867E-7	4.13230114E+1	-3.90201759E+1	5.68345445E+1	-7.56743529E-1
1.23853818E+4	7.48760488E+1	1.59731142E-7	4.01211110E+1	-3.73417545E+1	5.48097639E+1	-7.49533689E-1
1.32804389E+4	7.16959783E+1	1.53197713E-7	3.89652276E+1	-3.57121980E+1	5.28549911E+1	-7.41864599E-1
1.42401793E+4	6.86207945E+1	1.46807346E-7	3.78607507E+1	-3.41262102E+1	5.09709205E+1	-7.33566610E-1
1.52692775E+4	6.56618963E+1	1.40539601E-7	3.68095339E+1	-3.25889807E+1	4.91628279E+1	-7.24656753E-1
1.63727458E+4	6.28161012E+1	1.34393635E-7	3.58084228E+1	-3.10982639E+1	4.74272639E+1	-7.15115228E-1
1.75559587E+4	6.00651090E+1	1.28323277E-7	3.48632585E+1	-2.96414838E+1	4.57609547E+1	-7.04622432E-1
1.88246790E+4	5.74617170E+1	1.22431930E-7	3.39526562E+1	-2.82523385E+1	4.41698737E+1	-6.94015747E-1
2.01850863E+4	5.49612547E+1	1.16587026E-7	3.31003788E+1	-2.68998643E+1	4.26525278E+1	-6.82422278E-1
2.16438064E+4	5.25643681E+1	1.10837697E-7	3.22927036E+1	-2.55856692E+1	4.12000656E+1	-6.70031191E-1
2.32079442E+4	5.02844237E+1	1.05162436E-7	3.15342928E+1	-2.43160781E+1	3.98206425E+1	-6.56868589E-1
2.48851178E+4	4.81196452E+1	9.95915480E-8	3.08168231E+1	-2.30914860E+1	3.85083644E+1	-6.43062130E-1
2.66834962E+4	4.60447276E+1	9.41772891E-8	3.01228663E+1	-2.19000358E+1	3.72424353E+1	-6.28633372E-1
2.86118383E+4	4.40979493E+1	8.87899108E-8	2.94877309E+1	-2.07562527E+1	3.60603440E+1	-6.13334962E-1
3.06795364E+4	4.22548899E+1	8.35236950E-8	2.88855212E+1	-1.96514910E+1	3.49364350E+1	-5.97397655E-1
3.28966612E+4	4.05170523E+1	7.83501845E-8	2.83227967E+1	-1.85842766E+1	3.38755990E+1	-5.80693205E-1
3.52740116E+4	3.88715349E+1	7.33102374E-8	2.77872511E+1	-1.75499771E+1	3.28653781E+1	-5.63319732E-1
3.78231664E+4	3.73393145E+1	6.83876679E-8	2.72894751E+1	-1.65606357E+1	3.19213133E+1	-5.45441512E-1
4.05565415E+4	3.58879584E+1	6.35776218E-8	2.68209827E+1	-1.55943929E+1	3.10249945E+1	-5.26649500E-1
4.34874501E+4	3.45397878E+1	5.89111929E-8	2.63840379E+1	-1.46690678E+1	3.01877302E+1	-5.07424819E-1
4.66301673E+4	3.32741362E+1	5.43782677E-8	2.59744466E+1	-1.37697254E+1	2.93985928E+1	-4.87456818E-1
5.00000000E+4	3.20927346E+1	5.00036132E-8	2.55889212E+1	-1.29006006E+1	2.86569092E+1	-4.66960410E-1
5.36133611E+4	3.09950494E+1	4.57989690E-8	2.52265834E+1	-1.20631122E+1	2.79624605E+1	-4.46048264E-1
5.74878498E+4	2.99722247E+1	4.17468444E-8	2.48883651E+1	-1.12485083E+1	2.73122622E+1	-4.24481424E-1
6.16423370E+4	2.90224927E+1	3.78650470E-8	2.45711601E+1	-1.04582213E+1	2.67042377E+1	-4.02404090E-1
6.60970574E+4	2.81422621E+1	3.41588557E-8	2.42734307E+1	-9.69070714E+0	2.61363587E+1	-3.79843309E-1
7.08737081E+4	2.73270238E+1	3.06318383E-8	2.39931570E+1	-8.94371184E+0	2.56058894E+1	-3.56806221E-1
7.59955541E+4	2.65773662E+1	2.72803086E-8	2.37328489E+1	-8.21635457E+0	2.51148684E+1	-3.33287090E-1
8.14875417E+4	2.58870374E+1	2.41093247E-8	2.34885712E+1	-7.50576674E+0	2.46586601E+1	-3.09294457E-1
8.73764200E+4	2.52526086E+1	2.11205776E-8	2.32584776E+1	-6.81031846E+0	2.42350414E+1	-2.84847628E-1
9.36908711E+4	2.46725625E+1	1.83088287E-8	2.30430980E+1	-6.12763415E+0	2.38439148E+1	-2.59905715E-1
1.00461650E+5	2.41425872E+1	1.56749099E-8	2.28393545E+1	-5.45572983E+0	2.34819315E+1	-2.34480113E-1
1.07721735E+5	2.36625409E+1	1.32165473E-8	2.26478086E+1	-4.79389775E+0	2.31496155E+1	-2.08592649E-1
1.15506485E+5	2.32319407E+1	1.09242233E-8	2.24696492E+1	-4.13864907E+0	2.28476160E+1	-1.82146921E-1
1.23853818E+5	2.28447198E+1	8.79496888E-9	2.22995705E+1	-3.48663009E+0	2.25704993E+1	-1.55098400E-1
1.32804389E+5	2.25087713E+1	6.78945650E-9	2.21486017E+1	-2.82439718E+0	2.23279603E+1	-1.26835718E-1
1.42401793E+5	2.21765966E+1	5.01171904E-9	2.19594383E+1	-2.18372650E+0	2.20677504E+1	-9.91177618E-2
1.52692775E+5	2.19238136E+1	3.34513005E-9	2.18158126E+1	-1.53496634E+0	2.18697465E+1	-7.02445000E-2
1.63727458E+5	2.17142061E+1	1.82247232E-9	2.16782774E+1	-8.82533079E-1	2.16962343E+1	-4.06880144E-2
1.75559587E+5	2.15491479E+1	4.38965662E-10	2.15468015E+1	-2.24826594E-1	2.15479747E+1	-1.04339609E-2
1.88246790E+5	2.14722970E+1	-7.97628205E-10	2.14513905E+1	4.35011035E-1	2.14618384E+1	2.02601080E-2
2.01850863E+5	2.13600170E+1	-1.94695689E-9	2.13007602E+1	1.12347576E+0	2.13303680E+1	5.26946187E-2
2.16438064E+5	2.13370011E+1	-2.95525933E-9	2.11812475E+1	1.81632706E+0	2.12589817E+1	8.55423876E-2
2.32079442E+5	2.13681444E+1	-3.85014185E-9	2.10649775E+1	2.52709204E+0	2.12160194E+1	1.19395922E-1
2.48851178E+5	2.14590086E+1	-4.63237003E-9	2.09528247E+1	3.25667966E+0	2.12044063E+1	1.54195347E-1
2.66834962E+5	2.16125918E+1	-5.31342020E-9	2.08400710E+1	4.01238689E+0	2.12228166E+1	1.90204868E-1
2.86118383E+5	2.18318858E+1	-5.88720082E-9	2.07253783E+1	4.78881594E+0	2.12714384E+1	2.27075366E-1
3.06795364E+5	2.21278500E+1	-6.36084670E-9	2.06106021E+1	5.59208119E+0	2.13557559E+1	2.64942307E-1
3.28966612E+5	2.25117814E+1	-6.74661608E-9	2.04922735E+1	6.43305763E+0	2.14783047E+1	3.04183540E-1
3.52740116E+5	2.29884254E+1	-7.04279238E-9	2.03661010E+1	7.30796899E+0	2.16375734E+1	3.44519451E-1
3.78231664E+5	2.35813937E+1	-7.24945026E-9	2.02406071E+1	8.22310512E+0	2.18472358E+1	3.85897794E-1
4.05565415E+5	2.42993241E+1	-7.37256913E-9	2.01085873E+1	9.17984741E+0	2.21048648E+1	4.28257471E-1
4.34874501E+5	2.51518817E+1	-7.42684059E-9	1.99536077E+1	1.01845026E+1	2.24024716E+1	4.71940015E-1
4.66301673E+5	2.61895022E+1	-7.40210404E-9	1.98015921E+1	1.12467989E+1	2.27726539E+1	5.16538430E-1
5.00000000E+5	2.74106724E+1	-7.31591000E-9	1.96225679E+1	1.23621292E+1	2.31919744E+1	5.62183626E-1
