Start time:20240906_15-53-57	sweep/start:500.000	sweep/stop:500000.000	sweep/samplecount:100.000	sweep/xmapping:1.000	sweep/scan:0.000	sweep/averaging/sample:10.000	sweep/settling/time:0.100	sweep/settling/inaccuracy:0.010	sweep/awgcontrol:0.000	sweep/averaging/time:0.100	sweep/averaging/tc:15.000	sweep/bandwidthcontrol:2.000	sweep/sincfilter:0.000	sweep/omegasuppression:80.000	sweep/maxbandwidth:100.000	sweep/bandwidth:1250000.000	sweep/order:8.000	sweep/bandwidthoverlap:1.000																				
Frequency	Param0		Param1		RealZ		ImagZ		AbsZ		PhaseZ		
5.00000000E+2	1.58874110E+3	7.51671270E-7	1.05386178E+2	-3.95379411E+2	4.09183504E+2	-1.31030804E+0
5.36133611E+2	1.43163158E+3	7.43217329E-7	1.03389772E+2	-3.70575842E+2	3.84728361E+2	-1.29871738E+0
5.74878498E+2	1.29131203E+3	7.34174523E-7	1.01465481E+2	-3.47459758E+2	3.61971729E+2	-1.28667588E+0
6.16423370E+2	1.16553488E+3	7.24589823E-7	9.96248922E+1	-3.25869730E+2	3.40758283E+2	-1.27410013E+0
6.60970574E+2	1.05239657E+3	7.14366064E-7	9.79137796E+1	-3.05707333E+2	3.21004807E+2	-1.26083397E+0
7.08737081E+2	9.51344907E+2	7.03464377E-7	9.62746048E+1	-2.86917259E+2	3.02638922E+2	-1.24705361E+0
7.59955541E+2	8.60588099E+2	6.91915530E-7	9.47354296E+1	-2.69357296E+2	2.85531360E+2	-1.23259967E+0
8.14875417E+2	7.79796424E+2	6.79730901E-7	9.32202462E+1	-2.52987679E+2	2.69615994E+2	-1.21775632E+0
8.73764200E+2	7.07470215E+2	6.66772904E-7	9.17972616E+1	-2.37733204E+2	2.54840765E+2	-1.20229883E+0
9.36908711E+2	6.42880497E+2	6.53175022E-7	9.04133576E+1	-2.23495854E+2	2.41091214E+2	-1.18638097E+0
1.00461650E+3	5.85395303E+2	6.38790455E-7	8.90803213E+1	-2.10266239E+2	2.28357606E+2	-1.17006555E+0
1.07721735E+3	5.34075230E+2	6.23864618E-7	8.77588441E+1	-1.97909575E+2	2.16494379E+2	-1.15342027E+0
1.15506485E+3	4.88368793E+2	6.08226125E-7	8.64786625E+1	-1.86426703E+2	2.05507848E+2	-1.13646416E+0
1.23853818E+3	4.47585795E+2	5.92048438E-7	8.52136601E+1	-1.75724367E+2	1.95295728E+2	-1.11927888E+0
1.32804389E+3	4.11253072E+2	5.75308328E-7	8.39692598E+1	-1.65776287E+2	1.85829531E+2	-1.10194512E+0
1.42401793E+3	3.78874030E+2	5.58190137E-7	8.27144167E+1	-1.56514111E+2	1.77026389E+2	-1.08462596E+0
1.52692775E+3	3.49982361E+2	5.40638195E-7	8.14792276E+1	-1.47910197E+2	1.68867674E+2	-1.06728574E+0
1.63727458E+3	3.24185396E+2	5.22868011E-7	8.02299767E+1	-1.39901882E+2	1.61274257E+2	-1.05011025E+0
1.75559587E+3	3.01161927E+2	5.04855364E-7	7.89865330E+1	-1.32472122E+2	1.54232732E+2	-1.03313858E+0
1.88246790E+3	2.80537436E+2	4.86872433E-7	7.77129615E+1	-1.25547162E+2	1.47652953E+2	-1.01652747E+0
2.01850863E+3	2.62082609E+2	4.68885888E-7	7.64306878E+1	-1.19119702E+2	1.41531458E+2	-1.00032815E+0
2.16438064E+3	2.45511555E+2	4.51072051E-7	7.51235731E+1	-1.13137761E+2	1.35807601E+2	-9.84641540E-1
2.32079442E+3	2.30603572E+2	4.33515254E-7	7.37914143E+1	-1.07570398E+2	1.30447550E+2	-9.69540138E-1
2.48851178E+3	2.17164586E+2	4.16294206E-7	7.24339974E+1	-1.02388547E+2	1.25419690E+2	-9.55092922E-1
2.66834962E+3	2.05003627E+2	3.99511869E-7	7.10460177E+1	-9.75559027E+1	1.20684261E+2	-9.41354911E-1
2.86118383E+3	1.93974768E+2	3.83223428E-7	6.96284877E+1	-9.30486060E+1	1.16216047E+2	-9.28382621E-1
3.06795364E+3	1.83920754E+2	3.67473592E-7	6.81857546E+1	-8.88339904E+1	1.11985602E+2	-9.16148829E-1
3.28966612E+3	1.74736144E+2	3.52334105E-7	6.67099706E+1	-8.48906501E+1	1.07965934E+2	-9.04752992E-1
3.52740116E+3	1.66275054E+2	3.37802994E-7	6.52133029E+1	-8.11823278E+1	1.04131385E+2	-8.94049875E-1
3.78231664E+3	1.58481165E+2	3.23886462E-7	6.36970363E+1	-7.77011439E+1	1.00472784E+2	-8.84116454E-1
4.05565415E+3	1.51263016E+2	3.10645656E-7	6.21518854E+1	-7.44205908E+1	9.69602052E+1	-8.74990603E-1
4.34874501E+3	1.44502094E+2	2.98061683E-7	6.05880083E+1	-7.13034849E+1	9.35686586E+1	-8.66464749E-1
4.66301673E+3	1.38188285E+2	2.86043046E-7	5.90241351E+1	-6.83563838E+1	9.03130326E+1	-8.58530269E-1
5.00000000E+3	1.32242365E+2	2.74636535E-7	5.74507221E+1	-6.55502370E+1	8.71631755E+1	-8.51152434E-1
5.36133611E+3	1.26604739E+2	2.63791612E-7	5.58790844E+1	-6.28656082E+1	8.41103847E+1	-8.44166925E-1
5.74878498E+3	1.21252975E+2	2.53486864E-7	5.43112161E+1	-6.02966681E+1	8.11504556E+1	-8.37576239E-1
6.16423370E+3	1.16152042E+2	2.43644166E-7	5.27630698E+1	-5.78324881E+1	7.82849811E+1	-8.31203550E-1
6.60970574E+3	1.11271585E+2	2.34253097E-7	5.12341109E+1	-5.54613964E+1	7.55043089E+1	-8.24997544E-1
7.08737081E+3	1.06600786E+2	2.25282398E-7	4.97278857E+1	-5.31805317E+1	7.28081839E+1	-8.18936250E-1
7.59955541E+3	1.02081976E+2	2.16654144E-7	4.82602388E+1	-5.09651817E+1	7.01890338E+1	-8.12652001E-1
8.14875417E+3	9.77402448E+1	2.08414854E-7	4.68150989E+1	-4.88268944E+1	6.76440623E+1	-8.06429714E-1
8.73764200E+3	9.35729514E+1	2.00407523E-7	4.54253204E+1	-4.67666705E+1	6.51964819E+1	-7.99946668E-1
9.36908711E+3	8.95378627E+1	1.92686526E-7	4.40746922E+1	-4.47635474E+1	6.28200104E+1	-7.93152046E-1
1.00461650E+4	8.56493699E+1	1.85209746E-7	4.27686574E+1	-4.28246468E+1	6.05236193E+1	-7.86052292E-1
1.07721735E+4	8.19027664E+1	1.77918598E-7	4.15168161E+1	-4.09474781E+1	5.83124518E+1	-7.78494212E-1
1.15506485E+4	7.82879270E+1	1.70842821E-7	4.03083309E+1	-3.91266413E+1	5.61752226E+1	-7.70523073E-1
1.23853818E+4	7.48127779E+1	1.63875718E-7	3.91639275E+1	-3.73650760E+1	5.41291250E+1	-7.61897008E-1
1.32804389E+4	7.14769546E+1	1.57091334E-7	3.80631527E+1	-3.56627894E+1	5.21597372E+1	-7.52851741E-1
1.42401793E+4	6.82672939E+1	1.50426916E-7	3.70164439E+1	-3.40116912E+1	5.02693979E+1	-7.43119682E-1
1.52692775E+4	6.51943690E+1	1.43881772E-7	3.60210864E+1	-3.24168611E+1	4.84600020E+1	-7.32782645E-1
1.63727458E+4	6.22568331E+1	1.37443536E-7	3.50769614E+1	-3.08769634E+1	4.67309355E+1	-7.21803270E-1
1.75559587E+4	5.94502057E+1	1.31117183E-7	3.41800537E+1	-2.93893487E+1	4.50778288E+1	-7.10178515E-1
1.88246790E+4	5.67819358E+1	1.24891676E-7	3.33313025E+1	-2.79578217E+1	4.35042036E+1	-6.97947466E-1
2.01850863E+4	5.42402488E+1	1.18736551E-7	3.25344228E+1	-2.65741583E+1	4.20080342E+1	-6.84902002E-1
2.16438064E+4	5.18262748E+1	1.12697512E-7	3.17778481E+1	-2.52407464E+1	4.05823516E+1	-6.71247984E-1
2.32079442E+4	4.95400873E+1	1.06736154E-7	3.10688780E+1	-2.39557724E+1	3.92320616E+1	-6.56839895E-1
2.48851178E+4	4.73677378E+1	1.00845056E-7	3.04059208E+1	-2.27098684E+1	3.79507461E+1	-6.41507446E-1
2.66834962E+4	4.53241406E+1	9.51596324E-8	2.97619315E+1	-2.15211706E+1	3.67278335E+1	-6.26068621E-1
2.86118383E+4	4.33962771E+1	8.95204224E-8	2.91689944E+1	-2.03714344E+1	3.55784443E+1	-6.09646930E-1
3.06795364E+4	4.15783424E+1	8.40012031E-8	2.86100808E+1	-1.92619552E+1	3.44899943E+1	-5.92551722E-1
3.28966612E+4	3.98787781E+1	7.86254920E-8	2.80831765E+1	-1.82004913E+1	3.34652467E+1	-5.75032980E-1
3.52740116E+4	3.82808359E+1	7.33664678E-8	2.75905748E+1	-1.71741190E+1	3.24990806E+1	-5.56773045E-1
3.78231664E+4	3.67833267E+1	6.82548881E-8	2.71264284E+1	-1.61850866E+1	3.15879763E+1	-5.37955444E-1
4.05565415E+4	3.53803090E+1	6.32648119E-8	2.66953931E+1	-1.52265265E+1	3.07325759E+1	-5.18355546E-1
4.34874501E+4	3.40780939E+1	5.84790532E-8	2.62844876E+1	-1.43126123E+1	2.99286688E+1	-4.98631551E-1
4.66301673E+4	3.28585775E+1	5.38410651E-8	2.59000277E+1	-1.34248500E+1	2.91725566E+1	-4.78206542E-1
5.00000000E+4	3.17249472E+1	4.93754973E-8	2.55398909E+1	-1.25684363E+1	2.84649201E+1	-4.57315734E-1
5.36133611E+4	3.06715303E+1	4.50951588E-8	2.52007420E+1	-1.17417166E+1	2.78018942E+1	-4.36019937E-1
5.74878498E+4	2.96957437E+1	4.09923439E-8	2.48847101E+1	-1.09417168E+1	2.71840021E+1	-4.14252467E-1
6.16423370E+4	2.87899707E+1	3.70843649E-8	2.45859149E+1	-1.01666389E+1	2.66050327E+1	-3.92102476E-1
6.60970574E+4	2.79518441E+1	3.33605315E-8	2.43065382E+1	-9.41301016E+0	2.60655436E+1	-3.69477756E-1
7.08737081E+4	2.71779123E+1	2.98292807E-8	2.40442061E+1	-8.68029187E+0	2.55630852E+1	-3.46452839E-1
7.59955541E+4	2.64654454E+1	2.64955368E-8	2.37975306E+1	-7.96804690E+0	2.50960604E+1	-3.23093912E-1
8.14875417E+4	2.58073640E+1	2.33510561E-8	2.35640383E+1	-7.27061200E+0	2.46602050E+1	-2.99279466E-1
8.73764200E+4	2.52047982E+1	2.03960996E-8	2.33452496E+1	-6.58874912E+0	2.42572114E+1	-2.75076150E-1
9.36908711E+4	2.46532429E+1	1.76314286E-8	2.31382583E+1	-5.92064985E+0	2.38837414E+1	-2.50506384E-1
1.00461650E+5	2.41503306E+1	1.50480114E-8	2.29430294E+1	-5.26299702E+0	2.35389410E+1	-2.25492913E-1
1.07721735E+5	2.36965896E+1	1.26371437E-8	2.27615337E+1	-4.61338289E+0	2.32243563E+1	-1.99974323E-1
1.15506485E+5	2.32866906E+1	1.04053713E-8	2.25881620E+1	-3.97221261E+0	2.29347670E+1	-1.74073909E-1
1.23853818E+5	2.29187439E+1	8.33138620E-9	2.24236348E+1	-3.33198721E+0	2.26698377E+1	-1.47513282E-1
1.32804389E+5	2.25963553E+1	6.42338390E-9	2.22696805E+1	-2.69717090E+0	2.24324232E+1	-1.20526988E-1
1.42401793E+5	2.23113695E+1	4.66455769E-9	2.21195726E+1	-2.05972254E+0	2.22152641E+1	-9.28499034E-2
1.52692775E+5	2.20717415E+1	3.05504291E-9	2.19797541E+1	-1.42191967E+0	2.20256998E+1	-6.46022275E-2
1.63727458E+5	2.18725258E+1	1.58469858E-9	2.18447514E+1	-7.78922140E-1	2.18586342E+1	-3.56420771E-2
1.75559587E+5	2.17148690E+1	2.49072063E-10	2.17140957E+1	-1.29547489E-1	2.17144823E+1	-5.96598001E-3
1.88246790E+5	2.16171008E+1	-9.10351141E-10	2.15926189E+1	5.01826295E-1	2.16048523E+1	2.32474225E-2
2.01850863E+5	2.15368398E+1	-2.04685807E-9	2.14697294E+1	1.20034671E+0	2.15032584E+1	5.58506540E-2
2.16438064E+5	2.15185539E+1	-3.02039378E-9	2.13517467E+1	1.88722472E+0	2.14349881E+1	8.81582658E-2
2.32079442E+5	2.15532793E+1	-3.88103931E-9	2.12373018E+1	2.59046234E+0	2.13947072E+1	1.21377400E-1
2.48851178E+5	2.16422531E+1	-4.63987254E-9	2.11215592E+1	3.31630181E+0	2.13803210E+1	1.55738812E-1
2.66834962E+5	2.17923352E+1	-5.28980254E-9	2.10076212E+1	4.06015405E+0	2.13963810E+1	1.90916643E-1
2.86118383E+5	2.20110178E+1	-5.84444185E-9	2.08935617E+1	4.83193673E+0	2.14450124E+1	2.27268920E-1
3.06795364E+5	2.23053053E+1	-6.30879196E-9	2.07765442E+1	5.63581010E+0	2.15273584E+1	2.64884262E-1
3.28966612E+5	2.26801218E+1	-6.68346642E-9	2.06527366E+1	6.47077606E+0	2.16427025E+1	3.03625591E-1
3.52740116E+5	2.31547471E+1	-6.96702201E-9	2.05302907E+1	7.34035286E+0	2.18030659E+1	3.43374076E-1
3.78231664E+5	2.37416859E+1	-7.16888721E-9	2.04035213E+1	8.25288817E+0	2.20094065E+1	3.84365536E-1
4.05565415E+5	2.44432928E+1	-7.29139866E-9	2.02636387E+1	9.20298136E+0	2.22555618E+1	4.26309999E-1
4.34874501E+5	2.52985497E+1	-7.34410482E-9	2.01145294E+1	1.02114652E+1	2.25581116E+1	4.69761707E-1
4.66301673E+5	2.63110830E+1	-7.32488628E-9	1.99501675E+1	1.12650355E+1	2.29109240E+1	5.14027910E-1
NaN	NaN	NaN	NaN	NaN	NaN	NaN
