Start time:20240908_21-46-00	sweep/start:500.000	sweep/stop:500000.000	sweep/samplecount:100.000	sweep/xmapping:1.000	sweep/scan:0.000	sweep/averaging/sample:10.000	sweep/settling/time:0.100	sweep/settling/inaccuracy:0.010	sweep/awgcontrol:0.000	sweep/averaging/time:0.100	sweep/averaging/tc:15.000	sweep/bandwidthcontrol:2.000	sweep/sincfilter:0.000	sweep/omegasuppression:80.000	sweep/maxbandwidth:100.000	sweep/bandwidth:1250000.000	sweep/order:8.000	sweep/bandwidthoverlap:1.000																				
Frequency	Param0		Param1		RealZ		ImagZ		AbsZ		PhaseZ		
5.00000000E+2	1.43641880E+3	8.35712216E-7	9.43617105E+1	-3.55863350E+2	3.68161461E+2	-1.31159851E+0
5.36133611E+2	1.28871622E+3	8.26520760E-7	9.28843274E+1	-3.33277608E+2	3.45978999E+2	-1.29899392E+0
5.74878498E+2	1.15746690E+3	8.16699363E-7	9.14358481E+1	-3.12207348E+2	3.25321294E+2	-1.28589451E+0
6.16423370E+2	1.03939190E+3	8.06161302E-7	9.01293163E+1	-2.92500158E+2	3.06071298E+2	-1.27189373E+0
6.60970574E+2	9.34656463E+2	7.94859004E-7	8.88510207E+1	-2.74136185E+2	2.88175562E+2	-1.25736718E+0
7.08737081E+2	8.41527089E+2	7.82731707E-7	8.76240962E+1	-2.57021461E+2	2.71547450E+2	-1.24223221E+0
7.59955541E+2	7.58243881E+2	7.69794278E-7	8.64796153E+1	-2.41026745E+2	2.56071510E+2	-1.22630635E+0
8.14875417E+2	6.84271801E+2	7.55999533E-7	8.53713650E+1	-2.26117078E+2	2.41696514E+2	-1.20978859E+0
8.73764200E+2	6.18430012E+2	7.41356105E-7	8.43061039E+1	-2.12202478E+2	2.28336184E+2	-1.19262760E+0
9.36908711E+2	5.59924028E+2	7.25828737E-7	8.32755407E+1	-1.99231400E+2	2.15935101E+2	-1.17488325E+0
1.00461650E+3	5.07941629E+2	7.09362713E-7	8.22872419E+1	-1.87152125E+2	2.04443414E+2	-1.15655670E+0
1.07721735E+3	4.61755222E+2	6.92059188E-7	8.13210613E+1	-1.75890037E+2	1.93779310E+2	-1.13772768E+0
1.15506485E+3	4.20722431E+2	6.73867030E-7	8.03883714E+1	-1.65405252E+2	1.83905379E+2	-1.11840437E+0
1.23853818E+3	3.84240538E+2	6.54899218E-7	7.94752191E+1	-1.55631900E+2	1.74750105E+2	-1.09865595E+0
1.32804389E+3	3.51798179E+2	6.35187393E-7	7.85831027E+1	-1.46526743E+2	1.66269032E+2	-1.07852785E+0
1.42401793E+3	3.23074507E+2	6.14775469E-7	7.76971946E+1	-1.38076528E+2	1.58436050E+2	-1.05824653E+0
1.52692775E+3	2.97538911E+2	5.93793028E-7	7.68214195E+1	-1.30214554E+2	1.51186510E+2	-1.03779166E+0
1.63727458E+3	2.74837037E+2	5.72378433E-7	7.59447984E+1	-1.22901709E+2	1.44472982E+2	-1.01729636E+0
1.75559587E+3	2.54659232E+2	5.50572074E-7	7.50770513E+1	-1.16114167E+2	1.38271703E+2	-9.96829371E-1
1.88246790E+3	2.36705098E+2	5.28594030E-7	7.41986469E+1	-1.09807824E+2	1.32526215E+2	-9.76556541E-1
2.01850863E+3	2.20707775E+2	5.06533383E-7	7.33162394E+1	-1.03952839E+2	1.27206383E+2	-9.56533072E-1
2.16438064E+3	2.06457120E+2	4.84560986E-7	7.24181526E+1	-9.85233673E+1	1.22275275E+2	-9.36941622E-1
2.32079442E+3	1.93741614E+2	4.62779880E-7	7.15088503E+1	-9.34918398E+1	1.17704035E+2	-9.17847854E-1
2.48851178E+3	1.82355369E+2	4.41394109E-7	7.05735398E+1	-8.88191357E+1	1.13443658E+2	-8.99371560E-1
2.66834962E+3	1.72145668E+2	4.20480702E-7	6.96170457E+1	-8.44851434E+1	1.09472703E+2	-8.81582514E-1
2.86118383E+3	1.62985209E+2	4.00103472E-7	6.86446014E+1	-8.04734307E+1	1.05773600E+2	-8.64557686E-1
3.06795364E+3	1.54705686E+2	3.80481157E-7	6.76318704E+1	-7.67395908E+1	1.02288977E+2	-8.48399995E-1
3.28966612E+3	1.47240737E+2	3.61598108E-7	6.65923243E+1	-7.32841384E+1	9.90207187E+1	-8.33202599E-1
3.52740116E+3	1.40445331E+2	3.43529798E-7	6.55233723E+1	-7.00652491E+1	9.59294093E+1	-8.18883121E-1
3.78231664E+3	1.34243527E+2	3.26343823E-7	6.44175358E+1	-6.70672644E+1	9.29926719E+1	-8.05547795E-1
4.05565415E+3	1.28567286E+2	3.09999246E-7	6.32872761E+1	-6.42759165E+1	9.02035090E+1	-7.93148206E-1
4.34874501E+3	1.23351263E+2	2.94596445E-7	6.21137474E+1	-6.16740720E+1	8.75317598E+1	-7.81846336E-1
4.66301673E+3	1.18477625E+2	2.80027553E-7	6.09183012E+1	-5.92149983E+1	8.49556092E+1	-7.71220667E-1
5.00000000E+3	1.13986821E+2	2.66267034E-7	5.97049916E+1	-5.69288674E+1	8.24959520E+1	-7.61600606E-1
5.36133611E+3	1.09742899E+2	2.53380363E-7	5.84542877E+1	-5.47543522E+1	8.00933388E+1	-7.52727348E-1
5.74878498E+3	1.05742581E+2	2.41238668E-7	5.71891955E+1	-5.26946765E+1	7.77646004E+1	-7.44518504E-1
6.16423370E+3	1.01966747E+2	2.29820118E-7	5.59095713E+1	-5.07448205E+1	7.55044173E+1	-7.37010854E-1
6.60970574E+3	9.83767631E+1	2.19081103E-7	5.46185793E+1	-4.88877252E+1	7.33021075E+1	-7.30087441E-1
7.08737081E+3	9.49313384E+1	2.08953784E-7	5.33238645E+1	-4.71027727E+1	7.11484770E+1	-7.23530592E-1
7.59955541E+3	9.16209942E+1	1.99410673E-7	5.20258415E+1	-4.53869040E+1	6.90409971E+1	-7.17350733E-1
8.14875417E+3	8.84329941E+1	1.90371525E-7	5.07367809E+1	-4.37331036E+1	6.69836202E+1	-7.11396929E-1
8.73764200E+3	8.53661214E+1	1.81807058E-7	4.94587338E+1	-4.21418300E+1	6.49776903E+1	-7.05689035E-1
9.36908711E+3	8.23895184E+1	1.73665319E-7	4.81963859E+1	-4.05953855E+1	6.30148949E+1	-7.00001576E-1
1.00461650E+4	7.95081441E+1	1.65909501E-7	4.69543356E+1	-3.90965776E+1	6.11003441E+1	-6.94335490E-1
1.07721735E+4	7.67184670E+1	1.58510247E-7	4.57350170E+1	-3.76434392E+1	5.92344524E+1	-6.88654733E-1
1.15506485E+4	7.40089520E+1	1.51412406E-7	4.45461481E+1	-3.62278117E+1	5.74178866E+1	-6.82777024E-1
1.23853818E+4	7.13792739E+1	1.44607863E-7	4.33859006E+1	-3.48499299E+1	5.56493849E+1	-6.76722382E-1
1.32804389E+4	6.88207697E+1	1.38077449E-7	4.22540664E+1	-3.35044943E+1	5.39254794E+1	-6.70414754E-1
1.42401793E+4	6.63474405E+1	1.31764019E-7	4.11627335E+1	-3.21973796E+1	5.22593720E+1	-6.63790985E-1
1.52692775E+4	6.39469714E+1	1.25694051E-7	4.01007785E+1	-3.09232993E+1	5.06391465E+1	-6.56893755E-1
1.63727458E+4	6.16336093E+1	1.19774567E-7	3.90896855E+1	-2.96855914E+1	4.90839913E+1	-6.49504354E-1
1.75559587E+4	5.93697479E+1	1.14158177E-7	3.80837803E+1	-2.84719042E+1	4.75502277E+1	-6.41971250E-1
1.88246790E+4	5.72024302E+1	1.08584626E-7	3.71508268E+1	-2.72934666E+1	4.60989963E+1	-6.33615166E-1
2.01850863E+4	5.50921105E+1	1.03213608E-7	3.62427972E+1	-2.61371639E+1	4.46843598E+1	-6.24792165E-1
2.16438064E+4	5.30827065E+1	9.80465162E-8	3.53659840E+1	-2.50313579E+1	4.33280740E+1	-6.15928752E-1
2.32079442E+4	5.11227466E+1	9.29870663E-8	3.45303887E+1	-2.39361614E+1	4.20153313E+1	-6.06141709E-1
2.48851178E+4	4.92590758E+1	8.80067338E-8	3.37516649E+1	-2.28779195E+1	4.07746891E+1	-5.95691889E-1
2.66834962E+4	4.74360317E+1	8.33172868E-8	3.29630184E+1	-2.18420191E+1	3.95428206E+1	-5.85197251E-1
2.86118383E+4	4.56936858E+1	7.86476881E-8	3.22380462E+1	-2.08274626E+1	3.83806599E+1	-5.73595036E-1
3.06795364E+4	4.40315836E+1	7.41247547E-8	3.15450114E+1	-1.98466347E+1	3.72689786E+1	-5.61580089E-1
3.28966612E+4	4.24351541E+1	6.97267208E-8	3.08835826E+1	-1.88879279E+1	3.62015133E+1	-5.48894195E-1
3.52740116E+4	4.09093639E+1	6.54560842E-8	3.02534620E+1	-1.79548813E+1	3.51802480E+1	-5.35612942E-1
3.78231664E+4	3.94574512E+1	6.12800618E-8	2.96628821E+1	-1.70450881E+1	3.42114263E+1	-5.21553803E-1
4.05565415E+4	3.80673865E+1	5.72319095E-8	2.90985571E+1	-1.61548706E+1	3.32822172E+1	-5.06809731E-1
4.34874501E+4	3.67518361E+1	5.33151226E-8	2.85640512E+1	-1.52930115E+1	3.24003287E+1	-4.91560016E-1
4.66301673E+4	3.54982713E+1	4.95221089E-8	2.80556379E+1	-1.44501813E+1	3.15583052E+1	-4.75618510E-1
5.00000000E+4	3.43152940E+1	4.58545187E-8	2.75765435E+1	-1.36319980E+1	3.07619437E+1	-4.59103826E-1
5.36133611E+4	3.31946549E+1	4.22989763E-8	2.71260550E+1	-1.28303219E+1	3.00073330E+1	-4.41806149E-1
5.74878498E+4	3.21346416E+1	3.88722953E-8	2.66991727E+1	-1.20466800E+1	2.92910966E+1	-4.23851813E-1
6.16423370E+4	3.11366219E+1	3.55707841E-8	2.62975404E+1	-1.12807769E+1	2.86149711E+1	-4.05225928E-1
6.60970574E+4	3.01975208E+1	3.24050753E-8	2.59171626E+1	-1.05325558E+1	2.79755975E+1	-3.86005482E-1
7.08737081E+4	2.93151708E+1	2.93653326E-8	2.55591259E+1	-9.79802107E+0	2.73727993E+1	-3.66068664E-1
7.59955541E+4	2.84886733E+1	2.64622953E-8	2.52206049E+1	-9.07869218E+0	2.68048796E+1	-3.45530108E-1
8.14875417E+4	2.77176255E+1	2.36924482E-8	2.49023875E+1	-8.37294094E+0	2.62723248E+1	-3.24355690E-1
8.73764200E+4	2.69973431E+1	2.10541770E-8	2.46016502E+1	-7.67710800E+0	2.57716742E+1	-3.02480889E-1
9.36908711E+4	2.63293505E+1	1.85511363E-8	2.43187879E+1	-6.99245565E+0	2.53041082E+1	-2.79980366E-1
1.00461650E+5	2.57104808E+1	1.61779231E-8	2.40524747E+1	-6.31499339E+0	2.48676635E+1	-2.56755735E-1
1.07721735E+5	2.51374665E+1	1.39353582E-8	2.37995924E+1	-5.64277000E+0	2.44593838E+1	-2.32796618E-1
1.15506485E+5	2.46130443E+1	1.18256596E-8	2.35616637E+1	-4.97717486E+0	2.40816169E+1	-2.08179888E-1
1.23853818E+5	2.41352123E+1	9.84430534E-9	2.33373949E+1	-4.31497056E+0	2.37329514E+1	-1.82830360E-1
1.32804389E+5	2.36989772E+1	7.98858107E-9	2.31219267E+1	-3.65271064E+0	2.34086738E+1	-1.56681231E-1
1.42401793E+5	2.33100286E+1	6.25312212E-9	2.29201865E+1	-2.98918771E+0	2.31142857E+1	-1.29685298E-1
1.52692775E+5	2.29660483E+1	4.63822483E-9	2.27286664E+1	-2.32279242E+0	2.28470491E+1	-1.01843025E-1
1.63727458E+5	2.26662555E+1	3.14392222E-9	2.25450954E+1	-1.65274178E+0	2.26055943E+1	-7.31773645E-2
1.75559587E+5	2.24129760E+1	1.76097567E-9	2.23705729E+1	-9.73944894E-1	2.23917644E+1	-4.35094018E-2
1.88246790E+5	2.21906487E+1	5.57049718E-10	2.21708662E+1	-3.23583073E-1	2.21807531E+1	-1.46018659E-2
2.01850863E+5	2.20492985E+1	-6.72503360E-10	2.20415027E+1	4.14515490E-1	2.20454003E+1	1.88039221E-2
2.16438064E+5	2.19440831E+1	-1.72920764E-9	2.18858028E+1	1.12938113E+0	2.19149236E+1	5.15576383E-2
2.32079442E+5	2.18946414E+1	-2.68102916E-9	2.17353908E+1	1.86047290E+0	2.18148708E+1	8.53883447E-2
2.48851178E+5	2.19043427E+1	-3.53236916E-9	2.15883678E+1	2.61177488E+0	2.17457814E+1	1.20395539E-1
2.66834962E+5	2.19774802E+1	-4.28916054E-9	2.14419154E+1	3.38872748E+0	2.17080462E+1	1.56745682E-1
2.86118383E+5	2.21210012E+1	-4.94438874E-9	2.12975897E+1	4.18767962E+0	2.17053912E+1	1.94150130E-1
3.06795364E+5	2.23446870E+1	-5.50532134E-9	2.11551249E+1	5.01650389E+0	2.17417718E+1	2.32829049E-1
3.28966612E+5	2.26544364E+1	-5.97632455E-9	2.10091262E+1	5.87931738E+0	2.18162761E+1	2.72865812E-1
3.52740116E+5	2.30616245E+1	-6.35351799E-9	2.08616089E+1	6.77464503E+0	2.19340508E+1	3.13998739E-1
3.78231664E+5	2.35812840E+1	-6.64228057E-9	2.07114542E+1	7.70961575E+0	2.20998340E+1	3.56348143E-1
4.05565415E+5	2.42343866E+1	-6.84700681E-9	2.05586632E+1	8.69297351E+0	2.23209894E+1	4.00037544E-1
4.34874501E+5	2.50131107E+1	-6.97433703E-9	2.03820731E+1	9.71544389E+0	2.25791717E+1	4.44806840E-1
4.66301673E+5	2.59820474E+1	-7.01913717E-9	2.02116069E+1	1.07995210E+1	2.29159088E+1	4.90727366E-1
NaN	NaN	NaN	NaN	NaN	NaN	NaN
