Start time:20240909_05-03-03	sweep/start:500.000	sweep/stop:500000.000	sweep/samplecount:100.000	sweep/xmapping:1.000	sweep/scan:0.000	sweep/averaging/sample:10.000	sweep/settling/time:0.100	sweep/settling/inaccuracy:0.010	sweep/awgcontrol:0.000	sweep/averaging/time:0.100	sweep/averaging/tc:15.000	sweep/bandwidthcontrol:2.000	sweep/sincfilter:0.000	sweep/omegasuppression:80.000	sweep/maxbandwidth:100.000	sweep/bandwidth:1250000.000	sweep/order:8.000	sweep/bandwidthoverlap:1.000																				
Frequency	Param0		Param1		RealZ		ImagZ		AbsZ		PhaseZ		
5.00000000E+2	1.49049250E+3	8.65430493E-7	8.55528087E+1	-3.46693571E+2	3.57093435E+2	-1.32886205E+0
5.36133611E+2	1.33538163E+3	8.56988864E-7	8.41893752E+1	-3.24556687E+2	3.35298221E+2	-1.31699219E+0
5.74878498E+2	1.19610550E+3	8.48028078E-7	8.29265821E+1	-3.03829062E+2	3.14942723E+2	-1.30434788E+0
6.16423370E+2	1.07252508E+3	8.38263391E-7	8.17141400E+1	-2.84540334E+2	2.96041226E+2	-1.29114260E+0
6.60970574E+2	9.62498422E+2	8.27803886E-7	8.05498126E+1	-2.66534706E+2	2.78440345E+2	-1.27731200E+0
7.08737081E+2	8.64138675E+2	8.16555372E-7	7.94725049E+1	-2.49718543E+2	2.62059598E+2	-1.26268317E+0
7.59955541E+2	7.76691298E+2	8.04542453E-7	7.84308125E+1	-2.34019460E+2	2.46812688E+2	-1.24741478E+0
8.14875417E+2	6.98975488E+2	7.91592266E-7	7.74449973E+1	-2.19395570E+2	2.32663158E+2	-1.23145804E+0
8.73764200E+2	6.29990662E+2	7.77748104E-7	7.64929685E+1	-2.05763638E+2	2.19521866E+2	-1.21487658E+0
9.36908711E+2	5.68488698E+2	7.63078299E-7	7.55835463E+1	-1.93016866E+2	2.07288167E+2	-1.19756058E+0
1.00461650E+3	5.13965901E+2	7.47406618E-7	7.47094259E+1	-1.81153507E+2	1.95954312E+2	-1.17963810E+0
1.07721735E+3	4.65574222E+2	7.30890932E-7	7.38472204E+1	-1.70082171E+2	1.85422107E+2	-1.16117124E+0
1.15506485E+3	4.22560890E+2	7.13358465E-7	7.30324476E+1	-1.59771444E+2	1.75672005E+2	-1.14204898E+0
1.23853818E+3	3.84483979E+2	6.94988738E-7	7.22164713E+1	-1.50169420E+2	1.66631551E+2	-1.12254515E+0
1.32804389E+3	3.50681433E+2	6.75765233E-7	7.14186002E+1	-1.41225205E+2	1.58256676E+2	-1.10259340E+0
1.42401793E+3	3.20649058E+2	6.55691107E-7	7.06470901E+1	-1.32898114E+2	1.50508873E+2	-1.08219854E+0
1.52692775E+3	2.94000105E+2	6.34903012E-7	6.98826338E+1	-1.25147586E+2	1.43337019E+2	-1.06152551E+0
1.63727458E+3	2.70336727E+2	6.13504939E-7	6.91213455E+1	-1.17933360E+2	1.36696883E+2	-1.04065631E+0
1.75559587E+3	2.49328536E+2	5.91608272E-7	6.83576851E+1	-1.11223863E+2	1.30550837E+2	-1.01971391E+0
1.88246790E+3	2.30644802E+2	5.69252449E-7	6.76053054E+1	-1.04987307E+2	1.24871182E+2	-9.98694501E-1
2.01850863E+3	2.14016851E+2	5.46676019E-7	6.68427656E+1	-9.91842858E+1	1.19605510E+2	-9.77785572E-1
2.16438064E+3	1.99219003E+2	5.23959425E-7	6.60750604E+1	-9.37949558E+1	1.14731894E+2	-9.57081448E-1
2.32079442E+3	1.86021626E+2	5.01247100E-7	6.53008010E+1	-8.87871961E+1	1.10215067E+2	-9.36655936E-1
2.48851178E+3	1.74236262E+2	4.78697189E-7	6.45142619E+1	-8.41346158E+1	1.06022279E+2	-9.16630840E-1
2.66834962E+3	1.63701932E+2	4.56443018E-7	6.37128150E+1	-7.98159622E+1	1.02126934E+2	-8.97125489E-1
2.86118383E+3	1.54256929E+2	4.34588065E-7	6.28995395E+1	-7.58045994E+1	9.85022312E+1	-8.78171272E-1
3.06795364E+3	1.45774045E+2	4.13268604E-7	6.20685351E+1	-7.20796646E+1	9.51208770E+1	-8.59887472E-1
3.28966612E+3	1.38120645E+2	3.92603122E-7	6.12159647E+1	-6.86133656E+1	9.19520984E+1	-8.42314510E-1
3.52740116E+3	1.31202585E+2	3.72673620E-7	6.03400118E+1	-6.53899705E+1	8.89762069E+1	-8.25541696E-1
3.78231664E+3	1.24931105E+2	3.53492592E-7	5.94490555E+1	-6.23926706E+1	8.61802522E+1	-8.09552802E-1
4.05565415E+3	1.19210159E+2	3.35164258E-7	5.85330654E+1	-5.95954358E+1	8.35328431E+1	-7.94391266E-1
4.34874501E+3	1.13978245E+2	3.17695735E-7	5.75957196E+1	-5.69858924E+1	8.10225829E+1	-7.80076006E-1
4.66301673E+3	1.09189953E+2	3.01100079E-7	5.66380102E+1	-5.45567340E+1	7.86403302E+1	-7.66682951E-1
5.00000000E+3	1.04766095E+2	2.85395384E-7	5.56574195E+1	-5.22806088E+1	7.63610533E+1	-7.54123644E-1
5.36133611E+3	1.00655076E+2	2.70512413E-7	5.46651846E+1	-5.01402613E+1	7.41776803E+1	-7.42250454E-1
5.74878498E+3	9.68133127E+1	2.56467767E-7	5.36553659E+1	-4.81212567E+1	7.20732522E+1	-7.31076604E-1
6.16423370E+3	9.32332066E+1	2.43249352E-7	5.26281217E+1	-4.62273648E+1	7.00477587E+1	-7.20739796E-1
6.60970574E+3	8.98526269E+1	2.30756197E-7	5.15959169E+1	-4.44284817E+1	6.80883885E+1	-7.10894510E-1
7.08737081E+3	8.66623956E+1	2.18999354E-7	5.05528150E+1	-4.27251784E+1	6.61893346E+1	-7.01677026E-1
7.59955541E+3	8.36254661E+1	2.07903938E-7	4.95062670E+1	-4.10988337E+1	6.43427123E+1	-6.92871066E-1
8.14875417E+3	8.07400620E+1	1.97433828E-7	4.84594418E+1	-3.95512421E+1	6.25509257E+1	-6.84524452E-1
8.73764200E+3	7.79794440E+1	1.87545159E-7	4.74141667E+1	-3.80687151E+1	6.08056767E+1	-6.76505205E-1
9.36908711E+3	7.53408999E+1	1.78188933E-7	4.63760571E+1	-3.66507181E+1	5.91101840E+1	-6.68794545E-1
1.00461650E+4	7.28066541E+1	1.69313777E-7	4.53493392E+1	-3.52869808E+1	5.74607137E+1	-6.61252971E-1
1.07721735E+4	7.03692734E+1	1.60881075E-7	4.43371254E+1	-3.39733800E+1	5.58567030E+1	-6.53821068E-1
1.15506485E+4	6.80123667E+1	1.52879113E-7	4.33355596E+1	-3.27014245E+1	5.42895381E+1	-6.46444665E-1
1.23853818E+4	6.57441465E+1	1.45257385E-7	4.23529359E+1	-3.14751704E+1	5.27679599E+1	-6.39111588E-1
1.32804389E+4	6.35538895E+1	1.37997108E-7	4.13880621E+1	-3.02886213E+1	5.12871554E+1	-6.31764165E-1
1.42401793E+4	6.14350343E+1	1.31063701E-7	4.04437453E+1	-2.91370250E+1	4.98463924E+1	-6.24308429E-1
1.52692775E+4	5.93833249E+1	1.24410988E-7	3.95258373E+1	-2.80157744E+1	4.84476580E+1	-6.16605292E-1
1.63727458E+4	5.74004978E+1	1.18070331E-7	3.86252053E+1	-2.69295181E+1	4.70861532E+1	-6.08844701E-1
1.75559587E+4	5.55016271E+1	1.12007239E-7	3.77502355E+1	-2.58866422E+1	4.57733458E+1	-6.01087529E-1
1.88246790E+4	5.36289359E+1	1.06110092E-7	3.69083498E+1	-2.48420741E+1	4.44899465E+1	-5.92425787E-1
2.01850863E+4	5.18493110E+1	1.00487211E-7	3.60905455E+1	-2.38483056E+1	4.32581748E+1	-5.83923792E-1
2.16438064E+4	5.01159831E+1	9.51029385E-8	3.52901038E+1	-2.28737063E+1	4.20547040E+1	-5.75082086E-1
2.32079442E+4	4.84452252E+1	8.99161318E-8	3.45181914E+1	-2.19256777E+1	4.08930478E+1	-5.65894769E-1
2.48851178E+4	4.68330468E+1	8.48333033E-8	3.37924548E+1	-2.09921795E+1	3.97819439E+1	-5.55868741E-1
2.66834962E+4	4.52767790E+1	8.00204653E-8	3.30734486E+1	-2.00899373E+1	3.86970160E+1	-5.45867728E-1
2.86118383E+4	4.37813837E+1	7.53358603E-8	3.23925549E+1	-1.92071091E+1	3.76588743E+1	-5.35218250E-1
3.06795364E+4	4.23358129E+1	7.08293169E-8	3.17331961E+1	-1.83427057E+1	3.66531122E+1	-5.24107635E-1
3.28966612E+4	4.09428737E+1	6.64586161E-8	3.11041101E+1	-1.74935948E+1	3.56860143E+1	-5.12329198E-1
3.52740116E+4	3.96184270E+1	6.22627312E-8	3.05016141E+1	-1.66756535E+1	3.47624216E+1	-5.00316736E-1
3.78231664E+4	3.83297765E+1	5.81969456E-8	2.99211257E+1	-1.58617840E+1	3.38654697E+1	-4.87452208E-1
4.05565415E+4	3.71018592E+1	5.42524888E-8	2.93737696E+1	-1.50666165E+1	3.30124435E+1	-4.73936119E-1
4.34874501E+4	3.59325175E+1	5.04761728E-8	2.88474598E+1	-1.42963581E+1	3.21956805E+1	-4.60109085E-1
4.66301673E+4	3.48132052E+1	4.68000046E-8	2.83526817E+1	-1.35341459E+1	3.14173155E+1	-4.45363791E-1
5.00000000E+4	3.37462435E+1	4.32787821E-8	2.78773935E+1	-1.27909405E+1	3.06717670E+1	-4.30171341E-1
5.36133611E+4	3.27314844E+1	3.98762595E-8	2.74290342E+1	-1.20598949E+1	2.99631941E+1	-4.14235605E-1
5.74878498E+4	3.17654800E+1	3.66140095E-8	2.70002381E+1	-1.13429556E+1	2.92860977E+1	-3.97717891E-1
6.16423370E+4	3.08533234E+1	3.34771378E-8	2.65968602E+1	-1.06399505E+1	2.86461434E+1	-3.80545475E-1
6.60970574E+4	2.99877747E+1	3.04741604E-8	2.62122274E+1	-9.94814033E+0	2.80365185E+1	-3.62730037E-1
7.08737081E+4	2.91719197E+1	2.75935844E-8	2.58503539E+1	-9.26626335E+0	2.74609622E+1	-3.44189729E-1
7.59955541E+4	2.84034921E+1	2.48458450E-8	2.55071542E+1	-8.59519186E+0	2.69163938E+1	-3.25021595E-1
8.14875417E+4	2.76826698E+1	2.22254479E-8	2.51836072E+1	-7.93318357E+0	2.64035884E+1	-3.05173373E-1
8.73764200E+4	2.70051601E+1	1.97348177E-8	2.48756373E+1	-7.27827074E+0	2.59185372E+1	-2.84641434E-1
9.36908711E+4	2.63749177E+1	1.73711593E-8	2.45864156E+1	-6.63120230E+0	2.54649698E+1	-2.63441525E-1
1.00461650E+5	2.57887334E+1	1.51304227E-8	2.43137904E+1	-5.98844286E+0	2.50404045E+1	-2.41491595E-1
1.07721735E+5	2.52434831E+1	1.30130808E-8	2.40543801E+1	-5.34818936E+0	2.46417601E+1	-2.18778742E-1
1.15506485E+5	2.47419109E+1	1.10228614E-8	2.38091473E+1	-4.71256833E+0	2.42710486E+1	-1.95405347E-1
1.23853818E+5	2.42813861E+1	9.14966271E-9	2.35766635E+1	-4.07615006E+0	2.39264303E+1	-1.71196840E-1
1.32804389E+5	2.38591602E+1	7.37886819E-9	2.33551245E+1	-3.43098587E+0	2.36057970E+1	-1.45861780E-1
1.42401793E+5	2.34858069E+1	5.75458917E-9	2.31473281E+1	-2.79908440E+0	2.33159533E+1	-1.20340430E-1
1.52692775E+5	2.31507140E+1	4.22718242E-9	2.29484211E+1	-2.15459931E+0	2.30493456E+1	-9.36143552E-2
1.63727458E+5	2.28578308E+1	2.80769352E-9	2.27586290E+1	-1.50256128E+0	2.28081760E+1	-6.59259318E-2
1.75559587E+5	2.26096329E+1	1.49843321E-9	2.25781003E+1	-8.43767291E-1	2.25938611E+1	-3.73536671E-2
1.88246790E+5	2.23887118E+1	3.51612592E-10	2.23733659E+1	-2.08473275E-1	2.23810365E+1	-9.31147983E-3
2.01850863E+5	2.22488486E+1	-8.20493237E-10	2.22369285E+1	5.14834859E-1	2.22428878E+1	2.31481081E-2
2.16438064E+5	2.21436211E+1	-1.82760354E-9	2.20767519E+1	1.21500862E+0	2.21101612E+1	5.49801916E-2
2.32079442E+5	2.20888146E+1	-2.73830392E-9	2.19183048E+1	1.93320345E+0	2.20033945E+1	8.79727570E-2
2.48851178E+5	2.20938550E+1	-3.55537268E-9	2.17655160E+1	2.67328386E+0	2.19290709E+1	1.22209926E-1
2.66834962E+5	2.21609003E+1	-4.27949862E-9	2.16144467E+1	3.43674195E+0	2.18859680E+1	1.57682098E-1
2.86118383E+5	2.22965427E+1	-4.91011060E-9	2.14650815E+1	4.22461316E+0	2.18768623E+1	1.94329539E-1
3.06795364E+5	2.25109198E+1	-5.45503400E-9	2.13165057E+1	5.04586209E+0	2.19055735E+1	2.32433266E-1
3.28966612E+5	2.28115810E+1	-5.91271607E-9	2.11664590E+1	5.90095489E+0	2.19736293E+1	2.71884451E-1
3.52740116E+5	2.32016419E+1	-6.27847860E-9	2.10114946E+1	6.78366935E+0	2.20794285E+1	3.12290768E-1
3.78231664E+5	2.37094825E+1	-6.56520511E-9	2.08555796E+1	7.71489972E+0	2.22367935E+1	3.54309688E-1
4.05565415E+5	2.43336572E+1	-6.77682390E-9	2.06816257E+1	8.69078717E+0	2.24334475E+1	3.97812990E-1
4.34874501E+5	2.51131409E+1	-6.89329430E-9	2.05216279E+1	9.70696374E+0	2.27015969E+1	4.41824499E-1
4.66301673E+5	2.60536811E+1	-6.95187193E-9	2.03289923E+1	1.07878087E+1	2.30140177E+1	4.87874773E-1
5.00000000E+5	2.71830288E+1	-6.92585302E-9	2.01382875E+1	1.19108605E+1	2.33969985E+1	5.34111647E-1
