Start time:20240909_10-56-01	sweep/start:500.000	sweep/stop:500000.000	sweep/samplecount:100.000	sweep/xmapping:1.000	sweep/scan:0.000	sweep/averaging/sample:10.000	sweep/settling/time:0.100	sweep/settling/inaccuracy:0.010	sweep/awgcontrol:0.000	sweep/averaging/time:0.100	sweep/averaging/tc:15.000	sweep/bandwidthcontrol:2.000	sweep/sincfilter:0.000	sweep/omegasuppression:80.000	sweep/maxbandwidth:100.000	sweep/bandwidth:1250000.000	sweep/order:8.000	sweep/bandwidthoverlap:1.000																				
Frequency	Param0		Param1		RealZ		ImagZ		AbsZ		PhaseZ		
5.00000000E+2	1.60812600E+3	8.90570460E-7	7.57012503E+1	-3.40597074E+2	3.48908370E+2	-1.35209099E+0
5.36133611E+2	1.44096521E+3	8.83437431E-7	7.43178082E+1	-3.18694265E+2	3.27244835E+2	-1.34169587E+0
5.74878498E+2	1.29138842E+3	8.74446688E-7	7.32176871E+1	-2.98649644E+2	3.07493807E+2	-1.33037577E+0
6.16423370E+2	1.15608618E+3	8.66110596E-7	7.20756736E+1	-2.79518748E+2	2.88661804E+2	-1.31843727E+0
6.60970574E+2	1.03518302E+3	8.57116484E-7	7.10096549E+1	-2.61659271E+2	2.71123492E+2	-1.30579671E+0
7.08737081E+2	9.27376473E+2	8.47449906E-7	7.00005341E+1	-2.44983093E+2	2.54787745E+2	-1.29247641E+0
7.59955541E+2	8.31280363E+2	8.37008685E-7	6.90546137E+1	-2.29423583E+2	2.39590739E+2	-1.27842989E+0
8.14875417E+2	7.45891123E+2	8.25771686E-7	6.81478727E+1	-2.14911018E+2	2.25457046E+2	-1.26372796E+0
8.73764200E+2	6.69818313E+2	8.13700514E-7	6.72949602E+1	-2.01362292E+2	2.12309646E+2	-1.24826739E+0
9.36908711E+2	6.02317175E+2	8.00762252E-7	6.64704613E+1	-1.88727234E+2	2.00090710E+2	-1.23215950E+0
1.00461650E+3	5.42246513E+2	7.86892282E-7	6.56940898E+1	-1.76936916E+2	1.88738937E+2	-1.21528629E+0
1.07721735E+3	4.89056375E+2	7.72225021E-7	6.49141774E+1	-1.65930218E+2	1.78176004E+2	-1.19788722E+0
1.15506485E+3	4.41769105E+2	7.56507851E-7	6.41837603E+1	-1.55675440E+2	1.68387643E+2	-1.17973839E+0
1.23853818E+3	3.99782353E+2	7.39806918E-7	6.34837474E+1	-1.46114656E+2	1.59310010E+2	-1.16092437E+0
1.32804389E+3	3.62641502E+2	7.22213352E-7	6.27834419E+1	-1.37208306E+2	1.50890292E+2	-1.14165879E+0
1.42401793E+3	3.29635419E+2	7.03678205E-7	6.21096463E+1	-1.28902792E+2	1.43085772E+2	-1.12178749E+0
1.52692775E+3	3.00350192E+2	6.84207161E-7	6.14575244E+1	-1.21168277E+2	1.35863088E+2	-1.10139893E+0
1.63727458E+3	2.74369365E+2	6.63959029E-7	6.08085890E+1	-1.13957574E+2	1.29166611E+2	-1.08062576E+0
1.75559587E+3	2.51326671E+2	6.42970547E-7	6.01638147E+1	-1.07243117E+2	1.22966544E+2	-1.05954404E+0
1.88246790E+3	2.30879194E+2	6.21284664E-7	5.95280100E+1	-1.00996012E+2	1.17233863E+2	-1.03820035E+0
2.01850863E+3	2.12692157E+2	5.99052388E-7	5.88966053E+1	-9.51737132E+1	1.11923393E+2	-1.01664423E+0
2.16438064E+3	1.96528616E+2	5.76365995E-7	5.82673462E+1	-8.97558742E+1	1.07010283E+2	-9.95000690E-1
2.32079442E+3	1.82172429E+2	5.53378517E-7	5.76323360E+1	-8.47203399E+1	1.02464737E+2	-9.73438046E-1
2.48851178E+3	1.69362154E+2	5.30187335E-7	5.70012744E+1	-8.00294508E+1	9.82540503E+1	-9.51893643E-1
2.66834962E+3	1.57954087E+2	5.06990801E-7	5.63591951E+1	-7.56690566E+1	9.43512855E+1	-9.30624038E-1
2.86118383E+3	1.47747106E+2	4.83872766E-7	5.57162502E+1	-7.16073598E+1	9.07298991E+1	-9.09564917E-1
3.06795364E+3	1.38627349E+2	4.60993819E-7	5.50642077E+1	-6.78331631E+1	8.73693599E+1	-8.88926033E-1
3.28966612E+3	1.30447152E+2	4.38509940E-7	5.43994585E+1	-6.43191508E+1	8.42392683E+1	-8.68760858E-1
3.52740116E+3	1.23106935E+2	4.16503769E-7	5.37248350E+1	-6.10535971E+1	8.13258857E+1	-8.49162989E-1
3.78231664E+3	1.16485114E+2	3.95066798E-7	5.30424772E+1	-5.80099513E+1	7.86044458E+1	-8.30099255E-1
4.05565415E+3	1.10492388E+2	3.74345478E-7	5.23426876E+1	-5.51698394E+1	7.60491179E+1	-8.11688134E-1
4.34874501E+3	1.05072204E+2	3.54349412E-7	5.16333553E+1	-5.25283423E+1	7.36561624E+1	-7.93990236E-1
4.66301673E+3	1.00142681E+2	3.35126221E-7	5.09158467E+1	-5.00642168E+1	7.14062275E+1	-7.76964715E-1
5.00000000E+3	9.56386990E+1	3.16723053E-7	5.01887834E+1	-4.77606095E+1	6.92819593E+1	-7.60613157E-1
5.36133611E+3	9.15216737E+1	2.99272100E-7	4.94362508E+1	-4.56129965E+1	6.72643173E+1	-7.45195908E-1
5.74878498E+3	8.77244093E+1	2.82608349E-7	4.86842675E+1	-4.35963372E+1	6.53513471E+1	-7.30318508E-1
6.16423370E+3	8.42245874E+1	2.66830607E-7	4.79189390E+1	-4.17100473E+1	6.35291494E+1	-7.16235400E-1
6.60970574E+3	8.09683443E+1	2.51876609E-7	4.71472997E+1	-3.99320779E+1	6.17854251E+1	-7.02729018E-1
7.08737081E+3	7.79482754E+1	2.37734907E-7	4.63709656E+1	-3.82657844E+1	6.01210176E+1	-6.89924984E-1
7.59955541E+3	7.51078643E+1	2.24428834E-7	4.55797310E+1	-3.66862962E+1	5.85097960E+1	-6.77710573E-1
8.14875417E+3	7.24499822E+1	2.11859477E-7	4.47882796E+1	-3.51982957E+1	5.69641118E+1	-6.66072830E-1
8.73764200E+3	6.99469967E+1	1.99979084E-7	4.39992067E+1	-3.37887871E+1	5.54762323E+1	-6.54884709E-1
9.36908711E+3	6.75759909E+1	1.88768463E-7	4.32100641E+1	-3.24476997E+1	5.40366809E+1	-6.44095542E-1
1.00461650E+4	6.53266299E+1	1.78207639E-7	4.24198985E+1	-3.11721217E+1	5.26417040E+1	-6.33732240E-1
1.07721735E+4	6.31921320E+1	1.68241418E-7	4.16341542E+1	-2.99591073E+1	5.12927963E+1	-6.23746436E-1
1.15506485E+4	6.11600928E+1	1.58813752E-7	4.08573360E+1	-2.88013278E+1	4.99883830E+1	-6.14023204E-1
1.23853818E+4	5.92082268E+1	1.49906547E-7	4.00848645E+1	-2.76867717E+1	4.87170784E+1	-6.04459682E-1
1.32804389E+4	5.73470662E+1	1.41494118E-7	3.93207902E+1	-2.66234357E+1	4.74861235E+1	-5.95179242E-1
1.42401793E+4	5.55579478E+1	1.33518282E-7	3.85680104E+1	-2.55982031E+1	4.62899502E+1	-5.85957003E-1
1.52692775E+4	5.38378059E+1	1.25973188E-7	3.78239826E+1	-2.46111021E+1	4.51260475E+1	-5.76849246E-1
1.63727458E+4	5.21883031E+1	1.18782922E-7	3.71002264E+1	-2.36594737E+1	4.40022472E+1	-5.67692442E-1
1.75559587E+4	5.05846612E+1	1.12021423E-7	3.63733907E+1	-2.27356862E+1	4.28944689E+1	-5.58645052E-1
1.88246790E+4	4.90584283E+1	1.05537293E-7	3.56783432E+1	-2.18489998E+1	4.18368655E+1	-5.49478814E-1
2.01850863E+4	4.75825905E+1	9.94010093E-8	3.49915402E+1	-2.09899882E+1	4.08042640E+1	-5.40315814E-1
2.16438064E+4	4.61573171E+1	9.35482166E-8	3.43225677E+1	-2.01543716E+1	3.98024819E+1	-5.30958021E-1
2.32079442E+4	4.47827496E+1	8.79375324E-8	3.36772154E+1	-1.93391547E+1	3.88350121E+1	-5.21270788E-1
2.48851178E+4	4.34386621E+1	8.26189418E-8	3.30360847E+1	-1.85380319E+1	3.78819599E+1	-5.11359581E-1
2.66834962E+4	4.21599597E+1	7.75575726E-8	3.24174057E+1	-1.77715454E+1	3.69691277E+1	-5.01467838E-1
2.86118383E+4	4.09120666E+1	7.26920187E-8	3.18173105E+1	-1.70108938E+1	3.60792446E+1	-4.90976234E-1
3.06795364E+4	3.97146285E+1	6.80360356E-8	3.12395900E+1	-1.62713456E+1	3.52231274E+1	-4.80193306E-1
3.28966612E+4	3.85617302E+1	6.35792669E-8	3.06822914E+1	-1.55486063E+1	3.43971253E+1	-4.69042227E-1
3.52740116E+4	3.74450515E+1	5.93263084E-8	3.01390123E+1	-1.48390263E+1	3.35940002E+1	-4.57511166E-1
3.78231664E+4	3.63714719E+1	5.52564512E-8	2.96155672E+1	-1.41449564E+1	3.28201423E+1	-4.45583000E-1
4.05565415E+4	3.53413530E+1	5.13517925E-8	2.91144992E+1	-1.34644564E+1	3.20771846E+1	-4.33171897E-1
4.34874501E+4	3.43404364E+1	4.75920696E-8	2.86308708E+1	-1.27855294E+1	3.13559657E+1	-4.19993265E-1
4.66301673E+4	3.33920450E+1	4.39992083E-8	2.81718674E+1	-1.21269151E+1	3.06710980E+1	-4.06487796E-1
5.00000000E+4	3.24799068E+1	4.05631657E-8	2.77294599E+1	-1.14772507E+1	3.00108358E+1	-3.92432249E-1
5.36133611E+4	3.16059949E+1	3.72701947E-8	2.73063572E+1	-1.08354705E+1	2.93776205E+1	-3.77754467E-1
5.74878498E+4	3.07743890E+1	3.41212975E-8	2.69039682E+1	-1.02043947E+1	2.87741756E+1	-3.62526079E-1
6.16423370E+4	2.99795380E+1	3.11141589E-8	2.65183127E+1	-9.58049274E+0	2.81958643E+1	-3.46686820E-1
6.60970574E+4	2.92243296E+1	2.82338217E-8	2.61533318E+1	-8.96196487E+0	2.76462219E+1	-3.30129978E-1
7.08737081E+4	2.85048529E+1	2.54987566E-8	2.58017934E+1	-8.35127373E+0	2.71196667E+1	-3.13028746E-1
7.59955541E+4	2.78278651E+1	2.28854907E-8	2.54723523E+1	-7.74599502E+0	2.66240715E+1	-2.95208712E-1
8.14875417E+4	2.71874973E+1	2.04028529E-8	2.51582156E+1	-7.14514496E+0	2.61531818E+1	-2.76721824E-1
8.73764200E+4	2.65824862E+1	1.80520437E-8	2.48572617E+1	-6.54861398E+0	2.57054044E+1	-2.57595685E-1
9.36908711E+4	2.60168347E+1	1.58233976E-8	2.45736170E+1	-5.95525578E+0	2.52849309E+1	-2.37759644E-1
1.00461650E+5	2.54865554E+1	1.37072674E-8	2.43046729E+1	-5.35959495E+0	2.48885996E+1	-2.17043441E-1
1.07721735E+5	2.49937335E+1	1.17234744E-8	2.40478915E+1	-4.76922374E+0	2.45162516E+1	-1.95781487E-1
1.15506485E+5	2.45391531E+1	9.84790887E-9	2.38068650E+1	-4.17534171E+0	2.41702359E+1	-1.73618172E-1
1.23853818E+5	2.41190089E+1	8.08998386E-9	2.35754422E+1	-3.57977914E+0	2.38456768E+1	-1.50692451E-1
1.32804389E+5	2.37516256E+1	6.42114101E-9	2.33730802E+1	-2.97450244E+0	2.35615927E+1	-1.26581381E-1
1.42401793E+5	2.33906703E+1	4.89913422E-9	2.31473287E+1	-2.37333039E+0	2.32686814E+1	-1.02174458E-1
1.52692775E+5	2.30835587E+1	3.46563222E-9	2.29483763E+1	-1.76130920E+0	2.30158682E+1	-7.66007489E-2
1.63727458E+5	2.28152508E+1	2.13340893E-9	2.27581895E+1	-1.13956323E+0	2.27867022E+1	-5.00308815E-2
1.75559587E+5	2.25867805E+1	9.01976583E-10	2.25753790E+1	-5.07328534E-1	2.25810790E+1	-2.24688595E-2
1.88246790E+5	2.24291667E+1	-1.77910256E-10	2.24159926E+1	1.05806048E-1	2.24225781E+1	4.71853821E-3
2.01850863E+5	2.22609899E+1	-1.27274666E-9	2.22322830E+1	7.98878921E-1	2.22466319E+1	3.59178298E-2
2.16438064E+5	2.21679733E+1	-2.22000509E-9	2.20691240E+1	1.47699344E+0	2.21184935E+1	6.68261301E-2
2.32079442E+5	2.21272805E+1	-3.07643746E-9	2.19113788E+1	2.17501574E+0	2.20190651E+1	9.89400909E-2
2.48851178E+5	2.21434895E+1	-3.84447849E-9	2.17579880E+1	2.89615526E+0	2.19498924E+1	1.32329803E-1
2.66834962E+5	2.22193796E+1	-4.52598820E-9	2.16051966E+1	3.64272198E+0	2.19101361E+1	1.67033038E-1
2.86118383E+5	2.23619069E+1	-5.11856514E-9	2.14535331E+1	4.41450040E+0	2.19030114E+1	2.02937727E-1
3.06795364E+5	2.25810090E+1	-5.62761842E-9	2.13027207E+1	5.21833211E+0	2.19325540E+1	2.40230316E-1
3.28966612E+5	2.28868877E+1	-6.05107513E-9	2.11535369E+1	6.05527670E+0	2.20031501E+1	2.78798196E-1
3.52740116E+5	2.32880202E+1	-6.39641439E-9	2.09992032E+1	6.93276484E+0	2.21140195E+1	3.18877632E-1
3.78231664E+5	2.37969279E+1	-6.66151554E-9	2.08392765E+1	7.85080710E+0	2.22690535E+1	3.60287581E-1
4.05565415E+5	2.44268739E+1	-6.84837116E-9	2.06706876E+1	8.81151890E+0	2.24704309E+1	4.02955050E-1
4.34874501E+5	2.51986543E+1	-6.95622011E-9	2.04967425E+1	9.81701201E+0	2.27264229E+1	4.46670005E-1
4.66301673E+5	2.61440756E+1	-6.99500658E-9	2.03125574E+1	1.08835997E+1	2.30445866E+1	4.91880855E-1
5.00000000E+5	2.72699447E+1	-6.96359007E-9	2.01119666E+1	1.19983568E+1	2.34190542E+1	5.37899370E-1
