Start time:20240907_08-21-25	sweep/start:500.000	sweep/stop:500000.000	sweep/samplecount:100.000	sweep/xmapping:1.000	sweep/scan:0.000	sweep/averaging/sample:10.000	sweep/settling/time:0.100	sweep/settling/inaccuracy:0.010	sweep/awgcontrol:0.000	sweep/averaging/time:0.100	sweep/averaging/tc:15.000	sweep/bandwidthcontrol:2.000	sweep/sincfilter:0.000	sweep/omegasuppression:80.000	sweep/maxbandwidth:100.000	sweep/bandwidth:1250000.000	sweep/order:8.000	sweep/bandwidthoverlap:1.000																				
Frequency	Param0		Param1		RealZ		ImagZ		AbsZ		PhaseZ		
5.00000000E+2	1.57741726E+3	7.62545073E-7	1.03235148E+2	-3.90111821E+2	4.03540259E+2	-1.31209671E+0
5.36133611E+2	1.42090794E+3	7.53831447E-7	1.01354093E+2	-3.65707605E+2	3.79492706E+2	-1.30043687E+0
5.74878498E+2	1.28036531E+3	7.44992913E-7	9.94775185E+1	-3.42741481E+2	3.56885842E+2	-1.28831694E+0
6.16423370E+2	1.15427648E+3	7.35330602E-7	9.77625726E+1	-3.21383625E+2	3.35924042E+2	-1.27549742E+0
6.60970574E+2	1.04160782E+3	7.25155985E-7	9.60892958E+1	-3.01420208E+2	3.16365770E+2	-1.26219274E+0
7.08737081E+2	9.40800156E+2	7.14331641E-7	9.44938003E+1	-2.82790799E+2	2.98160563E+2	-1.24831333E+0
7.59955541E+2	8.50130698E+2	7.02765100E-7	9.30305647E+1	-2.65392930E+2	2.81226062E+2	-1.23364144E+0
8.14875417E+2	7.69585290E+2	6.90482739E-7	9.15932388E+1	-2.49197628E+2	2.65497237E+2	-1.21857080E+0
8.73764200E+2	6.97371666E+2	6.77454615E-7	9.02484426E+1	-2.34076713E+2	2.50871862E+2	-1.20280796E+0
9.36908711E+2	6.32976113E+2	6.63768032E-7	8.89345658E+1	-2.19963816E+2	2.37262386E+2	-1.18657607E+0
1.00461650E+3	5.75567661E+2	6.49289997E-7	8.76780936E+1	-2.06826528E+2	2.24643413E+2	-1.16984003E+0
1.07721735E+3	5.24536523E+2	6.34148962E-7	8.64324700E+1	-1.94592932E+2	2.12924827E+2	-1.15280066E+0
1.15506485E+3	4.78935117E+2	6.18294389E-7	8.52400337E+1	-1.83189990E+2	2.02050582E+2	-1.13528425E+0
1.23853818E+3	4.38415153E+2	6.01737576E-7	8.40733786E+1	-1.72599836E+2	1.91987077E+2	-1.11752188E+0
1.32804389E+3	4.02299830E+2	5.84617629E-7	8.29230507E+1	-1.62738111E+2	1.82646998E+2	-1.09953869E+0
1.42401793E+3	3.70134960E+2	5.67036644E-7	8.17722577E+1	-1.53558026E+2	1.73973475E+2	-1.08147477E+0
1.52692775E+3	3.41496101E+2	5.48961590E-7	8.06397694E+1	-1.45035830E+2	1.65946272E+2	-1.06335907E+0
1.63727458E+3	3.15972926E+2	5.30599111E-7	7.94970895E+1	-1.37109952E+2	1.58489516E+2	-1.04535817E+0
1.75559587E+3	2.93216779E+2	5.12013719E-7	7.83474387E+1	-1.29747683E+2	1.51567750E+2	-1.02755471E+0
1.88246790E+3	2.72841974E+2	4.93325947E-7	7.71922983E+1	-1.22892828E+2	1.45125113E+2	-1.00995158E+0
2.01850863E+3	2.54708135E+2	4.74624602E-7	7.60151839E+1	-1.16547743E+2	1.39146272E+2	-9.92859558E-1
2.16438064E+3	2.38446007E+2	4.56019072E-7	7.48272704E+1	-1.10648736E+2	1.33574936E+2	-9.76181830E-1
2.32079442E+3	2.23854839E+2	4.37695442E-7	7.36046143E+1	-1.05162298E+2	1.28361788E+2	-9.60127766E-1
2.48851178E+3	2.10738403E+2	4.19663504E-7	7.23644690E+1	-1.00066756E+2	1.23490778E+2	-9.44693979E-1
2.66834962E+3	1.98925458E+2	4.02090773E-7	7.10867046E+1	-9.53290886E+1	1.18915747E+2	-9.30054224E-1
2.86118383E+3	1.88243029E+2	3.85014138E-7	6.97809558E+1	-9.09197231E+1	1.14611422E+2	-9.16188493E-1
3.06795364E+3	1.78545137E+2	3.68508388E-7	6.84448078E+1	-8.68089588E+1	1.10546313E+2	-9.03135838E-1
3.28966612E+3	1.69717724E+2	3.52684380E-7	6.70635346E+1	-8.29719971E+1	1.06685848E+2	-8.91034756E-1
3.52740116E+3	1.61630242E+2	3.37466342E-7	6.56653953E+1	-7.93824244E+1	1.03021908E+2	-8.79686759E-1
3.78231664E+3	1.54193035E+2	3.22962769E-7	6.42314012E+1	-7.60155344E+1	9.95190159E+1	-8.69225433E-1
4.05565415E+3	1.47320154E+2	3.09158002E-7	6.27696188E+1	-7.28505624E+1	9.61625169E+1	-8.59593893E-1
4.34874501E+3	1.40929804E+2	2.96091785E-7	6.12736142E+1	-6.98628833E+1	9.29261983E+1	-8.50803432E-1
4.66301673E+3	1.34956236E+2	2.83663319E-7	5.97676329E+1	-6.70361439E+1	8.98109941E+1	-8.42656442E-1
5.00000000E+3	1.29353998E+2	2.71911508E-7	5.82414085E+1	-6.43560186E+1	8.67972286E+1	-8.35232387E-1
5.36133611E+3	1.24072698E+2	2.60746060E-7	5.67146837E+1	-6.18076718E+1	8.38853010E+1	-8.28342441E-1
5.74878498E+3	1.19052129E+2	2.50192855E-7	5.51795707E+1	-5.93671645E+1	8.10508809E+1	-8.21939842E-1
6.16423370E+3	1.14256224E+2	2.40203792E-7	5.36441106E+1	-5.70217748E+1	7.82890379E+1	-8.15909969E-1
6.60970574E+3	1.09673070E+2	2.30689705E-7	5.21252696E+1	-5.47694670E+1	7.56091152E+1	-8.10129582E-1
7.08737081E+3	1.05274229E+2	2.21643132E-7	5.06211431E+1	-5.25984941E+1	7.30006970E+1	-8.04552555E-1
7.59955541E+3	1.01024713E+2	2.13033636E-7	4.91351504E+1	-5.04935774E+1	7.04546976E+1	-7.99032210E-1
8.14875417E+3	9.69393695E+1	2.04791988E-7	4.76791143E+1	-4.84632350E+1	6.79851688E+1	-7.93553814E-1
8.73764200E+3	9.29667429E+1	1.96883482E-7	4.62574275E+1	-4.64828211E+1	6.55774528E+1	-7.87828535E-1
9.36908711E+3	8.91394741E+1	1.89264942E-7	4.48758244E+1	-4.45686845E+1	6.32471922E+1	-7.81964319E-1
1.00461650E+4	8.54295884E+1	1.81918689E-7	4.35343987E+1	-4.27069296E+1	6.09846352E+1	-7.75803651E-1
1.07721735E+4	8.18347342E+1	1.74803616E-7	4.22386321E+1	-4.08960284E+1	5.87927479E+1	-7.69249820E-1
1.15506485E+4	7.83663322E+1	1.67880670E-7	4.09938652E+1	-3.91413051E+1	5.66792626E+1	-7.62284343E-1
1.23853818E+4	7.50076527E+1	1.61126271E-7	3.98013594E+1	-3.74333834E+1	5.46388733E+1	-7.54748300E-1
1.32804389E+4	7.17675282E+1	1.54537005E-7	3.86583308E+1	-3.57763362E+1	5.26726951E+1	-7.46699049E-1
1.42401793E+4	6.86414601E+1	1.48084827E-7	3.75674806E+1	-3.41668113E+1	5.07807706E+1	-7.38027168E-1
1.52692775E+4	6.56362287E+1	1.41760968E-7	3.65277243E+1	-3.26077750E+1	4.89647003E+1	-7.28759315E-1
1.63727458E+4	6.27663128E+1	1.35581638E-7	3.55333821E+1	-3.11075182E+1	4.72260435E+1	-7.19081904E-1
1.75559587E+4	5.99822215E+1	1.29439122E-7	3.46022919E+1	-2.96344739E+1	4.55578931E+1	-7.08215658E-1
1.88246790E+4	5.73312433E+1	1.23457726E-7	3.37071186E+1	-2.82188034E+1	4.39598782E+1	-6.97002047E-1
2.01850863E+4	5.47879070E+1	1.17531548E-7	3.28669687E+1	-2.68416488E+1	4.24347988E+1	-6.84826508E-1
2.16438064E+4	5.23776980E+1	1.11712838E-7	3.20710197E+1	-2.55197083E+1	4.09854369E+1	-6.72128706E-1
2.32079442E+4	5.01049640E+1	1.05989877E-7	3.13217577E+1	-2.42553463E+1	3.96153391E+1	-6.58930714E-1
2.48851178E+4	4.79117768E+1	1.00290438E-7	3.06248679E+1	-2.30088553E+1	3.83052367E+1	-6.44340944E-1
2.66834962E+4	4.58572070E+1	9.47711000E-8	2.99544212E+1	-2.18256323E+1	3.70624596E+1	-6.29682216E-1
2.86118383E+4	4.39003031E+1	8.93232478E-8	2.93264437E+1	-2.06736392E+1	3.58809104E+1	-6.14039577E-1
3.06795364E+4	4.20590301E+1	8.39921645E-8	2.87343922E+1	-1.95671994E+1	3.47640711E+1	-5.97838236E-1
3.28966612E+4	4.03162792E+1	7.87486344E-8	2.81806669E+1	-1.84929590E+1	3.37066700E+1	-5.80741376E-1
3.52740116E+4	3.86911666E+1	7.36258728E-8	2.76639082E+1	-1.74658805E+1	3.27161865E+1	-5.63159613E-1
3.78231664E+4	3.71547540E+1	6.86475635E-8	2.71715628E+1	-1.64699328E+1	3.17734586E+1	-5.44926314E-1
4.05565415E+4	3.57067918E+1	6.37877276E-8	2.67093212E+1	-1.55021353E+1	3.08821006E+1	-5.25884333E-1
4.34874501E+4	3.43661770E+1	5.90570631E-8	2.62831881E+1	-1.45755482E+1	3.00541622E+1	-5.06335765E-1
4.66301673E+4	3.31146028E+1	5.44841473E-8	2.58823079E+1	-1.36816828E+1	2.92759686E+1	-4.86273871E-1
5.00000000E+4	3.19426030E+1	5.00691500E-8	2.55040293E+1	-1.28144264E+1	2.85423382E+1	-4.65603395E-1
5.36133611E+4	3.08520665E+1	4.58157457E-8	2.51498974E+1	-1.19753477E+1	2.78554538E+1	-4.44393476E-1
5.74878498E+4	2.98403326E+1	4.17379470E-8	2.48175891E+1	-1.11647825E+1	2.72133260E+1	-4.22748948E-1
6.16423370E+4	2.89003426E+1	3.78285626E-8	2.45064964E+1	-1.03767896E+1	2.66128942E+1	-4.00540226E-1
6.60970574E+4	2.80301399E+1	3.40907277E-8	2.42163576E+1	-9.61019824E+0	2.60535581E+1	-3.77785656E-1
7.08737081E+4	2.72269273E+1	3.05513957E-8	2.39418394E+1	-8.86854192E+0	2.55316023E+1	-3.54749504E-1
7.59955541E+4	2.64835822E+1	2.71845077E-8	2.36846086E+1	-8.14202522E+0	2.50450250E+1	-3.31112734E-1
8.14875417E+4	2.58038690E+1	2.40080293E-8	2.34451412E+1	-7.43644356E+0	2.45962467E+1	-3.07147200E-1
8.73764200E+4	2.51794063E+1	2.10111767E-8	2.32205084E+1	-6.74437471E+0	2.41801285E+1	-2.82671590E-1
9.36908711E+4	2.46071389E+1	1.81925328E-8	2.30091852E+1	-6.06362937E+0	2.37947518E+1	-2.57672456E-1
1.00461650E+5	2.40849268E+1	1.55639364E-8	2.28079688E+1	-5.39674086E+0	2.34377528E+1	-2.32343270E-1
1.07721735E+5	2.36120138E+1	1.31021596E-8	2.26202334E+1	-4.73648519E+0	2.31108040E+1	-2.06409352E-1
1.15506485E+5	2.31867424E+1	1.08171071E-8	2.24431115E+1	-4.08526422E+0	2.28118970E+1	-1.80056147E-1
1.23853818E+5	2.28067965E+1	8.69572090E-9	2.22762058E+1	-3.43795628E+0	2.25399399E+1	-1.53125000E-1
1.32804389E+5	2.24704623E+1	6.73797064E-9	2.21174314E+1	-2.79426808E+0	2.22932480E+1	-1.25671990E-1
1.42401793E+5	2.21783358E+1	4.92699266E-9	2.19683402E+1	-2.14784751E+0	2.20730883E+1	-9.74603770E-2
1.52692775E+5	2.19300783E+1	3.27359168E-9	2.18265373E+1	-1.50330757E+0	2.18782466E+1	-6.87666226E-2
1.63727458E+5	2.17231811E+1	1.75822753E-9	2.16896956E+1	-8.52223213E-1	2.17064319E+1	-3.92714149E-2
1.75559587E+5	2.15621842E+1	3.82877147E-10	2.15603960E+1	-1.96342094E-1	2.15612901E+1	-9.10635636E-3
1.88246790E+5	2.14361362E+1	-9.22567429E-10	2.14111372E+1	5.00514406E-1	2.14236291E+1	2.33723473E-2
2.01850863E+5	2.13756109E+1	-1.98305924E-9	2.13140085E+1	1.14585556E+0	2.13447875E+1	5.37089721E-2
2.16438064E+5	2.13559606E+1	-2.98134157E-9	2.11970450E+1	1.83535361E+0	2.12763544E+1	8.63699350E-2
2.32079442E+5	2.13909398E+1	-3.87013107E-9	2.10836901E+1	2.54518097E+0	2.12367593E+1	1.20136680E-1
2.48851178E+5	2.14809819E+1	-4.64432358E-9	2.09707051E+1	3.27121576E+0	2.12243100E+1	1.54742718E-1
2.66834962E+5	2.16331391E+1	-5.31605087E-9	2.08577280E+1	4.02159478E+0	2.12418955E+1	1.90473361E-1
2.86118383E+5	2.18542226E+1	-5.88642433E-9	2.07447084E+1	4.79755450E+0	2.12922397E+1	2.27270837E-1
3.06795364E+5	2.21513810E+1	-6.36120583E-9	2.06293499E+1	5.60343629E+0	2.13768236E+1	2.65225313E-1
3.28966612E+5	2.25277016E+1	-6.74157339E-9	2.05069099E+1	6.43739310E+0	2.14935695E+1	3.04171953E-1
3.52740116E+5	2.30112676E+1	-7.03337896E-9	2.03879419E+1	7.31328548E+0	2.16599257E+1	3.44409960E-1
3.78231664E+5	2.35960552E+1	-7.23586972E-9	2.02603793E+1	8.22082438E+0	2.18646979E+1	3.85460866E-1
4.05565415E+5	2.43088373E+1	-7.36002757E-9	2.01255551E+1	9.17554767E+0	2.21185174E+1	4.27762210E-1
4.34874501E+5	2.51736142E+1	-7.41498986E-9	1.99769039E+1	1.01889176E+1	2.24252278E+1	4.71643189E-1
4.66301673E+5	2.61937683E+1	-7.38958139E-9	1.98195842E+1	1.12398147E+1	2.27848533E+1	5.15881703E-1
5.00000000E+5	2.74097298E+1	-7.30243305E-9	1.96428081E+1	1.23516665E+1	2.32035326E+1	5.61337008E-1
