Start time:20240905_05-19-11	sweep/start:500.000	sweep/stop:500000.000	sweep/samplecount:100.000	sweep/xmapping:1.000	sweep/scan:0.000	sweep/averaging/sample:10.000	sweep/settling/time:0.100	sweep/settling/inaccuracy:0.010	sweep/awgcontrol:0.000	sweep/averaging/time:0.100	sweep/averaging/tc:15.000	sweep/bandwidthcontrol:2.000	sweep/sincfilter:0.000	sweep/omegasuppression:80.000	sweep/maxbandwidth:100.000	sweep/bandwidth:1250000.000	sweep/order:8.000	sweep/bandwidthoverlap:1.000																				
Frequency	Param0		Param1		RealZ		ImagZ		AbsZ		PhaseZ		
5.00000000E+2	1.44265079E+3	7.52919826E-7	1.14093466E+2	-3.89332342E+2	4.05705552E+2	-1.28572871E+0
5.36133611E+2	1.30105897E+3	7.43185877E-7	1.12068620E+2	-3.65031997E+2	3.81847806E+2	-1.27292045E+0
5.74878498E+2	1.17474114E+3	7.32764095E-7	1.10121037E+2	-3.42398903E+2	3.59671596E+2	-1.25962802E+0
6.16423370E+2	1.06144083E+3	7.21656521E-7	1.08290654E+2	-3.21274324E+2	3.39034016E+2	-1.24569014E+0
6.60970574E+2	9.60374812E+2	7.09839066E-7	1.06526064E+2	-3.01590912E+2	3.19851354E+2	-1.23126133E+0
7.08737081E+2	8.69717460E+2	6.97303978E-7	1.04868520E+2	-2.83211100E+2	3.02003212E+2	-1.21616669E+0
7.59955541E+2	7.89086150E+2	6.84066084E-7	1.03239546E+2	-2.66094824E+2	2.85420504E+2	-1.20069452E+0
8.14875417E+2	7.16839920E+2	6.70045362E-7	1.01711684E+2	-2.50131374E+2	2.70020322E+2	-1.18458491E+0
8.73764200E+2	6.52597653E+2	6.55339315E-7	1.00202440E+2	-2.35268639E+2	2.55718330E+2	-1.16815812E+0
9.36908711E+2	5.95037064E+2	6.39970620E-7	9.87563561E+1	-2.21383973E+2	2.42412217E+2	-1.15120181E+0
1.00461650E+3	5.43893510E+2	6.23923790E-7	9.73273074E+1	-2.08478005E+2	2.30077563E+2	-1.13402119E+0
1.07721735E+3	4.98186397E+2	6.07169026E-7	9.59619686E+1	-1.96464349E+2	2.18647985E+2	-1.11643563E+0
1.15506485E+3	4.57599961E+2	5.89921509E-7	9.45797144E+1	-1.85295288E+2	2.08037659E+2	-1.09884197E+0
1.23853818E+3	4.21297648E+2	5.72179923E-7	9.32276458E+1	-1.74886220E+2	1.98183210E+2	-1.08103937E+0
1.32804389E+3	3.88967545E+2	5.54035338E-7	9.18763191E+1	-1.65213941E+2	1.89042072E+2	-1.06327797E+0
1.42401793E+3	3.60111681E+2	5.35549321E-7	9.05352833E+1	-1.56224749E+2	1.80562484E+2	-1.04557218E+0
1.52692775E+3	3.34334197E+2	5.16883337E-7	8.91842903E+1	-1.47863177E+2	1.72677031E+2	-1.02806081E+0
1.63727458E+3	3.11333108E+2	4.98155377E-7	8.78093373E+1	-1.40098079E+2	1.65341925E+2	-1.01092489E+0
1.75559587E+3	2.90758738E+2	4.79371157E-7	8.64365408E+1	-1.32894330E+2	1.58531318E+2	-9.94129025E-1
1.88246790E+3	2.72276517E+2	4.60774646E-7	8.50339255E+1	-1.26182294E+2	1.52160245E+2	-9.77804488E-1
2.01850863E+3	2.55717586E+2	4.42380904E-7	8.36108946E+1	-1.19958300E+2	1.46221666E+2	-9.62086853E-1
2.16438064E+3	2.40789712E+2	4.24314382E-7	8.21656989E+1	-1.14164145E+2	1.40657934E+2	-9.46960695E-1
2.32079442E+3	2.27334939E+2	4.06708141E-7	8.06799545E+1	-1.08775535E+2	1.35430322E+2	-9.32621648E-1
2.48851178E+3	2.15145291E+2	3.89611227E-7	7.91623513E+1	-1.03753209E+2	1.30504431E+2	-9.19035214E-1
2.66834962E+3	2.04086609E+2	3.73066842E-7	7.76149862E+1	-9.90761969E+1	1.25857773E+2	-9.06267788E-1
2.86118383E+3	1.94004065E+2	3.57167591E-7	7.60283550E+1	-9.47074354E+1	1.21448793E+2	-8.94368210E-1
3.06795364E+3	1.84758455E+2	3.41903466E-7	7.44163436E+1	-9.06159797E+1	1.17256336E+2	-8.83245085E-1
3.28966612E+3	1.76278968E+2	3.27322829E-7	7.27708500E+1	-8.67892469E+1	1.13260629E+2	-8.73029689E-1
3.52740116E+3	1.68434222E+2	3.13445109E-7	7.10945934E+1	-8.31884665E+1	1.09429257E+2	-8.63625759E-1
3.78231664E+3	1.61136432E+2	3.00260597E-7	6.93929667E+1	-7.97894158E+1	1.05743723E+2	-8.54975192E-1
4.05565415E+3	1.54329810E+2	2.87768480E-7	6.76659666E+1	-7.65780152E+1	1.02190389E+2	-8.47104266E-1
4.34874501E+3	1.47928959E+2	2.75933118E-7	6.59235696E+1	-7.35261034E+1	9.87522403E+1	-8.39862365E-1
4.66301673E+3	1.41898119E+2	2.64707769E-7	6.41753239E+1	-7.06249621E+1	9.54272372E+1	-8.33207582E-1
5.00000000E+3	1.36192918E+2	2.54075035E-7	6.24231461E+1	-6.78597140E+1	9.22040681E+1	-8.27102923E-1
5.36133611E+3	1.30745977E+2	2.43964766E-7	6.06833629E+1	-6.52045615E+1	8.90735958E+1	-8.21297204E-1
5.74878498E+3	1.25542077E+2	2.34393312E-7	5.89469641E+1	-6.26544460E+1	8.60251373E+1	-8.15877527E-1
6.16423370E+3	1.20551103E+2	2.25305293E-7	5.72245759E+1	-6.01982854E+1	8.30571231E+1	-8.10717542E-1
6.60970574E+3	1.15745589E+2	2.16619640E-7	5.55335070E+1	-5.78254956E+1	8.01733023E+1	-8.05614260E-1
7.08737081E+3	1.11117254E+2	2.08311797E-7	5.38755538E+1	-5.55331273E+1	7.73724987E+1	-8.00547297E-1
7.59955541E+3	1.06643828E+2	2.00384979E-7	5.22454245E+1	-5.33110453E+1	7.46434994E+1	-7.95493087E-1
8.14875417E+3	1.02314313E+2	1.92735654E-7	5.06660257E+1	-5.11547964E+1	7.19990241E+1	-7.90198428E-1
8.73764200E+3	9.81309542E+1	1.85380163E-7	4.91283606E+1	-4.90654353E+1	6.94335138E+1	-7.84757337E-1
9.36908711E+3	9.40727221E+1	1.78270015E-7	4.76407620E+1	-4.70324768E+1	6.69454712E+1	-7.78973148E-1
1.00461650E+4	9.01565719E+1	1.71364942E-7	4.62094790E+1	-4.50640893E+1	6.45452412E+1	-7.72849852E-1
1.07721735E+4	8.63634630E+1	1.64658708E-7	4.48316622E+1	-4.31501979E+1	6.22239307E+1	-7.66288999E-1
1.15506485E+4	8.27056564E+1	1.58138947E-7	4.35065953E+1	-4.12967026E+1	5.99853441E+1	-7.59345020E-1
1.23853818E+4	7.91779228E+1	1.51749253E-7	4.22449320E+1	-3.94997671E+1	5.78348158E+1	-7.51828603E-1
1.32804389E+4	7.57768132E+1	1.45524155E-7	4.10337263E+1	-3.77576247E+1	5.57620388E+1	-7.43842638E-1
1.42401793E+4	7.25059807E+1	1.39413548E-7	3.98824855E+1	-3.60708458E+1	5.37747027E+1	-7.35256262E-1
1.52692775E+4	6.93614859E+1	1.33417077E-7	3.87876565E+1	-3.44367094E+1	5.18687708E+1	-7.26048560E-1
1.63727458E+4	6.63410060E+1	1.27560043E-7	3.77393756E+1	-3.28543327E+1	5.00366659E+1	-7.16308943E-1
1.75559587E+4	6.34512728E+1	1.21776968E-7	3.67519532E+1	-3.13249285E+1	4.82903488E+1	-7.05847388E-1
1.88246790E+4	6.06839130E+1	1.16101524E-7	3.58134402E+1	-2.98445375E+1	4.66186591E+1	-6.94738362E-1
2.01850863E+4	5.80616327E+1	1.10526101E-7	3.49261089E+1	-2.84259257E+1	4.50318407E+1	-6.83151808E-1
2.16438064E+4	5.55649127E+1	1.05064130E-7	3.40829320E+1	-2.70586075E+1	4.35179836E+1	-6.71013349E-1
2.32079442E+4	5.31733197E+1	9.96907321E-8	3.32855521E+1	-2.57288586E+1	4.20702136E+1	-6.58042978E-1
2.48851178E+4	5.09077886E+1	9.44051860E-8	3.25356600E+1	-2.44488640E+1	4.06978825E+1	-6.44427422E-1
2.66834962E+4	4.87569054E+1	8.92427989E-8	3.18217729E+1	-2.32143306E+1	3.93894769E+1	-6.30258571E-1
2.86118383E+4	4.67274499E+1	8.41577375E-8	3.11560868E+1	-2.20259489E+1	3.81555289E+1	-6.15378442E-1
3.06795364E+4	4.48110764E+1	7.92049379E-8	3.05233127E+1	-2.08832415E+1	3.69835432E+1	-6.00025000E-1
3.28966612E+4	4.29931633E+1	7.43614618E-8	2.99254675E+1	-1.97751563E+1	3.58690742E+1	-5.83939538E-1
3.52740116E+4	4.12920220E+1	6.96393423E-8	2.93648239E+1	-1.87146991E+1	3.48214435E+1	-5.67407457E-1
3.78231664E+4	3.96750469E+1	6.50476403E-8	2.88302398E+1	-1.76821439E+1	3.38207195E+1	-5.50155627E-1
4.05565415E+4	3.81656283E+1	6.05729868E-8	2.83328744E+1	-1.66910166E+1	3.28837637E+1	-5.32369386E-1
4.34874501E+4	3.67487851E+1	5.62595524E-8	2.78583707E+1	-1.57376092E+1	3.19962693E+1	-5.14222038E-1
4.66301673E+4	3.54215296E+1	5.20691435E-8	2.74159533E+1	-1.48148727E+1	3.11627179E+1	-4.95422902E-1
5.00000000E+4	3.41708470E+1	4.80285104E-8	2.69947431E+1	-1.39182268E+1	3.03715859E+1	-4.76041894E-1
5.36133611E+4	3.30100236E+1	4.41489492E-8	2.65992833E+1	-1.30583721E+1	2.96317898E+1	-4.56364890E-1
5.74878498E+4	3.19221474E+1	4.04217776E-8	2.62251622E+1	-1.22231072E+1	2.89337777E+1	-4.36147915E-1
6.16423370E+4	3.09056446E+1	3.68439322E-8	2.58732326E+1	-1.14107300E+1	2.82777109E+1	-4.15364897E-1
6.60970574E+4	2.99576202E+1	3.34243315E-8	2.55408965E+1	-1.06210675E+1	2.76612450E+1	-3.94091244E-1
7.08737081E+4	2.90760046E+1	3.01698285E-8	2.52265201E+1	-9.85439434E+0	2.70829543E+1	-3.72408244E-1
7.59955541E+4	2.82573906E+1	2.70762951E-8	2.49300188E+1	-9.10776734E+0	2.65416141E+1	-3.50268993E-1
8.14875417E+4	2.74959114E+1	2.41334387E-8	2.46505144E+1	-8.37499195E+0	2.60343688E+1	-3.27513654E-1
8.73764200E+4	2.67917471E+1	2.13576326E-8	2.43852578E+1	-7.66047351E+0	2.55601968E+1	-3.04381568E-1
9.36908711E+4	2.61409339E+1	1.87336633E-8	2.41351164E+1	-6.95777407E+0	2.51180111E+1	-2.80674060E-1
1.00461650E+5	2.55370701E+1	1.62680357E-8	2.38939803E+1	-6.26577579E+0	2.47018673E+1	-2.56457966E-1
1.07721735E+5	2.49868568E+1	1.39454260E-8	2.36702497E+1	-5.58250921E+0	2.43196451E+1	-2.31612554E-1
1.15506485E+5	2.44845687E+1	1.17679145E-8	2.34587708E+1	-4.90550196E+0	2.39661821E+1	-2.06141199E-1
1.23853818E+5	2.40250022E+1	9.73805034E-9	2.32541861E+1	-4.23375638E+0	2.36364522E+1	-1.80091700E-1
1.32804389E+5	2.36169969E+1	7.85425176E-9	2.30644207E+1	-3.56996554E+0	2.33390735E+1	-1.53563789E-1
1.42401793E+5	2.32474312E+1	6.08532904E-9	2.28808409E+1	-2.89618521E+0	2.30634077E+1	-1.25907303E-1
1.52692775E+5	2.29241573E+1	4.46036337E-9	2.27056537E+1	-2.22738850E+0	2.28146439E+1	-9.77855376E-2
1.63727458E+5	2.26448204E+1	2.95566295E-9	2.25379722E+1	-1.55181525E+0	2.25913331E+1	-6.87448677E-2
1.75559587E+5	2.24144845E+1	1.57427780E-9	2.23805764E+1	-8.71135632E-1	2.23975240E+1	-3.89040973E-2
1.88246790E+5	2.22407994E+1	2.81819712E-10	2.22306749E+1	-1.64602051E-1	2.22357360E+1	-7.40720501E-3
2.01850863E+5	2.20915491E+1	-8.39753265E-10	2.20793262E+1	5.19486409E-1	2.20854368E+1	2.35238413E-2
2.16438064E+5	2.20062872E+1	-1.87954370E-9	2.19368802E+1	1.23392181E+0	2.19715563E+1	5.61895229E-2
2.32079442E+5	2.19739247E+1	-2.81375104E-9	2.17967458E+1	1.96517611E+0	2.18851559E+1	8.99160464E-2
2.48851178E+5	2.20030769E+1	-3.64444238E-9	2.16625288E+1	2.71608439E+0	2.18321388E+1	1.24730785E-1
2.66834962E+5	2.20890861E+1	-4.37913378E-9	2.15229990E+1	3.49052962E+0	2.18042055E+1	1.60776931E-1
2.86118383E+5	2.22519677E+1	-5.00872006E-9	2.13931196E+1	4.28642103E+0	2.18183181E+1	1.97745999E-1
3.06795364E+5	2.24864430E+1	-5.55140983E-9	2.12556631E+1	5.11478480E+0	2.18623936E+1	2.36142119E-1
3.28966612E+5	2.28105180E+1	-5.99915268E-9	2.11207617E+1	5.97401494E+0	2.19493852E+1	2.75649865E-1
3.52740116E+5	2.32241419E+1	-6.36022041E-9	2.09760348E+1	6.86704549E+0	2.20714840E+1	3.16379191E-1
3.78231664E+5	2.37515271E+1	-6.63644820E-9	2.08287636E+1	7.80240408E+0	2.22421883E+1	3.58417803E-1
4.05565415E+5	2.44082745E+1	-6.82394524E-9	2.06823979E+1	8.77837987E+0	2.24682360E+1	4.01393792E-1
4.34874501E+5	2.51969535E+1	-6.94173261E-9	2.05118004E+1	9.80309943E+0	2.27340021E+1	4.45832037E-1
4.66301673E+5	2.61641887E+1	-6.98036247E-9	2.03402048E+1	1.08839676E+1	2.30691329E+1	4.91328834E-1
NaN	NaN	NaN	NaN	NaN	NaN	NaN
