Start time:20240906_13-02-28	sweep/start:500.000	sweep/stop:500000.000	sweep/samplecount:100.000	sweep/xmapping:1.000	sweep/scan:0.000	sweep/averaging/sample:10.000	sweep/settling/time:0.100	sweep/settling/inaccuracy:0.010	sweep/awgcontrol:0.000	sweep/averaging/time:0.100	sweep/averaging/tc:15.000	sweep/bandwidthcontrol:2.000	sweep/sincfilter:0.000	sweep/omegasuppression:80.000	sweep/maxbandwidth:100.000	sweep/bandwidth:1250000.000	sweep/order:8.000	sweep/bandwidthoverlap:1.000																				
Frequency	Param0		Param1		RealZ		ImagZ		AbsZ		PhaseZ		
5.00000000E+2	1.57771118E+3	7.51937818E-7	1.05954126E+2	-3.94890598E+2	4.08858009E+2	-1.30865786E+0
5.36133611E+2	1.42258041E+3	7.43248820E-7	1.03943611E+2	-3.70221104E+2	3.84536026E+2	-1.29708216E+0
5.74878498E+2	1.28309060E+3	7.34029661E-7	1.02049683E+2	-3.47166658E+2	3.61854722E+2	-1.28489908E+0
6.16423370E+2	1.15803265E+3	7.24361196E-7	1.00216772E+2	-3.25593045E+2	3.40667342E+2	-1.27220117E+0
6.60970574E+2	1.04618370E+3	7.14050127E-7	9.84650974E+1	-3.05478561E+2	3.20955654E+2	-1.25898066E+0
7.08737081E+2	9.45758551E+2	7.03066588E-7	9.68255664E+1	-2.86702598E+2	3.02611259E+2	-1.24510183E+0
7.59955541E+2	8.55883447E+2	6.91426380E-7	9.52603983E+1	-2.69178783E+2	2.85537677E+2	-1.23065787E+0
8.14875417E+2	7.75719861E+2	6.79062053E-7	9.37543873E+1	-2.52858122E+2	2.69679658E+2	-1.21573171E+0
8.73764200E+2	7.03964437E+2	6.66012326E-7	9.23179963E+1	-2.37625655E+2	2.54928553E+2	-1.20024132E+0
9.36908711E+2	6.40014959E+2	6.52282202E-7	9.09168570E+1	-2.23432904E+2	2.41222178E+2	-1.18434815E+0
1.00461650E+3	5.82908386E+2	6.37904108E-7	8.95544021E+1	-2.10195177E+2	2.28477580E+2	-1.16803365E+0
1.07721735E+3	5.32027634E+2	6.22723709E-7	8.82542643E+1	-1.97901196E+2	2.16688024E+2	-1.15131452E+0
1.15506485E+3	4.86639661E+2	6.07058169E-7	8.69508687E+1	-1.86422326E+2	2.05703034E+2	-1.13437277E+0
1.23853818E+3	4.46241249E+2	5.90742857E-7	8.56775633E+1	-1.75761809E+2	1.95532246E+2	-1.11722768E+0
1.32804389E+3	4.10198870E+2	5.73960550E-7	8.44107364E+1	-1.65831281E+2	1.86078442E+2	-1.09996214E+0
1.42401793E+3	3.78024128E+2	5.56713294E-7	8.31621808E+1	-1.56592975E+2	1.77305693E+2	-1.08260102E+0
1.52692775E+3	3.49347595E+2	5.39156738E-7	8.19018055E+1	-1.48000983E+2	1.69151403E+2	-1.06535652E+0
1.63727458E+3	3.23771738E+2	5.21291919E-7	8.06467651E+1	-1.40025856E+2	1.61589423E+2	-1.04825443E+0
1.75559587E+3	3.00860585E+2	5.03338513E-7	7.93752691E+1	-1.32591309E+2	1.54534426E+2	-1.03137294E+0
1.88246790E+3	2.80393975E+2	4.85344363E-7	7.80843919E+1	-1.25686993E+2	1.47967539E+2	-1.01489045E+0
2.01850863E+3	2.62052408E+2	4.67359763E-7	7.67878431E+1	-1.19273071E+2	1.41853582E+2	-9.98792938E-1
2.16438064E+3	2.45588622E+2	4.49579356E-7	7.54605262E+1	-1.13304699E+2	1.36133192E+2	-9.83257871E-1
2.32079442E+3	2.30759133E+2	4.32055474E-7	7.41124659E+1	-1.07747251E+2	1.30775104E+2	-9.68280683E-1
2.48851178E+3	2.17375460E+2	4.14887947E-7	7.27377364E+1	-1.02570074E+2	1.25743384E+2	-9.53954693E-1
2.66834962E+3	2.05279901E+2	3.98175561E-7	7.13281689E+1	-9.77472823E+1	1.21005120E+2	-9.40401107E-1
2.86118383E+3	1.94287296E+2	3.81942429E-7	6.98961847E+1	-9.32441081E+1	1.16533002E+2	-9.27548510E-1
3.06795364E+3	1.84271575E+2	3.66278046E-7	6.84321920E+1	-8.90345026E+1	1.12294736E+2	-9.15495174E-1
3.28966612E+3	1.75097714E+2	3.51223169E-7	6.69382046E+1	-8.50882068E+1	1.08262303E+2	-9.04222909E-1
3.52740116E+3	1.66684058E+2	3.36782786E-7	6.54188513E+1	-8.13919729E+1	1.04423558E+2	-8.93772580E-1
3.78231664E+3	1.58891303E+2	3.22981390E-7	6.38782068E+1	-7.79054930E+1	1.00745676E+2	-8.84011663E-1
4.05565415E+3	1.51660207E+2	3.09830070E-7	6.23155644E+1	-7.46160920E+1	9.72151790E+1	-8.74987386E-1
4.34874501E+3	1.44897749E+2	2.97334848E-7	6.07332419E+1	-7.14953350E+1	9.38089005E+1	-8.66609223E-1
4.66301673E+3	1.38575596E+2	2.85369739E-7	5.91595789E+1	-6.85435465E+1	9.05432145E+1	-8.58749004E-1
5.00000000E+3	1.32634032E+2	2.74061924E-7	5.75646416E+1	-6.57369169E+1	8.73786607E+1	-8.51580136E-1
5.36133611E+3	1.26990932E+2	2.63254229E-7	5.59865151E+1	-6.30498988E+1	8.43195095E+1	-8.44666677E-1
5.74878498E+3	1.21621077E+2	2.52979831E-7	5.44142084E+1	-6.04732041E+1	8.13505658E+1	-8.38087903E-1
6.16423370E+3	1.16496729E+2	2.43215456E-7	5.28502242E+1	-5.79976891E+1	7.84657772E+1	-8.31802010E-1
6.60970574E+3	1.11598335E+2	2.33904560E-7	5.13045414E+1	-5.56178501E+1	7.56670423E+1	-8.25716854E-1
7.08737081E+3	1.06897978E+2	2.24972995E-7	4.97915224E+1	-5.33237023E+1	7.29562403E+1	-8.19639470E-1
7.59955541E+3	1.02361318E+2	2.16404396E-7	4.83117183E+1	-5.11001854E+1	7.03224794E+1	-8.13440441E-1
8.14875417E+3	9.79985319E+1	2.08166728E-7	4.68679975E+1	-4.89528922E+1	6.77716378E+1	-8.07152981E-1
8.73764200E+3	9.38080367E+1	2.00207738E-7	4.54685981E+1	-4.68820477E+1	6.53094163E+1	-8.00702219E-1
9.36908711E+3	8.97544965E+1	1.92518893E-7	4.41119592E+1	-4.48707215E+1	6.29225448E+1	-7.93925037E-1
1.00461650E+4	8.58457301E+1	1.85039348E-7	4.28079253E+1	-4.29227100E+1	6.06207683E+1	-7.86737062E-1
1.07721735E+4	8.20810046E+1	1.77790207E-7	4.15475875E+1	-4.10373688E+1	5.83974973E+1	-7.79220134E-1
1.15506485E+4	7.84523733E+1	1.70706310E-7	4.03420892E+1	-3.92103091E+1	5.62577335E+1	-7.71172274E-1
1.23853818E+4	7.49627351E+1	1.63757252E-7	3.91945823E+1	-3.74421914E+1	5.42045481E+1	-7.62535958E-1
1.32804389E+4	7.16062457E+1	1.56972878E-7	3.80944647E+1	-3.57297257E+1	5.22283599E+1	-7.53377079E-1
1.42401793E+4	6.83929591E+1	1.50324704E-7	3.70452160E+1	-3.40776147E+1	5.03351955E+1	-7.43697335E-1
1.52692775E+4	6.53104127E+1	1.43776501E-7	3.60514011E+1	-3.24781145E+1	4.85235168E+1	-7.33303013E-1
1.63727458E+4	6.23574202E+1	1.37329665E-7	3.51095324E+1	-3.09299240E+1	4.67903803E+1	-7.22192904E-1
1.75559587E+4	5.95314013E+1	1.31024100E-7	3.42076885E+1	-2.94323667E+1	4.51268324E+1	-7.10502103E-1
1.88246790E+4	5.68748200E+1	1.24773591E-7	3.33668334E+1	-2.80068972E+1	4.35629696E+1	-6.98286419E-1
2.01850863E+4	5.43258039E+1	1.18611667E-7	3.25720828E+1	-2.66188573E+1	4.20654776E+1	-6.85158665E-1
2.16438064E+4	5.19079628E+1	1.12589897E-7	3.18126802E+1	-2.52840758E+1	4.06365759E+1	-6.71549761E-1
2.32079442E+4	4.96215051E+1	1.06611108E-7	3.11090349E+1	-2.39980104E+1	3.92896541E+1	-6.57067167E-1
2.48851178E+4	4.74210727E+1	1.00759753E-7	3.04340665E+1	-2.27372422E+1	3.79896768E+1	-6.41641242E-1
2.66834962E+4	4.53954474E+1	9.50510234E-8	2.97999549E+1	-2.15579354E+1	3.67801869E+1	-6.26272926E-1
2.86118383E+4	4.34589153E+1	8.94120250E-8	2.92066781E+1	-2.04024590E+1	3.56271034E+1	-6.09755246E-1
3.06795364E+4	4.16478827E+1	8.39042989E-8	2.86486907E+1	-1.92979208E+1	3.45421088E+1	-5.92791172E-1
3.28966612E+4	3.99441950E+1	7.85299966E-8	2.81221918E+1	-1.82335015E+1	3.35159409E+1	-5.75226396E-1
3.52740116E+4	3.83422712E+1	7.32724288E-8	2.76298972E+1	-1.72041169E+1	3.25483175E+1	-5.56917043E-1
3.78231664E+4	3.68421788E+1	6.81753935E-8	2.71636447E+1	-1.62143182E+1	3.16349145E+1	-5.38146162E-1
4.05565415E+4	3.54465917E+1	6.32330902E-8	2.67273962E+1	-1.52656862E+1	3.07797831E+1	-5.18945467E-1
4.34874501E+4	3.41378978E+1	5.84225841E-8	2.63211254E+1	-1.43438518E+1	2.99757877E+1	-4.98962286E-1
4.66301673E+4	3.29221035E+1	5.37996057E-8	2.59373293E+1	-1.34598038E+1	2.92217629E+1	-4.78681088E-1
5.00000000E+4	3.17873792E+1	4.93468819E-8	2.55763081E+1	-1.26038175E+1	2.85132213E+1	-4.57865163E-1
5.36133611E+4	3.07307950E+1	4.50706847E-8	2.52369269E+1	-1.17749025E+1	2.78487131E+1	-4.36551341E-1
5.74878498E+4	2.97530231E+1	4.09765382E-8	2.49202440E+1	-1.09742433E+1	2.72296271E+1	-4.14820697E-1
6.16423370E+4	2.88481320E+1	3.70874702E-8	2.46204380E+1	-1.02023363E+1	2.66505843E+1	-3.92845269E-1
6.60970574E+4	2.80079642E+1	3.33787265E-8	2.43391036E+1	-9.44969672E+0	2.61091697E+1	-3.70337629E-1
7.08737081E+4	2.72313367E+1	2.98619532E-8	2.40744382E+1	-8.71782913E+0	2.56042796E+1	-3.47430844E-1
7.59955541E+4	2.65173966E+1	2.65364575E-8	2.38273512E+1	-8.00603800E+0	2.51364142E+1	-3.24150438E-1
8.14875417E+4	2.58593480E+1	2.34072971E-8	2.35933025E+1	-7.31187323E+0	2.47003526E+1	-3.00526376E-1
8.73764200E+4	2.52534572E+1	2.04659548E-8	2.33717771E+1	-6.63160557E+0	2.42944062E+1	-2.76477290E-1
9.36908711E+4	2.46997131E+1	1.77078149E-8	2.31640941E+1	-5.96416087E+0	2.39195836E+1	-2.52000911E-1
1.00461650E+5	2.41926585E+1	1.51314729E-8	2.29663975E+1	-5.30686250E+0	2.35715551E+1	-2.27085098E-1
1.07721735E+5	2.37331087E+1	1.27291348E-8	2.27806635E+1	-4.65803864E+0	2.32520099E+1	-2.01693137E-1
1.15506485E+5	2.33205698E+1	1.04982172E-8	2.26068590E+1	-4.01680895E+0	2.29609415E+1	-1.75845794E-1
1.23853818E+5	2.29485777E+1	8.43460860E-9	2.24394435E+1	-3.38004179E+0	2.26925828E+1	-1.49505520E-1
1.32804389E+5	2.26141942E+1	6.51546071E-9	2.22774371E+1	-2.73894705E+0	2.24451840E+1	-1.22333189E-1
1.42401793E+5	2.23309535E+1	4.76807858E-9	2.21301016E+1	-2.10828532E+0	2.22303007E+1	-9.49811114E-2
1.52692775E+5	2.20850057E+1	3.15657090E-9	2.19866536E+1	-1.47051859E+0	2.20357748E+1	-6.67828707E-2
1.63727458E+5	2.18778163E+1	1.68543043E-9	2.18463811E+1	-8.28696825E-1	2.18620930E+1	-3.79147331E-2
1.75559587E+5	2.17158109E+1	3.43645463E-10	2.17143388E+1	-1.78746999E-1	2.17150748E+1	-8.23155341E-3
1.88246790E+5	2.16107760E+1	-8.91192010E-10	2.15877430E+1	4.91602634E-1	2.15992530E+1	2.27658469E-2
2.01850863E+5	2.15255933E+1	-1.96683575E-9	2.14637098E+1	1.15249344E+0	2.14946293E+1	5.36434656E-2
2.16438064E+5	2.15017532E+1	-2.94754498E-9	2.13432066E+1	1.83953229E+0	2.14223332E+1	8.59757269E-2
2.32079442E+5	2.15279398E+1	-3.81549581E-9	2.12234611E+1	2.54206254E+0	2.13751583E+1	1.19208153E-1
2.48851178E+5	2.16120685E+1	-4.57750472E-9	2.11070381E+1	3.26491571E+0	2.13580606E+1	1.53467452E-1
2.66834962E+5	2.17550587E+1	-5.24104559E-9	2.09880908E+1	4.01211760E+0	2.13681338E+1	1.88882860E-1
2.86118383E+5	2.19695475E+1	-5.80422482E-9	2.08726646E+1	4.78485558E+0	2.14140840E+1	2.25346727E-1
3.06795364E+5	2.22581493E+1	-6.27601951E-9	2.07533051E+1	5.58842243E+0	2.14925606E+1	2.63039400E-1
3.28966612E+5	2.26313945E+1	-6.65585386E-9	2.06314242E+1	6.42356196E+0	2.16082830E+1	3.01835422E-1
3.52740116E+5	2.30977443E+1	-6.95180318E-9	2.05012658E+1	7.29595696E+0	2.17608130E+1	3.41902068E-1
3.78231664E+5	2.36755106E+1	-7.15965980E-9	2.03699227E+1	8.20575677E+0	2.19606080E+1	3.82949646E-1
4.05565415E+5	2.43842440E+1	-7.28576248E-9	2.02367051E+1	9.16146402E+0	2.22138861E+1	4.25109559E-1
4.34874501E+5	2.52252019E+1	-7.34342626E-9	2.00807926E+1	1.01638431E+1	2.25064885E+1	4.68553521E-1
4.66301673E+5	2.62303520E+1	-7.32962902E-9	1.99122527E+1	1.12163928E+1	2.28540011E+1	5.12990104E-1
5.00000000E+5	2.74415242E+1	-7.24789586E-9	1.97360316E+1	1.23318922E+1	2.32720156E+1	5.58485302E-1
