Start time:20240906_21-41-20	sweep/start:500.000	sweep/stop:500000.000	sweep/samplecount:100.000	sweep/xmapping:1.000	sweep/scan:0.000	sweep/averaging/sample:10.000	sweep/settling/time:0.100	sweep/settling/inaccuracy:0.010	sweep/awgcontrol:0.000	sweep/averaging/time:0.100	sweep/averaging/tc:15.000	sweep/bandwidthcontrol:2.000	sweep/sincfilter:0.000	sweep/omegasuppression:80.000	sweep/maxbandwidth:100.000	sweep/bandwidth:1250000.000	sweep/order:8.000	sweep/bandwidthoverlap:1.000																				
Frequency	Param0		Param1		RealZ		ImagZ		AbsZ		PhaseZ		
5.00000000E+2	1.58412557E+3	7.54154046E-7	1.05003800E+2	-3.94098122E+2	4.07846948E+2	-1.31040486E+0
5.36133611E+2	1.42811590E+3	7.45628411E-7	1.02986620E+2	-3.69419169E+2	3.83505894E+2	-1.29891942E+0
5.74878498E+2	1.28831462E+3	7.36632014E-7	1.01040217E+2	-3.46355948E+2	3.60792973E+2	-1.28694971E+0
6.16423370E+2	1.16211509E+3	7.27053059E-7	9.92498686E+1	-3.24790994E+2	3.39617034E+2	-1.27422750E+0
6.60970574E+2	1.04956550E+3	7.16773741E-7	9.75316030E+1	-3.04718454E+2	3.19946488E+2	-1.26102880E+0
7.08737081E+2	9.48372012E+2	7.05883614E-7	9.59214487E+1	-2.85951456E+2	3.01610950E+2	-1.24714503E+0
7.59955541E+2	8.57831031E+2	6.94333812E-7	9.43848656E+1	-2.68435706E+2	2.84545664E+2	-1.23268732E+0
8.14875417E+2	7.77063324E+2	6.82090893E-7	9.29008848E+1	-2.52109643E+2	2.68681688E+2	-1.21774172E+0
8.73764200E+2	7.04896482E+2	6.69073924E-7	9.14950805E+1	-2.36903349E+2	2.53957769E+2	-1.20223178E+0
9.36908711E+2	6.40554067E+2	6.55368257E-7	9.01284769E+1	-2.22730787E+2	2.40275151E+2	-1.18628598E+0
1.00461650E+3	5.83046411E+2	6.41062118E-7	8.87937266E+1	-2.09491117E+2	2.27532098E+2	-1.16989644E+0
1.07721735E+3	5.31813627E+2	6.26051722E-7	8.74959417E+1	-1.97169949E+2	2.15711682E+2	-1.15314452E+0
1.15506485E+3	4.86145732E+2	6.10295512E-7	8.62503168E+1	-1.85717798E+2	2.04768695E+2	-1.13601893E+0
1.23853818E+3	4.45498809E+2	5.94079608E-7	8.49879686E+1	-1.75040223E+2	1.94581693E+2	-1.11878840E+0
1.32804389E+3	4.09206057E+2	5.77273224E-7	8.37616661E+1	-1.65105306E+2	1.85137191E+2	-1.10130776E+0
1.42401793E+3	3.76914914E+2	5.59956764E-7	8.25474332E+1	-1.55882255E+2	1.76389786E+2	-1.08378920E+0
1.52692775E+3	3.48127582E+2	5.42295531E-7	8.13279178E+1	-1.47303292E+2	1.68263158E+2	-1.06633305E+0
1.63727458E+3	3.22419000E+2	5.24369113E-7	8.01050910E+1	-1.39321845E+2	1.60709061E+2	-1.04898885E+0
1.75559587E+3	2.99479219E+2	5.06248203E-7	7.88757025E+1	-1.31910031E+2	1.53693308E+2	-1.03188499E+0
1.88246790E+3	2.78946024E+2	4.88121785E-7	7.76218909E+1	-1.25008636E+2	1.47147264E+2	-1.01512750E+0
2.01850863E+3	2.60589660E+2	4.69980021E-7	7.63599411E+1	-1.18607629E+2	1.41062435E+2	-9.98789901E-1
2.16438064E+3	2.44089251E+2	4.52020943E-7	7.50733908E+1	-1.12643655E+2	1.35368413E+2	-9.82931274E-1
2.32079442E+3	2.29282563E+2	4.34285180E-7	7.37654551E+1	-1.07106441E+2	1.30050499E+2	-9.67686673E-1
2.48851178E+3	2.15929865E+2	4.16950382E-7	7.24188839E+1	-1.01945596E+2	1.25049588E+2	-9.53145848E-1
2.66834962E+3	2.03869456E+2	3.99990656E-7	7.10551590E+1	-9.71449455E+1	1.20357701E+2	-9.39283440E-1
2.86118383E+3	1.92921582E+2	3.83554274E-7	6.96577182E+1	-9.26621772E+1	1.15924445E+2	-9.26183563E-1
3.06795364E+3	1.82979890E+2	3.67702987E-7	6.82219757E+1	-8.84816989E+1	1.11728462E+2	-9.13971802E-1
3.28966612E+3	1.73857310E+2	3.52441771E-7	6.67636167E+1	-8.45574485E+1	1.07737378E+2	-9.02450546E-1
3.52740116E+3	1.65514092E+2	3.37779371E-7	6.52827026E+1	-8.08911342E+1	1.03948098E+2	-8.91775014E-1
3.78231664E+3	1.57789503E+2	3.23819144E-7	6.37669186E+1	-7.74308066E+1	1.00308275E+2	-8.81869074E-1
4.05565415E+3	1.50654880E+2	3.10478173E-7	6.22354291E+1	-7.41810032E+1	9.68301109E+1	-8.72742329E-1
4.34874501E+3	1.43958728E+2	2.97856231E-7	6.06728475E+1	-7.10858017E+1	9.34579358E+1	-8.64264756E-1
4.66301673E+3	1.37725045E+2	2.85786548E-7	5.91132338E+1	-6.81688948E+1	9.02295556E+1	-8.56424853E-1
5.00000000E+3	1.31845072E+2	2.74325808E-7	5.75465497E+1	-6.53882506E+1	8.71047004E+1	-8.49099334E-1
5.36133611E+3	1.26281954E+2	2.63472317E-7	5.59711113E+1	-6.27325739E+1	8.40722380E+1	-8.42297528E-1
5.74878498E+3	1.20993180E+2	2.53175248E-7	5.43968782E+1	-6.01882944E+1	8.11273765E+1	-8.35897649E-1
6.16423370E+3	1.15953653E+2	2.43320697E-7	5.28476568E+1	-5.77494927E+1	7.82807689E+1	-8.29690716E-1
6.60970574E+3	1.11124596E+2	2.33951041E-7	5.13106880E+1	-5.53993927E+1	7.55107903E+1	-8.23695440E-1
7.08737081E+3	1.06486549E+2	2.25009898E-7	4.97955975E+1	-5.31315320E+1	7.28186877E+1	-8.17797465E-1
7.59955541E+3	1.02017832E+2	2.16439349E-7	4.83123336E+1	-5.09375875E+1	7.02048394E+1	-8.11842936E-1
8.14875417E+3	9.77072956E+1	2.08213197E-7	4.68629713E+1	-4.88130719E+1	6.76672308E+1	-8.05777669E-1
8.73764200E+3	9.35541581E+1	2.00259343E-7	4.54601562E+1	-4.67585366E+1	6.52149262E+1	-7.99476597E-1
9.36908711E+3	8.95509570E+1	1.92585817E-7	4.40979947E+1	-4.47703519E+1	6.28412093E+1	-7.92963788E-1
1.00461650E+4	8.56834213E+1	1.85151170E-7	4.27821837E+1	-4.28416681E+1	6.05452213E+1	-7.86092881E-1
1.07721735E+4	8.19471951E+1	1.77900113E-7	4.15213787E+1	-4.09699350E+1	5.83314708E+1	-7.78713396E-1
1.15506485E+4	7.83473687E+1	1.70852232E-7	4.03070728E+1	-3.91572835E+1	5.61956674E+1	-7.70929922E-1
1.23853818E+4	7.48801860E+1	1.63955362E-7	3.91474153E+1	-3.74011431E+1	5.41420879E+1	-7.62589519E-1
1.32804389E+4	7.15337567E+1	1.57219526E-7	3.80360518E+1	-3.56948223E+1	5.21618791E+1	-7.53655112E-1
1.42401793E+4	6.83287563E+1	1.50591582E-7	3.69821219E+1	-3.40479797E+1	5.02687013E+1	-7.44113200E-1
1.52692775E+4	6.52584266E+1	1.44085207E-7	3.59791770E+1	-3.24567863E+1	4.84555913E+1	-7.33973662E-1
1.63727458E+4	6.23056013E+1	1.37678279E-7	3.50281074E+1	-3.09108144E+1	4.67166679E+1	-7.23038150E-1
1.75559587E+4	5.94970787E+1	1.31381730E-7	3.41254377E+1	-2.94247646E+1	4.50595515E+1	-7.11564735E-1
1.88246790E+4	5.68235116E+1	1.25194691E-7	3.32687276E+1	-2.79935195E+1	4.34792559E+1	-6.99501433E-1
2.01850863E+4	5.42735337E+1	1.19083736E-7	3.24622604E+1	-2.66090713E+1	4.19742941E+1	-6.86633717E-1
2.16438064E+4	5.18526903E+1	1.13000048E-7	3.17155093E+1	-2.52717354E+1	4.05528587E+1	-6.72802411E-1
2.32079442E+4	4.95384285E+1	1.07114364E-7	3.09865910E+1	-2.39761839E+1	3.91794171E+1	-6.58534916E-1
2.48851178E+4	4.73831762E+1	1.01260249E-7	3.03191260E+1	-2.27456785E+1	3.79027183E+1	-6.43634876E-1
2.66834962E+4	4.53213008E+1	9.55103780E-8	2.96860780E+1	-2.15440951E+1	3.66798518E+1	-6.27786899E-1
2.86118383E+4	4.33884553E+1	8.99008037E-8	2.90859932E+1	-2.03961044E+1	3.55245863E+1	-6.11554067E-1
3.06795364E+4	4.15557587E+1	8.43958641E-8	2.85205071E+1	-1.92813869E+1	3.44266072E+1	-5.94473006E-1
3.28966612E+4	3.98488278E+1	7.89936853E-8	2.79968965E+1	-1.82158514E+1	3.34012499E+1	-5.76823771E-1
3.52740116E+4	3.82329741E+1	7.37488648E-8	2.74952214E+1	-1.71824553E+1	3.24225856E+1	-5.58545535E-1
3.78231664E+4	3.67402498E+1	6.86080634E-8	2.70377991E+1	-1.61966913E+1	3.15178595E+1	-5.39712454E-1
4.05565415E+4	3.53248622E+1	6.36401830E-8	2.65965398E+1	-1.52362379E+1	3.06515750E+1	-5.20228608E-1
4.34874501E+4	3.40166396E+1	5.88284883E-8	2.61871411E+1	-1.43189424E+1	2.98462480E+1	-5.00377610E-1
4.66301673E+4	3.27947549E+1	5.41659276E-8	2.58050405E+1	-1.34301820E+1	2.90907195E+1	-4.79871894E-1
5.00000000E+4	3.16529772E+1	4.96751906E-8	2.54443054E+1	-1.25688210E+1	2.83793588E+1	-4.58815060E-1
5.36133611E+4	3.05993638E+1	4.53691900E-8	2.51081599E+1	-1.17419760E+1	2.77181117E+1	-4.37439082E-1
5.74878498E+4	2.96207750E+1	4.12430538E-8	2.47931078E+1	-1.09404234E+1	2.70996507E+1	-4.15569323E-1
6.16423370E+4	2.87104468E+1	3.73052288E-8	2.44952393E+1	-1.01613241E+1	2.65192245E+1	-3.93223875E-1
6.60970574E+4	2.78684897E+1	3.35628102E-8	2.42146777E+1	-9.40616152E+0	2.59774228E+1	-3.70508922E-1
7.08737081E+4	2.70913213E+1	3.00050761E-8	2.39527288E+1	-8.67051560E+0	2.54737330E+1	-3.47311252E-1
7.59955541E+4	2.63799790E+1	2.66443081E-8	2.37093499E+1	-7.95731552E+0	2.50090414E+1	-3.23806517E-1
8.14875417E+4	2.57218640E+1	2.34807806E-8	2.34768834E+1	-7.25983070E+0	2.45737502E+1	-2.99905905E-1
8.73764200E+4	2.51179742E+1	2.05032165E-8	2.32586860E+1	-6.57606202E+0	2.41704587E+1	-2.75543754E-1
9.36908711E+4	2.45670803E+1	1.77134205E-8	2.30541615E+1	-5.90585040E+0	2.37986016E+1	-2.50779921E-1
1.00461650E+5	2.40647151E+1	1.51115348E-8	2.28601821E+1	-5.24746011E+0	2.34547174E+1	-2.25637023E-1
1.07721735E+5	2.36114074E+1	1.26881102E-8	2.26789539E+1	-4.59859375E+0	2.31404844E+1	-2.00056844E-1
1.15506485E+5	2.32021692E+1	1.04339446E-8	2.25073820E+1	-3.95447051E+0	2.28521352E+1	-1.73921485E-1
1.23853818E+5	2.28376282E+1	8.34729404E-9	2.23458503E+1	-3.31499484E+0	2.25904011E+1	-1.47275338E-1
1.32804389E+5	2.25115506E+1	6.41825413E-9	2.21890152E+1	-2.67517700E+0	2.23497010E+1	-1.19984008E-1
1.42401793E+5	2.22334065E+1	4.65730778E-9	2.20441864E+1	-2.04235083E+0	2.21385943E+1	-9.23843180E-2
1.52692775E+5	2.19693449E+1	3.03004669E-9	2.18801006E+1	-1.39737860E+0	2.19246774E+1	-6.37786545E-2
1.63727458E+5	2.17725371E+1	1.54763233E-9	2.17464064E+1	-7.53816400E-1	2.17594678E+1	-3.46500839E-2
1.75559587E+5	2.16204115E+1	2.05454750E-10	2.16198920E+1	-1.05934709E-1	2.16201517E+1	-4.89983187E-3
1.88246790E+5	2.15231237E+1	-1.06497446E-9	2.14933544E+1	5.82138201E-1	2.15082284E+1	2.70824376E-2
2.01850863E+5	2.14460022E+1	-2.10467162E-9	2.13759517E+1	1.22367611E+0	2.14109483E+1	5.71830564E-2
2.16438064E+5	2.14320943E+1	-3.08218222E-9	2.12605216E+1	1.90989896E+0	2.13461356E+1	8.95926255E-2
2.32079442E+5	2.14685292E+1	-3.94480759E-9	2.11460369E+1	2.61140137E+0	2.13066729E+1	1.22871550E-1
2.48851178E+5	2.15632053E+1	-4.70184544E-9	2.10345932E+1	3.33453540E+0	2.12972593E+1	1.57217981E-1
2.66834962E+5	2.17168162E+1	-5.35677479E-9	2.09209708E+1	4.08041275E+0	2.13151794E+1	1.92621143E-1
2.86118383E+5	2.19373497E+1	-5.91086556E-9	2.08067067E+1	4.85025089E+0	2.13645501E+1	2.29020095E-1
3.06795364E+5	2.22356071E+1	-6.37273795E-9	2.06917575E+1	5.65198625E+0	2.14497969E+1	2.66646930E-1
3.28966612E+5	2.26144296E+1	-6.74598199E-9	2.05691938E+1	6.48604102E+0	2.15675816E+1	3.05459122E-1
3.52740116E+5	2.30929988E+1	-7.02525620E-9	2.04491864E+1	7.35280639E+0	2.17309234E+1	3.45170222E-1
3.78231664E+5	2.36792437E+1	-7.22638822E-9	2.03190960E+1	8.26287234E+0	2.19349222E+1	3.86230739E-1
4.05565415E+5	2.43927449E+1	-7.34181144E-9	2.01882924E+1	9.21306490E+0	2.21911658E+1	4.28127664E-1
4.34874501E+5	2.52457115E+1	-7.38980824E-9	2.00385934E+1	1.02148471E+1	2.24919652E+1	4.71423949E-1
4.66301673E+5	2.62692132E+1	-7.36856745E-9	1.98763958E+1	1.12723451E+1	2.28503212E+1	5.15893834E-1
NaN	NaN	NaN	NaN	NaN	NaN	NaN
