Start time:20240906_02-11-06	sweep/start:500.000	sweep/stop:500000.000	sweep/samplecount:100.000	sweep/xmapping:1.000	sweep/scan:0.000	sweep/averaging/sample:10.000	sweep/settling/time:0.100	sweep/settling/inaccuracy:0.010	sweep/awgcontrol:0.000	sweep/averaging/time:0.100	sweep/averaging/tc:15.000	sweep/bandwidthcontrol:2.000	sweep/sincfilter:0.000	sweep/omegasuppression:80.000	sweep/maxbandwidth:100.000	sweep/bandwidth:1250000.000	sweep/order:8.000	sweep/bandwidthoverlap:1.000																				
Frequency	Param0		Param1		RealZ		ImagZ		AbsZ		PhaseZ		
5.00000000E+2	1.57768809E+3	7.48222639E-7	1.06938799E+2	-3.96585405E+2	4.10750413E+2	-1.30741181E+0
5.36133611E+2	1.42310260E+3	7.39501639E-7	1.04888930E+2	-3.71841214E+2	3.86351635E+2	-1.29585999E+0
5.74878498E+2	1.28330655E+3	7.30438220E-7	1.02960329E+2	-3.48609795E+2	3.63496386E+2	-1.28361516E+0
6.16423370E+2	1.15843019E+3	7.20553701E-7	1.01157238E+2	-3.27033256E+2	3.42320818E+2	-1.27081308E+0
6.60970574E+2	1.04635929E+3	7.10211974E-7	9.94172949E+1	-3.06826268E+2	3.22530870E+2	-1.25745269E+0
7.08737081E+2	9.46132244E+2	6.99150337E-7	9.77702194E+1	-2.88000828E+2	3.04143880E+2	-1.24352496E+0
7.59955541E+2	8.56643477E+2	6.87437885E-7	9.61781400E+1	-2.70444267E+2	2.87037177E+2	-1.22911463E+0
8.14875417E+2	7.76538200E+2	6.75043676E-7	9.46617040E+1	-2.54062108E+2	2.71124321E+2	-1.21413778E+0
8.73764200E+2	7.05177168E+2	6.61920757E-7	9.31930524E+1	-2.38815101E+2	2.56354441E+2	-1.19873979E+0
9.36908711E+2	6.41347245E+2	6.48160088E-7	9.17741200E+1	-2.24580893E+2	2.42608879E+2	-1.18285865E+0
1.00461650E+3	5.84439883E+2	6.33723238E-7	9.03919692E+1	-2.11324280E+2	2.29844864E+2	-1.16660668E+0
1.07721735E+3	5.33761037E+2	6.18600806E-7	8.90436693E+1	-1.98995609E+2	2.18009242E+2	-1.15005208E+0
1.15506485E+3	4.88388967E+2	6.02895203E-7	8.77364591E+1	-1.87488203E+2	2.07001241E+2	-1.13310993E+0
1.23853818E+3	4.48120865E+2	5.86625882E-7	8.64270708E+1	-1.76805348E+2	1.96798807E+2	-1.11612772E+0
1.32804389E+3	4.12198514E+2	5.69887794E-7	8.51268855E+1	-1.66860980E+2	1.87321045E+2	-1.09904862E+0
1.42401793E+3	3.80100256E+2	5.52744054E-7	8.38380439E+1	-1.57600896E+2	1.78512914E+2	-1.08190549E+0
1.52692775E+3	3.51512524E+2	5.35238528E-7	8.25502406E+1	-1.49006373E+2	1.70345067E+2	-1.06488364E+0
1.63727458E+3	3.25939705E+2	5.17580734E-7	8.12442177E+1	-1.40996782E+2	1.62728964E+2	-1.04805071E+0
1.75559587E+3	3.03090310E+2	4.99794662E-7	7.99260679E+1	-1.33553880E+2	1.55643232E+2	-1.03151318E+0
1.88246790E+3	2.82597081E+2	4.81950406E-7	7.86060724E+1	-1.26629108E+2	1.49043101E+2	-1.01525302E+0
2.01850863E+3	2.64238740E+2	4.64221257E-7	7.72566705E+1	-1.20189897E+2	1.42878286E+2	-9.99507496E-1
2.16438064E+3	2.47732847E+2	4.46666595E-7	7.58882747E+1	-1.14197144E+2	1.37113158E+2	-9.84269270E-1
2.32079442E+3	2.32874749E+2	4.29400980E-7	7.44913357E+1	-1.08619479E+2	1.31708582E+2	-9.69663665E-1
2.48851178E+3	2.19424990E+2	4.12487019E-7	7.30741022E+1	-1.03414018E+2	1.26626552E+2	-9.55643220E-1
2.66834962E+3	2.07250604E+2	3.96041302E-7	7.16206062E+1	-9.85591305E+1	1.21833549E+2	-9.42390104E-1
2.86118383E+3	1.96192263E+2	3.80108612E-7	7.01352745E+1	-9.40268096E+1	1.17303017E+2	-9.29919758E-1
3.06795364E+3	1.86087540E+2	3.64694960E-7	6.86315431E+1	-8.97841054E+1	1.13010949E+2	-9.18138708E-1
3.28966612E+3	1.76820796E+2	3.49892183E-7	6.70969213E+1	-8.58028775E+1	1.08922591E+2	-9.07134483E-1
3.52740116E+3	1.68293968E+2	3.35666785E-7	6.55463467E+1	-8.20654049E+1	1.05028827E+2	-8.96843302E-1
3.78231664E+3	1.60389959E+2	3.22077885E-7	6.39734478E+1	-7.85372285E+1	1.01295106E+2	-8.87238929E-1
4.05565415E+3	1.53053671E+2	3.09120429E-7	6.23809666E+1	-7.52080454E+1	9.77120026E+1	-8.78356969E-1
4.34874501E+3	1.46192235E+2	2.96823193E-7	6.07658966E+1	-7.20486479E+1	9.42523317E+1	-8.70145860E-1
4.66301673E+3	1.39736738E+2	2.85010969E-7	5.91712716E+1	-6.90446291E+1	9.09307445E+1	-8.62252210E-1
5.00000000E+3	1.33646306E+2	2.73854670E-7	5.75548497E+1	-6.61772765E+1	8.77040069E+1	-8.54971927E-1
5.36133611E+3	1.27914777E+2	2.63137520E-7	5.59650113E+1	-6.34560421E+1	8.46094076E+1	-8.48043975E-1
5.74878498E+3	1.22434223E+2	2.52948394E-7	5.43824012E+1	-6.08343761E+1	8.15982043E+1	-8.41338311E-1
6.16423370E+3	1.17219540E+2	2.43247270E-7	5.28113452E+1	-5.83222366E+1	7.86798673E+1	-8.34945573E-1
6.60970574E+3	1.12232794E+2	2.33955333E-7	5.12682115E+1	-5.59065740E+1	7.58549575E+1	-8.28649658E-1
7.08737081E+3	1.07440997E+2	2.25051522E-7	4.97549794E+1	-5.35739349E+1	7.31144618E+1	-8.22340565E-1
7.59955541E+3	1.02823299E+2	2.16493428E-7	4.82779677E+1	-5.13160565E+1	7.04563685E+1	-8.15893439E-1
8.14875417E+3	9.83958371E+1	2.08259905E-7	4.68374008E+1	-4.91412547E+1	6.78867081E+1	-8.09397374E-1
8.73764200E+3	9.41275156E+1	2.00271368E-7	4.54486664E+1	-4.70360355E+1	6.54061922E+1	-8.02560058E-1
9.36908711E+3	9.00192260E+1	1.92558188E-7	4.41003707E+1	-4.50004275E+1	6.30069933E+1	-7.95499378E-1
1.00461650E+4	8.60533279E+1	1.85048972E-7	4.28052859E+1	-4.30260933E+1	6.06921515E+1	-7.87970731E-1
1.07721735E+4	8.22439893E+1	1.77767854E-7	4.15536937E+1	-4.11197278E+1	5.84597426E+1	-7.80149052E-1
1.15506485E+4	7.85879208E+1	1.70623707E-7	4.03630149E+1	-3.92794132E+1	5.63209140E+1	-7.71793165E-1
1.23853818E+4	7.50640543E+1	1.63643999E-7	3.92228808E+1	-3.74939192E+1	5.42607446E+1	-7.62865040E-1
1.32804389E+4	7.16884092E+1	1.56802084E-7	3.81361001E+1	-3.57708555E+1	5.22868654E+1	-7.53406081E-1
1.42401793E+4	6.84517186E+1	1.50100650E-7	3.70985473E+1	-3.41050852E+1	5.03930471E+1	-7.43382035E-1
1.52692775E+4	6.53520676E+1	1.43534650E-7	3.61082056E+1	-3.24952771E+1	4.85772142E+1	-7.32782883E-1
1.63727458E+4	6.23976837E+1	1.37038519E-7	3.51775366E+1	-3.09440989E+1	4.68507908E+1	-7.21460431E-1
1.75559587E+4	5.95698628E+1	1.30652271E-7	3.42937139E+1	-2.94416691E+1	4.51981343E+1	-7.09416618E-1
1.88246790E+4	5.69021899E+1	1.24390716E-7	3.34543978E+1	-2.80076965E+1	4.36305880E+1	-6.97010219E-1
2.01850863E+4	5.43541812E+1	1.18181573E-7	3.26702252E+1	-2.66161470E+1	4.21398050E+1	-6.83635072E-1
2.16438064E+4	5.19394735E+1	1.12092379E-7	3.19261012E+1	-2.52774297E+1	4.07213052E+1	-6.69689015E-1
2.32079442E+4	4.96427908E+1	1.06090447E-7	3.12259851E+1	-2.39808688E+1	3.93718775E+1	-6.54908109E-1
2.48851178E+4	4.74768137E+1	1.00286120E-7	3.05469639E+1	-2.27409980E+1	3.80824319E+1	-6.39946177E-1
2.66834962E+4	4.54607253E+1	9.45077832E-8	2.99307464E+1	-2.15597631E+1	3.68873051E+1	-6.24234757E-1
2.86118383E+4	4.35308928E+1	8.88747233E-8	2.93388220E+1	-2.04053503E+1	3.57371657E+1	-6.07704017E-1
3.06795364E+4	4.17235684E+1	8.33615921E-8	2.87843369E+1	-1.92988882E+1	3.46552336E+1	-5.90627559E-1
3.28966612E+4	4.00321175E+1	7.80016454E-8	2.82598921E+1	-1.82395649E+1	3.36348524E+1	-5.73150430E-1
3.52740116E+4	3.84430401E+1	7.27497542E-8	2.77725612E+1	-1.72147144E+1	3.26750921E+1	-5.54884584E-1
3.78231664E+4	3.69531346E+1	6.76701946E-8	2.73087413E+1	-1.62288644E+1	3.17670197E+1	-5.36198241E-1
4.05565415E+4	3.55515981E+1	6.27194298E-8	2.68749519E+1	-1.52703729E+1	3.09103130E+1	-5.16709594E-1
4.34874501E+4	3.42594984E+1	5.79676040E-8	2.64663282E+1	-1.43616337E+1	3.01118434E+1	-4.97173373E-1
4.66301673E+4	3.30461240E+1	5.33695863E-8	2.60820382E+1	-1.34772944E+1	2.93583080E+1	-4.76939514E-1
5.00000000E+4	3.19154408E+1	4.89386319E-8	2.57222547E+1	-1.26215158E+1	2.86519997E+1	-4.56167626E-1
5.36133611E+4	3.08687510E+1	4.47065853E-8	2.53830645E+1	-1.18001491E+1	2.79918469E+1	-4.35161277E-1
5.74878498E+4	2.98933690E+1	4.06562902E-8	2.50632810E+1	-1.10026287E+1	2.73719913E+1	-4.13663691E-1
6.16423370E+4	2.89890134E+1	3.67948904E-8	2.47627319E+1	-1.02300666E+1	2.67926700E+1	-3.91768302E-1
6.60970574E+4	2.81500622E+1	3.31272738E-8	2.44785877E+1	-9.48011062E+0	2.62502146E+1	-3.69494529E-1
7.08737081E+4	2.73744168E+1	2.96443118E-8	2.42125528E+1	-8.74967352E+0	2.57449900E+1	-3.46767259E-1
7.59955541E+4	2.66586083E+1	2.63540539E-8	2.39619377E+1	-8.03849759E+0	2.52743330E+1	-3.23671807E-1
8.14875417E+4	2.59991090E+1	2.32624396E-8	2.37242133E+1	-7.34643484E+0	2.48356278E+1	-3.00295253E-1
8.73764200E+4	2.53920452E+1	2.03481955E-8	2.35010805E+1	-6.66631054E+0	2.44282725E+1	-2.76399144E-1
9.36908711E+4	2.48343808E+1	1.76121012E-8	2.32903387E+1	-5.99677050E+0	2.40499717E+1	-2.52005142E-1
1.00461650E+5	2.43270264E+1	1.50693570E-8	2.30906137E+1	-5.34317490E+0	2.37007588E+1	-2.27397926E-1
1.07721735E+5	2.38621901E+1	1.26878575E-8	2.29005562E+1	-4.69275431E+0	2.33764288E+1	-2.02120664E-1
1.15506485E+5	2.34446480E+1	1.04776614E-8	2.27224699E+1	-4.05088422E+0	2.30807346E+1	-1.76423106E-1
1.23853818E+5	2.30699419E+1	8.42621740E-9	2.25538144E+1	-3.41183830E+0	2.28104184E+1	-1.50137090E-1
1.32804389E+5	2.27367632E+1	6.53322682E-9	2.23927188E+1	-2.77558962E+0	2.25640852E+1	-1.23321560E-1
1.42401793E+5	2.24439380E+1	4.78899387E-9	2.22382641E+1	-2.13864915E+0	2.23408644E+1	-9.58749431E-2
1.52692775E+5	2.21950341E+1	3.18873631E-9	2.20931739E+1	-1.50013686E+0	2.21440455E+1	-6.77964055E-2
1.63727458E+5	2.19850845E+1	1.72477506E-9	2.19516806E+1	-8.56307645E-1	2.19683762E+1	-3.89889801E-2
1.75559587E+5	2.18204664E+1	3.90763033E-10	2.18185359E+1	-2.05214137E-1	2.18195011E+1	-9.40522058E-3
1.88246790E+5	2.17049426E+1	-8.52379580E-10	2.16849309E+1	4.74429334E-1	2.16949320E+1	2.18720684E-2
2.01850863E+5	2.16225680E+1	-1.90681137E-9	2.15636056E+1	1.12757861E+0	2.15930667E+1	5.22432389E-2
2.16438064E+5	2.15952556E+1	-2.88692852E-9	2.14411337E+1	1.81783965E+0	2.15180567E+1	8.45805477E-2
2.32079442E+5	2.16199800E+1	-3.75073790E-9	2.13218521E+1	2.52123558E+0	2.14703986E+1	1.17700021E-1
2.48851178E+5	2.17017307E+1	-4.51406564E-9	2.12042380E+1	3.24791325E+0	2.14515422E+1	1.51991520E-1
2.66834962E+5	2.18451727E+1	-5.17597736E-9	2.10873558E+1	3.99753683E+0	2.14629199E+1	1.87347212E-1
2.86118383E+5	2.20519173E+1	-5.74045399E-9	2.09661057E+1	4.77129160E+0	2.15021587E+1	2.23760844E-1
3.06795364E+5	2.23373647E+1	-6.20881349E-9	2.08473536E+1	5.57339847E+0	2.15795028E+1	2.61233923E-1
3.28966612E+5	2.27104955E+1	-6.59029506E-9	2.07268647E+1	6.41204666E+0	2.16960217E+1	3.00020973E-1
3.52740116E+5	2.31744425E+1	-6.88691676E-9	2.05972466E+1	7.28581299E+0	2.18478763E+1	3.39991658E-1
3.78231664E+5	2.37481383E+1	-7.09871500E-9	2.04635871E+1	8.19839139E+0	2.20447746E+1	3.81052126E-1
4.05565415E+5	2.44462109E+1	-7.23688734E-9	2.03169898E+1	9.15932593E+0	2.22861707E+1	4.23536419E-1
4.34874501E+5	2.52937639E+1	-7.29007988E-9	2.01728544E+1	1.01638167E+1	2.25886560E+1	4.66711934E-1
4.66301673E+5	2.62971121E+1	-7.28042828E-9	2.00031676E+1	1.12204520E+1	2.29352452E+1	5.11198861E-1
5.00000000E+5	2.75008646E+1	-7.19781332E-9	1.98316240E+1	1.23326076E+1	2.33535164E+1	5.56342175E-1
