Start time:20240908_16-18-40	sweep/start:500.000	sweep/stop:500000.000	sweep/samplecount:100.000	sweep/xmapping:1.000	sweep/scan:0.000	sweep/averaging/sample:10.000	sweep/settling/time:0.100	sweep/settling/inaccuracy:0.010	sweep/awgcontrol:0.000	sweep/averaging/time:0.100	sweep/averaging/tc:15.000	sweep/bandwidthcontrol:2.000	sweep/sincfilter:0.000	sweep/omegasuppression:80.000	sweep/maxbandwidth:100.000	sweep/bandwidth:1250000.000	sweep/order:8.000	sweep/bandwidthoverlap:1.000																				
Frequency	Param0		Param1		RealZ		ImagZ		AbsZ		PhaseZ		
5.00000000E+2	1.48044999E+3	8.20599363E-7	9.51061123E+1	-3.62980049E+2	3.75232859E+2	-1.31454207E+0
5.36133611E+2	1.32986451E+3	8.11969433E-7	9.34470307E+1	-3.39910938E+2	3.52522056E+2	-1.30250802E+0
5.74878498E+2	1.19481659E+3	8.02613181E-7	9.19196564E+1	-3.18398806E+2	3.31401616E+2	-1.28974454E+0
6.16423370E+2	1.07445474E+3	7.92457977E-7	9.04771260E+1	-2.98374611E+2	3.11790834E+2	-1.27637582E+0
6.60970574E+2	9.66672400E+2	7.81565902E-7	8.91357075E+1	-2.79678024E+2	2.93538714E+2	-1.26226553E+0
7.08737081E+2	8.70875022E+2	7.70034247E-7	8.78085938E+1	-2.62221119E+2	2.76532582E+2	-1.24766818E+0
7.59955541E+2	7.85046829E+2	7.57687186E-7	8.65837704E+1	-2.45917745E+2	2.60714959E+2	-1.23226591E+0
8.14875417E+2	7.08578037E+2	7.44537652E-7	8.54109920E+1	-2.30706072E+2	2.46008805E+2	-1.21622677E+0
8.73764200E+2	6.40397770E+2	7.30610942E-7	8.42837386E+1	-2.16497916E+2	2.32325416E+2	-1.19954358E+0
9.36908711E+2	5.79909954E+2	7.15819593E-7	8.31831077E+1	-2.03271424E+2	2.19633109E+2	-1.18236544E+0
1.00461650E+3	5.25963311E+2	7.00268595E-7	8.21168520E+1	-1.90911665E+2	2.07823104E+2	-1.16458848E+0
1.07721735E+3	4.77940609E+2	6.83757876E-7	8.11118464E+1	-1.79408744E+2	1.96892437E+2	-1.14619207E+0
1.15506485E+3	4.35174186E+2	6.66410443E-7	8.01458107E+1	-1.68683221E+2	1.86754870E+2	-1.12724507E+0
1.23853818E+3	3.97236407E+2	6.48304569E-7	7.91878694E+1	-1.58699660E+2	1.77359244E+2	-1.10796549E+0
1.32804389E+3	3.63506389E+2	6.29449956E-7	7.82528220E+1	-1.49405129E+2	1.68657634E+2	-1.08831983E+0
1.42401793E+3	3.33500630E+2	6.09877149E-7	7.73454080E+1	-1.40756626E+2	1.60607411E+2	-1.06833902E+0
1.52692775E+3	3.06830396E+2	5.89734087E-7	7.64449919E+1	-1.32709492E+2	1.53152363E+2	-1.04818638E+0
1.63727458E+3	2.83123605E+2	5.69053130E-7	7.55598355E+1	-1.25233713E+2	1.46262681E+2	-1.02791679E+0
1.75559587E+3	2.62027448E+2	5.48064553E-7	7.46649578E+1	-1.18276843E+2	1.39872327E+2	-1.00769892E+0
1.88246790E+3	2.43276114E+2	5.26744915E-7	7.37807773E+1	-1.11827978E+2	1.33974252E+2	-9.87583349E-1
2.01850863E+3	2.26556728E+2	5.05333107E-7	7.28878948E+1	-1.05832872E+2	1.28503861E+2	-9.67689482E-1
2.16438064E+3	2.11664449E+2	4.83922608E-7	7.19867321E+1	-1.00274333E+2	1.23438372E+2	-9.48159078E-1
2.32079442E+3	1.98377879E+2	4.62642369E-7	7.10761546E+1	-9.51215887E+1	1.18743154E+2	-9.29080835E-1
2.48851178E+3	1.86489383E+2	4.41694764E-7	7.01406522E+1	-9.03370103E+1	1.14369955E+2	-9.10591492E-1
2.66834962E+3	1.75864007E+2	4.21202071E-7	6.91740700E+1	-8.59079540E+1	1.10296096E+2	-8.92885724E-1
2.86118383E+3	1.66311207E+2	4.01152705E-7	6.82018999E+1	-8.18000047E+1	1.06502301E+2	-8.75803935E-1
3.06795364E+3	1.57714453E+2	3.81771558E-7	6.71947801E+1	-7.79900583E+1	1.02944586E+2	-8.59617000E-1
3.28966612E+3	1.49952074E+2	3.63128459E-7	6.61530654E+1	-7.44550944E+1	9.95981387E+1	-8.44373414E-1
3.52740116E+3	1.42894538E+2	3.45255010E-7	6.50826535E+1	-7.11632177E+1	9.64362769E+1	-8.29997914E-1
3.78231664E+3	1.36485776E+2	3.28187728E-7	6.39826153E+1	-6.81097744E+1	9.34490056E+1	-8.16632500E-1
4.05565415E+3	1.30611173E+2	3.11994602E-7	6.28454397E+1	-6.52592297E+1	9.05997597E+1	-8.04238262E-1
4.34874501E+3	1.25200494E+2	2.96680384E-7	6.16722281E+1	-6.25933636E+1	8.78714581E+1	-7.92810668E-1
4.66301673E+3	1.20213008E+2	2.82179386E-7	6.04769157E+1	-6.01053600E+1	8.52649506E+1	-7.82316825E-1
5.00000000E+3	1.15552501E+2	2.68591374E-7	5.92364906E+1	-5.77577928E+1	8.27340592E+1	-7.72759779E-1
5.36133611E+3	1.11219420E+2	2.55703318E-7	5.79937604E+1	-5.55585816E+1	8.03120933E+1	-7.63956022E-1
5.74878498E+3	1.07114611E+2	2.43630228E-7	5.67185401E+1	-5.34639262E+1	7.79447515E+1	-7.55868351E-1
6.16423370E+3	1.03242143E+2	2.32263562E-7	5.54299539E+1	-5.14803591E+1	7.56485771E+1	-7.48471888E-1
6.60970574E+3	9.95546235E+1	2.21605197E-7	5.41212744E+1	-4.95874044E+1	7.34031543E+1	-7.41708619E-1
7.08737081E+3	9.60307479E+1	2.11562547E-7	5.28071464E+1	-4.77756728E+1	7.12117245E+1	-7.35416633E-1
7.59955541E+3	9.26377960E+1	2.02090012E-7	5.14911291E+1	-4.60292106E+1	6.90653652E+1	-7.29448623E-1
8.14875417E+3	8.93687897E+1	1.93104418E-7	5.01867313E+1	-4.43443265E+1	6.69710935E+1	-7.23672603E-1
8.73764200E+3	8.62274549E+1	1.84635789E-7	4.88828606E+1	-4.27259930E+1	6.49233749E+1	-7.18290870E-1
9.36908711E+3	8.31710343E+1	1.76553516E-7	4.76017951E+1	-4.11480200E+1	6.29213040E+1	-7.12807193E-1
1.00461650E+4	8.02126617E+1	1.68873378E-7	4.63366073E+1	-3.96194570E+1	6.09654212E+1	-7.07410335E-1
1.07721735E+4	7.73251615E+1	1.61524675E-7	4.50970885E+1	-3.81233814E+1	5.90520078E+1	-7.01795508E-1
1.15506485E+4	7.45376839E+1	1.54480356E-7	4.38883915E+1	-3.66762603E+1	5.71956207E+1	-6.96116352E-1
1.23853818E+4	7.18173639E+1	1.47695822E-7	4.27139619E+1	-3.52579277E+1	5.53859557E+1	-6.90063390E-1
1.32804389E+4	6.91820083E+1	1.41173812E-7	4.15714798E+1	-3.38793509E+1	5.36283359E+1	-6.83800279E-1
1.42401793E+4	6.66248407E+1	1.34880324E-7	4.04648282E+1	-3.25355237E+1	5.19226606E+1	-6.77202252E-1
1.52692775E+4	6.41392630E+1	1.28782995E-7	3.93975122E+1	-3.12211970E+1	5.02685517E+1	-6.70130273E-1
1.63727458E+4	6.17396596E+1	1.22886430E-7	3.83673663E+1	-2.99454948E+1	4.86701950E+1	-6.62733243E-1
1.75559587E+4	5.94023690E+1	1.17104517E-7	3.73883125E+1	-2.86891469E+1	4.71269971E+1	-6.54499820E-1
1.88246790E+4	5.71602832E+1	1.11548699E-7	3.64364942E+1	-2.74791158E+1	4.56368292E+1	-6.46161194E-1
2.01850863E+4	5.49941622E+1	1.06152252E-7	3.55221161E+1	-2.62999552E+1	4.41985157E+1	-6.37317457E-1
2.16438064E+4	5.28997491E+1	1.00869018E-7	3.46528532E+1	-2.51457067E+1	4.28150334E+1	-6.27731522E-1
2.32079442E+4	5.08939741E+1	9.56980338E-8	3.38301659E+1	-2.40264610E+1	4.14939921E+1	-6.17544333E-1
2.48851178E+4	4.89531382E+1	9.07209978E-8	3.30275913E+1	-2.29342468E+1	4.02094932E+1	-6.06955320E-1
2.66834962E+4	4.70830966E+1	8.57863247E-8	3.22801719E+1	-2.18595607E+1	3.89852572E+1	-5.95247331E-1
2.86118383E+4	4.53146083E+1	8.10366499E-8	3.15604479E+1	-2.08347568E+1	3.78173138E+1	-5.83480267E-1
3.06795364E+4	4.36113498E+1	7.63592618E-8	3.08845105E+1	-1.98257943E+1	3.67003429E+1	-5.70683488E-1
3.28966612E+4	4.19919580E+1	7.18167784E-8	3.02415774E+1	-1.88507282E+1	3.56356987E+1	-5.57403369E-1
3.52740116E+4	4.04356521E+1	6.74199250E-8	2.96216909E+1	-1.78977008E+1	3.46088479E+1	-5.43508810E-1
3.78231664E+4	3.89663842E+1	6.31044451E-8	2.90471277E+1	-1.69742655E+1	3.36431491E+1	-5.28847416E-1
4.05565415E+4	3.75667027E+1	5.89321156E-8	2.84970324E+1	-1.60766461E+1	3.27191001E+1	-5.13643209E-1
4.34874501E+4	3.62335391E+1	5.48656510E-8	2.79782707E+1	-1.51976318E+1	3.18394683E+1	-4.97602947E-1
4.66301673E+4	3.49755531E+1	5.09224546E-8	2.74901026E+1	-1.43448860E+1	3.10077657E+1	-4.80950862E-1
5.00000000E+4	3.37769072E+1	4.71246278E-8	2.70203390E+1	-1.35116516E+1	3.02103207E+1	-4.63691490E-1
5.36133611E+4	3.26560486E+1	4.34279179E-8	2.65879118E+1	-1.27019312E+1	2.94661863E+1	-4.45676117E-1
5.74878498E+4	3.15999694E+1	3.98789969E-8	2.61764166E+1	-1.19150812E+1	2.87606322E+1	-4.27156420E-1
6.16423370E+4	3.06026011E+1	3.64649581E-8	2.57857252E+1	-1.11448023E+1	2.80911064E+1	-4.07960194E-1
6.60970574E+4	2.96684513E+1	3.31758323E-8	2.54208186E+1	-1.03912601E+1	2.74626349E+1	-3.88043522E-1
7.08737081E+4	2.87934621E+1	3.00288262E-8	2.50759531E+1	-9.65505430E+0	2.68704951E+1	-3.67537051E-1
7.59955541E+4	2.79774623E+1	2.70229554E-8	2.47517582E+1	-8.93542563E+0	2.63152310E+1	-3.46442038E-1
8.14875417E+4	2.72140974E+1	2.41566071E-8	2.44446919E+1	-8.22783382E+0	2.57922512E+1	-3.24678502E-1
8.73764200E+4	2.65046748E+1	2.14204103E-8	2.41577199E+1	-7.52974535E+0	2.53040018E+1	-3.02147738E-1
9.36908711E+4	2.58488900E+1	1.88375095E-8	2.38862813E+1	-6.84685388E+0	2.48482164E+1	-2.79158788E-1
1.00461650E+5	2.52393878E+1	1.63838256E-8	2.36294736E+1	-6.16777233E+0	2.44211680E+1	-2.55323521E-1
1.07721735E+5	2.46796876E+1	1.40788735E-8	2.33862592E+1	-5.49985865E+0	2.40242704E+1	-2.30977598E-1
1.15506485E+5	2.41672124E+1	1.19004427E-8	2.31582885E+1	-4.83372978E+0	2.36573726E+1	-2.05771396E-1
1.23853818E+5	2.37008332E+1	9.86290163E-9	2.29416612E+1	-4.17332725E+0	2.33181579E+1	-1.79942785E-1
1.32804389E+5	2.32812447E+1	7.95375582E-9	2.27383627E+1	-3.51341685E+0	2.30082025E+1	-1.53302614E-1
1.42401793E+5	2.29042108E+1	6.17295093E-9	2.25434429E+1	-2.85183075E+0	2.27231109E+1	-1.25835361E-1
1.52692775E+5	2.25734664E+1	4.52066813E-9	2.23591505E+1	-2.18904397E+0	2.24660529E+1	-9.75927032E-2
1.63727458E+5	2.22877781E+1	2.98744776E-9	2.21836968E+1	-1.51950572E+0	2.22356765E+1	-6.83896877E-2
1.75559587E+5	2.20477357E+1	1.57617103E-9	2.20153855E+1	-8.43913524E-1	2.20315547E+1	-3.83141427E-2
1.88246790E+5	2.19050038E+1	3.97695670E-10	2.18831289E+1	-2.25568406E-1	2.18940617E+1	-1.03009182E-2
2.01850863E+5	2.17140373E+1	-8.98955018E-10	2.17007370E+1	5.37233744E-1	2.17073861E+1	2.47514248E-2
2.16438064E+5	2.16256388E+1	-1.97207407E-9	2.15531411E+1	1.25001807E+0	2.15893595E+1	5.79321255E-2
2.32079442E+5	2.15918467E+1	-2.93738472E-9	2.14087305E+1	1.97996759E+0	2.15000936E+1	9.22217805E-2
2.48851178E+5	2.16187922E+1	-3.79349100E-9	2.12690649E+1	2.72733424E+0	2.14432156E+1	1.27534134E-1
2.66834962E+5	2.17075163E+1	-4.54515148E-9	2.11293509E+1	3.49515923E+0	2.14164826E+1	1.63932826E-1
2.86118383E+5	2.18694282E+1	-5.20405100E-9	2.09907350E+1	4.29469420E+0	2.14255775E+1	2.01814231E-1
3.06795364E+5	2.21104242E+1	-5.76421375E-9	2.08518568E+1	5.12283630E+0	2.14719212E+1	2.40906515E-1
3.28966612E+5	2.24407829E+1	-6.22476241E-9	2.07139545E+1	5.98074709E+0	2.15600869E+1	2.81085842E-1
3.52740116E+5	2.28677166E+1	-6.59315962E-9	2.05707537E+1	6.87387053E+0	2.16888485E+1	3.22492040E-1
3.78231664E+5	2.34132037E+1	-6.86789026E-9	2.04298197E+1	7.80704157E+0	2.18707000E+1	3.65015192E-1
4.05565415E+5	2.40686681E+1	-7.05903082E-9	2.02692744E+1	8.77558109E+0	2.20874267E+1	4.08585013E-1
4.34874501E+5	2.48943178E+1	-7.16985361E-9	2.01108784E+1	9.80811077E+0	2.23751329E+1	4.53760643E-1
4.66301673E+5	2.58684832E+1	-7.20006083E-9	1.99327270E+1	1.08772904E+1	2.27074730E+1	4.99535769E-1
5.00000000E+5	2.70547725E+1	-7.15471009E-9	1.97508288E+1	1.20107748E+1	2.31161008E+1	5.46364970E-1
