Start time:20240907_09-07-50	sweep/start:500.000	sweep/stop:500000.000	sweep/samplecount:100.000	sweep/xmapping:1.000	sweep/scan:0.000	sweep/averaging/sample:10.000	sweep/settling/time:0.100	sweep/settling/inaccuracy:0.010	sweep/awgcontrol:0.000	sweep/averaging/time:0.100	sweep/averaging/tc:15.000	sweep/bandwidthcontrol:2.000	sweep/sincfilter:0.000	sweep/omegasuppression:80.000	sweep/maxbandwidth:100.000	sweep/bandwidth:1250000.000	sweep/order:8.000	sweep/bandwidthoverlap:1.000																				
Frequency	Param0		Param1		RealZ		ImagZ		AbsZ		PhaseZ		
5.00000000E+2	1.58387925E+3	7.64665969E-7	1.02335708E+2	-3.89377362E+2	4.02600711E+2	-1.31378970E+0
5.36133611E+2	1.42557282E+3	7.56165325E-7	1.00490495E+2	-3.64908338E+2	3.78492326E+2	-1.30207167E+0
5.74878498E+2	1.28498037E+3	7.47263128E-7	9.86200148E+1	-3.42050812E+2	3.55984093E+2	-1.29008953E+0
6.16423370E+2	1.15825788E+3	7.37759066E-7	9.68960735E+1	-3.20689427E+2	3.35008305E+2	-1.27736889E+0
6.60970574E+2	1.04486666E+3	7.27632952E-7	9.52526386E+1	-3.00754296E+2	3.15477765E+2	-1.26407834E+0
7.08737081E+2	9.43402963E+2	7.16882549E-7	9.36820010E+1	-2.82140873E+2	2.97287400E+2	-1.25021040E+0
7.59955541E+2	8.52543017E+2	7.05389587E-7	9.22098617E+1	-2.64783250E+2	2.80379801E+2	-1.23568444E+0
8.14875417E+2	7.71413534E+2	6.93236175E-7	9.07881559E+1	-2.48581358E+2	2.64641615E+2	-1.22062283E+0
8.73764200E+2	6.98981186E+2	6.80302373E-7	8.94378816E+1	-2.33487138E+2	2.50030760E+2	-1.20498449E+0
9.36908711E+2	6.34314613E+2	6.66663197E-7	8.81368336E+1	-2.19404567E+2	2.36445486E+2	-1.18881737E+0
1.00461650E+3	5.76713137E+2	6.52245840E-7	8.68843806E+1	-2.06297005E+2	2.23846716E+2	-1.17218130E+0
1.07721735E+3	5.25235175E+2	6.37243326E-7	8.56551480E+1	-1.94041950E+2	2.12106306E+2	-1.15509546E+0
1.15506485E+3	4.79464614E+2	6.21430453E-7	8.44729014E+1	-1.82663861E+2	2.01250488E+2	-1.13763736E+0
1.23853818E+3	4.38663805E+2	6.04985929E-7	8.33148479E+1	-1.72063474E+2	1.91173230E+2	-1.11986036E+0
1.32804389E+3	4.02376007E+2	5.87923512E-7	8.21738875E+1	-1.62210510E+2	1.81837285E+2	-1.10189227E+0
1.42401793E+3	3.70013674E+2	5.70337811E-7	8.10499599E+1	-1.53037560E+2	1.73175031E+2	-1.08374361E+0
1.52692775E+3	3.41212831E+2	5.52335212E-7	7.99227015E+1	-1.44509553E+2	1.65138274E+2	-1.06560551E+0
1.63727458E+3	3.15520906E+2	5.33976286E-7	7.88010100E+1	-1.36578790E+2	1.57681214E+2	-1.04748749E+0
1.75559587E+3	2.92633524E+2	5.15376952E-7	7.76705914E+1	-1.29214151E+2	1.50761460E+2	-1.02956859E+0
1.88246790E+3	2.72185476E+2	4.96631599E-7	7.65359300E+1	-1.22369193E+2	1.44332838E+2	-1.01187279E+0
2.01850863E+3	2.53937176E+2	4.77861203E-7	7.53853835E+1	-1.16018077E+2	1.38358775E+2	-9.94580885E-1
2.16438064E+3	2.37624135E+2	4.59201460E-7	7.42114758E+1	-1.10123087E+2	1.32794719E+2	-9.77805683E-1
2.32079442E+3	2.22948811E+2	4.40752799E-7	7.30210995E+1	-1.04632145E+2	1.27592974E+2	-9.61491912E-1
2.48851178E+3	2.09796357E+2	4.22643336E-7	7.17956622E+1	-9.95381856E+1	1.22729246E+2	-9.45925771E-1
2.66834962E+3	1.97959566E+2	4.04913898E-7	7.05480626E+1	-9.48084076E+1	1.18176408E+2	-9.31074273E-1
2.86118383E+3	1.87232377E+2	3.87658204E-7	6.92787656E+1	-9.03973450E+1	1.13891297E+2	-9.16893843E-1
3.06795364E+3	1.77519834E+2	3.71044239E-7	6.79595692E+1	-8.62882823E+1	1.09837020E+2	-9.03669972E-1
3.28966612E+3	1.68678951E+2	3.55008415E-7	6.66185169E+1	-8.24567421E+1	1.06005383E+2	-8.91244254E-1
3.52740116E+3	1.60586859E+2	3.39621918E-7	6.52499524E+1	-7.88715939E+1	1.02363493E+2	-8.79633184E-1
3.78231664E+3	1.53170445E+2	3.24971710E-7	6.38391473E+1	-7.55171076E+1	9.88851375E+1	-8.69002154E-1
4.05565415E+3	1.46300568E+2	3.11001885E-7	6.24066486E+1	-7.23570164E+1	9.55517024E+1	-8.59100111E-1
4.34874501E+3	1.39931527E+2	2.97747965E-7	6.09448869E+1	-6.93817807E+1	9.23477713E+1	-8.50044472E-1
4.66301673E+3	1.33990597E+2	2.85156700E-7	5.94676318E+1	-6.65710446E+1	8.92642333E+1	-8.41697599E-1
5.00000000E+3	1.28401842E+2	2.73258151E-7	5.79683336E+1	-6.38976739E+1	8.62742175E+1	-8.34014415E-1
5.36133611E+3	1.23155632E+2	2.61963863E-7	5.64641813E+1	-6.13651205E+1	8.33899386E+1	-8.26967754E-1
5.74878498E+3	1.18164646E+2	2.51302343E-7	5.49479665E+1	-5.89374911E+1	8.05785763E+1	-8.20414872E-1
6.16423370E+3	1.13426349E+2	2.41169116E-7	5.34397888E+1	-5.66186266E+1	7.78555073E+1	-8.14273322E-1
6.60970574E+3	1.08880965E+2	2.31561260E-7	5.19376960E+1	-5.43829208E+1	7.51999095E+1	-8.08392705E-1
7.08737081E+3	1.04526948E+2	2.22415458E-7	5.04520727E+1	-5.22320733E+1	7.26195646E+1	-8.02731146E-1
7.59955541E+3	1.00330176E+2	2.13708153E-7	4.89847172E+1	-5.01511983E+1	7.01045309E+1	-7.97164106E-1
8.14875417E+3	9.62694447E+1	2.05377431E-7	4.75459706E+1	-4.81311207E+1	6.76551856E+1	-7.91513973E-1
8.73764200E+3	9.23573583E+1	1.97422986E-7	4.61315389E+1	-4.61786540E+1	6.52731722E+1	-7.85908560E-1
9.36908711E+3	8.85615605E+1	1.89720415E-7	4.47664516E+1	-4.42781158E+1	6.29649646E+1	-7.79914046E-1
1.00461650E+4	8.48955785E+1	1.82320002E-7	4.34348237E+1	-4.24363110E+1	6.07241669E+1	-7.73770645E-1
1.07721735E+4	8.13456464E+1	1.75137973E-7	4.21520843E+1	-4.06459133E+1	5.85567119E+1	-7.67209259E-1
1.15506485E+4	7.79097961E+1	1.68161562E-7	4.09171481E+1	-3.89054434E+1	5.64610184E+1	-7.60201303E-1
1.23853818E+4	7.45878564E+1	1.61400237E-7	3.97239716E+1	-3.72146721E+1	5.44327642E+1	-7.52795434E-1
1.32804389E+4	7.13772449E+1	1.54778647E-7	3.85860774E+1	-3.55708093E+1	5.24801665E+1	-7.44759887E-1
1.42401793E+4	6.82832805E+1	1.48304330E-7	3.74983091E+1	-3.39762303E+1	5.06014574E+1	-7.36160603E-1
1.52692775E+4	6.53125622E+1	1.41950893E-7	3.64637548E+1	-3.24335544E+1	4.88010357E+1	-7.26968968E-1
1.63727458E+4	6.24531380E+1	1.35717523E-7	3.54787569E+1	-3.09356929E+1	4.70718549E+1	-7.17099830E-1
1.75559587E+4	5.97050620E+1	1.29579912E-7	3.45456714E+1	-2.94812934E+1	4.54153154E+1	-7.06465036E-1
1.88246790E+4	5.70795614E+1	1.23582467E-7	3.36528355E+1	-2.80780178E+1	4.38279456E+1	-6.95334064E-1
2.01850863E+4	5.45653925E+1	1.17656256E-7	3.28122603E+1	-2.67164526E+1	4.23132795E+1	-6.83352691E-1
2.16438064E+4	5.21898022E+1	1.11805391E-7	3.20244587E+1	-2.54122787E+1	4.08821482E+1	-6.70781614E-1
2.32079442E+4	4.99003689E+1	1.06058355E-7	3.12743803E+1	-2.41353566E+1	3.95044657E+1	-6.57263445E-1
2.48851178E+4	4.77288639E+1	1.00422242E-7	3.05631836E+1	-2.29049308E+1	3.81935245E+1	-6.43135303E-1
2.66834962E+4	4.56895467E+1	9.48780726E-8	2.98973276E+1	-2.17288908E+1	3.69593722E+1	-6.28476371E-1
2.86118383E+4	4.37475675E+1	8.93873323E-8	2.92780673E+1	-2.05824887E+1	3.57888834E+1	-6.12736673E-1
3.06795364E+4	4.19097522E+1	8.40354448E-8	2.86875030E+1	-1.94759636E+1	3.46739974E+1	-5.96424515E-1
3.28966612E+4	4.01943804E+1	7.87964906E-8	2.81363652E+1	-1.84192467E+1	3.36292097E+1	-5.79631583E-1
3.52740116E+4	3.85627312E+1	7.36926469E-8	2.76100479E+1	-1.73897663E+1	3.26300293E+1	-5.62068422E-1
3.78231664E+4	3.70364539E+1	6.86864932E-8	2.71231691E+1	-1.63975467E+1	3.16945730E+1	-5.43764708E-1
4.05565415E+4	3.56107096E+1	6.38352183E-8	2.66636054E+1	-1.54454518E+1	3.08141184E+1	-5.25038056E-1
4.34874501E+4	3.42736562E+1	5.90941192E-8	2.62379093E+1	-1.45203695E+1	2.99878153E+1	-5.05458895E-1
4.66301673E+4	3.30239021E+1	5.45187132E-8	2.58351603E+1	-1.36279951E+1	2.92092073E+1	-4.85403232E-1
5.00000000E+4	3.18583625E+1	5.01021215E-8	2.54570723E+1	-1.27655018E+1	2.84784238E+1	-4.64808584E-1
5.36133611E+4	3.07732716E+1	4.58426753E-8	2.51039065E+1	-1.19299282E+1	2.77944118E+1	-4.43629437E-1
5.74878498E+4	2.97647195E+1	4.17631985E-8	2.47707857E+1	-1.11222140E+1	2.71531855E+1	-4.22026423E-1
6.16423370E+4	2.88283801E+1	3.78433008E-8	2.44610882E+1	-1.03357970E+1	2.65551039E+1	-3.99785471E-1
6.60970574E+4	2.79624840E+1	3.41201621E-8	2.41681083E+1	-9.57616194E+0	2.59961601E+1	-3.77253315E-1
7.08737081E+4	2.71611933E+1	3.05641664E-8	2.38955419E+1	-8.83371363E+0	2.54760953E+1	-3.54098775E-1
7.59955541E+4	2.64231694E+1	2.72000004E-8	2.36391307E+1	-8.11247460E+0	2.49924139E+1	-3.30586143E-1
8.14875417E+4	2.57429046E+1	2.40174145E-8	2.33981798E+1	-7.40690795E+0	2.45425571E+1	-3.06578602E-1
8.73764200E+4	2.51201994E+1	2.10183551E-8	2.31731499E+1	-6.71708717E+0	2.41270418E+1	-2.82132972E-1
9.36908711E+4	2.45493719E+1	1.82006036E-8	2.29608447E+1	-6.03936372E+0	2.37418263E+1	-2.57202986E-1
1.00461650E+5	2.40296536E+1	1.55656987E-8	2.27608866E+1	-5.37384912E+0	2.33866676E+1	-2.31854296E-1
1.07721735E+5	2.35575964E+1	1.31017754E-8	2.25725226E+1	-4.71546373E+0	2.30598000E+1	-2.05941133E-1
1.15506485E+5	2.31339424E+1	1.08101257E-8	2.23961950E+1	-4.06481584E+0	2.27620800E+1	-1.79541436E-1
1.23853818E+5	2.27558432E+1	8.68711536E-9	2.22297646E+1	-3.41973640E+0	2.24912658E+1	-1.52639339E-1
1.32804389E+5	2.24213138E+1	6.72382830E-9	2.20720156E+1	-2.77658879E+0	2.22459790E+1	-1.25139478E-1
1.42401793E+5	2.21287744E+1	4.91578920E-9	2.19211130E+1	-2.13357799E+0	2.20246990E+1	-9.70242186E-2
1.52692775E+5	2.18817915E+1	3.25666621E-9	2.17799868E+1	-1.48905944E+0	2.18308298E+1	-6.82620225E-2
1.63727458E+5	2.16760199E+1	1.74136902E-9	2.16433855E+1	-8.40421134E-1	2.16596966E+1	-3.88108915E-2
1.75559587E+5	2.15149041E+1	3.63896232E-10	2.15132991E+1	-1.85792330E-1	2.15141016E+1	-8.63595310E-3
1.88246790E+5	2.14211255E+1	-8.72300478E-10	2.13965121E+1	4.73020038E-1	2.14088111E+1	2.20932424E-2
2.01850863E+5	2.13327431E+1	-2.00377769E-9	2.12702275E+1	1.15313155E+0	2.13014624E+1	5.41603893E-2
2.16438064E+5	2.13124273E+1	-3.00846560E-9	2.11516118E+1	1.84431401E+0	2.12318673E+1	8.69749923E-2
2.32079442E+5	2.13474561E+1	-3.89756756E-9	2.10377763E+1	2.55244338E+0	2.11920506E+1	1.20736563E-1
2.48851178E+5	2.14398138E+1	-4.67298695E-9	2.09262864E+1	3.27813821E+0	2.11814939E+1	1.55388845E-1
2.66834962E+5	2.15938572E+1	-5.34418792E-9	2.08146679E+1	4.02720767E+0	2.12006830E+1	1.91117853E-1
2.86118383E+5	2.18143148E+1	-5.91333116E-9	2.07010666E+1	4.80056272E+0	2.12504019E+1	2.27871496E-1
3.06795364E+5	2.21092315E+1	-6.38668058E-9	2.05841659E+1	5.60287266E+0	2.13330749E+1	2.65755005E-1
3.28966612E+5	2.24957479E+1	-6.76668003E-9	2.04693654E+1	6.44038879E+0	2.14586503E+1	3.04829178E-1
3.52740116E+5	2.29764400E+1	-7.05797887E-9	2.03478941E+1	7.31336389E+0	2.16222607E+1	3.45038729E-1
3.78231664E+5	2.35617317E+1	-7.26481043E-9	2.02163766E+1	8.22379646E+0	2.18250503E+1	3.86345135E-1
4.05565415E+5	2.42860368E+1	-7.38676635E-9	2.00880424E+1	9.18310110E+0	2.20875284E+1	4.28777802E-1
4.34874501E+5	2.51374510E+1	-7.43454554E-9	1.99383484E+1	1.01814180E+1	2.23874787E+1	4.72127353E-1
4.66301673E+5	2.61560385E+1	-7.41083037E-9	1.97772435E+1	1.12318512E+1	2.27441030E+1	5.16495479E-1
5.00000000E+5	2.73804248E+1	-7.32086130E-9	1.96056618E+1	1.23462046E+1	2.31691859E+1	5.61990853E-1
