Start time:20240908_08-29-56	sweep/start:500.000	sweep/stop:500000.000	sweep/samplecount:100.000	sweep/xmapping:1.000	sweep/scan:0.000	sweep/averaging/sample:10.000	sweep/settling/time:0.100	sweep/settling/inaccuracy:0.010	sweep/awgcontrol:0.000	sweep/averaging/time:0.100	sweep/averaging/tc:15.000	sweep/bandwidthcontrol:2.000	sweep/sincfilter:0.000	sweep/omegasuppression:80.000	sweep/maxbandwidth:100.000	sweep/bandwidth:1250000.000	sweep/order:8.000	sweep/bandwidthoverlap:1.000																				
Frequency	Param0		Param1		RealZ		ImagZ		AbsZ		PhaseZ		
5.00000000E+2	1.57681236E+3	8.02558676E-7	9.38261866E+1	-3.73018509E+2	3.84637711E+2	-1.32437604E+0
5.36133611E+2	1.41800206E+3	7.94434029E-7	9.20755853E+1	-3.49407172E+2	3.61335427E+2	-1.31313449E+0
5.74878498E+2	1.27567350E+3	7.85814964E-7	9.04036607E+1	-3.27341788E+2	3.39596045E+2	-1.30133795E+0
6.16423370E+2	1.14781262E+3	7.76631305E-7	8.88374907E+1	-3.06719146E+2	3.19325444E+2	-1.28887295E+0
6.60970574E+2	1.03325105E+3	7.66820133E-7	8.73610948E+1	-2.87461207E+2	3.00442855E+2	-1.27576019E+0
7.08737081E+2	9.30793631E+2	7.56330740E-7	8.59626239E+1	-2.69488131E+2	2.82866451E+2	-1.26201453E+0
7.59955541E+2	8.39227177E+2	7.45182761E-7	8.46247819E+1	-2.52701465E+2	2.66494629E+2	-1.24765400E+0
8.14875417E+2	7.57196682E+2	7.33281202E-7	8.33764626E+1	-2.37024744E+2	2.51261548E+2	-1.23255205E+0
8.73764200E+2	6.83926919E+2	7.20654321E-7	8.21843613E+1	-2.22382143E+2	2.37082450E+2	-1.21680025E+0
9.36908711E+2	6.18772438E+2	7.07234115E-7	8.10277192E+1	-2.08739588E+2	2.23914512E+2	-1.20052434E+0
1.00461650E+3	5.60477206E+2	6.92975913E-7	7.99479535E+1	-1.96003378E+2	2.11681365E+2	-1.18350620E+0
1.07721735E+3	5.08596682E+2	6.78033166E-7	7.88800056E+1	-1.84108793E+2	2.00295042E+2	-1.16601359E+0
1.15506485E+3	4.62305015E+2	6.62209844E-7	7.78747509E+1	-1.73024293E+2	1.89741624E+2	-1.14787599E+0
1.23853818E+3	4.21215696E+2	6.45586615E-7	7.68904250E+1	-1.62712366E+2	1.79965141E+2	-1.12934537E+0
1.32804389E+3	3.84584841E+2	6.28229472E-7	7.59376042E+1	-1.53094512E+2	1.70893095E+2	-1.11033955E+0
1.42401793E+3	3.51968572E+2	6.10145962E-7	7.50140437E+1	-1.44137011E+2	1.62488723E+2	-1.09093415E+0
1.52692775E+3	3.22989737E+2	5.91375052E-7	7.41116548E+1	-1.35811507E+2	1.54716848E+2	-1.07126434E+0
1.63727458E+3	2.97212596E+2	5.72037224E-7	7.32223089E+1	-1.28066721E+2	1.47521496E+2	-1.05140699E+0
1.75559587E+3	2.74283629E+2	5.52237401E-7	7.23389481E+1	-1.20865482E+2	1.40859463E+2	-1.03147467E+0
1.88246790E+3	2.53861928E+2	5.32065131E-7	7.14631659E+1	-1.14170016E+2	1.34691413E+2	-1.01152395E+0
2.01850863E+3	2.35693221E+2	5.11664325E-7	7.05816838E+1	-1.07952998E+2	1.28979161E+2	-9.91741321E-1
2.16438064E+3	2.19497811E+2	4.91138441E-7	6.96975286E+1	-1.02179788E+2	1.23686922E+2	-9.72180431E-1
2.32079442E+3	2.05042813E+2	4.70597667E-7	6.88108899E+1	-9.68206556E+1	1.18782061E+2	-9.52922110E-1
2.48851178E+3	1.92154829E+2	4.50217964E-7	6.79056741E+1	-9.18543531E+1	1.14229606E+2	-9.34194296E-1
2.66834962E+3	1.80620099E+2	4.30121514E-7	6.69825982E+1	-8.72452556E+1	1.09992742E+2	-9.16031276E-1
2.86118383E+3	1.70267360E+2	4.10391258E-7	6.60459951E+1	-8.29662789E+1	1.06044694E+2	-8.98463483E-1
3.06795364E+3	1.60990065E+2	3.91188254E-7	6.50790685E+1	-7.90050498E+1	1.02357624E+2	-8.81750626E-1
3.28966612E+3	1.52620775E+2	3.72575589E-7	6.40886744E+1	-7.53253258E+1	9.89002680E+1	-8.65823472E-1
3.52740116E+3	1.45062233E+2	3.54641565E-7	6.30693805E+1	-7.19113209E+1	9.56503266E+1	-8.50809930E-1
3.78231664E+3	1.38180917E+2	3.37469115E-7	6.20169063E+1	-6.87274046E+1	9.25718796E+1	-8.36678521E-1
4.05565415E+3	1.31935956E+2	3.21068517E-7	6.09345484E+1	-6.57756652E+1	8.96630225E+1	-8.23585791E-1
4.34874501E+3	1.26189056E+2	3.05519753E-7	5.98134548E+1	-6.30091549E+1	8.68780937E+1	-8.11411126E-1
4.66301673E+3	1.20916574E+2	2.90676915E-7	5.86848076E+1	-6.04322654E+1	8.42375545E+1	-8.00067198E-1
5.00000000E+3	1.16030393E+2	2.76769106E-7	5.75023453E+1	-5.80129277E+1	8.16824314E+1	-7.89818180E-1
5.36133611E+3	1.11493574E+2	2.63553364E-7	5.63152421E+1	-5.57438874E+1	7.92388008E+1	-7.80299514E-1
5.74878498E+3	1.07226219E+2	2.51146336E-7	5.50961196E+1	-5.35925934E+1	7.68618795E+1	-7.71565725E-1
6.16423370E+3	1.03220272E+2	2.39516623E-7	5.38476611E+1	-5.15616088E+1	7.45531366E+1	-7.63714169E-1
6.60970574E+3	9.94187201E+1	2.28541050E-7	5.25911606E+1	-4.96257552E+1	7.23086842E+1	-7.56395389E-1
7.08737081E+3	9.57973199E+1	2.18204770E-7	5.13247574E+1	-4.77759709E+1	7.01197131E+1	-7.49603565E-1
7.59955541E+3	9.23338499E+1	2.08469236E-7	5.00515041E+1	-4.60032059E+1	6.79812331E+1	-7.43277338E-1
8.14875417E+3	8.90042194E+1	1.99279404E-7	4.87778488E+1	-4.42962267E+1	6.58895614E+1	-7.37284189E-1
8.73764200E+3	8.57981390E+1	1.90568458E-7	4.75135749E+1	-4.26501634E+1	6.38480718E+1	-7.31510615E-1
9.36908711E+3	8.26846793E+1	1.82313168E-7	4.62576373E+1	-4.10491028E+1	6.18449503E+1	-7.25810913E-1
1.00461650E+4	7.96761609E+1	1.74452776E-7	4.50200912E+1	-3.94996116E+1	5.98918023E+1	-7.20174915E-1
1.07721735E+4	7.67560855E+1	1.66934224E-7	4.38077374E+1	-3.79920060E+1	5.79871573E+1	-7.14420411E-1
1.15506485E+4	7.39241957E+1	1.59734887E-7	4.26218226E+1	-3.65262108E+1	5.61318439E+1	-7.08534570E-1
1.23853818E+4	7.11618596E+1	1.52822865E-7	4.14641659E+1	-3.50911669E+1	5.43200433E+1	-7.02342707E-1
1.32804389E+4	6.84843955E+1	1.46169673E-7	4.03389936E+1	-3.36950607E+1	5.25603611E+1	-6.95896343E-1
1.42401793E+4	6.58838228E+1	1.39717372E-7	3.92552894E+1	-3.23312645E+1	5.08555649E+1	-6.88975681E-1
1.52692775E+4	6.33567521E+1	1.33468087E-7	3.82088644E+1	-3.09979339E+1	4.92015185E+1	-6.81578844E-1
1.63727458E+4	6.09136847E+1	1.27464757E-7	3.71881050E+1	-2.97036837E+1	4.75947928E+1	-6.73973114E-1
1.75559587E+4	5.85344801E+1	1.21552589E-7	3.62224666E+1	-2.84287778E+1	4.60463132E+1	-6.65427415E-1
1.88246790E+4	5.62629488E+1	1.15823173E-7	3.52947505E+1	-2.72041676E+1	4.45621647E+1	-6.56662503E-1
2.01850863E+4	5.40696798E+1	1.10217296E-7	3.44118309E+1	-2.60088814E+1	4.31350952E+1	-6.47210547E-1
2.16438064E+4	5.19436557E+1	1.04749778E-7	3.35657890E+1	-2.48368118E+1	4.17555943E+1	-6.37034336E-1
2.32079442E+4	4.99065819E+1	9.93921954E-8	3.27646783E+1	-2.36991259E+1	4.04372720E+1	-6.26201714E-1
2.48851178E+4	4.79554306E+1	9.41578305E-8	3.20031961E+1	-2.25946919E+1	3.91755824E+1	-6.14750669E-1
2.66834962E+4	4.60799327E+1	8.91010286E-8	3.12651598E+1	-2.15217514E+1	3.79565055E+1	-6.02872521E-1
2.86118383E+4	4.42874123E+1	8.41128636E-8	3.05752307E+1	-2.04756648E+1	3.67980674E+1	-5.90086864E-1
3.06795364E+4	4.25793849E+1	7.92454568E-8	2.99209456E+1	-1.94615622E+1	3.56933528E+1	-5.76679365E-1
3.28966612E+4	4.09483183E+1	7.44831442E-8	2.93027638E+1	-1.84728682E+1	3.46395566E+1	-5.62482942E-1
3.52740116E+4	3.94080469E+1	6.98513325E-8	2.87186586E+1	-1.75209817E+1	3.36414361E+1	-5.47805994E-1
3.78231664E+4	3.79304469E+1	6.53359009E-8	2.81621109E+1	-1.65860413E+1	3.26833505E+1	-5.32253989E-1
4.05565415E+4	3.65416855E+1	6.09293656E-8	2.76434433E+1	-1.56836839E+1	3.17826680E+1	-5.16070908E-1
4.34874501E+4	3.52212354E+1	5.66660643E-8	2.71475242E+1	-1.48047693E+1	3.09219877E+1	-4.99262371E-1
4.66301673E+4	3.39766679E+1	5.25068769E-8	2.66859488E+1	-1.39484656E+1	3.01114531E+1	-4.81634020E-1
5.00000000E+4	3.28117871E+1	4.84963506E-8	2.62513910E+1	-1.31232411E+1	2.93488507E+1	-4.63572810E-1
5.36133611E+4	3.17070767E+1	4.46228705E-8	2.58377540E+1	-1.23146297E+1	2.86223627E+1	-4.44764218E-1
5.74878498E+4	3.06707971E+1	4.08830410E-8	2.54500064E+1	-1.15268881E+1	2.79387183E+1	-4.25281867E-1
6.16423370E+4	2.97014615E+1	3.72937671E-8	2.50845422E+1	-1.07616586E+1	2.72955594E+1	-4.05266930E-1
6.60970574E+4	2.87935594E+1	3.38426832E-8	2.47415438E+1	-1.00126476E+1	2.66907682E+1	-3.84542658E-1
7.08737081E+4	2.79469027E+1	3.05444208E-8	2.44184852E+1	-9.28216571E+0	2.61231895E+1	-3.63259417E-1
7.59955541E+4	2.71604442E+1	2.73928049E-8	2.41167460E+1	-8.56761856E+0	2.55933885E+1	-3.41349526E-1
8.14875417E+4	2.64264147E+1	2.43910563E-8	2.38309169E+1	-7.86467311E+0	2.50951328E+1	-3.18765370E-1
8.73764200E+4	2.57483687E+1	2.15444747E-8	2.35628830E+1	-7.17609432E+0	2.46313986E+1	-2.95626580E-1
9.36908711E+4	2.51210517E+1	1.88477984E-8	2.33101442E+1	-6.49711469E+0	2.41986640E+1	-2.71825799E-1
1.00461650E+5	2.45419869E+1	1.63064402E-8	2.30698666E+1	-5.82765899E+0	2.37945448E+1	-2.47432807E-1
1.07721735E+5	2.40142630E+1	1.39131832E-8	2.28459294E+1	-5.16639727E+0	2.34228127E+1	-2.22400028E-1
1.15506485E+5	2.35341886E+1	1.16607137E-8	2.26362915E+1	-4.50833186E+0	2.30808742E+1	-1.96591476E-1
1.23853818E+5	2.30981653E+1	9.56175788E-9	2.24354247E+1	-3.85601573E+0	2.27643833E+1	-1.70208766E-1
1.32804389E+5	2.27072220E+1	7.59656491E-9	2.22463172E+1	-3.20207467E+0	2.24755881E+1	-1.42955457E-1
1.42401793E+5	2.23639381E+1	5.77111384E-9	2.20696301E+1	-2.54858022E+0	2.22162968E+1	-1.14969811E-1
1.52692775E+5	2.20635112E+1	4.08574722E-9	2.18997058E+1	-1.89401205E+0	2.19814559E+1	-8.62710630E-2
1.63727458E+5	2.18074828E+1	2.52904069E-9	2.17375086E+1	-1.23331071E+0	2.17724676E+1	-5.66757640E-2
1.75559587E+5	2.16000429E+1	1.10310656E-9	2.15851313E+1	-5.67324113E-1	2.15925858E+1	-2.62770462E-2
1.88246790E+5	2.14569496E+1	-2.47098775E-10	2.14385819E+1	1.33529241E-1	2.14477627E+1	6.24715377E-3
2.01850863E+5	2.13258027E+1	-1.39016227E-9	2.12956962E+1	8.00706324E-1	2.13107442E+1	3.75817375E-2
2.16438064E+5	2.12669721E+1	-2.45474401E-9	2.11603183E+1	1.50226860E+0	2.12135782E+1	7.08756933E-2
2.32079442E+5	2.12632068E+1	-3.41377220E-9	2.10276199E+1	2.22571749E+0	2.11450852E+1	1.05454666E-1
2.48851178E+5	2.13185694E+1	-4.25386071E-9	2.08983895E+1	2.96328691E+0	2.11074339E+1	1.40855989E-1
2.66834962E+5	2.14434322E+1	-4.98744457E-9	2.07754826E+1	3.72516886E+0	2.11068153E+1	1.77420654E-1
2.86118383E+5	2.16311542E+1	-5.62465823E-9	2.06435388E+1	4.51528860E+0	2.11315776E+1	2.15335270E-1
3.06795364E+5	2.19015104E+1	-6.15645366E-9	2.05155520E+1	5.33232385E+0	2.11972067E+1	2.54289546E-1
3.28966612E+5	2.22590770E+1	-6.58768613E-9	2.03863116E+1	6.17888736E+0	2.13021235E+1	2.94289262E-1
3.52740116E+5	2.27200245E+1	-6.92875943E-9	2.02544424E+1	7.06674357E+0	2.14518394E+1	3.35693103E-1
3.78231664E+5	2.32914275E+1	-7.17580723E-9	2.01175816E+1	7.99061564E+0	2.16464124E+1	3.78086501E-1
4.05565415E+5	2.39863907E+1	-7.33148575E-9	1.99751005E+1	8.95130155E+0	2.18890508E+1	4.21292051E-1
4.34874501E+5	2.48384445E+1	-7.41370792E-9	1.98205310E+1	9.97283839E+0	2.21880850E+1	4.66170021E-1
4.66301673E+5	2.58546889E+1	-7.41151369E-9	1.96583703E+1	1.10367220E+1	2.25446441E+1	5.11573444E-1
5.00000000E+5	2.70697713E+1	-7.34179874E-9	1.94770475E+1	1.21607360E+1	2.29616882E+1	5.58140643E-1
