Start time:20240904_20-46-26	sweep/start:500.000	sweep/stop:500000.000	sweep/samplecount:100.000	sweep/xmapping:1.000	sweep/scan:0.000	sweep/averaging/sample:10.000	sweep/settling/time:0.100	sweep/settling/inaccuracy:0.010	sweep/awgcontrol:0.000	sweep/averaging/time:0.100	sweep/averaging/tc:15.000	sweep/bandwidthcontrol:2.000	sweep/sincfilter:0.000	sweep/omegasuppression:80.000	sweep/maxbandwidth:100.000	sweep/bandwidth:1250000.000	sweep/order:8.000	sweep/bandwidthoverlap:1.000																				
Frequency	Param0		Param1		RealZ		ImagZ		AbsZ		PhaseZ		
5.00000000E+2	1.22138288E+3	7.61070519E-7	1.28187248E+2	-3.74344333E+2	3.95683783E+2	-1.24088001E+0
5.36133611E+2	1.10583826E+3	7.48332881E-7	1.26078530E+2	-3.51463483E+2	3.73393071E+2	-1.22637046E+0
5.74878498E+2	1.00172529E+3	7.34889149E-7	1.24121212E+2	-3.30044239E+2	3.52612089E+2	-1.21108398E+0
6.16423370E+2	9.08727987E+2	7.20646245E-7	1.22251912E+2	-3.10077675E+2	3.33307215E+2	-1.19524609E+0
6.60970574E+2	8.25769147E+2	7.05680721E-7	1.20431346E+2	-2.91452794E+2	3.15354479E+2	-1.17895375E+0
7.08737081E+2	7.51742232E+2	6.89889939E-7	1.18689544E+2	-2.74110725E+2	2.98703707E+2	-1.16217041E+0
7.59955541E+2	6.85556556E+2	6.73389594E-7	1.17007246E+2	-2.57923182E+2	2.83222645E+2	-1.14490995E+0
8.14875417E+2	6.26735059E+2	6.56111261E-7	1.15364179E+2	-2.42886505E+2	2.68891713E+2	-1.12737121E+0
8.73764200E+2	5.74198397E+2	6.38196193E-7	1.13760303E+2	-2.28865822E+2	2.55579681E+2	-1.10950260E+0
9.36908711E+2	5.27490444E+2	6.19644534E-7	1.12177711E+2	-2.15844428E+2	2.43254310E+2	-1.09150094E+0
1.00461650E+3	4.85673650E+2	6.00529952E-7	1.10647742E+2	-2.03705088E+2	2.31816063E+2	-1.07320727E+0
1.07721735E+3	4.48571928E+2	5.81063372E-7	1.09081293E+2	-1.92437185E+2	2.21203075E+2	-1.05511537E+0
1.15506485E+3	4.15423041E+2	5.61222805E-7	1.07538442E+2	-1.81959956E+2	2.11362114E+2	-1.03702032E+0
1.23853818E+3	3.85815929E+2	5.41111277E-7	1.06009661E+2	-1.72227066E+2	2.02238008E+2	-1.01904122E+0
1.32804389E+3	3.59403322E+2	5.20884349E-7	1.04470622E+2	-1.63196124E+2	1.93770706E+2	-1.00137402E+0
1.42401793E+3	3.35797311E+2	5.00700028E-7	1.02908020E+2	-1.54810120E+2	1.85893073E+2	-9.84130817E-1
1.52692775E+3	3.14680565E+2	4.80679200E-7	1.01315535E+2	-1.47027857E+2	1.78555394E+2	-9.67429602E-1
1.63727458E+3	2.95733599E+2	4.60884371E-7	9.97071960E+1	-1.39804299E+2	1.71717114E+2	-9.51271963E-1
1.75559587E+3	2.78709387E+2	4.41448989E-7	9.80704685E+1	-1.33098996E+2	1.65327432E+2	-9.35781649E-1
1.88246790E+3	2.63386143E+2	4.22543065E-7	9.63803986E+1	-1.26870324E+2	1.59327527E+2	-9.21130996E-1
2.01850863E+3	2.49581886E+2	4.04167516E-7	9.46568067E+1	-1.21097946E+2	1.53703038E+2	-9.07341933E-1
2.16438064E+3	2.37046645E+2	3.86416863E-7	9.28976656E+1	-1.15719934E+2	1.48395012E+2	-8.94362476E-1
2.32079442E+3	2.25679587E+2	3.69392246E-7	9.10834421E+1	-1.10722535E+2	1.43372499E+2	-8.82409389E-1
2.48851178E+3	2.15264712E+2	3.53118729E-7	8.92243419E+1	-1.06046540E+2	1.38588788E+2	-8.71334007E-1
2.66834962E+3	2.05768088E+2	3.37621522E-7	8.73145419E+1	-1.01699148E+2	1.34039345E+2	-8.61355262E-1
2.86118383E+3	1.96979471E+2	3.22909460E-7	8.53634338E+1	-9.76111049E+1	1.29672062E+2	-8.52234940E-1
3.06795364E+3	1.88842501E+2	3.08945898E-7	8.33815554E+1	-9.37736490E+1	1.25482992E+2	-8.43991968E-1
3.28966612E+3	1.81273979E+2	2.95801336E-7	8.13476858E+1	-9.01597011E+1	1.21434007E+2	-8.36732829E-1
3.52740116E+3	1.74185139E+2	2.83353638E-7	7.92975929E+1	-8.67430321E+1	1.17526431E+2	-8.30209217E-1
3.78231664E+3	1.67496696E+2	2.71655560E-7	7.72123973E+1	-8.34929139E+1	1.13722562E+2	-8.24459233E-1
4.05565415E+3	1.61165836E+2	2.60650375E-7	7.51043049E+1	-8.03964590E+1	1.10019306E+2	-8.19418013E-1
4.34874501E+3	1.55145493E+2	2.50213002E-7	7.30066911E+1	-7.74382458E+1	1.06426778E+2	-8.14845971E-1
4.66301673E+3	1.49379250E+2	2.40417865E-7	7.08915011E+1	-7.45929889E+1	1.02906361E+2	-8.10835168E-1
5.00000000E+3	1.43812576E+2	2.31155407E-7	6.87871137E+1	-7.18386001E+1	9.94608050E+1	-8.07094105E-1
5.36133611E+3	1.38493191E+2	2.22327714E-7	6.67165262E+1	-6.92003582E+1	9.61237979E+1	-8.03670769E-1
5.74878498E+3	1.33337448E+2	2.13977561E-7	6.46619820E+1	-6.66385140E+1	9.28539905E+1	-8.00450528E-1
6.16423370E+3	1.28333433E+2	2.06058431E-7	6.26320172E+1	-6.41483593E+1	8.96536763E+1	-7.97357978E-1
6.60970574E+3	1.23472145E+2	1.98476360E-7	6.06501712E+1	-6.17265199E+1	8.65367357E+1	-7.94193311E-1
7.08737081E+3	1.18759736E+2	1.91203582E-7	5.87194656E+1	-5.93761944E+1	8.35075337E+1	-7.90959096E-1
7.59955541E+3	1.14163136E+2	1.84229864E-7	5.68378917E+1	-5.70810467E+1	8.05530377E+1	-7.87532617E-1
8.14875417E+3	1.09689334E+2	1.77520031E-7	5.50110022E+1	-5.48444125E+1	7.76795988E+1	-7.83881722E-1
8.73764200E+3	1.05351718E+2	1.70991372E-7	5.32592507E+1	-5.26726270E+1	7.49062981E+1	-7.79860474E-1
9.36908711E+3	1.01131508E+2	1.64708062E-7	5.15578032E+1	-5.05560206E+1	7.22088523E+1	-7.75588027E-1
1.00461650E+4	9.70291909E+1	1.58588031E-7	4.99269806E+1	-4.84940307E+1	6.96015407E+1	-7.70839803E-1
1.07721735E+4	9.30527015E+1	1.52630805E-7	4.83622218E+1	-4.64901150E+1	6.70837934E+1	-7.65663662E-1
1.15506485E+4	8.92007202E+1	1.46817939E-7	4.68645325E+1	-4.45428492E+1	6.46556257E+1	-7.60004324E-1
1.23853818E+4	8.54796589E+1	1.41137005E-7	4.54334406E+1	-4.26548633E+1	6.23188169E+1	-7.53865524E-1
1.32804389E+4	8.18728240E+1	1.35574273E-7	4.40682424E+1	-4.08164351E+1	6.00665582E+1	-7.47108352E-1
1.42401793E+4	7.84004602E+1	1.30128244E-7	4.27660238E+1	-3.90377129E+1	5.79040231E+1	-7.39853388E-1
1.52692775E+4	7.50545999E+1	1.24756367E-7	4.15353347E+1	-3.73126454E+1	5.58338406E+1	-7.31894467E-1
1.63727458E+4	7.18337901E+1	1.19533680E-7	4.03501019E+1	-3.56422420E+1	5.38377236E+1	-7.23525479E-1
1.75559587E+4	6.87310787E+1	1.14380660E-7	3.92299565E+1	-3.40195001E+1	5.19260691E+1	-7.14384646E-1
1.88246790E+4	6.57860622E+1	1.09271354E-7	3.81827019E+1	-3.24649081E+1	5.01187524E+1	-7.04640221E-1
2.01850863E+4	6.29496867E+1	1.04267793E-7	3.71831923E+1	-3.09528609E+1	4.83804706E+1	-6.94212150E-1
2.16438064E+4	6.02343393E+1	9.93749183E-8	3.62284220E+1	-2.94906060E+1	4.67139679E+1	-6.83230597E-1
2.32079442E+4	5.76653186E+1	9.45231957E-8	3.53397392E+1	-2.80887746E+1	4.51428507E+1	-6.71575119E-1
2.48851178E+4	5.51938366E+1	8.97980412E-8	3.44841421E+1	-2.67236666E+1	4.36269581E+1	-6.59282147E-1
2.66834962E+4	5.28505336E+1	8.51299269E-8	3.36843165E+1	-2.54086650E+1	4.21928176E+1	-6.46258503E-1
2.86118383E+4	5.06123705E+1	8.05816279E-8	3.29170728E+1	-2.41345622E+1	4.08167977E+1	-6.32657486E-1
3.06795364E+4	4.85061718E+1	7.60910100E-8	3.22044388E+1	-2.29126184E+1	3.95235881E+1	-6.18385144E-1
3.28966612E+4	4.65122493E+1	7.17031421E-8	3.15295000E+1	-2.17347310E+1	3.82950120E+1	-6.03539711E-1
3.52740116E+4	4.46193116E+1	6.74143306E-8	3.08902449E+1	-2.05935457E+1	3.71254822E+1	-5.88003704E-1
3.78231664E+4	4.28322709E+1	6.32295278E-8	3.02863101E+1	-1.94928359E+1	3.60170984E+1	-5.71876191E-1
4.05565415E+4	4.11655917E+1	5.91486745E-8	2.97228349E+1	-1.84420990E+1	3.49793945E+1	-5.55334463E-1
4.34874501E+4	3.95783930E+1	5.51739317E-8	2.91872200E+1	-1.74152056E+1	3.39879868E+1	-5.37969060E-1
4.66301673E+4	3.80942244E+1	5.13162694E-8	2.86846224E+1	-1.64289629E+1	3.30562918E+1	-5.20137652E-1
5.00000000E+4	3.66937085E+1	4.75865513E-8	2.82059625E+1	-1.54727176E+1	3.21711261E+1	-5.01738471E-1
5.36133611E+4	3.53805149E+1	4.39743353E-8	2.77563120E+1	-1.45471558E+1	3.13373995E+1	-4.82743259E-1
5.74878498E+4	3.41511840E+1	4.04962972E-8	2.73308307E+1	-1.36530548E+1	3.05512721E+1	-4.63285741E-1
6.16423370E+4	3.30003056E+1	3.71464922E-8	2.69298253E+1	-1.27858107E+1	2.98109453E+1	-4.43270885E-1
6.60970574E+4	3.19220860E+1	3.39330239E-8	2.65492465E+1	-1.19434011E+1	2.91119791E+1	-4.22736149E-1
7.08737081E+4	3.09156951E+1	3.08531098E-8	2.61904074E+1	-1.11246214E+1	2.84551340E+1	-4.01666825E-1
7.59955541E+4	2.99769447E+1	2.79101272E-8	2.58510947E+1	-1.03275229E+1	2.78376873E+1	-3.80075621E-1
8.14875417E+4	2.91004343E+1	2.51033313E-8	2.55290362E+1	-9.54852569E+0	2.72563027E+1	-3.57916563E-1
8.73764200E+4	2.82868445E+1	2.24292602E-8	2.52262874E+1	-8.78672217E+0	2.67127698E+1	-3.35173905E-1
9.36908711E+4	2.75284675E+1	1.98909433E-8	2.49373908E+1	-8.03832507E+0	2.62009189E+1	-3.11824378E-1
1.00461650E+5	2.68262372E+1	1.74902694E-8	2.46629328E+1	-7.30434268E+0	2.57218523E+1	-2.87936430E-1
1.07721735E+5	2.61771213E+1	1.52116488E-8	2.44044360E+1	-6.57733795E+0	2.52752424E+1	-2.63258830E-1
1.15506485E+5	2.55806279E+1	1.30681231E-8	2.41586463E+1	-5.86115554E+0	2.48594719E+1	-2.38012397E-1
1.23853818E+5	2.50340906E+1	1.10537835E-8	2.39246362E+1	-5.15201806E+0	2.44730773E+1	-2.12104587E-1
1.32804389E+5	2.45375282E+1	9.15897153E-9	2.37039157E+1	-4.44518446E+0	2.41171203E+1	-1.85376484E-1
1.42401793E+5	2.40864452E+1	7.39054248E-9	2.34905338E+1	-3.74142656E+0	2.37866235E+1	-1.57947109E-1
1.52692775E+5	2.36842976E+1	5.73615238E-9	2.32886544E+1	-3.03545589E+0	2.34856428E+1	-1.29609876E-1
1.63727458E+5	2.33312844E+1	4.19708377E-9	2.30968995E+1	-2.32670517E+0	2.32137962E+1	-1.00397993E-1
1.75559587E+5	2.30259362E+1	2.77183115E-9	2.29123700E+1	-1.61308968E+0	2.29690829E+1	-7.02865935E-2
1.88246790E+5	2.27790905E+1	1.41480029E-9	2.27367745E+1	-8.66334618E-1	2.27579154E+1	-3.80846113E-2
2.01850863E+5	2.25671052E+1	2.50459981E-10	2.25659453E+1	-1.61762536E-1	2.25665253E+1	-7.16831540E-3
2.16438064E+5	2.24178209E+1	-8.54038533E-10	2.24026336E+1	5.83288512E-1	2.24102260E+1	2.60307241E-2
2.32079442E+5	2.23237734E+1	-1.85332202E-9	2.22428146E+1	1.34191441E+0	2.22832572E+1	6.02572035E-2
2.48851178E+5	2.22886173E+1	-2.75595269E-9	2.20848915E+1	2.12114208E+0	2.21865206E+1	9.57512323E-2
2.66834962E+5	2.23222405E+1	-3.55495725E-9	2.19339916E+1	2.91818105E+0	2.21272645E+1	1.32267038E-1
2.86118383E+5	2.24218277E+1	-4.26211784E-9	2.17790172E+1	3.74162510E+0	2.20980852E+1	1.70138641E-1
3.06795364E+5	2.26038490E+1	-4.87582578E-9	2.16276717E+1	4.59482486E+0	2.21103737E+1	2.09338708E-1
3.28966612E+5	2.28754875E+1	-5.39546704E-9	2.14776711E+1	5.47921269E+0	2.21655632E+1	2.49784205E-1
3.52740116E+5	2.32325398E+1	-5.82150612E-9	2.13171256E+1	6.38991805E+0	2.22542347E+1	2.91232166E-1
3.78231664E+5	2.37119137E+1	-6.16506227E-9	2.11582483E+1	7.35057852E+0	2.23987176E+1	3.34365227E-1
4.05565415E+5	2.43113170E+1	-6.41582022E-9	2.09945808E+1	8.34466057E+0	2.25921644E+1	3.78321093E-1
4.34874501E+5	2.50535734E+1	-6.59246846E-9	2.08143508E+1	9.39343065E+0	2.28358018E+1	4.23931064E-1
4.66301673E+5	2.59629957E+1	-6.68377225E-9	2.06302365E+1	1.04888409E+1	2.31435235E+1	4.70361395E-1
5.00000000E+5	2.70577636E+1	-6.69835115E-9	2.04332154E+1	1.16344572E+1	2.35133379E+1	5.17607603E-1
