Start time:20240909_04-02-38	sweep/start:500.000	sweep/stop:500000.000	sweep/samplecount:100.000	sweep/xmapping:1.000	sweep/scan:0.000	sweep/averaging/sample:10.000	sweep/settling/time:0.100	sweep/settling/inaccuracy:0.010	sweep/awgcontrol:0.000	sweep/averaging/time:0.100	sweep/averaging/tc:15.000	sweep/bandwidthcontrol:2.000	sweep/sincfilter:0.000	sweep/omegasuppression:80.000	sweep/maxbandwidth:100.000	sweep/bandwidth:1250000.000	sweep/order:8.000	sweep/bandwidthoverlap:1.000																				
Frequency	Param0		Param1		RealZ		ImagZ		AbsZ		PhaseZ		
5.00000000E+2	1.47519710E+3	8.60930823E-7	8.71878963E+1	-3.47875747E+2	3.58635287E+2	-1.32522535E+0
5.36133611E+2	1.32141024E+3	8.52376299E-7	8.58278174E+1	-3.25649015E+2	3.36769505E+2	-1.31309727E+0
5.74878498E+2	1.18480197E+3	8.43104944E-7	8.45160344E+1	-3.04945490E+2	3.16440699E+2	-1.30043118E+0
6.16423370E+2	1.06243985E+3	8.33272034E-7	8.32822696E+1	-2.85563336E+2	2.97459844E+2	-1.28702493E+0
6.60970574E+2	9.53814715E+2	8.22494503E-7	8.21195921E+1	-2.67550383E+2	2.79869323E+2	-1.27299271E+0
7.08737081E+2	8.56734931E+2	8.10999651E-7	8.10277338E+1	-2.50706517E+2	2.63475340E+2	-1.25819553E+0
7.59955541E+2	7.70337870E+2	7.98763061E-7	7.99731399E+1	-2.34969408E+2	2.48206219E+2	-1.24273916E+0
8.14875417E+2	6.93629998E+2	7.85627583E-7	7.89605835E+1	-2.20305790E+2	2.34028666E+2	-1.22664588E+0
8.73764200E+2	6.25351777E+2	7.71542525E-7	7.80086902E+1	-2.06633743E+2	2.20868425E+2	-1.20981681E+0
9.36908711E+2	5.64770530E+2	7.56602134E-7	7.70752808E+1	-1.93879452E+2	2.08638064E+2	-1.19241046E+0
1.00461650E+3	5.10928225E+2	7.40712712E-7	7.61825655E+1	-1.81989101E+2	1.97291199E+2	-1.17434999E+0
1.07721735E+3	4.63170509E+2	7.23925887E-7	7.53080495E+1	-1.70906868E+2	1.86763115E+2	-1.15575512E+0
1.15506485E+3	4.20733439E+2	7.06251195E-7	7.44587678E+1	-1.60571420E+2	1.76995169E+2	-1.13659884E+0
1.23853818E+3	3.83142792E+2	6.87602617E-7	7.36367022E+1	-1.50966901E+2	1.67968359E+2	-1.11698276E+0
1.32804389E+3	3.49702284E+2	6.68198470E-7	7.28269092E+1	-1.41999913E+2	1.59586135E+2	-1.09690907E+0
1.42401793E+3	3.20065845E+2	6.47967347E-7	7.20332792E+1	-1.33665993E+2	1.51840019E+2	-1.07651120E+0
1.52692775E+3	2.93749536E+2	6.27065677E-7	7.12459122E+1	-1.25906600E+2	1.44666694E+2	-1.05585570E+0
1.63727458E+3	2.70378183E+2	6.05579036E-7	7.04626319E+1	-1.18686879E+2	1.38027381E+2	-1.03503307E+0
1.75559587E+3	2.49580940E+2	5.83554548E-7	6.96951180E+1	-1.11969475E+2	1.31888486E+2	-1.01403463E+0
1.88246790E+3	2.31150297E+2	5.61242990E-7	6.89067514E+1	-1.05733983E+2	1.26205450E+2	-9.93227523E-1
2.01850863E+3	2.14713818E+2	5.38684749E-7	6.81232894E+1	-9.99311189E+1	1.20942181E+2	-9.72456437E-1
2.16438064E+3	2.00068146E+2	5.16035359E-7	6.73346600E+1	-9.45386888E+1	1.16066878E+2	-9.51899766E-1
2.32079442E+3	1.87028746E+2	4.93475326E-7	6.65284528E+1	-8.95360131E+1	1.11546998E+2	-9.31767301E-1
2.48851178E+3	1.75375798E+2	4.71063996E-7	6.57195993E+1	-8.48914661E+1	1.07357472E+2	-9.12011107E-1
2.66834962E+3	1.64951798E+2	4.49005895E-7	6.48924598E+1	-8.05797511E+1	1.03460755E+2	-8.92820080E-1
2.86118383E+3	1.55579955E+2	4.27411189E-7	6.40494619E+1	-7.65668232E+1	9.98239057E+1	-8.74182004E-1
3.06795364E+3	1.47183401E+2	4.06399147E-7	6.31830464E+1	-7.28518905E+1	9.64338917E+1	-8.56355021E-1
3.28966612E+3	1.39583650E+2	3.86032526E-7	6.23015333E+1	-6.93887178E+1	9.32538218E+1	-8.39163375E-1
3.52740116E+3	1.32722108E+2	3.66411032E-7	6.13971692E+1	-6.61751395E+1	9.02704912E+1	-8.22833701E-1
3.78231664E+3	1.26476072E+2	3.47637982E-7	6.04625325E+1	-6.31770965E+1	8.74474898E+1	-8.07350086E-1
4.05565415E+3	1.20782124E+2	3.29699930E-7	5.95064115E+1	-6.03845781E+1	8.47780072E+1	-7.92722742E-1
4.34874501E+3	1.15581318E+2	3.12643406E-7	5.85250573E+1	-5.77859908E+1	8.22459918E+1	-7.79044026E-1
4.66301673E+3	1.10793624E+2	2.96433203E-7	5.75274160E+1	-5.53558230E+1	7.98352729E+1	-7.66163022E-1
5.00000000E+3	1.06376302E+2	2.81073164E-7	5.65132673E+1	-5.30841114E+1	7.75349749E+1	-7.54119699E-1
5.36133611E+3	1.02246489E+2	2.66626701E-7	5.54676373E+1	-5.09383176E+1	7.53085062E+1	-7.42857437E-1
5.74878498E+3	9.84019804E+1	2.52973093E-7	5.44114889E+1	-4.89243097E+1	7.31723872E+1	-7.32347520E-1
6.16423370E+3	9.47839199E+1	2.40112703E-7	5.33394782E+1	-4.70172818E+1	7.11036201E+1	-7.22484090E-1
6.60970574E+3	9.13745162E+1	2.28000441E-7	5.22560343E+1	-4.52125717E+1	6.91004328E+1	-7.13259650E-1
7.08737081E+3	8.81492046E+1	2.16556793E-7	5.11715654E+1	-4.34994666E+1	6.71619889E+1	-7.04535313E-1
7.59955541E+3	8.50676178E+1	2.05793917E-7	5.00762215E+1	-4.18597280E+1	6.52676401E+1	-6.96263046E-1
8.14875417E+3	8.21379757E+1	1.95622572E-7	4.89846036E+1	-4.02989413E+1	6.34310345E+1	-6.88421530E-1
8.73764200E+3	7.93371093E+1	1.85996085E-7	4.78999344E+1	-3.88051352E+1	6.16461052E+1	-6.80886834E-1
9.36908711E+3	7.66345408E+1	1.76885424E-7	4.68203865E+1	-3.73618811E+1	5.99004073E+1	-6.73509969E-1
1.00461650E+4	7.40434466E+1	1.68243846E-7	4.57533319E+1	-3.59773114E+1	5.82042469E+1	-6.66351088E-1
1.07721735E+4	7.15399549E+1	1.60027527E-7	4.47008155E+1	-3.46371380E+1	5.65499274E+1	-6.59226285E-1
1.15506485E+4	6.91341745E+1	1.52205125E-7	4.36674006E+1	-3.33476796E+1	5.49446054E+1	-6.52195492E-1
1.23853818E+4	6.68091438E+1	1.44763108E-7	4.26498701E+1	-3.20996851E+1	5.33797833E+1	-6.45183879E-1
1.32804389E+4	6.45488794E+1	1.37661199E-7	4.16504798E+1	-3.08825067E+1	5.18506679E+1	-6.38018365E-1
1.42401793E+4	6.23763852E+1	1.30859780E-7	4.06787944E+1	-2.97091193E+1	5.03725732E+1	-6.30795807E-1
1.52692775E+4	6.02600082E+1	1.24352029E-7	3.97271852E+1	-2.85606558E+1	4.89281150E+1	-6.23311216E-1
1.63727458E+4	5.82180483E+1	1.18104582E-7	3.88036431E+1	-2.74472103E+1	4.75296988E+1	-6.15632425E-1
1.75559587E+4	5.62342624E+1	1.12118183E-7	3.79017429E+1	-2.63596968E+1	4.61668310E+1	-6.07682280E-1
1.88246790E+4	5.43406510E+1	1.06305095E-7	3.70459334E+1	-2.53120208E+1	4.48675825E+1	-5.99402766E-1
2.01850863E+4	5.25143641E+1	1.00767572E-7	3.62062895E+1	-2.42992705E+1	4.36044742E+1	-5.91088979E-1
2.16438064E+4	5.07279493E+1	9.54329378E-8	3.53892235E+1	-2.32986110E+1	4.23700677E+1	-5.82225077E-1
2.32079442E+4	4.90025280E+1	9.02672515E-8	3.46054340E+1	-2.23207740E+1	4.11795281E+1	-5.72857815E-1
2.48851178E+4	4.73455017E+1	8.52391110E-8	3.38623500E+1	-2.13675000E+1	4.00403499E+1	-5.62909947E-1
2.66834962E+4	4.57439566E+1	8.04402018E-8	3.31335884E+1	-2.04407985E+1	3.89314948E+1	-5.52768416E-1
2.86118383E+4	4.42057951E+1	7.57880106E-8	3.24385994E+1	-1.95374267E+1	3.78678492E+1	-5.42101239E-1
3.06795364E+4	4.27167987E+1	7.12810129E-8	3.17712630E+1	-1.86481467E+1	3.68397423E+1	-5.30768732E-1
3.28966612E+4	4.12916694E+1	6.69323577E-8	3.11322117E+1	-1.77844399E+1	3.58538837E+1	-5.19015468E-1
3.52740116E+4	3.99197895E+1	6.27161292E-8	3.05221374E+1	-1.69362425E+1	3.49061208E+1	-5.06585140E-1
3.78231664E+4	3.86103377E+1	5.86482174E-8	2.99398713E+1	-1.61118743E+1	3.39998310E+1	-4.93692886E-1
4.05565415E+4	3.73515016E+1	5.47149094E-8	2.93825873E+1	-1.53018678E+1	3.31282918E+1	-4.80133221E-1
4.34874501E+4	3.61503080E+1	5.09076263E-8	2.88542662E+1	-1.45093723E+1	3.22969132E+1	-4.65925148E-1
4.66301673E+4	3.50096150E+1	4.72278328E-8	2.83553571E+1	-1.37362215E+1	3.15073027E+1	-4.51115229E-1
5.00000000E+4	3.39152980E+1	4.36824763E-8	2.78765771E+1	-1.29745458E+1	3.07480473E+1	-4.35609716E-1
5.36133611E+4	3.28784304E+1	4.02690252E-8	2.74234595E+1	-1.22308692E+1	3.00273259E+1	-4.19522740E-1
5.74878498E+4	3.18971010E+1	3.69806906E-8	2.69962854E+1	-1.15023392E+1	2.93445607E+1	-4.02777598E-1
6.16423370E+4	3.09643297E+1	3.38209080E-8	2.65898386E+1	-1.07850360E+1	2.86938413E+1	-3.85330999E-1
6.60970574E+4	3.00858554E+1	3.07913958E-8	2.62068349E+1	-1.00825017E+1	2.80794417E+1	-3.67271883E-1
7.08737081E+4	2.92545559E+1	2.78947345E-8	2.58419452E+1	-9.39087270E+0	2.74953565E+1	-3.48559149E-1
7.59955541E+4	2.84745752E+1	2.51251947E-8	2.54988663E+1	-8.71075111E+0	2.69456747E+1	-3.29183898E-1
8.14875417E+4	2.77416342E+1	2.24805494E-8	2.51748624E+1	-8.03853965E+0	2.64271039E+1	-3.09075262E-1
8.73764200E+4	2.70549721E+1	1.99650853E-8	2.48680812E+1	-7.37453510E+0	2.59384896E+1	-2.88285170E-1
9.36908711E+4	2.64169405E+1	1.75813101E-8	2.45795722E+1	-6.72024653E+0	2.54817012E+1	-2.66885346E-1
1.00461650E+5	2.58233012E+1	1.53205310E-8	2.43074026E+1	-6.07021826E+0	2.50538895E+1	-2.44721841E-1
1.07721735E+5	2.52697193E+1	1.31851731E-8	2.40468040E+1	-5.42284040E+0	2.46506792E+1	-2.21801619E-1
1.15506485E+5	2.47613906E+1	1.11793335E-8	2.38007837E+1	-4.78154669E+0	2.42763363E+1	-1.98259559E-1
1.23853818E+5	2.42962611E+1	9.28919773E-9	2.35692195E+1	-4.13954042E+0	2.39299793E+1	-1.73860105E-1
1.32804389E+5	2.38735046E+1	7.50980601E-9	2.33508851E+1	-3.49333528E+0	2.36107488E+1	-1.48500533E-1
1.42401793E+5	2.34938932E+1	5.86213818E-9	2.31424761E+1	-2.85178101E+0	2.33175226E+1	-1.22609027E-1
1.52692775E+5	2.31547340E+1	4.31785148E-9	2.29436406E+1	-2.20073731E+0	2.30489457E+1	-9.56267144E-2
1.63727458E+5	2.28587476E+1	2.89047693E-9	2.27536244E+1	-1.54658541E+0	2.28061254E+1	-6.78665601E-2
1.75559587E+5	2.26086294E+1	1.56471403E-9	2.25742541E+1	-8.80901044E-1	2.25914352E+1	-3.90025834E-2
1.88246790E+5	2.24490947E+1	3.26916137E-10	2.24343998E+1	-1.94300393E-1	2.24417450E+1	-8.66792146E-3
2.01850863E+5	2.22434732E+1	-7.66923863E-10	2.22330658E+1	4.81021588E-1	2.22382689E+1	2.16320422E-2
2.16438064E+5	2.21347912E+1	-1.78508586E-9	2.20710643E+1	1.18596357E+0	2.21029048E+1	5.36822357E-2
2.32079442E+5	2.20803241E+1	-2.70226834E-9	2.19144294E+1	1.90669223E+0	2.19972204E+1	8.67876907E-2
2.48851178E+5	2.20860982E+1	-3.52434179E-9	2.17637187E+1	2.64880321E+0	2.19243159E+1	1.21111635E-1
2.66834962E+5	2.21521027E+1	-4.25826221E-9	2.16115607E+1	3.41787338E+0	2.18801625E+1	1.56851157E-1
2.86118383E+5	2.22900227E+1	-4.89191669E-9	2.14651898E+1	4.20774934E+0	2.18737186E+1	1.93572143E-1
3.06795364E+5	2.25019899E+1	-5.43911317E-9	2.13155330E+1	5.02891026E+0	2.19007285E+1	2.31690280E-1
3.28966612E+5	2.28013462E+1	-5.90229254E-9	2.11637033E+1	5.88714176E+0	2.19672692E+1	2.71312454E-1
3.52740116E+5	2.31955873E+1	-6.27311115E-9	2.10104359E+1	6.77575941E+0	2.20759913E+1	3.11964529E-1
3.78231664E+5	2.37033447E+1	-6.56043320E-9	2.08551265E+1	7.70712707E+0	2.22336734E+1	3.53988921E-1
4.05565415E+5	2.43414441E+1	-6.76912199E-9	2.06933200E+1	8.68859017E+0	2.24433790E+1	3.97521101E-1
4.34874501E+5	2.51065846E+1	-6.89082147E-9	2.05209128E+1	9.70061432E+0	2.26982375E+1	4.41585006E-1
4.66301673E+5	2.60447456E+1	-6.94674033E-9	2.03316612E+1	1.07775720E+1	2.30115807E+1	4.87427215E-1
5.00000000E+5	2.71764168E+1	-6.92192327E-9	2.01418511E+1	1.19033139E+1	2.33962233E+1	5.33756447E-1
