Start time:20240907_07-02-30	sweep/start:500.000	sweep/stop:500000.000	sweep/samplecount:100.000	sweep/xmapping:1.000	sweep/scan:0.000	sweep/averaging/sample:10.000	sweep/settling/time:0.100	sweep/settling/inaccuracy:0.010	sweep/awgcontrol:0.000	sweep/averaging/time:0.100	sweep/averaging/tc:15.000	sweep/bandwidthcontrol:2.000	sweep/sincfilter:0.000	sweep/omegasuppression:80.000	sweep/maxbandwidth:100.000	sweep/bandwidth:1250000.000	sweep/order:8.000	sweep/bandwidthoverlap:1.000																				
Frequency	Param0		Param1		RealZ		ImagZ		AbsZ		PhaseZ		
5.00000000E+2	1.57404457E+3	7.62750937E-7	1.03375105E+2	-3.89910931E+2	4.03381893E+2	-1.31163386E+0
5.36133611E+2	1.41797758E+3	7.54220638E-7	1.01436276E+2	-3.65438082E+2	3.79254945E+2	-1.30003826E+0
5.74878498E+2	1.27795415E+3	7.45135371E-7	9.96008171E+1	-3.42585635E+2	3.56770574E+2	-1.28786326E+0
6.16423370E+2	1.15254679E+3	7.35535829E-7	9.78343838E+1	-3.21227469E+2	3.35795559E+2	-1.27515748E+0
6.60970574E+2	1.03999900E+3	7.25260035E-7	9.61853895E+1	-3.01298909E+2	3.16279412E+2	-1.26178677E+0
7.08737081E+2	9.39260030E+2	7.14363017E-7	9.46100590E+1	-2.82687715E+2	2.98099667E+2	-1.24783384E+0
7.59955541E+2	8.49156993E+2	7.02746309E-7	9.31182903E+1	-2.65331842E+2	2.81197453E+2	-1.23327517E+0
8.14875417E+2	7.68550514E+2	6.90476894E-7	9.16885191E+1	-2.49119345E+2	2.65456655E+2	-1.21813218E+0
8.73764200E+2	6.96781714E+2	6.77406368E-7	9.03162485E+1	-2.34037754E+2	2.50859915E+2	-1.20249989E+0
9.36908711E+2	6.32444865E+2	6.63633683E-7	8.90192081E+1	-2.19943884E+2	2.37275647E+2	-1.18621387E+0
1.00461650E+3	5.75319699E+2	6.49135971E-7	8.77396336E+1	-2.06833478E+2	2.24673835E+2	-1.16959991E+0
1.07721735E+3	5.24305460E+2	6.33905135E-7	8.65135423E+1	-1.94614797E+2	2.12977731E+2	-1.15249443E+0
1.15506485E+3	4.78865829E+2	6.17995076E-7	8.53158534E+1	-1.83237678E+2	2.02125808E+2	-1.13504369E+0
1.23853818E+3	4.38403774E+2	6.01527275E-7	8.41222349E+1	-1.72635316E+2	1.92040369E+2	-1.11737407E+0
1.32804389E+3	4.02392922E+2	5.84424051E-7	8.29553800E+1	-1.62785321E+2	1.82703739E+2	-1.09949834E+0
1.42401793E+3	3.70328593E+2	5.66790791E-7	8.18036483E+1	-1.53630696E+2	1.74052372E+2	-1.08151184E+0
1.52692775E+3	3.41735893E+2	5.48774731E-7	8.06518362E+1	-1.45109985E+2	1.66016947E+2	-1.06351260E+0
1.63727458E+3	3.16264185E+2	5.30428008E-7	7.94990668E+1	-1.37195500E+2	1.58564520E+2	-1.04561800E+0
1.75559587E+3	2.93545124E+2	5.11869449E-7	7.83389498E+1	-1.29842308E+2	1.51644374E+2	-1.02792518E+0
1.88246790E+3	2.73234951E+2	4.93210232E-7	7.71699893E+1	-1.23005408E+2	1.45208601E+2	-1.01049405E+0
2.01850863E+3	2.55089205E+2	4.74554565E-7	7.59850605E+1	-1.16658642E+2	1.39222729E+2	-9.93475942E-1
2.16438064E+3	2.38826855E+2	4.56031515E-7	7.47799297E+1	-1.10758373E+2	1.33639273E+2	-9.76934849E-1
2.32079442E+3	2.24248811E+2	4.37745074E-7	7.35490043E+1	-1.05279722E+2	1.28426151E+2	-9.61006813E-1
2.48851178E+3	2.11135560E+2	4.19807087E-7	7.22891630E+1	-1.00185274E+2	1.23542756E+2	-9.45750078E-1
2.66834962E+3	1.99322117E+2	4.02294623E-7	7.09998466E+1	-9.54508298E+1	1.18961504E+2	-9.31251307E-1
2.86118383E+3	1.88632051E+2	3.85315691E-7	6.96747580E+1	-9.10402111E+1	1.14642453E+2	-9.17563247E-1
3.06795364E+3	1.78910515E+2	3.68865657E-7	6.83301640E+1	-8.69250977E+1	1.10566651E+2	-9.04600415E-1
3.28966612E+3	1.70064607E+2	3.53054597E-7	6.69494967E+1	-8.30873304E+1	1.06703982E+2	-8.92545389E-1
3.52740116E+3	1.61958264E+2	3.37941543E-7	6.55304819E+1	-7.94918784E+1	1.03020400E+2	-8.81373044E-1
3.78231664E+3	1.54498148E+2	3.23513919E-7	6.40821687E+1	-7.61186686E+1	9.95016391E+1	-8.71040001E-1
4.05565415E+3	1.47589851E+2	3.09789404E-7	6.26054010E+1	-7.29416554E+1	9.61245105E+1	-8.61506707E-1
4.34874501E+3	1.41158000E+2	2.96723662E-7	6.11128109E+1	-6.99413060E+1	9.28792874E+1	-8.52661799E-1
4.66301673E+3	1.35172470E+2	2.84348740E-7	5.95957471E+1	-6.71122270E+1	8.97535749E+1	-8.44650014E-1
5.00000000E+3	1.29534204E+2	2.72628880E-7	5.80644198E+1	-6.44193387E+1	8.67255913E+1	-8.37235454E-1
5.36133611E+3	1.24226474E+2	2.61486055E-7	5.65339637E+1	-6.18621516E+1	8.38034302E+1	-8.30370883E-1
5.74878498E+3	1.19162824E+2	2.50953359E-7	5.49959983E+1	-5.94047012E+1	8.09535571E+1	-8.23916479E-1
6.16423370E+3	1.14355927E+2	2.40968287E-7	5.34602772E+1	-5.70569732E+1	7.81888706E+1	-8.17930888E-1
6.60970574E+3	1.09741414E+2	2.31498328E-7	5.19321707E+1	-5.47919649E+1	7.54924488E+1	-8.12187886E-1
7.08737081E+3	1.05318619E+2	2.22458654E-7	5.04272385E+1	-5.26119816E+1	7.28761075E+1	-8.06598011E-1
7.59955541E+3	1.01042020E+2	2.13838494E-7	4.89445714E+1	-5.04964081E+1	7.03239529E+1	-8.01002503E-1
8.14875417E+3	9.69320520E+1	2.05602257E-7	4.74878571E+1	-4.84561521E+1	6.78461151E+1	-7.95490116E-1
8.73764200E+3	9.29432771E+1	1.97665058E-7	4.60733755E+1	-4.64699306E+1	6.54386006E+1	-7.89683211E-1
9.36908711E+3	8.90893273E+1	1.90035881E-7	4.46945730E+1	-4.45444107E+1	6.31015801E+1	-7.83715465E-1
1.00461650E+4	8.53662345E+1	1.82661679E-7	4.33598520E+1	-4.26777512E+1	6.08396849E+1	-7.77470393E-1
1.07721735E+4	8.17586923E+1	1.75507119E-7	4.20733161E+1	-4.08619054E+1	5.86503135E+1	-7.70792491E-1
1.15506485E+4	7.82777273E+1	1.68539779E-7	4.08386513E+1	-3.91019341E+1	5.65398687E+1	-7.63676481E-1
1.23853818E+4	7.49029186E+1	1.61783448E-7	3.96460338E+1	-3.73871041E+1	5.44940694E+1	-7.56082436E-1
1.32804389E+4	7.16482544E+1	1.55172197E-7	3.85072300E+1	-3.57235068E+1	5.25259532E+1	-7.47914774E-1
1.42401793E+4	6.85135935E+1	1.48694884E-7	3.74212097E+1	-3.41103285E+1	5.06345880E+1	-7.39145557E-1
1.52692775E+4	6.55099439E+1	1.42348431E-7	3.63859744E+1	-3.25530893E+1	4.88225662E+1	-7.29857191E-1
1.63727458E+4	6.26174755E+1	1.36099118E-7	3.54049629E+1	-3.10396125E+1	4.70847024E+1	-7.19793338E-1
1.75559587E+4	5.98392888E+1	1.29943658E-7	3.44758795E+1	-2.95706684E+1	4.54203865E+1	-7.08959073E-1
1.88246790E+4	5.71842847E+1	1.23907165E-7	3.35911320E+1	-2.81517291E+1	4.38278964E+1	-6.97527314E-1
2.01850863E+4	5.46537394E+1	1.17943731E-7	3.27589572E+1	-2.67815164E+1	4.23131099E+1	-6.85340470E-1
2.16438064E+4	5.22550998E+1	1.12077792E-7	3.19731682E+1	-2.54652127E+1	4.08749419E+1	-6.72576065E-1
2.32079442E+4	4.99391836E+1	1.06328655E-7	3.12210001E+1	-2.41743548E+1	3.94860848E+1	-6.58871277E-1
2.48851178E+4	4.77861188E+1	1.00672019E-7	3.05187294E+1	-2.29559974E+1	3.81886276E+1	-6.44903631E-1
2.66834962E+4	4.57233330E+1	9.50783119E-8	2.98604915E+1	-2.17640036E+1	3.69502512E+1	-6.29831138E-1
2.86118383E+4	4.37681329E+1	8.96007892E-8	2.92364586E+1	-2.06119998E+1	3.57718486E+1	-6.14080603E-1
3.06795364E+4	4.19250995E+1	8.42159679E-8	2.86524799E+1	-1.95011123E+1	3.46591697E+1	-5.97592431E-1
3.28966612E+4	4.01973507E+1	7.89477546E-8	2.81047914E+1	-1.84352590E+1	3.36115773E+1	-5.80544662E-1
3.52740116E+4	3.85723816E+1	7.38071937E-8	2.75886415E+1	-1.74076500E+1	3.26214585E+1	-5.62881995E-1
3.78231664E+4	3.70488112E+1	6.87602630E-8	2.71117707E+1	-1.64137314E+1	3.16931984E+1	-5.44387823E-1
4.05565415E+4	3.56047398E+1	6.38810700E-8	2.66517618E+1	-1.54470879E+1	3.08046915E+1	-5.25276765E-1
4.34874501E+4	3.42746501E+1	5.91532733E-8	2.62259947E+1	-1.45287263E+1	2.99814404E+1	-5.05895200E-1
4.66301673E+4	3.30188454E+1	5.45744521E-8	2.58214291E+1	-1.36325900E+1	2.91992083E+1	-4.85761815E-1
5.00000000E+4	3.18558726E+1	5.01249646E-8	2.54512196E+1	-1.27673866E+1	2.84740372E+1	-4.64959907E-1
5.36133611E+4	3.07699848E+1	4.58576331E-8	2.50991959E+1	-1.19303070E+1	2.77903198E+1	-4.43714504E-1
5.74878498E+4	2.97632618E+1	4.17604935E-8	2.47705179E+1	-1.11208290E+1	2.71523739E+1	-4.21983926E-1
6.16423370E+4	2.88297223E+1	3.78397287E-8	2.44625816E+1	-1.03359337E+1	2.65565328E+1	-3.99768321E-1
6.60970574E+4	2.79632517E+1	3.40996198E-8	2.41725404E+1	-9.57241428E+0	2.59989005E+1	-3.77056512E-1
7.08737081E+4	2.71662763E+1	3.05463056E-8	2.39022974E+1	-8.83269954E+0	2.54820802E+1	-3.53969532E-1
7.59955541E+4	2.64293409E+1	2.71744697E-8	2.36481654E+1	-8.10985143E+0	2.50001085E+1	-3.30369590E-1
8.14875417E+4	2.57533429E+1	2.39922828E-8	2.34104013E+1	-7.40602420E+0	2.45539425E+1	-3.06394065E-1
8.73764200E+4	2.51295011E+1	2.09918102E-8	2.31849389E+1	-6.71450236E+0	2.41376458E+1	-2.81894143E-1
9.36908711E+4	2.45624391E+1	1.81767202E-8	2.29753869E+1	-6.03847085E+0	2.37556633E+1	-2.57010924E-1
1.00461650E+5	2.40433595E+1	1.55443326E-8	2.27757993E+1	-5.37305183E+0	2.34009985E+1	-2.31674701E-1
1.07721735E+5	2.35735098E+1	1.30820988E-8	2.25893325E+1	-4.71507141E+0	2.30761749E+1	-2.05775526E-1
1.15506485E+5	2.31515702E+1	1.07950366E-8	2.24141680E+1	-4.06549505E+0	2.27798855E+1	-1.79429877E-1
1.23853818E+5	2.27746341E+1	8.67733156E-9	2.22484309E+1	-3.42157642E+0	2.25099950E+1	-1.52594045E-1
1.32804389E+5	2.24444771E+1	6.72180818E-9	2.20943130E+1	-2.78142980E+0	2.22687067E+1	-1.25230193E-1
1.42401793E+5	2.21489175E+1	4.91145713E-9	2.19410556E+1	-2.13557901E+0	2.20447415E+1	-9.70269334E-2
1.52692775E+5	2.19026255E+1	3.25902817E-9	2.18003831E+1	-1.49295522E+0	2.18514445E+1	-6.83762203E-2
1.63727458E+5	2.16984192E+1	1.74726146E-9	2.16654621E+1	-8.44997349E-1	2.16819344E+1	-3.89822870E-2
1.75559587E+5	2.15383399E+1	3.73123420E-10	2.15366471E+1	-1.90918183E-1	2.15374935E+1	-8.86457253E-3
1.88246790E+5	2.14409562E+1	-7.97806594E-10	2.14175102E+1	4.33171748E-1	2.14292260E+1	2.02191816E-2
2.01850863E+5	2.13541565E+1	-1.98942875E-9	2.12923452E+1	1.14721495E+0	2.13232285E+1	5.38271728E-2
2.16438064E+5	2.13347837E+1	-2.98991212E-9	2.11754330E+1	1.83692904E+0	2.12549590E+1	8.65315079E-2
2.32079442E+5	2.13687838E+1	-3.87511519E-9	2.10617005E+1	2.54316403E+0	2.12146865E+1	1.20166516E-1
2.48851178E+5	2.14596600E+1	-4.65048436E-9	2.09495585E+1	3.26900373E+0	2.12030753E+1	1.54793361E-1
2.66834962E+5	2.16113636E+1	-5.31894059E-9	2.08374256E+1	4.01581263E+0	2.12208665E+1	1.90387066E-1
2.86118383E+5	2.18302093E+1	-5.88814108E-9	2.07236123E+1	4.78880470E+0	2.12697154E+1	2.27093544E-1
3.06795364E+5	2.21248888E+1	-6.36285136E-9	2.06073317E+1	5.59220796E+0	2.13526327E+1	2.64988130E-1
3.28966612E+5	2.25006696E+1	-6.73837316E-9	2.04884553E+1	6.42083201E+0	2.14710027E+1	3.03693486E-1
3.52740116E+5	2.29839098E+1	-7.03672648E-9	2.03670128E+1	7.30056739E+0	2.16359325E+1	3.44183213E-1
3.78231664E+5	2.35685920E+1	-7.24174179E-9	2.02388180E+1	8.20917276E+0	2.18403393E+1	3.85337715E-1
4.05565415E+5	2.42880818E+1	-7.36678251E-9	2.01079382E+1	9.16809720E+0	2.20993945E+1	4.27786133E-1
4.34874501E+5	2.51294083E+1	-7.41540362E-9	1.99558191E+1	1.01608557E+1	2.23937018E+1	4.70954718E-1
4.66301673E+5	2.61484320E+1	-7.39368843E-9	1.97966167E+1	1.12135694E+1	2.27519320E+1	5.15376667E-1
5.00000000E+5	2.73643405E+1	-7.30452067E-9	1.96255142E+1	1.23238746E+1	2.31741039E+1	5.60718960E-1
