Start time:20240905_02-01-09	sweep/start:500.000	sweep/stop:500000.000	sweep/samplecount:100.000	sweep/xmapping:1.000	sweep/scan:0.000	sweep/averaging/sample:10.000	sweep/settling/time:0.100	sweep/settling/inaccuracy:0.010	sweep/awgcontrol:0.000	sweep/averaging/time:0.100	sweep/averaging/tc:15.000	sweep/bandwidthcontrol:2.000	sweep/sincfilter:0.000	sweep/omegasuppression:80.000	sweep/maxbandwidth:100.000	sweep/bandwidth:1250000.000	sweep/order:8.000	sweep/bandwidthoverlap:1.000																				
Frequency	Param0		Param1		RealZ		ImagZ		AbsZ		PhaseZ		
5.00000000E+2	1.38208859E+3	7.56326005E-7	1.17282824E+2	-3.85149241E+2	4.02610486E+2	-1.27520464E+0
5.36133611E+2	1.24719280E+3	7.45921862E-7	1.15255814E+2	-3.61195543E+2	3.79138671E+2	-1.26191422E+0
5.74878498E+2	1.12668300E+3	7.34746140E-7	1.13336105E+2	-3.38893443E+2	3.57342750E+2	-1.24805916E+0
6.16423370E+2	1.01894683E+3	7.22964481E-7	1.11475216E+2	-3.18057453E+2	3.37027109E+2	-1.23368712E+0
6.60970574E+2	9.22602383E+2	7.10294920E-7	1.09744836E+2	-2.98675184E+2	3.18199310E+2	-1.21867112E+0
7.08737081E+2	8.36592013E+2	6.97080733E-7	1.08029715E+2	-2.80546504E+2	3.00627286E+2	-1.20322753E+0
7.59955541E+2	7.59644611E+2	6.83005268E-7	1.06427220E+2	-2.63666613E+2	2.84335787E+2	-1.18715326E+0
8.14875417E+2	6.91104950E+2	6.68188708E-7	1.04868387E+2	-2.47946878E+2	2.69211882E+2	-1.17066588E+0
8.73764200E+2	6.29856199E+2	6.52684963E-7	1.03360902E+2	-2.33278844E+2	2.55151909E+2	-1.15371298E+0
9.36908711E+2	5.75275876E+2	6.36495592E-7	1.01887368E+2	-2.19618537E+2	2.42101918E+2	-1.13641976E+0
1.00461650E+3	5.26571363E+2	6.19540638E-7	1.00481637E+2	-2.06915887E+2	2.30023358E+2	-1.11872210E+0
1.07721735E+3	4.83289338E+2	6.02155206E-7	9.90408730E+1	-1.95080219E+2	2.18781601E+2	-1.10101322E+0
1.15506485E+3	4.44568539E+2	5.84115892E-7	9.76688335E+1	-1.84068695E+2	2.08375830E+2	-1.08296103E+0
1.23853818E+3	4.10192030E+2	5.65656898E-7	9.62821668E+1	-1.73850277E+2	1.98731415E+2	-1.06502324E+0
1.32804389E+3	3.79493012E+2	5.46905010E-7	9.48905076E+1	-1.64335246E+2	1.89763754E+2	-1.04714502E+0
1.42401793E+3	3.52090143E+2	5.27811724E-7	9.35227574E+1	-1.55505412E+2	1.81461951E+2	-1.02933953E+0
1.52692775E+3	3.27639648E+2	5.08640542E-7	9.21294023E+1	-1.47300430E+2	1.73739011E+2	-1.01187178E+0
1.63727458E+3	3.05777501E+2	4.89452542E-7	9.07224322E+1	-1.39679339E+2	1.66555930E+2	-9.94769149E-1
1.75559587E+3	2.86165906E+2	4.70360214E-7	8.93018789E+1	-1.32590825E+2	1.59859791E+2	-9.78067703E-1
1.88246790E+3	2.68628987E+2	4.51478709E-7	8.78514966E+1	-1.26022109E+2	1.53621150E+2	-9.62011395E-1
2.01850863E+3	2.52844969E+2	4.32924338E-7	8.63742472E+1	-1.19911561E+2	1.47781235E+2	-9.46565016E-1
2.16438064E+3	2.38643499E+2	4.14801428E-7	8.48599987E+1	-1.14236888E+2	1.42307014E+2	-9.31891866E-1
2.32079442E+3	2.25796531E+2	3.97144766E-7	8.33234838E+1	-1.08955723E+2	1.37164693E+2	-9.17924207E-1
2.48851178E+3	2.14153880E+2	3.80111522E-7	8.17383454E+1	-1.04035696E+2	1.32304888E+2	-9.04850789E-1
2.66834962E+3	2.03580911E+2	3.63700143E-7	8.01180207E+1	-9.94565313E+1	1.27712565E+2	-8.92675444E-1
2.86118383E+3	1.93917656E+2	3.47925129E-7	7.84725740E+1	-9.51802082E+1	1.23358085E+2	-8.81315807E-1
3.06795364E+3	1.85049111E+2	3.32930810E-7	7.67714335E+1	-9.11736367E+1	1.19190961E+2	-8.70944316E-1
3.28966612E+3	1.76885129E+2	3.18642187E-7	7.50394893E+1	-8.74210759E+1	1.15210111E+2	-8.61463993E-1
3.52740116E+3	1.69305542E+2	3.05058765E-7	7.32821534E+1	-8.38856389E+1	1.11387048E+2	-8.52762099E-1
3.78231664E+3	1.62251234E+2	2.92229518E-7	7.14858948E+1	-8.05508609E+1	1.07697142E+2	-8.44951181E-1
4.05565415E+3	1.55619648E+2	2.80045400E-7	6.96816065E+1	-7.73841091E+1	1.04133697E+2	-8.37724914E-1
4.34874501E+3	1.49406724E+2	2.68568511E-7	6.78475981E+1	-7.43881074E+1	1.00682110E+2	-8.31349392E-1
4.66301673E+3	1.43503487E+2	2.57693296E-7	6.60125145E+1	-7.15218405E+1	9.73294707E+1	-8.25434577E-1
5.00000000E+3	1.37889395E+2	2.47410551E-7	6.41740929E+1	-6.87794476E+1	9.40687341E+1	-8.20023144E-1
5.36133611E+3	1.32533447E+2	2.37659291E-7	6.23448192E+1	-6.61505638E+1	9.08998001E+1	-8.15007263E-1
5.74878498E+3	1.27380156E+2	2.28423060E-7	6.05253508E+1	-6.36114011E+1	8.78050598E+1	-8.10253128E-1
6.16423370E+3	1.22428369E+2	2.19673876E-7	5.87179991E+1	-6.11632672E+1	8.47864892E+1	-8.05792753E-1
6.60970574E+3	1.17643732E+2	2.11323192E-7	5.69428432E+1	-5.87918447E+1	8.18472265E+1	-8.01373014E-1
7.08737081E+3	1.13030113E+2	2.03325099E-7	5.52074527E+1	-5.64999259E+1	7.89943323E+1	-7.96967816E-1
7.59955541E+3	1.08547483E+2	1.95670198E-7	5.35099138E+1	-5.42683654E+1	7.62126394E+1	-7.92435194E-1
8.14875417E+3	1.04212478E+2	1.88312732E-7	5.18578257E+1	-5.21056462E+1	7.35134851E+1	-7.87781886E-1
8.73764200E+3	9.99994675E+1	1.81232793E-7	5.02520263E+1	-4.99990965E+1	7.08884746E+1	-7.82875205E-1
9.36908711E+3	9.59204056E+1	1.74377340E-7	4.87024479E+1	-4.79544578E+1	6.83488003E+1	-7.77659702E-1
1.00461650E+4	9.19645494E+1	1.67717043E-7	4.72125151E+1	-4.59658131E+1	6.58929255E+1	-7.72019219E-1
1.07721735E+4	8.81391338E+1	1.61254756E-7	4.57770742E+1	-4.40364740E+1	6.35196947E+1	-7.66020439E-1
1.15506485E+4	8.44261191E+1	1.54939353E-7	4.44053752E+1	-4.21560903E+1	6.12288608E+1	-7.59419183E-1
1.23853818E+4	8.08540594E+1	1.48790249E-7	4.30886583E+1	-4.03393158E+1	5.90245111E+1	-7.52455399E-1
1.32804389E+4	7.73953672E+1	1.42780960E-7	4.18293058E+1	-3.85707606E+1	5.68981058E+1	-7.44891196E-1
1.42401793E+4	7.40760541E+1	1.36881512E-7	4.06326253E+1	-3.68631825E+1	5.48625966E+1	-7.36795871E-1
1.52692775E+4	7.08765427E+1	1.31086017E-7	3.94957084E+1	-3.52052236E+1	5.29085914E+1	-7.28025686E-1
1.63727458E+4	6.78041819E+1	1.25392134E-7	3.84161695E+1	-3.36002174E+1	5.10370144E+1	-7.18624610E-1
1.75559587E+4	6.48480717E+1	1.19823769E-7	3.73836428E+1	-3.20424633E+1	4.92367418E+1	-7.08616104E-1
1.88246790E+4	6.20334664E+1	1.14320774E-7	3.64134603E+1	-3.05436204E+1	4.75273924E+1	-6.97956002E-1
2.01850863E+4	5.93468117E+1	1.08907896E-7	3.54956478E+1	-2.90965973E+1	4.58972037E+1	-6.86651978E-1
2.16438064E+4	5.67784177E+1	1.03607239E-7	3.46211748E+1	-2.76967359E+1	4.43366134E+1	-6.74737345E-1
2.32079442E+4	5.43449574E+1	9.83620675E-8	3.38053471E+1	-2.63504828E+1	4.28619864E+1	-6.62100938E-1
2.48851178E+4	5.20244665E+1	9.32785192E-8	3.30161342E+1	-2.50515347E+1	4.14444923E+1	-6.49088239E-1
2.66834962E+4	4.98182358E+1	8.82342151E-8	3.22840915E+1	-2.37922971E+1	4.01040684E+1	-6.35107433E-1
2.86118383E+4	4.77386552E+1	8.33144878E-8	3.15888689E+1	-2.25865727E+1	3.88331050E+1	-6.20733434E-1
3.06795364E+4	4.57615211E+1	7.84685854E-8	3.09382128E+1	-2.14151000E+1	3.76268471E+1	-6.05464642E-1
3.28966612E+4	4.38971196E+1	7.37632602E-8	3.03170379E+1	-2.02905835E+1	3.64805512E+1	-5.89809583E-1
3.52740116E+4	4.21391643E+1	6.91515450E-8	2.97360974E+1	-1.92046536E+1	3.53985066E+1	-5.73442679E-1
3.78231664E+4	4.04848062E+1	6.46689253E-8	2.91861315E+1	-1.81594175E+1	3.43743339E+1	-5.56578537E-1
4.05565415E+4	3.89248020E+1	6.02910609E-8	2.86710310E+1	-1.71460204E+1	3.34067981E+1	-5.38966747E-1
4.34874501E+4	3.74568246E+1	5.60502984E-8	2.81824573E+1	-1.61670771E+1	3.24903885E+1	-5.20824753E-1
4.66301673E+4	3.60888979E+1	5.19645583E-8	2.77202896E+1	-1.52308953E+1	3.16290165E+1	-5.02420363E-1
5.00000000E+4	3.48058503E+1	4.79987839E-8	2.72887759E+1	-1.43224192E+1	3.08189720E+1	-4.83326674E-1
5.36133611E+4	3.36009844E+1	4.41834812E-8	2.68784391E+1	-1.34421542E+1	3.00523212E+1	-4.63734951E-1
5.74878498E+4	3.24721505E+1	4.05142962E-8	2.64902786E+1	-1.25881468E+1	2.93291035E+1	-4.43610474E-1
6.16423370E+4	3.14237765E+1	3.69908211E-8	2.61280085E+1	-1.17629870E+1	2.86538078E+1	-4.23025248E-1
6.60970574E+4	3.04401237E+1	3.36270336E-8	2.57810956E+1	-1.09596916E+1	2.80139205E+1	-4.01960200E-1
7.08737081E+4	2.95254734E+1	3.04091674E-8	2.54561227E+1	-1.01779115E+1	2.74153984E+1	-3.80352703E-1
7.59955541E+4	2.86748478E+1	2.73459171E-8	2.51491386E+1	-9.41639732E+0	2.68541937E+1	-3.58264062E-1
8.14875417E+4	2.78840854E+1	2.44358097E-8	2.48586615E+1	-8.67225343E+0	2.63279517E+1	-3.35661048E-1
8.73764200E+4	2.71515037E+1	2.16769879E-8	2.45846668E+1	-7.94385416E+0	2.58362279E+1	-3.12532648E-1
9.36908711E+4	2.64718214E+1	1.90701711E-8	2.43236909E+1	-7.22844720E+0	2.53750350E+1	-2.88865098E-1
1.00461650E+5	2.58447824E+1	1.66080790E-8	2.40773089E+1	-6.52349599E+0	2.49453966E+1	-2.64587366E-1
1.07721735E+5	2.52694232E+1	1.42965155E-8	2.38438364E+1	-5.83021875E+0	2.45462826E+1	-2.39811394E-1
1.15506485E+5	2.47424127E+1	1.21242890E-8	2.36227194E+1	-5.14297539E+0	2.41760847E+1	-2.14367935E-1
1.23853818E+5	2.42635100E+1	1.00927579E-8	2.34132206E+1	-4.46183912E+0	2.38345739E+1	-1.88311272E-1
1.32804389E+5	2.38254902E+1	8.20915803E-9	2.32073363E+1	-3.78755115E+0	2.35143820E+1	-1.61778483E-1
1.42401793E+5	2.34432179E+1	6.43071583E-9	2.30242986E+1	-3.10569128E+0	2.32328140E+1	-1.34078290E-1
1.52692775E+5	2.31018303E+1	4.78920782E-9	2.28444367E+1	-2.42487223E+0	2.29727730E+1	-1.05751182E-1
1.63727458E+5	2.28048405E+1	3.27420469E-9	2.26710758E+1	-1.74143142E+0	2.27378598E+1	-7.66623762E-2
1.75559587E+5	2.25555495E+1	1.87994659E-9	2.25063099E+1	-1.05270751E+0	2.25309163E+1	-4.67398124E-2
1.88246790E+5	2.23574000E+1	5.84756331E-10	2.23420599E+1	-3.45557086E-1	2.23497271E+1	-1.54603744E-2
2.01850863E+5	2.21995738E+1	-5.68869312E-10	2.21938801E+1	3.55468423E-1	2.21967268E+1	1.60151337E-2
2.16438064E+5	2.20994304E+1	-1.62374458E-9	2.20469281E+1	1.07587177E+0	2.20731636E+1	4.87604808E-2
2.32079442E+5	2.20531963E+1	-2.57970704E-9	2.19024621E+1	1.81698506E+0	2.19777000E+1	8.27685071E-2
2.48851178E+5	2.20651289E+1	-3.42990686E-9	2.17604200E+1	2.57499063E+0	2.19122448E+1	1.17785937E-1
2.66834962E+5	2.21434244E+1	-4.18154387E-9	2.16223346E+1	3.35665494E+0	2.18813284E+1	1.54010803E-1
2.86118383E+5	2.22867619E+1	-4.83328785E-9	2.14812170E+1	4.15981570E+0	2.18802826E+1	1.91281424E-1
3.06795364E+5	2.25119157E+1	-5.39058061E-9	2.13439538E+1	4.99288468E+0	2.19201571E+1	2.29792981E-1
3.28966612E+5	2.28232164E+1	-5.85837739E-9	2.12037030E+1	5.85999932E+0	2.19985612E+1	2.69636455E-1
3.52740116E+5	2.32286174E+1	-6.23213932E-9	2.10606037E+1	6.75718750E+0	2.21180627E+1	3.10469182E-1
3.78231664E+5	2.37430403E+1	-6.52276499E-9	2.09104971E+1	7.69609137E+0	2.22818035E+1	3.52662877E-1
4.05565415E+5	2.43874722E+1	-6.72911787E-9	2.07574733E+1	8.68040975E+0	2.24993842E+1	3.96081862E-1
4.34874501E+5	2.51643772E+1	-6.86129506E-9	2.05831239E+1	9.71063017E+0	2.27587668E+1	4.40814711E-1
4.66301673E+5	2.61156924E+1	-6.90928822E-9	2.04110361E+1	1.07906268E+1	2.30878381E+1	4.86316657E-1
5.00000000E+5	2.72542365E+1	-6.88893747E-9	2.02195582E+1	1.19263473E+1	2.34748490E+1	5.32917000E-1
