Start time:20240906_13-30-25	sweep/start:500.000	sweep/stop:500000.000	sweep/samplecount:100.000	sweep/xmapping:1.000	sweep/scan:0.000	sweep/averaging/sample:10.000	sweep/settling/time:0.100	sweep/settling/inaccuracy:0.010	sweep/awgcontrol:0.000	sweep/averaging/time:0.100	sweep/averaging/tc:15.000	sweep/bandwidthcontrol:2.000	sweep/sincfilter:0.000	sweep/omegasuppression:80.000	sweep/maxbandwidth:100.000	sweep/bandwidth:1250000.000	sweep/order:8.000	sweep/bandwidthoverlap:1.000																				
Frequency	Param0		Param1		RealZ		ImagZ		AbsZ		PhaseZ		
5.00000000E+2	1.57349282E+3	7.51626807E-7	1.06281856E+2	-3.94889556E+2	4.08942054E+2	-1.30788324E+0
5.36133611E+2	1.42070875E+3	7.43130104E-7	1.04091323E+2	-3.70200263E+2	3.84555918E+2	-1.29669772E+0
5.74878498E+2	1.28164371E+3	7.33989482E-7	1.02156824E+2	-3.47120257E+2	3.61840438E+2	-1.28457878E+0
6.16423370E+2	1.15667737E+3	7.24274921E-7	1.00335680E+2	-3.25559033E+2	3.40669839E+2	-1.27183822E+0
6.60970574E+2	1.04466835E+3	7.13949508E-7	9.86061884E+1	-3.05430007E+2	3.20952767E+2	-1.25851585E+0
7.08737081E+2	9.44510197E+2	7.02941117E-7	9.69583483E+1	-2.86665639E+2	3.02618760E+2	-1.24464705E+0
7.59955541E+2	8.55105857E+2	6.91236800E-7	9.53741921E+1	-2.69181623E+2	2.85578339E+2	-1.23028553E+0
8.14875417E+2	7.75130010E+2	6.78902498E-7	9.38472307E+1	-2.52856633E+2	2.69710553E+2	-1.21540702E+0
8.73764200E+2	7.03454589E+2	6.65800141E-7	9.24184886E+1	-2.37636307E+2	2.54974889E+2	-1.19988907E+0
9.36908711E+2	6.39636543E+2	6.52050856E-7	9.10107261E+1	-2.23452048E+2	2.41275304E+2	-1.18401769E+0
1.00461650E+3	5.82618908E+2	6.37545149E-7	8.96705975E+1	-2.10244999E+2	2.28568977E+2	-1.16765139E+0
1.07721735E+3	5.31741558E+2	6.22557280E-7	8.83253518E+1	-1.97901200E+2	2.16716991E+2	-1.15101495E+0
1.15506485E+3	4.86521354E+2	6.06840639E-7	8.70156614E+1	-1.86449043E+2	2.05754641E+2	-1.13414227E+0
1.23853818E+3	4.46134825E+2	5.90513205E-7	8.57440054E+1	-1.75787783E+2	1.95584714E+2	-1.11698051E+0
1.32804389E+3	4.10106825E+2	5.73688823E-7	8.44853960E+1	-1.65862148E+2	1.86139827E+2	-1.09967992E+0
1.42401793E+3	3.77975908E+2	5.56488911E-7	8.32204363E+1	-1.56619522E+2	1.77356468E+2	-1.08238113E+0
1.52692775E+3	3.49379734E+2	5.38890198E-7	8.19598291E+1	-1.48046233E+2	1.69219092E+2	-1.06518598E+0
1.63727458E+3	3.23781746E+2	5.21077269E-7	8.06954066E+1	-1.40056952E+2	1.61640647E+2	-1.04808968E+0
1.75559587E+3	3.00918965E+2	5.03149101E-7	7.94119873E+1	-1.32628459E+2	1.54585162E+2	-1.03129258E+0
1.88246790E+3	2.80457516E+2	4.85136905E-7	7.81247389E+1	-1.25726665E+2	1.48022530E+2	-1.01480036E+0
2.01850863E+3	2.62147781E+2	4.67184886E-7	7.68169169E+1	-1.19316993E+2	1.41906250E+2	-9.98788217E-1
2.16438064E+3	2.45669464E+2	4.49414157E-7	7.54893812E+1	-1.13343675E+2	1.36181627E+2	-9.83240162E-1
2.32079442E+3	2.30866466E+2	4.31927251E-7	7.41300068E+1	-1.07790881E+2	1.30820993E+2	-9.68359214E-1
2.48851178E+3	2.17491998E+2	4.14765749E-7	7.27533552E+1	-1.02616866E+2	1.25790588E+2	-9.54068586E-1
2.66834962E+3	2.05381215E+2	3.98088835E-7	7.13377089E+1	-9.77873009E+1	1.21043071E+2	-9.40532329E-1
2.86118383E+3	1.94394497E+2	3.81896470E-7	6.98961348E+1	-9.32842624E+1	1.16565104E+2	-9.27755473E-1
3.06795364E+3	1.84371640E+2	3.66213952E-7	6.84376872E+1	-8.90744142E+1	1.12329731E+2	-9.15672912E-1
3.28966612E+3	1.75201460E+2	3.51211428E-7	6.69316259E+1	-8.51274085E+1	1.08289050E+2	-9.04494485E-1
3.52740116E+3	1.66771874E+2	3.36757946E-7	6.54172981E+1	-8.14269137E+1	1.04449822E+2	-8.93993743E-1
3.78231664E+3	1.58993766E+2	3.22988539E-7	6.38684341E+1	-7.79455290E+1	1.00770445E+2	-8.84338567E-1
4.05565415E+3	1.51725578E+2	3.09841693E-7	6.23080185E+1	-7.46420139E+1	9.72302406E+1	-8.75217853E-1
4.34874501E+3	1.44982663E+2	2.97348549E-7	6.07242263E+1	-7.15299098E+1	9.38294187E+1	-8.66921023E-1
4.66301673E+3	1.38635663E+2	2.85427672E-7	5.91420578E+1	-6.85668657E+1	9.05494241E+1	-8.59063753E-1
5.00000000E+3	1.32692905E+2	2.74111444E-7	5.75494887E+1	-6.57606646E+1	8.73865478E+1	-8.51889623E-1
5.36133611E+3	1.27025560E+2	2.63316109E-7	5.59699902E+1	-6.30632970E+1	8.43185583E+1	-8.44918728E-1
5.74878498E+3	1.21652209E+2	2.53061335E-7	5.43933663E+1	-6.04849960E+1	8.13453938E+1	-8.38375326E-1
6.16423370E+3	1.16527018E+2	2.43306897E-7	5.28272375E+1	-5.80093381E+1	7.84589090E+1	-8.32118567E-1
6.60970574E+3	1.11621728E+2	2.33971682E-7	5.12877657E+1	-5.56272777E+1	7.56625997E+1	-8.25964311E-1
7.08737081E+3	1.06920932E+2	2.25026920E-7	4.97780375E+1	-5.33334890E+1	7.29541918E+1	-8.19866120E-1
7.59955541E+3	1.02388101E+2	2.16478550E-7	4.82935246E+1	-5.11118153E+1	7.03184345E+1	-8.13742073E-1
8.14875417E+3	9.80284841E+1	2.08244352E-7	4.68491337E+1	-4.89663976E+1	6.77683517E+1	-8.07491860E-1
8.73764200E+3	9.38111554E+1	2.00285028E-7	4.54504646E+1	-4.68830010E+1	6.52974774E+1	-8.00911731E-1
9.36908711E+3	8.97606321E+1	1.92594069E-7	4.40943911E+1	-4.48734335E+1	6.29121641E+1	-7.94154385E-1
1.00461650E+4	8.58519387E+1	1.85107049E-7	4.27922145E+1	-4.29257600E+1	6.06118349E+1	-7.86956121E-1
1.07721735E+4	8.20801376E+1	1.77846985E-7	4.15344794E+1	-4.10370894E+1	5.83879760E+1	-7.79374492E-1
1.15506485E+4	7.84528508E+1	1.70769097E-7	4.03276831E+1	-3.92109627E+1	5.62478592E+1	-7.71359115E-1
1.23853818E+4	7.49630291E+1	1.63817916E-7	3.91807361E+1	-3.74429763E+1	5.41950792E+1	-7.62722914E-1
1.32804389E+4	7.16091410E+1	1.57035827E-7	3.80802659E+1	-3.57321757E+1	5.22196810E+1	-7.53597310E-1
1.42401793E+4	6.83885553E+1	1.50374990E-7	3.70336587E+1	-3.40761850E+1	5.03257225E+1	-7.43831899E-1
1.52692775E+4	6.53033419E+1	1.43837854E-7	3.60372175E+1	-3.24756705E+1	4.85113441E+1	-7.33461309E-1
1.63727458E+4	6.23653769E+1	1.37385660E-7	3.50975863E+1	-3.09359513E+1	4.67854032E+1	-7.22458349E-1
1.75559587E+4	5.95431017E+1	1.31091403E-7	3.41937448E+1	-2.94412650E+1	4.51220683E+1	-7.10853197E-1
1.88246790E+4	5.68577382E+1	1.24827621E-7	3.33531542E+1	-2.79991282E+1	4.35474978E+1	-6.98351714E-1
2.01850863E+4	5.43213951E+1	1.18673796E-7	3.25578934E+1	-2.66190431E+1	4.20546081E+1	-6.85375542E-1
2.16438064E+4	5.18847939E+1	1.12633863E-7	3.17998597E+1	-2.52724671E+1	4.06193177E+1	-6.71522455E-1
2.32079442E+4	4.96013851E+1	1.06693922E-7	3.10878059E+1	-2.39905338E+1	3.92682813E+1	-6.57246539E-1
2.48851178E+4	4.74180506E+1	1.00836701E-7	3.04168857E+1	-2.27403045E+1	3.79777442E+1	-6.41976831E-1
2.66834962E+4	4.53814184E+1	9.51057543E-8	2.97852850E+1	-2.15530659E+1	3.67654494E+1	-6.26399506E-1
2.86118383E+4	4.34485220E+1	8.94412795E-8	2.91980058E+1	-2.03981957E+1	3.56175534E+1	-6.09796541E-1
3.06795364E+4	4.16313694E+1	8.39644236E-8	2.86316129E+1	-1.92925863E+1	3.45249652E+1	-5.92939363E-1
3.28966612E+4	3.99278709E+1	7.85595876E-8	2.81112313E+1	-1.82258111E+1	3.35025609E+1	-5.75211771E-1
3.52740116E+4	3.83263239E+1	7.33183395E-8	2.76151592E+1	-1.71985578E+1	3.25328680E+1	-5.57011457E-1
3.78231664E+4	3.68219645E+1	6.82120617E-8	2.71489004E+1	-1.62053348E+1	3.16176502E+1	-5.38141238E-1
4.05565415E+4	3.54296636E+1	6.32541708E-8	2.67165331E+1	-1.52572766E+1	3.07661786E+1	-5.18883257E-1
4.34874501E+4	3.41176342E+1	5.84772073E-8	2.63013984E+1	-1.43379865E+1	2.99556585E+1	-4.99105496E-1
4.66301673E+4	3.29042147E+1	5.38292029E-8	2.59231648E+1	-1.34525399E+1	2.92058447E+1	-4.78683733E-1
5.00000000E+4	3.17663874E+1	4.93756981E-8	2.55601848E+1	-1.25949051E+1	2.84948192E+1	-4.57834717E-1
5.36133611E+4	3.07144547E+1	4.50923377E-8	2.52239730E+1	-1.17682518E+1	2.78341620E+1	-4.36531585E-1
5.74878498E+4	2.97338636E+1	4.10036498E-8	2.49040573E+1	-1.09673041E+1	2.72120165E+1	-4.14827058E-1
6.16423370E+4	2.88285459E+1	3.70957604E-8	2.46070070E+1	-1.01921255E+1	2.66342680E+1	-3.92684148E-1
6.60970574E+4	2.79887821E+1	3.33788499E-8	2.43267740E+1	-9.43847612E+0	2.60936156E+1	-3.70107782E-1
7.08737081E+4	2.72124348E+1	2.98597476E-8	2.40620102E+1	-8.70663729E+0	2.55887843E+1	-3.47184974E-1
7.59955541E+4	2.64988149E+1	2.65260973E-8	2.38159228E+1	-7.99346859E+0	2.51215790E+1	-3.23821049E-1
8.14875417E+4	2.58404006E+1	2.33933823E-8	2.35814948E+1	-7.29851769E+0	2.46851224E+1	-3.00151187E-1
8.73764200E+4	2.52356323E+1	2.04404530E-8	2.33620665E+1	-6.61591705E+0	2.42807850E+1	-2.75964871E-1
9.36908711E+4	2.46806709E+1	1.76792577E-8	2.31530859E+1	-5.94712415E+0	2.39046793E+1	-2.51425553E-1
1.00461650E+5	2.41753972E+1	1.50988083E-8	2.29566822E+1	-5.28938994E+0	2.35581602E+1	-2.26455303E-1
1.07721735E+5	2.37191299E+1	1.26915137E-8	2.27737101E+1	-4.64011959E+0	2.32416133E+1	-2.00997708E-1
1.15506485E+5	2.33072788E+1	1.04550019E-8	2.26004392E+1	-3.99685882E+0	2.29511380E+1	-1.75038888E-1
1.23853818E+5	2.29366091E+1	8.38813835E-9	2.24337229E+1	-3.35880973E+0	2.26837725E+1	-1.48617527E-1
1.32804389E+5	2.26101752E+1	6.47878559E-9	2.22773205E+1	-2.72303190E+0	2.24431308E+1	-1.21629989E-1
1.42401793E+5	2.23248527E+1	4.72121530E-9	2.21280551E+1	-2.08680110E+0	2.22262361E+1	-9.40275734E-2
1.52692775E+5	2.20813589E+1	3.11061609E-9	2.19858845E+1	-1.44882027E+0	2.20335700E+1	-6.58026074E-2
1.63727458E+5	2.18805054E+1	1.63786064E-9	2.18508063E+1	-8.05569629E-1	2.18656508E+1	-3.68501283E-2
1.75559587E+5	2.17202224E+1	3.02041077E-10	2.17190847E+1	-1.57172380E-1	2.17196535E+1	-7.23647587E-3
1.88246790E+5	2.16456803E+1	-9.41760366E-10	2.16187126E+1	5.20836458E-1	2.16321875E+1	2.40888957E-2
2.01850863E+5	2.15363838E+1	-2.00371815E-9	2.14720683E+1	1.17515116E+0	2.15042020E+1	5.46747515E-2
2.16438064E+5	2.15155299E+1	-2.97756116E-9	2.13534527E+1	1.86034845E+0	2.14343381E+1	8.69022490E-2
2.32079442E+5	2.15448954E+1	-3.84135926E-9	2.12356118E+1	2.56277571E+0	2.13896946E+1	1.20102104E-1
2.48851178E+5	2.16331241E+1	-4.60118131E-9	2.11215106E+1	3.28725336E+0	2.13757868E+1	1.54396658E-1
2.66834962E+5	2.17798822E+1	-5.26308133E-9	2.10040964E+1	4.03665857E+0	2.13884722E+1	1.89869364E-1
2.86118383E+5	2.19959068E+1	-5.81999110E-9	2.08895146E+1	4.80748840E+0	2.14355735E+1	2.26200210E-1
3.06795364E+5	2.22869508E+1	-6.28400487E-9	2.07729375E+1	5.60807364E+0	2.15166315E+1	2.63684043E-1
3.28966612E+5	2.26636196E+1	-6.65776402E-9	2.06545477E+1	6.44176621E+0	2.16357760E+1	3.02321077E-1
3.52740116E+5	2.31302233E+1	-6.94743981E-9	2.05265031E+1	7.31062119E+0	2.17895064E+1	3.42147722E-1
3.78231664E+5	2.37126873E+1	-7.15528386E-9	2.03964508E+1	8.22431535E+0	2.19921497E+1	3.83281676E-1
4.05565415E+5	2.44251843E+1	-7.27970809E-9	2.02648409E+1	9.18196911E+0	2.22479763E+1	4.25427603E-1
4.34874501E+5	2.52592763E+1	-7.33617882E-9	2.01049431E+1	1.01797574E+1	2.25352233E+1	4.68699605E-1
4.66301673E+5	2.62818005E+1	-7.31747040E-9	1.99484271E+1	1.12401310E+1	2.28971725E+1	5.13118069E-1
NaN	NaN	NaN	NaN	NaN	NaN	NaN
