Start time:20240905_21-27-17	sweep/start:500.000	sweep/stop:500000.000	sweep/samplecount:100.000	sweep/xmapping:1.000	sweep/scan:0.000	sweep/averaging/sample:10.000	sweep/settling/time:0.100	sweep/settling/inaccuracy:0.010	sweep/awgcontrol:0.000	sweep/averaging/time:0.100	sweep/averaging/tc:15.000	sweep/bandwidthcontrol:2.000	sweep/sincfilter:0.000	sweep/omegasuppression:80.000	sweep/maxbandwidth:100.000	sweep/bandwidth:1250000.000	sweep/order:8.000	sweep/bandwidthoverlap:1.000																				
Frequency	Param0		Param1		RealZ		ImagZ		AbsZ		PhaseZ		
5.00000000E+2	1.55265497E+3	7.44640808E-7	1.09395917E+2	-3.97349454E+2	4.12133545E+2	-1.30213811E+0
5.36133611E+2	1.40177255E+3	7.35800447E-7	1.07234446E+2	-3.72584070E+2	3.87708821E+2	-1.29055766E+0
5.74878498E+2	1.26511065E+3	7.26347195E-7	1.05278149E+2	-3.49435065E+2	3.64949813E+2	-1.27816468E+0
6.16423370E+2	1.14215299E+3	7.16360136E-7	1.03435223E+2	-3.27780331E+2	3.43713247E+2	-1.26512375E+0
6.60970574E+2	1.03236758E+3	7.05643190E-7	1.01681178E+2	-3.07625151E+2	3.23994292E+2	-1.25156550E+0
7.08737081E+2	9.34036510E+2	6.94351166E-7	9.99936718E+1	-2.88788746E+2	3.05610342E+2	-1.23746440E+0
7.59955541E+2	8.46244937E+2	6.82313349E-7	9.83841029E+1	-2.71251885E+2	2.88542927E+2	-1.22284918E+0
8.14875417E+2	7.67797079E+2	6.69606686E-7	9.68332684E+1	-2.54895256E+2	2.72668804E+2	-1.20774164E+0
8.73764200E+2	6.97561392E+2	6.56251036E-7	9.53453100E+1	-2.39621505E+2	2.57893768E+2	-1.19210192E+0
9.36908711E+2	6.35157207E+2	6.42166448E-7	9.38864074E+1	-2.25428377E+2	2.44197898E+2	-1.17616428E+0
1.00461650E+3	5.79304350E+2	6.27477632E-7	9.24717892E+1	-2.12175088E+2	2.31450430E+2	-1.15979035E+0
1.07721735E+3	5.29634320E+2	6.12056733E-7	9.10970918E+1	-1.99873601E+2	2.19654589E+2	-1.14315153E+0
1.15506485E+3	4.85255542E+2	5.96161965E-7	8.97291412E+1	-1.88388534E+2	2.08666143E+2	-1.12628922E+0
1.23853818E+3	4.45674106E+2	5.79695178E-7	8.83896562E+1	-1.77708319E+2	1.98476645E+2	-1.10924198E+0
1.32804389E+3	4.10416053E+2	5.62777945E-7	8.70528846E+1	-1.67778704E+2	1.89018250E+2	-1.09217844E+0
1.42401793E+3	3.78977421E+2	5.45459642E-7	8.57237126E+1	-1.58552181E+2	1.80242474E+2	-1.07514787E+0
1.52692775E+3	3.50888668E+2	5.27913674E-7	8.43815662E+1	-1.49960941E+2	1.72071303E+2	-1.05826232E+0
1.63727458E+3	3.25776376E+2	5.10201057E-7	8.30290122E+1	-1.41968562E+2	1.64465467E+2	-1.04159785E+0
1.75559587E+3	3.03309065E+2	4.92417567E-7	8.16613527E+1	-1.34536429E+2	1.57380519E+2	-1.02525793E+0
1.88246790E+3	2.83141641E+2	4.74655891E-7	8.02816482E+1	-1.27616353E+2	1.50768289E+2	-1.00926423E+0
2.01850863E+3	2.65070919E+2	4.56997114E-7	7.88824960E+1	-1.21189961E+2	1.44601021E+2	-9.93788968E-1
2.16438064E+3	2.48814273E+2	4.39584080E-7	7.74545893E+1	-1.15206741E+2	1.38822933E+2	-9.78897299E-1
2.32079442E+3	2.34141545E+2	4.22487704E-7	7.60016795E+1	-1.09630720E+2	1.33398464E+2	-9.64613817E-1
2.48851178E+3	2.20862834E+2	4.05786629E-7	7.45221309E+1	-1.04429978E+2	1.28293291E+2	-9.50995348E-1
2.66834962E+3	2.08815974E+2	3.89571898E-7	7.30087595E+1	-9.95746747E+1	1.23472244E+2	-9.38130232E-1
2.86118383E+3	1.97841057E+2	3.73859231E-7	7.14724721E+1	-9.50361760E+1	1.18912527E+2	-9.25981039E-1
3.06795364E+3	1.87817988E+2	3.58706916E-7	6.99092661E+1	-9.07904822E+1	1.14587161E+2	-9.14613496E-1
3.28966612E+3	1.78606782E+2	3.44142002E-7	6.83239803E+1	-8.68041452E+1	1.10467760E+2	-9.03967770E-1
3.52740116E+3	1.70105237E+2	3.30242326E-7	6.67043346E+1	-8.30499123E+1	1.06521155E+2	-8.94117127E-1
3.78231664E+3	1.62227734E+2	3.16931961E-7	6.50734807E+1	-7.95120415E+1	1.02745914E+2	-8.84929916E-1
4.05565415E+3	1.54900476E+2	3.04209455E-7	6.34346360E+1	-7.61715297E+1	9.91264603E+1	-8.76380749E-1
4.34874501E+3	1.48018580E+2	2.92167618E-7	6.17691791E+1	-7.29900964E+1	9.56189619E+1	-8.68472903E-1
4.66301673E+3	1.41555954E+2	2.80660503E-7	6.01108138E+1	-6.99695171E+1	9.22444762E+1	-8.61042896E-1
5.00000000E+3	1.35453751E+2	2.69704081E-7	5.84553950E+1	-6.70892609E+1	8.89831574E+1	-8.54061324E-1
5.36133611E+3	1.29672440E+2	2.59282031E-7	5.68050686E+1	-6.43368935E+1	8.58257057E+1	-8.47491777E-1
5.74878498E+3	1.24157269E+2	2.49336858E-7	5.51726002E+1	-6.16933009E+1	8.27652056E+1	-8.41136804E-1
6.16423370E+3	1.18885795E+2	2.39857239E-7	5.35573311E+1	-5.91508071E+1	7.97947728E+1	-8.34985450E-1
6.60970574E+3	1.13843289E+2	2.30767485E-7	5.19740576E+1	-5.67062152E+1	7.69213727E+1	-8.28912684E-1
7.08737081E+3	1.09003978E+2	2.22044041E-7	5.04251806E+1	-5.43492990E+1	7.41386889E+1	-8.22833663E-1
7.59955541E+3	1.04332198E+2	2.13672022E-7	4.89110731E+1	-5.20644460E+1	7.14352831E+1	-8.16617098E-1
8.14875417E+3	9.98588583E+1	2.05607838E-7	4.74370280E+1	-4.98671796E+1	6.88259205E+1	-8.10367747E-1
8.73764200E+3	9.55259317E+1	1.97803039E-7	4.60119772E+1	-4.77308583E+1	6.62973373E+1	-8.03732242E-1
9.36908711E+3	9.13620438E+1	1.90248131E-7	4.46332164E+1	-4.56690021E+1	6.38575118E+1	-7.96867876E-1
1.00461650E+4	8.73473192E+1	1.82900968E-7	4.33070424E+1	-4.36721196E+1	6.15040975E+1	-7.89595435E-1
1.07721735E+4	8.34874926E+1	1.75724755E-7	4.20380979E+1	-4.17427072E+1	5.92423441E+1	-7.81872425E-1
1.15506485E+4	7.97699601E+1	1.68735099E-7	4.08187115E+1	-3.98740466E+1	5.70623071E+1	-7.73691766E-1
1.23853818E+4	7.61984531E+1	1.61879397E-7	3.96575234E+1	-3.80673442E+1	5.49712825E+1	-7.64941937E-1
1.32804389E+4	7.27668442E+1	1.55175275E-7	3.85466136E+1	-3.63190571E+1	5.29614519E+1	-7.55652900E-1
1.42401793E+4	6.94823913E+1	1.48578660E-7	3.74931088E+1	-3.46320303E+1	5.10402860E+1	-7.45750694E-1
1.52692775E+4	6.63352122E+1	1.42125047E-7	3.64852605E+1	-3.30012562E+1	4.91961110E+1	-7.35300851E-1
1.63727458E+4	6.33415665E+1	1.35769125E-7	3.55317174E+1	-3.14345556E+1	4.74408522E+1	-7.24291850E-1
1.75559587E+4	6.04761245E+1	1.29544929E-7	3.46206362E+1	-2.99187681E+1	4.57572025E+1	-7.12673871E-1
1.88246790E+4	5.77313960E+1	1.23309977E-7	3.37811530E+1	-2.84440920E+1	4.41614417E+1	-6.99837546E-1
2.01850863E+4	5.51457297E+1	1.17243155E-7	3.29742432E+1	-2.70386241E+1	4.26425654E+1	-6.86812977E-1
2.16438064E+4	5.26861450E+1	1.11249428E-7	3.22169656E+1	-2.56798397E+1	4.11993623E+1	-6.72964281E-1
2.32079442E+4	5.03502108E+1	1.05425708E-7	3.14857922E+1	-2.43713014E+1	3.98160265E+1	-6.58710773E-1
2.48851178E+4	4.81604763E+1	9.95962295E-8	3.08231049E+1	-2.31168732E+1	3.85286227E+1	-6.43491675E-1
2.66834962E+4	4.60998209E+1	9.39615046E-8	3.01818108E+1	-2.19188090E+1	3.73011529E+1	-6.28111193E-1
2.86118383E+4	4.41324168E+1	8.84083284E-8	2.95796364E+1	-2.07476685E+1	3.61306072E+1	-6.11676527E-1
3.06795364E+4	4.22899878E+1	8.29722387E-8	2.90152817E+1	-1.96257294E+1	3.50293574E+1	-5.94705920E-1
3.28966612E+4	4.05606888E+1	7.76636229E-8	2.84847320E+1	-1.85467056E+1	3.39905916E+1	-5.77155414E-1
3.52740116E+4	3.89321892E+1	7.25016351E-8	2.79812767E+1	-1.75048665E+1	3.30056406E+1	-5.59025022E-1
3.78231664E+4	3.74153951E+1	6.74905234E-8	2.75086464E+1	-1.65082131E+1	3.20818770E+1	-5.40500348E-1
4.05565415E+4	3.59956172E+1	6.26220656E-8	2.70655827E+1	-1.55465890E+1	3.12128549E+1	-5.21386531E-1
4.34874501E+4	3.46701133E+1	5.79087814E-8	2.66499433E+1	-1.46197445E+1	3.03966531E+1	-5.01755747E-1
4.66301673E+4	3.34290836E+1	5.33425843E-8	2.62610140E+1	-1.37200853E+1	2.96290672E+1	-4.81446446E-1
5.00000000E+4	3.22770936E+1	4.89936765E-8	2.58876705E+1	-1.28610739E+1	2.89063791E+1	-4.61086810E-1
5.36133611E+4	3.12051167E+1	4.47794739E-8	2.55450436E+1	-1.20244254E+1	2.82335982E+1	-4.39946050E-1
5.74878498E+4	3.02084960E+1	4.07596795E-8	2.52199321E+1	-1.12165604E+1	2.76017430E+1	-4.18479311E-1
6.16423370E+4	2.92852271E+1	3.69277401E-8	2.49143366E+1	-1.04354122E+1	2.70115161E+1	-3.96651479E-1
6.60970574E+4	2.84250824E+1	3.32799006E-8	2.46244333E+1	-9.67413142E+0	2.64565974E+1	-3.74342303E-1
7.08737081E+4	2.76302563E+1	2.98175506E-8	2.43524283E+1	-8.93437496E+0	2.59396190E+1	-3.51631239E-1
7.59955541E+4	2.68963716E+1	2.65540111E-8	2.40941906E+1	-8.21682834E+0	2.54567535E+1	-3.28660986E-1
8.14875417E+4	2.62213446E+1	2.34661769E-8	2.38538187E+1	-7.51495329E+0	2.50095822E+1	-3.05198978E-1
8.73764200E+4	2.55994080E+1	2.05624565E-8	2.36262874E+1	-6.82770113E+0	2.45930675E+1	-2.81323194E-1
9.36908711E+4	2.50263366E+1	1.78363438E-8	2.34098946E+1	-6.15148141E+0	2.42046256E+1	-2.56963440E-1
1.00461650E+5	2.45017535E+1	1.52879547E-8	2.32044974E+1	-5.48654441E+0	2.38443049E+1	-2.32179139E-1
1.07721735E+5	2.40274971E+1	1.29083906E-8	2.30133351E+1	-4.83107067E+0	2.35149493E+1	-2.06920208E-1
1.15506485E+5	2.35977798E+1	1.06989907E-8	2.28312480E+1	-4.18340443E+0	2.32113499E+1	-1.81221273E-1
1.23853818E+5	2.32104366E+1	8.64754173E-9	2.26576648E+1	-3.53899858E+0	2.29323852E+1	-1.54942389E-1
1.32804389E+5	2.28669278E+1	6.74847524E-9	2.24939465E+1	-2.89648586E+0	2.26796704E+1	-1.28062625E-1
1.42401793E+5	2.25646302E+1	4.99560620E-9	2.23374047E+1	-2.25291318E+0	2.24507300E+1	-1.00518404E-1
1.52692775E+5	2.23052448E+1	3.38566900E-9	2.21887695E+1	-1.60761869E+0	2.22469309E+1	-7.23255339E-2
1.63727458E+5	2.20871099E+1	1.91545260E-9	2.20453515E+1	-9.59463885E-1	2.20662208E+1	-4.34948320E-2
1.75559587E+5	2.19124564E+1	5.70654312E-10	2.19082878E+1	-3.02187886E-1	2.19103720E+1	-1.37924385E-2
1.88246790E+5	2.17684210E+1	-6.43846995E-10	2.17529389E+1	3.60510495E-1	2.17606771E+1	1.65701342E-2
2.01850863E+5	2.16981024E+1	-1.74722646E-9	2.16480547E+1	1.04087882E+0	2.16730641E+1	4.80448692E-2
2.16438064E+5	2.16647672E+1	-2.73312367E-9	2.15251938E+1	1.73330082E+0	2.15948678E+1	8.03509082E-2
2.32079442E+5	2.16804759E+1	-3.61023814E-9	2.14016773E+1	2.44269372E+0	2.15406255E+1	1.13643844E-1
2.48851178E+5	2.17553894E+1	-4.38081237E-9	2.12827710E+1	3.17153295E+0	2.15177827E+1	1.47930200E-1
2.66834962E+5	2.18913903E+1	-5.05101997E-9	2.11640281E+1	3.92349874E+0	2.15246370E+1	1.83304198E-1
2.86118383E+5	2.20940477E+1	-5.62841241E-9	2.10424026E+1	4.70416047E+0	2.15618145E+1	2.19939832E-1
3.06795364E+5	2.23730539E+1	-6.10873080E-9	2.09209694E+1	5.51171460E+0	2.16348325E+1	2.57600688E-1
3.28966612E+5	2.27362124E+1	-6.49649569E-9	2.07976777E+1	6.34956258E+0	2.17453538E+1	2.96313430E-1
3.52740116E+5	2.31917871E+1	-6.80313144E-9	2.06648802E+1	7.22621157E+0	2.18919047E+1	3.36394707E-1
3.78231664E+5	2.37651265E+1	-7.02576607E-9	2.05323049E+1	8.14721735E+0	2.20896538E+1	3.77744620E-1
4.05565415E+5	2.44594244E+1	-7.15841788E-9	2.03986381E+1	9.10133813E+0	2.23369407E+1	4.19667448E-1
4.34874501E+5	2.52873170E+1	-7.23468746E-9	2.02317837E+1	1.01134729E+1	2.26187423E+1	4.63551950E-1
4.66301673E+5	2.62883469E+1	-7.22428342E-9	2.00734573E+1	1.11693290E+1	2.29716763E+1	5.07760744E-1
NaN	NaN	NaN	NaN	NaN	NaN	NaN
