Start time:20240907_09-21-48	sweep/start:500.000	sweep/stop:500000.000	sweep/samplecount:100.000	sweep/xmapping:1.000	sweep/scan:0.000	sweep/averaging/sample:10.000	sweep/settling/time:0.100	sweep/settling/inaccuracy:0.010	sweep/awgcontrol:0.000	sweep/averaging/time:0.100	sweep/averaging/tc:15.000	sweep/bandwidthcontrol:2.000	sweep/sincfilter:0.000	sweep/omegasuppression:80.000	sweep/maxbandwidth:100.000	sweep/bandwidth:1250000.000	sweep/order:8.000	sweep/bandwidthoverlap:1.000																				
Frequency	Param0		Param1		RealZ		ImagZ		AbsZ		PhaseZ		
5.00000000E+2	1.57616480E+3	7.68179503E-7	1.01894109E+2	-3.87581457E+2	4.00751547E+2	-1.31371638E+0
5.36133611E+2	1.42020199E+3	7.59741829E-7	9.99363795E+1	-3.63238772E+2	3.76735579E+2	-1.30231310E+0
5.74878498E+2	1.27963530E+3	7.50889278E-7	9.80878539E+1	-3.40434148E+2	3.54283276E+2	-1.29026859E+0
6.16423370E+2	1.15356013E+3	7.41228032E-7	9.63922845E+1	-3.19222022E+2	3.33457917E+2	-1.27754233E+0
6.60970574E+2	1.04068853E+3	7.31121988E-7	9.47378446E+1	-2.99361444E+2	3.13994488E+2	-1.26430202E+0
7.08737081E+2	9.39661529E+2	7.20206435E-7	9.32008812E+1	-2.80875133E+2	2.95934534E+2	-1.25040553E+0
7.59955541E+2	8.49179774E+2	7.08712418E-7	9.17238142E+1	-2.63584354E+2	2.79087753E+2	-1.23591634E+0
8.14875417E+2	7.68427610E+2	6.96533704E-7	9.02984239E+1	-2.47455007E+2	2.63415618E+2	-1.22090225E+0
8.73764200E+2	6.96297528E+2	6.83542428E-7	8.89540222E+1	-2.32434146E+2	2.48874370E+2	-1.20528657E+0
9.36908711E+2	6.31727572E+2	6.69840301E-7	8.76765073E+1	-2.18404412E+2	2.35345827E+2	-1.18904824E+0
1.00461650E+3	5.74406927E+2	6.55478236E-7	8.63993421E+1	-2.05337579E+2	2.22774257E+2	-1.17251627E+0
1.07721735E+3	5.23091388E+2	6.40283242E-7	8.52100261E+1	-1.93162817E+2	2.11122295E+2	-1.15534264E+0
1.15506485E+3	4.77444882E+2	6.24405750E-7	8.40401590E+1	-1.81829014E+2	2.00311107E+2	-1.13784881E+0
1.23853818E+3	4.36829142E+2	6.07935983E-7	8.28759353E+1	-1.71272296E+2	1.90269863E+2	-1.12012438E+0
1.32804389E+3	4.00618983E+2	5.90803676E-7	8.17485789E+1	-1.61453399E+2	1.80969696E+2	-1.10209814E+0
1.42401793E+3	3.68387704E+2	5.73183972E-7	8.06214967E+1	-1.52315924E+2	1.72336783E+2	-1.08398093E+0
1.52692775E+3	3.39679634E+2	5.55074063E-7	7.95096170E+1	-1.43826342E+2	1.64340489E+2	-1.06579309E+0
1.63727458E+3	3.14129225E+2	5.36641023E-7	7.83878329E+1	-1.35938425E+2	1.56920069E+2	-1.04772876E+0
1.75559587E+3	2.91292722E+2	5.17965203E-7	7.72673476E+1	-1.28596934E+2	1.50024714E+2	-1.02975275E+0
1.88246790E+3	2.70949128E+2	4.99114401E-7	7.61407342E+1	-1.21790202E+2	1.43632395E+2	-1.01206796E+0
2.01850863E+3	2.52756264E+2	4.80230489E-7	7.50047842E+1	-1.15465192E+2	1.37687793E+2	-9.94710907E-1
2.16438064E+3	2.36474659E+2	4.61494557E-7	7.38390672E+1	-1.09584944E+2	1.32140334E+2	-9.77866915E-1
2.32079442E+3	2.21886902E+2	4.42936696E-7	7.26568496E+1	-1.04127733E+2	1.26970874E+2	-9.61570894E-1
2.48851178E+3	2.08775000E+2	4.24677133E-7	7.14536258E+1	-9.90560927E+1	1.22138161E+2	-9.45887980E-1
2.66834962E+3	1.96981984E+2	4.06869212E-7	7.02117119E+1	-9.43438253E+1	1.17602900E+2	-9.31010493E-1
2.86118383E+3	1.86305737E+2	3.89551097E-7	6.89437477E+1	-8.99520697E+1	1.13334087E+2	-9.16850190E-1
3.06795364E+3	1.76633867E+2	3.72808450E-7	6.76420870E+1	-8.58628616E+1	1.09306373E+2	-9.03543666E-1
3.28966612E+3	1.67835540E+2	3.56668453E-7	6.63132922E+1	-8.20504356E+1	1.05497521E+2	-8.91074380E-1
3.52740116E+3	1.59790228E+2	3.41221040E-7	6.49475110E+1	-7.84843799E+1	1.01872358E+2	-8.79497808E-1
3.78231664E+3	1.52397991E+2	3.26464982E-7	6.35521215E+1	-7.51421521E+1	9.84134918E+1	-8.68769771E-1
4.05565415E+3	1.45555143E+2	3.12440935E-7	6.21236933E+1	-7.19935371E+1	9.50916549E+1	-8.58856916E-1
4.34874501E+3	1.39232702E+2	2.99112754E-7	6.06701916E+1	-6.90391368E+1	9.19090563E+1	-8.49829620E-1
4.66301673E+3	1.33323855E+2	2.86427234E-7	5.92074474E+1	-6.62438158E+1	8.88468629E+1	-8.41427921E-1
5.00000000E+3	1.27779044E+2	2.74445442E-7	5.77204978E+1	-6.35909890E+1	8.58805559E+1	-8.33752328E-1
5.36133611E+3	1.22559936E+2	2.63092632E-7	5.62244832E+1	-6.10710762E+1	8.30112580E+1	-8.26694168E-1
5.74878498E+3	1.17595502E+2	2.52348058E-7	5.47228397E+1	-5.86563764E+1	8.02194474E+1	-8.20077883E-1
6.16423370E+3	1.12882431E+2	2.42182562E-7	5.32180383E+1	-5.63491067E+1	7.75072995E+1	-8.13967098E-1
6.60970574E+3	1.08357229E+2	2.32517393E-7	5.17257781E+1	-5.41230609E+1	7.48656256E+1	-8.08042465E-1
7.08737081E+3	1.04026637E+2	2.23323766E-7	5.02481170E+1	-5.19833559E+1	7.22989805E+1	-8.02370159E-1
7.59955541E+3	9.98466022E+1	2.14568532E-7	4.87892156E+1	-4.99104173E+1	6.97956829E+1	-7.96757410E-1
8.14875417E+3	9.58210387E+1	2.06200133E-7	4.73566482E+1	-4.79073159E+1	6.73629211E+1	-7.91178542E-1
8.73764200E+3	9.19268570E+1	1.98190649E-7	4.59528787E+1	-4.59634262E+1	6.49946433E+1	-7.85512920E-1
9.36908711E+3	8.81519798E+1	1.90482238E-7	4.45870943E+1	-4.40730251E+1	6.26932260E+1	-7.79600030E-1
1.00461650E+4	8.45112962E+1	1.83020392E-7	4.32678882E+1	-4.22435211E+1	6.04700361E+1	-7.73419431E-1
1.07721735E+4	8.09763957E+1	1.75823833E-7	4.19866684E+1	-4.04604583E+1	5.83089105E+1	-7.66888896E-1
1.15506485E+4	7.75661845E+1	1.68823555E-7	4.07556890E+1	-3.87328929E+1	5.62251122E+1	-7.59956020E-1
1.23853818E+4	7.42624184E+1	1.62010768E-7	3.95727259E+1	-3.70508514E+1	5.42103891E+1	-7.52497526E-1
1.32804389E+4	7.10683317E+1	1.55352141E-7	3.84416319E+1	-3.54150176E+1	5.22683709E+1	-7.44441502E-1
1.42401793E+4	6.79954645E+1	1.48871438E-7	3.73539639E+1	-3.38316624E+1	5.03974212E+1	-7.35957958E-1
1.52692775E+4	6.50304643E+1	1.42510728E-7	3.63188451E+1	-3.22919872E+1	4.85986746E+1	-7.26774075E-1
1.63727458E+4	6.21800706E+1	1.36217919E-7	3.53450385E+1	-3.07974784E+1	4.68802383E+1	-7.16752259E-1
1.75559587E+4	5.94314714E+1	1.30094620E-7	3.44055742E+1	-2.93432931E+1	4.52191692E+1	-7.06154689E-1
1.88246790E+4	5.68434864E+1	1.24058589E-7	3.35218815E+1	-2.79603917E+1	4.36520375E+1	-6.95186916E-1
2.01850863E+4	5.43476481E+1	1.18097363E-7	3.26880016E+1	-2.66084574E+1	4.21487341E+1	-6.83227192E-1
2.16438064E+4	5.19847108E+1	1.12217628E-7	3.19049478E+1	-2.53109311E+1	4.07255359E+1	-6.70656379E-1
2.32079442E+4	4.96956366E+1	1.06453245E-7	3.11552530E+1	-2.40339219E+1	3.93481865E+1	-6.57072357E-1
2.48851178E+4	4.75455917E+1	1.00817836E-7	3.04440008E+1	-2.28175196E+1	3.80457283E+1	-6.43175664E-1
2.66834962E+4	4.54996822E+1	9.52446314E-8	2.97794290E+1	-2.16365328E+1	3.68097045E+1	-6.28329768E-1
2.86118383E+4	4.35802576E+1	8.97433713E-8	2.91633295E+1	-2.05047652E+1	3.56503203E+1	-6.12804144E-1
3.06795364E+4	4.17547610E+1	8.43740531E-8	2.85757070E+1	-1.94062024E+1	3.45423188E+1	-5.96571482E-1
3.28966612E+4	4.00333007E+1	7.91187580E-8	2.80224979E+1	-1.83459148E+1	3.34937763E+1	-5.79661802E-1
3.52740116E+4	3.84217555E+1	7.39893606E-8	2.75035503E+1	-1.73288563E+1	3.25074552E+1	-5.62228908E-1
3.78231664E+4	3.68965315E+1	6.89558907E-8	2.70188282E+1	-1.63365781E+1	3.15737390E+1	-5.43821951E-1
4.05565415E+4	3.54748580E+1	6.40798382E-8	2.65618533E+1	-1.53865456E+1	3.06965461E+1	-5.25039122E-1
4.34874501E+4	3.41423243E+1	5.93571791E-8	2.61299818E+1	-1.44693561E+1	2.98686841E+1	-5.05714179E-1
4.66301673E+4	3.28945833E+1	5.47449948E-8	2.57315460E+1	-1.35763022E+1	2.90934438E+1	-4.85493331E-1
5.00000000E+4	3.17331725E+1	5.03227698E-8	2.53523796E+1	-1.27188141E+1	2.83639106E+1	-4.64991713E-1
5.36133611E+4	3.06551840E+1	4.60447148E-8	2.50024789E+1	-1.18882977E+1	2.76849343E+1	-4.43843785E-1
5.74878498E+4	2.96503315E+1	4.19444628E-8	2.46716106E+1	-1.10830073E+1	2.70466529E+1	-4.22205978E-1
6.16423370E+4	2.87183822E+1	3.80206963E-8	2.43614467E+1	-1.03024869E+1	2.64503560E+1	-4.00091667E-1
6.60970574E+4	2.78526446E+1	3.42771850E-8	2.40688879E+1	-9.54310250E+0	2.58917396E+1	-3.77477907E-1
7.08737081E+4	2.70566540E+1	3.07077590E-8	2.37988134E+1	-8.80526703E+0	2.53755051E+1	-3.54369056E-1
7.59955541E+4	2.63206564E+1	2.73264440E-8	2.35436914E+1	-8.08578949E+0	2.48934813E+1	-3.30816690E-1
8.14875417E+4	2.56418516E+1	2.41342171E-8	2.33024293E+1	-7.38337403E+0	2.44441697E+1	-3.06842910E-1
8.73764200E+4	2.50212371E+1	2.11193627E-8	2.30788256E+1	-6.69541368E+0	2.40304134E+1	-2.82359503E-1
9.36908711E+4	2.44531787E+1	1.82913980E-8	2.28677650E+1	-6.02120047E+0	2.36471889E+1	-2.57461432E-1
1.00461650E+5	2.39338424E+1	1.56420464E-8	2.26679831E+1	-5.35672146E+0	2.32923149E+1	-2.32055139E-1
1.07721735E+5	2.34650695E+1	1.31730894E-8	2.24810535E+1	-4.70337202E+0	2.29677923E+1	-2.06240167E-1
1.15506485E+5	2.30419924E+1	1.08721451E-8	2.23047004E+1	-4.05525251E+0	2.26703493E+1	-1.79847095E-1
1.23853818E+5	2.26652889E+1	8.73634187E-9	2.21395984E+1	-3.41153528E+0	2.24009016E+1	-1.52889496E-1
1.32804389E+5	2.23305386E+1	6.76519318E-9	2.19812297E+1	-2.77091560E+0	2.21551956E+1	-1.25396863E-1
1.42401793E+5	2.20399461E+1	4.95072193E-9	2.18318613E+1	-2.13140119E+0	2.19356570E+1	-9.73195940E-2
1.52692775E+5	2.17928631E+1	3.28486121E-9	2.16905500E+1	-1.48970493E+0	2.17416463E+1	-6.85722224E-2
1.63727458E+5	2.15892855E+1	1.75957141E-9	2.15563647E+1	-8.42407065E-1	2.15728188E+1	-3.90594005E-2
1.75559587E+5	2.14274196E+1	3.75147392E-10	2.14257346E+1	-1.89982072E-1	2.14265771E+1	-8.86676449E-3
1.88246790E+5	2.13108724E+1	-8.88687711E-10	2.12867819E+1	4.76652409E-1	2.12988198E+1	2.23853973E-2
2.01850863E+5	2.12439802E+1	-2.00617668E-9	2.11820928E+1	1.14494405E+0	2.12130140E+1	5.39999114E-2
2.16438064E+5	2.12256047E+1	-3.00833290E-9	2.10667507E+1	1.82935113E+0	2.11460285E+1	8.66186566E-2
2.32079442E+5	2.12599968E+1	-3.90220253E-9	2.09533536E+1	2.53479643E+0	2.11061183E+1	1.20388301E-1
2.48851178E+5	2.13516415E+1	-4.68157836E-9	2.08425024E+1	3.25756423E+0	2.10955360E+1	1.55039981E-1
2.66834962E+5	2.15028861E+1	-5.35812046E-9	2.07293986E+1	4.00422413E+0	2.11126003E+1	1.90816295E-1
2.86118383E+5	2.17234989E+1	-5.93065230E-9	2.06175067E+1	4.77522665E+0	2.11632791E+1	2.27597233E-1
3.06795364E+5	2.19958079E+1	-6.41944098E-9	2.04786420E+1	5.57400002E+0	2.12236725E+1	2.65748183E-1
3.28966612E+5	2.23753574E+1	-6.80330214E-9	2.03597070E+1	6.40608721E+0	2.13437511E+1	3.04838177E-1
3.52740116E+5	2.28528652E+1	-7.09623738E-9	2.02383952E+1	7.27410256E+0	2.15059365E+1	3.45042872E-1
3.78231664E+5	2.34408867E+1	-7.30032637E-9	2.01142012E+1	8.18006697E+0	2.17139286E+1	3.86252653E-1
4.05565415E+5	2.41480068E+1	-7.43219584E-9	1.99708907E+1	9.13348788E+0	2.19603548E+1	4.28941007E-1
4.34874501E+5	2.50060658E+1	-7.47292468E-9	1.98348877E+1	1.01276632E+1	2.22708884E+1	4.72090415E-1
4.66301673E+5	2.60283565E+1	-7.44663468E-9	1.96814209E+1	1.11765960E+1	2.26334916E+1	5.16463610E-1
5.00000000E+5	2.72409966E+1	-7.36157491E-9	1.95009501E+1	1.22856744E+1	2.30483228E+1	5.62189435E-1
