Start time:20240909_07-17-45	sweep/start:500.000	sweep/stop:500000.000	sweep/samplecount:100.000	sweep/xmapping:1.000	sweep/scan:0.000	sweep/averaging/sample:10.000	sweep/settling/time:0.100	sweep/settling/inaccuracy:0.010	sweep/awgcontrol:0.000	sweep/averaging/time:0.100	sweep/averaging/tc:15.000	sweep/bandwidthcontrol:2.000	sweep/sincfilter:0.000	sweep/omegasuppression:80.000	sweep/maxbandwidth:100.000	sweep/bandwidth:1250000.000	sweep/order:8.000	sweep/bandwidthoverlap:1.000																				
Frequency	Param0		Param1		RealZ		ImagZ		AbsZ		PhaseZ		
5.00000000E+2	1.52976130E+3	8.76357258E-7	8.16387059E+1	-3.43835391E+2	3.53394480E+2	-1.33767765E+0
5.36133611E+2	1.36945882E+3	8.68392089E-7	8.03271090E+1	-3.21795186E+2	3.31669400E+2	-1.32617360E+0
5.74878498E+2	1.22689439E+3	8.59866972E-7	7.90487700E+1	-3.01223635E+2	3.11423174E+2	-1.31415765E+0
6.16423370E+2	1.09892450E+3	8.50601946E-7	7.78987658E+1	-2.82022308E+2	2.92582988E+2	-1.30130098E+0
6.60970574E+2	9.84961395E+2	8.40602919E-7	7.68094232E+1	-2.64110957E+2	2.75053245E+2	-1.28778034E+0
7.08737081E+2	8.83727609E+2	8.29950404E-7	7.57413359E+1	-2.47382161E+2	2.58717386E+2	-1.27368738E+0
7.59955541E+2	7.93583133E+2	8.18402097E-7	7.47441699E+1	-2.31795163E+2	2.43548129E+2	-1.25886543E+0
8.14875417E+2	7.13262722E+2	8.06104108E-7	7.37901724E+1	-2.17225169E+2	2.29416140E+2	-1.24333178E+0
8.73764200E+2	6.41955162E+2	7.92876100E-7	7.28789681E+1	-2.03650874E+2	2.16298459E+2	-1.22713449E+0
9.36908711E+2	5.78504938E+2	7.78786461E-7	7.20066824E+1	-1.90974481E+2	2.04098544E+2	-1.21023073E+0
1.00461650E+3	5.22262526E+2	7.63739935E-7	7.11614576E+1	-1.79167528E+2	1.92782149E+2	-1.19272480E+0
1.07721735E+3	4.72197220E+2	7.47778112E-7	7.03552638E+1	-1.68141879E+2	1.82267813E+2	-1.17450542E+0
1.15506485E+3	4.27859508E+2	7.30787821E-7	6.95773363E+1	-1.57887028E+2	1.72537881E+2	-1.15572158E+0
1.23853818E+3	3.88530730E+2	7.13018576E-7	6.87954388E+1	-1.48311585E+2	1.63490486E+2	-1.13647846E+0
1.32804389E+3	3.53660508E+2	6.94281844E-7	6.80394659E+1	-1.39404093E+2	1.55122115E+2	-1.11673524E+0
1.42401793E+3	3.22652132E+2	6.74658880E-7	6.73118022E+1	-1.31100787E+2	1.47371284E+2	-1.09645815E+0
1.52692775E+3	2.95182612E+2	6.54294122E-7	6.65815568E+1	-1.23371850E+2	1.40191716E+2	-1.07590936E+0
1.63727458E+3	2.70764831E+2	6.33190224E-7	6.58685839E+1	-1.16173255E+2	1.33547353E+2	-1.05500580E+0
1.75559587E+3	2.49101838E+2	6.11489774E-7	6.51553863E+1	-1.09476489E+2	1.27398297E+2	-1.03394757E+0
1.88246790E+3	2.29834310E+2	5.89299048E-7	6.44452260E+1	-1.03240188E+2	1.21703425E+2	-1.01275367E+0
2.01850863E+3	2.12738008E+2	5.66712377E-7	6.37329978E+1	-9.74501698E+1	1.16440675E+2	-9.91610075E-1
2.16438064E+3	1.97500288E+2	5.43891080E-7	6.30193954E+1	-9.20592427E+1	1.11563204E+2	-9.70513141E-1
2.32079442E+3	1.83928805E+2	5.20938455E-7	6.23040781E+1	-8.70500782E+1	1.07049121E+2	-9.49593227E-1
2.48851178E+3	1.71806627E+2	4.98047852E-7	6.15787022E+1	-8.23874518E+1	1.02857323E+2	-9.28943224E-1
2.66834962E+3	1.61000928E+2	4.75328921E-7	6.08416294E+1	-7.80631448E+1	9.89725143E+1	-9.08749443E-1
2.86118383E+3	1.51304567E+2	4.52919721E-7	6.00953558E+1	-7.40354624E+1	9.53556585E+1	-8.88955563E-1
3.06795364E+3	1.42622313E+2	4.30965998E-7	5.93309804E+1	-7.02976246E+1	9.19887027E+1	-8.69797686E-1
3.28966612E+3	1.34807266E+2	4.09551343E-7	5.85536334E+1	-6.68201098E+1	8.88451188E+1	-8.51237533E-1
3.52740116E+3	1.27764834E+2	3.88755739E-7	5.77640157E+1	-6.35887418E+1	8.59081470E+1	-8.33359651E-1
3.78231664E+3	1.21383084E+2	3.68737743E-7	5.69491771E+1	-6.05760491E+1	8.31424477E+1	-8.16248747E-1
4.05565415E+3	1.15595761E+2	3.49463729E-7	5.61235079E+1	-5.77736192E+1	8.05458838E+1	-7.99884888E-1
4.34874501E+3	1.10299181E+2	3.31029034E-7	5.52788393E+1	-5.51494375E+1	7.80846376E+1	-7.84226346E-1
4.66301673E+3	1.05479638E+2	3.13460345E-7	5.44153314E+1	-5.27131956E+1	7.57608696E+1	-7.69510775E-1
5.00000000E+3	1.01042858E+2	2.96788740E-7	5.35304684E+1	-5.04317391E+1	7.35450300E+1	-7.55600679E-1
5.36133611E+3	9.69401533E+1	2.80889277E-7	5.26458608E+1	-4.82898646E+1	7.14387692E+1	-7.42268787E-1
5.74878498E+3	9.31379666E+1	2.65921156E-7	5.17337216E+1	-4.62816983E+1	6.94145057E+1	-7.29831288E-1
6.16423370E+3	8.96016070E+1	2.51733436E-7	5.08179643E+1	-4.43948839E+1	6.74786725E+1	-7.18039992E-1
6.60970574E+3	8.62773568E+1	2.38372519E-7	4.98854926E+1	-4.26078157E+1	6.56047895E+1	-7.06876659E-1
7.08737081E+3	8.31590884E+1	2.25741675E-7	4.89507342E+1	-4.09209483E+1	6.38020251E+1	-6.96287552E-1
7.59955541E+3	8.02202420E+1	2.13858422E-7	4.80058059E+1	-3.93253086E+1	6.20567268E+1	-6.86326047E-1
8.14875417E+3	7.74261514E+1	2.02607390E-7	4.70646639E+1	-3.78014962E+1	6.03658493E+1	-6.76678245E-1
8.73764200E+3	7.47777288E+1	1.92018256E-7	4.61189687E+1	-3.63553629E+1	5.87253924E+1	-6.67563026E-1
9.36908711E+3	7.22526806E+1	1.82014758E-7	4.51764760E+1	-3.49743829E+1	5.71324905E+1	-6.58792839E-1
1.00461650E+4	6.98302165E+1	1.72533029E-7	4.42425095E+1	-3.36461635E+1	5.55829470E+1	-6.50183519E-1
1.07721735E+4	6.75243233E+1	1.63552040E-7	4.33202029E+1	-3.23809722E+1	5.40848164E+1	-6.41886165E-1
1.15506485E+4	6.52901771E+1	1.55049912E-7	4.24024664E+1	-3.11527735E+1	5.26162001E+1	-6.33632103E-1
1.23853818E+4	6.31538929E+1	1.46977302E-7	4.15002807E+1	-2.99771736E+1	5.11947680E+1	-6.25560237E-1
1.32804389E+4	6.10944311E+1	1.39299790E-7	4.06132021E+1	-2.88410855E+1	4.98120513E+1	-6.17499390E-1
1.42401793E+4	5.91098285E+1	1.31978306E-7	3.97454779E+1	-2.77424799E+1	4.84700766E+1	-6.09384728E-1
1.52692775E+4	5.71955168E+1	1.25015939E-7	3.88926524E+1	-2.66804543E+1	4.71644491E+1	-6.01269731E-1
1.63727458E+4	5.53576776E+1	1.18407996E-7	3.80544820E+1	-2.56605472E+1	4.58977952E+1	-5.93276077E-1
1.75559587E+4	5.35783450E+1	1.12067856E-7	3.72412772E+1	-2.46660220E+1	4.46690699E+1	-5.84994458E-1
1.88246790E+4	5.18375077E+1	1.05933947E-7	3.64573967E+1	-2.36794858E+1	4.34725241E+1	-5.76031479E-1
2.01850863E+4	5.01832598E+1	1.00128973E-7	3.56890813E+1	-2.27438654E+1	4.23201405E+1	-5.67379803E-1
2.16438064E+4	4.85739232E+1	9.45746320E-8	3.49380822E+1	-2.18268099E+1	4.11956257E+1	-5.58403972E-1
2.32079442E+4	4.70174543E+1	8.92233018E-8	3.42143215E+1	-2.09296373E+1	4.01082296E+1	-5.48993705E-1
2.48851178E+4	4.54936949E+1	8.41230193E-8	3.34987066E+1	-2.00453283E+1	3.90381809E+1	-5.39235665E-1
2.66834962E+4	4.40685296E+1	7.91848444E-8	3.28310018E+1	-1.92077823E+1	3.80370066E+1	-5.29354407E-1
2.86118383E+4	4.26644509E+1	7.44301129E-8	3.21777886E+1	-1.83694690E+1	3.70519585E+1	-5.18728089E-1
3.06795364E+4	4.13167188E+1	6.98692192E-8	3.15477428E+1	-1.75553140E+1	3.61033128E+1	-5.07795610E-1
3.28966612E+4	4.00246326E+1	6.54701061E-8	3.09461898E+1	-1.67613578E+1	3.51938895E+1	-4.96393755E-1
3.52740116E+4	3.87699228E+1	6.12268234E-8	3.03652672E+1	-1.59752783E+1	3.43112087E+1	-4.84311806E-1
3.78231664E+4	3.75760383E+1	5.71798839E-8	2.98050827E+1	-1.52188653E+1	3.34657572E+1	-4.72101997E-1
4.05565415E+4	3.64222917E+1	5.32399674E-8	2.92743757E+1	-1.44654985E+1	3.26533279E+1	-4.58944757E-1
4.34874501E+4	3.53206273E+1	4.94600685E-8	2.87661798E+1	-1.37312182E+1	3.18753746E+1	-4.45354992E-1
4.66301673E+4	3.42646329E+1	4.58093341E-8	2.82830046E+1	-1.30068581E+1	3.11304796E+1	-4.31041741E-1
5.00000000E+4	3.32544884E+1	4.23278275E-8	2.78152783E+1	-1.23001247E+1	3.04135305E+1	-4.16354808E-1
5.36133611E+4	3.22925758E+1	3.89719253E-8	2.73729071E+1	-1.16045517E+1	2.97311566E+1	-4.00974999E-1
5.74878498E+4	3.13777553E+1	3.57426779E-8	2.69543329E+1	-1.09192668E+1	2.90820642E+1	-3.84897300E-1
6.16423370E+4	3.05087904E+1	3.26544634E-8	2.65551132E+1	-1.02464790E+1	2.84633867E+1	-3.68255085E-1
6.60970574E+4	2.96852631E+1	2.96911853E-8	2.61777935E+1	-9.58216064E+0	2.78764181E+1	-3.50893674E-1
7.08737081E+4	2.89071839E+1	2.68644908E-8	2.58194118E+1	-8.92885473E+0	2.73197087E+1	-3.32945653E-1
7.59955541E+4	2.81729134E+1	2.41581412E-8	2.54816609E+1	-8.28115756E+0	2.67935183E+1	-3.14218334E-1
8.14875417E+4	2.74807290E+1	2.15954763E-8	2.51579909E+1	-7.64430615E+0	2.62937242E+1	-2.94986992E-1
8.73764200E+4	2.68312884E+1	1.91500118E-8	2.48535962E+1	-7.01090219E+0	2.58235165E+1	-2.74943892E-1
9.36908711E+4	2.62249376E+1	1.68344133E-8	2.45657003E+1	-6.38438011E+0	2.53817642E+1	-2.54265030E-1
1.00461650E+5	2.56587399E+1	1.46362352E-8	2.42935865E+1	-5.75885984E+0	2.49668344E+1	-2.32756326E-1
1.07721735E+5	2.51335538E+1	1.25692120E-8	2.40347261E+1	-5.13906765E+0	2.45779999E+1	-2.10646530E-1
1.15506485E+5	2.46493016E+1	1.06172362E-8	2.37910427E+1	-4.51872396E+0	2.42163702E+1	-1.87698085E-1
1.23853818E+5	2.42037850E+1	8.78562583E-9	2.35586637E+1	-3.89848535E+0	2.38790459E+1	-1.63993765E-1
1.32804389E+5	2.38001648E+1	7.07052051E-9	2.33399521E+1	-3.27735576E+0	2.35689351E+1	-1.39506118E-1
1.42401793E+5	2.34324573E+1	5.46268390E-9	2.31290701E+1	-2.64897224E+0	2.32802695E+1	-1.14033129E-1
1.52692775E+5	2.31072510E+1	3.96548367E-9	2.29300398E+1	-2.01580084E+0	2.30184748E+1	-8.76854927E-2
1.63727458E+5	2.28230031E+1	2.57712247E-9	2.27397488E+1	-1.37592553E+0	2.27813379E+1	-6.04338242E-2
1.75559587E+5	2.25820196E+1	1.29360067E-9	2.25585961E+1	-7.26908252E-1	2.25703048E+1	-3.22119659E-2
1.88246790E+5	2.23965012E+1	1.48107471E-10	2.23814201E+1	-8.77489765E-2	2.23889586E+1	-3.92076059E-3
2.01850863E+5	2.22346889E+1	-9.73723087E-10	2.22179369E+1	6.10071582E-1	2.22263114E+1	2.74516162E-2
2.16438064E+5	2.21311424E+1	-1.96039065E-9	2.20543681E+1	1.30123135E+0	2.20927219E+1	5.89327547E-2
2.32079442E+5	2.20826921E+1	-2.85172442E-9	2.18980379E+1	2.01085741E+0	2.19901712E+1	9.15713899E-2
2.48851178E+5	2.20880290E+1	-3.65417191E-9	2.17417498E+1	2.74384710E+0	2.19142055E+1	1.25538102E-1
2.66834962E+5	2.21603736E+1	-4.35893127E-9	2.15940090E+1	3.49713967E+0	2.18753584E+1	1.60555534E-1
2.86118383E+5	2.22979620E+1	-4.98155946E-9	2.14429026E+1	4.28193121E+0	2.18662532E+1	1.97097370E-1
3.06795364E+5	2.25120762E+1	-5.51316241E-9	2.12932752E+1	5.09433461E+0	2.18941963E+1	2.34832083E-1
3.28966612E+5	2.28101322E+1	-5.96218939E-9	2.11396961E+1	5.94242372E+0	2.19590358E+1	2.74030942E-1
3.52740116E+5	2.32055735E+1	-6.32165617E-9	2.09870328E+1	6.82352672E+0	2.20684418E+1	3.14349996E-1
3.78231664E+5	2.37105389E+1	-6.60431118E-9	2.08263300E+1	7.75031319E+0	2.22216897E+1	3.56261054E-1
4.05565415E+5	2.43417247E+1	-6.80292071E-9	2.06624856E+1	8.71906635E+0	2.24267813E+1	3.99306241E-1
4.34874501E+5	2.51086566E+1	-6.92006770E-9	2.04901548E+1	9.72798459E+0	2.26821568E+1	4.43255565E-1
4.66301673E+5	2.60476529E+1	-6.96791430E-9	2.03057539E+1	1.07978435E+1	2.29981998E+1	4.88733823E-1
5.00000000E+5	2.71798816E+1	-6.94146916E-9	2.01136380E+1	1.19217296E+1	2.33813225E+1	5.35048390E-1
