Start time:20240905_12-04-26	sweep/start:500.000	sweep/stop:500000.000	sweep/samplecount:100.000	sweep/xmapping:1.000	sweep/scan:0.000	sweep/averaging/sample:10.000	sweep/settling/time:0.100	sweep/settling/inaccuracy:0.010	sweep/awgcontrol:0.000	sweep/averaging/time:0.100	sweep/averaging/tc:15.000	sweep/bandwidthcontrol:2.000	sweep/sincfilter:0.000	sweep/omegasuppression:80.000	sweep/maxbandwidth:100.000	sweep/bandwidth:1250000.000	sweep/order:8.000	sweep/bandwidthoverlap:1.000																				
Frequency	Param0		Param1		RealZ		ImagZ		AbsZ		PhaseZ		
5.00000000E+2	1.50137744E+3	7.46566127E-7	1.12044498E+2	-3.94546564E+2	4.10147498E+2	-1.29409804E+0
5.36133611E+2	1.35506870E+3	7.37129374E-7	1.09973254E+2	-3.70036601E+2	3.86032656E+2	-1.28191434E+0
5.74878498E+2	1.22335559E+3	7.27197499E-7	1.08015374E+2	-3.47093347E+2	3.63512202E+2	-1.26909643E+0
6.16423370E+2	1.10532624E+3	7.16701345E-7	1.06138288E+2	-3.25656311E+2	3.42516241E+2	-1.25573148E+0
6.60970574E+2	9.99521176E+2	7.05475669E-7	1.04380514E+2	-3.05671694E+2	3.23002295E+2	-1.24173254E+0
7.08737081E+2	9.04952592E+2	6.93667299E-7	1.02669974E+2	-2.87002241E+2	3.04813739E+2	-1.22724972E+0
7.59955541E+2	8.20233498E+2	6.81097272E-7	1.01065132E+2	-2.69597483E+2	2.87918338E+2	-1.21213597E+0
8.14875417E+2	7.44798856E+2	6.67833039E-7	9.94964241E+1	-2.53387555E+2	2.72221960E+2	-1.19662917E+0
8.73764200E+2	6.77341118E+2	6.53840441E-7	9.80003324E+1	-2.38276239E+2	2.57642455E+2	-1.18059632E+0
9.36908711E+2	6.17130351E+2	6.39237921E-7	9.65317029E+1	-2.24174615E+2	2.44075050E+2	-1.16418405E+0
1.00461650E+3	5.63385665E+2	6.23793645E-7	9.51503498E+1	-2.11075220E+2	2.31530427E+2	-1.14728661E+0
1.07721735E+3	5.15545113E+2	6.07942734E-7	9.37332589E+1	-1.98841126E+2	2.19826564E+2	-1.13029120E+0
1.15506485E+3	4.72897334E+2	5.91494982E-7	9.23437527E+1	-1.87461307E+2	2.08971555E+2	-1.11308488E+0
1.23853818E+3	4.34860846E+2	5.74393813E-7	9.10070766E+1	-1.76898620E+2	1.98935695E+2	-1.09564859E+0
1.32804389E+3	4.00973879E+2	5.56998735E-7	8.96398998E+1	-1.67056710E+2	1.89587068E+2	-1.07831188E+0
1.42401793E+3	3.70691195E+2	5.39148411E-7	8.83090789E+1	-1.57914227E+2	1.80929259E+2	-1.06090062E+0
1.52692775E+3	3.43677401E+2	5.21137750E-7	8.69498384E+1	-1.49406892E+2	1.72866116E+2	-1.04374214E+0
1.63727458E+3	3.19545753E+2	5.02914954E-7	8.55976098E+1	-1.41511134E+2	1.65385465E+2	-1.02679447E+0
1.75559587E+3	2.97927430E+2	4.84730331E-7	8.42164092E+1	-1.34156528E+2	1.58399425E+2	-1.01022380E+0
1.88246790E+3	2.78524943E+2	4.66608923E-7	8.28223341E+1	-1.27312787E+2	1.51881813E+2	-9.94040077E-1
2.01850863E+3	2.61174137E+2	4.48637879E-7	8.14038240E+1	-1.20971032E+2	1.45810059E+2	-9.78476992E-1
2.16438064E+3	2.45498762E+2	4.30955023E-7	7.99646428E+1	-1.15051622E+2	1.40111456E+2	-9.63411889E-1
2.32079442E+3	2.31389371E+2	4.13644747E-7	7.84919657E+1	-1.09550068E+2	1.34767230E+2	-9.49086129E-1
2.48851178E+3	2.18628914E+2	3.96779259E-7	7.69895422E+1	-1.04425810E+2	1.29738736E+2	-9.35495269E-1
2.66834962E+3	2.07001272E+2	3.80443487E-7	7.54570965E+1	-9.96290159E+1	1.24978856E+2	-9.22588262E-1
2.86118383E+3	1.96464511E+2	3.64636103E-7	7.38980347E+1	-9.51704859E+1	1.20492079E+2	-9.10561915E-1
3.06795364E+3	1.86795317E+2	3.49457917E-7	7.23071833E+1	-9.09852403E+1	1.16218083E+2	-8.99287293E-1
3.28966612E+3	1.77921565E+2	3.34948918E-7	7.06789096E+1	-8.70620078E+1	1.12139653E+2	-8.88887908E-1
3.52740116E+3	1.69723890E+2	3.21055827E-7	6.90345962E+1	-8.33729239E+1	1.08244261E+2	-8.79200940E-1
3.78231664E+3	1.62113716E+2	3.07846984E-7	6.73608473E+1	-7.98913831E+1	1.04499364E+2	-8.70289377E-1
4.05565415E+3	1.55018909E+2	2.95304059E-7	6.56641169E+1	-7.65989725E+1	1.00891919E+2	-8.62110947E-1
4.34874501E+3	1.48367034E+2	2.83326842E-7	6.39710844E+1	-7.34772087E+1	9.74227897E+1	-8.54449662E-1
4.66301673E+3	1.42103697E+2	2.71985150E-7	6.22629561E+1	-7.05061720E+1	9.40627244E+1	-8.47405413E-1
5.00000000E+3	1.36180787E+2	2.61221627E-7	6.05526941E+1	-6.76718887E+1	9.08081130E+1	-8.40862511E-1
5.36133611E+3	1.30553516E+2	2.50984431E-7	5.88513008E+1	-6.49597452E+1	8.76541166E+1	-8.34695020E-1
5.74878498E+3	1.25180637E+2	2.41242658E-7	5.71638680E+1	-6.23546432E+1	8.45920171E+1	-8.28801609E-1
6.16423370E+3	1.20042797E+2	2.31956373E-7	5.54967049E+1	-5.98506079E+1	8.16209507E+1	-8.23126283E-1
6.60970574E+3	1.15103276E+2	2.23096357E-7	5.38539130E+1	-5.74327236E+1	7.87322155E+1	-8.17545578E-1
7.08737081E+3	1.10354528E+2	2.14607272E-7	5.22452148E+1	-5.50993051E+1	7.59308629E+1	-8.11980033E-1
7.59955541E+3	1.05777436E+2	2.06480900E-7	5.06686223E+1	-5.28420992E+1	7.32092674E+1	-8.06392673E-1
8.14875417E+3	1.01356458E+2	1.98651519E-7	4.91367044E+1	-5.06547774E+1	7.05713982E+1	-8.00609438E-1
8.73764200E+3	9.70949136E+1	1.91104786E-7	4.76485694E+1	-4.85391333E+1	6.80178923E+1	-7.94656500E-1
9.36908711E+3	9.29750269E+1	1.83765139E-7	4.62192080E+1	-4.64867379E+1	6.55532764E+1	-7.88283948E-1
1.00461650E+4	8.89911053E+1	1.76672610E-7	4.48340567E+1	-4.44942644E+1	6.31651188E+1	-7.81594322E-1
1.07721735E+4	8.51504403E+1	1.69754009E-7	4.35073518E+1	-4.25650145E+1	6.08660016E+1	-7.74450403E-1
1.15506485E+4	8.14552020E+1	1.63000844E-7	4.22372243E+1	-4.06996118E+1	5.86552775E+1	-7.66860731E-1
1.23853818E+4	7.79006472E+1	1.56399233E-7	4.10232638E+1	-3.88951226E+1	5.65308657E+1	-7.58775526E-1
1.32804389E+4	7.44686093E+1	1.49955480E-7	3.98596204E+1	-3.71416351E+1	5.44820195E+1	-7.50114883E-1
1.42401793E+4	7.11898815E+1	1.43631635E-7	3.87532581E+1	-3.54545439E+1	5.25246588E+1	-7.40975018E-1
1.52692775E+4	6.80396164E+1	1.37429468E-7	3.76995591E+1	-3.38202099E+1	5.06464555E+1	-7.31209640E-1
1.63727458E+4	6.50210732E+1	1.31352671E-7	3.66946548E+1	-3.22401550E+1	4.88459374E+1	-7.20868882E-1
1.75559587E+4	6.21411454E+1	1.25327032E-7	3.57543857E+1	-3.07154924E+1	4.71361655E+1	-7.09735771E-1
1.88246790E+4	5.93727114E+1	1.19459937E-7	3.48477557E+1	-2.92342101E+1	4.54863220E+1	-6.98021697E-1
2.01850863E+4	5.67501195E+1	1.13606321E-7	3.40108326E+1	-2.78097389E+1	4.39331152E+1	-6.85424608E-1
2.16438064E+4	5.42739755E+1	1.07912021E-7	3.32076715E+1	-2.64492436E+1	4.24536476E+1	-6.72590896E-1
2.32079442E+4	5.19104770E+1	1.02319575E-7	3.24465878E+1	-2.51303762E+1	4.10404371E+1	-6.59007135E-1
2.48851178E+4	4.96917432E+1	9.68277895E-8	3.17318791E+1	-2.38725633E+1	3.97090927E+1	-6.44985022E-1
2.66834962E+4	4.75499526E+1	9.14515896E-8	3.10473513E+1	-2.26354106E+1	3.84226495E+1	-6.29964885E-1
2.86118383E+4	4.55501058E+1	8.61595106E-8	3.04117637E+1	-2.14565468E+1	3.72190672E+1	-6.14430673E-1
3.06795364E+4	4.36623008E+1	8.10066358E-8	2.98066924E+1	-2.03221495E+1	3.60753204E+1	-5.98405250E-1
3.28966612E+4	4.18856024E+1	7.59480578E-8	2.92427607E+1	-1.92278828E+1	3.49978658E+1	-5.81647900E-1
3.52740116E+4	4.02158525E+1	7.10401730E-8	2.87064745E+1	-1.81767314E+1	3.39772764E+1	-5.64469064E-1
3.78231664E+4	3.86461023E+1	6.62395610E-8	2.82067255E+1	-1.71598510E+1	3.30163589E+1	-5.46544083E-1
4.05565415E+4	3.71699702E+1	6.15973916E-8	2.77304886E+1	-1.61790386E+1	3.21051615E+1	-5.28153046E-1
4.34874501E+4	3.57881527E+1	5.70984986E-8	2.72826155E+1	-1.52332927E+1	3.12473101E+1	-5.09232563E-1
4.66301673E+4	3.45048427E+1	5.27425368E-8	2.68666658E+1	-1.43252314E+1	3.04471683E+1	-4.89851349E-1
5.00000000E+4	3.32998286E+1	4.85587773E-8	2.64692065E+1	-1.34462285E+1	2.96887188E+1	-4.70023259E-1
5.36133611E+4	3.21738765E+1	4.45314707E-8	2.60952194E+1	-1.25945971E+1	2.89755822E+1	-4.49663418E-1
5.74878498E+4	3.11250852E+1	4.06668345E-8	2.57437960E+1	-1.17700804E+1	2.83068515E+1	-4.28825834E-1
6.16423370E+4	3.01490168E+1	3.69713331E-8	2.54126582E+1	-1.09710278E+1	2.76797156E+1	-4.07544606E-1
6.60970574E+4	2.92420164E+1	3.34494594E-8	2.51001737E+1	-1.01961248E+1	2.70920595E+1	-3.85854597E-1
7.08737081E+4	2.83957049E+1	3.00972801E-8	2.48031984E+1	-9.43957855E+0	2.65387321E+1	-3.63652931E-1
7.59955541E+4	2.76157179E+1	2.69171219E-8	2.45259119E+1	-8.70518795E+0	2.60250007E+1	-3.41067500E-1
8.14875417E+4	2.68923119E+1	2.39059156E-8	2.42634827E+1	-7.98652279E+0	2.55441020E+1	-3.17988186E-1
8.73764200E+4	2.62232739E+1	2.10612281E-8	2.40153762E+1	-7.28172239E+0	2.50950550E+1	-2.94399905E-1
9.36908711E+4	2.56090320E+1	1.83876875E-8	2.37816205E+1	-6.59232847E+0	2.46784172E+1	-2.70412857E-1
1.00461650E+5	2.50447565E+1	1.58723981E-8	2.35612884E+1	-5.91205630E+0	2.42917008E+1	-2.45846669E-1
1.07721735E+5	2.45262252E+1	1.35213093E-8	2.33498406E+1	-5.24102933E+0	2.39308055E+1	-2.20797307E-1
1.15506485E+5	2.40558236E+1	1.13239245E-8	2.31509743E+1	-4.57691340E+0	2.35990625E+1	-1.95181625E-1
1.23853818E+5	2.36280082E+1	9.27681262E-9	2.29599693E+1	-3.91639475E+0	2.32915938E+1	-1.68948869E-1
1.32804389E+5	2.32482512E+1	7.37967406E-9	2.27813472E+1	-3.26136313E+0	2.30136150E+1	-1.42193191E-1
1.42401793E+5	2.29105160E+1	5.61501594E-9	2.26109576E+1	-2.60255633E+0	2.27602440E+1	-1.14597254E-1
1.52692775E+5	2.26184203E+1	3.98919482E-9	2.24501867E+1	-1.94341633E+0	2.25341465E+1	-8.63504437E-2
1.63727458E+5	2.23680485E+1	2.49199495E-9	2.22947393E+1	-1.27843624E+0	2.23313638E+1	-5.72797773E-2
1.75559587E+5	2.21630089E+1	1.12728108E-9	2.21461885E+1	-6.10329210E-1	2.21545971E+1	-2.75521404E-2
1.88246790E+5	2.19846706E+1	-1.00146917E-10	2.19749954E+1	5.73605778E-2	2.19798322E+1	2.60663620E-3
2.01850863E+5	2.18908465E+1	-1.25316629E-9	2.18643793E+1	7.60709666E-1	2.18776089E+1	3.47781607E-2
2.16438064E+5	2.18297112E+1	-2.27054509E-9	2.17309777E+1	1.46477475E+0	2.17802885E+1	6.73031148E-2
2.32079442E+5	2.18212191E+1	-3.18103066E-9	2.15999199E+1	2.18632915E+0	2.17102875E+1	1.00875750E-1
2.48851178E+5	2.18702443E+1	-3.98534912E-9	2.14714569E+1	2.92617992E+0	2.16699332E+1	1.35447887E-1
2.66834962E+5	2.19816466E+1	-4.69150993E-9	2.13435885E+1	3.69031139E+0	2.16602682E+1	1.71207532E-1
2.86118383E+5	2.21619974E+1	-5.29989261E-9	2.12160474E+1	4.47987587E+0	2.16838646E+1	2.08098232E-1
3.06795364E+5	2.24187083E+1	-5.81331658E-9	2.10877715E+1	5.29777938E+0	2.17430585E+1	2.46131453E-1
3.28966612E+5	2.27629244E+1	-6.23495688E-9	2.09592289E+1	6.14849261E+0	2.18424663E+1	2.85349205E-1
3.52740116E+5	2.32006737E+1	-6.57055891E-9	2.08236543E+1	7.03549268E+0	2.19800546E+1	3.25819559E-1
3.78231664E+5	2.37444663E+1	-6.82138577E-9	2.06803580E+1	7.96032401E+0	2.21595138E+1	3.67440876E-1
4.05565415E+5	2.44237244E+1	-6.98674562E-9	2.05399388E+1	8.93154540E+0	2.23978073E+1	4.10173931E-1
4.34874501E+5	2.52334820E+1	-7.08189316E-9	2.03755589E+1	9.94900920E+0	2.26747939E+1	4.54228922E-1
4.66301673E+5	2.62149790E+1	-7.10127429E-9	2.02044485E+1	1.10199387E+1	2.30143238E+1	4.99321326E-1
NaN	NaN	NaN	NaN	NaN	NaN	NaN
