Start time:20240908_00-36-16	sweep/start:500.000	sweep/stop:500000.000	sweep/samplecount:100.000	sweep/xmapping:1.000	sweep/scan:0.000	sweep/averaging/sample:10.000	sweep/settling/time:0.100	sweep/settling/inaccuracy:0.010	sweep/awgcontrol:0.000	sweep/averaging/time:0.100	sweep/averaging/tc:15.000	sweep/bandwidthcontrol:2.000	sweep/sincfilter:0.000	sweep/omegasuppression:80.000	sweep/maxbandwidth:100.000	sweep/bandwidth:1250000.000	sweep/order:8.000	sweep/bandwidthoverlap:1.000																				
Frequency	Param0		Param1		RealZ		ImagZ		AbsZ		PhaseZ		
5.00000000E+2	1.61402271E+3	7.85277237E-7	9.57595688E+1	-3.81297987E+2	3.93138721E+2	-1.32474404E+0
5.36133611E+2	1.45239597E+3	7.77422676E-7	9.39005578E+1	-3.57160158E+2	3.69297576E+2	-1.31370557E+0
5.74878498E+2	1.30753777E+3	7.68968371E-7	9.21465703E+1	-3.34655048E+2	3.47109494E+2	-1.30210671E+0
6.16423370E+2	1.17700801E+3	7.59889359E-7	9.05398427E+1	-3.13637691E+2	3.26444588E+2	-1.28976014E+0
6.60970574E+2	1.05992588E+3	7.50350345E-7	8.89987160E+1	-2.93957839E+2	3.07135129E+2	-1.27680924E+0
7.08737081E+2	9.55092503E+2	7.40152898E-7	8.75446874E+1	-2.75588756E+2	2.89159538E+2	-1.26321362E+0
7.59955541E+2	8.61498813E+2	7.29267948E-7	8.61539755E+1	-2.58455045E+2	2.72436269E+2	-1.24903779E+0
8.14875417E+2	7.77766175E+2	7.17722674E-7	8.48283094E+1	-2.42447375E+2	2.56859054E+2	-1.23422540E+0
8.73764200E+2	7.02918051E+2	7.05358447E-7	8.35881597E+1	-2.27527211E+2	2.42395573E+2	-1.21872593E+0
9.36908711E+2	6.36230953E+2	6.92302425E-7	8.23792746E+1	-2.13602176E+2	2.28937187E+2	-1.20270687E+0
1.00461650E+3	5.76458284E+2	6.78478398E-7	8.12494279E+1	-2.00587701E+2	2.16418338E+2	-1.18593818E+0
1.07721735E+3	5.23292224E+2	6.63863884E-7	8.01541585E+1	-1.88465782E+2	2.04802444E+2	-1.16867312E+0
1.15506485E+3	4.75979454E+2	6.48527753E-7	7.90811953E+1	-1.77164282E+2	1.94012936E+2	-1.15096345E+0
1.23853818E+3	4.33799338E+2	6.32345424E-7	7.80656484E+1	-1.66645062E+2	1.84023974E+2	-1.13270196E+0
1.32804389E+3	3.96275864E+2	6.15457219E-7	7.70714232E+1	-1.56848771E+2	1.74761386E+2	-1.11407322E+0
1.42401793E+3	3.62889441E+2	5.97912007E-7	7.60951055E+1	-1.47728271E+2	1.66174932E+2	-1.09514036E+0
1.52692775E+3	3.33177960E+2	5.79756108E-7	7.51363165E+1	-1.39241867E+2	1.58220618E+2	-1.07596499E+0
1.63727458E+3	3.06707134E+2	5.61031644E-7	7.42009258E+1	-1.31347535E+2	1.50857391E+2	-1.05656999E+0
1.75559587E+3	2.83158448E+2	5.41885521E-7	7.32674215E+1	-1.24008763E+2	1.44035720E+2	-1.03715079E+0
1.88246790E+3	2.62198504E+2	5.22422609E-7	7.23318366E+1	-1.17189608E+2	1.37714556E+2	-1.01781077E+0
2.01850863E+3	2.43529110E+2	5.02734594E-7	7.13948705E+1	-1.10858022E+2	1.31858746E+2	-9.98635912E-1
2.16438064E+3	2.26891676E+2	4.82973465E-7	7.04456137E+1	-1.04980657E+2	1.26425959E+2	-9.79776124E-1
2.32079442E+3	2.12028701E+2	4.63206486E-7	6.94941780E+1	-9.95254700E+1	1.21386820E+2	-9.61242321E-1
2.48851178E+3	1.98749972E+2	4.43634499E-7	6.85189331E+1	-9.44631745E+1	1.16696768E+2	-9.43258271E-1
2.66834962E+3	1.86862884E+2	4.24314591E-7	6.75296196E+1	-8.97693140E+1	1.12333340E+2	-9.25852127E-1
2.86118383E+3	1.76168284E+2	4.05398572E-7	6.65179481E+1	-8.54032500E+1	1.08251340E+2	-9.09073574E-1
3.06795364E+3	1.66573745E+2	3.86968973E-7	6.54793503E+1	-8.13608923E+1	1.04437255E+2	-8.93134620E-1
3.28966612E+3	1.57906649E+2	3.69138226E-7	6.44100432E+1	-7.76023210E+1	1.00850255E+2	-8.78027601E-1
3.52740116E+3	1.50061179E+2	3.51930059E-7	6.33170956E+1	-7.41106139E+1	9.74753191E+1	-8.63776876E-1
3.78231664E+3	1.42916594E+2	3.35480414E-7	6.21836037E+1	-7.08538493E+1	9.42712506E+1	-8.50477598E-1
4.05565415E+3	1.36391241E+2	3.19757579E-7	6.10228923E+1	-6.78173602E+1	9.12304107E+1	-8.38084955E-1
4.34874501E+3	1.30399144E+2	3.04794731E-7	5.98332684E+1	-6.49783552E+1	8.83301013E+1	-8.26597655E-1
4.66301673E+3	1.24884622E+2	2.90615748E-7	5.86118367E+1	-6.23247107E+1	8.55553448E+1	-8.16089527E-1
5.00000000E+3	1.19738153E+2	2.77159191E-7	5.73737583E+1	-5.98170491E+1	8.28844236E+1	-8.06243974E-1
5.36133611E+3	1.14966581E+2	2.64544062E-7	5.60907979E+1	-5.74664206E+1	8.03029712E+1	-7.97511484E-1
5.74878498E+3	1.10481483E+2	2.52586576E-7	5.48011987E+1	-5.52389915E+1	7.78107809E+1	-7.89376625E-1
6.16423370E+3	1.06233903E+2	2.41347858E-7	5.34880781E+1	-5.31156544E+1	7.53806825E+1	-7.81904645E-1
6.60970574E+3	1.02205676E+2	2.30737472E-7	5.21669806E+1	-5.10917564E+1	7.30189118E+1	-7.74985627E-1
7.08737081E+3	9.83629389E+1	2.20726537E-7	5.08397515E+1	-4.91535037E+1	7.07159622E+1	-7.68536146E-1
7.59955541E+3	9.46770222E+1	2.11260977E-7	4.95135173E+1	-4.72885173E+1	6.84674545E+1	-7.62417154E-1
8.14875417E+3	9.11454612E+1	2.02303475E-7	4.81922234E+1	-4.54973840E+1	6.62759563E+1	-7.56642610E-1
8.73764200E+3	8.77137847E+1	1.93797387E-7	4.68826266E+1	-4.37523929E+1	6.41268477E+1	-7.50875193E-1
9.36908711E+3	8.44093767E+1	1.85692685E-7	4.55925921E+1	-4.20684886E+1	6.20358142E+1	-7.45218339E-1
1.00461650E+4	8.12077987E+1	1.77940251E-7	4.43282867E+1	-4.04327285E+1	5.99983547E+1	-7.39471168E-1
1.07721735E+4	7.80933955E+1	1.70516488E-7	4.30902624E+1	-3.88367627E+1	5.80091793E+1	-7.33526585E-1
1.15506485E+4	7.50717701E+1	1.63397591E-7	4.18802837E+1	-3.72836264E+1	5.60716238E+1	-7.27398225E-1
1.23853818E+4	7.21441396E+1	1.56511168E-7	4.07111906E+1	-3.57725128E+1	5.41947763E+1	-7.20916045E-1
1.32804389E+4	6.92998404E+1	1.49862511E-7	3.95774833E+1	-3.42977552E+1	5.23709199E+1	-7.14051300E-1
1.42401793E+4	6.65366896E+1	1.43411260E-7	3.84845514E+1	-3.28568686E+1	5.06027133E+1	-7.06677372E-1
1.52692775E+4	6.38621768E+1	1.37109074E-7	3.74405736E+1	-3.14521777E+1	4.88982242E+1	-6.98692627E-1
1.63727458E+4	6.12873492E+1	1.31004053E-7	3.64327812E+1	-3.00918680E+1	4.72532367E+1	-6.90368537E-1
1.75559587E+4	5.87951525E+1	1.25021812E-7	3.54732356E+1	-2.87628724E+1	4.56689598E+1	-6.81311698E-1
1.88246790E+4	5.63974900E+1	1.19189813E-7	3.45543374E+1	-2.74731712E+1	4.41449623E+1	-6.71728556E-1
2.01850863E+4	5.40918083E+1	1.13455374E-7	3.36851297E+1	-2.62183382E+1	4.26859397E+1	-6.61390702E-1
2.16438064E+4	5.18765122E+1	1.07842161E-7	3.28577088E+1	-2.49982748E+1	4.12861130E+1	-6.50379852E-1
2.32079442E+4	4.97254778E+1	1.02385023E-7	3.20573149E+1	-2.37990119E+1	3.99257434E+1	-6.38612511E-1
2.48851178E+4	4.77229971E+1	9.69336039E-8	3.13313478E+1	-2.26621012E+1	3.86681427E+1	-6.26195895E-1
2.66834962E+4	4.57622973E+1	9.17135095E-8	3.06073778E+1	-2.15372158E+1	3.74254418E+1	-6.13178828E-1
2.86118383E+4	4.39274063E+1	8.65250987E-8	2.99461194E+1	-2.04617965E+1	3.62692060E+1	-5.99420964E-1
3.06795364E+4	4.21689381E+1	8.14792956E-8	2.93110714E+1	-1.94133405E+1	3.51570297E+1	-5.84988075E-1
3.28966612E+4	4.05070866E+1	7.65199068E-8	2.87189944E+1	-1.83995131E+1	3.41075178E+1	-5.69791199E-1
3.52740116E+4	3.89257144E+1	7.16919579E-8	2.81550983E+1	-1.74140072E+1	3.31052456E+1	-5.53913540E-1
3.78231664E+4	3.74271128E+1	6.69658681E-8	2.76260364E+1	-1.64549304E+1	3.21552910E+1	-5.37201010E-1
4.05565415E+4	3.60296368E+1	6.23819380E-8	2.71300527E+1	-1.55385356E+1	3.12647712E+1	-5.20136109E-1
4.34874501E+4	3.47007518E+1	5.79122923E-8	2.66618424E+1	-1.46400835E+1	3.04168696E+1	-5.02153867E-1
4.66301673E+4	3.34521184E+1	5.35713880E-8	2.62229496E+1	-1.37684448E+1	2.96177853E+1	-4.83488731E-1
5.00000000E+4	3.22829470E+1	4.93706198E-8	2.58115566E+1	-1.29242626E+1	2.88664701E+1	-4.64220352E-1
5.36133611E+4	3.11861708E+1	4.53226571E-8	2.54227189E+1	-1.21046522E+1	2.81573659E+1	-4.44374171E-1
5.74878498E+4	3.01621293E+1	4.14193727E-8	2.50592917E+1	-1.13081157E+1	2.74925735E+1	-4.23896593E-1
6.16423370E+4	2.92042010E+1	3.76776159E-8	2.47152885E+1	-1.05330317E+1	2.68661544E+1	-4.02865239E-1
6.60970574E+4	2.83149408E+1	3.40880693E-8	2.43951443E+1	-9.77875232E+0	2.62820674E+1	-3.81237461E-1
7.08737081E+4	2.74879171E+1	3.06602629E-8	2.40941834E+1	-9.04263393E+0	2.57351688E+1	-3.59036811E-1
7.59955541E+4	2.67202374E+1	2.73966944E-8	2.38109307E+1	-8.32305766E+0	2.52236738E+1	-3.36271878E-1
8.14875417E+4	2.60128230E+1	2.42946618E-8	2.35474492E+1	-7.61926870E+0	2.47494571E+1	-3.12938761E-1
8.73764200E+4	2.53584910E+1	2.13536876E-8	2.32993559E+1	-6.92650760E+0	2.43071287E+1	-2.88962477E-1
9.36908711E+4	2.47569340E+1	1.85896979E-8	2.30640460E+1	-6.24858691E+0	2.38955030E+1	-2.64572180E-1
1.00461650E+5	2.42070152E+1	1.59790205E-8	2.28451407E+1	-5.57783179E+0	2.35162213E+1	-2.39473122E-1
1.07721735E+5	2.37057119E+1	1.35397351E-8	2.26373499E+1	-4.91781239E+0	2.31653728E+1	-2.13919344E-1
1.15506485E+5	2.32526229E+1	1.12537477E-8	2.24431638E+1	-4.26225491E+0	2.28443083E+1	-1.87678252E-1
1.23853818E+5	2.28452381E+1	9.12252575E-9	2.22597466E+1	-3.61010855E+0	2.25505922E+1	-1.60781122E-1
1.32804389E+5	2.24820585E+1	7.15283328E-9	2.20843996E+1	-2.96341194E+0	2.22823419E+1	-1.33388949E-1
1.42401793E+5	2.21652255E+1	5.31915843E-9	2.19212830E+1	-2.31247140E+0	2.20429168E+1	-1.05101076E-1
1.52692775E+5	2.18942189E+1	3.63185682E-9	2.17675345E+1	-1.66060276E+0	2.18307848E+1	-7.61405704E-2
1.63727458E+5	2.16657456E+1	2.08324634E-9	2.16191361E+1	-1.00381557E+0	2.16424283E+1	-4.63984860E-2
1.75559587E+5	2.14577922E+1	6.57894079E-10	2.14525899E+1	-3.34060622E-1	2.14551909E+1	-1.55707807E-2
1.88246790E+5	2.13335959E+1	-5.96579632E-10	2.13104301E+1	3.21865993E-1	2.13220066E+1	1.50709556E-2
2.01850863E+5	2.12372402E+1	-1.78921146E-9	2.11880321E+1	1.02108229E+0	2.12126219E+1	4.81542145E-2
2.16438064E+5	2.12040487E+1	-2.82965657E-9	2.10638094E+1	1.71871122E+0	2.11338127E+1	8.14150996E-2
2.32079442E+5	2.12225309E+1	-3.75388580E-9	2.09399354E+1	2.43259649E+0	2.10807596E+1	1.15651803E-1
2.48851178E+5	2.13037432E+1	-4.56840970E-9	2.08215789E+1	3.16850302E+0	2.10612813E+1	1.51015441E-1
2.66834962E+5	2.14443944E+1	-5.27815026E-9	2.06989975E+1	3.92795898E+0	2.10683996E+1	1.87535849E-1
2.86118383E+5	2.16620976E+1	-5.87499269E-9	2.05846149E+1	4.70951565E+0	2.11164849E+1	2.24917092E-1
3.06795364E+5	2.19555283E+1	-6.37615011E-9	2.04652114E+1	5.52264704E+0	2.11972764E+1	2.63577025E-1
3.28966612E+5	2.23393784E+1	-6.77827754E-9	2.03462751E+1	6.36805844E+0	2.13195481E+1	3.03325714E-1
3.52740116E+5	2.28119867E+1	-7.08355697E-9	2.02186899E+1	7.24106078E+0	2.14762304E+1	3.43905320E-1
3.78231664E+5	2.34037378E+1	-7.30552056E-9	2.00873047E+1	8.16198796E+0	2.16822045E+1	3.85947511E-1
4.05565415E+5	2.41307030E+1	-7.43984458E-9	1.99544254E+1	9.12880334E+0	2.19434338E+1	4.29058978E-1
4.34874501E+5	2.49951539E+1	-7.49854025E-9	1.98017014E+1	1.01409551E+1	2.22473937E+1	4.73300699E-1
4.66301673E+5	2.60203497E+1	-7.47561248E-9	1.96409853E+1	1.11935940E+1	2.26067511E+1	5.18000635E-1
NaN	NaN	NaN	NaN	NaN	NaN	NaN
