Start time:20240907_00-42-16	sweep/start:500.000	sweep/stop:500000.000	sweep/samplecount:100.000	sweep/xmapping:1.000	sweep/scan:0.000	sweep/averaging/sample:10.000	sweep/settling/time:0.100	sweep/settling/inaccuracy:0.010	sweep/awgcontrol:0.000	sweep/averaging/time:0.100	sweep/averaging/tc:15.000	sweep/bandwidthcontrol:2.000	sweep/sincfilter:0.000	sweep/omegasuppression:80.000	sweep/maxbandwidth:100.000	sweep/bandwidth:1250000.000	sweep/order:8.000	sweep/bandwidthoverlap:1.000																				
Frequency	Param0		Param1		RealZ		ImagZ		AbsZ		PhaseZ		
5.00000000E+2	1.59585665E+3	7.56480089E-7	1.03734243E+2	-3.93426110E+2	4.06872096E+2	-1.31299473E+0
5.36133611E+2	1.43810758E+3	7.48161876E-7	1.01730138E+2	-3.68713681E+2	3.82490269E+2	-1.30158844E+0
5.74878498E+2	1.29698056E+3	7.39284643E-7	9.98057791E+1	-3.45665829E+2	3.59786140E+2	-1.28970631E+0
6.16423370E+2	1.16948010E+3	7.29772734E-7	9.80577711E+1	-3.24131509E+2	3.38639286E+2	-1.27702496E+0
6.60970574E+2	1.05563379E+3	7.19740037E-7	9.63487309E+1	-3.04016189E+2	3.18918369E+2	-1.26389002E+0
7.08737081E+2	9.53691023E+2	7.09019010E-7	9.47348897E+1	-2.85259661E+2	3.00579071E+2	-1.25015568E+0
7.59955541E+2	8.62393856E+2	6.97592338E-7	9.32132537E+1	-2.67764431E+2	2.83525140E+2	-1.23580033E+0
8.14875417E+2	7.80877505E+2	6.85459886E-7	9.17540181E+1	-2.51455413E+2	2.67672612E+2	-1.22091695E+0
8.73764200E+2	7.07981497E+2	6.72659950E-7	9.03532974E+1	-2.36230256E+2	2.52919856E+2	-1.20548423E+0
9.36908711E+2	6.42951663E+2	6.59143710E-7	8.90019028E+1	-2.22041824E+2	2.39215200E+2	-1.18957123E+0
1.00461650E+3	5.84925287E+2	6.44885307E-7	8.77047366E+1	-2.08826691E+2	2.26496599E+2	-1.17317842E+0
1.07721735E+3	5.33223744E+2	6.29995475E-7	8.64270642E+1	-1.96507809E+2	2.14674073E+2	-1.15644452E+0
1.15506485E+3	4.87119542E+2	6.14447811E-7	8.51815492E+1	-1.85034310E+2	2.03699762E+2	-1.13936428E+0
1.23853818E+3	4.46023241E+2	5.98249141E-7	8.39685306E+1	-1.74359392E+2	1.93524966E+2	-1.12199052E+0
1.32804389E+3	4.09368662E+2	5.81493099E-7	8.27758631E+1	-1.64420188E+2	1.84081075E+2	-1.10439971E+0
1.42401793E+3	3.76796340E+2	5.64276269E-7	8.15754562E+1	-1.55186263E+2	1.75320654E+2	-1.08683083E+0
1.52692775E+3	3.47714851E+2	5.46625131E-7	8.03921253E+1	-1.46596865E+2	1.67193107E+2	-1.06919072E+0
1.63727458E+3	3.21776741E+2	5.28672073E-7	7.92053858E+1	-1.38610811E+2	1.59644763E+2	-1.05165452E+0
1.75559587E+3	2.98609583E+2	5.10554073E-7	7.80039779E+1	-1.31179700E+2	1.52619575E+2	-1.03433138E+0
1.88246790E+3	2.77938096E+2	4.92284742E-7	7.67986335E+1	-1.24286905E+2	1.46100188E+2	-1.01730871E+0
2.01850863E+3	2.59405164E+2	4.74064948E-7	7.55731182E+1	-1.17867555E+2	1.40014488E+2	-1.00065368E+0
2.16438064E+3	2.42811024E+2	4.55967750E-7	7.43246316E+1	-1.11904819E+2	1.34338526E+2	-9.84519164E-1
2.32079442E+3	2.27916340E+2	4.38081547E-7	7.30549030E+1	-1.06364405E+2	1.29036451E+2	-9.68960005E-1
2.48851178E+3	2.14489042E+2	4.20526187E-7	7.17593931E+1	-1.01203717E+2	1.24062899E+2	-9.54016424E-1
2.66834962E+3	2.02374728E+2	4.03384583E-7	7.04340202E+1	-9.64007991E+1	1.19390391E+2	-9.39802946E-1
2.86118383E+3	1.91400086E+2	3.86708575E-7	6.90843031E+1	-9.19244259E+1	1.14990179E+2	-9.26314375E-1
3.06795364E+3	1.81426494E+2	3.70600422E-7	6.77002370E+1	-8.77456218E+1	1.10826966E+2	-9.13644538E-1
3.28966612E+3	1.72331111E+2	3.55068926E-7	6.62909551E+1	-8.38421289E+1	1.06883084E+2	-9.01774033E-1
3.52740116E+3	1.63971054E+2	3.40195862E-7	6.48494645E+1	-8.01746943E+1	1.03118547E+2	-8.90681058E-1
3.78231664E+3	1.56272809E+2	3.25962759E-7	6.33844731E+1	-7.67312054E+1	9.95252202E+1	-8.80366721E-1
4.05565415E+3	1.49177569E+2	3.12435935E-7	6.18834418E+1	-7.34987130E+1	9.60813264E+1	-8.70984746E-1
4.34874501E+3	1.42556610E+2	2.99530379E-7	6.03728698E+1	-7.04391086E+1	9.27715017E+1	-8.62198774E-1
4.66301673E+3	1.36343733E+2	2.87266337E-7	5.88489680E+1	-6.75313750E+1	8.95750400E+1	-8.53991000E-1
5.00000000E+3	1.30561506E+2	2.75540978E-7	5.73310065E+1	-6.47948916E+1	8.65171798E+1	-8.46438558E-1
5.36133611E+3	1.25034485E+2	2.64520952E-7	5.57859622E+1	-6.21538035E+1	8.35174770E+1	-8.39338103E-1
5.74878498E+3	1.19808340E+2	2.54019804E-7	5.42504846E+1	-5.96367782E+1	8.06204717E+1	-8.32657910E-1
6.16423370E+3	1.14834796E+2	2.44037755E-7	5.27226719E+1	-5.72251429E+1	7.78100069E+1	-8.26326278E-1
6.60970574E+3	1.10081434E+2	2.34520488E-7	5.12122775E+1	-5.49074082E+1	7.50834263E+1	-8.20204509E-1
7.08737081E+3	1.05525384E+2	2.25434279E-7	4.97237014E+1	-5.26750993E+1	7.24369562E+1	-8.14212766E-1
7.59955541E+3	1.01130226E+2	2.16747065E-7	4.82611230E+1	-5.05125945E+1	6.98617080E+1	-8.08188450E-1
8.14875417E+3	9.69004492E+1	2.08419385E-7	4.68292957E+1	-4.84231009E+1	6.73630441E+1	-8.02129046E-1
8.73764200E+3	9.28161085E+1	2.00395910E-7	4.54372444E+1	-4.63978975E+1	6.49408048E+1	-7.95858406E-1
9.36908711E+3	8.88732581E+1	1.92656684E-7	4.40854432E+1	-4.44352400E+1	6.25940645E+1	-7.89349723E-1
1.00461650E+4	8.50699339E+1	1.85156637E-7	4.27802509E+1	-4.25342587E+1	6.03267194E+1	-7.82514817E-1
1.07721735E+4	8.13984990E+1	1.77869549E-7	4.15237028E+1	-4.06908972E+1	5.81374840E+1	-7.75268856E-1
1.15506485E+4	7.78546702E+1	1.70782371E-7	4.03148163E+1	-3.89025990E+1	5.60240723E+1	-7.67572947E-1
1.23853818E+4	7.44366410E+1	1.63872799E-7	3.91548180E+1	-3.71679066E+1	5.39866011E+1	-7.59371011E-1
1.32804389E+4	7.11476988E+1	1.57105908E-7	3.80480353E+1	-3.54877034E+1	5.20291276E+1	-7.50594702E-1
1.42401793E+4	6.79918116E+1	1.50461824E-7	3.69956793E+1	-3.38632965E+1	5.01537955E+1	-7.41221060E-1
1.52692775E+4	6.49585870E+1	1.43935114E-7	3.59952516E+1	-3.22884236E+1	4.83549436E+1	-7.31165681E-1
1.63727458E+4	6.20450387E+1	1.37546235E-7	3.50388180E+1	-3.07614321E+1	4.66260085E+1	-7.20483865E-1
1.75559587E+4	5.92580795E+1	1.31256963E-7	3.41324813E+1	-2.92847744E+1	4.49736019E+1	-7.09105077E-1
1.88246790E+4	5.66098840E+1	1.25035554E-7	3.32819802E+1	-2.78639257E+1	4.34060922E+1	-6.97020346E-1
2.01850863E+4	5.40924284E+1	1.18949348E-7	3.24701236E+1	-2.64967619E+1	4.19092786E+1	-6.84442309E-1
2.16438064E+4	5.17014895E+1	1.12923950E-7	3.17112317E+1	-2.51776726E+1	4.04909585E+1	-6.71051509E-1
2.32079442E+4	4.94062549E+1	1.07000146E-7	3.09903669E+1	-2.38896293E+1	3.91294990E+1	-6.56726342E-1
2.48851178E+4	4.72626939E+1	1.01249884E-7	3.02996796E+1	-2.26709666E+1	3.78423580E+1	-6.42364021E-1
2.66834962E+4	4.52064344E+1	9.54700734E-8	2.96712550E+1	-2.14696961E+1	3.66241928E+1	-6.26380565E-1
2.86118383E+4	4.32781314E+1	8.98676014E-8	2.90677415E+1	-2.03239686E+1	3.54682598E+1	-6.10184300E-1
3.06795364E+4	4.14741892E+1	8.43598598E-8	2.85071940E+1	-1.92263494E+1	3.43847745E+1	-5.93363845E-1
3.28966612E+4	3.97732758E+1	7.89825669E-8	2.79776708E+1	-1.81662720E+1	3.33581112E+1	-5.75892285E-1
3.52740116E+4	3.81667759E+1	7.37332162E-8	2.74775777E+1	-1.71380622E+1	3.23841091E+1	-5.57671753E-1
3.78231664E+4	3.66691765E+1	6.86078190E-8	2.70131161E+1	-1.61505448E+1	3.14729833E+1	-5.38857641E-1
4.05565415E+4	3.52756035E+1	6.36539596E-8	2.65749209E+1	-1.52059156E+1	3.06177457E+1	-5.19720255E-1
4.34874501E+4	3.39582808E+1	5.88386211E-8	2.61607895E+1	-1.42824529E+1	2.98056273E+1	-4.99727599E-1
4.66301673E+4	3.27422875E+1	5.41906848E-8	2.57763117E+1	-1.33998915E+1	2.90512546E+1	-4.79403508E-1
5.00000000E+4	3.16029156E+1	4.97172587E-8	2.54113983E+1	-1.25433270E+1	2.83385649E+1	-4.58522756E-1
5.36133611E+4	3.05474107E+1	4.54038908E-8	2.50739342E+1	-1.17150151E+1	2.76756891E+1	-4.37080512E-1
5.74878498E+4	2.95667875E+1	4.12791968E-8	2.47555643E+1	-1.09135022E+1	2.70544360E+1	-4.15219174E-1
6.16423370E+4	2.86590155E+1	3.73488031E-8	2.44558488E+1	-1.01386389E+1	2.64741487E+1	-3.93002501E-1
6.60970574E+4	2.78177438E+1	3.35957609E-8	2.41759137E+1	-9.38320623E+0	2.59329785E+1	-3.70225055E-1
7.08737081E+4	2.70431509E+1	3.00406876E-8	2.39134256E+1	-8.65115253E+0	2.54301863E+1	-3.47121346E-1
7.59955541E+4	2.63277595E+1	2.66773182E-8	2.36659759E+1	-7.93685645E+0	2.49614126E+1	-3.23582364E-1
8.14875417E+4	2.56713316E+1	2.35074730E-8	2.34341552E+1	-7.24060279E+0	2.45272495E+1	-2.99671616E-1
8.73764200E+4	2.50687432E+1	2.05190655E-8	2.32171820E+1	-6.55652535E+0	2.41252062E+1	-2.75232562E-1
9.36908711E+4	2.45179722E+1	1.77241195E-8	2.30120318E+1	-5.88682759E+0	2.37530704E+1	-2.50444264E-1
1.00461650E+5	2.40164215E+1	1.51118784E-8	2.28188337E+1	-5.22757598E+0	2.34099707E+1	-2.25204328E-1
1.07721735E+5	2.35624959E+1	1.26868817E-8	2.26358461E+1	-4.57990122E+0	2.30945238E+1	-1.99634534E-1
1.15506485E+5	2.31538833E+1	1.04280088E-8	2.24641009E+1	-3.93641149E+0	2.28063844E+1	-1.73469995E-1
1.23853818E+5	2.27887123E+1	8.33459676E-9	2.23014963E+1	-3.29630688E+0	2.25437881E+1	-1.46744062E-1
1.32804389E+5	2.24673779E+1	6.40548378E-9	2.21479729E+1	-2.65968615E+0	2.23071036E+1	-1.19514806E-1
1.42401793E+5	2.21879283E+1	4.63283805E-9	2.20018148E+1	-2.02356736E+0	2.20946756E+1	-9.17147277E-2
1.52692775E+5	2.19489029E+1	3.00880370E-9	2.18611454E+1	-1.38508985E+0	2.19049802E+1	-6.32739443E-2
1.63727458E+5	2.17550849E+1	1.52641996E-9	2.17297258E+1	-7.42318875E-1	2.17424016E+1	-3.41481650E-2
1.75559587E+5	2.16022974E+1	1.80576629E-10	2.16018970E+1	-9.29514618E-2	2.16020972E+1	-4.30291167E-3
1.88246790E+5	2.15301729E+1	-9.80211209E-10	2.15026753E+1	5.37043010E-1	2.15164145E+1	2.49556241E-2
2.01850863E+5	2.14325751E+1	-2.13476961E-9	2.13606486E+1	1.23951034E+0	2.13965816E+1	5.79627568E-2
2.16438064E+5	2.14201038E+1	-3.10933013E-9	2.12458116E+1	1.92431092E+0	2.13327797E+1	9.03271951E-2
2.32079442E+5	2.14578650E+1	-3.97290851E-9	2.11313145E+1	2.62686698E+0	2.12939638E+1	1.23677107E-1
2.48851178E+5	2.15548567E+1	-4.72872211E-9	2.10209447E+1	3.35012255E+0	2.12862268E+1	1.58041607E-1
2.66834962E+5	2.17123577E+1	-5.38058389E-9	2.09101664E+1	4.09558720E+0	2.13074871E+1	1.93417307E-1
2.86118383E+5	2.19361068E+1	-5.93585627E-9	2.07965674E+1	4.86810873E+0	2.13587388E+1	2.29942109E-1
3.06795364E+5	2.22351713E+1	-6.39576708E-9	2.06810123E+1	5.66935332E+0	2.14440167E+1	2.67560239E-1
3.28966612E+5	2.26198282E+1	-6.76418482E-9	2.05631631E+1	6.50318689E+0	2.15669934E+1	3.06301403E-1
3.52740116E+5	2.31004616E+1	-7.04607908E-9	2.04403789E+1	7.37380706E+0	2.17297533E+1	3.46216779E-1
3.78231664E+5	2.36904259E+1	-7.24308835E-9	2.03126177E+1	8.28323651E+0	2.19366029E+1	3.87201904E-1
4.05565415E+5	2.44053591E+1	-7.35630067E-9	2.01813783E+1	9.23285711E+0	2.21931017E+1	4.29068347E-1
4.34874501E+5	2.52559026E+1	-7.40585389E-9	2.00253777E+1	1.02343964E+1	2.24890843E+1	4.72465482E-1
4.66301673E+5	2.62896756E+1	-7.37865843E-9	1.98710677E+1	1.12935496E+1	2.28561555E+1	5.16815652E-1
5.00000000E+5	2.75068320E+1	-7.29145143E-9	1.96896921E+1	1.24063235E+1	2.32723224E+1	5.62252824E-1
