Start time:20240906_14-12-07	sweep/start:500.000	sweep/stop:500000.000	sweep/samplecount:100.000	sweep/xmapping:1.000	sweep/scan:0.000	sweep/averaging/sample:10.000	sweep/settling/time:0.100	sweep/settling/inaccuracy:0.010	sweep/awgcontrol:0.000	sweep/averaging/time:0.100	sweep/averaging/tc:15.000	sweep/bandwidthcontrol:2.000	sweep/sincfilter:0.000	sweep/omegasuppression:80.000	sweep/maxbandwidth:100.000	sweep/bandwidth:1250000.000	sweep/order:8.000	sweep/bandwidthoverlap:1.000																				
Frequency	Param0		Param1		RealZ		ImagZ		AbsZ		PhaseZ		
5.00000000E+2	1.58307114E+3	7.51313882E-7	1.05807152E+2	-3.95354191E+2	4.09267761E+2	-1.30929830E+0
5.36133611E+2	1.42833587E+3	7.42784018E-7	1.03705874E+2	-3.70636995E+2	3.84872317E+2	-1.29796897E+0
5.74878498E+2	1.28757435E+3	7.33776333E-7	1.01815262E+2	-3.47459726E+2	3.62069907E+2	-1.28574853E+0
6.16423370E+2	1.16237755E+3	7.24102202E-7	9.99720110E+1	-3.25899924E+2	3.40888792E+2	-1.27315222E+0
6.60970574E+2	1.04969305E+3	7.13854608E-7	9.82463767E+1	-3.05738637E+2	3.21136220E+2	-1.25987738E+0
7.08737081E+2	9.48879758E+2	7.02909480E-7	9.66107875E+1	-2.86946573E+2	3.02773817E+2	-1.24603174E+0
7.59955541E+2	8.58936034E+2	6.91353282E-7	9.50147348E+1	-2.69413704E+2	2.85677349E+2	-1.23174287E+0
8.14875417E+2	7.78228617E+2	6.79025401E-7	9.35337887E+1	-2.53065385E+2	2.69797443E+2	-1.21676543E+0
8.73764200E+2	7.06309252E+2	6.66001222E-7	9.20942297E+1	-2.37835342E+2	2.55043130E+2	-1.20135687E+0
9.36908711E+2	6.41970142E+2	6.52356109E-7	9.07006886E+1	-2.23607930E+2	2.41302970E+2	-1.18545130E+0
1.00461650E+3	5.84707912E+2	6.38054568E-7	8.93274613E+1	-2.10359378E+2	2.28539854E+2	-1.16922881E+0
1.07721735E+3	5.33567295E+2	6.23000558E-7	8.80184456E+1	-1.98031590E+2	2.16711233E+2	-1.15255342E+0
1.15506485E+3	4.88020904E+2	6.07328292E-7	8.67289608E+1	-1.86557305E+2	2.05731723E+2	-1.13562763E+0
1.23853818E+3	4.47362610E+2	5.91135408E-7	8.54531571E+1	-1.75858752E+2	1.95521210E+2	-1.11847662E+0
1.32804389E+3	4.11154725E+2	5.74412764E-7	8.41895500E+1	-1.65912774E+2	1.86050878E+2	-1.10122033E+0
1.42401793E+3	3.78882793E+2	5.57242206E-7	8.29333373E+1	-1.56665483E+2	1.77262552E+2	-1.08393305E+0
1.52692775E+3	3.50059065E+2	5.39719835E-7	8.16824216E+1	-1.48059626E+2	1.69096632E+2	-1.06665961E+0
1.63727458E+3	3.24322954E+2	5.21913430E-7	8.04336362E+1	-1.40060354E+2	1.61513074E+2	-1.04950452E+0
1.75559587E+3	3.01338316E+2	5.04009133E-7	7.91602061E+1	-1.32618491E+2	1.54447410E+2	-1.03265808E+0
1.88246790E+3	2.80781079E+2	4.86022558E-7	7.78793526E+1	-1.25705426E+2	1.47875109E+2	-1.01613402E+0
2.01850863E+3	2.62356803E+2	4.68087208E-7	7.65821186E+1	-1.19277065E+2	1.41745686E+2	-1.00002852E+0
2.16438064E+3	2.45817694E+2	4.50316336E-7	7.52622135E+1	-1.13297761E+2	1.36017585E+2	-9.84443090E-1
2.32079442E+3	2.30923038E+2	4.32806561E-7	7.39189391E+1	-1.07729179E+2	1.30650625E+2	-9.69422718E-1
2.48851178E+3	2.17504420E+2	4.15654379E-7	7.25448808E+1	-1.02547902E+2	1.25613821E+2	-9.55104950E-1
2.66834962E+3	2.05350463E+2	3.98929468E-7	7.11446798E+1	-9.77140058E+1	1.20870148E+2	-9.41465109E-1
2.86118383E+3	1.94311253E+2	3.82684825E-7	6.97200547E+1	-9.32014202E+1	1.16393260E+2	-9.28539347E-1
3.06795364E+3	1.84257332E+2	3.66993012E-7	6.82658632E+1	-8.89845905E+1	1.12153848E+2	-9.16399825E-1
3.28966612E+3	1.75054704E+2	3.51907264E-7	6.67812535E+1	-8.50331487E+1	1.08122025E+2	-9.05048947E-1
3.52740116E+3	1.66589965E+2	3.37433528E-7	6.52734582E+1	-8.13220660E+1	1.04278008E+2	-8.94439357E-1
3.78231664E+3	1.58789484E+2	3.23607422E-7	6.37384003E+1	-7.78357482E+1	1.00603119E+2	-8.84646723E-1
4.05565415E+3	1.51540760E+2	3.10451152E-7	6.21773900E+1	-7.45411310E+1	9.70690909E+1	-8.75584928E-1
4.34874501E+3	1.44763726E+2	2.97862215E-7	6.06173918E+1	-7.14194003E+1	9.36760331E+1	-8.67026968E-1
4.66301673E+3	1.38429216E+2	2.85884045E-7	5.90467148E+1	-6.84636786E+1	9.04090154E+1	-8.59116854E-1
5.00000000E+3	1.32477766E+2	2.74512978E-7	5.74665189E+1	-6.56554256E+1	8.72527125E+1	-8.51810887E-1
5.36133611E+3	1.26815085E+2	2.63696535E-7	5.58906674E+1	-6.29604072E+1	8.41889520E+1	-8.44812175E-1
5.74878498E+3	1.21453318E+2	2.53398506E-7	5.43227395E+1	-6.03880520E+1	8.12260851E+1	-8.38223792E-1
6.16423370E+3	1.16326363E+2	2.43575699E-7	5.27719787E+1	-5.79127837E+1	7.83503178E+1	-8.31810270E-1
6.60970574E+3	1.11427603E+2	2.34210329E-7	5.12384880E+1	-5.55337658E+1	7.55604516E+1	-8.25604893E-1
7.08737081E+3	1.06729873E+2	2.25241266E-7	4.97335152E+1	-5.32412353E+1	7.28563773E+1	-8.19448884E-1
7.59955541E+3	1.02208197E+2	2.16641632E-7	4.82598955E+1	-5.10248890E+1	7.02321640E+1	-8.13240083E-1
8.14875417E+3	9.78576951E+1	2.08368442E-7	4.68235767E+1	-4.88835329E+1	6.76908206E+1	-8.06918383E-1
8.73764200E+3	9.36686954E+1	2.00394220E-7	4.54270515E+1	-4.68131983E+1	6.52310708E+1	-8.00424605E-1
9.36908711E+3	8.96171586E+1	1.92699767E-7	4.40709919E+1	-4.48025074E+1	6.28451830E+1	-7.93628953E-1
1.00461650E+4	8.57152004E+1	1.85191556E-7	4.27728115E+1	-4.28575149E+1	6.05498146E+1	-7.86387339E-1
1.07721735E+4	8.19535350E+1	1.77919182E-7	4.15170294E+1	-4.09732046E+1	5.83306718E+1	-7.78805662E-1
1.15506485E+4	7.83478141E+1	1.70804513E-7	4.03180130E+1	-3.91571951E+1	5.62034532E+1	-7.70793159E-1
1.23853818E+4	7.48605833E+1	1.63866482E-7	3.91671979E+1	-3.73899681E+1	5.41486768E+1	-7.62187908E-1
1.32804389E+4	7.15155895E+1	1.57063704E-7	3.80707500E+1	-3.56829100E+1	5.21790389E+1	-7.53033589E-1
1.42401793E+4	6.83026655E+1	1.50406095E-7	3.70227533E+1	-3.40304037E+1	5.02867049E+1	-7.43308803E-1
1.52692775E+4	6.52242289E+1	1.43831383E-7	3.60341110E+1	-3.24320753E+1	4.84798608E+1	-7.32836175E-1
1.63727458E+4	6.22855802E+1	1.37401532E-7	3.50883767E+1	-3.08918290E+1	4.67493276E+1	-7.21880617E-1
1.75559587E+4	5.94735548E+1	1.31047286E-7	3.41975811E+1	-2.94002776E+1	4.50982412E+1	-7.10108966E-1
1.88246790E+4	5.67986563E+1	1.24791819E-7	3.33550326E+1	-2.79635860E+1	4.35260927E+1	-6.97698605E-1
2.01850863E+4	5.42673295E+1	1.18656860E-7	3.25551586E+1	-2.65865135E+1	4.20319085E+1	-6.84817654E-1
2.16438064E+4	5.18572530E+1	1.12619014E-7	3.17992851E+1	-2.52552691E+1	4.06081693E+1	-6.71199647E-1
2.32079442E+4	4.95713166E+1	1.06650802E-7	3.10924048E+1	-2.39698384E+1	3.92592816E+1	-6.56757775E-1
2.48851178E+4	4.73659700E+1	1.00815171E-7	3.04120583E+1	-2.27068508E+1	3.79538645E+1	-6.41347205E-1
2.66834962E+4	4.53522398E+1	9.50760756E-8	2.97856757E+1	-2.15327693E+1	3.67538698E+1	-6.25945873E-1
2.86118383E+4	4.34169807E+1	8.94449328E-8	2.91899247E+1	-2.03785798E+1	3.55996958E+1	-6.09474821E-1
3.06795364E+4	4.15993065E+1	8.39148258E-8	2.86338734E+1	-1.92678617E+1	3.45130302E+1	-5.92308668E-1
3.28966612E+4	3.98982751E+1	7.85477657E-8	2.81052199E+1	-1.82056656E+1	3.34865607E+1	-5.74804664E-1
3.52740116E+4	3.83021543E+1	7.33074138E-8	2.76097700E+1	-1.71817951E+1	3.25194345E+1	-5.56661534E-1
3.78231664E+4	3.68003154E+1	6.81886803E-8	2.71462023E+1	-1.61886493E+1	3.16067836E+1	-5.37731656E-1
4.05565415E+4	3.54021554E+1	6.32164472E-8	2.67138076E+1	-1.52347839E+1	3.07526636E+1	-5.18292093E-1
4.34874501E+4	3.41008385E+1	5.84292412E-8	2.63042534E+1	-1.43207268E+1	2.99499093E+1	-4.98553885E-1
4.66301673E+4	3.28850070E+1	5.37907275E-8	2.59223001E+1	-1.34346305E+1	2.91968321E+1	-4.78152890E-1
5.00000000E+4	3.17505218E+1	4.93279074E-8	2.55620584E+1	-1.25773524E+1	2.84887465E+1	-4.57252966E-1
5.36133611E+4	3.06983527E+1	4.50499340E-8	2.52239433E+1	-1.17510074E+1	2.78268486E+1	-4.35970450E-1
5.74878498E+4	2.97200838E+1	4.09616503E-8	2.49045398E+1	-1.09512054E+1	2.72059738E+1	-4.14278360E-1
6.16423370E+4	2.88167319E+1	3.70508959E-8	2.46085802E+1	-1.01762778E+1	2.66296612E+1	-3.92111723E-1
6.60970574E+4	2.79800488E+1	3.33391776E-8	2.43287271E+1	-9.42507300E+0	2.60905916E+1	-3.69601779E-1
7.08737081E+4	2.72041513E+1	2.98148404E-8	2.40647502E+1	-8.69188659E+0	2.55863461E+1	-3.46606423E-1
7.59955541E+4	2.64894468E+1	2.64849520E-8	2.38166770E+1	-7.97850093E+0	2.51175357E+1	-3.23246558E-1
8.14875417E+4	2.58335007E+1	2.33467486E-8	2.35845061E+1	-7.28295345E+0	2.46834024E+1	-2.99512751E-1
8.73764200E+4	2.52305099E+1	2.03980624E-8	2.33652132E+1	-6.60174576E+0	2.42799555E+1	-2.75367974E-1
9.36908711E+4	2.46772280E+1	1.76345222E-8	2.31574987E+1	-5.93237871E+0	2.39052896E+1	-2.50782190E-1
1.00461650E+5	2.41754152E+1	1.50600667E-8	2.29626304E+1	-5.27718895E+0	2.35612208E+1	-2.25894001E-1
1.07721735E+5	2.37185544E+1	1.26560628E-8	2.27782665E+1	-4.62797187E+0	2.32436562E+1	-2.00446469E-1
1.15506485E+5	2.33080388E+1	1.04191829E-8	2.26058213E+1	-3.98424389E+0	2.29542449E+1	-1.74456888E-1
1.23853818E+5	2.29410234E+1	8.35237670E-9	2.24420392E+1	-3.34637363E+0	2.26901597E+1	-1.48021214E-1
1.32804389E+5	2.26130569E+1	6.44413089E-9	2.22835774E+1	-2.70957299E+0	2.24477126E+1	-1.21001025E-1
1.42401793E+5	2.23279687E+1	4.68959929E-9	2.21336947E+1	-2.07364387E+0	2.22306195E+1	-9.34145290E-2
1.52692775E+5	2.20866749E+1	3.08179448E-9	2.19928866E+1	-1.43619879E+0	2.20397309E+1	-6.52102905E-2
1.63727458E+5	2.18856078E+1	1.60857681E-9	2.18569398E+1	-7.91573399E-1	2.18712691E+1	-3.62002900E-2
1.75559587E+5	2.17286471E+1	2.73533393E-10	2.17277124E+1	-1.42449601E-1	2.17281797E+1	-6.55603283E-3
1.88246790E+5	2.16297631E+1	-9.23498331E-10	2.16028539E+1	5.09941591E-1	2.16162994E+1	2.36032750E-2
2.01850863E+5	2.15473344E+1	-2.02445040E-9	2.14815851E+1	1.18844044E+0	2.15144346E+1	5.52673488E-2
2.16438064E+5	2.15258189E+1	-2.99669762E-9	2.13614333E+1	1.87390039E+0	2.14434686E+1	8.74995424E-2
2.32079442E+5	2.15595659E+1	-3.85503323E-9	2.12474775E+1	2.57508793E+0	2.14029529E+1	1.20606788E-1
2.48851178E+5	2.16458121E+1	-4.61272152E-9	2.11307990E+1	3.29888067E+0	2.13867553E+1	1.54867078E-1
2.66834962E+5	2.17987770E+1	-5.26951720E-9	2.10191809E+1	4.04800718E+0	2.14054300E+1	1.90256983E-1
2.86118383E+5	2.20126699E+1	-5.82470130E-9	2.09021277E+1	4.81795287E+0	2.14502130E+1	2.26543762E-1
3.06795364E+5	2.23041202E+1	-6.28844390E-9	2.07847645E+1	5.61955615E+0	2.15310447E+1	2.64055743E-1
3.28966612E+5	2.26836218E+1	-6.66710358E-9	2.06643932E+1	6.45957173E+0	2.16504797E+1	3.02970839E-1
3.52740116E+5	2.31522660E+1	-6.95021979E-9	2.05398009E+1	7.32525781E+0	2.18069467E+1	3.42575440E-1
3.78231664E+5	2.37324041E+1	-7.15529207E-9	2.04086532E+1	8.23608716E+0	2.20078710E+1	3.83570395E-1
4.05565415E+5	2.44355825E+1	-7.27750979E-9	2.02726198E+1	9.18662639E+0	2.22569824E+1	4.25474021E-1
4.34874501E+5	2.52885720E+1	-7.33304027E-9	2.01222536E+1	1.01959747E+1	2.25579929E+1	4.68994358E-1
4.66301673E+5	2.62996412E+1	-7.31596837E-9	1.99574177E+1	1.12505219E+1	2.29101045E+1	5.13320564E-1
5.00000000E+5	2.75015498E+1	-7.22868737E-9	1.97844079E+1	1.23563234E+1	2.33259894E+1	5.58274616E-1
