Start time:20240906_17-31-15	sweep/start:500.000	sweep/stop:500000.000	sweep/samplecount:100.000	sweep/xmapping:1.000	sweep/scan:0.000	sweep/averaging/sample:10.000	sweep/settling/time:0.100	sweep/settling/inaccuracy:0.010	sweep/awgcontrol:0.000	sweep/averaging/time:0.100	sweep/averaging/tc:15.000	sweep/bandwidthcontrol:2.000	sweep/sincfilter:0.000	sweep/omegasuppression:80.000	sweep/maxbandwidth:100.000	sweep/bandwidth:1250000.000	sweep/order:8.000	sweep/bandwidthoverlap:1.000																				
Frequency	Param0		Param1		RealZ		ImagZ		AbsZ		PhaseZ		
5.00000000E+2	1.58147408E+3	7.51526707E-7	1.05843714E+2	-3.95203865E+2	4.09132001E+2	-1.30911696E+0
5.36133611E+2	1.42473069E+3	7.42921568E-7	1.03894354E+2	-3.70442103E+2	3.84735486E+2	-1.29736072E+0
5.74878498E+2	1.28498339E+3	7.33878581E-7	1.01961824E+2	-3.47308152E+2	3.61965706E+2	-1.28524218E+0
6.16423370E+2	1.16016904E+3	7.24128261E-7	1.00122922E+2	-3.25783450E+2	3.40821744E+2	-1.27262871E+0
6.60970574E+2	1.04745262E+3	7.13899051E-7	9.84059553E+1	-3.05600718E+2	3.21053788E+2	-1.25927273E+0
7.08737081E+2	9.46660191E+2	7.02900686E-7	9.67932352E+1	-2.86812312E+2	3.02704873E+2	-1.24531900E+0
7.59955541E+2	8.56808566E+2	6.91252280E-7	9.52230244E+1	-2.69296210E+2	2.85635916E+2	-1.23091838E+0
8.14875417E+2	7.76517947E+2	6.78953298E-7	9.37076800E+1	-2.52951670E+2	2.69751142E+2	-1.21601463E+0
8.73764200E+2	7.04554903E+2	6.65867746E-7	9.22957136E+1	-2.37715973E+2	2.55004675E+2	-1.20045103E+0
9.36908711E+2	6.40483242E+2	6.52190096E-7	9.08912771E+1	-2.23501912E+2	2.41276461E+2	-1.18455415E+0
1.00461650E+3	5.83180300E+2	6.37807445E-7	8.95484438E+1	-2.10247365E+2	2.28523259E+2	-1.16814715E+0
1.07721735E+3	5.32248332E+2	6.22716798E-7	8.82314405E+1	-1.97929888E+2	2.16704936E+2	-1.15146465E+0
1.15506485E+3	4.86757149E+2	6.07026558E-7	8.69448150E+1	-1.86444645E+2	2.05720702E+2	-1.13444529E+0
1.23853818E+3	4.46280916E+2	5.90679082E-7	8.56878185E+1	-1.75779502E+2	1.95552642E+2	-1.11722018E+0
1.32804389E+3	4.10212908E+2	5.73895317E-7	8.44242764E+1	-1.65844708E+2	1.86096550E+2	-1.09993003E+0
1.42401793E+3	3.77983901E+2	5.56663334E-7	8.31787815E+1	-1.56593512E+2	1.77313954E+2	-1.08251976E+0
1.52692775E+3	3.49303633E+2	5.39070430E-7	8.19273569E+1	-1.48004832E+2	1.69167144E+2	-1.06523539E+0
1.63727458E+3	3.23670445E+2	5.21194204E-7	8.06821345E+1	-1.40017190E+2	1.61599569E+2	-1.04803800E+0
1.75559587E+3	3.00804810E+2	5.03225947E-7	7.94083622E+1	-1.32592338E+2	1.54552310E+2	-1.03119265E+0
1.88246790E+3	2.80280252E+2	4.85152614E-7	7.81429535E+1	-1.25680566E+2	1.47992993E+2	-1.01453141E+0
2.01850863E+3	2.61957130E+2	4.67168009E-7	7.68439590E+1	-1.19267885E+2	1.41879606E+2	-9.98440587E-1
2.16438064E+3	2.45462011E+2	4.49347860E-7	7.55293701E+1	-1.13291239E+2	1.36160166E+2	-9.82782250E-1
2.32079442E+3	2.30659522E+2	4.31803204E-7	7.41826782E+1	-1.07739830E+2	1.30808795E+2	-9.67806291E-1
2.48851178E+3	2.17296478E+2	4.14604065E-7	7.28127369E+1	-1.02568301E+2	1.25785337E+2	-9.53460162E-1
2.66834962E+3	2.05215900E+2	3.97848959E-7	7.14113479E+1	-9.77505131E+1	1.21056779E+2	-9.39861800E-1
2.86118383E+3	1.94236550E+2	3.81600728E-7	6.99814222E+1	-9.32499330E+1	1.16588806E+2	-9.26993488E-1
3.06795364E+3	1.84236925E+2	3.65907393E-7	6.85226255E+1	-8.90451983E+1	1.12358345E+2	-9.14915035E-1
3.28966612E+3	1.75085124E+2	3.50826535E-7	6.70328014E+1	-8.51061063E+1	1.08334879E+2	-9.03638792E-1
3.52740116E+3	1.66682126E+2	3.36371651E-7	6.55161336E+1	-8.14125558E+1	1.04500565E+2	-8.93170368E-1
3.78231664E+3	1.58916239E+2	3.22560897E-7	6.39758017E+1	-7.79351645E+1	1.00830518E+2	-8.83449775E-1
4.05565415E+3	1.51690875E+2	3.09426719E-7	6.24089983E+1	-7.46457754E+1	9.72978681E+1	-8.74445888E-1
4.34874501E+3	1.44982220E+2	2.96904241E-7	6.08298248E+1	-7.15470123E+1	9.39108234E+1	-8.66181658E-1
4.66301673E+3	1.38660400E+2	2.84976943E-7	5.92477348E+1	-6.85931499E+1	9.06383718E+1	-8.58370293E-1
5.00000000E+3	1.32697420E+2	2.73626808E-7	5.76645994E+1	-6.57779375E+1	8.74753868E+1	-8.51029393E-1
5.36133611E+3	1.27087121E+2	2.62889353E-7	5.60683858E+1	-6.31023422E+1	8.44130889E+1	-8.44353963E-1
5.74878498E+3	1.21731511E+2	2.52651965E-7	5.44870480E+1	-6.05305885E+1	8.14419463E+1	-8.37894354E-1
6.16423370E+3	1.16631667E+2	2.42899217E-7	5.29197344E+1	-5.80656394E+1	7.85628208E+1	-8.31730592E-1
6.60970574E+3	1.11740530E+2	2.33599735E-7	5.13716162E+1	-5.56888549E+1	7.57647118E+1	-8.25701562E-1
7.08737081E+3	1.07053298E+2	2.24679669E-7	4.98560240E+1	-5.34006420E+1	7.30564969E+1	-8.19712914E-1
7.59955541E+3	1.02530261E+2	2.16166216E-7	4.83634569E+1	-5.11829439E+1	7.04181637E+1	-8.13713938E-1
8.14875417E+3	9.81798330E+1	2.07962269E-7	4.69122908E+1	-4.90415909E+1	6.78663449E+1	-8.07585390E-1
8.73764200E+3	9.39727440E+1	2.00043614E-7	4.55045816E+1	-4.69629996E+1	6.53925863E+1	-8.01169066E-1
9.36908711E+3	8.99256768E+1	1.92379136E-7	4.41430867E+1	-4.49553637E+1	6.30047371E+1	-7.94514535E-1
1.00461650E+4	8.60176618E+1	1.84947571E-7	4.28289471E+1	-4.30084536E+1	6.06963412E+1	-7.87489400E-1
1.07721735E+4	8.22510255E+1	1.77708626E-7	4.15674335E+1	-4.11231367E+1	5.84719075E+1	-7.80025210E-1
1.15506485E+4	7.86064388E+1	1.70671855E-7	4.03521922E+1	-3.92892180E+1	5.63199973E+1	-7.72051956E-1
1.23853818E+4	7.51216044E+1	1.63763033E-7	3.91969647E+1	-3.75251480E+1	5.42636050E+1	-7.63611071E-1
1.32804389E+4	7.17484648E+1	1.57017049E-7	3.80891718E+1	-3.58057881E+1	5.22765678E+1	-7.54507591E-1
1.42401793E+4	6.85213551E+1	1.50394639E-7	3.70351098E+1	-3.41481547E+1	5.03755483E+1	-7.44863724E-1
1.52692775E+4	6.54269153E+1	1.43889245E-7	3.60326589E+1	-3.25446263E+1	4.85541501E+1	-7.34579232E-1
1.63727458E+4	6.24667206E+1	1.37446171E-7	3.50911521E+1	-3.09941893E+1	4.68191092E+1	-7.23482371E-1
1.75559587E+4	5.96346059E+1	1.31111530E-7	3.41970230E+1	-2.94938713E+1	4.51588916E+1	-7.11688503E-1
1.88246790E+4	5.69521218E+1	1.24935541E-7	3.33388174E+1	-2.80577799E+1	4.35742599E+1	-6.99594259E-1
2.01850863E+4	5.43931125E+1	1.18846301E-7	3.25284226E+1	-2.66687679E+1	4.20633079E+1	-6.86734178E-1
2.16438064E+4	5.19605195E+1	1.12780047E-7	3.17782915E+1	-2.53250150E+1	4.06351621E+1	-6.72865059E-1
2.32079442E+4	4.96509294E+1	1.06853336E-7	3.10609524E+1	-2.40296030E+1	3.92709172E+1	-6.58451886E-1
2.48851178E+4	4.74727202E+1	1.01051957E-7	3.03801555E+1	-2.27875710E+1	3.79766787E+1	-6.43552818E-1
2.66834962E+4	4.54198005E+1	9.52747283E-8	2.97567360E+1	-2.15889154E+1	3.67633632E+1	-6.27644632E-1
2.86118383E+4	4.34766887E+1	8.96555142E-8	2.91586028E+1	-2.04327004E+1	3.56050481E+1	-6.11224755E-1
3.06795364E+4	4.16535705E+1	8.41234451E-8	2.86034529E+1	-1.93204123E+1	3.45171829E+1	-5.94063769E-1
3.28966612E+4	3.99360493E+1	7.87489276E-8	2.80734722E+1	-1.82489353E+1	3.34834816E+1	-5.76404728E-1
3.52740116E+4	3.83270679E+1	7.34848269E-8	2.75803505E+1	-1.72162165E+1	3.25126734E+1	-5.58038478E-1
3.78231664E+4	3.68228665E+1	6.83538014E-8	2.71195730E+1	-1.62218675E+1	3.16009552E+1	-5.39066074E-1
4.05565415E+4	3.54126518E+1	6.34112699E-8	2.66774067E+1	-1.52654369E+1	3.07362601E+1	-5.19745064E-1
4.34874501E+4	3.41073445E+1	5.85984676E-8	2.62721232E+1	-1.43473976E+1	2.99344674E+1	-4.99849633E-1
4.66301673E+4	3.28862706E+1	5.39551304E-8	2.58893156E+1	-1.34590605E+1	2.91788113E+1	-4.79416408E-1
5.00000000E+4	3.17466930E+1	4.94856866E-8	2.55283022E+1	-1.25994009E+1	2.84682132E+1	-4.58471376E-1
5.36133611E+4	3.06902208E+1	4.51892876E-8	2.51918200E+1	-1.17692272E+1	2.78054404E+1	-4.37052284E-1
5.74878498E+4	2.97094743E+1	4.10825365E-8	2.48747187E+1	-1.09664567E+1	2.71848269E+1	-4.15233487E-1
6.16423370E+4	2.87999116E+1	3.71585560E-8	2.45775408E+1	-1.01870251E+1	2.66050935E+1	-3.92930847E-1
6.60970574E+4	2.79594696E+1	3.34345730E-8	2.42973514E+1	-9.43290865E+0	2.60641719E+1	-3.70316968E-1
7.08737081E+4	2.71829342E+1	2.98956095E-8	2.40352816E+1	-8.69797148E+0	2.55607018E+1	-3.47221969E-1
7.59955541E+4	2.64681078E+1	2.65477554E-8	2.37899781E+1	-7.98201959E+0	2.50933398E+1	-3.23717493E-1
8.14875417E+4	2.58093756E+1	2.33972287E-8	2.35574487E+1	-7.28351884E+0	2.46577177E+1	-2.99858431E-1
8.73764200E+4	2.52075586E+1	2.04430642E-8	2.33394881E+1	-6.60301413E+0	2.42555460E+1	-2.75706665E-1
9.36908711E+4	2.46544438E+1	1.76659597E-8	2.31336724E+1	-5.93135846E+0	2.38819561E+1	-2.50988389E-1
1.00461650E+5	2.41524213E+1	1.50691256E-8	2.29415959E+1	-5.27050857E+0	2.35392245E+1	-2.25817558E-1
1.07721735E+5	2.36956381E+1	1.26637409E-8	2.27569082E+1	-4.62196770E+0	2.32215301E+1	-2.00376211E-1
1.15506485E+5	2.32861084E+1	1.04218137E-8	2.25854884E+1	-3.97791898E+0	2.29331230E+1	-1.74339170E-1
1.23853818E+5	2.29179084E+1	8.35068300E-9	2.24206067E+1	-3.33913193E+0	2.26678938E+1	-1.47844684E-1
1.32804389E+5	2.25948819E+1	6.43747188E-9	2.22668555E+1	-2.70256565E+0	2.24302690E+1	-1.20780935E-1
1.42401793E+5	2.23109828E+1	4.67696236E-9	2.21181833E+1	-2.06503479E+0	2.22143739E+1	-9.30938018E-2
1.52692775E+5	2.20690631E+1	3.06130585E-9	2.19767331E+1	-1.42446603E+0	2.20228497E+1	-6.47264635E-2
1.63727458E+5	2.18702768E+1	1.59021719E-9	2.18423174E+1	-7.81467232E-1	2.18562926E+1	-3.57624183E-2
1.75559587E+5	2.17135719E+1	2.53301764E-10	2.17127722E+1	-1.31731895E-1	2.17131721E+1	-6.06693647E-3
1.88246790E+5	2.16195904E+1	-9.58413915E-10	2.15930784E+1	5.28465909E-1	2.16063256E+1	2.44784622E-2
2.01850863E+5	2.15352721E+1	-2.04630962E-9	2.14682122E+1	1.19985323E+0	2.15017160E+1	5.58316709E-2
2.16438064E+5	2.15159981E+1	-3.02008470E-9	2.13492838E+1	1.88658950E+0	2.14324788E+1	8.81388684E-2
2.32079442E+5	2.15511797E+1	-3.87920529E-9	2.12355878E+1	2.58877692E+0	2.13928018E+1	1.21308897E-1
2.48851178E+5	2.16405391E+1	-4.63536672E-9	2.11209529E+1	3.31272386E+0	2.13791676E+1	1.55577879E-1
2.66834962E+5	2.17904864E+1	-5.28825819E-9	2.10064064E+1	4.05839252E+0	2.13948547E+1	1.90846503E-1
2.86118383E+5	2.20107123E+1	-5.84392424E-9	2.08934891E+1	4.83142462E+0	2.14448263E+1	2.27246425E-1
3.06795364E+5	2.23059370E+1	-6.30561641E-9	2.07784852E+1	5.63365891E+0	2.15286688E+1	2.64764221E-1
3.28966612E+5	2.26827943E+1	-6.67959216E-9	2.06568760E+1	6.46908357E+0	2.16461465E+1	3.03493802E-1
3.52740116E+5	2.31592051E+1	-6.96639020E-9	2.05337673E+1	7.34234568E+0	2.18070108E+1	3.43406410E-1
3.78231664E+5	2.37382885E+1	-7.16772054E-9	2.04023487E+1	8.24989428E+0	2.20071989E+1	3.84259297E-1
4.05565415E+5	2.44464027E+1	-7.28698544E-9	2.02695303E+1	9.20125358E+0	2.22602127E+1	4.26129897E-1
4.34874501E+5	2.52954103E+1	-7.34740735E-9	2.01093509E+1	1.02121559E+1	2.25538079E+1	4.69893002E-1
4.66301673E+5	2.63157233E+1	-7.32189631E-9	1.99559225E+1	1.12656780E+1	2.29162495E+1	5.13928712E-1
NaN	NaN	NaN	NaN	NaN	NaN	NaN
