Start time:20240908_05-19-40	sweep/start:500.000	sweep/stop:500000.000	sweep/samplecount:100.000	sweep/xmapping:1.000	sweep/scan:0.000	sweep/averaging/sample:10.000	sweep/settling/time:0.100	sweep/settling/inaccuracy:0.010	sweep/awgcontrol:0.000	sweep/averaging/time:0.100	sweep/averaging/tc:15.000	sweep/bandwidthcontrol:2.000	sweep/sincfilter:0.000	sweep/omegasuppression:80.000	sweep/maxbandwidth:100.000	sweep/bandwidth:1250000.000	sweep/order:8.000	sweep/bandwidthoverlap:1.000																				
Frequency	Param0		Param1		RealZ		ImagZ		AbsZ		PhaseZ		
5.00000000E+2	1.61229829E+3	7.94314332E-7	9.38074246E+1	-3.77419621E+2	3.88902831E+2	-1.32718337E+0
5.36133611E+2	1.44986869E+3	7.86432088E-7	9.20366588E+1	-3.53511218E+2	3.65295684E+2	-1.31610040E+0
5.74878498E+2	1.30434517E+3	7.78052491E-7	9.03450236E+1	-3.31177904E+2	3.43279816E+2	-1.30447743E+0
6.16423370E+2	1.17360402E+3	7.69107228E-7	8.87628775E+1	-3.10312089E+2	3.22757561E+2	-1.29219197E+0
6.60970574E+2	1.05656537E+3	7.59610411E-7	8.72502393E+1	-2.90814261E+2	3.03620721E+2	-1.27932073E+0
7.08737081E+2	9.51774556E+2	7.49406411E-7	8.58332612E+1	-2.72628906E+2	2.85821401E+2	-1.26578514E+0
7.59955541E+2	8.57983216E+2	7.38618893E-7	8.44754204E+1	-2.55621518E+2	2.69218240E+2	-1.25162435E+0
8.14875417E+2	7.74006422E+2	7.27093661E-7	8.32036129E+1	-2.39744180E+2	2.53771777E+2	-1.23675051E+0
8.73764200E+2	6.98975525E+2	7.14824038E-7	8.19972839E+1	-2.24923378E+2	2.39403597E+2	-1.22121287E+0
9.36908711E+2	6.32272668E+2	7.01778380E-7	8.08242881E+1	-2.11117048E+2	2.26059672E+2	-1.20516903E+0
1.00461650E+3	5.72629658E+2	6.88057748E-7	7.96950847E+1	-1.98203066E+2	2.13625286E+2	-1.18849120E+0
1.07721735E+3	5.19410394E+2	6.73441166E-7	7.86372301E+1	-1.86175119E+2	2.02101435E+2	-1.17114428E+0
1.15506485E+3	4.72020010E+2	6.58076063E-7	7.76077299E+1	-1.74955533E+2	1.91395921E+2	-1.15328953E+0
1.23853818E+3	4.29841251E+2	6.41851330E-7	7.66259581E+1	-1.64515828E+2	1.81485524E+2	-1.13490862E+0
1.32804389E+3	3.92299014E+2	6.24928603E-7	7.56625709E+1	-1.54782183E+2	1.72285662E+2	-1.11612251E+0
1.42401793E+3	3.58839762E+2	6.07281974E-7	7.47325394E+1	-1.45712220E+2	1.63758982E+2	-1.09689975E+0
1.52692775E+3	3.29142737E+2	5.88936153E-7	7.38218151E+1	-1.37288938E+2	1.55877879E+2	-1.07743673E+0
1.63727458E+3	3.02672971E+2	5.70100859E-7	7.29150349E+1	-1.29432635E+2	1.48557765E+2	-1.05776633E+0
1.75559587E+3	2.79141868E+2	5.50723552E-7	7.20257531E+1	-1.22138009E+2	1.41793521E+2	-1.03797889E+0
1.88246790E+3	2.58181401E+2	5.30970193E-7	7.11422325E+1	-1.15353297E+2	1.35527121E+2	-1.01816362E+0
2.01850863E+3	2.39553696E+2	5.10922835E-7	7.02594650E+1	-1.09062008E+2	1.29734013E+2	-9.98498108E-1
2.16438064E+3	2.22954620E+2	4.90741405E-7	6.93711735E+1	-1.03219492E+2	1.24364880E+2	-9.79059276E-1
2.32079442E+3	2.08118515E+2	4.70554069E-7	6.84766032E+1	-9.77865193E+1	1.19378594E+2	-9.59891663E-1
2.48851178E+3	1.94899162E+2	4.50466727E-7	6.75689280E+1	-9.27554146E+1	1.14756817E+2	-9.41221695E-1
2.66834962E+3	1.83073031E+2	4.30656095E-7	6.66386422E+1	-8.80853524E+1	1.10452424E+2	-9.23133212E-1
2.86118383E+3	1.72467442E+2	4.11178921E-7	6.56949696E+1	-8.37520980E+1	1.06443615E+2	-9.05641531E-1
3.06795364E+3	1.62952829E+2	3.92174176E-7	6.47271001E+1	-7.97362289E+1	1.02700846E+2	-8.88922508E-1
3.28966612E+3	1.54375263E+2	3.73754444E-7	6.37308330E+1	-7.60055580E+1	9.91890317E+1	-8.73015274E-1
3.52740116E+3	1.46634354E+2	3.55973885E-7	6.27078540E+1	-7.25455055E+1	9.58912168E+1	-8.58005292E-1
3.78231664E+3	1.39578285E+2	3.38918366E-7	6.16548044E+1	-6.93134665E+1	9.27667596E+1	-8.43808878E-1
4.05565415E+3	1.33185429E+2	3.22635449E-7	6.05663628E+1	-6.63194678E+1	8.98140107E+1	-8.30707929E-1
4.34874501E+3	1.27314337E+2	3.07069280E-7	5.94627518E+1	-6.35188293E+1	8.70083943E+1	-8.18367388E-1
4.66301673E+3	1.21922330E+2	2.92419913E-7	5.83046881E+1	-6.09032543E+1	8.43127702E+1	-8.07193305E-1
5.00000000E+3	1.16943047E+2	2.78538923E-7	5.71240365E+1	-5.84559930E+1	8.17328501E+1	-7.96921762E-1
5.36133611E+3	1.12289936E+2	2.65354299E-7	5.59355548E+1	-5.61445762E+1	7.92527590E+1	-7.87263087E-1
5.74878498E+3	1.07938788E+2	2.53012463E-7	5.47055951E+1	-5.39643717E+1	7.68430582E+1	-7.78577403E-1
6.16423370E+3	1.03842847E+2	2.41350005E-7	5.34652570E+1	-5.18984649E+1	7.45116396E+1	-7.70528941E-1
6.60970574E+3	9.99680617E+1	2.30373884E-7	5.22088500E+1	-4.99344913E+1	7.22441519E+1	-7.63135498E-1
7.08737081E+3	9.62803421E+1	2.20050789E-7	5.09386022E+1	-4.80587634E+1	7.00313215E+1	-7.56316311E-1
7.59955541E+3	9.27448247E+1	2.10313659E-7	4.96635686E+1	-4.62554738E+1	6.78678048E+1	-7.49882153E-1
8.14875417E+3	8.93586083E+1	2.01108356E-7	4.83910417E+1	-4.45248588E+1	6.57583156E+1	-7.43812668E-1
8.73764200E+3	8.60871362E+1	1.92411700E-7	4.71202705E+1	-4.28500778E+1	6.36902591E+1	-7.37971533E-1
9.36908711E+3	8.29268190E+1	1.84134802E-7	4.58663811E+1	-4.12289712E+1	6.16729523E+1	-7.32203191E-1
1.00461650E+4	7.98653533E+1	1.76233337E-7	4.46344628E+1	-3.96549091E+1	5.97055032E+1	-7.26389864E-1
1.07721735E+4	7.68962027E+1	1.68694859E-7	4.34228933E+1	-3.81248985E+1	5.77845618E+1	-7.20521366E-1
1.15506485E+4	7.40166027E+1	1.61485070E-7	4.22353244E+1	-3.66373104E+1	5.59116731E+1	-7.14541617E-1
1.23853818E+4	7.12149061E+1	1.54529126E-7	4.10839375E+1	-3.51837855E+1	5.40905604E+1	-7.08190880E-1
1.32804389E+4	6.84920343E+1	1.47843461E-7	3.99614674E+1	-3.37657097E+1	5.23167480E+1	-7.01558882E-1
1.42401793E+4	6.58481046E+1	1.41351817E-7	3.88816192E+1	-3.23805578E+1	5.05992183E+1	-6.94422611E-1
1.52692775E+4	6.32914130E+1	1.35092266E-7	3.78334633E+1	-3.10348497E+1	4.89339672E+1	-6.86997972E-1
1.63727458E+4	6.08030323E+1	1.28968969E-7	3.68332604E+1	-2.97133698E+1	4.73241347E+1	-6.78812649E-1
1.75559587E+4	5.84151024E+1	1.23017073E-7	3.58741652E+1	-2.84365286E+1	4.57776429E+1	-6.70257975E-1
1.88246790E+4	5.60882644E+1	1.17216848E-7	3.49525221E+1	-2.71798992E+1	4.42766991E+1	-6.60946998E-1
2.01850863E+4	5.38733281E+1	1.11531449E-7	3.40816140E+1	-2.59717699E+1	4.28496173E+1	-6.51166391E-1
2.16438064E+4	5.17253016E+1	1.06017744E-7	3.32393197E+1	-2.47883225E+1	4.14646071E+1	-6.40777465E-1
2.32079442E+4	4.96685402E+1	1.00616504E-7	3.24408468E+1	-2.36406402E+1	4.01408661E+1	-6.29749153E-1
2.48851178E+4	4.77033525E+1	9.52842229E-8	3.16944181E+1	-2.25253692E+1	3.88835371E+1	-6.17874050E-1
2.66834962E+4	4.57978194E+1	9.01162163E-8	3.09698874E+1	-2.14293898E+1	3.76610289E+1	-6.05297943E-1
2.86118383E+4	4.39941190E+1	8.50617706E-8	3.02865772E+1	-2.03753341E+1	3.65024820E+1	-5.92203264E-1
3.06795364E+4	4.22848487E+1	8.01214224E-8	2.96422703E+1	-1.93585813E+1	3.54036566E+1	-5.78532825E-1
3.28966612E+4	4.06520517E+1	7.52563587E-8	2.90399543E+1	-1.83634064E+1	3.43588955E+1	-5.63867051E-1
3.52740116E+4	3.90957056E+1	7.05440370E-8	2.84614824E+1	-1.73972886E+1	3.33574835E+1	-5.48655829E-1
3.78231664E+4	3.76299548E+1	6.59318274E-8	2.79227936E+1	-1.64636214E+1	3.24150182E+1	-5.32746433E-1
4.05565415E+4	3.62376392E+1	6.14508599E-8	2.74112010E+1	-1.55545205E+1	3.15169347E+1	-5.16142711E-1
4.34874501E+4	3.49238836E+1	5.71043503E-8	2.69278749E+1	-1.46736300E+1	3.06663650E+1	-4.98937314E-1
4.66301673E+4	3.36821372E+1	5.28772377E-8	2.64736455E+1	-1.38143032E+1	2.98611611E+1	-4.80945645E-1
5.00000000E+4	3.25215269E+1	4.87758575E-8	2.60517600E+1	-1.29826326E+1	2.91074389E+1	-4.62318679E-1
5.36133611E+4	3.14251806E+1	4.48372671E-8	2.56471615E+1	-1.21733223E+1	2.83895523E+1	-4.43159452E-1
5.74878498E+4	3.04018176E+1	4.10261100E-8	2.52723005E+1	-1.13857226E+1	2.77186555E+1	-4.23287778E-1
6.16423370E+4	2.94417796E+1	3.73663646E-8	2.49178279E+1	-1.06172990E+1	2.70855164E+1	-4.02795619E-1
6.60970574E+4	2.85450867E+1	3.38638124E-8	2.45832408E+1	-9.86889062E+0	2.64902008E+1	-3.81753952E-1
7.08737081E+4	2.77120166E+1	3.05053169E-8	2.42722603E+1	-9.13732155E+0	2.59351746E+1	-3.60042347E-1
7.59955541E+4	2.69351217E+1	2.73125059E-8	2.39765394E+1	-8.42238391E+0	2.54128118E+1	-3.37811156E-1
8.14875417E+4	2.62159471E+1	2.42740096E-8	2.36999829E+1	-7.72193573E+0	2.49262411E+1	-3.14973660E-1
8.73764200E+4	2.55499827E+1	2.13936876E-8	2.34391996E+1	-7.03385068E+0	2.44718439E+1	-2.91538628E-1
9.36908711E+4	2.49381099E+1	1.86669660E-8	2.31961250E+1	-6.35667283E+0	2.40513516E+1	-2.67473754E-1
1.00461650E+5	2.43741100E+1	1.60954786E-8	2.29657722E+1	-5.68713947E+0	2.36594644E+1	-2.42751975E-1
1.07721735E+5	2.38602838E+1	1.36817136E-8	2.27496438E+1	-5.02659513E+0	2.32983466E+1	-2.17458836E-1
1.15506485E+5	2.33934729E+1	1.14201356E-8	2.25459093E+1	-4.37139396E+0	2.29657814E+1	-1.91512332E-1
1.23853818E+5	2.29720278E+1	9.30868683E-9	2.23530279E+1	-3.71974675E+0	2.26604143E+1	-1.64898040E-1
1.32804389E+5	2.25939688E+1	7.34187686E-9	2.21692113E+1	-3.06861221E+0	2.23805823E+1	-1.37543769E-1
1.42401793E+5	2.22645724E+1	5.51881413E-9	2.19986788E+1	-2.41853329E+0	2.21312263E+1	-1.09500175E-1
1.52692775E+5	2.19778472E+1	3.83069463E-9	2.18353901E+1	-1.76368868E+0	2.19065029E+1	-8.05970596E-2
1.63727458E+5	2.17358588E+1	2.28096226E-9	2.16794634E+1	-1.10571930E+0	2.17076428E+1	-5.09589146E-2
1.75559587E+5	2.15410045E+1	8.59318341E-10	2.15320271E+1	-4.39652317E-1	2.15365153E+1	-2.04156918E-2
1.88246790E+5	2.13980365E+1	-4.69353638E-10	2.13766088E+1	2.52920478E-1	2.13873178E+1	1.18497638E-2
2.01850863E+5	2.12948613E+1	-1.60757431E-9	2.12547954E+1	9.22812128E-1	2.12748189E+1	4.33894050E-2
2.16438064E+5	2.12460206E+1	-2.66190833E-9	2.11210847E+1	1.62442760E+0	2.11834606E+1	7.67591298E-2
2.32079442E+5	2.12565969E+1	-3.60265680E-9	2.09947913E+1	2.34447001E+0	2.11252885E+1	1.11208403E-1
2.48851178E+5	2.13246155E+1	-4.42959476E-9	2.08693763E+1	3.08229521E+0	2.10957679E+1	1.46634566E-1
2.66834962E+5	2.14582123E+1	-5.14841477E-9	2.07464630E+1	3.84267779E+0	2.10993366E+1	1.83145241E-1
2.86118383E+5	2.16389963E+1	-5.77661085E-9	2.05988028E+1	4.62889971E+0	2.11124943E+1	2.21045005E-1
3.06795364E+5	2.19252040E+1	-6.29436958E-9	2.04761097E+1	5.44718304E+0	2.11882723E+1	2.60004416E-1
3.28966612E+5	2.22974446E+1	-6.71557821E-9	2.03481957E+1	6.29790451E+0	2.13005342E+1	3.00155614E-1
3.52740116E+5	2.27672184E+1	-7.03877723E-9	2.02168721E+1	7.18051701E+0	2.14541819E+1	3.41277166E-1
3.78231664E+5	2.33486903E+1	-7.26822945E-9	2.00822720E+1	8.09919561E+0	2.16539772E+1	3.83348508E-1
4.05565415E+5	2.40744357E+1	-7.41434577E-9	1.99474920E+1	9.07314537E+0	2.19140269E+1	4.26881089E-1
4.34874501E+5	2.49241925E+1	-7.48157524E-9	1.97872767E+1	1.00819333E+1	2.22076981E+1	4.71231352E-1
4.66301673E+5	2.59501889E+1	-7.46253965E-9	1.96306731E+1	1.11380454E+1	2.25703257E+1	5.16088575E-1
NaN	NaN	NaN	NaN	NaN	NaN	NaN
