Start time:20240907_22-54-09	sweep/start:500.000	sweep/stop:500000.000	sweep/samplecount:100.000	sweep/xmapping:1.000	sweep/scan:0.000	sweep/averaging/sample:10.000	sweep/settling/time:0.100	sweep/settling/inaccuracy:0.010	sweep/awgcontrol:0.000	sweep/averaging/time:0.100	sweep/averaging/tc:15.000	sweep/bandwidthcontrol:2.000	sweep/sincfilter:0.000	sweep/omegasuppression:80.000	sweep/maxbandwidth:100.000	sweep/bandwidth:1250000.000	sweep/order:8.000	sweep/bandwidthoverlap:1.000																				
Frequency	Param0		Param1		RealZ		ImagZ		AbsZ		PhaseZ		
5.00000000E+2	1.60537478E+3	7.81634619E-7	9.70582809E+1	-3.82615330E+2	3.94733844E+2	-1.32236594E+0
5.36133611E+2	1.44475510E+3	7.73667987E-7	9.51898535E+1	-3.58419892E+2	3.70844892E+2	-1.31120692E+0
5.74878498E+2	1.30023722E+3	7.65163487E-7	9.34472147E+1	-3.35814099E+2	3.48573514E+2	-1.29939196E+0
6.16423370E+2	1.17081355E+3	7.56024824E-7	9.18036811E+1	-3.14733253E+2	3.27848961E+2	-1.28698322E+0
6.60970574E+2	1.05465196E+3	7.46304352E-7	9.02569979E+1	-2.95031081E+2	3.08528231E+2	-1.27391384E+0
7.08737081E+2	9.50664509E+2	7.35904991E-7	8.87996681E+1	-2.76646435E+2	2.90548855E+2	-1.26019912E+0
7.59955541E+2	8.57664739E+2	7.24913635E-7	8.73972892E+1	-2.59459541E+2	2.73783752E+2	-1.24588986E+0
8.14875417E+2	7.74660527E+2	7.13200607E-7	8.60560720E+1	-2.43430839E+2	2.58194158E+2	-1.23099494E+0
8.73764200E+2	7.00374086E+2	7.00736862E-7	8.47942123E+1	-2.28467937E+2	2.43695831E+2	-1.21541166E+0
9.36908711E+2	6.34133338E+2	6.87499248E-7	8.35862148E+1	-2.14518387E+2	2.30227703E+2	-1.19924762E+0
1.00461650E+3	5.75042017E+2	6.73535296E-7	8.24201737E+1	-2.01499293E+2	2.17704047E+2	-1.18252589E+0
1.07721735E+3	5.22253343E+2	6.58789976E-7	8.13125399E+1	-1.89351555E+2	2.06072175E+2	-1.16518254E+0
1.15506485E+3	4.75351340E+2	6.43283107E-7	8.02280830E+1	-1.78044878E+2	1.95285751E+2	-1.14743860E+0
1.23853818E+3	4.33507948E+2	6.27011616E-7	7.91898538E+1	-1.67506399E+2	1.85282021E+2	-1.12917952E+0
1.32804389E+3	3.96322820E+2	6.10035817E-7	7.81703268E+1	-1.57702513E+2	1.76013304E+2	-1.11060893E+0
1.42401793E+3	3.63177485E+2	5.92420222E-7	7.71756932E+1	-1.48567778E+2	1.67417062E+2	-1.09169861E+0
1.52692775E+3	3.33728530E+2	5.74162780E-7	7.62022926E+1	-1.40086005E+2	1.59470619E+2	-1.07259606E+0
1.63727458E+3	3.07511795E+2	5.55473367E-7	7.52262460E+1	-1.32189142E+2	1.52095225E+2	-1.05342219E+0
1.75559587E+3	2.84154057E+2	5.36313449E-7	7.42715283E+1	-1.24853096E+2	1.45274071E+2	-1.03415643E+0
1.88246790E+3	2.63327125E+2	5.16924821E-7	7.33061837E+1	-1.18024188E+2	1.38937057E+2	-1.01499811E+0
2.01850863E+3	2.44830600E+2	4.97320414E-7	7.23355423E+1	-1.11702833E+2	1.33078750E+2	-9.96130388E-1
2.16438064E+3	2.28292798E+2	4.77663420E-7	7.13603929E+1	-1.05824182E+2	1.27636450E+2	-9.77507270E-1
2.32079442E+3	2.13527593E+2	4.58087167E-7	7.03688603E+1	-1.00368901E+2	1.22579334E+2	-9.59330997E-1
2.48851178E+3	2.00332943E+2	4.38686114E-7	6.93621766E+1	-9.53122073E+1	1.17879297E+2	-9.41696742E-1
2.66834962E+3	1.88508441E+2	4.19637350E-7	6.83259957E+1	-9.06177951E+1	1.13490205E+2	-9.24738876E-1
2.86118383E+3	1.77868658E+2	4.00980301E-7	6.72731051E+1	-8.62560477E+1	1.09388192E+2	-9.08417693E-1
3.06795364E+3	1.68297061E+2	3.82853909E-7	6.61887841E+1	-8.22096239E+1	1.05543250E+2	-8.92939960E-1
3.28966612E+3	1.59638415E+2	3.65310185E-7	6.50791911E+1	-7.84463992E+1	1.01927125E+2	-8.78264938E-1
3.52740116E+3	1.51799329E+2	3.48438639E-7	6.39360369E+1	-7.49508532E+1	9.85162288E+1	-8.64540333E-1
3.78231664E+3	1.44653302E+2	3.32286956E-7	6.27605451E+1	-7.16912397E+1	9.52812677E+1	-8.51723764E-1
4.05565415E+3	1.38114936E+2	3.16905722E-7	6.15483382E+1	-6.86479894E+1	9.21994825E+1	-8.39874560E-1
4.34874501E+3	1.32097523E+2	3.02249615E-7	6.03138601E+1	-6.57993106E+1	8.92597963E+1	-8.28867016E-1
4.66301673E+3	1.26525173E+2	2.88412667E-7	5.90389695E+1	-6.31214346E+1	8.64286736E+1	-8.18804619E-1
5.00000000E+3	1.21348047E+2	2.75265661E-7	5.77515613E+1	-6.06035979E+1	8.37140313E+1	-8.09490783E-1
5.36133611E+3	1.16520125E+2	2.62936827E-7	5.64221289E+1	-5.82310631E+1	8.10821399E+1	-8.01174299E-1
5.74878498E+3	1.11961778E+2	2.51273569E-7	5.50822021E+1	-5.59736738E+1	7.85308933E+1	-7.93425228E-1
6.16423370E+3	1.07662368E+2	2.40268432E-7	5.37295933E+1	-5.38310871E+1	7.60569208E+1	-7.86341757E-1
6.60970574E+3	1.03556930E+2	2.29907194E-7	5.23633880E+1	-5.17751601E+1	7.36382486E+1	-7.79749714E-1
7.08737081E+3	9.96448000E+1	2.20095319E-7	5.10003043E+1	-4.98084734E+1	7.12875521E+1	-7.73576024E-1
7.59955541E+3	9.58863108E+1	2.10846147E-7	4.96325386E+1	-4.79133805E+1	6.89860926E+1	-7.67775897E-1
8.14875417E+3	9.22633842E+1	2.02035180E-7	4.82835217E+1	-4.60814763E+1	6.67442958E+1	-7.62066994E-1
8.73764200E+3	8.87699311E+1	1.93674102E-7	4.69461609E+1	-4.43110074E+1	6.45554601E+1	-7.56530060E-1
9.36908711E+3	8.53850712E+1	1.85704121E-7	4.56290608E+1	-4.25914232E+1	6.24182711E+1	-7.50979423E-1
1.00461650E+4	8.20987482E+1	1.78075457E-7	4.43390774E+1	-4.09173426E+1	6.03339269E+1	-7.45285062E-1
1.07721735E+4	7.89139724E+1	1.70739443E-7	4.30834825E+1	-3.92899761E+1	5.83085648E+1	-7.39378147E-1
1.15506485E+4	7.58239662E+1	1.63699230E-7	4.18574277E+1	-3.77061242E+1	5.63364547E+1	-7.33269485E-1
1.23853818E+4	7.28137203E+1	1.56872040E-7	4.06752043E+1	-3.61557821E+1	5.44216216E+1	-7.26642955E-1
1.32804389E+4	6.99027911E+1	1.50271120E-7	3.95313124E+1	-3.46500250E+1	5.25675660E+1	-7.19690790E-1
1.42401793E+4	6.70920641E+1	1.43868010E-7	3.84290793E+1	-3.31887333E+1	5.07768275E+1	-7.12357349E-1
1.52692775E+4	6.43539742E+1	1.37620639E-7	3.73724616E+1	-3.17547645E+1	4.90414746E+1	-7.04310337E-1
1.63727458E+4	6.17188121E+1	1.31511998E-7	3.63646894E+1	-3.03643604E+1	4.73749434E+1	-6.95718545E-1
1.75559587E+4	5.91741610E+1	1.25594628E-7	3.53897379E+1	-2.90124671E+1	4.57619661E+1	-6.86697414E-1
1.88246790E+4	5.67351251E+1	1.19676305E-7	3.44901937E+1	-2.76989435E+1	4.42357915E+1	-6.76625981E-1
2.01850863E+4	5.43701846E+1	1.13987455E-7	3.36072144E+1	-2.64156206E+1	4.27461136E+1	-6.66152244E-1
2.16438064E+4	5.21211689E+1	1.08367190E-7	3.27806376E+1	-2.51792496E+1	4.13347919E+1	-6.54993295E-1
2.32079442E+4	4.99587494E+1	1.02898718E-7	3.19854217E+1	-2.39767338E+1	3.99743845E+1	-6.43254207E-1
2.48851178E+4	4.78969155E+1	9.74466575E-8	3.12523882E+1	-2.28074518E+1	3.86896952E+1	-6.30436070E-1
2.66834962E+4	4.59356456E+1	9.21622699E-8	3.05465413E+1	-2.16814095E+1	3.74589771E+1	-6.17261476E-1
2.86118383E+4	4.40455696E+1	8.69760476E-8	2.98755368E+1	-2.05751574E+1	3.62751287E+1	-6.03098897E-1
3.06795364E+4	4.22663321E+1	8.18741731E-8	2.92504657E+1	-1.95120500E+1	3.51611985E+1	-5.88280407E-1
3.28966612E+4	4.05811833E+1	7.68984079E-8	2.86579764E+1	-1.84849913E+1	3.41024130E+1	-5.72866929E-1
3.52740116E+4	3.89831331E+1	7.20342570E-8	2.80990333E+1	-1.74880693E+1	3.30966513E+1	-5.56707746E-1
3.78231664E+4	3.74825852E+1	6.72736672E-8	2.75788159E+1	-1.65267683E+1	3.21515983E+1	-5.39872188E-1
4.05565415E+4	3.60590948E+1	6.26594828E-8	2.70815370E+1	-1.55924975E+1	3.12495710E+1	-5.22406130E-1
4.34874501E+4	3.47169544E+1	5.81438647E-8	2.66190688E+1	-1.46818957E+1	3.03995554E+1	-5.04036734E-1
4.66301673E+4	3.34661334E+1	5.37913495E-8	2.61825953E+1	-1.38094847E+1	2.96011860E+1	-4.85350002E-1
5.00000000E+4	3.22860200E+1	4.95611980E-8	2.57730585E+1	-1.29560356E+1	2.88463077E+1	-4.65802759E-1
5.36133611E+4	3.11846554E+1	4.54845042E-8	2.53883731E+1	-1.21308764E+1	2.81376556E+1	-4.45740402E-1
5.74878498E+4	3.01566344E+1	4.15516867E-8	2.50291822E+1	-1.13285446E+1	2.74735490E+1	-4.25025149E-1
6.16423370E+4	2.91964769E+1	3.77838691E-8	2.46893362E+1	-1.05488532E+1	2.68484940E+1	-4.03786323E-1
6.60970574E+4	2.83045466E+1	3.41720883E-8	2.43720254E+1	-9.78996932E+0	2.62647887E+1	-3.81961381E-1
7.08737081E+4	2.74756157E+1	3.07164028E-8	2.40751758E+1	-9.04799324E+0	2.57192589E+1	-3.59491590E-1
7.59955541E+4	2.67101111E+1	2.74339693E-8	2.37968204E+1	-8.32628568E+0	2.52114203E+1	-3.36577432E-1
8.14875417E+4	2.60002666E+1	2.43181657E-8	2.35339220E+1	-7.61857949E+0	2.47363749E+1	-3.13080603E-1
8.73764200E+4	2.53481539E+1	2.13708206E-8	2.32883665E+1	-6.92597095E+0	2.42964421E+1	-2.89070195E-1
9.36908711E+4	2.47479670E+1	1.85855137E-8	2.30575429E+1	-6.24315730E+0	2.38878067E+1	-2.64423973E-1
1.00461650E+5	2.42011230E+1	1.59732193E-8	2.28411380E+1	-5.57347276E+0	2.35112992E+1	-2.39333394E-1
1.07721735E+5	2.37006584E+1	1.35185283E-8	2.26361508E+1	-4.90880306E+0	2.31622900E+1	-2.13550235E-1
1.15506485E+5	2.32510266E+1	1.12265217E-8	2.24455060E+1	-4.25209518E+0	2.28447161E+1	-1.87222201E-1
1.23853818E+5	2.28471897E+1	9.09469197E-9	2.22650281E+1	-3.60025516E+0	2.25542306E+1	-1.60312394E-1
1.32804389E+5	2.24872091E+1	7.11603853E-9	2.20932933E+1	-2.95003069E+0	2.22893809E+1	-1.32740884E-1
1.42401793E+5	2.21716305E+1	5.28223783E-9	2.19308189E+1	-2.29808316E+0	2.20508959E+1	-1.04406809E-1
1.52692775E+5	2.19023858E+1	3.59373268E-9	2.17781937E+1	-1.64458903E+0	2.18402015E+1	-7.53723472E-2
1.63727458E+5	2.16769092E+1	2.05319147E-9	2.16315622E+1	-9.90412409E-1	2.16542238E+1	-4.57535705E-2
1.75559587E+5	2.14991000E+1	6.37807220E-10	2.14941818E+1	-3.25112953E-1	2.14966408E+1	-1.51244858E-2
1.88246790E+5	2.14053541E+1	-6.07449192E-10	2.13853524E+1	3.28583179E-1	2.13953483E+1	1.53655832E-2
2.01850863E+5	2.12567954E+1	-1.81266739E-9	2.12061525E+1	1.03630643E+0	2.12314589E+1	4.88293556E-2
2.16438064E+5	2.12262387E+1	-2.84869297E-9	2.10836739E+1	1.73371775E+0	2.11548362E+1	8.20457561E-2
2.32079442E+5	2.12486172E+1	-3.76933987E-9	2.09626778E+1	2.44826958E+0	2.11051633E+1	1.16265114E-1
2.48851178E+5	2.13309882E+1	-4.57874923E-9	2.08448564E+1	3.18329034E+0	2.10865214E+1	1.51542654E-1
2.66834962E+5	2.14765764E+1	-5.27754580E-9	2.07280558E+1	3.93893213E+0	2.10989968E+1	1.87789880E-1
2.86118383E+5	2.16924395E+1	-5.87698680E-9	2.06098764E+1	4.72350197E+0	2.11442308E+1	2.25295465E-1
3.06795364E+5	2.19854189E+1	-6.37260901E-9	2.04908321E+1	5.53401422E+0	2.12249741E+1	2.63779585E-1
3.28966612E+5	2.23618015E+1	-6.77224710E-9	2.03662874E+1	6.37504175E+0	2.13407327E+1	3.03357939E-1
3.52740116E+5	2.28493681E+1	-7.07900822E-9	2.02472388E+1	7.25850347E+0	2.15089889E+1	3.44221267E-1
3.78231664E+5	2.34388400E+1	-7.29923292E-9	2.01137999E+1	8.17796274E+0	2.17127640E+1	3.86169893E-1
4.05565415E+5	2.41640577E+1	-7.43174193E-9	1.99799903E+1	9.14316278E+0	2.19726558E+1	4.29169273E-1
4.34874501E+5	2.50172406E+1	-7.48865145E-9	1.98227955E+1	1.01473243E+1	2.22690726E+1	4.73123607E-1
4.66301673E+5	2.60583160E+1	-7.46154836E-9	1.96737469E+1	1.12074952E+1	2.26420981E+1	5.17817727E-1
NaN	NaN	NaN	NaN	NaN	NaN	NaN
