Start time:20240905_12-27-48	sweep/start:500.000	sweep/stop:500000.000	sweep/samplecount:100.000	sweep/xmapping:1.000	sweep/scan:0.000	sweep/averaging/sample:10.000	sweep/settling/time:0.100	sweep/settling/inaccuracy:0.010	sweep/awgcontrol:0.000	sweep/averaging/time:0.100	sweep/averaging/tc:15.000	sweep/bandwidthcontrol:2.000	sweep/sincfilter:0.000	sweep/omegasuppression:80.000	sweep/maxbandwidth:100.000	sweep/bandwidth:1250000.000	sweep/order:8.000	sweep/bandwidthoverlap:1.000																				
Frequency	Param0		Param1		RealZ		ImagZ		AbsZ		PhaseZ		
5.00000000E+2	1.50004379E+3	7.44864513E-7	1.12603625E+2	-3.95260234E+2	4.10986909E+2	-1.29326374E+0
5.36133611E+2	1.35209983E+3	7.35429778E-7	1.10643548E+2	-3.70619717E+2	3.86782862E+2	-1.28068266E+0
5.74878498E+2	1.22081309E+3	7.25502350E-7	1.08661640E+2	-3.47632183E+2	3.64219017E+2	-1.26784178E+0
6.16423370E+2	1.10290251E+3	7.14950301E-7	1.06797578E+2	-3.26161814E+2	3.43201482E+2	-1.25436145E+0
6.60970574E+2	9.97480942E+2	7.03688833E-7	1.05024952E+2	-3.06153711E+2	3.23667022E+2	-1.24032956E+0
7.08737081E+2	9.03120014E+2	6.91793650E-7	1.03324856E+2	-2.87469441E+2	3.05474565E+2	-1.22574631E+0
7.59955541E+2	8.18854198E+2	6.79151482E-7	1.01701872E+2	-2.70066119E+2	2.88580981E+2	-1.21063996E+0
8.14875417E+2	7.43500455E+2	6.65827863E-7	1.00143654E+2	-2.53826875E+2	2.72867800E+2	-1.19500978E+0
8.73764200E+2	6.76329697E+2	6.51772988E-7	9.86368550E+1	-2.38708588E+2	2.58284768E+2	-1.17895387E+0
9.36908711E+2	6.16303216E+2	6.37088690E-7	9.71707066E+1	-2.24598444E+2	2.44717407E+2	-1.16247074E+0
1.00461650E+3	5.62793489E+2	6.21670659E-7	9.57572088E+1	-2.11475957E+2	2.32145483E+2	-1.14561285E+0
1.07721735E+3	5.15175933E+2	6.05725635E-7	9.43377896E+1	-1.99250926E+2	2.20455328E+2	-1.12860340E+0
1.15506485E+3	4.72704070E+2	5.89091624E-7	9.29734241E+1	-1.87895858E+2	2.09639958E+2	-1.11130644E+0
1.23853818E+3	4.34776342E+2	5.72077092E-7	9.16004054E+1	-1.77299327E+2	1.99563740E+2	-1.09392336E+0
1.32804389E+3	4.01062125E+2	5.54590548E-7	9.02335652E+1	-1.67472885E+2	1.90234760E+2	-1.07659643E+0
1.42401793E+3	3.70911634E+2	5.36759407E-7	8.88804513E+1	-1.58325794E+2	1.81567596E+2	-1.05926039E+0
1.52692775E+3	3.44005035E+2	5.18706726E-7	8.75176956E+1	-1.49823827E+2	1.73512324E+2	-1.04212219E+0
1.63727458E+3	3.19924530E+2	5.00541578E-7	8.61447454E+1	-1.41911588E+2	1.66011494E+2	-1.02522294E+0
1.75559587E+3	2.98387618E+2	4.82363867E-7	8.47525239E+1	-1.34558955E+2	1.59025479E+2	-1.00871396E+0
1.88246790E+3	2.79097426E+2	4.64260107E-7	8.33420826E+1	-1.27728842E+2	1.52514131E+2	-9.92671067E-1
2.01850863E+3	2.61786295E+2	4.46331214E-7	8.19110010E+1	-1.21382721E+2	1.46434890E+2	-9.77173085E-1
2.16438064E+3	2.46184291E+2	4.28722704E-7	8.04482139E+1	-1.15469348E+2	1.40730543E+2	-9.62284372E-1
2.32079442E+3	2.32117921E+2	4.11474337E-7	7.89595680E+1	-1.09969616E+2	1.35380686E+2	-9.48083399E-1
2.48851178E+3	2.19357290E+2	3.94725664E-7	7.74326122E+1	-1.04831284E+2	1.30328077E+2	-9.34605147E-1
2.66834962E+3	2.07827585E+2	3.78430291E-7	7.58856312E+1	-1.00062469E+2	1.25583148E+2	-9.21951935E-1
2.86118383E+3	1.97274540E+2	3.62766851E-7	7.42976405E+1	-9.55870944E+1	1.21066231E+2	-9.10065322E-1
3.06795364E+3	1.87627861E+2	3.47716522E-7	7.26782934E+1	-9.14020680E+1	1.16775308E+2	-8.99020115E-1
3.28966612E+3	1.78774340E+2	3.33324526E-7	7.10245180E+1	-8.74807329E+1	1.12682567E+2	-8.88848798E-1
3.52740116E+3	1.70563018E+2	3.19533252E-7	6.93612390E+1	-8.37823401E+1	1.08767928E+2	-8.79288482E-1
3.78231664E+3	1.62959089E+2	3.06425424E-7	6.76667875E+1	-8.03002092E+1	1.05009132E+2	-8.70571598E-1
4.05565415E+3	1.55836909E+2	2.93994702E-7	6.59482852E+1	-7.69935060E+1	1.01376410E+2	-8.62515683E-1
4.34874501E+3	1.49185936E+2	2.82146012E-7	6.42270171E+1	-7.38691922E+1	9.78865029E+1	-8.55107184E-1
4.66301673E+3	1.42911999E+2	2.70914932E-7	6.24954562E+1	-7.08919463E+1	9.45058215E+1	-8.48263369E-1
5.00000000E+3	1.36975729E+2	2.60249208E-7	6.07647507E+1	-6.80510156E+1	9.12320986E+1	-8.41901409E-1
5.36133611E+3	1.31312749E+2	2.50112986E-7	5.90427050E+1	-6.53224210E+1	8.80514610E+1	-8.35849503E-1
5.74878498E+3	1.25908785E+2	2.40498187E-7	5.73271456E+1	-6.27023882E+1	8.49587615E+1	-8.30150929E-1
6.16423370E+3	1.20735086E+2	2.31304205E-7	5.56406293E+1	-6.01821933E+1	8.19620405E+1	-8.24589391E-1
6.60970574E+3	1.15766242E+2	2.22515724E-7	5.39832928E+1	-5.77515963E+1	7.90534177E+1	-8.19110787E-1
7.08737081E+3	1.10984928E+2	2.14115465E-7	5.23554498E+1	-5.54037237E+1	7.62277232E+1	-8.13678456E-1
7.59955541E+3	1.06370193E+2	2.06064462E-7	5.07630916E+1	-5.31299193E+1	7.34825138E+1	-8.08175620E-1
8.14875417E+3	1.01915567E+2	1.98276205E-7	4.92239879E+1	-5.09282781E+1	7.08285999E+1	-8.02413512E-1
8.73764200E+3	9.76083820E+1	1.90779130E-7	4.77264471E+1	-4.87922887E+1	6.82532141E+1	-7.96440559E-1
9.36908711E+3	9.34636222E+1	1.83509165E-7	4.62823078E+1	-4.67296479E+1	6.57701457E+1	-7.90207617E-1
1.00461650E+4	8.94477204E+1	1.76452162E-7	4.48910543E+1	-4.47235463E+1	6.33672030E+1	-7.83528961E-1
1.07721735E+4	8.55820223E+1	1.69585936E-7	4.35539868E+1	-4.27842077E+1	6.10527496E+1	-7.76482539E-1
1.15506485E+4	8.18479809E+1	1.62870530E-7	4.22769636E+1	-4.09016184E+1	5.88241793E+1	-7.68864820E-1
1.23853818E+4	7.82538260E+1	1.56313174E-7	4.10542060E+1	-3.90794159E+1	5.66802315E+1	-7.60759437E-1
1.32804389E+4	7.48117502E+1	1.49905868E-7	3.98844459E+1	-3.73236662E+1	5.46244007E+1	-7.52243079E-1
1.42401793E+4	7.14825592E+1	1.43616672E-7	3.87707417E+1	-3.56126569E+1	5.26443900E+1	-7.42966789E-1
1.52692775E+4	6.83107765E+1	1.37413347E-7	3.77194476E+1	-3.39689222E+1	5.07606600E+1	-7.33128747E-1
1.63727458E+4	6.52597788E+1	1.31350007E-7	3.67123734E+1	-3.23734791E+1	4.89473288E+1	-7.22676202E-1
1.75559587E+4	6.23583468E+1	1.25353412E-7	3.57665607E+1	-3.08398459E+1	4.72265108E+1	-7.11564988E-1
1.88246790E+4	5.95934432E+1	1.19464334E-7	3.48689521E+1	-2.93618173E+1	4.55846530E+1	-6.99867525E-1
2.01850863E+4	5.69404460E+1	1.13722707E-7	3.40052265E+1	-2.79269872E+1	4.40030962E+1	-6.87568013E-1
2.16438064E+4	5.44474157E+1	1.07999373E-7	3.32102610E+1	-2.65573158E+1	4.25230845E+1	-6.74540929E-1
2.32079442E+4	5.20642334E+1	1.02436498E-7	3.24425464E+1	-2.52304685E+1	4.10986125E+1	-6.60992876E-1
2.48851178E+4	4.98208817E+1	9.69194190E-8	3.17327961E+1	-2.39579609E+1	3.97612284E+1	-6.46687287E-1
2.66834962E+4	4.76752728E+1	9.15177978E-8	3.10565886E+1	-2.27182544E+1	3.84789701E+1	-6.31563126E-1
2.86118383E+4	4.56541544E+1	8.62467930E-8	3.04144226E+1	-2.15292213E+1	3.72631809E+1	-6.15983218E-1
3.06795364E+4	4.37588637E+1	8.10792242E-8	2.98136818E+1	-2.03901232E+1	3.61194243E+1	-5.99851158E-1
3.28966612E+4	4.19641649E+1	7.60310611E-8	2.92450890E+1	-1.92865342E+1	3.50320668E+1	-5.83010310E-1
3.52740116E+4	4.02883751E+1	7.11104520E-8	2.87122511E+1	-1.82311951E+1	3.40113203E+1	-5.65731100E-1
3.78231664E+4	3.87119239E+1	6.63241182E-8	2.82092534E+1	-1.72125630E+1	3.30459441E+1	-5.47867064E-1
4.05565415E+4	3.72278797E+1	6.16832369E-8	2.77320210E+1	-1.62277293E+1	3.21310489E+1	-5.29437844E-1
4.34874501E+4	3.58418492E+1	5.71685713E-8	2.72880992E+1	-1.52779412E+1	3.12738855E+1	-5.10393609E-1
4.66301673E+4	3.45494896E+1	5.28136041E-8	2.68699453E+1	-1.43648481E+1	3.04687197E+1	-4.90948040E-1
5.00000000E+4	3.33380168E+1	4.86202009E-8	2.64733206E+1	-1.34807725E+1	2.97080459E+1	-4.70997211E-1
5.36133611E+4	3.22088659E+1	4.45800068E-8	2.61020871E+1	-1.26253577E+1	2.89951482E+1	-4.50515899E-1
5.74878498E+4	3.11556901E+1	4.07103129E-8	2.57508063E+1	-1.17974615E+1	2.83246207E+1	-4.29602085E-1
6.16423370E+4	3.01773402E+1	3.70124739E-8	2.54201158E+1	-1.09967805E+1	2.76967774E+1	-4.08291535E-1
6.60970574E+4	2.92675270E+1	3.34872371E-8	2.51078117E+1	-1.02196543E+1	2.71079980E+1	-3.86552730E-1
7.08737081E+4	2.84195500E+1	3.01288485E-8	2.48121525E+1	-9.46082908E+0	2.65546645E+1	-3.64280911E-1
7.59955541E+4	2.76379290E+1	2.69424706E-8	2.45360386E+1	-8.72399486E+0	2.60408389E+1	-3.41618027E-1
8.14875417E+4	2.69123570E+1	2.39269390E-8	2.42738479E+1	-8.00292210E+0	2.55590779E+1	-3.18470844E-1
8.73764200E+4	2.62424401E+1	2.10796061E-8	2.40264338E+1	-7.29676098E+0	2.51100030E+1	-2.94845273E-1
9.36908711E+4	2.56264380E+1	1.84018463E-8	2.37928564E+1	-6.60500821E+0	2.46926337E+1	-2.70786144E-1
1.00461650E+5	2.50587496E+1	1.58926490E-8	2.35693237E+1	-5.92492665E+0	2.43026291E+1	-2.46279862E-1
1.07721735E+5	2.45405033E+1	1.35337787E-8	2.33600590E+1	-5.25121339E+0	2.39430074E+1	-2.21118862E-1
1.15506485E+5	2.40715776E+1	1.13301948E-8	2.31640276E+1	-4.58503066E+0	2.36134429E+1	-1.95411639E-1
1.23853818E+5	2.36458882E+1	9.28503039E-9	2.29752071E+1	-3.92543346E+0	2.33081355E+1	-1.69221220E-1
1.32804389E+5	2.32640047E+1	7.37658752E-9	2.27965460E+1	-3.26438376E+0	2.30290892E+1	-1.42229516E-1
1.42401793E+5	2.29257388E+1	5.61869022E-9	2.26252001E+1	-2.60763148E+0	2.27749737E+1	-1.14747118E-1
1.52692775E+5	2.26320358E+1	3.99347405E-9	2.24631407E+1	-1.94779546E+0	2.25474301E+1	-8.64943891E-2
1.63727458E+5	2.23834393E+1	2.50088355E-9	2.23094558E+1	-1.28472614E+0	2.23464169E+1	-5.75230948E-2
1.75559587E+5	2.21786242E+1	1.13268990E-9	2.21616060E+1	-6.14117271E-1	2.21701135E+1	-2.77037739E-2
1.88246790E+5	2.20350159E+1	-1.08464620E-10	2.20254921E+1	6.21007768E-2	2.20302532E+1	2.82263565E-3
2.01850863E+5	2.19062403E+1	-1.24411634E-9	2.18800987E+1	7.56290418E-1	2.18931656E+1	3.45514638E-2
2.16438064E+5	2.18448070E+1	-2.26388657E-9	2.17464459E+1	1.46252970E+0	2.17955710E+1	6.71526088E-2
2.32079442E+5	2.18360258E+1	-3.17264860E-9	2.16154342E+1	2.18361490E+0	2.17254500E+1	1.00679540E-1
2.48851178E+5	2.18843549E+1	-3.97790374E-9	2.14862687E+1	2.92461400E+0	2.16843983E+1	1.35284093E-1
2.66834962E+5	2.19964841E+1	-4.68588717E-9	2.13586426E+1	3.69097675E+0	2.16752172E+1	1.71119480E-1
2.86118383E+5	2.21773881E+1	-5.29095373E-9	2.12325813E+1	4.47891403E+0	2.16998432E+1	2.07897440E-1
3.06795364E+5	2.24354030E+1	-5.80748633E-9	2.11041241E+1	5.30051470E+0	2.17595848E+1	2.46070258E-1
3.28966612E+5	2.27734488E+1	-6.22731699E-9	2.09714583E+1	6.14738145E+0	2.18538881E+1	2.85142926E-1
3.52740116E+5	2.32129507E+1	-6.56342567E-9	2.08370494E+1	7.03609685E+0	2.19929395E+1	3.25650630E-1
3.78231664E+5	2.37601377E+1	-6.81267613E-9	2.06973084E+1	7.96192431E+0	2.21759078E+1	3.67233706E-1
4.05565415E+5	2.44310115E+1	-6.98778902E-9	2.05431430E+1	8.93693836E+0	2.24028957E+1	4.10337621E-1
4.34874501E+5	2.52377264E+1	-7.07023777E-9	2.03905803E+1	9.94162893E+0	2.26850581E+1	4.53646082E-1
4.66301673E+5	2.62205366E+1	-7.08859490E-9	2.02233040E+1	1.10128738E+1	2.30275004E+1	4.98659639E-1
NaN	NaN	NaN	NaN	NaN	NaN	NaN
