Start time:20240906_17-40-32	sweep/start:500.000	sweep/stop:500000.000	sweep/samplecount:100.000	sweep/xmapping:1.000	sweep/scan:0.000	sweep/averaging/sample:10.000	sweep/settling/time:0.100	sweep/settling/inaccuracy:0.010	sweep/awgcontrol:0.000	sweep/averaging/time:0.100	sweep/averaging/tc:15.000	sweep/bandwidthcontrol:2.000	sweep/sincfilter:0.000	sweep/omegasuppression:80.000	sweep/maxbandwidth:100.000	sweep/bandwidth:1250000.000	sweep/order:8.000	sweep/bandwidthoverlap:1.000																				
Frequency	Param0		Param1		RealZ		ImagZ		AbsZ		PhaseZ		
5.00000000E+2	1.58635332E+3	7.52153718E-7	1.05397353E+2	-3.95080588E+2	4.08897645E+2	-1.31009343E+0
5.36133611E+2	1.43077445E+3	7.43726236E-7	1.03311421E+2	-3.70326881E+2	3.84467496E+2	-1.29873968E+0
5.74878498E+2	1.29063649E+3	7.34769199E-7	1.01358880E+2	-3.47194185E+2	3.61686920E+2	-1.28675297E+0
6.16423370E+2	1.16446481E+3	7.25121601E-7	9.95670750E+1	-3.25620480E+2	3.40503016E+2	-1.27404849E+0
6.60970574E+2	1.05193974E+3	7.14943813E-7	9.78048691E+1	-3.05481542E+2	3.20756560E+2	-1.26094262E+0
7.08737081E+2	9.50513578E+2	7.04015015E-7	9.62063497E+1	-2.86687521E+2	3.02399407E+2	-1.24702592E+0
7.59955541E+2	8.60105598E+2	6.92480119E-7	9.46393902E+1	-2.69152773E+2	2.85306561E+2	-1.23267939E+0
8.14875417E+2	7.79198838E+2	6.80240813E-7	9.31515403E+1	-2.52797041E+2	2.69413355E+2	-1.21775095E+0
8.73764200E+2	7.07015465E+2	6.67301080E-7	9.17145007E+1	-2.37554199E+2	2.54643967E+2	-1.20234880E+0
9.36908711E+2	6.42489355E+2	6.53676367E-7	9.03337095E+1	-2.23334406E+2	2.40911680E+2	-1.18643612E+0
1.00461650E+3	5.85083209E+2	6.39327105E-7	8.89865752E+1	-2.10109326E+2	2.28176557E+2	-1.17017558E+0
1.07721735E+3	5.33704782E+2	6.24378570E-7	8.76789779E+1	-1.97755096E+2	2.16320787E+2	-1.15346830E+0
1.15506485E+3	4.88008403E+2	6.08703284E-7	8.64083046E+1	-1.86283597E+2	2.05348422E+2	-1.13648171E+0
1.23853818E+3	4.47234246E+2	5.92506071E-7	8.51485332E+1	-1.75587770E+2	1.95144404E+2	-1.11927375E+0
1.32804389E+3	4.10928924E+2	5.75804363E-7	8.38932830E+1	-1.65638436E+2	1.85672224E+2	-1.10197467E+0
1.42401793E+3	3.78519799E+2	5.58618366E-7	8.26588558E+1	-1.56382622E+2	1.76884175E+2	-1.08455635E+0
1.52692775E+3	3.49655833E+2	5.41065047E-7	8.14212205E+1	-1.47783585E+2	1.68728787E+2	-1.06722480E+0
1.63727458E+3	3.23856704E+2	5.23267664E-7	8.01788351E+1	-1.39777704E+2	1.61141095E+2	-1.05000220E+0
1.75559587E+3	3.00842827E+2	5.05271509E-7	7.89303406E+1	-1.32346616E+2	1.54096158E+2	-1.03303468E+0
1.88246790E+3	2.80231950E+2	4.87224798E-7	7.76694331E+1	-1.25430918E+2	1.47531204E+2	-1.01636364E+0
2.01850863E+3	2.61796995E+2	4.69215053E-7	7.63894362E+1	-1.19009152E+2	1.41416139E+2	-1.00015151E+0
2.16438064E+3	2.45243726E+2	4.51356172E-7	7.50897324E+1	-1.13034584E+2	1.35702931E+2	-9.84428709E-1
2.32079442E+3	2.30328800E+2	4.33773419E-7	7.37633346E+1	-1.07465298E+2	1.30345004E+2	-9.69261665E-1
2.48851178E+3	2.16914672E+2	4.16530603E-7	7.24069473E+1	-1.02290581E+2	1.25324096E+2	-9.54817666E-1
2.66834962E+3	2.04776193E+2	3.99694434E-7	7.10277874E+1	-9.74671889E+1	1.20601823E+2	-9.41044061E-1
2.86118383E+3	1.93754595E+2	3.83373540E-7	6.96158160E+1	-9.29624750E+1	1.16139502E+2	-9.28025650E-1
3.06795364E+3	1.83741144E+2	3.67613560E-7	6.81702885E+1	-8.87609045E+1	1.11918214E+2	-9.15860831E-1
3.28966612E+3	1.74542890E+2	3.52437079E-7	6.67033019E+1	-8.48130665E+1	1.07900820E+2	-9.04357316E-1
3.52740116E+3	1.66134009E+2	3.37876604E-7	6.52079494E+1	-8.11244782E+1	1.04082937E+2	-8.93741900E-1
3.78231664E+3	1.58329909E+2	3.23963110E-7	6.36909227E+1	-7.76379019E+1	1.00420006E+2	-8.83764273E-1
4.05565415E+3	1.51124820E+2	3.10716603E-7	6.21452745E+1	-7.43616685E+1	9.69107481E+1	-8.74653228E-1
4.34874501E+3	1.44401848E+2	2.98071424E-7	6.05924827E+1	-7.12616116E+1	9.35396511E+1	-8.66138430E-1
4.66301673E+3	1.38088726E+2	2.86085601E-7	5.90202652E+1	-6.83128191E+1	9.02775336E+1	-8.58247332E-1
5.00000000E+3	1.32143056E+2	2.74704565E-7	5.74402808E+1	-6.55053291E+1	8.71225235E+1	-8.50902818E-1
5.36133611E+3	1.26544144E+2	2.63811823E-7	5.58774340E+1	-6.28384773E+1	8.40890120E+1	-8.43967247E-1
5.74878498E+3	1.21227408E+2	2.53500148E-7	5.43092662E+1	-6.02849489E+1	8.11404431E+1	-8.37497433E-1
6.16423370E+3	1.16127615E+2	2.43654864E-7	5.27615553E+1	-5.78212049E+1	7.82756253E+1	-8.31120689E-1
6.60970574E+3	1.11258283E+2	2.34285783E-7	5.12268814E+1	-5.54546785E+1	7.54944686E+1	-8.25007500E-1
7.08737081E+3	1.06581323E+2	2.25309368E-7	4.97221431E+1	-5.31710464E+1	7.27973332E+1	-8.18904878E-1
7.59955541E+3	1.02089075E+2	2.16708647E-7	4.82472549E+1	-5.09678325E+1	7.01820318E+1	-8.12812299E-1
8.14875417E+3	9.77553536E+1	2.08447542E-7	4.68071416E+1	-4.88338002E+1	6.76435408E+1	-8.06585277E-1
8.73764200E+3	9.35843922E+1	2.00514135E-7	4.54002941E+1	-4.67714884E+1	6.51825044E+1	-8.00273573E-1
9.36908711E+3	8.95543873E+1	1.92799344E-7	4.40483627E+1	-4.47712608E+1	6.28070385E+1	-7.93536929E-1
1.00461650E+4	8.56709213E+1	1.85327019E-7	4.27415281E+1	-4.28353569E+1	6.05120323E+1	-7.86494590E-1
1.07721735E+4	8.19183666E+1	1.78055746E-7	4.14853700E+1	-4.09558024E+1	5.82959151E+1	-7.78974672E-1
1.15506485E+4	7.83051537E+1	1.70971906E-7	4.02790469E+1	-3.91363666E+1	5.61609908E+1	-7.71010512E-1
1.23853818E+4	7.48287114E+1	1.64043996E-7	3.91260005E+1	-3.73751815E+1	5.41086698E+1	-7.62515991E-1
1.32804389E+4	7.14910221E+1	1.57264308E-7	3.80244649E+1	-3.56727886E+1	5.21383527E+1	-7.53499036E-1
1.42401793E+4	6.82741370E+1	1.50602076E-7	3.69773099E+1	-3.40187058E+1	5.02453367E+1	-7.43749452E-1
1.52692775E+4	6.51995354E+1	1.44070923E-7	3.59790266E+1	-3.24241446E+1	4.84336214E+1	-7.33475350E-1
1.63727458E+4	6.22658358E+1	1.37656692E-7	3.50301244E+1	-3.08880235E+1	4.67031028E+1	-7.22643634E-1
1.75559587E+4	5.94496406E+1	1.31323396E-7	3.41343309E+1	-2.93959095E+1	4.50474527E+1	-7.10950718E-1
1.88246790E+4	5.67629707E+1	1.25074948E-7	3.32889962E+1	-2.79539708E+1	4.34693235E+1	-6.98505014E-1
2.01850863E+4	5.42167994E+1	1.18944083E-7	3.24861552E+1	-2.65696219E+1	4.19677882E+1	-6.85545824E-1
2.16438064E+4	5.18049676E+1	1.12855868E-7	3.17403775E+1	-2.52360318E+1	4.05500812E+1	-6.71731624E-1
2.32079442E+4	4.95108380E+1	1.06949782E-7	3.10179040E+1	-2.39501859E+1	3.91882913E+1	-6.57521281E-1
2.48851178E+4	4.73485206E+1	1.01041667E-7	3.03600130E+1	-2.27105553E+1	3.79143903E+1	-6.42246727E-1
2.66834962E+4	4.52892074E+1	9.53202226E-8	2.97203064E+1	-2.15107465E+1	3.66879956E+1	-6.26503250E-1
2.86118383E+4	4.33571407E+1	8.97133281E-8	2.91187837E+1	-2.03618115E+1	3.55317761E+1	-6.10233989E-1
3.06795364E+4	4.15459080E+1	8.41706153E-8	2.85657395E+1	-1.92558565E+1	3.44498121E+1	-5.93123707E-1
3.28966612E+4	3.98362993E+1	7.87763139E-8	2.80391397E+1	-1.81874142E+1	3.34211836E+1	-5.75421254E-1
3.52740116E+4	3.82353595E+1	7.35019289E-8	2.75476983E+1	-1.71586818E+1	3.24545239E+1	-5.57067389E-1
3.78231664E+4	3.67388493E+1	6.83904428E-8	2.70826102E+1	-1.61714564E+1	3.15433653E+1	-5.38296149E-1
4.05565415E+4	3.53436775E+1	6.34076073E-8	2.66517844E+1	-1.52201928E+1	3.06915628E+1	-5.18880221E-1
4.34874501E+4	3.40333863E+1	5.85743367E-8	2.62462201E+1	-1.42962795E+1	2.98872503E+1	-4.98763960E-1
4.66301673E+4	3.28167981E+1	5.39391434E-8	2.58610927E+1	-1.34120119E+1	2.91320827E+1	-4.78430339E-1
5.00000000E+4	3.16815052E+1	4.94635650E-8	2.55008221E+1	-1.25543789E+1	2.84236594E+1	-4.57478891E-1
5.36133611E+4	3.06297740E+1	4.51652792E-8	2.51647152E+1	-1.17271750E+1	2.77630966E+1	-4.36093208E-1
5.74878498E+4	2.96517657E+1	4.10543793E-8	2.48476145E+1	-1.09257352E+1	2.71436114E+1	-4.14263572E-1
6.16423370E+4	2.87465078E+1	3.71266372E-8	2.45514617E+1	-1.01486206E+1	2.65663092E+1	-3.91971289E-1
6.60970574E+4	2.79104255E+1	3.34002534E-8	2.42723750E+1	-9.39702701E+0	2.60279141E+1	-3.69379126E-1
7.08737081E+4	2.71393126E+1	2.98602150E-8	2.40121867E+1	-8.66539777E+0	2.55279110E+1	-3.46329971E-1
7.59955541E+4	2.64255512E+1	2.65162870E-8	2.37651329E+1	-7.95142644E+0	2.50600626E+1	-3.22875478E-1
8.14875417E+4	2.57710060E+1	2.33634217E-8	2.35344398E+1	-7.25508942E+0	2.46273463E+1	-2.99031527E-1
8.73764200E+4	2.51690212E+1	2.04051708E-8	2.33154658E+1	-6.57392525E+0	2.42245217E+1	-2.74821174E-1
9.36908711E+4	2.46206493E+1	1.76313523E-8	2.31114329E+1	-5.90594147E+0	2.38541083E+1	-2.50187810E-1
1.00461650E+5	2.41170506E+1	1.50370667E-8	2.29162296E+1	-5.24578696E+0	2.35089742E+1	-2.25034269E-1
1.07721735E+5	2.36650645E+1	1.26278772E-8	2.27349497E+1	-4.59848983E+0	2.31953454E+1	-1.99572716E-1
1.15506485E+5	2.32557667E+1	1.03843045E-8	2.25626925E+1	-3.95444231E+0	2.29066085E+1	-1.73502434E-1
1.23853818E+5	2.28915076E+1	8.31168712E-9	2.24004165E+1	-3.31672097E+0	2.26446308E+1	-1.46997136E-1
1.32804389E+5	2.25698053E+1	6.40071540E-9	2.22465293E+1	-2.68170220E+0	2.24075843E+1	-1.19965927E-1
1.42401793E+5	2.22855805E+1	4.64021048E-9	2.20964173E+1	-2.04446114E+0	2.21907974E+1	-9.22618684E-2
1.52692775E+5	2.20476169E+1	3.02812173E-9	2.19575320E+1	-1.40642583E+0	2.20025284E+1	-6.39647127E-2
1.63727458E+5	2.18495636E+1	1.55793617E-9	2.18228026E+1	-7.64195270E-1	2.18361790E+1	-3.50038963E-2
1.75559587E+5	2.16945208E+1	2.24277018E-10	2.16938950E+1	-1.16433253E-1	2.16942079E+1	-5.36704455E-3
1.88246790E+5	2.16090320E+1	-1.02460782E-9	2.15786504E+1	5.64484394E-1	2.15938300E+1	2.61582360E-2
2.01850863E+5	2.15193282E+1	-2.07361657E-9	2.14506248E+1	1.21396897E+0	2.14849491E+1	5.65333366E-2
2.16438064E+5	2.15005409E+1	-3.04625255E-9	2.13313111E+1	1.89996828E+0	2.14157589E+1	8.88350296E-2
2.32079442E+5	2.15368977E+1	-3.90748259E-9	2.12173866E+1	2.60368593E+0	2.13765452E+1	1.22104258E-1
2.48851178E+5	2.16270756E+1	-4.66086464E-9	2.11028607E+1	3.32602251E+0	2.13633603E+1	1.56324081E-1
2.66834962E+5	2.17798869E+1	-5.31502109E-9	2.09892701E+1	4.07361958E+0	2.13809244E+1	1.91697826E-1
2.86118383E+5	2.19993301E+1	-5.86811917E-9	2.08749969E+1	4.84462802E+0	2.14297911E+1	2.28041099E-1
3.06795364E+5	2.22948346E+1	-6.32760752E-9	2.07596338E+1	5.64536661E+0	2.15135446E+1	2.65518756E-1
3.28966612E+5	2.26763254E+1	-6.69844725E-9	2.06416199E+1	6.48070211E+0	2.16350659E+1	3.04217076E-1
3.52740116E+5	2.31506085E+1	-6.98540827E-9	2.05151670E+1	7.35298872E+0	2.17930859E+1	3.44153680E-1
3.78231664E+5	2.37346065E+1	-7.18465645E-9	2.03865294E+1	8.26168898E+0	2.19969596E+1	3.85026105E-1
4.05565415E+5	2.44406844E+1	-7.31296376E-9	2.02417143E+1	9.21923104E+0	2.22423319E+1	4.27382699E-1
4.34874501E+5	2.52789338E+1	-7.36852645E-9	2.00779442E+1	1.02188568E+1	2.25288480E+1	4.70789343E-1
4.66301673E+5	2.62879953E+1	-7.34470119E-9	1.99150649E+1	1.12657508E+1	2.28807143E+1	5.14809261E-1
5.00000000E+5	2.74990894E+1	-7.25935208E-9	1.97365441E+1	1.23776205E+1	2.32967143E+1	5.60138059E-1
