Start time:20240908_08-20-39	sweep/start:500.000	sweep/stop:500000.000	sweep/samplecount:100.000	sweep/xmapping:1.000	sweep/scan:0.000	sweep/averaging/sample:10.000	sweep/settling/time:0.100	sweep/settling/inaccuracy:0.010	sweep/awgcontrol:0.000	sweep/averaging/time:0.100	sweep/averaging/tc:15.000	sweep/bandwidthcontrol:2.000	sweep/sincfilter:0.000	sweep/omegasuppression:80.000	sweep/maxbandwidth:100.000	sweep/bandwidth:1250000.000	sweep/order:8.000	sweep/bandwidthoverlap:1.000																				
Frequency	Param0		Param1		RealZ		ImagZ		AbsZ		PhaseZ		
5.00000000E+2	1.58097146E+3	8.00008644E-7	9.41707025E+1	-3.74183122E+2	3.85851181E+2	-1.32424643E+0
5.36133611E+2	1.42125446E+3	7.91835603E-7	9.24569393E+1	-3.50508883E+2	3.62497955E+2	-1.31289166E+0
5.74878498E+2	1.27837759E+3	7.83354544E-7	9.07668736E+1	-3.28322517E+2	3.40638082E+2	-1.30107657E+0
6.16423370E+2	1.15051081E+3	7.74093140E-7	8.91985097E+1	-3.07680734E+2	3.20349514E+2	-1.28862556E+0
6.60970574E+2	1.03548501E+3	7.64277308E-7	8.77363968E+1	-2.88360895E+2	3.01412815E+2	-1.27543678E+0
7.08737081E+2	9.32660683E+2	7.53835999E-7	8.63385494E+1	-2.70314982E+2	2.83768459E+2	-1.26163792E+0
7.59955541E+2	8.40865403E+2	7.42748930E-7	8.49916594E+1	-2.53461886E+2	2.67332215E+2	-1.24725593E+0
8.14875417E+2	7.58749359E+2	7.30868015E-7	8.37331727E+1	-2.37741934E+2	2.52056489E+2	-1.23216121E+0
8.73764200E+2	6.85527309E+2	7.18284826E-7	8.25153702E+1	-2.23064437E+2	2.37837193E+2	-1.21648925E+0
9.36908711E+2	6.20103842E+2	7.04931330E-7	8.13591346E+1	-2.09360442E+2	2.24613233E+2	-1.20014909E+0
1.00461650E+3	5.61647881E+2	6.90693996E-7	8.02815609E+1	-1.96582886E+2	2.12343970E+2	-1.18308221E+0
1.07721735E+3	5.09720541E+2	6.75710116E-7	7.92180590E+1	-1.84671507E+2	2.00945434E+2	-1.16557005E+0
1.15506485E+3	4.63436718E+2	6.59959704E-7	7.81899385E+1	-1.73558110E+2	1.90357781E+2	-1.14751705E+0
1.23853818E+3	4.22177273E+2	6.43350637E-7	7.72159088E+1	-1.63206932E+2	1.80551377E+2	-1.12888580E+0
1.32804389E+3	3.85510840E+2	6.26018844E-7	7.62573960E+1	-1.53567122E+2	1.71458601E+2	-1.10989350E+0
1.42401793E+3	3.52841268E+2	6.07955066E-7	7.53327723E+1	-1.44587281E+2	1.63035299E+2	-1.09047499E+0
1.52692775E+3	3.23819644E+2	5.89242220E-7	7.44220277E+1	-1.36237569E+2	1.55239536E+2	-1.07082400E+0
1.63727458E+3	2.97979957E+2	5.69946787E-7	7.35312080E+1	-1.28467842E+2	1.48023057E+2	-1.05094040E+0
1.75559587E+3	2.75014195E+2	5.50183614E-7	7.26455328E+1	-1.21248418E+2	1.41345507E+2	-1.03100483E+0
1.88246790E+3	2.54572760E+2	5.30077830E-7	7.17607168E+1	-1.14536993E+2	1.35160362E+2	-1.01109845E+0
2.01850863E+3	2.36360042E+2	5.09713063E-7	7.08801503E+1	-1.08301612E+2	1.29434288E+2	-9.91285203E-1
2.16438064E+3	2.20124914E+2	4.89234225E-7	6.99951258E+1	-1.02510258E+2	1.24127639E+2	-9.71700036E-1
2.32079442E+3	2.05663811E+2	4.68775926E-7	6.90976911E+1	-9.71411497E+1	1.19209455E+2	-9.52518514E-1
2.48851178E+3	1.92747057E+2	4.48480638E-7	6.81844811E+1	-9.21587429E+1	1.14640122E+2	-9.33817074E-1
2.66834962E+3	1.81188117E+2	4.28409941E-7	6.72649037E+1	-8.75387550E+1	1.10397468E+2	-9.15621948E-1
2.86118383E+3	1.70843799E+2	4.08790953E-7	6.63123783E+1	-8.32569914E+1	1.06438049E+2	-8.98206519E-1
3.06795364E+3	1.61547916E+2	3.89627908E-7	6.53464092E+1	-7.92869643E+1	1.02745200E+2	-8.81486802E-1
3.28966612E+3	1.53168329E+2	3.71116649E-7	6.43441439E+1	-7.55997086E+1	9.92747948E+1	-8.65654552E-1
3.52740116E+3	1.45583808E+2	3.53245638E-7	6.33215404E+1	-7.21732166E+1	9.60134928E+1	-8.50634012E-1
3.78231664E+3	1.38708586E+2	3.36149453E-7	6.22610544E+1	-6.89906058E+1	9.29308489E+1	-8.36625432E-1
4.05565415E+3	1.32434074E+2	3.19826824E-7	6.11716181E+1	-6.60245364E+1	9.00067021E+1	-8.23532688E-1
4.34874501E+3	1.26681801E+2	3.04302240E-7	6.00530659E+1	-6.32555082E+1	8.72217306E+1	-8.11363287E-1
4.66301673E+3	1.21408828E+2	2.89611412E-7	5.89000352E+1	-6.06775889E+1	8.45634915E+1	-8.00262338E-1
5.00000000E+3	1.16526997E+2	2.75661813E-7	5.77331863E+1	-5.82610813E+1	8.20211838E+1	-7.89949175E-1
5.36133611E+3	1.11958362E+2	2.62621275E-7	5.65154598E+1	-5.59766109E+1	7.95448190E+1	-7.80608093E-1
5.74878498E+3	1.07679613E+2	2.50308309E-7	5.52818999E+1	-5.38204891E+1	7.71539601E+1	-7.72004109E-1
6.16423370E+3	1.03655618E+2	2.38715995E-7	5.40302559E+1	-5.17809889E+1	7.48367521E+1	-7.64144012E-1
6.60970574E+3	9.98397992E+1	2.27809667E-7	5.27631009E+1	-4.98388653E+1	7.25800066E+1	-7.56905103E-1
7.08737081E+3	9.62097390E+1	2.17545221E-7	5.14849935E+1	-4.79859681E+1	7.03800948E+1	-7.50236312E-1
7.59955541E+3	9.27277360E+1	2.07853016E-7	5.02053257E+1	-4.62044520E+1	6.82306834E+1	-7.43923329E-1
8.14875417E+3	8.93702708E+1	1.98719797E-7	4.89212447E+1	-4.44838918E+1	6.61218939E+1	-7.37927338E-1
8.73764200E+3	8.61556818E+1	1.90051129E-7	4.76502412E+1	-4.28344892E+1	6.40729193E+1	-7.32226617E-1
9.36908711E+3	8.30284740E+1	1.81854989E-7	4.63831256E+1	-4.12277302E+1	6.20573937E+1	-7.26621688E-1
1.00461650E+4	8.00073192E+1	1.74022122E-7	4.51412815E+1	-3.96723776E+1	6.00968625E+1	-7.21005904E-1
1.07721735E+4	7.70692261E+1	1.66538352E-7	4.39223550E+1	-3.81561084E+1	5.81812847E+1	-7.15260542E-1
1.15506485E+4	7.42177070E+1	1.59377772E-7	4.27285429E+1	-3.66808666E+1	5.63135368E+1	-7.09386714E-1
1.23853818E+4	7.14432107E+1	1.52491881E-7	4.15663159E+1	-3.52402089E+1	5.44943210E+1	-7.03219466E-1
1.32804389E+4	6.87482822E+1	1.45862167E-7	4.04365004E+1	-3.38353251E+1	5.27251351E+1	-6.96752500E-1
1.42401793E+4	6.61304644E+1	1.39456024E-7	3.93428437E+1	-3.24638418E+1	5.10074550E+1	-6.89890716E-1
1.52692775E+4	6.35937097E+1	1.33246724E-7	3.82886212E+1	-3.11271045E+1	4.93448613E+1	-6.82593369E-1
1.63727458E+4	6.11342725E+1	1.27206107E-7	3.72767137E+1	-2.98216496E+1	4.77376637E+1	-6.74745448E-1
1.75559587E+4	5.87365832E+1	1.21375816E-7	3.62923319E+1	-2.85403813E+1	4.61701987E+1	-6.66394772E-1
1.88246790E+4	5.64566245E+1	1.15620130E-7	3.53718360E+1	-2.73094687E+1	4.46875177E+1	-6.57475792E-1
2.01850863E+4	5.42421512E+1	1.10042698E-7	3.44814367E+1	-2.61032033E+1	4.32475095E+1	-6.47980010E-1
2.16438064E+4	5.21053311E+1	1.04587455E-7	3.36331502E+1	-2.49254331E+1	4.18624686E+1	-6.37778894E-1
2.32079442E+4	5.00616404E+1	9.92373515E-8	3.28316147E+1	-2.37842190E+1	4.05413902E+1	-6.26934660E-1
2.48851178E+4	4.80920945E+1	9.41067562E-8	3.20451931E+1	-2.26765142E+1	3.92570996E+1	-6.15836361E-1
2.66834962E+4	4.62162660E+1	8.89914463E-8	3.13228865E+1	-2.15986805E+1	3.80476892E+1	-6.03677795E-1
2.86118383E+4	4.44151630E+1	8.39854228E-8	3.06375098E+1	-2.05453826E+1	3.68886150E+1	-5.90717757E-1
3.06795364E+4	4.26990192E+1	7.91354384E-8	2.99797277E+1	-1.95274366E+1	3.57785541E+1	-5.77326967E-1
3.28966612E+4	4.10574697E+1	7.43858651E-8	2.93582131E+1	-1.85329219E+1	3.47184954E+1	-5.63094460E-1
3.52740116E+4	3.95088446E+1	6.97600099E-8	2.87726365E+1	-1.75758041E+1	3.37160732E+1	-5.48360257E-1
3.78231664E+4	3.80295807E+1	6.52606648E-8	2.82144961E+1	-1.66411369E+1	3.27564558E+1	-5.32891714E-1
4.05565415E+4	3.66345263E+1	6.08635733E-8	2.76939953E+1	-1.57352766E+1	3.18521016E+1	-5.16696562E-1
4.34874501E+4	3.53103426E+1	5.65961868E-8	2.72000633E+1	-1.48526104E+1	3.09910235E+1	-4.99805973E-1
4.66301673E+4	3.40626080E+1	5.24447927E-8	2.67380138E+1	-1.39944630E+1	3.01789076E+1	-4.82185612E-1
5.00000000E+4	3.28808503E+1	4.84424106E-8	2.62962283E+1	-1.31586724E+1	2.94048012E+1	-4.63968775E-1
5.36133611E+4	3.17784196E+1	4.45634283E-8	2.58871174E+1	-1.23494459E+1	2.86819050E+1	-4.45119516E-1
5.74878498E+4	3.07399874E+1	4.08369515E-8	2.54976394E+1	-1.15614657E+1	2.79963768E+1	-4.25704968E-1
6.16423370E+4	2.97663782E+1	3.72494237E-8	2.51315976E+1	-1.07925634E+1	2.73509897E+1	-4.05627031E-1
6.60970574E+4	2.88574525E+1	3.38005681E-8	2.47896618E+1	-1.00418697E+1	2.67463359E+1	-3.84880548E-1
7.08737081E+4	2.80069528E+1	3.05046618E-8	2.44657359E+1	-9.30797869E+0	2.61765297E+1	-3.63539792E-1
7.59955541E+4	2.72166915E+1	2.73571317E-8	2.41625400E+1	-8.59046227E+0	2.56441883E+1	-3.41591124E-1
8.14875417E+4	2.64819669E+1	2.43556800E-8	2.38779690E+1	-7.88531350E+0	2.51462837E+1	-3.18958424E-1
8.73764200E+4	2.58002577E+1	2.15111828E-8	2.36084962E+1	-7.19334304E+0	2.46800584E+1	-2.95756698E-1
9.36908711E+4	2.51720603E+1	1.88216215E-8	2.33553242E+1	-6.51386601E+0	2.42466828E+1	-2.71991012E-1
1.00461650E+5	2.45957603E+1	1.62805296E-8	2.31187537E+1	-5.84350426E+0	2.38458241E+1	-2.47574947E-1
1.07721735E+5	2.40634927E+1	1.38886396E-8	2.28921349E+1	-5.17830796E+0	2.34705075E+1	-2.22460772E-1
1.15506485E+5	2.35817419E+1	1.16418092E-8	2.26813447E+1	-4.51909422E+0	2.31271618E+1	-1.96667358E-1
1.23853818E+5	2.31452382E+1	9.54161108E-9	2.24812416E+1	-3.86360675E+0	2.28108240E+1	-1.70196517E-1
1.32804389E+5	2.27546629E+1	7.58402442E-9	2.22924023E+1	-3.21010300E+0	2.25223466E+1	-1.43016773E-1
1.42401793E+5	2.24078610E+1	5.76096011E-9	2.21128580E+1	-2.55408590E+0	2.22598708E+1	-1.14992735E-1
1.52692775E+5	2.21075356E+1	4.07738553E-9	2.19434216E+1	-1.89768790E+0	2.20253258E+1	-8.62663166E-2
1.63727458E+5	2.18535321E+1	2.52427746E-9	2.17833787E+1	-1.23619008E+0	2.18184272E+1	-5.66884392E-2
1.75559587E+5	2.16438189E+1	1.09590917E-9	2.16290114E+1	-5.65912807E-1	2.16364139E+1	-2.61585569E-2
1.88246790E+5	2.14905542E+1	-2.15017699E-10	2.14732194E+1	1.16823617E-1	2.14818840E+1	5.45090972E-3
2.01850863E+5	2.13706459E+1	-1.38854993E-9	2.13404194E+1	8.03141998E-1	2.13555273E+1	3.76170373E-2
2.16438064E+5	2.12867180E+1	-2.46588779E-9	2.11787999E+1	1.51180905E+0	2.12326904E+1	7.12622481E-2
2.32079442E+5	2.12837811E+1	-3.41920089E-9	2.10467710E+1	2.23344580E+0	2.11649443E+1	1.05722550E-1
2.48851178E+5	2.13403132E+1	-4.26150612E-9	2.09173770E+1	2.97434029E+0	2.11277868E+1	1.41247811E-1
2.66834962E+5	2.14612869E+1	-5.00062070E-9	2.07882693E+1	3.74042192E+0	2.11220976E+1	1.78024595E-1
2.86118383E+5	2.16568362E+1	-5.62947236E-9	2.06641879E+1	4.52904468E+0	2.11546905E+1	2.15761944E-1
3.06795364E+5	2.19253634E+1	-6.15964834E-9	2.05337122E+1	5.34562907E+0	2.12181315E+1	2.54681144E-1
3.28966612E+5	2.22832278E+1	-6.58934330E-9	2.04038399E+1	6.19246691E+0	2.13228376E+1	2.94660252E-1
3.52740116E+5	2.27461910E+1	-6.93064122E-9	2.02715054E+1	7.08276235E+0	2.14732281E+1	3.36135751E-1
3.78231664E+5	2.33246131E+1	-7.18093156E-9	2.01344948E+1	8.01444637E+0	2.16709320E+1	3.78820428E-1
4.05565415E+5	2.40185017E+1	-7.33985465E-9	1.99852271E+1	8.97807294E+0	2.19092490E+1	4.22217940E-1
4.34874501E+5	2.48649561E+1	-7.41468910E-9	1.98320674E+1	9.99061862E+0	2.22063833E+1	4.66651715E-1
4.66301673E+5	2.58874714E+1	-7.40841751E-9	1.96752748E+1	1.10556065E+1	2.25686299E+1	5.11936240E-1
NaN	NaN	NaN	NaN	NaN	NaN	NaN
