Start time:20240905_23-06-25	sweep/start:500.000	sweep/stop:500000.000	sweep/samplecount:100.000	sweep/xmapping:1.000	sweep/scan:0.000	sweep/averaging/sample:10.000	sweep/settling/time:0.100	sweep/settling/inaccuracy:0.010	sweep/awgcontrol:0.000	sweep/averaging/time:0.100	sweep/averaging/tc:15.000	sweep/bandwidthcontrol:2.000	sweep/sincfilter:0.000	sweep/omegasuppression:80.000	sweep/maxbandwidth:100.000	sweep/bandwidth:1250000.000	sweep/order:8.000	sweep/bandwidthoverlap:1.000																				
Frequency	Param0		Param1		RealZ		ImagZ		AbsZ		PhaseZ		
5.00000000E+2	1.55637442E+3	7.45093305E-7	1.09047952E+2	-3.97275573E+2	4.11970077E+2	-1.30290485E+0
5.36133611E+2	1.40357748E+3	7.36361157E-7	1.06966919E+2	-3.72416887E+2	3.87474215E+2	-1.29110182E+0
5.74878498E+2	1.26636311E+3	7.26923682E-7	1.05038397E+2	-3.49261441E+2	3.64714450E+2	-1.27865685E+0
6.16423370E+2	1.14404725E+3	7.16938018E-7	1.03143460E+2	-3.27661971E+2	3.43512656E+2	-1.26583002E+0
6.60970574E+2	1.03346516E+3	7.06284777E-7	1.01428043E+2	-3.07464870E+2	3.23762721E+2	-1.25215248E+0
7.08737081E+2	9.34926845E+2	6.94923417E-7	9.97718707E+1	-2.88660559E+2	3.05416683E+2	-1.23801332E+0
7.59955541E+2	8.47138875E+2	6.82992286E-7	9.81316887E+1	-2.71111210E+2	2.88324683E+2	-1.22350578E+0
8.14875417E+2	7.68385149E+2	6.70233498E-7	9.66196651E+1	-2.54765998E+2	2.72472161E+2	-1.20830601E+0
8.73764200E+2	6.98153179E+2	6.56869245E-7	9.51317235E+1	-2.39512933E+2	2.57713976E+2	-1.19271621E+0
9.36908711E+2	6.35600278E+2	6.42800511E-7	9.36825262E+1	-2.25318015E+2	2.44017675E+2	-1.17676170E+0
1.00461650E+3	5.79813845E+2	6.28046699E-7	9.22756940E+1	-2.12103533E+2	2.31306538E+2	-1.16044393E+0
1.07721735E+3	5.29883177E+2	6.12767291E-7	9.08941463E+1	-1.99753664E+2	2.19461325E+2	-1.14376635E+0
1.15506485E+3	4.85548528E+2	5.96746322E-7	8.95518156E+1	-1.88314147E+2	2.08522773E+2	-1.12690357E+0
1.23853818E+3	4.45939868E+2	5.80334154E-7	8.82018583E+1	-1.77632069E+2	1.98324786E+2	-1.10991860E+0
1.32804389E+3	4.10665536E+2	5.63406851E-7	8.68693235E+1	-1.67713907E+2	1.88876242E+2	-1.09288310E+0
1.42401793E+3	3.79155076E+2	5.46119633E-7	8.55413951E+1	-1.58480666E+2	1.80092899E+2	-1.07584953E+0
1.52692775E+3	3.51091617E+2	5.28551509E-7	8.42015603E+1	-1.49908497E+2	1.71937374E+2	-1.05902515E+0
1.63727458E+3	3.25949137E+2	5.10819204E-7	8.28576888E+1	-1.41922496E+2	1.64339258E+2	-1.04235623E+0
1.75559587E+3	3.03500835E+2	4.93054466E-7	8.14833364E+1	-1.34501768E+2	1.57258576E+2	-1.02611125E+0
1.88246790E+3	2.83340990E+2	4.75332096E-7	8.00934914E+1	-1.27588404E+2	1.50644510E+2	-1.01022265E+0
2.01850863E+3	2.65307864E+2	4.57661310E-7	7.86930683E+1	-1.21182879E+2	1.44491831E+2	-9.94860964E-1
2.16438064E+3	2.49030777E+2	4.40246902E-7	7.72684552E+1	-1.15203336E+2	1.38716340E+2	-9.79997167E-1
2.32079442E+3	2.34359906E+2	4.23198096E-7	7.58043767E+1	-1.09632122E+2	1.33287306E+2	-9.65836352E-1
2.48851178E+3	2.21070175E+2	4.06511499E-7	7.43231593E+1	-1.04435153E+2	1.28182033E+2	-9.52282322E-1
2.66834962E+3	2.09041887E+2	3.90322945E-7	7.28021059E+1	-9.95918787E+1	1.23364051E+2	-9.39563624E-1
2.86118383E+3	1.98052891E+2	3.74648079E-7	7.12587855E+1	-9.50536344E+1	1.18798182E+2	-9.27506941E-1
3.06795364E+3	1.88026470E+2	3.59525752E-7	6.96892770E+1	-9.08120738E+1	1.14470207E+2	-9.16251276E-1
3.28966612E+3	1.78799239E+2	3.45042760E-7	6.80861150E+1	-8.68218061E+1	1.10334697E+2	-9.05760810E-1
3.52740116E+3	1.70279172E+2	3.31163743E-7	6.64636534E+1	-8.30659866E+1	1.06383154E+2	-8.95975633E-1
3.78231664E+3	1.62394267E+2	3.17886600E-7	6.48258238E+1	-7.95295812E+1	1.02602836E+2	-8.86906110E-1
4.05565415E+3	1.55032939E+2	3.05246640E-7	6.31698405E+1	-7.61772710E+1	9.89616372E+1	-8.78473987E-1
4.34874501E+3	1.48135247E+2	2.93194113E-7	6.15086609E+1	-7.29951025E+1	9.54547039E+1	-8.70590128E-1
4.66301673E+3	1.41658675E+2	2.81729857E-7	5.98411999E+1	-6.99718211E+1	9.20707609E+1	-8.63280412E-1
5.00000000E+3	1.35556279E+2	2.70784278E-7	5.81836860E+1	-6.70956199E+1	8.88097051E+1	-8.56415050E-1
5.36133611E+3	1.29709349E+2	2.60393030E-7	5.65301823E+1	-6.43182044E+1	8.56299773E+1	-8.49753739E-1
5.74878498E+3	1.24174685E+2	2.50477201E-7	5.48920882E+1	-6.16690060E+1	8.25603277E+1	-8.43473262E-1
6.16423370E+3	1.18880613E+2	2.40978590E-7	5.32831669E+1	-5.91205504E+1	7.95885384E+1	-8.37283857E-1
6.60970574E+3	1.13801689E+2	2.31916508E-7	5.16953320E+1	-5.66622322E+1	7.67008214E+1	-8.31204158E-1
7.08737081E+3	1.08933601E+2	2.23175861E-7	5.01523085E+1	-5.42956478E+1	7.39139465E+1	-8.25046313E-1
7.59955541E+3	1.04242736E+2	2.14830620E-7	4.86329819E+1	-5.20045000E+1	7.12013695E+1	-8.18887254E-1
8.14875417E+3	9.97283270E+1	2.06727642E-7	4.71699610E+1	-4.97913242E+1	6.85870340E+1	-8.12426733E-1
8.73764200E+3	9.53772972E+1	1.98910042E-7	4.57487863E+1	-4.76491769E+1	6.60560031E+1	-8.05742594E-1
9.36908711E+3	9.11995944E+1	1.91333072E-7	4.43758111E+1	-4.55833658E+1	6.36164751E+1	-7.98820721E-1
1.00461650E+4	8.71603253E+1	1.83946900E-7	4.30592369E+1	-4.35770482E+1	6.12621993E+1	-7.91374934E-1
1.07721735E+4	8.32856291E+1	1.76744048E-7	4.17964166E+1	-4.16425304E+1	5.90003459E+1	-7.83553870E-1
1.15506485E+4	7.95515863E+1	1.69702978E-7	4.05885578E+1	-3.97674872E+1	5.68232708E+1	-7.75180612E-1
1.23853818E+4	7.59659423E+1	1.62829495E-7	3.94304802E+1	-3.79553780E+1	5.47300058E+1	-7.66338822E-1
1.32804389E+4	7.25277155E+1	1.56077317E-7	3.83294212E+1	-3.62049823E+1	5.27251868E+1	-7.56903080E-1
1.42401793E+4	6.92352356E+1	1.49446947E-7	3.72818632E+1	-3.45149406E+1	5.08056937E+1	-7.46878984E-1
1.52692775E+4	6.60864304E+1	1.42916696E-7	3.62896235E+1	-3.28833466E+1	4.89719459E+1	-7.36195025E-1
1.63727458E+4	6.30833968E+1	1.36485455E-7	3.53502851E+1	-3.13109077E+1	4.72230437E+1	-7.24876520E-1
1.75559587E+4	6.01920961E+1	1.30223337E-7	3.44428581E+1	-2.97804736E+1	4.55322689E+1	-7.12928911E-1
1.88246790E+4	5.74825060E+1	1.23935264E-7	3.36149277E+1	-2.83250116E+1	4.39575934E+1	-7.00200901E-1
2.01850863E+4	5.48843707E+1	1.17845937E-7	3.28080072E+1	-2.69124667E+1	4.24340262E+1	-6.86998038E-1
2.16438064E+4	5.24241435E+1	1.11782941E-7	3.20617688E+1	-2.55509909E+1	4.09976893E+1	-6.72866278E-1
2.32079442E+4	5.01061939E+1	1.05879750E-7	3.13463631E+1	-2.42497839E+1	3.96313863E+1	-6.58439500E-1
2.48851178E+4	4.79196857E+1	9.99950617E-8	3.06914348E+1	-2.29947512E+1	3.83500130E+1	-6.43004243E-1
2.66834962E+4	4.58457869E+1	9.43277337E-8	3.00493732E+1	-2.17869672E+1	3.71165330E+1	-6.27333673E-1
2.86118383E+4	4.39031135E+1	8.87525499E-8	2.94516167E+1	-2.06305497E+1	3.59585533E+1	-6.11054472E-1
3.06795364E+4	4.20738849E+1	8.32555125E-8	2.88980718E+1	-1.95129569E+1	3.48690997E+1	-5.93910329E-1
3.28966612E+4	4.03512297E+1	7.79105129E-8	2.83714130E+1	-1.84359482E+1	3.38352089E+1	-5.76239647E-1
3.52740116E+4	3.87341838E+1	7.27082024E-8	2.78742296E+1	-1.73986409E+1	3.28585680E+1	-5.58012148E-1
3.78231664E+4	3.72250417E+1	6.76310728E-8	2.74124062E+1	-1.64008487E+1	3.19441377E+1	-5.39168710E-1
4.05565415E+4	3.58152973E+1	6.27130963E-8	2.69776083E+1	-1.54408419E+1	3.10839353E+1	-5.19846266E-1
4.34874501E+4	3.44982283E+1	5.79740614E-8	2.65648778E+1	-1.45171758E+1	3.02727798E+1	-5.00136731E-1
4.66301673E+4	3.32725523E+1	5.33928445E-8	2.61800103E+1	-1.36265467E+1	2.95139925E+1	-4.79908315E-1
5.00000000E+4	3.21240323E+1	4.89897549E-8	2.58140664E+1	-1.27626723E+1	2.87967340E+1	-4.59163714E-1
5.36133611E+4	3.10675161E+1	4.47640956E-8	2.54762093E+1	-1.19350447E+1	2.81332995E+1	-4.38113573E-1
5.74878498E+4	3.00782109E+1	4.07239262E-8	2.51541367E+1	-1.11292777E+1	2.75062070E+1	-4.16551981E-1
6.16423370E+4	2.91608235E+1	3.68748347E-8	2.48504749E+1	-1.03495989E+1	2.69195154E+1	-3.94627703E-1
6.60970574E+4	2.83141672E+1	3.32154801E-8	2.45665380E+1	-9.59511697E+0	2.63738709E+1	-3.72356528E-1
7.08737081E+4	2.75279905E+1	2.97444699E-8	2.42976005E+1	-8.85949850E+0	2.58624073E+1	-3.49643394E-1
7.59955541E+4	2.68027851E+1	2.64599908E-8	2.40453431E+1	-8.14270347E+0	2.53866532E+1	-3.26518505E-1
8.14875417E+4	2.61341136E+1	2.33674716E-8	2.38066667E+1	-7.44370508E+0	2.49432583E+1	-3.03042594E-1
8.73764200E+4	2.55173323E+1	2.04618718E-8	2.35797967E+1	-6.75919222E+0	2.45294416E+1	-2.79166241E-1
9.36908711E+4	2.49539719E+1	1.77351195E-8	2.33679040E+1	-6.08794459E+0	2.41479195E+1	-2.54860612E-1
1.00461650E+5	2.44389610E+1	1.51816850E-8	2.31682157E+1	-5.42594610E+0	2.37951071E+1	-2.30051646E-1
1.07721735E+5	2.39675937E+1	1.28080500E-8	2.29757328E+1	-4.77375392E+0	2.34664234E+1	-2.04859012E-1
1.15506485E+5	2.35430381E+1	1.05961564E-8	2.27958163E+1	-4.12716901E+0	2.31664147E+1	-1.79109222E-1
1.23853818E+5	2.31631992E+1	8.54679856E-9	2.26261748E+1	-3.48579954E+0	2.28931123E+1	-1.52858700E-1
1.32804389E+5	2.28223781E+1	6.65499357E-9	2.24615907E+1	-2.84669713E+0	2.26412657E+1	-1.26064127E-1
1.42401793E+5	2.25266263E+1	4.90543732E-9	2.23085490E+1	-2.20566980E+0	2.24173225E+1	-9.85507657E-2
1.52692775E+5	2.22697489E+1	3.30540532E-9	2.21592310E+1	-1.56492345E+0	2.22144212E+1	-7.05046814E-2
1.63727458E+5	2.20552340E+1	1.83698564E-9	2.20169868E+1	-9.17649167E-1	2.20361021E+1	-4.16550360E-2
1.75559587E+5	2.18857114E+1	4.99095542E-10	2.18825341E+1	-2.63661530E-1	2.18841227E+1	-1.20483602E-2
1.88246790E+5	2.17617391E+1	-7.15963548E-10	2.17455684E+1	4.00655532E-1	2.17536505E+1	1.84207710E-2
2.01850863E+5	2.16788433E+1	-1.81045873E-9	2.16252592E+1	1.07645644E+0	2.16520347E+1	4.97366872E-2
2.16438064E+5	2.16459135E+1	-2.79142779E-9	2.15007404E+1	1.76672605E+0	2.15732048E+1	8.19862844E-2
2.32079442E+5	2.16662188E+1	-3.66301478E-9	2.13798785E+1	2.47424988E+0	2.15225725E+1	1.15215433E-1
2.48851178E+5	2.17446241E+1	-4.42901488E-9	2.12624853E+1	3.20178812E+0	2.15022034E+1	1.49460962E-1
2.66834962E+5	2.18796277E+1	-5.09503243E-9	2.11411316E+1	3.95127747E+0	2.15072101E+1	1.84768287E-1
2.86118383E+5	2.20858127E+1	-5.66430210E-9	2.10225127E+1	4.72791823E+0	2.15476049E+1	2.21217245E-1
3.06795364E+5	2.23690024E+1	-6.14270401E-9	2.09025462E+1	5.53648358E+0	2.16233463E+1	2.58925435E-1
3.28966612E+5	2.27331541E+1	-6.52925319E-9	2.07774528E+1	6.37451497E+0	2.17333162E+1	2.97683259E-1
3.52740116E+5	2.31959748E+1	-6.83163631E-9	2.06489012E+1	7.25218701E+0	2.18854149E+1	3.37756090E-1
3.78231664E+5	2.37644336E+1	-7.04693940E-9	2.05150277E+1	8.16465500E+0	2.20800364E+1	3.78767311E-1
4.05565415E+5	2.44600778E+1	-7.19103569E-9	2.03681174E+1	9.12937342E+0	2.23205225E+1	4.21371640E-1
4.34874501E+5	2.52975510E+1	-7.24849054E-9	2.02212443E+1	1.01315878E+1	2.26174253E+1	4.64476764E-1
4.66301673E+5	2.63054386E+1	-7.23817466E-9	2.00620590E+1	1.11917210E+1	2.29726176E+1	5.08853861E-1
NaN	NaN	NaN	NaN	NaN	NaN	NaN
