Start time:20240905_05-52-12	sweep/start:500.000	sweep/stop:500000.000	sweep/samplecount:100.000	sweep/xmapping:1.000	sweep/scan:0.000	sweep/averaging/sample:10.000	sweep/settling/time:0.100	sweep/settling/inaccuracy:0.010	sweep/awgcontrol:0.000	sweep/averaging/time:0.100	sweep/averaging/tc:15.000	sweep/bandwidthcontrol:2.000	sweep/sincfilter:0.000	sweep/omegasuppression:80.000	sweep/maxbandwidth:100.000	sweep/bandwidth:1250000.000	sweep/order:8.000	sweep/bandwidthoverlap:1.000																				
Frequency	Param0		Param1		RealZ		ImagZ		AbsZ		PhaseZ		
5.00000000E+2	1.45772658E+3	7.53200793E-7	1.13019764E+2	-3.89844007E+2	4.05896323E+2	-1.28862171E+0
5.36133611E+2	1.31582402E+3	7.43665979E-7	1.10893272E+2	-3.65538727E+2	3.81989387E+2	-1.27625118E+0
5.74878498E+2	1.18811062E+3	7.33458837E-7	1.08923123E+2	-3.42853264E+2	3.59739652E+2	-1.26318473E+0
6.16423370E+2	1.07344264E+3	7.22557971E-7	1.07082440E+2	-3.21683286E+2	3.39038040E+2	-1.24945241E+0
6.60970574E+2	9.70904326E+2	7.10977830E-7	1.05322115E+2	-3.01935241E+2	3.19777492E+2	-1.23516999E+0
7.08737081E+2	8.79382099E+2	6.98608102E-7	1.03647917E+2	-2.83554563E+2	3.01904100E+2	-1.22035316E+0
7.59955541E+2	7.97337746E+2	6.85572090E-7	1.02055060E+2	-2.66377718E+2	2.85258352E+2	-1.20492442E+0
8.14875417E+2	7.24169037E+2	6.71867610E-7	1.00499751E+2	-2.50356920E+2	2.69775444E+2	-1.18906133E+0
8.73764200E+2	6.58868310E+2	6.57373269E-7	9.90157430E+1	-2.35444661E+2	2.55417913E+2	-1.17270274E+0
9.36908711E+2	6.00600736E+2	6.42234840E-7	9.75633337E+1	-2.21535526E+2	2.42067338E+2	-1.15595782E+0
1.00461650E+3	5.48755398E+2	6.26338198E-7	9.61563453E+1	-2.08615105E+2	2.29709177E+2	-1.13889271E+0
1.07721735E+3	5.02447151E+2	6.09843703E-7	9.47808497E+1	-1.96567924E+2	2.18225480E+2	-1.12150718E+0
1.15506485E+3	4.61164986E+2	5.92814783E-7	9.34172155E+1	-1.85348234E+2	2.07559016E+2	-1.10394650E+0
1.23853818E+3	4.24360870E+2	5.75309581E-7	9.20613499E+1	-1.74905514E+2	1.97654324E+2	-1.08629236E+0
1.32804389E+3	3.91512215E+2	5.57356472E-7	9.07235714E+1	-1.65192665E+2	1.88465869E+2	-1.06856865E+0
1.42401793E+3	3.62242950E+2	5.39035353E-7	8.93922780E+1	-1.56175355E+2	1.79949218E+2	-1.05093024E+0
1.52692775E+3	3.36121979E+2	5.20520669E-7	8.80472866E+1	-1.47791415E+2	1.72030891E+2	-1.03350493E+0
1.63727458E+3	3.12733683E+2	5.01875714E-7	8.67013880E+1	-1.39990402E+2	1.64664640E+2	-1.01627886E+0
1.75559587E+3	2.91810419E+2	4.83245770E-7	8.53342521E+1	-1.32738419E+2	1.57801847E+2	-9.99445983E-1
1.88246790E+3	2.73060352E+2	4.64740526E-7	8.39421479E+1	-1.25995982E+2	1.51397727E+2	-9.83096947E-1
2.01850863E+3	2.56268747E+2	4.46384489E-7	8.25370094E+1	-1.19746805E+2	1.45436087E+2	-9.67312990E-1
2.16438064E+3	2.41131715E+2	4.28349348E-7	8.11066056E+1	-1.13925821E+2	1.39847683E+2	-9.52111960E-1
2.32079442E+3	2.27469855E+2	4.10721791E-7	7.96465122E+1	-1.08506280E+2	1.34600074E+2	-9.37596722E-1
2.48851178E+3	2.15107809E+2	3.93569872E-7	7.81571767E+1	-1.03458563E+2	1.29661940E+2	-9.23819991E-1
2.66834962E+3	2.03902059E+2	3.76988094E-7	7.66289602E+1	-9.87562878E+1	1.24999209E+2	-9.10899215E-1
2.86118383E+3	1.93678198E+2	3.60990515E-7	7.50746567E+1	-9.43616405E+1	1.20583264E+2	-8.98740600E-1
3.06795364E+3	1.84317177E+2	3.45645742E-7	7.34866102E+1	-9.02472286E+1	1.16382320E+2	-8.87407876E-1
3.28966612E+3	1.75718269E+2	3.30960524E-7	7.18701970E+1	-8.63920181E+1	1.12378407E+2	-8.76899919E-1
3.52740116E+3	1.67799241E+2	3.16961537E-7	7.02232027E+1	-8.27774215E+1	1.08551370E+2	-8.67268139E-1
3.78231664E+3	1.60412247E+2	3.03645984E-7	6.85539750E+1	-7.93552110E+1	1.04866091E+2	-8.58294898E-1
4.05565415E+3	1.53563292E+2	2.91016863E-7	6.68579591E+1	-7.61376472E+1	1.01325851E+2	-8.50202210E-1
4.34874501E+3	1.47094313E+2	2.79017128E-7	6.51552887E+1	-7.30668229E+1	9.78977647E+1	-8.42573613E-1
4.66301673E+3	1.41032505E+2	2.67620732E-7	6.34468289E+1	-7.01609932E+1	9.45942130E+1	-8.35608706E-1
5.00000000E+3	1.35294276E+2	2.56813701E-7	6.17358532E+1	-6.73883651E+1	9.13920534E+1	-8.29146006E-1
5.36133611E+3	1.29834622E+2	2.46580620E-7	6.00233943E+1	-6.47325773E+1	8.82786189E+1	-8.23127403E-1
5.74878498E+3	1.24613720E+2	2.36863822E-7	5.83209876E+1	-6.21792366E+1	8.52501913E+1	-8.17405830E-1
6.16423370E+3	1.19617263E+2	2.27599693E-7	5.66407932E+1	-5.97246774E+1	8.23117039E+1	-8.11893676E-1
6.60970574E+3	1.14828561E+2	2.18788981E-7	5.49783011E+1	-5.73625788E+1	7.94548872E+1	-8.06618576E-1
7.08737081E+3	1.10199020E+2	2.10347398E-7	5.33518217E+1	-5.50717840E+1	7.66767134E+1	-8.01260188E-1
7.59955541E+3	1.05727867E+2	2.02271100E-7	5.17574604E+1	-5.28523514E+1	7.39743593E+1	-7.95864206E-1
8.14875417E+3	1.01426262E+2	1.94518879E-7	5.02013088E+1	-5.07105466E+1	7.13563664E+1	-7.90444483E-1
8.73764200E+3	9.72556233E+1	1.87029480E-7	4.86951159E+1	-4.86277641E+1	6.88176853E+1	-7.84706116E-1
9.36908711E+3	9.32303471E+1	1.79806741E-7	4.72333445E+1	-4.66110739E+1	6.63594837E+1	-7.78767385E-1
1.00461650E+4	8.93385646E+1	1.72815054E-7	4.58209274E+1	-4.46544332E+1	6.39810584E+1	-7.72505927E-1
1.07721735E+4	8.55716156E+1	1.65984069E-7	4.44716263E+1	-4.27525817E+1	6.16888065E+1	-7.65692369E-1
1.15506485E+4	8.19400658E+1	1.59360182E-7	4.31695194E+1	-4.09109492E+1	5.94753161E+1	-7.58542619E-1
1.23853818E+4	7.84377690E+1	1.52890716E-7	4.19241223E+1	-3.91254710E+1	5.73448740E+1	-7.50881769E-1
1.32804389E+4	7.50609027E+1	1.46566932E-7	4.07337164E+1	-3.73934984E+1	5.52947507E+1	-7.42670605E-1
1.42401793E+4	7.18253223E+1	1.40370145E-7	3.96002767E+1	-3.57228305E+1	5.33320034E+1	-7.33966049E-1
1.52692775E+4	6.87058410E+1	1.34338848E-7	3.85094682E+1	-3.41005270E+1	5.14375861E+1	-7.24751774E-1
1.63727458E+4	6.57253243E+1	1.28345738E-7	3.74917096E+1	-3.25349978E+1	4.96402518E+1	-7.14732836E-1
1.75559587E+4	6.28780383E+1	1.22531794E-7	3.65086424E+1	-3.10275646E+1	4.79123300E+1	-7.04418028E-1
1.88246790E+4	6.01382778E+1	1.16804787E-7	3.55784533E+1	-2.95601065E+1	4.62560983E+1	-6.93266752E-1
2.01850863E+4	5.75308300E+1	1.11120838E-7	3.47120076E+1	-2.81440306E+1	4.46879216E+1	-6.81283555E-1
2.16438064E+4	5.50449582E+1	1.05555627E-7	3.38874684E+1	-2.67763556E+1	4.31895134E+1	-6.68709042E-1
2.32079442E+4	5.26949402E+1	1.00100192E-7	3.31077999E+1	-2.54653961E+1	4.17685680E+1	-6.55654984E-1
2.48851178E+4	5.04690831E+1	9.48140499E-8	3.23560551E+1	-2.42087633E+1	4.04101441E+1	-6.42347460E-1
2.66834962E+4	4.83271958E+1	8.95740195E-8	3.16539334E+1	-2.29733239E+1	3.91119622E+1	-6.27809522E-1
2.86118383E+4	4.63215005E+1	8.44468286E-8	3.09942477E+1	-2.17957900E+1	3.78906320E+1	-6.12884101E-1
3.06795364E+4	4.44252933E+1	7.94498389E-8	3.03675913E+1	-2.06615218E+1	3.67299487E+1	-5.97436911E-1
3.28966612E+4	4.26320361E+1	7.45722819E-8	2.97749722E+1	-1.95657506E+1	3.56281862E+1	-5.81364726E-1
3.52740116E+4	4.09451390E+1	6.97860897E-8	2.92243515E+1	-1.85076285E+1	3.45918358E+1	-5.64541869E-1
3.78231664E+4	3.93651783E+1	6.51444479E-8	2.87041415E+1	-1.74933068E+1	3.36146339E+1	-5.47328077E-1
4.05565415E+4	3.78691159E+1	6.06561281E-8	2.82055747E+1	-1.65095621E+1	3.26821075E+1	-5.29562705E-1
4.34874501E+4	3.64712037E+1	5.62971375E-8	2.77401095E+1	-1.55628219E+1	3.18074702E+1	-5.11266276E-1
4.66301673E+4	3.51638161E+1	5.20784815E-8	2.73037714E+1	-1.46495324E+1	3.09855576E+1	-4.92449604E-1
5.00000000E+4	3.39340650E+1	4.80264402E-8	2.68861458E+1	-1.37655853E+1	3.02052348E+1	-4.73197883E-1
5.36133611E+4	3.27815043E+1	4.41069930E-8	2.64957814E+1	-1.29052363E+1	2.94715383E+1	-4.53248253E-1
5.74878498E+4	3.17105007E+1	4.03551943E-8	2.61280598E+1	-1.20771825E+1	2.87842640E+1	-4.32978020E-1
6.16423370E+4	3.07098492E+1	3.67612367E-8	2.57809258E+1	-1.12726304E+1	2.81376677E+1	-4.12197997E-1
6.60970574E+4	2.97774654E+1	3.33340287E-8	2.54523051E+1	-1.04921538E+1	2.75300769E+1	-3.91003139E-1
7.08737081E+4	2.89075543E+1	3.00657977E-8	2.51414785E+1	-9.73060651E+0	2.69588326E+1	-3.69279047E-1
7.59955541E+4	2.80986839E+1	2.69632168E-8	2.48468864E+1	-8.98871711E+0	2.64228084E+1	-3.47116602E-1
8.14875417E+4	2.73495575E+1	2.40137195E-8	2.45712004E+1	-8.26241846E+0	2.59231838E+1	-3.24386136E-1
8.73764200E+4	2.66559634E+1	2.12325731E-8	2.43089846E+1	-7.55332104E+0	2.54554395E+1	-3.01263660E-1
9.36908711E+4	2.60122906E+1	1.86059739E-8	2.40593032E+1	-6.85474328E+0	2.50167461E+1	-2.77556190E-1
1.00461650E+5	2.54220464E+1	1.61358427E-8	2.38247238E+1	-6.16893508E+0	2.46104294E+1	-2.53365524E-1
1.07721735E+5	2.48809890E+1	1.38125048E-8	2.36038742E+1	-5.49043264E+0	2.42340202E+1	-2.28543247E-1
1.15506485E+5	2.43852595E+1	1.16375709E-8	2.33929722E+1	-4.81793960E+0	2.38839631E+1	-2.03116551E-1
1.23853818E+5	2.39364474E+1	9.60819707E-9	2.31935163E+1	-4.15104512E+0	2.35620539E+1	-1.77099324E-1
1.32804389E+5	2.35269484E+1	7.75356530E-9	2.29941791E+1	-3.50007654E+0	2.32590383E+1	-1.51056179E-1
1.42401793E+5	2.31697555E+1	5.96377151E-9	2.28209292E+1	-2.82144156E+0	2.29946809E+1	-1.23009737E-1
1.52692775E+5	2.28551093E+1	4.33881802E-9	2.26500985E+1	-2.15488048E+0	2.27523730E+1	-9.48523087E-2
1.63727458E+5	2.25834079E+1	2.84245446E-9	2.24853528E+1	-1.48485524E+0	2.25343270E+1	-6.59408116E-2
1.75559587E+5	2.23558199E+1	1.46929830E-9	2.23265086E+1	-8.08957534E-1	2.23411595E+1	-3.62172111E-2
1.88246790E+5	2.22009572E+1	2.00715844E-10	2.21900589E+1	-1.17269230E-1	2.21955069E+1	-5.27648692E-3
2.01850863E+5	2.20452262E+1	-9.35577484E-10	2.20301518E+1	5.76265083E-1	2.20376877E+1	2.61520526E-2
2.16438064E+5	2.19635245E+1	-1.97137958E-9	2.18876364E+1	1.28879786E+0	2.19255476E+1	5.88145388E-2
2.32079442E+5	2.19372827E+1	-2.90135757E-9	2.17499297E+1	2.01863832E+0	2.18434053E+1	9.25461321E-2
2.48851178E+5	2.19675469E+1	-3.72371380E-9	2.16139650E+1	2.76446998E+0	2.17900388E+1	1.27211346E-1
2.66834962E+5	2.20675758E+1	-4.44875750E-9	2.14854997E+1	3.53640073E+0	2.17745928E+1	1.63132076E-1
2.86118383E+5	2.22241030E+1	-5.08027582E-9	2.13447448E+1	4.33239450E+0	2.17799864E+1	2.00252039E-1
3.06795364E+5	2.24668412E+1	-5.61414739E-9	2.12128112E+1	5.15765987E+0	2.18308236E+1	2.38510818E-1
3.28966612E+5	2.27954326E+1	-6.05524871E-9	2.10795593E+1	6.01413328E+0	2.19207132E+1	2.77922493E-1
3.52740116E+5	2.32166987E+1	-6.41223816E-9	2.09373445E+1	6.90822372E+0	2.20475852E+1	3.18700175E-1
3.78231664E+5	2.37437967E+1	-6.68260915E-9	2.07879607E+1	7.83873197E+0	2.22167752E+1	3.60593299E-1
4.05565415E+5	2.43994458E+1	-6.86349801E-9	2.06405933E+1	8.80822587E+0	2.24414577E+1	4.03345908E-1
4.34874501E+5	2.52000656E+1	-6.97454738E-9	2.04773021E+1	9.83408868E+0	2.27162789E+1	4.47717781E-1
4.66301673E+5	2.61688606E+1	-7.00825420E-9	2.03060100E+1	1.09110373E+1	2.30517909E+1	4.93064010E-1
NaN	NaN	NaN	NaN	NaN	NaN	NaN
