Start time:20240907_20-57-57	sweep/start:500.000	sweep/stop:500000.000	sweep/samplecount:100.000	sweep/xmapping:1.000	sweep/scan:0.000	sweep/averaging/sample:10.000	sweep/settling/time:0.100	sweep/settling/inaccuracy:0.010	sweep/awgcontrol:0.000	sweep/averaging/time:0.100	sweep/averaging/tc:15.000	sweep/bandwidthcontrol:2.000	sweep/sincfilter:0.000	sweep/omegasuppression:80.000	sweep/maxbandwidth:100.000	sweep/bandwidth:1250000.000	sweep/order:8.000	sweep/bandwidthoverlap:1.000																				
Frequency	Param0		Param1		RealZ		ImagZ		AbsZ		PhaseZ		
5.00000000E+2	1.60115568E+3	7.78833357E-7	9.79411585E+1	-3.83701035E+2	3.96003738E+2	-1.32087903E+0
5.36133611E+2	1.44151801E+3	7.70756401E-7	9.60491697E+1	-3.59487278E+2	3.72097501E+2	-1.30971121E+0
5.74878498E+2	1.29738943E+3	7.62166599E-7	9.43068782E+1	-3.36836542E+2	3.49789438E+2	-1.29780789E+0
6.16423370E+2	1.16883354E+3	7.52949784E-7	9.26275864E+1	-3.15731353E+2	3.29038240E+2	-1.28542881E+0
6.60970574E+2	1.05304257E+3	7.43217435E-7	9.10584949E+1	-2.95967516E+2	3.09658561E+2	-1.27232343E+0
7.08737081E+2	9.49476564E+2	7.32819265E-7	8.95693680E+1	-2.77527101E+2	2.91622990E+2	-1.25860899E+0
7.59955541E+2	8.56783321E+2	7.21673236E-7	8.81750956E+1	-2.60330674E+2	2.74857984E+2	-1.24421980E+0
8.14875417E+2	7.74052251E+2	7.09886311E-7	8.68241837E+1	-2.44270318E+2	2.59242030E+2	-1.22928074E+0
8.73764200E+2	7.00318942E+2	6.97373003E-7	8.55191816E+1	-2.29297106E+2	2.44725754E+2	-1.21381332E+0
9.36908711E+2	6.34161964E+2	6.84057730E-7	8.43144751E+1	-2.15313938E+2	2.31233700E+2	-1.19756216E+0
1.00461650E+3	5.75320900E+2	6.70050262E-7	8.31268007E+1	-2.02273355E+2	2.18688309E+2	-1.18087523E+0
1.07721735E+3	5.22773776E+2	6.55234841E-7	8.20022277E+1	-1.90116393E+2	2.07047360E+2	-1.16357935E+0
1.15506485E+3	4.75939687E+2	6.39686419E-7	8.09126288E+1	-1.78781073E+2	1.96238443E+2	-1.14579944E+0
1.23853818E+3	4.34357259E+2	6.23357633E-7	7.98504468E+1	-1.68248401E+2	1.86235386E+2	-1.12767559E+0
1.32804389E+3	3.97320732E+2	6.06401202E-7	7.88035443E+1	-1.58430680E+2	1.76947109E+2	-1.10923026E+0
1.42401793E+3	3.64295029E+2	5.88737486E-7	7.77995777E+1	-1.49295758E+2	1.68350818E+2	-1.09040335E+0
1.52692775E+3	3.34903968E+2	5.70582000E-7	7.67945544E+1	-1.40788482E+2	1.60370821E+2	-1.07144502E+0
1.63727458E+3	3.08780630E+2	5.51913188E-7	7.58008168E+1	-1.32891155E+2	1.52989618E+2	-1.05242763E+0
1.75559587E+3	2.85504766E+2	5.32872426E-7	7.48115322E+1	-1.25547929E+2	1.46147351E+2	-1.03341156E+0
1.88246790E+3	2.64761929E+2	5.13581840E-7	7.38177912E+1	-1.18722676E+2	1.39800358E+2	-1.01452555E+0
2.01850863E+3	2.46261562E+2	4.94091163E-7	7.28287534E+1	-1.12387253E+2	1.33921328E+2	-9.95817001E-1
2.16438064E+3	2.29762063E+2	4.74560749E-7	7.18296777E+1	-1.06509305E+2	1.28466862E+2	-9.77460246E-1
2.32079442E+3	2.15033496E+2	4.55164936E-7	7.08054644E+1	-1.01055095E+2	1.23391840E+2	-9.59626205E-1
2.48851178E+3	2.01829945E+2	4.35982896E-7	6.97650757E+1	-9.59870571E+1	1.18662046E+2	-9.42297827E-1
2.66834962E+3	1.89998342E+2	4.17149229E-7	6.86970131E+1	-9.12854785E+1	1.14246743E+2	-9.25664334E-1
2.86118383E+3	1.79370720E+2	3.98708312E-7	6.76112913E+1	-8.69263990E+1	1.10124864E+2	-9.09739755E-1
3.06795364E+3	1.69766221E+2	3.80837208E-7	6.64905008E+1	-8.28664840E+1	1.06244251E+2	-8.94605177E-1
3.28966612E+3	1.61097181E+2	3.63549578E-7	6.53422953E+1	-7.91002129E+1	1.02598535E+2	-8.80360077E-1
3.52740116E+3	1.53220443E+2	3.46919106E-7	6.41652546E+1	-7.55926487E+1	9.91535605E+1	-8.66982312E-1
3.78231664E+3	1.46025432E+2	3.31028312E-7	6.29511615E+1	-7.23161199E+1	9.58773706E+1	-8.54520856E-1
4.05565415E+3	1.39443722E+2	3.15903491E-7	6.16993525E+1	-6.92587657E+1	9.27555227E+1	-8.43058075E-1
4.34874501E+3	1.33363840E+2	3.01496801E-7	6.04259863E+1	-6.63878088E+1	8.97699350E+1	-8.32375983E-1
4.66301673E+3	1.27739007E+2	2.87826315E-7	5.91279166E+1	-6.36932523E+1	8.69076586E+1	-8.22551657E-1
5.00000000E+3	1.22489067E+2	2.74995349E-7	5.77829868E+1	-6.11466295E+1	8.41295668E+1	-8.13673254E-1
5.36133611E+3	1.17617926E+2	2.62772548E-7	5.64396566E+1	-5.87612152E+1	8.14758572E+1	-8.05547702E-1
5.74878498E+3	1.12999643E+2	2.51273479E-7	5.50717201E+1	-5.64817690E+1	7.88865302E+1	-7.98037606E-1
6.16423370E+3	1.08628396E+2	2.40437759E-7	5.36882852E+1	-5.43105907E+1	7.63680055E+1	-7.91160247E-1
6.60970574E+3	1.04465026E+2	2.30207268E-7	5.22984279E+1	-5.22324710E+1	7.39145223E+1	-7.84767183E-1
7.08737081E+3	1.00478592E+2	2.20521886E-7	5.09113277E+1	-5.02348002E+1	7.15227131E+1	-7.78709649E-1
7.59955541E+3	9.66543160E+1	2.11355085E-7	4.95284827E+1	-4.83122232E+1	6.91891723E+1	-7.72967786E-1
8.14875417E+3	9.29651248E+1	2.02649633E-7	4.81582519E+1	-4.64523469E+1	6.69106705E+1	-7.67369314E-1
8.73764200E+3	8.93905199E+1	1.94359034E-7	4.68064934E+1	-4.46453681E+1	6.46842852E+1	-7.61771272E-1
9.36908711E+3	8.59478114E+1	1.86472058E-7	4.54720021E+1	-4.29012356E+1	6.25157502E+1	-7.56316489E-1
1.00461650E+4	8.25981720E+1	1.78875390E-7	4.41756737E+1	-4.11987819E+1	6.04055448E+1	-7.50543637E-1
1.07721735E+4	7.93499062E+1	1.71578030E-7	4.29116395E+1	-3.95427074E+1	5.83526738E+1	-7.44562724E-1
1.15506485E+4	7.61942429E+1	1.64551218E-7	4.16822451E+1	-3.79280563E+1	5.63555416E+1	-7.38275999E-1
1.23853818E+4	7.31426162E+1	1.57754555E-7	4.04936154E+1	-3.63603631E+1	5.44225040E+1	-7.31669330E-1
1.32804389E+4	7.01789754E+1	1.51164711E-7	3.93466116E+1	-3.48302878E+1	5.25481194E+1	-7.24587380E-1
1.42401793E+4	6.73104303E+1	1.44731305E-7	3.82496303E+1	-3.33401375E+1	5.07405069E+1	-7.16927236E-1
1.52692775E+4	6.45253588E+1	1.38488859E-7	3.71904082E+1	-3.18841282E+1	4.89869808E+1	-7.08729083E-1
1.63727458E+4	6.18561330E+1	1.32359299E-7	3.61863561E+1	-3.04777836E+1	4.73111815E+1	-6.99974724E-1
1.75559587E+4	5.92749717E+1	1.26353271E-7	3.52295743E+1	-2.91051210E+1	4.56971727E+1	-6.90487409E-1
1.88246790E+4	5.67927323E+1	1.20487030E-7	3.43145999E+1	-2.77727832E+1	4.41454373E+1	-6.80420734E-1
2.01850863E+4	5.44063999E+1	1.14741295E-7	3.34428833E+1	-2.64779106E+1	4.26556751E+1	-6.69681153E-1
2.16438064E+4	5.21384312E+1	1.09108484E-7	3.26172164E+1	-2.52334563E+1	4.12384572E+1	-6.58449768E-1
2.32079442E+4	4.99476970E+1	1.03527465E-7	3.18430486E+1	-2.40105477E+1	3.98809059E+1	-6.46073987E-1
2.48851178E+4	4.78492958E+1	9.81230541E-8	3.10925850E+1	-2.28255894E+1	3.85714612E+1	-6.33258432E-1
2.66834962E+4	4.58720101E+1	9.27339695E-8	3.04060088E+1	-2.16854534E+1	3.73468149E+1	-6.19527763E-1
2.86118383E+4	4.39865689E+1	8.75021288E-8	2.97453350E+1	-2.05817904E+1	3.61717454E+1	-6.05291579E-1
3.06795364E+4	4.21915108E+1	8.23778514E-8	2.91201230E+1	-1.95100057E+1	3.50517040E+1	-5.90295431E-1
3.28966612E+4	4.04978966E+1	7.73478372E-8	2.85356529E+1	-1.84756667E+1	3.39946153E+1	-5.74586877E-1
3.52740116E+4	3.88997789E+1	7.24328747E-8	2.79859851E+1	-1.74766462E+1	3.29946754E+1	-5.58224243E-1
3.78231664E+4	3.73782372E+1	6.76241266E-8	2.74670031E+1	-1.64994480E+1	3.20416624E+1	-5.40934575E-1
4.05565415E+4	3.59534927E+1	6.29558983E-8	2.69781857E+1	-1.55607645E+1	3.11441805E+1	-5.23178965E-1
4.34874501E+4	3.46179831E+1	5.84127536E-8	2.65213827E+1	-1.46537692E+1	3.03004416E+1	-5.04780959E-1
4.66301673E+4	3.33631441E+1	5.40065925E-8	2.60916612E+1	-1.37740705E+1	2.95042343E+1	-4.85726153E-1
5.00000000E+4	3.21886094E+1	4.97352003E-8	2.56902904E+1	-1.29206669E+1	2.87564725E+1	-4.65996604E-1
5.36133611E+4	3.10881395E+1	4.56226279E-8	2.53104330E+1	-1.20928175E+1	2.80509228E+1	-4.45714083E-1
5.74878498E+4	3.00611334E+1	4.16554969E-8	2.49556573E+1	-1.12876260E+1	2.73896941E+1	-4.24771021E-1
6.16423370E+4	2.91047462E+1	3.78558011E-8	2.46212172E+1	-1.05066614E+1	2.67692786E+1	-4.03336755E-1
6.60970574E+4	2.82172400E+1	3.42120734E-8	2.43097928E+1	-9.74624163E+0	2.61907475E+1	-3.81297793E-1
7.08737081E+4	2.73946488E+1	3.07347668E-8	2.40181884E+1	-9.00535667E+0	2.56509227E+1	-3.58717233E-1
7.59955541E+4	2.66313968E+1	2.74317030E-8	2.37423576E+1	-8.28206429E+0	2.51454200E+1	-3.35632790E-1
8.14875417E+4	2.59316371E+1	2.42931573E-8	2.34881054E+1	-7.57587769E+0	2.46796480E+1	-3.12006241E-1
8.73764200E+4	2.52806557E+1	2.13329297E-8	2.32430546E+1	-6.88186494E+0	2.42404551E+1	-2.87859023E-1
9.36908711E+4	2.46885190E+1	1.85336388E-8	2.30184229E+1	-6.20023888E+0	2.38388500E+1	-2.63115087E-1
1.00461650E+5	2.41464506E+1	1.59111118E-8	2.28052233E+1	-5.53054978E+0	2.34662565E+1	-2.37919210E-1
1.07721735E+5	2.36519948E+1	1.34522057E-8	2.26037342E+1	-4.86770972E+0	2.31219248E+1	-2.12110483E-1
1.15506485E+5	2.32064440E+1	1.11583650E-8	2.24148074E+1	-4.21240764E+0	2.28071913E+1	-1.85763010E-1
1.23853818E+5	2.28088108E+1	9.02171256E-9	2.22385565E+1	-3.56112715E+0	2.25218789E+1	-1.58784957E-1
1.32804389E+5	2.24535822E+1	7.03990719E-9	2.20696153E+1	-2.91098249E+0	2.22607708E+1	-1.31142964E-1
1.42401793E+5	2.21435941E+1	5.21345184E-9	2.19098302E+1	-2.26312118E+0	2.20264020E+1	-1.02927482E-1
1.52692775E+5	2.18773230E+1	3.52697636E-9	2.17580859E+1	-1.61070388E+0	2.18176230E+1	-7.38930507E-2
1.63727458E+5	2.16573709E+1	1.98308645E-9	2.16151760E+1	-9.55009163E-1	2.16362631E+1	-4.41536294E-2
1.75559587E+5	2.14835226E+1	5.74739004E-10	2.14795376E+1	-2.92553530E-1	2.14815300E+1	-1.36192641E-2
1.88246790E+5	2.13941929E+1	-7.59069936E-10	2.13700298E+1	4.09419512E-1	2.13821045E+1	1.91730942E-2
2.01850863E+5	2.12750503E+1	-1.85130490E-9	2.12220950E+1	1.06010113E+0	2.12485562E+1	4.99112207E-2
2.16438064E+5	2.12463975E+1	-2.88214807E-9	2.11000737E+1	1.75711056E+0	2.11731092E+1	8.30833885E-2
2.32079442E+5	2.12722849E+1	-3.79846167E-9	2.09810094E+1	2.47209296E+0	2.11261452E+1	1.17284512E-1
2.48851178E+5	2.13562290E+1	-4.59946607E-9	2.08640731E+1	3.20442852E+0	2.11087168E+1	1.52395141E-1
2.66834962E+5	2.15023605E+1	-5.29643546E-9	2.07460109E+1	3.96120031E+0	2.11208002E+1	1.88667061E-1
2.86118383E+5	2.17214499E+1	-5.88872276E-9	2.06305564E+1	4.74401961E+0	2.11689772E+1	2.26021965E-1
3.06795364E+5	2.20187744E+1	-6.37869820E-9	2.05150105E+1	5.55425182E+0	2.12535970E+1	2.64402242E-1
3.28966612E+5	2.24004387E+1	-6.77298805E-9	2.03947805E+1	6.39569148E+0	2.13740970E+1	3.03881692E-1
3.52740116E+5	2.28810167E+1	-7.07746930E-9	2.02698899E+1	7.27510318E+0	2.15359159E+1	3.44591988E-1
3.78231664E+5	2.34694308E+1	-7.29121241E-9	2.01388830E+1	8.18983662E+0	2.17404717E+1	3.86241326E-1
4.05565415E+5	2.41791949E+1	-7.43581413E-9	1.99843763E+1	9.15590972E+0	2.19819495E+1	4.29613615E-1
4.34874501E+5	2.50255033E+1	-7.49238685E-9	1.98225172E+1	1.01555982E+1	2.22725941E+1	4.73459964E-1
4.66301673E+5	2.60716747E+1	-7.46710917E-9	1.96716951E+1	1.12204355E+1	2.26467209E+1	5.18358909E-1
NaN	NaN	NaN	NaN	NaN	NaN	NaN
