Start time:20240907_18-42-57	sweep/start:500.000	sweep/stop:500000.000	sweep/samplecount:100.000	sweep/xmapping:1.000	sweep/scan:0.000	sweep/averaging/sample:10.000	sweep/settling/time:0.100	sweep/settling/inaccuracy:0.010	sweep/awgcontrol:0.000	sweep/averaging/time:0.100	sweep/averaging/tc:15.000	sweep/bandwidthcontrol:2.000	sweep/sincfilter:0.000	sweep/omegasuppression:80.000	sweep/maxbandwidth:100.000	sweep/bandwidth:1250000.000	sweep/order:8.000	sweep/bandwidthoverlap:1.000																				
Frequency	Param0		Param1		RealZ		ImagZ		AbsZ		PhaseZ		
5.00000000E+2	1.59376764E+3	7.75354444E-7	9.91687013E+1	-3.84990032E+2	3.97557245E+2	-1.31868912E+0
5.36133611E+2	1.43512561E+3	7.67398118E-7	9.72081403E+1	-3.60633248E+2	3.73504713E+2	-1.30750541E+0
5.74878498E+2	1.29250671E+3	7.58757211E-7	9.54003894E+1	-3.37941176E+2	3.51148808E+2	-1.29565727E+0
6.16423370E+2	1.16439407E+3	7.49421270E-7	9.37309881E+1	-3.16787362E+2	3.30363038E+2	-1.28312379E+0
6.60970574E+2	1.04972821E+3	7.39540376E-7	9.21263396E+1	-2.97019000E+2	3.10978383E+2	-1.27003572E+0
7.08737081E+2	9.46736834E+2	7.29035967E-7	9.06242810E+1	-2.78540007E+2	2.92911763E+2	-1.25624371E+0
7.59955541E+2	8.54606024E+2	7.17859137E-7	8.91964732E+1	-2.61288677E+2	2.76093806E+2	-1.24182907E+0
8.14875417E+2	7.72434022E+2	7.05973650E-7	8.78218961E+1	-2.45201768E+2	2.60454594E+2	-1.22686905E+0
8.73764200E+2	6.98951561E+2	6.93282865E-7	8.65335946E+1	-2.30205781E+2	2.45932446E+2	-1.21123973E+0
9.36908711E+2	6.33208015E+2	6.79891313E-7	8.53055550E+1	-2.16192283E+2	2.32413734E+2	-1.19496946E+0
1.00461650E+3	5.74811871E+2	6.65818620E-7	8.40846258E+1	-2.03131987E+2	2.19847289E+2	-1.17833005E+0
1.07721735E+3	5.22544903E+2	6.50863641E-7	8.29568623E+1	-1.90962889E+2	2.08203432E+2	-1.16097943E+0
1.15506485E+3	4.76097311E+2	6.35205298E-7	8.18434398E+1	-1.79630412E+2	1.97396644E+2	-1.14327758E+0
1.23853818E+3	4.34706292E+2	6.18851285E-7	8.07597169E+1	-1.69069870E+2	1.87367963E+2	-1.12517123E+0
1.32804389E+3	3.97922560E+2	6.01791594E-7	7.96998146E+1	-1.59255419E+2	1.78085232E+2	-1.10678657E+0
1.42401793E+3	3.65125659E+2	5.84152338E-7	7.86587316E+1	-1.50110362E+2	1.69470699E+2	-1.08812887E+0
1.52692775E+3	3.35931143E+2	5.65991649E-7	7.76271794E+1	-1.41602985E+2	1.61484938E+2	-1.06933383E+0
1.63727458E+3	3.09972002E+2	5.47318261E-7	7.66122719E+1	-1.33709453E+2	1.54102753E+2	-1.05048467E+0
1.75559587E+3	2.86826978E+2	5.28366431E-7	7.55882500E+1	-1.26361246E+2	1.47243840E+2	-1.03170751E+0
1.88246790E+3	2.66186224E+2	5.09153667E-7	7.45680652E+1	-1.19534908E+2	1.40886447E+2	-1.01304721E+0
2.01850863E+3	2.47808697E+2	4.89803933E-7	7.35396650E+1	-1.13206385E+2	1.34995437E+2	-9.94697393E-1
2.16438064E+3	2.31391357E+2	4.70499087E-7	7.24912216E+1	-1.07325972E+2	1.29513867E+2	-9.76751056E-1
2.32079442E+3	2.16686487E+2	4.51277320E-7	7.14378441E+1	-1.01863876E+2	1.24417101E+2	-9.59193758E-1
2.48851178E+3	2.03536991E+2	4.32327156E-7	7.03549647E+1	-9.67988451E+1	1.19665524E+2	-9.42298723E-1
2.66834962E+3	1.91739369E+2	4.13708945E-7	6.92521410E+1	-9.21005016E+1	1.15231773E+2	-9.26068024E-1
2.86118383E+3	1.81102324E+2	3.95571091E-7	6.81187743E+1	-8.77285622E+1	1.11069655E+2	-9.10567258E-1
3.06795364E+3	1.71507358E+2	3.77954346E-7	6.69596334E+1	-8.36688523E+1	1.07163751E+2	-8.95876485E-1
3.28966612E+3	1.62816073E+2	3.60980279E-7	6.57632524E+1	-7.98906053E+1	1.03476153E+2	-8.82088361E-1
3.52740116E+3	1.54916599E+2	3.44661792E-7	6.45378678E+1	-7.63731000E+1	9.99899339E+1	-8.69192344E-1
3.78231664E+3	1.47699757E+2	3.29072497E-7	6.32766178E+1	-7.30890578E+1	9.66744066E+1	-8.57231165E-1
4.05565415E+3	1.41064340E+2	3.14213595E-7	6.19858362E+1	-7.00124744E+1	9.35093083E+1	-8.46132031E-1
4.34874501E+3	1.34937917E+2	3.00114948E-7	6.06620325E+1	-6.71247030E+1	9.04743505E+1	-8.35928987E-1
4.66301673E+3	1.29263367E+2	2.86748318E-7	5.93125372E+1	-6.44124269E+1	8.75610531E+1	-8.26594411E-1
5.00000000E+3	1.23960595E+2	2.74080299E-7	5.79455596E+1	-6.18488297E+1	8.47523794E+1	-8.17969718E-1
5.36133611E+3	1.18993811E+2	2.62160519E-7	5.65477908E+1	-5.94237694E+1	8.20294890E+1	-8.10192080E-1
5.74878498E+3	1.14299501E+2	2.50905979E-7	5.51357404E+1	-5.71142506E+1	7.93850587E+1	-8.03022265E-1
6.16423370E+3	1.09855432E+2	2.40252884E-7	5.37201802E+1	-5.49144403E+1	7.68209188E+1	-7.96391085E-1
6.60970574E+3	1.05604880E+2	2.30205692E-7	5.22964258E+1	-5.28000141E+1	7.43152589E+1	-7.90189804E-1
7.08737081E+3	1.01536445E+2	2.20686515E-7	5.08777820E+1	-5.07681029E+1	7.18745368E+1	-7.84319131E-1
7.59955541E+3	9.76180121E+1	2.11670347E-7	4.94655267E+1	-4.88045895E+1	6.94890375E+1	-7.78672548E-1
8.14875417E+3	9.38542293E+1	2.03104556E-7	4.80674402E+1	-4.69132563E+1	6.71664536E+1	-7.73246990E-1
8.73764200E+3	9.02087934E+1	1.94880542E-7	4.67040051E+1	-4.50760222E+1	6.49084887E+1	-7.67662144E-1
9.36908711E+3	8.66800683E+1	1.87067359E-7	4.53549798E+1	-4.32931690E+1	6.27006596E+1	-7.62143992E-1
1.00461650E+4	8.32527855E+1	1.79550225E-7	4.40424159E+1	-4.15562190E+1	6.05529006E+1	-7.56361508E-1
1.07721735E+4	7.99337535E+1	1.72307605E-7	4.27674640E+1	-3.98686324E+1	5.84684862E+1	-7.50333064E-1
1.15506485E+4	7.67193679E+1	1.65312558E-7	4.15324275E+1	-3.82282485E+1	5.64476886E+1	-7.43995672E-1
1.23853818E+4	7.35907247E+1	1.58541046E-7	4.03381986E+1	-3.66244030E+1	5.44841006E+1	-7.37181015E-1
1.32804389E+4	7.05699522E+1	1.51958275E-7	3.91901626E+1	-3.50682048E+1	5.25894274E+1	-7.29946736E-1
1.42401793E+4	6.76423617E+1	1.45553246E-7	3.80865225E+1	-3.35511396E+1	5.07568937E+1	-7.22172514E-1
1.52692775E+4	6.48154155E+1	1.39268918E-7	3.70373612E+1	-3.20753097E+1	4.89958346E+1	-7.13724580E-1
1.63727458E+4	6.20848840E+1	1.33142479E-7	3.60305922E+1	-3.06390438E+1	4.72964576E+1	-7.04704160E-1
1.75559587E+4	5.94615323E+1	1.27206333E-7	3.50569174E+1	-2.92497873E+1	4.56567390E+1	-6.95338840E-1
1.88246790E+4	5.69343559E+1	1.21264599E-7	3.41567424E+1	-2.78928052E+1	4.40986613E+1	-6.84788459E-1
2.01850863E+4	5.45094468E+1	1.15489212E-7	3.32891936E+1	-2.65782753E+1	4.25978329E+1	-6.73767913E-1
2.16438064E+4	5.22085339E+1	1.09776361E-7	3.24786168E+1	-2.53140285E+1	4.11784024E+1	-6.62056866E-1
2.32079442E+4	4.99978273E+1	1.04184609E-7	3.17052810E+1	-2.40825556E+1	3.98145056E+1	-6.49601379E-1
2.48851178E+4	4.78731657E+1	9.87473043E-8	3.09587323E+1	-2.28833430E+1	3.84979455E+1	-6.36525152E-1
2.66834962E+4	4.58763373E+1	9.33402410E-8	3.02730272E+1	-2.17338180E+1	3.72668138E+1	-6.22656305E-1
2.86118383E+4	4.39718617E+1	8.80602526E-8	2.96191602E+1	-2.06183094E+1	3.60889113E+1	-6.08113105E-1
3.06795364E+4	4.21666377E+1	8.28874006E-8	2.90021805E+1	-1.95396486E+1	3.49703361E+1	-5.92876911E-1
3.28966612E+4	4.04579562E+1	7.77969975E-8	2.84264575E+1	-1.84935884E+1	3.39127756E+1	-5.76780458E-1
3.52740116E+4	3.88336748E+1	7.28314936E-8	2.78789542E+1	-1.74758696E+1	3.29035287E+1	-5.59927222E-1
3.78231664E+4	3.73215332E+1	6.79886028E-8	2.73691328E+1	-1.65041940E+1	3.19602560E+1	-5.42638702E-1
4.05565415E+4	3.58930397E+1	6.32698838E-8	2.68884796E+1	-1.55601660E+1	3.10662071E+1	-5.24605001E-1
4.34874501E+4	3.45534569E+1	5.86738462E-8	2.64397810E+1	-1.46466282E+1	3.02255821E+1	-5.05879812E-1
4.66301673E+4	3.32912350E+1	5.42252179E-8	2.60140412E+1	-1.37589668E+1	2.94285499E+1	-4.86503652E-1
5.00000000E+4	3.21169872E+1	4.99178596E-8	2.56182275E+1	-1.29029696E+1	2.86841467E+1	-4.66574221E-1
5.36133611E+4	3.10124486E+1	4.57717673E-8	2.52410537E+1	-1.20696345E+1	2.79783288E+1	-4.46035455E-1
5.74878498E+4	2.99896316E+1	4.17778489E-8	2.48916330E+1	-1.12648789E+1	2.73219857E+1	-4.24978160E-1
6.16423370E+4	2.90350824E+1	3.79425408E-8	2.45631001E+1	-1.04807318E+1	2.67056480E+1	-4.03297867E-1
6.60970574E+4	2.81492910E+1	3.42674878E-8	2.42565731E+1	-9.71720045E+0	2.61305441E+1	-3.81024123E-1
7.08737081E+4	2.73291811E+1	3.07721068E-8	2.39677443E+1	-8.97585914E+0	2.55933356E+1	-3.58330007E-1
7.59955541E+4	2.65710806E+1	2.74437541E-8	2.36979671E+1	-8.25148045E+0	2.50934372E+1	-3.35064646E-1
8.14875417E+4	2.58711005E+1	2.42891048E-8	2.34443088E+1	-7.54284051E+0	2.46278312E+1	-3.11275441E-1
8.73764200E+4	2.52270100E+1	2.13061477E-8	2.32063359E+1	-6.84780453E+0	2.41955877E+1	-2.86940085E-1
9.36908711E+4	2.46381243E+1	1.85006577E-8	2.29832841E+1	-6.16714316E+0	2.37963235E+1	-2.62156217E-1
1.00461650E+5	2.41016433E+1	1.58714585E-8	2.27738690E+1	-5.49895905E+0	2.34283518E+1	-2.36924202E-1
1.07721735E+5	2.36107239E+1	1.33993511E-8	2.25756008E+1	-4.83409974E+0	2.30873618E+1	-2.10943867E-1
1.15506485E+5	2.31718253E+1	1.11020482E-8	2.23913145E+1	-4.18050911E+0	2.27782271E+1	-1.84577196E-1
1.23853818E+5	2.27757477E+1	8.96331726E-9	2.22150752E+1	-3.52921768E+0	2.24936646E+1	-1.57549268E-1
1.32804389E+5	2.24281040E+1	6.98224453E-9	2.20515667E+1	-2.88150263E+0	2.22390384E+1	-1.29934924E-1
1.42401793E+5	2.21215670E+1	5.15316468E-9	2.18937991E+1	-2.23309084E+0	2.20073884E+1	-1.01644986E-1
1.52692775E+5	2.18603890E+1	3.46915436E-9	2.17452757E+1	-1.58213955E+0	2.18027564E+1	-7.26298711E-2
1.63727458E+5	2.16438937E+1	1.92992170E-9	2.16040011E+1	-9.28347595E-1	2.16239382E+1	-4.29446775E-2
1.75559587E+5	2.14721244E+1	5.24282685E-10	2.14688134E+1	-2.66595758E-1	2.14704688E+1	-1.24171734E-2
1.88246790E+5	2.13822393E+1	-7.91223587E-10	2.13600154E+1	4.27537667E-1	2.13711212E+1	2.00041333E-2
2.01850863E+5	2.12717699E+1	-1.89595308E-9	2.12162618E+1	1.08520215E+0	2.12439978E+1	5.11050025E-2
2.16438064E+5	2.12452807E+1	-2.92501007E-9	2.10946268E+1	1.78268724E+0	2.11698197E+1	8.43087456E-2
2.32079442E+5	2.12715602E+1	-3.83125581E-9	2.09753336E+1	2.49267636E+0	2.11229276E+1	1.18283720E-1
2.48851178E+5	2.13604401E+1	-4.62936439E-9	2.08617241E+1	3.22553163E+0	2.11096094E+1	1.53400132E-1
2.66834962E+5	2.15101279E+1	-5.32078665E-9	2.07462507E+1	3.98089537E+0	2.11247368E+1	1.89580735E-1
2.86118383E+5	2.17281979E+1	-5.90855065E-9	2.06293287E+1	4.76118840E+0	2.11716352E+1	2.26825274E-1
3.06795364E+5	2.20249301E+1	-6.39500187E-9	2.05127874E+1	5.56940161E+0	2.12554160E+1	2.65117553E-1
3.28966612E+5	2.24106806E+1	-6.78722127E-9	2.03947423E+1	6.41205271E+0	2.13789626E+1	3.04612394E-1
3.52740116E+5	2.28929306E+1	-7.08687805E-9	2.02718737E+1	7.28928173E+0	2.15425761E+1	3.45180346E-1
3.78231664E+5	2.34825963E+1	-7.29920717E-9	2.01406910E+1	8.20415508E+0	2.17475446E+1	3.86819845E-1
4.05565415E+5	2.42062337E+1	-7.43112518E-9	2.00033406E+1	9.16906402E+0	2.20046702E+1	4.29798027E-1
4.34874501E+5	2.50635566E+1	-7.47953371E-9	1.98542882E+1	1.01698622E+1	2.23073762E+1	4.73379757E-1
4.66301673E+5	2.61009519E+1	-7.45354168E-9	1.97005065E+1	1.12290509E+1	2.26760197E+1	5.18059348E-1
5.00000000E+5	2.73292956E+1	-7.36498938E-9	1.95229635E+1	1.23451316E+1	2.30986733E+1	5.63859392E-1
