Start time:20240908_06-24-35	sweep/start:500.000	sweep/stop:500000.000	sweep/samplecount:100.000	sweep/xmapping:1.000	sweep/scan:0.000	sweep/averaging/sample:10.000	sweep/settling/time:0.100	sweep/settling/inaccuracy:0.010	sweep/awgcontrol:0.000	sweep/averaging/time:0.100	sweep/averaging/tc:15.000	sweep/bandwidthcontrol:2.000	sweep/sincfilter:0.000	sweep/omegasuppression:80.000	sweep/maxbandwidth:100.000	sweep/bandwidth:1250000.000	sweep/order:8.000	sweep/bandwidthoverlap:1.000																				
Frequency	Param0		Param1		RealZ		ImagZ		AbsZ		PhaseZ		
5.00000000E+2	1.59685593E+3	7.96905621E-7	9.40294638E+1	-3.75912129E+2	3.87493833E+2	-1.32568890E+0
5.36133611E+2	1.43618426E+3	7.88912688E-7	9.22555518E+1	-3.52114728E+2	3.63999828E+2	-1.31455184E+0
5.74878498E+2	1.29189085E+3	7.80426866E-7	9.05790840E+1	-3.29869192E+2	3.42079314E+2	-1.30281047E+0
6.16423370E+2	1.16243089E+3	7.71310058E-7	8.90140158E+1	-3.09110176E+2	3.21671571E+2	-1.29041376E+0
6.60970574E+2	1.04631632E+3	7.61695468E-7	8.75211978E+1	-2.89680608E+2	3.02613314E+2	-1.27738656E+0
7.08737081E+2	9.42778451E+2	7.51366377E-7	8.60931671E+1	-2.71578167E+2	2.84897769E+2	-1.26380742E+0
7.59955541E+2	8.49631761E+2	7.40381771E-7	8.47756076E+1	-2.54639184E+2	2.68380366E+2	-1.24941384E+0
8.14875417E+2	7.66830097E+2	7.28715270E-7	8.34808058E+1	-2.38844163E+2	2.53013005E+2	-1.23454921E+0
8.73764200E+2	6.92692395E+2	7.16286771E-7	8.22676789E+1	-2.24094212E+2	2.38717800E+2	-1.21895901E+0
9.36908711E+2	6.26547570E+2	7.03093420E-7	8.11071166E+1	-2.10330911E+2	2.25427278E+2	-1.20275048E+0
1.00461650E+3	5.67449351E+2	6.89104256E-7	8.00087294E+1	-1.97482895E+2	2.13074851E+2	-1.18586456E+0
1.07721735E+3	5.14904956E+2	6.74322572E-7	7.89397812E+1	-1.85512765E+2	2.01609713E+2	-1.16848353E+0
1.15506485E+3	4.68063834E+2	6.58723884E-7	7.79179633E+1	-1.74354140E+2	1.90972710E+2	-1.15052766E+0
1.23853818E+3	4.26370059E+2	6.42366135E-7	7.69241608E+1	-1.63953744E+2	1.81102615E+2	-1.13210557E+0
1.32804389E+3	3.89161827E+2	6.25267056E-7	7.59688964E+1	-1.54249537E+2	1.71942412E+2	-1.11316148E+0
1.42401793E+3	3.56120899E+2	6.07433345E-7	7.50339598E+1	-1.45227630E+2	1.63466082E+2	-1.09390618E+0
1.52692775E+3	3.26719737E+2	5.88934263E-7	7.41221645E+1	-1.36832297E+2	1.55618678E+2	-1.07434719E+0
1.63727458E+3	3.00559892E+2	5.69868209E-7	7.32241137E+1	-1.29021160E+2	1.48351713E+2	-1.05458977E+0
1.75559587E+3	2.77313419E+2	5.50344106E-7	7.23276647E+1	-1.21762638E+2	1.41624261E+2	-1.03479627E+0
1.88246790E+3	2.56617034E+2	5.30372439E-7	7.14516251E+1	-1.15023339E+2	1.35409392E+2	-1.01493974E+0
2.01850863E+3	2.38172224E+2	5.10185001E-7	7.05701278E+1	-1.08755234E+2	1.29645069E+2	-9.95202180E-1
2.16438064E+3	2.21746396E+2	4.89884606E-7	6.96797108E+1	-1.02936689E+2	1.24302954E+2	-9.75730097E-1
2.32079442E+3	2.07110371E+2	4.69590527E-7	6.87778789E+1	-9.75408376E+1	1.19350793E+2	-9.56643175E-1
2.48851178E+3	1.94024638E+2	4.49432032E-7	6.78643533E+1	-9.25299167E+1	1.14749101E+2	-9.37983671E-1
2.66834962E+3	1.82329965E+2	4.29502713E-7	6.69389485E+1	-8.78871601E+1	1.10476133E+2	-9.19883029E-1
2.86118383E+3	1.71849047E+2	4.09972867E-7	6.59894489E+1	-8.35799992E+1	1.06490487E+2	-9.02468294E-1
3.06795364E+3	1.62435054E+2	3.90943918E-7	6.50140169E+1	-7.95847503E+1	1.02764561E+2	-8.85825820E-1
3.28966612E+3	1.53945925E+2	3.72480503E-7	6.40167606E+1	-7.58747233E+1	9.92729538E+1	-8.69961451E-1
3.52740116E+3	1.46281583E+2	3.54696232E-7	6.29873258E+1	-7.24326050E+1	9.59889869E+1	-8.55033460E-1
3.78231664E+3	1.39314571E+2	3.37615770E-7	6.19331105E+1	-6.92276983E+1	9.28880215E+1	-8.40956535E-1
4.05565415E+3	1.32970622E+2	3.21347767E-7	6.08390078E+1	-6.62451160E+1	8.99433181E+1	-8.27912137E-1
4.34874501E+3	1.27167839E+2	3.05854245E-7	5.97183228E+1	-6.34663019E+1	8.71449930E+1	-8.15814484E-1
4.66301673E+3	1.21806659E+2	2.91205307E-7	5.85601548E+1	-6.08582341E+1	8.44571879E+1	-8.04639722E-1
5.00000000E+3	1.16859700E+2	2.77319618E-7	5.73811945E+1	-5.84204369E+1	8.18874169E+1	-7.94372259E-1
5.36133611E+3	1.12244284E+2	2.64238265E-7	5.61721725E+1	-5.61221186E+1	7.94040631E+1	-7.84952426E-1
5.74878498E+3	1.07931835E+2	2.51926900E-7	5.49375293E+1	-5.39571690E+1	7.70033005E+1	-7.76395575E-1
6.16423370E+3	1.03858768E+2	2.40316502E-7	5.36881236E+1	-5.18995918E+1	7.46725004E+1	-7.68460958E-1
6.60970574E+3	1.00009319E+2	2.29400202E-7	5.24211457E+1	-4.99462353E+1	7.24058216E+1	-7.61226122E-1
7.08737081E+3	9.63378098E+1	2.19122169E-7	5.11433393E+1	-4.80769806E+1	7.01928576E+1	-7.54503453E-1
7.59955541E+3	9.28207738E+1	2.09432358E-7	4.98603069E+1	-4.62819831E+1	6.80299362E+1	-7.48196296E-1
8.14875417E+3	8.94466979E+1	2.00267608E-7	4.85810127E+1	-4.45566633E+1	6.59197323E+1	-7.42216414E-1
8.73764200E+3	8.61891998E+1	1.91576716E-7	4.73112280E+1	-4.28878126E+1	6.38570029E+1	-7.36396819E-1
9.36908711E+3	8.30339629E+1	1.83340089E-7	4.60501469E+1	-4.12687542E+1	6.18362851E+1	-7.30694972E-1
1.00461650E+4	7.99768011E+1	1.75498261E-7	4.48065461E+1	-3.96970726E+1	5.98622100E+1	-7.25007133E-1
1.07721735E+4	7.70207081E+1	1.67986680E-7	4.35912016E+1	-3.81737121E+1	5.79432929E+1	-7.19237966E-1
1.15506485E+4	7.41397197E+1	1.60803511E-7	4.23988225E+1	-3.66848281E+1	5.60663606E+1	-7.13270966E-1
1.23853818E+4	7.13502661E+1	1.53888612E-7	4.12405298E+1	-3.52383503E+1	5.42450248E+1	-7.07077169E-1
1.32804389E+4	6.86265281E+1	1.47217375E-7	4.01160332E+1	-3.38190458E+1	5.24692675E+1	-7.00434069E-1
1.42401793E+4	6.59855103E+1	1.40768946E-7	3.90280706E+1	-3.24360404E+1	5.07472866E+1	-6.93415919E-1
1.52692775E+4	6.34334297E+1	1.34538139E-7	3.79753476E+1	-3.10930719E+1	4.90806111E+1	-6.86081680E-1
1.63727458E+4	6.09613861E+1	1.28448811E-7	3.69711193E+1	-2.97816427E+1	4.74743128E+1	-6.78108776E-1
1.75559587E+4	5.85637365E+1	1.22576620E-7	3.59944616E+1	-2.85020614E+1	4.59126304E+1	-6.69749048E-1
1.88246790E+4	5.62550989E+1	1.16818828E-7	3.50678844E+1	-2.72578461E+1	4.44156175E+1	-6.60737989E-1
2.01850863E+4	5.40288583E+1	1.11131071E-7	3.41979079E+1	-2.60418148E+1	4.29845739E+1	-6.50822509E-1
2.16438064E+4	5.18784269E+1	1.05621564E-7	3.33564918E+1	-2.48561144E+1	4.15990648E+1	-6.40399950E-1
2.32079442E+4	4.98211571E+1	1.00252414E-7	3.25531135E+1	-2.37092360E+1	4.02719944E+1	-6.29483975E-1
2.48851178E+4	4.78430225E+1	9.49735929E-8	3.17945040E+1	-2.25887864E+1	3.90018550E+1	-6.17712859E-1
2.66834962E+4	4.59696534E+1	8.98285191E-8	3.10750689E+1	-2.15139427E+1	3.77956344E+1	-6.05554123E-1
2.86118383E+4	4.41556366E+1	8.47953877E-8	3.03877638E+1	-2.04542078E+1	3.66304652E+1	-5.92447864E-1
3.06795364E+4	4.24374078E+1	7.98621321E-8	2.97428121E+1	-1.94312353E+1	3.55275643E+1	-5.78697614E-1
3.28966612E+4	4.08031172E+1	7.50441360E-8	2.91331224E+1	-1.84386365E+1	3.44778507E+1	-5.64266990E-1
3.52740116E+4	3.92350595E+1	7.03831395E-8	2.85431131E+1	-1.74694380E+1	3.34647680E+1	-5.49223187E-1
3.78231664E+4	3.77605871E+1	6.57839966E-8	2.80020726E+1	-1.65305324E+1	3.25172980E+1	-5.33280706E-1
4.05565415E+4	3.63750164E+1	6.13385772E-8	2.74888861E+1	-1.56291292E+1	3.16213322E+1	-5.16982288E-1
4.34874501E+4	3.50540552E+1	5.70054031E-8	2.70036351E+1	-1.47441684E+1	3.07666523E+1	-4.99772249E-1
4.66301673E+4	3.38089565E+1	5.27967906E-8	2.65478639E+1	-1.38840336E+1	2.99592315E+1	-4.81863103E-1
5.00000000E+4	3.26395458E+1	4.87343134E-8	2.61174329E+1	-1.30514658E+1	2.91969370E+1	-4.63425487E-1
5.36133611E+4	3.15386998E+1	4.48175788E-8	2.57097750E+1	-1.22417454E+1	2.84754785E+1	-4.44387359E-1
5.74878498E+4	3.05078941E+1	4.10349212E-8	2.53287568E+1	-1.14534317E+1	2.77979681E+1	-4.24674335E-1
6.16423370E+4	2.95424580E+1	3.73979513E-8	2.49702167E+1	-1.06850289E+1	2.71602941E+1	-4.04333657E-1
6.60970574E+4	2.86419360E+1	3.39079753E-8	2.46344236E+1	-9.93593211E+0	2.65627103E+1	-3.83378308E-1
7.08737081E+4	2.78011720E+1	3.05633636E-8	2.43193219E+1	-9.20196839E+0	2.60020317E+1	-3.61731499E-1
7.59955541E+4	2.70208208E+1	2.73851198E-8	2.40218701E+1	-8.48766128E+0	2.54772574E+1	-3.39638843E-1
8.14875417E+4	2.62943395E+1	2.43549301E-8	2.37418972E+1	-7.78458832E+0	2.49855459E+1	-3.16838168E-1
8.73764200E+4	2.56212103E+1	2.14843678E-8	2.34771448E+1	-7.09482364E+0	2.45257592E+1	-2.93475110E-1
9.36908711E+4	2.50026007E+1	1.87641904E-8	2.32306721E+1	-6.41584601E+0	2.41003572E+1	-2.69462875E-1
1.00461650E+5	2.44331323E+1	1.62028216E-8	2.29970723E+1	-5.74675271E+0	2.37042298E+1	-2.44875719E-1
1.07721735E+5	2.39131069E+1	1.37910584E-8	2.27782177E+1	-5.08436301E+0	2.33387651E+1	-2.19611589E-1
1.15506485E+5	2.34403331E+1	1.15326649E-8	2.25715316E+1	-4.42833728E+0	2.30018308E+1	-1.93730649E-1
1.23853818E+5	2.30148367E+1	9.41836454E-9	2.23780874E+1	-3.77481435E+0	2.26942289E+1	-1.67110373E-1
1.32804389E+5	2.26326454E+1	7.45058408E-9	2.21932431E+1	-3.12275984E+0	2.24118674E+1	-1.39789949E-1
1.42401793E+5	2.22947786E+1	5.62452793E-9	2.20176128E+1	-2.47032900E+0	2.21557623E+1	-1.11730586E-1
1.52692775E+5	2.20042782E+1	3.93650706E-9	2.18533564E+1	-1.81607859E+0	2.19286875E+1	-8.29124448E-2
1.63727458E+5	2.17581630E+1	2.38392791E-9	2.16963866E+1	-1.15772167E+0	2.17272528E+1	-5.33095551E-2
1.75559587E+5	2.15569714E+1	9.58726528E-10	2.15457727E+1	-4.91189789E-1	2.15513713E+1	-2.27935440E-2
1.88246790E+5	2.14631677E+1	-3.71342245E-10	2.14437306E+1	2.03040815E-1	2.14534453E+1	9.44350849E-3
2.01850863E+5	2.13019612E+1	-1.52212402E-9	2.12659986E+1	8.74512355E-1	2.12839723E+1	4.10994020E-2
2.16438064E+5	2.12498863E+1	-2.58059486E-9	2.11323612E+1	1.57593336E+0	2.11910423E+1	7.44366342E-2
2.32079442E+5	2.12543244E+1	-3.52879713E-9	2.10030983E+1	2.29706824E+0	2.11283379E+1	1.08935104E-1
2.48851178E+5	2.13167122E+1	-4.36038135E-9	2.08757799E+1	3.03393966E+0	2.10950940E+1	1.44322549E-1
2.66834962E+5	2.14528437E+1	-5.09536235E-9	2.07557255E+1	3.80382618E+0	2.11014059E+1	1.81254907E-1
2.86118383E+5	2.16454446E+1	-5.71382483E-9	2.06257986E+1	4.58595521E+0	2.11294718E+1	2.18781878E-1
3.06795364E+5	2.19239859E+1	-6.23353806E-9	2.05011830E+1	5.40084436E+0	2.12006520E+1	2.57588121E-1
3.28966612E+5	2.22911675E+1	-6.65699232E-9	2.03743953E+1	6.24924076E+0	2.13112424E+1	2.97610737E-1
3.52740116E+5	2.27543718E+1	-6.98791335E-9	2.02406402E+1	7.13298147E+0	2.14607325E+1	3.38819265E-1
3.78231664E+5	2.33358711E+1	-7.22373542E-9	2.01086393E+1	8.05575355E+0	2.16622391E+1	3.81033500E-1
4.05565415E+5	2.40470124E+1	-7.38222981E-9	1.99620792E+1	9.03015242E+0	2.19095492E+1	4.24819229E-1
4.34874501E+5	2.48954203E+1	-7.44577023E-9	1.98127627E+1	1.00350080E+1	2.22091655E+1	4.68827848E-1
4.66301673E+5	2.59266821E+1	-7.43923368E-9	1.96513466E+1	1.11048868E+1	2.25719771E+1	5.14358877E-1
5.00000000E+5	2.71488772E+1	-7.36023945E-9	1.94743558E+1	1.22252218E+1	2.29936253E+1	5.60581442E-1
