Start time:20240907_22-02-59	sweep/start:500.000	sweep/stop:500000.000	sweep/samplecount:100.000	sweep/xmapping:1.000	sweep/scan:0.000	sweep/averaging/sample:10.000	sweep/settling/time:0.100	sweep/settling/inaccuracy:0.010	sweep/awgcontrol:0.000	sweep/averaging/time:0.100	sweep/averaging/tc:15.000	sweep/bandwidthcontrol:2.000	sweep/sincfilter:0.000	sweep/omegasuppression:80.000	sweep/maxbandwidth:100.000	sweep/bandwidth:1250000.000	sweep/order:8.000	sweep/bandwidthoverlap:1.000																				
Frequency	Param0		Param1		RealZ		ImagZ		AbsZ		PhaseZ		
5.00000000E+2	1.60275963E+3	7.80491258E-7	9.74650956E+1	-3.83032087E+2	3.95237941E+2	-1.32162752E+0
5.36133611E+2	1.44254474E+3	7.72465436E-7	9.55937471E+1	-3.58831478E+2	3.71346466E+2	-1.31044022E+0
5.74878498E+2	1.29831271E+3	7.63879723E-7	9.38577853E+1	-3.36225236E+2	3.49079787E+2	-1.29857459E+0
6.16423370E+2	1.16887447E+3	7.54736246E-7	9.22214430E+1	-3.15103836E+2	3.28321835E+2	-1.28607779E+0
6.60970574E+2	1.05326847E+3	7.45073028E-7	9.06283932E+1	-2.95368377E+2	3.08959524E+2	-1.27308371E+0
7.08737081E+2	9.49606464E+2	7.34624000E-7	8.91611985E+1	-2.76980641E+2	2.90977662E+2	-1.25936712E+0
7.59955541E+2	8.56900094E+2	7.23561196E-7	8.77531086E+1	-2.59798004E+2	2.74218188E+2	-1.24505418E+0
8.14875417E+2	7.73917425E+2	7.11797686E-7	8.64221853E+1	-2.43751559E+2	2.58618675E+2	-1.23007357E+0
8.73764200E+2	6.99873782E+2	6.99273911E-7	8.51522581E+1	-2.28790111E+2	2.44122558E+2	-1.21449583E+0
9.36908711E+2	6.33643303E+2	6.86041918E-7	8.39423767E+1	-2.14809661E+2	2.30628521E+2	-1.19826722E+0
1.00461650E+3	5.74672426E+2	6.72034634E-7	8.27735403E+1	-2.01782568E+2	2.18100125E+2	-1.18151801E+0
1.07721735E+3	5.22092715E+2	6.57233257E-7	8.16551660E+1	-1.89641748E+2	2.06474114E+2	-1.16421233E+0
1.15506485E+3	4.75324828E+2	6.41626952E-7	8.05754648E+1	-1.78345472E+2	1.95702616E+2	-1.14645127E+0
1.23853818E+3	4.33573443E+2	6.25349351E-7	7.95264581E+1	-1.67797793E+2	1.85689411E+2	-1.12821140E+0
1.32804389E+3	3.96482018E+2	6.08394140E-7	7.84900428E+1	-1.57984811E+2	1.76408299E+2	-1.10969581E+0
1.42401793E+3	3.63399312E+2	5.90684966E-7	7.75057194E+1	-1.48856933E+2	1.67825872E+2	-1.09074777E+0
1.52692775E+3	3.34030321E+2	5.72467267E-7	7.65131923E+1	-1.40369001E+2	1.59867837E+2	-1.07173361E+0
1.63727458E+3	3.07888287E+2	5.53761268E-7	7.55305826E+1	-1.32476835E+2	1.52495839E+2	-1.05262077E+0
1.75559587E+3	2.84582988E+2	5.34626502E-7	7.45642153E+1	-1.25139459E+2	1.45669855E+2	-1.03343466E+0
1.88246790E+3	2.63816855E+2	5.15266610E-7	7.35862199E+1	-1.18314633E+2	1.39331563E+2	-1.01439063E+0
2.01850863E+3	2.45338218E+2	4.95679068E-7	7.26116873E+1	-1.11990911E+2	1.33470677E+2	-9.95566945E-1
2.16438064E+3	2.28859889E+2	4.76086962E-7	7.16188056E+1	-1.06119829E+2	1.28026058E+2	-9.77124860E-1
2.32079442E+3	2.14136140E+2	4.56566847E-7	7.06146898E+1	-1.00671357E+2	1.22968113E+2	-9.59106087E-1
2.48851178E+3	2.00952212E+2	4.37275938E-7	6.95887164E+1	-9.56107551E+1	1.18253990E+2	-9.41633322E-1
2.66834962E+3	1.89139566E+2	4.18307249E-7	6.85400896E+1	-9.09169871E+1	1.13857993E+2	-9.24819503E-1
2.86118383E+3	1.78516803E+2	3.99759394E-7	6.74688918E+1	-8.65579525E+1	1.09746666E+2	-9.08702765E-1
3.06795364E+3	1.68955909E+2	3.81708462E-7	6.63744760E+1	-8.25153841E+1	1.05897874E+2	-8.93384826E-1
3.28966612E+3	1.60291120E+2	3.64307811E-7	6.52421389E+1	-7.87476885E+1	1.02263069E+2	-8.78919715E-1
3.52740116E+3	1.52450881E+2	3.47559086E-7	6.40800061E+1	-7.52516175E+1	9.88385210E+1	-8.65407014E-1
3.78231664E+3	1.45285784E+2	3.31535339E-7	6.28852357E+1	-7.19845646E+1	9.55841544E+1	-8.52763575E-1
4.05565415E+3	1.38728607E+2	3.16264665E-7	6.16567692E+1	-6.89347524E+1	9.24854446E+1	-8.41071478E-1
4.34874501E+3	1.32688865E+2	3.01748494E-7	6.03990647E+1	-6.60774987E+1	8.95225283E+1	-8.30265156E-1
4.66301673E+3	1.27106252E+2	2.87998980E-7	5.91110631E+1	-6.33976935E+1	8.66797871E+1	-8.20374290E-1
5.00000000E+3	1.21951175E+2	2.75013920E-7	5.77926974E+1	-6.08924555E+1	8.39516954E+1	-8.11509716E-1
5.36133611E+3	1.17057598E+2	2.62729361E-7	5.64594816E+1	-5.84922054E+1	8.12958253E+1	-8.03079607E-1
5.74878498E+3	1.12472519E+2	2.51170913E-7	5.51005767E+1	-5.62247893E+1	7.87229355E+1	-7.95496258E-1
6.16423370E+3	1.08137576E+2	2.40248005E-7	5.37332225E+1	-5.40677451E+1	7.62271628E+1	-7.88501306E-1
6.60970574E+3	1.04015072E+2	2.29953849E-7	5.23549366E+1	-5.20063748E+1	7.37950029E+1	-7.82058221E-1
7.08737081E+3	1.00058279E+2	2.20212094E-7	5.09783336E+1	-5.00201328E+1	7.14199149E+1	-7.75911169E-1
7.59955541E+3	9.62709170E+1	2.11002896E-7	4.96034049E+1	-4.81130690E+1	6.91040175E+1	-7.70147710E-1
8.14875417E+3	9.26242476E+1	2.02275501E-7	4.82369893E+1	-4.62721038E+1	6.68424624E+1	-7.64610722E-1
8.73764200E+3	8.90896757E+1	1.93962136E-7	4.68895891E+1	-4.44830822E+1	6.46326406E+1	-7.59066976E-1
9.36908711E+3	8.56718884E+1	1.86015518E-7	4.55678622E+1	-4.27487385E+1	6.24810752E+1	-7.53488346E-1
1.00461650E+4	8.23614690E+1	1.78404034E-7	4.42747307E+1	-4.10643394E+1	6.03865201E+1	-7.47796656E-1
1.07721735E+4	7.91422788E+1	1.71105442E-7	4.30106666E+1	-3.94213731E+1	5.83434841E+1	-7.41883190E-1
1.15506485E+4	7.60222906E+1	1.64063600E-7	4.17850055E+1	-3.78233398E+1	5.63612613E+1	-7.35674729E-1
1.23853818E+4	7.29979941E+1	1.57269907E-7	4.05958690E+1	-3.62683375E+1	5.44372754E+1	-7.29156544E-1
1.32804389E+4	7.00535851E+1	1.50672298E-7	3.94505216E+1	-3.47463192E+1	5.25704330E+1	-7.22081263E-1
1.42401793E+4	6.72064015E+1	1.44260182E-7	3.83489351E+1	-3.32663950E+1	5.07670552E+1	-7.14546950E-1
1.52692775E+4	6.44569832E+1	1.37995844E-7	3.72965236E+1	-3.18275085E+1	4.90308191E+1	-7.06443742E-1
1.63727458E+4	6.17918376E+1	1.31901609E-7	3.62837683E+1	-3.04224994E+1	4.73501906E+1	-6.97756417E-1
1.75559587E+4	5.92214477E+1	1.25892305E-7	3.53278186E+1	-2.90535538E+1	4.57401819E+1	-6.88250310E-1
1.88246790E+4	5.67645804E+1	1.20066420E-7	3.44059063E+1	-2.77357160E+1	4.41931741E+1	-6.78469015E-1
2.01850863E+4	5.44141523E+1	1.14339630E-7	3.35342937E+1	-2.64611214E+1	4.27169759E+1	-6.68044616E-1
2.16438064E+4	5.21273917E+1	1.08706115E-7	3.27056027E+1	-2.52031927E+1	4.12899215E+1	-6.56560161E-1
2.32079442E+4	4.99599188E+1	1.03186352E-7	3.19213363E+1	-2.39961403E+1	3.99347849E+1	-6.44605659E-1
2.48851178E+4	4.78901465E+1	9.77836070E-8	3.11759860E+1	-2.28271493E+1	3.86396421E+1	-6.32013294E-1
2.66834962E+4	4.59130927E+1	9.24442627E-8	3.04790471E+1	-2.16890408E+1	3.74083833E+1	-6.18472154E-1
2.86118383E+4	4.40258266E+1	8.72273631E-8	2.98152800E+1	-2.05837605E+1	3.62304054E+1	-6.04237793E-1
3.06795364E+4	4.22414376E+1	8.21202845E-8	2.91897647E+1	-1.95185865E+1	3.51143505E+1	-5.89394551E-1
3.28966612E+4	4.05577528E+1	7.71197352E-8	2.86027429E+1	-1.84917818E+1	3.40596969E+1	-5.73913497E-1
3.52740116E+4	3.89499004E+1	7.22270031E-8	2.80465337E+1	-1.74871823E+1	3.30516212E+1	-5.57524242E-1
3.78231664E+4	3.74408647E+1	6.74585502E-8	2.75243605E+1	-1.65210571E+1	3.21019599E+1	-5.40591525E-1
4.05565415E+4	3.60205140E+1	6.28095797E-8	2.70347397E+1	-1.55861456E+1	3.12058518E+1	-5.22977989E-1
4.34874501E+4	3.46784541E+1	5.82906480E-8	2.65720249E+1	-1.46766526E+1	3.03558350E+1	-5.04633964E-1
4.66301673E+4	3.34225152E+1	5.38887707E-8	2.61427183E+1	-1.37954202E+1	2.95593536E+1	-4.85558513E-1
5.00000000E+4	3.22462991E+1	4.96536787E-8	2.57347736E+1	-1.29449832E+1	2.88071380E+1	-4.66056898E-1
5.36133611E+4	3.11432346E+1	4.55602121E-8	2.53515030E+1	-1.21173054E+1	2.80985374E+1	-4.45870330E-1
5.74878498E+4	3.01140345E+1	4.16145184E-8	2.49929979E+1	-1.13132686E+1	2.74342851E+1	-4.25061724E-1
6.16423370E+4	2.91587568E+1	3.78252156E-8	2.46589545E+1	-1.05337747E+1	2.68146314E+1	-4.03714395E-1
6.60970574E+4	2.82682432E+1	3.41947572E-8	2.43449592E+1	-9.77303345E+0	2.62333610E+1	-3.81746893E-1
7.08737081E+4	2.74423149E+1	3.07365517E-8	2.40493099E+1	-9.03323944E+0	2.56898566E+1	-3.59308205E-1
7.59955541E+4	2.66780210E+1	2.74433150E-8	2.37726944E+1	-8.31068149E+0	2.51834954E+1	-3.36308963E-1
8.14875417E+4	2.59699932E+1	2.43232016E-8	2.35107891E+1	-7.60380313E+0	2.47098165E+1	-3.12800012E-1
8.73764200E+4	2.53187654E+1	2.13626400E-8	2.32671917E+1	-6.90900516E+0	2.42713116E+1	-2.88648884E-1
9.36908711E+4	2.47232940E+1	1.85764077E-8	2.30392303E+1	-6.22892609E+0	2.38664129E+1	-2.64048951E-1
1.00461650E+5	2.41786706E+1	1.59525576E-8	2.28256364E+1	-5.55732489E+0	2.34924146E+1	-2.38822049E-1
1.07721735E+5	2.36799928E+1	1.34967929E-8	2.26214433E+1	-4.89345565E+0	2.31446670E+1	-2.13036865E-1
1.15506485E+5	2.32305900E+1	1.12068095E-8	2.24298644E+1	-4.23794300E+0	2.28267164E+1	-1.86740592E-1
1.23853818E+5	2.28290544E+1	9.07173955E-9	2.22511082E+1	-3.58607524E+0	2.25382288E+1	-1.59789899E-1
1.32804389E+5	2.24709757E+1	7.09269850E-9	2.20804315E+1	-2.93652305E+0	2.22748476E+1	-1.32216211E-1
1.42401793E+5	2.21581484E+1	5.26506483E-9	2.19193163E+1	-2.28801848E+0	2.20384088E+1	-1.04006999E-1
1.52692775E+5	2.18894825E+1	3.57618359E-9	2.17667100E+1	-1.63473142E+0	2.18280099E+1	-7.49616431E-2
1.63727458E+5	2.16665262E+1	2.03251002E-9	2.16221501E+1	-9.79540184E-1	2.16443268E+1	-4.52716715E-2
1.75559587E+5	2.14900527E+1	6.21348261E-10	2.14853910E+1	-3.16461137E-1	2.14877217E+1	-1.47280633E-2
1.88246790E+5	2.13872208E+1	-6.59309409E-10	2.13666188E+1	3.55840723E-1	2.13769147E+1	1.66587940E-2
2.01850863E+5	2.12760356E+1	-1.81685659E-9	2.12250208E+1	1.04056683E+0	2.12505129E+1	4.89862575E-2
2.16438064E+5	2.12447023E+1	-2.84989573E-9	2.11016470E+1	1.73743866E+0	2.11730538E+1	8.21513277E-2
2.32079442E+5	2.12444778E+1	-3.78282061E-9	2.09566848E+1	2.45584480E+0	2.11000907E+1	1.16654649E-1
2.48851178E+5	2.13277825E+1	-4.58827180E-9	2.08398895E+1	3.18867162E+0	2.10824247E+1	1.51830538E-1
2.66834962E+5	2.14722600E+1	-5.28876696E-9	2.07211132E+1	3.94518612E+0	2.10933432E+1	1.88142737E-1
2.86118383E+5	2.16881318E+1	-5.88282279E-9	2.06041493E+1	4.72594014E+0	2.11391936E+1	2.25468408E-1
3.06795364E+5	2.19820687E+1	-6.37842061E-9	2.04855932E+1	5.53680112E+0	2.12206436E+1	2.63970738E-1
3.28966612E+5	2.23636853E+1	-6.77605887E-9	2.03656487E+1	6.37896845E+0	2.13412968E+1	3.03542439E-1
3.52740116E+5	2.28450987E+1	-7.08283790E-9	2.02418214E+1	7.25912924E+0	2.15041018E+1	3.44333694E-1
3.78231664E+5	2.34317991E+1	-7.30399857E-9	2.01057491E+1	8.17756799E+0	2.17051574E+1	3.86292776E-1
4.05565415E+5	2.41442332E+1	-7.43457695E-9	1.99666356E+1	9.13303801E+0	2.19562992E+1	4.29003076E-1
4.34874501E+5	2.50183299E+1	-7.49110302E-9	1.98206068E+1	1.01499641E+1	2.22683279E+1	4.73273983E-1
4.66301673E+5	2.60542739E+1	-7.46395138E-9	1.96690835E+1	1.12067139E+1	2.26376586E+1	5.17889652E-1
5.00000000E+5	2.72789022E+1	-7.37605864E-9	1.94907927E+1	1.23205590E+1	2.30583468E+1	5.63704373E-1
