Start time:20240907_09-26-26	sweep/start:500.000	sweep/stop:500000.000	sweep/samplecount:100.000	sweep/xmapping:1.000	sweep/scan:0.000	sweep/averaging/sample:10.000	sweep/settling/time:0.100	sweep/settling/inaccuracy:0.010	sweep/awgcontrol:0.000	sweep/averaging/time:0.100	sweep/averaging/tc:15.000	sweep/bandwidthcontrol:2.000	sweep/sincfilter:0.000	sweep/omegasuppression:80.000	sweep/maxbandwidth:100.000	sweep/bandwidth:1250000.000	sweep/order:8.000	sweep/bandwidthoverlap:1.000																				
Frequency	Param0		Param1		RealZ		ImagZ		AbsZ		PhaseZ		
5.00000000E+2	1.58314240E+3	7.63803178E-7	1.02593612E+2	-3.89736808E+2	4.03013936E+2	-1.31339754E+0
5.36133611E+2	1.42718551E+3	7.55356329E-7	1.00592958E+2	-3.65302217E+2	3.78899280E+2	-1.30208695E+0
5.74878498E+2	1.28597203E+3	7.46384650E-7	9.87699615E+1	-3.42432048E+2	3.56391958E+2	-1.28998158E+0
6.16423370E+2	1.15956528E+3	7.36868262E-7	9.70196811E+1	-3.21072807E+2	3.35411051E+2	-1.27734672E+0
6.60970574E+2	1.04609183E+3	7.26812499E-7	9.53567515E+1	-3.01096207E+2	3.15835153E+2	-1.26409096E+0
7.08737081E+2	9.44624885E+2	7.16069729E-7	9.37763157E+1	-2.82470123E+2	2.97629594E+2	-1.25025828E+0
7.59955541E+2	8.53524189E+2	7.04583998E-7	9.23147431E+1	-2.65086419E+2	2.80700599E+2	-1.23568678E+0
8.14875417E+2	7.72200075E+2	6.92438948E-7	9.09018326E+1	-2.48859841E+2	2.64942198E+2	-1.22058040E+0
8.73764200E+2	6.99728320E+2	6.79560004E-7	8.95371691E+1	-2.33740787E+2	2.50303145E+2	-1.20497659E+0
9.36908711E+2	6.35011491E+2	6.65949581E-7	8.82295546E+1	-2.19641332E+2	2.36699748E+2	-1.18882674E+0
1.00461650E+3	5.77239177E+2	6.51624779E-7	8.69696731E+1	-2.06491082E+2	2.24058682E+2	-1.17216668E+0
1.07721735E+3	5.25730542E+2	6.36522023E-7	8.57631765E+1	-1.94249811E+2	2.12340089E+2	-1.15502532E+0
1.15506485E+3	4.79878526E+2	6.20775606E-7	8.45724923E+1	-1.82844215E+2	2.01455988E+2	-1.13756443E+0
1.23853818E+3	4.39091017E+2	6.04331621E-7	8.34106742E+1	-1.72242658E+2	1.91376264E+2	-1.11981773E+0
1.32804389E+3	4.02720512E+2	5.87357135E-7	8.22583808E+1	-1.62359765E+2	1.82008612E+2	-1.10184873E+0
1.42401793E+3	3.70339453E+2	5.69783288E-7	8.11330637E+1	-1.53180279E+2	1.73340048E+2	-1.08370527E+0
1.52692775E+3	3.41503773E+2	5.51783732E-7	8.00088145E+1	-1.44644045E+2	1.65297642E+2	-1.06554341E+0
1.63727458E+3	3.15806896E+2	5.33425488E-7	7.88873541E+1	-1.36711206E+2	1.57839061E+2	-1.04743293E+0
1.75559587E+3	2.92848713E+2	5.14840187E-7	7.77627643E+1	-1.29327789E+2	1.50906344E+2	-1.02943305E+0
1.88246790E+3	2.72385668E+2	4.96116276E-7	7.66255839E+1	-1.22475424E+2	1.44470447E+2	-1.01173657E+0
2.01850863E+3	2.54120408E+2	4.77355513E-7	7.54755883E+1	-1.16117708E+2	1.38491468E+2	-9.94426686E-1
2.16438064E+3	2.37772003E+2	4.58721475E-7	7.43009389E+1	-1.10209131E+2	1.32916073E+2	-9.77609286E-1
2.32079442E+3	2.23105266E+2	4.40261181E-7	7.31130860E+1	-1.04720535E+2	1.27718104E+2	-9.61297360E-1
2.48851178E+3	2.09939356E+2	4.22125477E-7	7.18960866E+1	-9.96231411E+1	1.22856899E+2	-9.45667340E-1
2.66834962E+3	1.98075100E+2	4.04410047E-7	7.06493715E+1	-9.48817530E+1	1.18295735E+2	-9.30757355E-1
2.86118383E+3	1.87347909E+2	3.87180754E-7	6.93752836E+1	-9.04675843E+1	1.14005763E+2	-9.16596641E-1
3.06795364E+3	1.77626821E+2	3.70518464E-7	6.80689903E+1	-8.63567617E+1	1.09958528E+2	-9.03273529E-1
3.28966612E+3	1.68789093E+2	3.54510126E-7	6.67226747E+1	-8.25235964E+1	1.06122851E+2	-8.90876706E-1
3.52740116E+3	1.60692231E+2	3.39119361E-7	6.53567271E+1	-7.89355191E+1	1.02480818E+2	-8.79228008E-1
3.78231664E+3	1.53272959E+2	3.24497911E-7	6.39407466E+1	-7.55775627E+1	9.89969051E+1	-8.68612646E-1
4.05565415E+3	1.46410033E+2	3.10561184E-7	6.25013436E+1	-7.24182683E+1	9.56599375E+1	-8.58768691E-1
4.34874501E+3	1.40046979E+2	2.97262428E-7	6.10507654E+1	-6.94462302E+1	9.24660750E+1	-8.49644168E-1
4.66301673E+3	1.34108067E+2	2.84687237E-7	5.95708412E+1	-6.66351628E+1	8.93808155E+1	-8.41314339E-1
5.00000000E+3	1.28517409E+2	2.72744801E-7	5.80829427E+1	-6.39612449E+1	8.63983170E+1	-8.33526329E-1
5.36133611E+3	1.23276359E+2	2.61502821E-7	5.65673848E+1	-6.14292440E+1	8.35070125E+1	-8.26578244E-1
5.74878498E+3	1.18290824E+2	2.50848132E-7	5.50503031E+1	-5.90034722E+1	8.06966274E+1	-8.20044865E-1
6.16423370E+3	1.13539182E+2	2.40722512E-7	5.35415700E+1	-5.66777394E+1	7.79683650E+1	-8.13844392E-1
6.60970574E+3	1.09003701E+2	2.31131067E-7	5.20361037E+1	-5.44460437E+1	7.53135301E+1	-8.08026636E-1
7.08737081E+3	1.04638994E+2	2.21989086E-7	5.05504415E+1	-5.22895790E+1	7.27292738E+1	-8.02307648E-1
7.59955541E+3	1.00438105E+2	2.13295534E-7	4.90804499E+1	-5.02061422E+1	7.02107351E+1	-7.96735482E-1
8.14875417E+3	9.63916812E+1	2.04991312E-7	4.76358754E+1	-4.81925860E+1	6.77620989E+1	-7.91207547E-1
8.73764200E+3	9.24628713E+1	1.97018241E-7	4.62263336E+1	-4.62314339E+1	6.53775150E+1	-7.85453327E-1
9.36908711E+3	8.86810899E+1	1.89357152E-7	4.48520445E+1	-4.43375933E+1	6.30676472E+1	-7.79630164E-1
1.00461650E+4	8.50159051E+1	1.81950384E-7	4.35224300E+1	-4.24958446E+1	6.08284370E+1	-7.73464224E-1
1.07721735E+4	8.14613018E+1	1.74793975E-7	4.22341966E+1	-4.07028894E+1	5.86553715E+1	-7.66936782E-1
1.15506485E+4	7.80227988E+1	1.67850800E-7	4.09920728E+1	-3.89610850E+1	5.65536578E+1	-7.60001404E-1
1.23853818E+4	7.46985469E+1	1.61079692E-7	3.98017053E+1	-3.72686685E+1	5.45264108E+1	-7.52543439E-1
1.32804389E+4	7.14892752E+1	1.54483415E-7	3.86587464E+1	-3.56256505E+1	5.25707686E+1	-7.44589968E-1
1.42401793E+4	6.83895960E+1	1.48018539E-7	3.75693289E+1	-3.40278801E+1	5.06887677E+1	-7.35974941E-1
1.52692775E+4	6.54119078E+1	1.41694993E-7	3.65283969E+1	-3.24818088E+1	4.88814068E+1	-7.26827694E-1
1.63727458E+4	6.25426539E+1	1.35478817E-7	3.55396741E+1	-3.09786471E+1	4.71459999E+1	-7.16937307E-1
1.75559587E+4	5.98134941E+1	1.29323667E-7	3.46132278E+1	-2.95340817E+1	4.55009655E+1	-7.06383594E-1
1.88246790E+4	5.71828592E+1	1.23304555E-7	3.37260065E+1	-2.81265963E+1	4.39152508E+1	-6.95116000E-1
2.01850863E+4	5.46615105E+1	1.17398472E-7	3.28814168E+1	-2.67611636E+1	4.23951380E+1	-6.83140530E-1
2.16438064E+4	5.22639690E+1	1.11585113E-7	3.20836478E+1	-2.54451952E+1	4.09489760E+1	-6.70512818E-1
2.32079442E+4	4.99763581E+1	1.05876094E-7	3.13266496E+1	-2.41708925E+1	3.95675567E+1	-6.57167430E-1
2.48851178E+4	4.78203161E+1	1.00250996E-7	3.06172110E+1	-2.29501626E+1	3.82638772E+1	-6.43234689E-1
2.66834962E+4	4.57658458E+1	9.47355329E-8	2.99438408E+1	-2.17662819E+1	3.70189817E+1	-6.28554818E-1
2.86118383E+4	4.38274665E+1	8.92544398E-8	2.93250054E+1	-2.06224297E+1	3.58502531E+1	-6.12895185E-1
3.06795364E+4	4.19936535E+1	8.39246360E-8	2.87325879E+1	-1.95198516E+1	3.47359511E+1	-5.96740804E-1
3.28966612E+4	4.02582591E+1	7.86849462E-8	2.81781830E+1	-1.84497824E+1	3.36809227E+1	-5.79710095E-1
3.52740116E+4	3.86330425E+1	7.35719017E-8	2.76575314E+1	-1.74228412E+1	3.26878348E+1	-5.62150418E-1
3.78231664E+4	3.71116224E+1	6.86013568E-8	2.71667617E+1	-1.64368338E+1	3.17522056E+1	-5.44113300E-1
4.05565415E+4	3.56709883E+1	6.37404581E-8	2.67059784E+1	-1.54731778E+1	3.08646823E+1	-5.25127263E-1
4.34874501E+4	3.43294498E+1	5.90211966E-8	2.62757892E+1	-1.45470329E+1	3.00338702E+1	-5.05624930E-1
4.66301673E+4	3.30803700E+1	5.44584311E-8	2.58725494E+1	-1.36559378E+1	2.92553156E+1	-4.85651747E-1
5.00000000E+4	3.19098485E+1	5.00578067E-8	2.54907322E+1	-1.27917133E+1	2.85202629E+1	-4.65101112E-1
5.36133611E+4	3.08233634E+1	4.57942279E-8	2.51394960E+1	-1.19536417E+1	2.78367351E+1	-4.43850088E-1
5.74878498E+4	2.98126153E+1	4.17273944E-8	2.48043970E+1	-1.11456638E+1	2.71934541E+1	-4.22306816E-1
6.16423370E+4	2.88736276E+1	3.78129148E-8	2.44937990E+1	-1.03575398E+1	2.65936990E+1	-4.00059837E-1
6.60970574E+4	2.80060986E+1	3.40896821E-8	2.42014350E+1	-9.59574437E+0	2.60343576E+1	-3.77481049E-1
7.08737081E+4	2.72028775E+1	3.05436063E-8	2.39272585E+1	-8.85305397E+0	2.55125514E+1	-3.54378758E-1
7.59955541E+4	2.64624028E+1	2.71810768E-8	2.36702975E+1	-8.12957231E+0	2.50274438E+1	-3.30828079E-1
8.14875417E+4	2.57816167E+1	2.40009521E-8	2.34298757E+1	-7.42300376E+0	2.45776336E+1	-3.06813753E-1
8.73764200E+4	2.51557324E+1	2.10085587E-8	2.32025182E+1	-6.73197444E+0	2.41593944E+1	-2.82386389E-1
9.36908711E+4	2.45839239E+1	1.81947880E-8	2.29899240E+1	-6.05358802E+0	2.37735682E+1	-2.57470488E-1
1.00461650E+5	2.40622572E+1	1.55567216E-8	2.27898924E+1	-5.38489064E+0	2.34174348E+1	-2.32028568E-1
1.07721735E+5	2.35903855E+1	1.30976138E-8	2.26019095E+1	-4.72667282E+0	2.30908587E+1	-2.06156062E-1
1.15506485E+5	2.31653981E+1	1.08105095E-8	2.24246507E+1	-4.07565912E+0	2.27920153E+1	-1.79786586E-1
1.23853818E+5	2.27861063E+1	8.68672617E-9	2.22580046E+1	-3.42848087E+0	2.25205075E+1	-1.52832449E-1
1.32804389E+5	2.24511668E+1	6.72910643E-9	2.20999462E+1	-2.78599178E+0	2.22748642E+1	-1.25401754E-1
1.42401793E+5	2.21571189E+1	4.91665571E-9	2.19485910E+1	-2.13936559E+0	2.20526085E+1	-9.71647289E-2
1.52692775E+5	2.19083532E+1	3.26155256E-9	2.18058731E+1	-1.49487840E+0	2.18570531E+1	-6.84468499E-2
1.63727458E+5	2.17031353E+1	1.74648655E-9	2.16701859E+1	-8.44990544E-1	2.16866543E+1	-3.89734804E-2
1.75559587E+5	2.15419568E+1	3.66349843E-10	2.15403239E+1	-1.87515985E-1	2.15411403E+1	-8.70512174E-3
1.88246790E+5	2.14456647E+1	-8.83268536E-10	2.14207777E+1	4.79497378E-1	2.14332135E+1	2.23836534E-2
2.01850863E+5	2.13578296E+1	-1.99995152E-9	2.12953324E+1	1.15364300E+0	2.13265581E+1	5.41206150E-2
2.16438064E+5	2.13394544E+1	-3.00110857E-9	2.11788121E+1	1.84450613E+0	2.12589815E+1	8.68728480E-2
2.32079442E+5	2.13734374E+1	-3.88761554E-9	2.10641982E+1	2.55222584E+0	2.12182544E+1	1.20576405E-1
2.48851178E+5	2.14632373E+1	-4.66597848E-9	2.09495595E+1	3.28044267E+0	2.12048430E+1	1.55326338E-1
2.66834962E+5	2.16174487E+1	-5.33503608E-9	2.08383486E+1	4.02927962E+0	2.12243240E+1	1.91001818E-1
2.86118383E+5	2.18390707E+1	-5.90643539E-9	2.07246283E+1	4.80586956E+0	2.12745534E+1	2.27864310E-1
3.06795364E+5	2.21360567E+1	-6.38135877E-9	2.06080630E+1	5.61150393E+0	2.13584000E+1	2.65851065E-1
3.28966612E+5	2.25251106E+1	-6.76486548E-9	2.04922571E+1	6.45427358E+0	2.14846538E+1	3.05125904E-1
3.52740116E+5	2.29992493E+1	-7.05147941E-9	2.03677633E+1	7.32102520E+0	2.16435501E+1	3.45061320E-1
3.78231664E+5	2.35884957E+1	-7.25680716E-9	2.02391514E+1	8.23333569E+0	2.18497397E+1	3.86356708E-1
4.05565415E+5	2.43105348E+1	-7.37584266E-9	2.01115794E+1	9.18952281E+0	2.21116078E+1	4.28599435E-1
4.34874501E+5	2.51590162E+1	-7.42950582E-9	1.99539649E+1	1.01912256E+1	2.24058487E+1	4.72200129E-1
4.66301673E+5	2.61842906E+1	-7.40396330E-9	1.97971406E+1	1.12448660E+1	2.27678284E+1	5.16561001E-1
5.00000000E+5	2.74069320E+1	-7.31231552E-9	1.96268795E+1	1.23570914E+1	2.31929391E+1	5.61900660E-1
