Start time:20240908_17-00-25	sweep/start:500.000	sweep/stop:500000.000	sweep/samplecount:100.000	sweep/xmapping:1.000	sweep/scan:0.000	sweep/averaging/sample:10.000	sweep/settling/time:0.100	sweep/settling/inaccuracy:0.010	sweep/awgcontrol:0.000	sweep/averaging/time:0.100	sweep/averaging/tc:15.000	sweep/bandwidthcontrol:2.000	sweep/sincfilter:0.000	sweep/omegasuppression:80.000	sweep/maxbandwidth:100.000	sweep/bandwidth:1250000.000	sweep/order:8.000	sweep/bandwidthoverlap:1.000																				
Frequency	Param0		Param1		RealZ		ImagZ		AbsZ		PhaseZ		
5.00000000E+2	1.46892159E+3	8.22709606E-7	9.52967594E+1	-3.61803774E+2	3.74143615E+2	-1.31325229E+0
5.36133611E+2	1.32047804E+3	8.13733081E-7	9.36388041E+1	-3.38939019E+2	3.51636021E+2	-1.30124946E+0
5.74878498E+2	1.18623663E+3	8.04128075E-7	9.21600973E+1	-3.17537653E+2	3.30641268E+2	-1.28832345E+0
6.16423370E+2	1.06682768E+3	7.93954725E-7	9.07003169E+1	-2.97548309E+2	3.11065185E+2	-1.27491836E+0
6.60970574E+2	9.59860417E+2	7.83001698E-7	8.93526430E+1	-2.78894422E+2	2.92858327E+2	-1.26074728E+0
7.08737081E+2	8.64199339E+2	7.71347248E-7	8.80788498E+1	-2.61456968E+2	2.75894246E+2	-1.24585981E+0
7.59955541E+2	7.79428413E+2	7.58886104E-7	8.68246898E+1	-2.45224529E+2	2.60141500E+2	-1.23050738E+0
8.14875417E+2	7.03620906E+2	7.45633849E-7	8.56448007E+1	-2.30057403E+2	2.45482066E+2	-1.21441615E+0
8.73764200E+2	6.35984489E+2	7.31456696E-7	8.45435714E+1	-2.15918423E+2	2.31880106E+2	-1.19759273E+0
9.36908711E+2	5.75860242E+2	7.16586856E-7	8.34458408E+1	-2.02706488E+2	2.19210243E+2	-1.18028013E+0
1.00461650E+3	5.22317182E+2	7.00751694E-7	8.24138264E+1	-1.90405117E+2	2.07475659E+2	-1.16230889E+0
1.07721735E+3	4.74702741E+2	6.84126663E-7	8.14030636E+1	-1.78929583E+2	1.96576334E+2	-1.14383801E+0
1.15506485E+3	4.32388883E+2	6.66630495E-7	8.04272956E+1	-1.68247770E+2	1.86482876E+2	-1.12487959E+0
1.23853818E+3	3.94799867E+2	6.48276913E-7	7.94858285E+1	-1.58312963E+2	1.77146809E+2	-1.10548582E+0
1.32804389E+3	3.61333950E+2	6.29256507E-7	7.85572236E+1	-1.49044130E+2	1.68479644E+2	-1.08572517E+0
1.42401793E+3	3.31618994E+2	6.09538554E-7	7.76455430E+1	-1.40427581E+2	1.60464127E+2	-1.06571227E+0
1.52692775E+3	3.05210957E+2	5.89241509E-7	7.67433869E+1	-1.32413647E+2	1.53045489E+2	-1.04553204E+0
1.63727458E+3	2.81746766E+2	5.68437178E-7	7.58510654E+1	-1.24969625E+2	1.46187522E+2	-1.02527780E+0
1.75559587E+3	2.60840288E+2	5.47296655E-7	7.49600004E+1	-1.18040609E+2	1.39830566E+2	-1.00501286E+0
1.88246790E+3	2.42257604E+2	5.25873346E-7	7.40723207E+1	-1.11614843E+2	1.33957390E+2	-9.84890509E-1
2.01850863E+3	2.25718139E+2	5.04337709E-7	7.31787802E+1	-1.05653413E+2	1.28521507E+2	-9.65033456E-1
2.16438064E+3	2.10965714E+2	4.82872413E-7	7.22688428E+1	-1.00117239E+2	1.23475696E+2	-9.45561115E-1
2.32079442E+3	1.97795698E+2	4.61546545E-7	7.13512937E+1	-9.49840585E+1	1.18798058E+2	-9.26532580E-1
2.48851178E+3	1.86023753E+2	4.40547380E-7	7.04114084E+1	-9.02243178E+1	1.14447342E+2	-9.08118971E-1
2.66834962E+3	1.75476860E+2	4.19984373E-7	6.94492748E+1	-8.58110628E+1	1.10393571E+2	-8.90393557E-1
2.86118383E+3	1.66018679E+2	3.99986630E-7	6.84574900E+1	-8.17238866E+1	1.06607794E+2	-8.73505297E-1
3.06795364E+3	1.57486968E+2	3.80594676E-7	6.74470646E+1	-7.79289848E+1	1.03063250E+2	-8.57375723E-1
3.28966612E+3	1.49771558E+2	3.61978942E-7	6.63966937E+1	-7.44030585E+1	9.97212923E+1	-8.42200481E-1
3.52740116E+3	1.42790153E+2	3.44107829E-7	6.53227066E+1	-7.11363694E+1	9.65786683E+1	-8.27976120E-1
3.78231664E+3	1.36409114E+2	3.27107267E-7	6.42089465E+1	-6.80874174E+1	9.35878482E+1	-8.14706303E-1
4.05565415E+3	1.30572910E+2	3.10946344E-7	6.30655727E+1	-6.52486669E+1	9.07450007E+1	-8.02410174E-1
4.34874501E+3	1.25197306E+2	2.95673888E-7	6.18849430E+1	-6.25945799E+1	8.80217465E+1	-7.91098940E-1
4.66301673E+3	1.20232031E+2	2.81228206E-7	6.06799454E+1	-6.01133680E+1	8.54147114E+1	-7.80707725E-1
5.00000000E+3	1.15594932E+2	2.67679213E-7	5.94335149E+1	-5.77743025E+1	8.28867477E+1	-7.71242948E-1
5.36133611E+3	1.11268663E+2	2.54866093E-7	5.81769578E+1	-5.55761976E+1	8.04566483E+1	-7.62538951E-1
5.74878498E+3	1.07182088E+2	2.42851062E-7	5.68916864E+1	-5.34893042E+1	7.80882173E+1	-7.54583937E-1
6.16423370E+3	1.03316782E+2	2.31553903E-7	5.55900949E+1	-5.15085524E+1	7.57851547E+1	-7.47306477E-1
6.60970574E+3	9.96346777E+1	2.20931611E-7	5.42755335E+1	-4.96174533E+1	7.35372372E+1	-7.40592802E-1
7.08737081E+3	9.61156106E+1	2.10908647E-7	5.29590482E+1	-4.78072210E+1	7.13455760E+1	-7.34316136E-1
7.59955541E+3	9.27330254E+1	2.01476750E-7	5.16361552E+1	-4.60660856E+1	6.91980985E+1	-7.28449144E-1
8.14875417E+3	8.94681312E+1	1.92533827E-7	5.03239247E+1	-4.43834426E+1	6.70998319E+1	-7.22755626E-1
8.73764200E+3	8.63203358E+1	1.84069464E-7	4.90200714E+1	-4.27605138E+1	6.50494349E+1	-7.17302288E-1
9.36908711E+3	8.32638395E+1	1.76030972E-7	4.77302511E+1	-4.11828484E+1	6.30412875E+1	-7.11892607E-1
1.00461650E+4	8.03010883E+1	1.68355135E-7	4.64649216E+1	-3.96509112E+1	6.10834162E+1	-7.06436577E-1
1.07721735E+4	7.74182116E+1	1.61019010E-7	4.52240792E+1	-3.81569118E+1	5.91706625E+1	-7.00842716E-1
1.15506485E+4	7.46271980E+1	1.53997096E-7	4.40109258E+1	-3.67076342E+1	5.73097901E+1	-6.95165388E-1
1.23853818E+4	7.19113237E+1	1.47246715E-7	4.28300702E+1	-3.52923792E+1	5.54974504E+1	-6.89210318E-1
1.32804389E+4	6.92792261E+1	1.40749054E-7	4.16833476E+1	-3.39159037E+1	5.37381618E+1	-6.83012442E-1
1.42401793E+4	6.67168898E+1	1.34452747E-7	4.05778128E+1	-3.25678747E+1	5.20310044E+1	-6.76326125E-1
1.52692775E+4	6.42336763E+1	1.28370177E-7	3.95084426E+1	-3.12546834E+1	5.03763081E+1	-6.69283571E-1
1.63727458E+4	6.18229002E+1	1.22478611E-7	3.84765694E+1	-2.99714162E+1	4.87722540E+1	-6.61774597E-1
1.75559587E+4	5.95133737E+1	1.16774793E-7	3.74846240E+1	-2.87356583E+1	4.72317260E+1	-6.54039711E-1
1.88246790E+4	5.72547993E+1	1.11184656E-7	3.65395064E+1	-2.75122921E+1	4.57390640E+1	-6.45384183E-1
2.01850863E+4	5.50906062E+1	1.05805324E-7	3.56227400E+1	-2.63343567E+1	4.42998668E+1	-6.36590017E-1
2.16438064E+4	5.30139277E+1	1.00531075E-7	3.47563844E+1	-2.51905896E+1	4.29251944E+1	-6.27161264E-1
2.32079442E+4	5.09834477E+1	9.53886776E-8	3.39232831E+1	-2.40569353E+1	4.15875668E+1	-6.16845211E-1
2.48851178E+4	4.90560784E+1	9.03683351E-8	3.31356830E+1	-2.29680568E+1	4.03175664E+1	-6.06114997E-1
2.66834962E+4	4.72061041E+1	8.55041810E-8	3.23784508E+1	-2.19110960E+1	3.90955294E+1	-5.94929268E-1
2.86118383E+4	4.54135025E+1	8.07434241E-8	3.16570567E+1	-2.08683556E+1	3.79164572E+1	-5.82816078E-1
3.06795364E+4	4.37190597E+1	7.61021332E-8	3.09771585E+1	-1.98672545E+1	3.68007094E+1	-5.70271556E-1
3.28966612E+4	4.20911316E+1	7.16079478E-8	3.03223803E+1	-1.88906443E+1	3.57253869E+1	-5.57155101E-1
3.52740116E+4	4.05410062E+1	6.71948523E-8	2.97106506E+1	-1.79381363E+1	3.47059019E+1	-5.43180474E-1
3.78231664E+4	3.90663138E+1	6.29224139E-8	2.91264786E+1	-1.70150594E+1	3.37322414E+1	-5.28704735E-1
4.05565415E+4	3.76633806E+1	5.87392153E-8	2.85801397E+1	-1.61121127E+1	3.28089111E+1	-5.13340087E-1
4.34874501E+4	3.63286495E+1	5.47137659E-8	2.80536373E+1	-1.52362756E+1	3.19241403E+1	-4.97539777E-1
4.66301673E+4	3.50660659E+1	5.07847819E-8	2.75626906E+1	-1.43809994E+1	3.10888261E+1	-4.80900538E-1
5.00000000E+4	3.38746847E+1	4.69898535E-8	2.70982682E+1	-1.35509815E+1	3.02976118E+1	-4.63702139E-1
5.36133611E+4	3.27497818E+1	4.33264093E-8	2.66590127E+1	-1.27426005E+1	2.95478737E+1	-4.45880775E-1
5.74878498E+4	3.16874925E+1	3.97886173E-8	2.62444387E+1	-1.19519821E+1	2.88378302E+1	-4.27343839E-1
6.16423370E+4	3.06902471E+1	3.63834641E-8	2.58545055E+1	-1.11814887E+1	2.81687976E+1	-4.08186963E-1
6.60970574E+4	2.97535898E+1	3.31172147E-8	2.54857526E+1	-1.04292393E+1	2.75371136E+1	-3.88427938E-1
7.08737081E+4	2.88758864E+1	2.99759692E-8	2.51406077E+1	-9.69057076E+0	2.69435953E+1	-3.67904966E-1
7.59955541E+4	2.80550661E+1	2.69859426E-8	2.48123965E+1	-8.96985991E+0	2.63839615E+1	-3.46889209E-1
8.14875417E+4	2.72919358E+1	2.41282085E-8	2.45062167E+1	-8.26241042E+0	2.58615950E+1	-3.25186723E-1
8.73764200E+4	2.65801000E+1	2.14079578E-8	2.42167506E+1	-7.56522467E+0	2.53709214E+1	-3.02790440E-1
9.36908711E+4	2.59185398E+1	1.88346806E-8	2.39413826E+1	-6.88010653E+0	2.49103528E+1	-2.79832496E-1
1.00461650E+5	2.53092716E+1	1.63984409E-8	2.36838110E+1	-6.20460265E+0	2.44830555E+1	-2.56218540E-1
1.07721735E+5	2.47455414E+1	1.40908718E-8	2.34399908E+1	-5.53191474E+0	2.40839212E+1	-2.31762517E-1
1.15506485E+5	2.42305244E+1	1.19220487E-8	2.32103336E+1	-4.86610341E+0	2.37149437E+1	-2.06659302E-1
1.23853818E+5	2.37607421E+1	9.88847160E-9	2.29920803E+1	-4.20394189E+0	2.33732516E+1	-1.80845384E-1
1.32804389E+5	2.33391322E+1	7.98445313E-9	2.27881246E+1	-3.54348602E+0	2.30619828E+1	-1.54261632E-1
1.42401793E+5	2.29587792E+1	6.21045147E-9	2.25910972E+1	-2.88207056E+0	2.27741962E+1	-1.26890064E-1
1.52692775E+5	2.26243145E+1	4.55832280E-9	2.24049820E+1	-2.21678438E+0	2.25143812E+1	-9.86206051E-2
1.63727458E+5	2.23365720E+1	3.03194181E-9	2.22286791E+1	-1.54864704E+0	2.22825602E+1	-6.95564804E-2
1.75559587E+5	2.20953460E+1	1.62007994E-9	2.20609496E+1	-8.71095794E-1	2.20781411E+1	-3.94653657E-2
1.88246790E+5	2.19342835E+1	2.98522595E-10	2.19131759E+1	-1.69373938E-1	2.19237252E+1	-7.73339560E-3
2.01850863E+5	2.17562332E+1	-8.55507906E-10	2.17441164E+1	5.13286590E-1	2.17501739E+1	2.36013873E-2
2.16438064E+5	2.16634538E+1	-1.92486643E-9	2.15940117E+1	1.22454618E+0	2.16287049E+1	5.66470024E-2
2.32079442E+5	2.16273386E+1	-2.88869509E-9	2.14493231E+1	1.95404660E+0	2.15381469E+1	9.08498401E-2
2.48851178E+5	2.16502208E+1	-3.74710916E-9	2.13073837E+1	2.70276535E+0	2.14781182E+1	1.26172595E-1
2.66834962E+5	2.17384705E+1	-4.50533090E-9	2.11677379E+1	3.47578123E+0	2.14512061E+1	1.62749534E-1
2.86118383E+5	2.18966557E+1	-5.16422859E-9	2.10276763E+1	4.27464536E+0	2.14577675E+1	2.00553777E-1
3.06795364E+5	2.21344194E+1	-5.72460491E-9	2.08882230E+1	5.10203872E+0	2.15022949E+1	2.39563709E-1
3.28966612E+5	2.24638627E+1	-6.18502043E-9	2.07523419E+1	5.95969594E+0	2.15911498E+1	2.79655993E-1
3.52740116E+5	2.28846866E+1	-6.55665296E-9	2.06058399E+1	6.85254748E+0	2.17153903E+1	3.21048701E-1
3.78231664E+5	2.34212915E+1	-6.83971369E-9	2.04564355E+1	7.78782829E+0	2.18887214E+1	3.63761249E-1
4.05565415E+5	2.40816069E+1	-7.03775551E-9	2.02960233E+1	8.76539034E+0	2.21079357E+1	4.07681272E-1
4.34874501E+5	2.49017836E+1	-7.14411459E-9	2.01423435E+1	9.79112468E+0	2.23959873E+1	4.52463143E-1
4.66301673E+5	2.58754686E+1	-7.17549867E-9	1.99668691E+1	1.08616789E+1	2.27299814E+1	4.98213517E-1
5.00000000E+5	2.70555871E+1	-7.13655596E-9	1.97781641E+1	1.19972374E+1	2.31324392E+1	5.45251024E-1
