Start time:20240905_10-58-30	sweep/start:500.000	sweep/stop:500000.000	sweep/samplecount:100.000	sweep/xmapping:1.000	sweep/scan:0.000	sweep/averaging/sample:10.000	sweep/settling/time:0.100	sweep/settling/inaccuracy:0.010	sweep/awgcontrol:0.000	sweep/averaging/time:0.100	sweep/averaging/tc:15.000	sweep/bandwidthcontrol:2.000	sweep/sincfilter:0.000	sweep/omegasuppression:80.000	sweep/maxbandwidth:100.000	sweep/bandwidth:1250000.000	sweep/order:8.000	sweep/bandwidthoverlap:1.000																				
Frequency	Param0		Param1		RealZ		ImagZ		AbsZ		PhaseZ		
5.00000000E+2	1.49413166E+3	7.47411583E-7	1.12270929E+2	-3.93881619E+2	4.09569891E+2	-1.29312272E+0
5.36133611E+2	1.34820936E+3	7.37850292E-7	1.10243258E+2	-3.69428360E+2	3.85526780E+2	-1.28079356E+0
5.74878498E+2	1.21686963E+3	7.27913840E-7	1.08294348E+2	-3.46485546E+2	3.63015038E+2	-1.26786515E+0
6.16423370E+2	1.09907300E+3	7.17363418E-7	1.06447647E+2	-3.25057815E+2	3.42043403E+2	-1.25432934E+0
6.60970574E+2	9.94030884E+2	7.06031340E-7	1.04688170E+2	-3.05128856E+2	3.22588339E+2	-1.24028620E+0
7.08737081E+2	8.99856981E+2	6.94062525E-7	1.03014508E+2	-2.86507067E+2	3.04463943E+2	-1.22563641E+0
7.59955541E+2	8.15886559E+2	6.81433060E-7	1.01382469E+2	-2.69143347E+2	2.87604854E+2	-1.21054856E+0
8.14875417E+2	7.40692153E+2	6.68057612E-7	9.98415913E+1	-2.52949577E+2	2.71940874E+2	-1.19485907E+0
8.73764200E+2	6.73776313E+2	6.53942075E-7	9.83417205E+1	-2.37884865E+2	2.57410772E+2	-1.17879145E+0
9.36908711E+2	6.13990932E+2	6.39222051E-7	9.68739881E+1	-2.23819491E+2	2.43884679E+2	-1.16231913E+0
1.00461650E+3	5.60772508E+2	6.23813321E-7	9.54381708E+1	-2.10738334E+2	2.31341937E+2	-1.14555394E+0
1.07721735E+3	5.13141332E+2	6.07777887E-7	9.40534889E+1	-1.98536309E+2	2.19687793E+2	-1.12838107E+0
1.15506485E+3	4.70798053E+2	5.91114035E-7	9.26897867E+1	-1.87207821E+2	2.08897501E+2	-1.11106269E+0
1.23853818E+3	4.32959896E+2	5.74032103E-7	9.13293694E+1	-1.76637756E+2	1.98851581E+2	-1.09360722E+0
1.32804389E+3	3.99278147E+2	5.56465891E-7	8.99829830E+1	-1.66827153E+2	1.89547452E+2	-1.07614436E+0
1.42401793E+3	3.69217750E+2	5.38593752E-7	8.86314819E+1	-1.57698365E+2	1.80898631E+2	-1.05876267E+0
1.52692775E+3	3.42403366E+2	5.20454127E-7	8.72796760E+1	-1.49221686E+2	1.72872363E+2	-1.04155420E+0
1.63727458E+3	3.18391924E+2	5.02231121E-7	8.59116446E+1	-1.41325021E+2	1.65389156E+2	-1.02458740E+0
1.75559587E+3	2.96892138E+2	4.83980292E-7	8.45306467E+1	-1.33981540E+2	1.58418697E+2	-1.00795652E+0
1.88246790E+3	2.77648163E+2	4.65765510E-7	8.31384800E+1	-1.27166185E+2	1.51931714E+2	-9.91769659E-1
2.01850863E+3	2.60370369E+2	4.47755804E-7	8.17185861E+1	-1.20827025E+2	1.45866712E+2	-9.76135551E-1
2.16438064E+3	2.44813768E+2	4.29999576E-7	8.02816068E+1	-1.14930002E+2	1.40192875E+2	-9.61060237E-1
2.32079442E+3	2.30776373E+2	4.12656685E-7	7.88067305E+1	-1.09435964E+2	1.34858189E+2	-9.46696022E-1
2.48851178E+3	2.18086817E+2	3.95757886E-7	7.73029158E+1	-1.04321645E+2	1.29841236E+2	-9.33076574E-1
2.66834962E+3	2.06551233E+2	3.79402147E-7	7.57642325E+1	-9.95438402E+1	1.25096744E+2	-9.20219977E-1
2.86118383E+3	1.96047497E+2	3.63565923E-7	7.42076989E+1	-9.50865395E+1	1.20616056E+2	-9.08107240E-1
3.06795364E+3	1.86421056E+2	3.48395812E-7	7.26094822E+1	-9.09054384E+1	1.16344041E+2	-8.96826354E-1
3.28966612E+3	1.77598118E+2	3.33843258E-7	7.09868396E+1	-8.69942360E+1	1.12281471E+2	-8.86378302E-1
3.52740116E+3	1.69440188E+2	3.19945549E-7	6.93396816E+1	-8.33122858E+1	1.08392474E+2	-8.76676233E-1
3.78231664E+3	1.61880436E+2	3.06711640E-7	6.76680133E+1	-7.98446441E+1	1.04661967E+2	-8.67757785E-1
4.05565415E+3	1.54811667E+2	2.94164674E-7	6.59700205E+1	-7.65564155E+1	1.01059035E+2	-8.59538726E-1
4.34874501E+3	1.48202067E+2	2.82178684E-7	6.42762915E+1	-7.34468338E+1	9.76006103E+1	-8.51886814E-1
4.66301673E+3	1.41972238E+2	2.70840686E-7	6.25650232E+1	-7.04848491E+1	9.42469957E+1	-8.44853251E-1
5.00000000E+3	1.36040750E+2	2.60075599E-7	6.08551768E+1	-6.76419325E+1	9.09878218E+1	-8.38165537E-1
5.36133611E+3	1.30471002E+2	2.49808186E-7	5.91586037E+1	-6.49518421E+1	8.78548931E+1	-8.32042396E-1
5.74878498E+3	1.25133474E+2	2.40069725E-7	5.74685284E+1	-6.23586777E+1	8.48011587E+1	-8.26185538E-1
6.16423370E+3	1.20015759E+2	2.30803011E-7	5.57951875E+1	-5.98598248E+1	8.18309335E+1	-8.20528199E-1
6.60970574E+3	1.15100861E+2	2.21943400E-7	5.41510418E+1	-5.74499439E+1	7.89482834E+1	-8.14949351E-1
7.08737081E+3	1.10383370E+2	2.13457397E-7	5.25402380E+1	-5.51279580E+1	7.61548977E+1	-8.09427747E-1
7.59955541E+3	1.05821438E+2	2.05337149E-7	5.09611726E+1	-5.28747890E+1	7.34355807E+1	-8.03825298E-1
8.14875417E+3	1.01425859E+2	1.97507324E-7	4.94283766E+1	-5.06966561E+1	7.08047699E+1	-7.98064444E-1
8.73764200E+3	9.71719467E+1	1.89966987E-7	4.79379128E+1	-4.85816504E+1	6.82511558E+1	-7.92067570E-1
9.36908711E+3	9.30809252E+1	1.82657403E-7	4.65002642E+1	-4.65404444E+1	6.57897224E+1	-7.85830021E-1
1.00461650E+4	8.91219441E+1	1.75580603E-7	4.51107696E+1	-4.45575790E+1	6.34063044E+1	-7.79228948E-1
1.07721735E+4	8.53025725E+1	1.68681296E-7	4.37792135E+1	-4.26363690E+1	6.11103879E+1	-7.72173953E-1
1.15506485E+4	8.16239494E+1	1.61973323E-7	4.24980815E+1	-4.07771293E+1	5.88970392E+1	-7.64735266E-1
1.23853818E+4	7.80769744E+1	1.55405726E-7	4.12761434E+1	-3.89743029E+1	5.67689735E+1	-7.56722810E-1
1.32804389E+4	7.46690866E+1	1.48983765E-7	4.01085214E+1	-3.72313449E+1	5.47253743E+1	-7.48213576E-1
1.42401793E+4	7.13925097E+1	1.42700278E-7	3.89932522E+1	-3.55436671E+1	5.27619756E+1	-7.39150946E-1
1.52692775E+4	6.82478326E+1	1.36538326E-7	3.79312298E+1	-3.39108489E+1	5.08795054E+1	-7.29495103E-1
1.63727458E+4	6.52354825E+1	1.30487048E-7	3.69221000E+1	-3.23324769E+1	4.90778036E+1	-7.19223150E-1
1.75559587E+4	6.23618754E+1	1.24520117E-7	3.59701182E+1	-3.08109291E+1	4.73620470E+1	-7.08296007E-1
1.88246790E+4	5.96128702E+1	1.18667954E-7	3.50642702E+1	-2.93390238E+1	4.57195977E+1	-6.96734403E-1
2.01850863E+4	5.69976962E+1	1.12919256E-7	3.42060883E+1	-2.79215169E+1	4.41550447E+1	-6.84585259E-1
2.16438064E+4	5.45112432E+1	1.07248960E-7	3.33994651E+1	-2.65541287E+1	4.26690313E+1	-6.71713259E-1
2.32079442E+4	5.21577564E+1	1.01710134E-7	3.26310086E+1	-2.52423559E+1	4.12548160E+1	-6.58415844E-1
2.48851178E+4	4.99294871E+1	9.62710156E-8	3.19065873E+1	-2.39801549E+1	3.99133942E+1	-6.44507645E-1
2.66834962E+4	4.78056350E+1	9.09148976E-8	3.12256253E+1	-2.27534769E+1	3.86362613E+1	-6.29715862E-1
2.86118383E+4	4.57849751E+1	8.56648576E-8	3.05810628E+1	-2.15627351E+1	3.74186199E+1	-6.14141186E-1
3.06795364E+4	4.39004427E+1	8.05645405E-8	2.99698936E+1	-2.04327432E+1	3.62724630E+1	-5.98389833E-1
3.28966612E+4	4.21198595E+1	7.55562334E-8	2.93991228E+1	-1.93385208E+1	3.51893007E+1	-5.81833720E-1
3.52740116E+4	4.04418804E+1	7.06904989E-8	2.88567357E+1	-1.82841281E+1	3.41616835E+1	-5.64772074E-1
3.78231664E+4	3.88667216E+1	6.59569115E-8	2.83460301E+1	-1.72690385E+1	3.31921259E+1	-5.47173148E-1
4.05565415E+4	3.73811741E+1	6.13535056E-8	2.78639721E+1	-1.62845603E+1	3.22736418E+1	-5.28892818E-1
4.34874501E+4	3.59914224E+1	5.68860671E-8	2.74122978E+1	-1.53353634E+1	3.14103097E+1	-5.10057141E-1
4.66301673E+4	3.47012324E+1	5.25839129E-8	2.69876733E+1	-1.44281304E+1	3.06023775E+1	-4.90957948E-1
5.00000000E+4	3.34835755E+1	4.84389071E-8	2.65821059E+1	-1.35445753E+1	2.98339393E+1	-4.71248325E-1
5.36133611E+4	3.23511950E+1	4.44376220E-8	2.62053905E+1	-1.26906735E+1	2.91165880E+1	-4.50990446E-1
5.74878498E+4	3.12965819E+1	4.06036292E-8	2.58502908E+1	-1.18654202E+1	2.84433778E+1	-4.30317441E-1
6.16423370E+4	3.03132812E+1	3.69362906E-8	2.55149970E+1	-1.10647271E+1	2.78108482E+1	-4.09179304E-1
6.60970574E+4	2.93960084E+1	3.34410250E-8	2.51964861E+1	-1.02865538E+1	2.72153655E+1	-3.87601161E-1
7.08737081E+4	2.85432330E+1	3.01128733E-8	2.48959497E+1	-9.52903834E+0	2.66572859E+1	-3.65551800E-1
7.59955541E+4	2.77539166E+1	2.69511055E-8	2.46139874E+1	-8.79125520E+0	2.61368428E+1	-3.43043591E-1
8.14875417E+4	2.70228842E+1	2.39548309E-8	2.43482767E+1	-8.06982502E+0	2.56507439E+1	-3.20039378E-1
8.73764200E+4	2.63451003E+1	2.11288318E-8	2.40948861E+1	-7.36333124E+0	2.51948842E+1	-2.96583952E-1
9.36908711E+4	2.57224627E+1	1.84690618E-8	2.38566083E+1	-6.67180268E+0	2.47719744E+1	-2.72695872E-1
1.00461650E+5	2.51487293E+1	1.59660207E-8	2.36307581E+1	-5.98922396E+0	2.43779314E+1	-2.48223409E-1
1.07721735E+5	2.46237409E+1	1.36194347E-8	2.34172379E+1	-5.31535146E+0	2.40129132E+1	-2.23202570E-1
1.15506485E+5	2.41451761E+1	1.14257091E-8	2.32145813E+1	-4.64794134E+0	2.36753069E+1	-1.97603685E-1
1.23853818E+5	2.37127965E+1	9.37899183E-9	2.30231581E+1	-3.98467662E+0	2.33654330E+1	-1.71374879E-1
1.32804389E+5	2.33195486E+1	7.44650587E-9	2.28400064E+1	-3.30948724E+0	2.30785320E+1	-1.43897271E-1
1.42401793E+5	2.29820391E+1	5.72045180E-9	2.26683861E+1	-2.66645850E+0	2.28246738E+1	-1.17090883E-1
1.52692775E+5	2.26811557E+1	4.09449780E-9	2.25025233E+1	-2.00491240E+0	2.25916629E+1	-8.88625811E-2
1.63727458E+5	2.24251848E+1	2.59867141E-9	2.23448771E+1	-1.33957420E+0	2.23849950E+1	-5.98782797E-2
1.75559587E+5	2.22138069E+1	1.22596562E-9	2.21937783E+1	-6.66709971E-1	2.22037903E+1	-3.00313677E-2
1.88246790E+5	2.20593819E+1	1.30567569E-11	2.20483527E+1	-6.82599384E-3	2.20538662E+1	-3.24992763E-4
2.01850863E+5	2.19300862E+1	-1.16128602E-9	2.19072315E+1	7.07583165E-1	2.19186559E+1	3.22878440E-2
2.16438064E+5	2.18645193E+1	-2.18515447E-9	2.17726049E+1	1.41464012E+0	2.18185137E+1	6.48821992E-2
2.32079442E+5	2.18515674E+1	-3.10103177E-9	2.16402796E+1	2.13829798E+0	2.17456669E+1	9.84912988E-2
2.48851178E+5	2.18954402E+1	-3.91389376E-9	2.15092593E+1	2.88209134E+0	2.17014908E+1	1.33199671E-1
2.66834962E+5	2.19969755E+1	-4.62110069E-9	2.13761175E+1	3.64300372E+0	2.16843246E+1	1.68802262E-1
2.86118383E+5	2.21775844E+1	-5.23842696E-9	2.12506392E+1	4.43826055E+0	2.17091650E+1	2.05893412E-1
3.06795364E+5	2.24280083E+1	-5.75760791E-9	2.11194143E+1	5.25706455E+0	2.17638783E+1	2.43962823E-1
3.28966612E+5	2.27668288E+1	-6.18717669E-9	2.09876547E+1	6.11069628E+0	2.18591476E+1	2.83324025E-1
3.52740116E+5	2.32005288E+1	-6.52678507E-9	2.08519219E+1	6.99806483E+0	2.19948996E+1	3.23796051E-1
3.78231664E+5	2.37433636E+1	-6.78034947E-9	2.07117049E+1	7.92406010E+0	2.21757870E+1	3.65406986E-1
4.05565415E+5	2.44148958E+1	-6.95175841E-9	2.05675327E+1	8.89554079E+0	2.24087962E+1	4.08209458E-1
4.34874501E+5	2.52164036E+1	-7.05493668E-9	2.03968806E+1	9.91479105E+0	2.26789758E+1	4.52460724E-1
4.66301673E+5	2.61965624E+1	-7.07397857E-9	2.02323045E+1	1.09850040E+1	2.30220925E+1	4.97409519E-1
NaN	NaN	NaN	NaN	NaN	NaN	NaN
