Start time:20240907_14-09-23	sweep/start:500.000	sweep/stop:500000.000	sweep/samplecount:100.000	sweep/xmapping:1.000	sweep/scan:0.000	sweep/averaging/sample:10.000	sweep/settling/time:0.100	sweep/settling/inaccuracy:0.010	sweep/awgcontrol:0.000	sweep/averaging/time:0.100	sweep/averaging/tc:15.000	sweep/bandwidthcontrol:2.000	sweep/sincfilter:0.000	sweep/omegasuppression:80.000	sweep/maxbandwidth:100.000	sweep/bandwidth:1250000.000	sweep/order:8.000	sweep/bandwidthoverlap:1.000																				
Frequency	Param0		Param1		RealZ		ImagZ		AbsZ		PhaseZ		
5.00000000E+2	1.58837876E+3	7.72751438E-7	1.00091985E+2	-3.85960508E+2	3.98727881E+2	-1.31705391E+0
5.36133611E+2	1.42943335E+3	7.64545147E-7	9.82217466E+1	-3.61598909E+2	3.74701606E+2	-1.30556423E+0
5.74878498E+2	1.28749085E+3	7.55783562E-7	9.64150360E+1	-3.38876801E+2	3.52325638E+2	-1.29360718E+0
6.16423370E+2	1.15992962E+3	7.46352147E-7	9.47450183E+1	-3.17680442E+2	3.31507900E+2	-1.28095500E+0
6.60970574E+2	1.04574846E+3	7.36393956E-7	9.31360316E+1	-2.97863128E+2	3.12084559E+2	-1.26774690E+0
7.08737081E+2	9.43924301E+2	7.25744965E-7	9.15880646E+1	-2.79398895E+2	2.94027421E+2	-1.25403044E+0
7.59955541E+2	8.52322741E+2	7.14349674E-7	9.01726447E+1	-2.62154601E+2	2.77229411E+2	-1.23950581E+0
8.14875417E+2	7.70907984E+2	7.02318321E-7	8.87683663E+1	-2.46073925E+2	2.61595498E+2	-1.22458702E+0
8.73764200E+2	6.97787790E+2	6.89531602E-7	8.74688929E+1	-2.31049560E+2	2.47052037E+2	-1.20889774E+0
9.36908711E+2	6.32883015E+2	6.76019730E-7	8.61843161E+1	-2.17064130E+2	2.33547801E+2	-1.19283961E+0
1.00461650E+3	5.74691676E+2	6.61705856E-7	8.49906222E+1	-2.04009765E+2	2.21005412E+2	-1.17606137E+0
1.07721735E+3	5.23005436E+2	6.46752813E-7	8.37948679E+1	-1.91842570E+2	2.09344584E+2	-1.15898217E+0
1.15506485E+3	4.76796475E+2	6.31051335E-7	8.26573869E+1	-1.80495148E+2	1.98521393E+2	-1.14135256E+0
1.23853818E+3	4.35755803E+2	6.14584948E-7	8.15504626E+1	-1.69957654E+2	1.88510167E+2	-1.12341605E+0
1.32804389E+3	3.99233437E+2	5.97473238E-7	8.04639661E+1	-1.60154462E+2	1.79231421E+2	-1.10521877E+0
1.42401793E+3	3.66638077E+2	5.79851039E-7	7.93889522E+1	-1.51011272E+2	1.70607768E+2	-1.08678866E+0
1.52692775E+3	3.37673036E+2	5.61715072E-7	7.83195915E+1	-1.42521764E+2	1.62623529E+2	-1.06831616E+0
1.63727458E+3	3.11841513E+2	5.43123036E-7	7.72696386E+1	-1.34630168E+2	1.55228476E+2	-1.04975904E+0
1.75559587E+3	2.88850767E+2	5.24342044E-7	7.61905379E+1	-1.27289810E+2	1.48349905E+2	-1.03143662E+0
1.88246790E+3	2.68332656E+2	5.05292323E-7	7.51240673E+1	-1.20476608E+2	1.41979714E+2	-1.01323514E+0
2.01850863E+3	2.50032742E+2	4.86139649E-7	7.40509860E+1	-1.14156129E+2	1.36070461E+2	-9.95348446E-1
2.16438064E+3	2.33675911E+2	4.67074099E-7	7.29539434E+1	-1.08283428E+2	1.30566377E+2	-9.77918700E-1
2.32079442E+3	2.19033471E+2	4.48180851E-7	7.18357300E+1	-1.02830233E+2	1.25436952E+2	-9.61020189E-1
2.48851178E+3	2.05855528E+2	4.29568204E-7	7.06984988E+1	-9.77517183E+1	1.20638619E+2	-9.44639063E-1
2.66834962E+3	1.94053253E+2	4.11325289E-7	6.95320906E+1	-9.30495369E+1	1.16159064E+2	-9.29051854E-1
2.86118383E+3	1.83404727E+2	3.93554226E-7	6.83385953E+1	-8.86761378E+1	1.11953656E+2	-9.14207342E-1
3.06795364E+3	1.73770929E+2	3.76339160E-7	6.71145279E+1	-8.46061081E+1	1.07993303E+2	-9.00179496E-1
3.28966612E+3	1.65017119E+2	3.59749397E-7	6.58582367E+1	-8.08110689E+1	1.04248436E+2	-8.86996436E-1
3.52740116E+3	1.57046673E+2	3.43786623E-7	6.45784528E+1	-7.72751859E+1	1.00706658E+2	-8.74666156E-1
3.78231664E+3	1.49742758E+2	3.28593019E-7	6.32529771E+1	-7.39644218E+1	9.73225308E+1	-8.63302033E-1
4.05565415E+3	1.42994584E+2	3.14129251E-7	6.18970664E+1	-7.08498261E+1	9.40794607E+1	-8.52738519E-1
4.34874501E+3	1.36794239E+2	3.00339838E-7	6.05223182E+1	-6.79422776E+1	9.09895832E+1	-8.43092848E-1
4.66301673E+3	1.30996885E+2	2.87287799E-7	5.91203624E+1	-6.51871602E+1	8.80033136E+1	-8.34164227E-1
5.00000000E+3	1.25598065E+2	2.74893440E-7	5.77062622E+1	-6.25921870E+1	8.51339809E+1	-8.25990879E-1
5.36133611E+3	1.20502358E+2	2.63249798E-7	5.62592239E+1	-6.01187880E+1	8.23369239E+1	-8.18550047E-1
5.74878498E+3	1.15681602E+2	2.52190318E-7	5.48138295E+1	-5.77615405E+1	7.96300918E+1	-8.11576518E-1
6.16423370E+3	1.11102021E+2	2.41779637E-7	5.33520097E+1	-5.55074686E+1	7.69903634E+1	-8.05195954E-1
6.60970574E+3	1.06730907E+2	2.31893265E-7	5.18986135E+1	-5.33452896E+1	7.44257082E+1	-7.99143235E-1
7.08737081E+3	1.02546107E+2	2.22497588E-7	5.04573816E+1	-5.12665640E+1	7.19319679E+1	-7.93352682E-1
7.59955541E+3	9.85222040E+1	2.13587521E-7	4.90253954E+1	-4.92605371E+1	6.94988486E+1	-7.87790583E-1
8.14875417E+3	9.46283000E+1	2.05097481E-7	4.76134770E+1	-4.73132019E+1	6.71236346E+1	-7.82234940E-1
8.73764200E+3	9.08636531E+1	1.96967463E-7	4.62310949E+1	-4.54247946E+1	6.48130090E+1	-7.76601351E-1
9.36908711E+3	8.72301911E+1	1.89151436E-7	4.48847812E+1	-4.35966097E+1	6.25724221E+1	-7.70840519E-1
1.00461650E+4	8.37023071E+1	1.81658821E-7	4.35679977E+1	-4.18159232E+1	6.03882595E+1	-7.64881082E-1
1.07721735E+4	8.02914955E+1	1.74420511E-7	4.22928753E+1	-4.00882876E+1	5.82731341E+1	-7.58643729E-1
1.15506485E+4	7.69840646E+1	1.67406150E-7	4.10621864E+1	-3.84061293E+1	5.62239626E+1	-7.51987756E-1
1.23853818E+4	7.37742738E+1	1.60594665E-7	3.98766481E+1	-3.67657943E+1	5.42390148E+1	-7.44831254E-1
1.32804389E+4	7.06824699E+1	1.53976183E-7	3.87357162E+1	-3.51778375E+1	5.23252906E+1	-7.37299609E-1
1.42401793E+4	6.76878856E+1	1.47495351E-7	3.76475041E+1	-3.36295291E+1	5.04804901E+1	-7.29086508E-1
1.52692775E+4	6.47943470E+1	1.41181736E-7	3.66019426E+1	-3.21231452E+1	4.86990640E+1	-7.20320426E-1
1.63727458E+4	6.20011801E+1	1.34970753E-7	3.56101668E+1	-3.06559619E+1	4.69880006E+1	-7.10774747E-1
1.75559587E+4	5.93453024E+1	1.28857421E-7	3.46735875E+1	-2.92481757E+1	4.53620335E+1	-7.00725287E-1
1.88246790E+4	5.67984219E+1	1.22883635E-7	3.37781136E+1	-2.78851485E+1	4.38011770E+1	-6.90120641E-1
2.01850863E+4	5.43278260E+1	1.17047880E-7	3.29176071E+1	-2.65475540E+1	4.22887906E+1	-6.78682671E-1
2.16438064E+4	5.19889211E+1	1.11258076E-7	3.21168071E+1	-2.52631864E+1	4.08621836E+1	-6.66518676E-1
2.32079442E+4	4.97523211E+1	1.05569851E-7	3.13578876E+1	-2.40168674E+1	3.94984487E+1	-6.53596924E-1
2.48851178E+4	4.76167695E+1	9.99793828E-8	3.06396617E+1	-2.28072808E+1	3.81963536E+1	-6.39888806E-1
2.66834962E+4	4.56078305E+1	9.44947198E-8	2.99640930E+1	-2.16506327E+1	3.69675141E+1	-6.25702070E-1
2.86118383E+4	4.36875029E+1	8.90817644E-8	2.93305203E+1	-2.05206626E+1	3.57963285E+1	-6.10481023E-1
3.06795364E+4	4.18712655E+1	8.38020994E-8	2.87279693E+1	-1.94314203E+1	3.46825085E+1	-5.94706571E-1
3.28966612E+4	4.01630299E+1	7.86345178E-8	2.81622357E+1	-1.83839345E+1	3.36315428E+1	-5.78331793E-1
3.52740116E+4	3.85483326E+1	7.35649841E-8	2.76327489E+1	-1.73674260E+1	3.26373462E+1	-5.61118548E-1
3.78231664E+4	3.70326361E+1	6.86275084E-8	2.71343372E+1	-1.63885202E+1	3.16994635E+1	-5.43338769E-1
4.05565415E+4	3.56018455E+1	6.38204828E-8	2.66633939E+1	-1.54379187E+1	3.08101607E+1	-5.24829944E-1
4.34874501E+4	3.42721038E+1	5.91401087E-8	2.62277033E+1	-1.45253604E+1	2.99813035E+1	-5.05769371E-1
4.66301673E+4	3.30189847E+1	5.45935059E-8	2.58175613E+1	-1.36353639E+1	2.91970830E+1	-4.85907689E-1
5.00000000E+4	3.18526552E+1	5.02256613E-8	2.54291248E+1	-1.27806376E+1	2.84602377E+1	-4.65724191E-1
5.36133611E+4	3.07631243E+1	4.60008074E-8	2.50667806E+1	-1.19494345E+1	2.77692723E+1	-4.44837724E-1
5.74878498E+4	2.97484371E+1	4.19395570E-8	2.47266992E+1	-1.11432037E+1	2.71215902E+1	-4.23398257E-1
6.16423370E+4	2.88085927E+1	3.80437490E-8	2.44101485E+1	-1.03617886E+1	2.65183337E+1	-4.01435980E-1
6.60970574E+4	2.79363636E+1	3.43237861E-8	2.41125456E+1	-9.60218597E+0	2.59541295E+1	-3.78974104E-1
7.08737081E+4	2.71277624E+1	3.07793858E-8	2.38327830E+1	-8.86163155E+0	2.54269557E+1	-3.55984468E-1
7.59955541E+4	2.63844027E+1	2.74191922E-8	2.35716589E+1	-8.14254399E+0	2.49384069E+1	-3.32604806E-1
8.14875417E+4	2.56983142E+1	2.42308316E-8	2.33272085E+1	-7.43715455E+0	2.44840751E+1	-3.08631171E-1
8.73764200E+4	2.50671993E+1	2.12329718E-8	2.30952147E+1	-6.74858474E+0	2.40610130E+1	-2.84292063E-1
9.36908711E+4	2.44908604E+1	1.84031214E-8	2.28801956E+1	-6.07061091E+0	2.36718329E+1	-2.59346239E-1
1.00461650E+5	2.39644927E+1	1.57596513E-8	2.26757905E+1	-5.40576857E+0	2.33112380E+1	-2.34025736E-1
1.07721735E+5	2.34872819E+1	1.32779071E-8	2.24854543E+1	-4.74621346E+0	2.29809095E+1	-2.08025659E-1
1.15506485E+5	2.30581637E+1	1.09718883E-8	2.23061773E+1	-4.09559953E+0	2.26790539E+1	-1.81585796E-1
1.23853818E+5	2.26727121E+1	8.83284521E-9	2.21351007E+1	-3.44964835E+0	2.24022938E+1	-1.54601532E-1
1.32804389E+5	2.23336445E+1	6.84162484E-9	2.19763806E+1	-2.80199369E+0	2.21542923E+1	-1.26815998E-1
1.42401793E+5	2.20378919E+1	5.02700587E-9	2.18234676E+1	-2.16320915E+0	2.19304177E+1	-9.88003328E-2
1.52692775E+5	2.17848197E+1	3.34881164E-9	2.16786210E+1	-1.51731129E+0	2.17316555E+1	-6.98771803E-2
1.63727458E+5	2.15771831E+1	1.81895664E-9	2.15420651E+1	-8.69772947E-1	2.15596169E+1	-4.03536377E-2
1.75559587E+5	2.14118003E+1	4.21323086E-10	2.14096799E+1	-2.13050674E-1	2.14107401E+1	-9.95081056E-3
1.88246790E+5	2.13191263E+1	-8.13216694E-10	2.12937295E+1	4.36573476E-1	2.13064197E+1	2.04936141E-2
2.01850863E+5	2.12235646E+1	-1.98063848E-9	2.11634115E+1	1.12828748E+0	2.11934667E+1	5.32626897E-2
2.16438064E+5	2.12029854E+1	-2.99728297E-9	2.10457889E+1	1.81887746E+0	2.11242409E+1	8.62105557E-2
2.32079442E+5	2.12354941E+1	-3.89578751E-9	2.09308893E+1	2.52500287E+0	2.10826416E+1	1.20055098E-1
2.48851178E+5	2.13255829E+1	-4.68594817E-9	2.08173511E+1	3.25269531E+0	2.10699346E+1	1.54996006E-1
2.66834962E+5	2.14775912E+1	-5.36896483E-9	2.07037552E+1	4.00265048E+0	2.10871237E+1	1.90973673E-1
2.86118383E+5	2.17004160E+1	-5.94485096E-9	2.05928096E+1	4.77584530E+0	2.11393598E+1	2.27889350E-1
3.06795364E+5	2.19984408E+1	-6.42474091E-9	2.04784217E+1	5.57920867E+0	2.12248285E+1	2.65987722E-1
3.28966612E+5	2.23788631E+1	-6.80857983E-9	2.03594744E+1	6.41198548E+0	2.13453011E+1	3.05105080E-1
3.52740116E+5	2.28578738E+1	-7.10860034E-9	2.02337424E+1	7.28669559E+0	2.15058207E+1	3.45667127E-1
3.78231664E+5	2.34475313E+1	-7.31314159E-9	2.01082513E+1	8.19432336E+0	2.17137936E+1	3.86964118E-1
4.05565415E+5	2.41545866E+1	-7.43839634E-9	1.99686834E+1	9.14258428E+0	2.19621326E+1	4.29359577E-1
4.34874501E+5	2.50257186E+1	-7.49062286E-9	1.98245471E+1	1.01543340E+1	2.22738290E+1	4.73367916E-1
4.66301673E+5	2.60584354E+1	-7.46334364E-9	1.96714606E+1	1.12089502E+1	2.26408336E+1	5.17923356E-1
NaN	NaN	NaN	NaN	NaN	NaN	NaN
