Start time:20240908_10-10-47	sweep/start:500.000	sweep/stop:500000.000	sweep/samplecount:100.000	sweep/xmapping:1.000	sweep/scan:0.000	sweep/averaging/sample:10.000	sweep/settling/time:0.100	sweep/settling/inaccuracy:0.010	sweep/awgcontrol:0.000	sweep/averaging/time:0.100	sweep/averaging/tc:15.000	sweep/bandwidthcontrol:2.000	sweep/sincfilter:0.000	sweep/omegasuppression:80.000	sweep/maxbandwidth:100.000	sweep/bandwidth:1250000.000	sweep/order:8.000	sweep/bandwidthoverlap:1.000																				
Frequency	Param0		Param1		RealZ		ImagZ		AbsZ		PhaseZ		
5.00000000E+2	1.38995412E+3	8.88250450E-7	8.66326259E+1	-3.36020482E+2	3.47008647E+2	-1.31847177E+0
5.36133611E+2	1.24598285E+3	8.77983024E-7	8.54580998E+1	-3.14922227E+2	3.26311372E+2	-1.30581491E+0
5.74878498E+2	1.11676097E+3	8.67386207E-7	8.43340344E+1	-2.95073750E+2	3.06888845E+2	-1.29241128E+0
6.16423370E+2	1.00380090E+3	8.55763547E-7	8.31698332E+1	-2.76710201E+2	2.88939047E+2	-1.27881983E+0
6.60970574E+2	9.02269160E+2	8.43238595E-7	8.21453384E+1	-2.59555858E+2	2.72244577E+2	-1.26428580E+0
7.08737081E+2	8.12872428E+2	8.30161068E-7	8.10422480E+1	-2.43534436E+2	2.56664921E+2	-1.24954807E+0
7.59955541E+2	7.33237578E+2	8.16175040E-7	7.99982819E+1	-2.28599989E+2	2.42193491E+2	-1.23416712E+0
8.14875417E+2	6.63128237E+2	8.01436778E-7	7.89048631E+1	-2.14704384E+2	2.28744313E+2	-1.21861305E+0
8.73764200E+2	6.00466412E+2	7.85979105E-7	7.78464296E+1	-2.01702877E+2	2.16203893E+2	-1.20246381E+0
9.36908711E+2	5.45039201E+2	7.69671832E-7	7.67826780E+1	-1.89615247E+2	2.04571573E+2	-1.18603915E+0
1.00461650E+3	4.95858173E+2	7.52848466E-7	7.56744169E+1	-1.78317492E+2	1.93710480E+2	-1.16945075E+0
1.07721735E+3	4.51683419E+2	7.35079605E-7	7.46567094E+1	-1.67772322E+2	1.83633276E+2	-1.15211799E+0
1.15506485E+3	4.12736350E+2	7.16804626E-7	7.35689781E+1	-1.57962593E+2	1.74254349E+2	-1.13493307E+0
1.23853818E+3	3.77851102E+2	6.98037826E-7	7.24843232E+1	-1.48775984E+2	1.65494026E+2	-1.11743745E+0
1.32804389E+3	3.46655832E+2	6.78569667E-7	7.14349800E+1	-1.40215518E+2	1.57363747E+2	-1.09960494E+0
1.42401793E+3	3.18762006E+2	6.58821259E-7	7.03562593E+1	-1.32200206E+2	1.49756131E+2	-1.08172584E+0
1.52692775E+3	2.93732002E+2	6.38615123E-7	6.92968273E+1	-1.24710227E+2	1.42669871E+2	-1.06361591E+0
1.63727458E+3	2.71484963E+2	6.18182025E-7	6.81992771E+1	-1.17745202E+2	1.36070111E+2	-1.04580339E+0
1.75559587E+3	2.51280169E+2	5.97627539E-7	6.71151673E+1	-1.11176717E+2	1.29864194E+2	-1.02767528E+0
1.88246790E+3	2.33193326E+2	5.76810794E-7	6.60393589E+1	-1.05065400E+2	1.24096479E+2	-1.00964485E+0
2.01850863E+3	2.16810301E+2	5.56044923E-7	6.49567640E+1	-9.93172319E+1	1.18673056E+2	-9.91591048E-1
2.16438064E+3	2.02047524E+2	5.35277490E-7	6.38748754E+1	-9.39455141E+1	1.13603520E+2	-9.73678446E-1
2.32079442E+3	1.88628862E+2	5.14513525E-7	6.28171414E+1	-8.88995602E+1	1.08853688E+2	-9.55649209E-1
2.48851178E+3	1.76468338E+2	4.94029224E-7	6.17424119E+1	-8.41632627E+1	1.04381897E+2	-9.37872233E-1
2.66834962E+3	1.65384475E+2	4.73672853E-7	6.06913246E+1	-7.97117637E+1	1.00186837E+2	-9.20048685E-1
2.86118383E+3	1.55301469E+2	4.53595835E-7	5.96449838E+1	-7.55342889E+1	9.62442371E+1	-9.02403746E-1
3.06795364E+3	1.46083590E+2	4.33791556E-7	5.86166954E+1	-7.16032111E+1	9.25361389E+1	-8.84797079E-1
3.28966612E+3	1.37653947E+2	4.14342314E-7	5.76000757E+1	-6.79051448E+1	8.90442450E+1	-8.67323076E-1
3.52740116E+3	1.29903590E+2	3.95308934E-7	5.65943964E+1	-6.44118713E+1	8.57427259E+1	-8.49912394E-1
3.78231664E+3	1.22792486E+2	3.76656428E-7	5.56095322E+1	-6.11229290E+1	8.26343307E+1	-8.32594136E-1
4.05565415E+3	1.16261254E+2	3.58405593E-7	5.46479167E+1	-5.80262034E+1	7.97084386E+1	-8.15371997E-1
4.34874501E+3	1.10234390E+2	3.40643447E-7	5.37010478E+1	-5.50989984E+1	7.69396011E+1	-7.98246258E-1
4.66301673E+3	1.04673038E+2	3.23325757E-7	5.27797447E+1	-5.23346407E+1	7.43277617E+1	-7.81163717E-1
5.00000000E+3	9.95306157E+1	3.06490716E-7	5.18811883E+1	-4.97203055E+1	7.18593526E+1	-7.64133151E-1
5.36133611E+3	9.47723985E+1	2.90178163E-7	5.10016902E+1	-4.72480685E+1	6.95237545E+1	-7.47211837E-1
5.74878498E+3	9.03747828E+1	2.74366734E-7	5.01476073E+1	-4.49143237E+1	6.73207179E+1	-7.30402363E-1
6.16423370E+3	8.62968055E+1	2.59098770E-7	4.93135890E+1	-4.27056798E+1	6.52349996E+1	-7.13711158E-1
6.60970574E+3	8.25131169E+1	2.44351815E-7	4.85047683E+1	-4.06148619E+1	6.32635724E+1	-6.97096749E-1
7.08737081E+3	7.89940213E+1	2.30131760E-7	4.77205076E+1	-3.86314363E+1	6.13973515E+1	-6.80528174E-1
7.59955541E+3	7.57184130E+1	2.16474325E-7	4.69552737E+1	-3.67502519E+1	5.96269971E+1	-6.64081115E-1
8.14875417E+3	7.26712304E+1	2.03369137E-7	4.62114248E+1	-3.49677747E+1	5.79503329E+1	-6.47769688E-1
8.73764200E+3	6.98350141E+1	1.90768615E-7	4.54967752E+1	-3.32762879E+1	5.63672593E+1	-6.31489687E-1
9.36908711E+3	6.71885893E+1	1.78741550E-7	4.47983616E+1	-3.16708933E+1	5.48629083E+1	-6.15385473E-1
1.00461650E+4	6.47208754E+1	1.67228044E-7	4.41259115E+1	-3.01458373E+1	5.34403182E+1	-5.99346363E-1
1.07721735E+4	6.24128203E+1	1.56264859E-7	4.34705567E+1	-2.86954825E+1	5.20876189E+1	-5.83451762E-1
1.15506485E+4	6.02540240E+1	1.45821316E-7	4.28360953E+1	-2.73151242E+1	5.08040068E+1	-5.67655689E-1
1.23853818E+4	5.82351778E+1	1.35889442E-7	4.22224797E+1	-2.60018418E+1	4.95866273E+1	-5.51977490E-1
1.32804389E+4	5.63400732E+1	1.26455607E-7	4.16278182E+1	-2.47475061E+1	4.84284453E+1	-5.36361452E-1
1.42401793E+4	5.45676477E+1	1.17490810E-7	4.10574692E+1	-2.35519365E+1	4.73329643E+1	-5.20806657E-1
1.52692775E+4	5.29016926E+1	1.09011946E-7	4.05031021E+1	-2.24094026E+1	4.62891202E+1	-5.05355055E-1
1.63727458E+4	5.13390129E+1	1.00999997E-7	3.99669029E+1	-2.13191925E+1	4.52974760E+1	-4.90025714E-1
1.75559587E+4	4.98722243E+1	9.34500627E-8	3.94467322E+1	-2.02793380E+1	4.43542136E+1	-4.74859324E-1
1.88246790E+4	4.84927484E+1	8.62782413E-8	3.89534396E+1	-1.92766403E+1	4.34621598E+1	-4.59530067E-1
2.01850863E+4	4.71919711E+1	7.95569212E-8	3.84696612E+1	-1.83178680E+1	4.26082051E+1	-4.44397629E-1
2.16438064E+4	4.59746253E+1	7.32099869E-8	3.80109605E+1	-1.73984629E+1	4.18035843E+1	-4.29257171E-1
2.32079442E+4	4.48292043E+1	6.72559851E-8	3.75676286E+1	-1.65166623E+1	4.10381151E+1	-4.14214816E-1
2.48851178E+4	4.37499175E+1	6.16663927E-8	3.71408188E+1	-1.56673959E+1	4.03101445E+1	-3.99189063E-1
2.66834962E+4	4.27372993E+1	5.64266467E-8	3.67327392E+1	-1.48513943E+1	3.96214344E+1	-3.84215905E-1
2.86118383E+4	4.17846813E+1	5.15163668E-8	3.63423067E+1	-1.40637268E+1	3.89685989E+1	-3.69231645E-1
3.06795364E+4	4.08867056E+1	4.69213891E-8	3.59677132E+1	-1.33013107E+1	3.83484197E+1	-3.54215012E-1
3.28966612E+4	4.00470096E+1	4.26421319E-8	3.56103359E+1	-1.25694642E+1	3.77635732E+1	-3.39320338E-1
3.52740116E+4	3.92566520E+1	3.86460826E-8	3.52691418E+1	-1.18590070E+1	3.72095206E+1	-3.24367098E-1
3.78231664E+4	3.85167466E+1	3.49271635E-8	3.49449570E+1	-1.11721091E+1	3.66874100E+1	-3.09436146E-1
4.05565415E+4	3.78249431E+1	3.14761830E-8	3.46367848E+1	-1.05084508E+1	3.61957790E+1	-2.94563889E-1
4.34874501E+4	3.71736069E+1	2.82712828E-8	3.43417545E+1	-9.86158026E+0	3.57296359E+1	-2.79635804E-1
4.66301673E+4	3.65657037E+1	2.53080306E-8	3.40617556E+1	-9.23519652E+0	3.52915296E+1	-2.64765653E-1
5.00000000E+4	3.59967286E+1	2.25711223E-8	3.37949009E+1	-8.62615437E+0	3.48784443E+1	-2.49913869E-1
5.36133611E+4	3.54666297E+1	2.00476648E-8	3.35423559E+1	-8.03396948E+0	3.44910759E+1	-2.35088378E-1
5.74878498E+4	3.49714114E+1	1.77184943E-8	3.33031021E+1	-7.45384899E+0	3.41270638E+1	-2.20189551E-1
6.16423370E+4	3.45091835E+1	1.55835928E-8	3.30743107E+1	-6.88893424E+0	3.37841303E+1	-2.05350556E-1
6.60970574E+4	3.40787611E+1	1.36222639E-8	3.28574559E+1	-6.33474310E+0	3.34625371E+1	-1.90457878E-1
7.08737081E+4	3.36794117E+1	1.18229698E-8	3.26527393E+1	-5.78996214E+0	3.31621026E+1	-1.75495195E-1
7.59955541E+4	3.33079452E+1	1.01796255E-8	3.24571865E+1	-5.25482866E+0	3.28798143E+1	-1.60507592E-1
8.14875417E+4	3.29625158E+1	8.67903077E-9	3.22701641E+1	-4.72676311E+0	3.26145029E+1	-1.45440466E-1
8.73764200E+4	3.26451908E+1	7.31205229E-9	3.20940156E+1	-4.20587801E+0	3.23684300E+1	-1.30306106E-1
9.36908711E+4	3.23510732E+1	6.06497197E-9	3.19251585E+1	-3.68746318E+0	3.21374103E+1	-1.14993791E-1
1.00461650E+5	3.20808834E+1	4.92970147E-9	3.17643390E+1	-3.17093193E+0	3.19222189E+1	-9.94971540E-2
1.07721735E+5	3.18308671E+1	3.89983755E-9	3.16077410E+1	-2.65565488E+0	3.17191079E+1	-8.38222607E-2
1.15506485E+5	3.16065612E+1	2.96510564E-9	3.14610215E+1	-2.13981606E+0	3.15337074E+1	-6.79102437E-2
1.23853818E+5	3.14029921E+1	2.11917535E-9	3.13189949E+1	-1.62194106E+0	3.13609654E+1	-5.17415475E-2
1.32804389E+5	3.12191142E+1	1.35242151E-9	3.11804068E+1	-1.09851589E+0	3.11997545E+1	-3.52164137E-2
1.42401793E+5	3.10581425E+1	6.60596808E-10	3.10476794E+1	-5.69949520E-1	3.10529105E+1	-1.83551730E-2
1.52692775E+5	3.09209240E+1	3.55513479E-11	3.09208892E+1	-3.26106081E-2	3.09209066E+1	-1.05464608E-3
1.63727458E+5	3.08014240E+1	-5.28104698E-10	3.07928010E+1	5.15277974E-1	3.07971122E+1	1.67321506E-2
1.75559587E+5	3.07090869E+1	-1.03728521E-9	3.06712188E+1	1.07770654E+0	3.06901470E+1	3.51229395E-2
1.88246790E+5	3.06775134E+1	-1.46640161E-9	3.05800445E+1	1.62650441E+0	3.06287242E+1	5.31388121E-2
2.01850863E+5	3.05932876E+1	-1.90485551E-9	3.04270771E+1	2.24884187E+0	3.05100692E+1	7.37750903E-2
2.16438064E+5	3.05795174E+1	-2.27074082E-9	3.03092465E+1	2.86211367E+0	3.04440820E+1	9.41511864E-2
2.32079442E+5	3.05932406E+1	-2.59704715E-9	3.01880316E+1	3.49749133E+0	3.03899607E+1	1.15342646E-1
2.48851178E+5	3.06416331E+1	-2.88632677E-9	3.00666701E+1	4.15778764E+0	3.03527902E+1	1.37414107E-1
2.66834962E+5	3.07277894E+1	-3.14247859E-9	2.99430042E+1	4.84754110E+0	3.03328588E+1	1.60499770E-1
2.86118383E+5	3.08520600E+1	-3.36592088E-9	2.98130167E+1	5.56569792E+0	3.03280889E+1	1.84562288E-1
3.06795364E+5	3.10241507E+1	-3.56001312E-9	2.96788849E+1	6.31870003E+0	3.03440636E+1	2.09770187E-1
3.28966612E+5	3.12528458E+1	-3.72348972E-9	2.95435889E+1	7.10615236E+0	3.03862011E+1	2.36047137E-1
3.52740116E+5	3.15395049E+1	-3.86255977E-9	2.93964871E+1	7.93706826E+0	3.04491485E+1	2.63712388E-1
3.78231664E+5	3.18933198E+1	-3.97391779E-9	2.92405543E+1	8.80728285E+0	3.05381457E+1	2.92558209E-1
4.05565415E+5	3.23223578E+1	-4.06192564E-9	2.90686617E+1	9.72525002E+0	3.06523681E+1	3.22855346E-1
4.34874501E+5	3.28540939E+1	-4.12677844E-9	2.88892552E+1	1.07023907E+1	3.08079583E+1	3.54786809E-1
4.66301673E+5	3.34873589E+1	-4.16538325E-9	2.86947860E+1	1.17269664E+1	3.09985900E+1	3.87966093E-1
NaN	NaN	NaN	NaN	NaN	NaN	NaN
