Start time:20240909_12-04-23	sweep/start:500.000	sweep/stop:500000.000	sweep/samplecount:100.000	sweep/xmapping:1.000	sweep/scan:0.000	sweep/averaging/sample:10.000	sweep/settling/time:0.100	sweep/settling/inaccuracy:0.010	sweep/awgcontrol:0.000	sweep/averaging/time:0.100	sweep/averaging/tc:15.000	sweep/bandwidthcontrol:2.000	sweep/sincfilter:0.000	sweep/omegasuppression:80.000	sweep/maxbandwidth:100.000	sweep/bandwidth:1250000.000	sweep/order:8.000	sweep/bandwidthoverlap:1.000																				
Frequency	Param0		Param1		RealZ		ImagZ		AbsZ		PhaseZ		
5.00000000E+2	1.76041026E+3	9.39369312E-7	6.28946460E+1	-3.26748528E+2	3.32746658E+2	-1.38063572E+0
5.36133611E+2	1.56576138E+3	9.32972805E-7	6.20950129E+1	-3.05565288E+2	3.11810740E+2	-1.37031271E+0
5.74878498E+2	1.39305339E+3	9.26087292E-7	6.13286531E+1	-2.85784611E+2	2.92291035E+2	-1.35940496E+0
6.16423370E+2	1.24047257E+3	9.18675070E-7	6.05663658E+1	-2.67324903E+2	2.74100145E+2	-1.34799315E+0
6.60970574E+2	1.10501171E+3	9.10592829E-7	5.98517299E+1	-2.50109195E+2	2.57170839E+2	-1.33591106E+0
7.08737081E+2	9.84955955E+2	9.01870365E-7	5.91645222E+1	-2.34038443E+2	2.41400982E+2	-1.32318570E+0
7.59955541E+2	8.79105991E+2	8.92474713E-7	5.84708962E+1	-2.19050813E+2	2.26720323E+2	-1.30994954E+0
8.14875417E+2	7.85163622E+2	8.82192648E-7	5.78289098E+1	-2.05087703E+2	2.13084840E+2	-1.29596029E+0
8.73764200E+2	7.02103559E+2	8.71226464E-7	5.71862248E+1	-1.92042650E+2	2.00376257E+2	-1.28137860E+0
9.36908711E+2	6.28638909E+2	8.59391385E-7	5.65609227E+1	-1.79881224E+2	1.88564029E+2	-1.26614974E+0
1.00461650E+3	5.63643566E+2	8.46655917E-7	5.59521190E+1	-1.68542008E+2	1.77586735E+2	-1.25026671E+0
1.07721735E+3	5.06120975E+2	8.33127485E-7	5.53432286E+1	-1.57947756E+2	1.67362979E+2	-1.23377459E+0
1.15506485E+3	4.55259578E+2	8.18635200E-7	5.47452667E+1	-1.48075188E+2	1.57871168E+2	-1.21666920E+0
1.23853818E+3	4.10195665E+2	8.03233881E-7	5.41567710E+1	-1.38859337E+2	1.49046542E+2	-1.19893007E+0
1.32804389E+3	3.70293397E+2	7.86909339E-7	5.35734383E+1	-1.30260417E+2	1.40847044E+2	-1.18060423E+0
1.42401793E+3	3.34974269E+2	7.69651853E-7	5.29929571E+1	-1.22241657E+2	1.33233916E+2	-1.16173993E+0
1.52692775E+3	3.03643180E+2	7.51466151E-7	5.24220058E+1	-1.14758516E+2	1.26164907E+2	-1.14229965E+0
1.63727458E+3	2.75847870E+2	7.32469392E-7	5.18474920E+1	-1.07767608E+2	1.19591053E+2	-1.12237898E+0
1.75559587E+3	2.51178786E+2	7.12610929E-7	5.12783499E+1	-1.01245070E+2	1.13490235E+2	-1.10198016E+0
1.88246790E+3	2.29260088E+2	6.91976662E-7	5.07110700E+1	-9.51546707E+1	1.07824042E+2	-1.08115068E+0
2.01850863E+3	2.09775616E+2	6.70614694E-7	5.01460073E+1	-8.94694766E+1	1.02564172E+2	-1.05994135E+0
2.16438064E+3	1.92411688E+2	6.48614489E-7	4.95846477E+1	-8.41547880E+1	9.76763312E+1	-1.03835015E+0
2.32079442E+3	1.76939834E+2	6.26069622E-7	4.90228571E+1	-7.91887327E+1	9.31348269E+1	-1.01647732E+0
2.48851178E+3	1.63127656E+2	6.03048464E-7	4.84646094E+1	-7.45459563E+1	8.89152294E+1	-9.94329282E-1
2.66834962E+3	1.50788526E+2	5.79606415E-7	4.79137938E+1	-7.02076823E+1	8.49991195E+1	-9.71940797E-1
2.86118383E+3	1.39740102E+2	5.55938228E-7	4.73614632E+1	-6.61451993E+1	8.13529079E+1	-9.49397629E-1
3.06795364E+3	1.29842403E+2	5.32070161E-7	4.68155659E+1	-6.23453953E+1	7.79656690E+1	-9.26715275E-1
3.28966612E+3	1.20959876E+2	5.08111051E-7	4.62765072E+1	-5.87884803E+1	7.48171140E+1	-9.03927880E-1
3.52740116E+3	1.12978908E+2	4.84198605E-7	4.57408295E+1	-5.54574199E+1	7.18870569E+1	-8.81120130E-1
3.78231664E+3	1.05789626E+2	4.60430921E-7	4.52100867E+1	-5.23336045E+1	6.91574878E+1	-8.58297746E-1
4.05565415E+3	9.93121476E+1	4.36887384E-7	4.46862137E+1	-4.94067414E+1	6.66174438E+1	-8.35524906E-1
4.34874501E+3	9.34663679E+1	4.13711173E-7	4.41643497E+1	-4.66625281E+1	6.42485902E+1	-8.12896067E-1
4.66301673E+3	8.81758514E+1	3.90878399E-7	4.36576960E+1	-4.40858262E+1	6.20447782E+1	-7.90277463E-1
5.00000000E+3	8.33887475E+1	3.68535623E-7	4.31591121E+1	-4.16686369E+1	5.99915351E+1	-7.67829363E-1
5.36133611E+3	7.90539205E+1	3.46795330E-7	4.26649234E+1	-3.94022047E+1	5.80760661E+1	-7.45662384E-1
5.74878498E+3	7.51125542E+1	3.25688571E-7	4.21790152E+1	-3.72706885E+1	5.62865308E+1	-7.23697537E-1
6.16423370E+3	7.15263425E+1	3.05267072E-7	4.17021643E+1	-3.52665954E+1	5.46150462E+1	-7.01979456E-1
6.60970574E+3	6.82553526E+1	2.85574467E-7	4.12345807E+1	-3.33794876E+1	5.30516809E+1	-6.80508224E-1
7.08737081E+3	6.52753660E+1	2.66652306E-7	4.07770874E+1	-3.16064619E+1	5.15920469E+1	-6.59374708E-1
7.59955541E+3	6.25462341E+1	2.48549978E-7	4.03259204E+1	-2.99341710E+1	5.02218523E+1	-6.38558709E-1
8.14875417E+3	6.00517507E+1	2.31265928E-7	3.98852933E+1	-2.83609774E+1	4.89405933E+1	-6.18112626E-1
8.73764200E+3	5.77630458E+1	2.14813720E-7	3.94540643E+1	-2.68768248E+1	4.77387360E+1	-5.98009169E-1
9.36908711E+3	5.56607810E+1	1.99192526E-7	3.90330912E+1	-2.54760694E+1	4.66112898E+1	-5.78256049E-1
1.00461650E+4	5.37280705E+1	1.84426631E-7	3.86196656E+1	-2.41553623E+1	4.55517300E+1	-5.58935737E-1
1.07721735E+4	5.19476676E+1	1.70467405E-7	3.82182520E+1	-2.29066420E+1	4.45572558E+1	-5.39951674E-1
1.15506485E+4	5.03054898E+1	1.57332940E-7	3.78252190E+1	-2.17271480E+1	4.36212811E+1	-5.21390050E-1
1.23853818E+4	4.87843449E+1	1.44983466E-7	3.74413457E+1	-2.06081814E+1	4.27381740E+1	-5.03159785E-1
1.32804389E+4	4.73768688E+1	1.33423889E-7	3.70647929E+1	-1.95503178E+1	4.19048186E+1	-4.85376089E-1
1.42401793E+4	4.60715107E+1	1.22597263E-7	3.66987355E+1	-1.85464008E+1	4.11189273E+1	-4.67933528E-1
1.52692775E+4	4.48565851E+1	1.12472657E-7	3.63421840E+1	-1.75906762E+1	4.03755652E+1	-4.50789485E-1
1.63727458E+4	4.37301829E+1	1.03044295E-7	3.59952217E+1	-1.66859710E+1	3.96746471E+1	-4.34073624E-1
1.75559587E+4	4.26766582E+1	9.42523573E-8	3.56569603E+1	-1.58209061E+1	3.90092284E+1	-4.17600465E-1
1.88246790E+4	4.16972965E+1	8.60833774E-8	3.53292811E+1	-1.49992463E+1	3.83814474E+1	-4.01494230E-1
2.01850863E+4	4.07794821E+1	7.84989935E-8	3.50089979E+1	-1.42133335E+1	3.77842401E+1	-3.85660229E-1
2.16438064E+4	3.99211154E+1	7.14715475E-8	3.46972311E+1	-1.34630718E+1	3.72176325E+1	-3.70132624E-1
2.32079442E+4	3.91195575E+1	6.49437048E-8	3.43985448E+1	-1.27434670E+1	3.66831821E+1	-3.54789123E-1
2.48851178E+4	3.83680247E+1	5.89156163E-8	3.41072746E+1	-1.20549784E+1	3.61749740E+1	-3.39738807E-1
2.66834962E+4	3.76593851E+1	5.33484930E-8	3.38220007E+1	-1.13924538E+1	3.56891545E+1	-3.24899270E-1
2.86118383E+4	3.69991147E+1	4.82013690E-8	3.35504493E+1	-1.07565915E+1	3.52326116E+1	-3.10255695E-1
3.06795364E+4	3.63809156E+1	4.34418043E-8	3.32909965E+1	-1.01423108E+1	3.48016800E+1	-2.95723111E-1
3.28966612E+4	3.57975358E+1	3.90684576E-8	3.30368273E+1	-9.55013297E+0	3.43894898E+1	-2.81404308E-1
3.52740116E+4	3.52499867E+1	3.50400853E-8	3.27924945E+1	-8.97704259E+0	3.39990441E+1	-2.67206483E-1
3.78231664E+4	3.47366264E+1	3.13337625E-8	3.25582310E+1	-8.42167994E+0	3.36297949E+1	-2.53117331E-1
4.05565415E+4	3.42552969E+1	2.79278406E-8	3.23336794E+1	-7.88244591E+0	3.32806218E+1	-2.39120165E-1
4.34874501E+4	3.38042690E+1	2.48048091E-8	3.21182793E+1	-7.35874112E+0	3.29504925E+1	-2.25226551E-1
4.66301673E+4	3.33811263E+1	2.19420442E-8	3.19115315E+1	-6.84813882E+0	3.26380585E+1	-2.11391529E-1
5.00000000E+4	3.29849550E+1	1.93187984E-8	3.17139643E+1	-6.34886955E+0	3.23432170E+1	-1.97579794E-1
5.36133611E+4	3.26130615E+1	1.69244259E-8	3.15232584E+1	-5.86124023E+0	3.20635301E+1	-1.83834544E-1
5.74878498E+4	3.22690384E+1	1.47316164E-8	3.13448696E+1	-5.38218749E+0	3.18035973E+1	-1.70050414E-1
6.16423370E+4	3.19464737E+1	1.27337942E-8	3.11726305E+1	-4.91148884E+0	3.15571802E+1	-1.56273049E-1
6.60970574E+4	3.16469842E+1	1.09114453E-8	3.10092430E+1	-4.44700658E+0	3.13264908E+1	-1.42437897E-1
7.08737081E+4	3.13685558E+1	9.25387107E-9	3.08530142E+1	-3.98823347E+0	3.11097171E+1	-1.28552746E-1
7.59955541E+4	3.11124601E+1	7.74962907E-9	3.07054712E+1	-3.53507865E+0	3.09082958E+1	-1.14623971E-1
8.14875417E+4	3.08729872E+1	6.38152130E-9	3.05620088E+1	-3.08287440E+0	3.07171045E+1	-1.00532706E-1
8.73764200E+4	3.06553439E+1	5.13937711E-9	3.04277026E+1	-2.63184281E+0	3.05413112E+1	-8.62802196E-2
9.36908711E+4	3.04556309E+1	4.01732084E-9	3.02984557E+1	-2.18223619E+0	3.03769417E+1	-7.19005095E-2
1.00461650E+5	3.02741032E+1	3.00199531E-9	3.01747988E+1	-1.73103502E+0	3.02244102E+1	-5.73041048E-2
1.07721735E+5	3.01120812E+1	2.08421682E-9	3.00578446E+1	-1.27680544E+0	3.00849507E+1	-4.24527542E-2
1.15506485E+5	2.99679048E+1	1.25621543E-9	2.99455511E+1	-8.18161616E-1	2.99567259E+1	-2.73148448E-2
1.23853818E+5	2.98407186E+1	5.09586908E-10	2.98365403E+1	-3.53073637E-1	2.98386294E+1	-1.18330457E-2
1.32804389E+5	2.97294769E+1	-1.53702897E-10	2.97290354E+1	1.13355348E-1	2.97292561E+1	3.81293354E-3
1.42401793E+5	2.96427013E+1	-7.63695172E-10	2.96305445E+1	6.00167762E-1	2.96366223E+1	2.02522699E-2
1.52692775E+5	2.95744310E+1	-1.30476656E-9	2.95339530E+1	1.09337512E+0	2.95541851E+1	3.70040534E-2
1.63727458E+5	2.95231512E+1	-1.78787728E-9	2.94363573E+1	1.59840135E+0	2.94797223E+1	5.42469706E-2
1.75559587E+5	2.94971590E+1	-2.22120757E-9	2.93438858E+1	2.12075922E+0	2.94204226E+1	7.21471693E-2
1.88246790E+5	2.95007707E+1	-2.61749497E-9	2.92481210E+1	2.67044609E+0	2.93741379E+1	9.10518732E-2
2.01850863E+5	2.95115726E+1	-2.94584852E-9	2.91571092E+1	3.21482775E+0	2.93338055E+1	1.09815221E-1
2.16438064E+5	2.95616207E+1	-3.24640976E-9	2.90665313E+1	3.79348426E+0	2.93130308E+1	1.29776876E-1
2.32079442E+5	2.96401692E+1	-3.51127534E-9	2.89728768E+1	4.39697236E+0	2.93046237E+1	1.50612409E-1
2.48851178E+5	2.97525579E+1	-3.74212986E-9	2.88774050E+1	5.02713922E+0	2.93117155E+1	1.72358255E-1
2.66834962E+5	2.99012764E+1	-3.94081857E-9	2.87780691E+1	5.68538827E+0	2.93342972E+1	1.95048112E-1
2.86118383E+5	3.00917846E+1	-4.10853328E-9	2.86752466E+1	6.37334656E+0	2.93749782E+1	2.18704488E-1
3.06795364E+5	3.03313923E+1	-4.25039901E-9	2.85671110E+1	7.09932440E+0	2.94360366E+1	2.43579501E-1
3.28966612E+5	3.06269132E+1	-4.36298305E-9	2.84561430E+1	7.85949277E+0	2.95215821E+1	2.69478399E-1
3.52740116E+5	3.09840990E+1	-4.45597142E-9	2.83313290E+1	8.66927873E+0	2.96280390E+1	2.96948735E-1
3.78231664E+5	3.14082934E+1	-4.52278353E-9	2.81950121E+1	9.51831639E+0	2.97583130E+1	3.25575443E-1
4.05565415E+5	3.19180681E+1	-4.56349539E-9	2.80532152E+1	1.04125635E+1	2.99233090E+1	3.55410230E-1
4.34874501E+5	3.25225512E+1	-4.58444133E-9	2.78931267E+1	1.13634967E+1	3.01190244E+1	3.86864359E-1
4.66301673E+5	3.32343137E+1	-4.58326287E-9	2.77145071E+1	1.23684542E+1	3.03491781E+1	4.19756801E-1
NaN	NaN	NaN	NaN	NaN	NaN	NaN
