Start time:20240906_05-56-03	sweep/start:500.000	sweep/stop:500000.000	sweep/samplecount:100.000	sweep/xmapping:1.000	sweep/scan:0.000	sweep/averaging/sample:10.000	sweep/settling/time:0.100	sweep/settling/inaccuracy:0.010	sweep/awgcontrol:0.000	sweep/averaging/time:0.100	sweep/averaging/tc:15.000	sweep/bandwidthcontrol:2.000	sweep/sincfilter:0.000	sweep/omegasuppression:80.000	sweep/maxbandwidth:100.000	sweep/bandwidth:1250000.000	sweep/order:8.000	sweep/bandwidthoverlap:1.000																				
Frequency	Param0		Param1		RealZ		ImagZ		AbsZ		PhaseZ		
5.00000000E+2	1.06351504E+3	7.41558843E-7	1.48978287E+2	-3.69115275E+2	3.98046003E+2	-1.18718253E+0
5.36133611E+2	9.68392477E+2	7.24953394E-7	1.46886531E+2	-3.47373191E+2	3.77152211E+2	-1.17074869E+0
5.74878498E+2	8.83651774E+2	7.07639443E-7	1.44825252E+2	-3.27109655E+2	3.57736051E+2	-1.15399435E+0
6.16423370E+2	8.08263369E+2	6.89679594E-7	1.42766848E+2	-3.08238252E+2	3.39695742E+2	-1.13704399E+0
6.60970574E+2	7.41149374E+2	6.71118946E-7	1.40712561E+2	-2.90669899E+2	3.22938101E+2	-1.11995149E+0
7.08737081E+2	6.81269171E+2	6.52078483E-7	1.38652042E+2	-2.74289930E+2	3.07342408E+2	-1.10276281E+0
7.59955541E+2	6.28028313E+2	6.32712887E-7	1.36526573E+2	-2.59042539E+2	2.92818279E+2	-1.08574906E+0
8.14875417E+2	5.80502432E+2	6.12888959E-7	1.34428895E+2	-2.44877862E+2	2.79349775E+2	-1.06874959E+0
8.73764200E+2	5.37949886E+2	5.92930632E-7	1.32288951E+2	-2.31655896E+2	2.66767356E+2	-1.05192962E+0
9.36908711E+2	4.99797958E+2	5.72863352E-7	1.30127578E+2	-2.19326942E+2	2.55024499E+2	-1.03531482E+0
1.00461650E+3	4.65538791E+2	5.52819141E-7	1.27930666E+2	-2.07823072E+2	2.44042384E+2	-1.01900334E+0
1.07721735E+3	4.34850969E+2	5.32888414E-7	1.25682613E+2	-1.97122001E+2	2.33780247E+2	-1.00319617E+0
1.15506485E+3	4.07166672E+2	5.13115570E-7	1.23419593E+2	-1.87136169E+2	2.24170343E+2	-9.87759439E-1
1.23853818E+3	3.82052629E+2	4.93647941E-7	1.21130088E+2	-1.77779550E+2	2.15123377E+2	-9.72697142E-1
1.32804389E+3	3.59349947E+2	4.74544370E-7	1.18802823E+2	-1.69049331E+2	2.06619911E+2	-9.58213621E-1
1.42401793E+3	3.38717452E+2	4.55878578E-7	1.16445111E+2	-1.60880472E+2	1.98600077E+2	-9.44275861E-1
1.52692775E+3	3.19835283E+2	4.37732205E-7	1.14058883E+2	-1.53201259E+2	1.90997525E+2	-9.30822231E-1
1.63727458E+3	3.02555280E+2	4.20062656E-7	1.11669274E+2	-1.46000345E+2	1.83810032E+2	-9.17854828E-1
1.75559587E+3	2.86697285E+2	4.02969429E-7	1.09257430E+2	-1.39235850E+2	1.76985333E+2	-9.05458714E-1
1.88246790E+3	2.72035328E+2	3.86428808E-7	1.06848871E+2	-1.32853250E+2	1.70489494E+2	-8.93461770E-1
2.01850863E+3	2.58493703E+2	3.70494321E-7	1.04428717E+2	-1.26841667E+2	1.64299013E+2	-8.82008780E-1
2.16438064E+3	2.45892997E+2	3.55134634E-7	1.02018430E+2	-1.21152205E+2	1.58384397E+2	-8.70925094E-1
2.32079442E+3	2.34153962E+2	3.40363713E-7	9.96150958E+1	-1.15767446E+2	1.52726125E+2	-8.60251823E-1
2.48851178E+3	2.23201981E+2	3.26118949E-7	9.72409145E+1	-1.10673254E+2	1.47324012E+2	-8.49913719E-1
2.66834962E+3	2.12933154E+2	3.12428144E-7	9.48885813E+1	-1.05835163E+2	1.42144028E+2	-8.39879754E-1
2.86118383E+3	2.03257335E+2	2.99260544E-7	9.25682616E+1	-1.01223983E+2	1.37168429E+2	-8.30033446E-1
3.06795364E+3	1.94153018E+2	2.86581004E-7	9.02878727E+1	-9.68388497E+1	1.32399633E+2	-8.20392111E-1
3.28966612E+3	1.85575032E+2	2.74371456E-7	8.80506837E+1	-9.26665281E+1	1.27828042E+2	-8.10934420E-1
3.52740116E+3	1.77471314E+2	2.62603848E-7	8.58630907E+1	-8.86891484E+1	1.23443248E+2	-8.01587075E-1
3.78231664E+3	1.69793638E+2	2.51263683E-7	8.37261732E+1	-8.48887469E+1	1.19231588E+2	-7.92292900E-1
4.05565415E+3	1.62539701E+2	2.40344071E-7	8.16378124E+1	-8.12690166E+1	1.15192819E+2	-7.83134323E-1
4.34874501E+3	1.55637829E+2	2.29796038E-7	7.96101734E+1	-7.77982951E+1	1.11311969E+2	-7.73887992E-1
4.66301673E+3	1.49111916E+2	2.19615864E-7	7.76403511E+1	-7.44921288E+1	1.07596940E+2	-7.64707164E-1
5.00000000E+3	1.42925688E+2	2.09804373E-7	7.57237735E+1	-7.13357029E+1	1.04033035E+2	-7.55568267E-1
5.36133611E+3	1.37037411E+2	2.00315776E-7	7.38708293E+1	-6.83093528E+1	1.00613454E+2	-7.46302402E-1
5.74878498E+3	1.31455155E+2	1.91158437E-7	7.20751967E+1	-6.54203489E+1	9.73378451E+1	-7.37035445E-1
6.16423370E+3	1.26149717E+2	1.82315215E-7	7.03379317E+1	-6.26552909E+1	9.41971876E+1	-7.27695132E-1
6.60970574E+3	1.21105964E+2	1.73780141E-7	6.86567775E+1	-6.00082670E+1	9.11852249E+1	-7.18281871E-1
7.08737081E+3	1.16320219E+2	1.65548257E-7	6.70301200E+1	-5.74797460E+1	8.83003862E+1	-7.08844310E-1
7.59955541E+3	1.11757004E+2	1.57612246E-7	6.54544652E+1	-5.50518654E+1	8.55277436E+1	-6.99287540E-1
8.14875417E+3	1.07423220E+2	1.49947047E-7	6.39361099E+1	-5.27294663E+1	8.28747416E+1	-6.89634141E-1
8.73764200E+3	1.03302321E+2	1.42559653E-7	6.24683461E+1	-5.05057504E+1	8.03313459E+1	-6.79903319E-1
9.36908711E+3	9.93795103E+1	1.35431760E-7	6.10531751E+1	-4.83729721E+1	7.78937393E+1	-6.70033602E-1
1.00461650E+4	9.56387458E+1	1.28564728E-7	5.96853710E+1	-4.63237572E+1	7.55528557E+1	-6.60017227E-1
1.07721735E+4	9.20804665E+1	1.21947816E-7	5.83663384E+1	-4.43595558E+1	7.33102971E+1	-6.49882815E-1
1.15506485E+4	8.86981829E+1	1.15571006E-7	5.70965479E+1	-4.24775734E+1	7.11643172E+1	-6.39624577E-1
1.23853818E+4	8.54619093E+1	1.09424199E-7	5.58719527E+1	-4.06601598E+1	6.91008230E+1	-6.29100729E-1
1.32804389E+4	8.23846136E+1	1.03521026E-7	5.46880290E+1	-3.89187822E+1	6.71226648E+1	-6.18502600E-1
1.42401793E+4	7.94519446E+1	9.78299550E-8	5.35511847E+1	-3.72426684E+1	6.52284121E+1	-6.07671997E-1
1.52692775E+4	7.66515184E+1	9.23458198E-8	5.24585558E+1	-3.56248205E+1	6.34115758E+1	-5.96563783E-1
1.63727458E+4	7.39867431E+1	8.70688033E-8	5.14092031E+1	-3.40689491E+1	6.16733288E+1	-5.85252371E-1
1.75559587E+4	7.14467331E+1	8.19907199E-8	5.04017491E+1	-3.25684505E+1	6.00086686E+1	-5.73682995E-1
1.88246790E+4	6.90294837E+1	7.71218427E-8	4.94304870E+1	-3.11253580E+1	5.84137054E+1	-5.61957183E-1
2.01850863E+4	6.67288451E+1	7.24209173E-8	4.85073573E+1	-2.97300555E+1	5.68932327E+1	-5.49849282E-1
2.16438064E+4	6.45446068E+1	6.79170673E-8	4.76207019E+1	-2.83888745E+1	5.54405941E+1	-5.37580606E-1
2.32079442E+4	6.24613082E+1	6.35891778E-8	4.67718970E+1	-2.70891765E+1	5.40502902E+1	-5.24967252E-1
2.48851178E+4	6.04838632E+1	5.94373295E-8	4.59616602E+1	-2.58353338E+1	5.27251245E+1	-5.12090254E-1
2.66834962E+4	5.86051487E+1	5.54573633E-8	4.51880460E+1	-2.46230100E+1	5.14611712E+1	-4.98919982E-1
2.86118383E+4	5.68244311E+1	5.16515958E-8	4.44492092E+1	-2.34535455E+1	5.02573479E+1	-4.85520746E-1
3.06795364E+4	5.51375356E+1	4.80153079E-8	4.37445938E+1	-2.23244166E+1	4.91118019E+1	-4.71881732E-1
3.28966612E+4	5.35426629E+1	4.45398415E-8	4.30762369E+1	-2.12333284E+1	4.80251646E+1	-4.57971129E-1
3.52740116E+4	5.20314354E+1	4.12274923E-8	4.24387989E+1	-2.01767182E+1	4.69909738E+1	-4.43799889E-1
3.78231664E+4	5.06038447E+1	3.80798870E-8	4.18311394E+1	-1.91565197E+1	4.60088739E+1	-4.29444446E-1
4.05565415E+4	4.92595216E+1	3.50844169E-8	4.12575977E+1	-1.81697590E+1	4.50813655E+1	-4.14840179E-1
4.34874501E+4	4.79881679E+1	3.22506740E-8	4.07083991E+1	-1.72147530E+1	4.41986594E+1	-4.00073312E-1
4.66301673E+4	4.67926437E+1	2.95653052E-8	4.01898206E+1	-1.62900666E+1	4.33657464E+1	-3.85091173E-1
5.00000000E+4	4.56643819E+1	2.70309477E-8	3.96951923E+1	-1.53931193E+1	4.25753029E+1	-3.69930286E-1
5.36133611E+4	4.46022917E+1	2.46438833E-8	3.92245882E+1	-1.45237114E+1	4.18271027E+1	-3.54617905E-1
5.74878498E+4	4.36053425E+1	2.23972373E-8	3.87794086E+1	-1.36801627E+1	4.11216414E+1	-3.39139262E-1
6.16423370E+4	4.26671011E+1	2.02901952E-8	3.83549132E+1	-1.28605436E+1	4.04535902E+1	-3.23522818E-1
6.60970574E+4	4.17841345E+1	1.83180180E-8	3.79496132E+1	-1.20631086E+1	3.98207451E+1	-3.07771160E-1
7.08737081E+4	4.09569714E+1	1.64717900E-8	3.75664428E+1	-1.12858359E+1	3.92250904E+1	-2.91845125E-1
7.59955541E+4	4.01808415E+1	1.47524073E-8	3.72006097E+1	-1.05293128E+1	3.86620201E+1	-2.75826765E-1
8.14875417E+4	3.94503800E+1	1.31468740E-8	3.68517319E+1	-9.78594280E+0	3.81289237E+1	-2.59558695E-1
8.73764200E+4	3.87660173E+1	1.16562066E-8	3.65186220E+1	-9.05934730E+0	3.76255436E+1	-2.43165828E-1
9.36908711E+4	3.81263967E+1	1.02710259E-8	3.62025406E+1	-8.34556576E+0	3.71520177E+1	-2.26566299E-1
1.00461650E+5	3.75261208E+1	8.98813146E-9	3.58988955E+1	-7.64300853E+0	3.67034915E+1	-2.09771643E-1
1.07721735E+5	3.69626516E+1	7.79931981E-9	3.56070197E+1	-6.94766186E+0	3.62785041E+1	-1.92699425E-1
1.15506485E+5	3.64370242E+1	6.70083764E-9	3.53277658E+1	-6.26000110E+0	3.58781083E+1	-1.75377324E-1
1.23853818E+5	3.59482390E+1	5.68513851E-9	3.50613991E+1	-5.57618501E+0	3.55020500E+1	-1.57719644E-1
1.32804389E+5	3.54883107E+1	4.74926499E-9	3.47999874E+1	-4.89421502E+0	3.51424637E+1	-1.39722022E-1
1.42401793E+5	3.50683331E+1	3.88667306E-9	3.45544304E+1	-4.21397721E+0	3.48104334E+1	-1.21352638E-1
1.52692775E+5	3.46794426E+1	3.09312483E-9	3.43160026E+1	-3.53154384E+0	3.44972440E+1	-1.02551425E-1
1.63727458E+5	3.43199852E+1	2.36293134E-9	3.40827744E+1	-2.84337759E+0	3.42011741E+1	-8.32329089E-2
1.75559587E+5	3.39924717E+1	1.69325285E-9	3.38559964E+1	-2.14953534E+0	3.39241654E+1	-6.34054290E-2
1.88246790E+5	3.37015326E+1	1.07830770E-9	3.36350842E+1	-1.44539951E+0	3.36682880E+1	-4.29489524E-2
2.01850863E+5	3.34371549E+1	5.15103954E-10	3.34212072E+1	-7.30057136E-1	3.34291801E+1	-2.18406537E-2
2.16438064E+5	3.32090220E+1	2.57784767E-12	3.32090212E+1	-3.86607730E-3	3.32090216E+1	-1.16418137E-4
2.32079442E+5	3.30175697E+1	-4.69431239E-10	3.30007118E+1	7.45859602E-1	3.30091397E+1	2.25974674E-2
2.48851178E+5	3.28618501E+1	-8.98775470E-10	3.27919151E+1	1.51436149E+0	3.28268640E+1	4.61481536E-2
2.66834962E+5	3.27510750E+1	-1.28756439E-9	3.25881824E+1	2.30397200E+0	3.26695271E+1	7.05821740E-2
2.86118383E+5	3.26788621E+1	-1.64118267E-9	3.23778749E+1	3.12174803E+0	3.25280204E+1	9.61189756E-2
3.06795364E+5	3.26594017E+1	-1.95955458E-9	3.21698064E+1	3.96864894E+0	3.24136797E+1	1.22745463E-1
3.28966612E+5	3.26915837E+1	-2.24438854E-9	3.19565711E+1	4.84647503E+0	3.23219881E+1	1.50511208E-1
3.52740116E+5	3.27851472E+1	-2.50036096E-9	3.17375294E+1	5.76617297E+0	3.22570856E+1	1.79722743E-1
3.78231664E+5	3.29456395E+1	-2.72372690E-9	3.15125210E+1	6.72020205E+0	3.22211135E+1	2.10107653E-1
4.05565415E+5	3.31832197E+1	-2.91906664E-9	3.12775815E+1	7.72034068E+0	3.22163135E+1	2.41995779E-1
4.34874501E+5	3.35036606E+1	-3.08781032E-9	3.10246383E+1	8.76987564E+0	3.22403311E+1	2.75487072E-1
4.66301673E+5	3.39290774E+1	-3.22762083E-9	3.07622697E+1	9.87006025E+0	3.23068944E+1	3.10473366E-1
NaN	NaN	NaN	NaN	NaN	NaN	NaN
