Start time:20240905_22-22-42	sweep/start:500.000	sweep/stop:500000.000	sweep/samplecount:100.000	sweep/xmapping:1.000	sweep/scan:0.000	sweep/averaging/sample:10.000	sweep/settling/time:0.100	sweep/settling/inaccuracy:0.010	sweep/awgcontrol:0.000	sweep/averaging/time:0.100	sweep/averaging/tc:15.000	sweep/bandwidthcontrol:2.000	sweep/sincfilter:0.000	sweep/omegasuppression:80.000	sweep/maxbandwidth:100.000	sweep/bandwidth:1250000.000	sweep/order:8.000	sweep/bandwidthoverlap:1.000																				
Frequency	Param0		Param1		RealZ		ImagZ		AbsZ		PhaseZ		
5.00000000E+2	9.89837102E+2	6.84681751E-7	1.78890604E+2	-3.80881463E+2	4.20799883E+2	-1.13170145E+0
5.36133611E+2	9.05304019E+2	6.65969747E-7	1.76651331E+2	-3.58772139E+2	3.99903919E+2	-1.11326529E+0
5.74878498E+2	8.30151836E+2	6.46518149E-7	1.74464940E+2	-3.38222334E+2	3.80568481E+2	-1.09456573E+0
6.16423370E+2	7.63457567E+2	6.26511126E-7	1.72260900E+2	-3.19123877E+2	3.62648413E+2	-1.07582319E+0
6.60970574E+2	7.04291801E+2	6.05971798E-7	1.70058079E+2	-3.01414580E+2	3.46078751E+2	-1.05711648E+0
7.08737081E+2	6.51415939E+2	5.85195683E-7	1.67817108E+2	-2.84879175E+2	3.30633829E+2	-1.03844366E+0
7.59955541E+2	6.04515990E+2	5.64148384E-7	1.65539850E+2	-2.69570088E+2	3.16340762E+2	-1.02008211E+0
8.14875417E+2	5.62535903E+2	5.42946088E-7	1.63269937E+2	-2.55319648E+2	3.03059725E+2	-1.00185732E+0
8.73764200E+2	5.25160255E+2	5.21836523E-7	1.60914108E+2	-2.42099848E+2	2.90698622E+2	-9.84184179E-1
9.36908711E+2	4.91691346E+2	5.00821859E-7	1.58539201E+2	-2.29820951E+2	2.79199480E+2	-9.66923177E-1
1.00461650E+3	4.61685016E+2	4.80144695E-7	1.56084056E+2	-2.18401993E+2	2.68443039E+2	-9.50296356E-1
1.07721735E+3	4.34737501E+2	4.59871680E-7	1.53561949E+2	-2.07792836E+2	2.58377893E+2	-9.34362994E-1
1.15506485E+3	4.10355781E+2	4.40022647E-7	1.51016558E+2	-1.97900262E+2	2.48938779E+2	-9.18967415E-1
1.23853818E+3	3.88402195E+2	4.20783475E-7	1.48383549E+2	-1.88718880E+2	2.40067687E+2	-9.04485042E-1
1.32804389E+3	3.68451224E+2	4.02197174E-7	1.45687409E+2	-1.80149609E+2	2.31686649E+2	-8.90771562E-1
1.42401793E+3	3.50277932E+2	3.84274076E-7	1.42945184E+2	-1.72154631E+2	2.23764481E+2	-8.77833029E-1
1.52692775E+3	3.33635220E+2	3.67101649E-7	1.40139057E+2	-1.64670484E+2	2.16229795E+2	-8.65706235E-1
1.63727458E+3	3.18385400E+2	3.50671203E-7	1.37282671E+2	-1.57677726E+2	2.09066491E+2	-8.54433342E-1
1.75559587E+3	3.04312193E+2	3.35020507E-7	1.34371482E+2	-1.51113151E+2	2.02214935E+2	-8.43974057E-1
1.88246790E+3	2.91265445E+2	3.20130901E-7	1.31418470E+2	-1.44937380E+2	1.95646770E+2	-8.34277684E-1
2.01850863E+3	2.79146874E+2	3.05986924E-7	1.28430505E+2	-1.39127922E+2	1.89343533E+2	-8.25358491E-1
2.16438064E+3	2.67780119E+2	2.92541295E-7	1.25429751E+2	-1.33622492E+2	1.83269182E+2	-8.17013453E-1
2.32079442E+3	2.57114442E+2	2.79798671E-7	1.22408183E+2	-1.28410076E+2	1.77406064E+2	-8.09322845E-1
2.48851178E+3	2.47066485E+2	2.67733476E-7	1.19371646E+2	-1.23463123E+2	1.71734484E+2	-8.02245381E-1
2.66834962E+3	2.37552618E+2	2.56260475E-7	1.16352394E+2	-1.18751572E+2	1.66252265E+2	-7.95602562E-1
2.86118383E+3	2.28520831E+2	2.45377474E-7	1.13343257E+2	-1.14256731E+2	1.60938792E+2	-7.89411651E-1
3.06795364E+3	2.19931026E+2	2.35052462E-7	1.10350391E+2	-1.09964838E+2	1.55786632E+2	-7.83648157E-1
3.28966612E+3	2.11713470E+2	2.25231753E-7	1.07389828E+2	-1.05845631E+2	1.50784193E+2	-7.78156549E-1
3.52740116E+3	2.03856025E+2	2.15881185E-7	1.04468545E+2	-1.01896346E+2	1.45933349E+2	-7.72934482E-1
3.78231664E+3	1.96316299E+2	2.06961788E-7	1.01595763E+2	-9.80979353E+1	1.41226428E+2	-7.67883992E-1
4.05565415E+3	1.89083035E+2	1.98456005E-7	9.87711084E+1	-9.44468568E+1	1.36659946E+2	-7.63021729E-1
4.34874501E+3	1.82125614E+2	1.90346462E-7	9.59939157E+1	-9.09291966E+1	1.32223110E+2	-7.58309591E-1
4.66301673E+3	1.75445884E+2	1.82551827E-7	9.32951460E+1	-8.75457877E+1	1.27938459E+2	-7.53616518E-1
5.00000000E+3	1.68998830E+2	1.75082627E-7	9.06607856E+1	-8.42744833E+1	1.23780316E+2	-7.48907710E-1
5.36133611E+3	1.62806108E+2	1.67929298E-7	8.80888358E+1	-8.11280311E+1	1.19755586E+2	-7.44285935E-1
5.74878498E+3	1.56820260E+2	1.61060208E-7	8.55854158E+1	-7.80811353E+1	1.15851315E+2	-7.39579221E-1
6.16423370E+3	1.51047271E+2	1.54447833E-7	8.31571204E+1	-7.51368707E+1	1.12074333E+2	-7.34774654E-1
6.60970574E+3	1.45478646E+2	1.48096505E-7	8.07948262E+1	-7.22918934E+1	1.08415506E+2	-7.29911933E-1
7.08737081E+3	1.40117334E+2	1.41965043E-7	7.85124500E+1	-6.95467492E+1	1.04885438E+2	-7.24917179E-1
7.59955541E+3	1.34926054E+2	1.36067406E-7	7.62946691E+1	-6.68824496E+1	1.01460035E+2	-7.19754321E-1
8.14875417E+3	1.29918053E+2	1.30383031E-7	7.41464091E+1	-6.43060423E+1	9.81476291E+1	-7.14443499E-1
8.73764200E+3	1.25089778E+2	1.24885406E-7	7.20747921E+1	-6.18145940E+1	9.49516705E+1	-7.08915742E-1
9.36908711E+3	1.20427678E+2	1.19566786E-7	7.00771211E+1	-5.94005220E+1	9.18652543E+1	-7.03125282E-1
1.00461650E+4	1.15921571E+2	1.14418289E-7	6.81515451E+1	-5.70578740E+1	8.88832612E+1	-6.97027989E-1
1.07721735E+4	1.11581913E+2	1.09434755E-7	6.62966965E+1	-5.47928848E+1	8.60087916E+1	-6.90679950E-1
1.15506485E+4	1.07389112E+2	1.04600563E-7	6.45134229E+1	-5.25933207E+1	8.32348434E+1	-6.83959181E-1
1.23853818E+4	1.03350784E+2	9.99090056E-8	6.28013762E+1	-5.04634380E+1	8.05640828E+1	-6.76895951E-1
1.32804389E+4	9.94471172E+1	9.53638557E-8	6.11517907E+1	-4.83924346E+1	7.79831345E+1	-6.69443901E-1
1.42401793E+4	9.56929517E+1	9.09472711E-8	5.95713320E+1	-4.63876380E+1	7.55020303E+1	-6.61611693E-1
1.52692775E+4	9.20711294E+1	8.66434105E-8	5.80614457E+1	-4.44370482E+1	7.31148605E+1	-6.53249912E-1
1.63727458E+4	8.86015444E+1	8.24585731E-8	5.66187091E+1	-4.25538101E+1	7.08272902E+1	-6.44515163E-1
1.75559587E+4	8.52625531E+1	7.83879460E-8	5.52386506E+1	-4.07244374E+1	6.86278979E+1	-6.35288023E-1
1.88246790E+4	8.20658762E+1	7.44208583E-8	5.39257660E+1	-3.89548066E+1	6.65241702E+1	-6.25587648E-1
2.01850863E+4	7.89947521E+1	7.05626435E-8	5.26713675E+1	-3.72355827E+1	6.45039658E+1	-6.15369599E-1
2.16438064E+4	7.60595824E+1	6.68003075E-8	5.14816910E+1	-3.55712155E+1	6.25753618E+1	-6.04625506E-1
2.32079442E+4	7.32591396E+1	6.31453742E-8	5.03488943E+1	-3.39632956E+1	6.07331594E+1	-5.93446585E-1
2.48851178E+4	7.05746687E+1	5.95866536E-8	4.92719652E+1	-3.23979314E+1	5.89690816E+1	-5.81652450E-1
2.66834962E+4	6.80263466E+1	5.61331390E-8	4.82503422E+1	-3.08901110E+1	5.72913126E+1	-5.69458619E-1
2.86118383E+4	6.55962173E+1	5.27727231E-8	4.72839651E+1	-2.94257684E+1	5.56924522E+1	-5.56669974E-1
3.06795364E+4	6.32910531E+1	4.95162096E-8	4.63686736E+1	-2.80119307E+1	5.41730761E+1	-5.43438471E-1
3.28966612E+4	6.10998536E+1	4.63633855E-8	4.55004043E+1	-2.66417198E+1	5.27263505E+1	-5.29709685E-1
3.52740116E+4	5.90288948E+1	4.33141550E-8	4.46811715E+1	-2.53194208E+1	5.13564034E+1	-5.15550537E-1
3.78231664E+4	5.70693751E+1	4.03714450E-8	4.39063043E+1	-2.40404197E+1	5.00570210E+1	-5.00951904E-1
4.05565415E+4	5.52194159E+1	3.75373206E-8	4.31741689E+1	-2.28044627E+1	4.88267589E+1	-4.85949857E-1
4.34874501E+4	5.34778060E+1	3.48117110E-8	4.24847467E+1	-2.16110463E+1	4.76654072E+1	-4.70565702E-1
4.66301673E+4	5.18355532E+1	3.21971077E-8	4.18331668E+1	-2.04555980E+1	4.65665689E+1	-4.54793118E-1
5.00000000E+4	5.02916710E+1	2.96951630E-8	4.12185617E+1	-1.93385755E+1	4.55296644E+1	-4.38682096E-1
5.36133611E+4	4.88390048E+1	2.73096828E-8	4.06358315E+1	-1.82576767E+1	4.45490019E+1	-4.22271604E-1
5.74878498E+4	4.74779556E+1	2.50343268E-8	4.00888578E+1	-1.72110570E+1	4.36272508E+1	-4.05526314E-1
6.16423370E+4	4.62008481E+1	2.28756797E-8	3.95704860E+1	-1.61977354E+1	4.27573387E+1	-3.88531055E-1
6.60970574E+4	4.50059776E+1	2.08321795E-8	3.90808487E+1	-1.52170647E+1	4.19389056E+1	-3.71312565E-1
7.08737081E+4	4.38853605E+1	1.88989829E-8	3.86175408E+1	-1.42628968E+1	4.11672770E+1	-3.53796860E-1
7.59955541E+4	4.28407890E+1	1.70763329E-8	3.81817523E+1	-1.33375475E+1	4.04442380E+1	-3.36066515E-1
8.14875417E+4	4.18632597E+1	1.53640930E-8	3.77674498E+1	-1.24373746E+1	3.97626528E+1	-3.18129390E-1
8.73764200E+4	4.09489511E+1	1.37557075E-8	3.73747576E+1	-1.15578807E+1	3.91210572E+1	-2.99914858E-1
9.36908711E+4	4.00966531E+1	1.22508284E-8	3.70025609E+1	-1.06999687E+1	3.85185520E+1	-2.81490097E-1
1.00461650E+5	3.93025735E+1	1.08475976E-8	3.66484273E+1	-9.86256942E+0	3.79523057E+1	-2.62884948E-1
1.07721735E+5	3.85620608E+1	9.53631286E-9	3.63124692E+1	-9.03815334E+0	3.74203641E+1	-2.43942578E-1
1.15506485E+5	3.78742753E+1	8.31796596E-9	3.59927482E+1	-8.22929659E+0	3.69215283E+1	-2.24774080E-1
1.23853818E+5	3.72346087E+1	7.18557520E-9	3.56875322E+1	-7.43043283E+0	3.64528640E+1	-2.05275350E-1
1.32804389E+5	3.66389669E+1	6.13771319E-9	3.53927303E+1	-6.64134518E+0	3.60104577E+1	-1.85490112E-1
1.42401793E+5	3.60907384E+1	5.16504935E-9	3.51139272E+1	-5.85659189E+0	3.55989825E+1	-1.65267014E-1
1.52692775E+5	3.55837313E+1	4.26797961E-9	3.48440026E+1	-5.07691877E+0	3.52119245E+1	-1.44686087E-1
1.63727458E+5	3.51185016E+1	3.43968912E-9	3.45844367E+1	-4.29771173E+0	3.48504461E+1	-1.23633418E-1
1.75559587E+5	3.46943279E+1	2.67755000E-9	3.43338130E+1	-3.51821626E+0	3.45135997E+1	-1.02114470E-1
1.88246790E+5	3.42959529E+1	1.96996002E-9	3.40736287E+1	-2.72253079E+0	3.41845949E+1	-7.97311491E-2
2.01850863E+5	3.39690112E+1	1.33142862E-9	3.38576126E+1	-1.94208201E+0	3.39132662E+1	-5.72974934E-2
2.16438064E+5	3.36630928E+1	7.40991828E-10	3.36244006E+1	-1.14060564E+0	3.36437411E+1	-3.39089587E-2
2.32079442E+5	3.34017886E+1	1.99063292E-10	3.33986484E+1	-3.23821922E-1	3.34002185E+1	-9.69535667E-3
2.48851178E+5	3.31837415E+1	-2.95193180E-10	3.31759585E+1	5.08130104E-1	3.31798497E+1	1.53150135E-2
2.66834962E+5	3.30080124E+1	-7.44530262E-10	3.29520693E+1	1.35770981E+0	3.29800290E+1	4.11792746E-2
2.86118383E+5	3.28845628E+1	-1.15322390E-9	3.27324231E+1	2.23156469E+0	3.28084048E+1	6.80706374E-2
3.06795364E+5	3.28102234E+1	-1.52371700E-9	3.25083123E+1	3.13282823E+0	3.26589190E+1	9.60733822E-2
3.28966612E+5	3.27953830E+1	-1.85728868E-9	3.22836629E+1	4.06449241E+0	3.25385170E+1	1.25240453E-1
3.52740116E+5	3.28405979E+1	-2.15563715E-9	3.20515686E+1	5.02887367E+0	3.24436847E+1	1.55630653E-1
3.78231664E+5	3.29535773E+1	-2.41978210E-9	3.18111873E+1	6.02832112E+0	3.23773442E+1	1.87282404E-1
4.05565415E+5	3.31517295E+1	-2.65295263E-9	3.15661953E+1	7.07454790E+0	3.23492499E+1	2.20474640E-1
4.34874501E+5	3.34358232E+1	-2.85386730E-9	3.13075442E+1	8.16278921E+0	3.23541884E+1	2.55050915E-1
4.66301673E+5	3.38229964E+1	-3.02399344E-9	3.10359463E+1	9.30046623E+0	3.23995169E+1	2.91151771E-1
5.00000000E+5	3.43245064E+1	-3.16524965E-9	3.07429619E+1	1.04931961E+1	3.24844114E+1	3.28921496E-1
