Start time:20240905_18-23-40	sweep/start:500.000	sweep/stop:500000.000	sweep/samplecount:100.000	sweep/xmapping:1.000	sweep/scan:0.000	sweep/averaging/sample:10.000	sweep/settling/time:0.100	sweep/settling/inaccuracy:0.010	sweep/awgcontrol:0.000	sweep/averaging/time:0.100	sweep/averaging/tc:15.000	sweep/bandwidthcontrol:2.000	sweep/sincfilter:0.000	sweep/omegasuppression:80.000	sweep/maxbandwidth:100.000	sweep/bandwidth:1250000.000	sweep/order:8.000	sweep/bandwidthoverlap:1.000																				
Frequency	Param0		Param1		RealZ		ImagZ		AbsZ		PhaseZ		
5.00000000E+2	1.07005052E+3	6.92389409E-7	1.66736467E+2	-3.88091163E+2	4.22393064E+2	-1.16500855E+0
5.36133611E+2	9.73870026E+2	6.75743826E-7	1.64660603E+2	-3.65026881E+2	4.00446983E+2	-1.14703494E+0
5.74878498E+2	8.87372517E+2	6.58416436E-7	1.62709054E+2	-3.43378926E+2	3.79978108E+2	-1.12828920E+0
6.16423370E+2	8.11395461E+2	6.40123211E-7	1.60774830E+2	-3.23424288E+2	3.61181182E+2	-1.10946999E+0
6.60970574E+2	7.44085018E+2	6.21293338E-7	1.58787053E+2	-3.04856495E+2	3.43730804E+2	-1.09060170E+0
7.08737081E+2	6.84005708E+2	6.01880094E-7	1.56845893E+2	-2.87546078E+2	3.27541456E+2	-1.07144260E+0
7.59955541E+2	6.30562592E+2	5.81872207E-7	1.54953909E+2	-2.71472451E+2	3.12582851E+2	-1.05213139E+0
8.14875417E+2	5.82994161E+2	5.61632080E-7	1.52999216E+2	-2.56493306E+2	2.98659665E+2	-1.03295159E+0
8.73764200E+2	5.40833823E+2	5.40898126E-7	1.51099229E+2	-2.42669610E+2	2.85866284E+2	-1.01388574E+0
9.36908711E+2	5.03341191E+2	5.20030157E-7	1.49168952E+2	-2.29850908E+2	2.74012471E+2	-9.95137596E-1
1.00461650E+3	4.69895125E+2	4.99386874E-7	1.47118146E+2	-2.17913541E+2	2.62925983E+2	-9.76963127E-1
1.07721735E+3	4.39858077E+2	4.78644120E-7	1.45140635E+2	-2.06822276E+2	2.52668291E+2	-9.58886837E-1
1.15506485E+3	4.13381938E+2	4.58295756E-7	1.43016060E+2	-1.96638348E+2	2.43146543E+2	-9.41978907E-1
1.23853818E+3	3.89347199E+2	4.38278987E-7	1.40893618E+2	-1.87097586E+2	2.34214698E+2	-9.25346738E-1
1.32804389E+3	3.67936275E+2	4.18775669E-7	1.38682940E+2	-1.78307363E+2	2.25890410E+2	-9.09755109E-1
1.42401793E+3	3.48666790E+2	3.99746188E-7	1.36454931E+2	-1.70168580E+2	2.18122208E+2	-8.94909578E-1
1.52692775E+3	3.31220472E+2	3.81478776E-7	1.34124102E+2	-1.62589558E+2	2.10771542E+2	-8.81041237E-1
1.63727458E+3	3.15398213E+2	3.63941215E-7	1.31723929E+2	-1.55545152E+2	2.03827106E+2	-8.68131915E-1
1.75559587E+3	3.01004889E+2	3.47199724E-7	1.29243867E+2	-1.48993458E+2	1.97238513E+2	-8.56260417E-1
1.88246790E+3	2.87934146E+2	3.31222411E-7	1.26706489E+2	-1.42928603E+2	1.91005555E+2	-8.45488931E-1
2.01850863E+3	2.75905526E+2	3.16059054E-7	1.24105906E+2	-1.37256049E+2	1.85044594E+2	-8.35669683E-1
2.16438064E+3	2.64747570E+2	3.01793518E-7	1.21409209E+2	-1.31918890E+2	1.79284107E+2	-8.26860821E-1
2.32079442E+3	2.54419617E+2	2.88320530E-7	1.18657210E+2	-1.26921958E+2	1.73749012E+2	-8.19039584E-1
2.48851178E+3	2.44762953E+2	2.75667393E-7	1.15835846E+2	-1.22206294E+2	1.68381479E+2	-8.12153633E-1
2.66834962E+3	2.35713749E+2	2.63767503E-7	1.12967112E+2	-1.17755387E+2	1.63180576E+2	-8.06148585E-1
2.86118383E+3	2.27131779E+2	2.52636938E-7	1.10036743E+2	-1.13511033E+2	1.58091241E+2	-8.00938506E-1
3.06795364E+3	2.19039209E+2	2.42111493E-7	1.07107676E+2	-1.09493033E+2	1.53169121E+2	-7.96410416E-1
3.28966612E+3	2.11217064E+2	2.32248070E-7	1.04146475E+2	-1.05598403E+2	1.48315582E+2	-7.92320401E-1
3.52740116E+3	2.03763243E+2	2.22961096E-7	1.01180284E+2	-1.01879200E+2	1.43585591E+2	-7.88840077E-1
3.78231664E+3	1.96546469E+2	2.14201833E-7	9.82220521E+1	-9.82732151E+1	1.38943143E+2	-7.85658533E-1
4.05565415E+3	1.89593703E+2	2.05888204E-7	9.52997253E+1	-9.47955128E+1	1.34418106E+2	-7.82745754E-1
4.34874501E+3	1.82823506E+2	1.98069224E-7	9.23814470E+1	-9.14066062E+1	1.29959608E+2	-7.80094058E-1
4.66301673E+3	1.76290037E+2	1.90575005E-7	8.95371065E+1	-8.81340215E+1	1.25636378E+2	-7.77501240E-1
5.00000000E+3	1.69889314E+2	1.83463404E-7	8.67310552E+1	-8.49258680E+1	1.21386487E+2	-7.74882302E-1
5.36133611E+3	1.63655764E+2	1.76668816E-7	8.39858511E+1	-8.17994181E+1	1.17238084E+2	-7.72210589E-1
5.74878498E+3	1.57595041E+2	1.70128371E-7	8.13231380E+1	-7.87570315E+1	1.13208317E+2	-7.69369402E-1
6.16423370E+3	1.51676429E+2	1.63837422E-7	7.87372772E+1	-7.57827805E+1	1.09282152E+2	-7.66280022E-1
6.60970574E+3	1.45900715E+2	1.57766409E-7	7.62347310E+1	-7.28763830E+1	1.05464219E+2	-7.62879521E-1
7.08737081E+3	1.40284860E+2	1.51886330E-7	7.38223368E+1	-7.00458314E+1	1.01765201E+2	-7.59154426E-1
7.59955541E+3	1.34813983E+2	1.46195301E-7	7.14938750E+1	-6.72829824E+1	9.81752208E+1	-7.55064570E-1
8.14875417E+3	1.29502397E+2	1.40652160E-7	6.92621638E+1	-6.45938746E+1	9.47080573E+1	-7.50536850E-1
8.73764200E+3	1.24336084E+2	1.35263056E-7	6.71175249E+1	-6.19707024E+1	9.13516839E+1	-7.45548692E-1
9.36908711E+3	1.19329742E+2	1.29998535E-7	6.50678403E+1	-5.94197316E+1	8.81165618E+1	-7.40058391E-1
1.00461650E+4	1.14499251E+2	1.24848049E-7	6.31129308E+1	-5.69485826E+1	8.50081362E+1	-7.34099962E-1
1.07721735E+4	1.09821180E+2	1.19803285E-7	6.12497802E+1	-5.45434449E+1	8.20153831E+1	-7.27546317E-1
1.15506485E+4	1.05295040E+2	1.14864515E-7	5.94726721E+1	-5.22032420E+1	7.91339200E+1	-7.20395887E-1
1.23853818E+4	1.00935665E+2	1.10025377E-7	5.77803821E+1	-4.99352441E+1	7.63681953E+1	-7.12694597E-1
1.32804389E+4	9.67348249E+1	1.05279211E-7	5.61705233E+1	-4.77338240E+1	7.37132668E+1	-7.04379116E-1
1.42401793E+4	9.27045387E+1	1.00609437E-7	5.46472209E+1	-4.56040192E+1	7.11761573E+1	-6.95436258E-1
1.52692775E+4	8.88398801E+1	9.60297476E-8	5.32000186E+1	-4.35435552E+1	6.87479689E+1	-6.85912643E-1
1.63727458E+4	8.51362256E+1	9.15231935E-8	5.18323498E+1	-4.15477803E+1	6.64289891E+1	-6.75703684E-1
1.75559587E+4	8.15958019E+1	8.71093616E-8	5.05326192E+1	-3.96194887E+1	6.42125342E+1	-6.64931888E-1
1.88246790E+4	7.82168678E+1	8.27624750E-8	4.93093014E+1	-3.77546267E+1	6.21032937E+1	-6.53454376E-1
2.01850863E+4	7.49913300E+1	7.84946465E-8	4.81533571E+1	-3.59491086E+1	6.00922979E+1	-6.41292389E-1
2.16438064E+4	7.19280114E+1	7.43105794E-8	4.70624237E+1	-3.42086941E+1	5.81816683E+1	-6.28538808E-1
2.32079442E+4	6.90121337E+1	7.02209967E-8	4.60275786E+1	-3.25257338E+1	5.63601046E+1	-6.15180128E-1
2.48851178E+4	6.62577557E+1	6.61909285E-8	4.50662773E+1	-3.09034122E+1	5.46442160E+1	-6.01086159E-1
2.66834962E+4	6.36526233E+1	6.22664504E-8	4.41554901E+1	-2.93411895E+1	5.30152125E+1	-5.86499004E-1
2.86118383E+4	6.11946585E+1	5.84330980E-8	4.33011489E+1	-2.78354000E+1	5.14761985E+1	-5.71320277E-1
3.06795364E+4	5.88798678E+1	5.46993677E-8	4.24990709E+1	-2.63850073E+1	5.00233912E+1	-5.55600293E-1
3.28966612E+4	5.66989742E+1	5.10712916E-8	4.17446119E+1	-2.49852764E+1	4.86505567E+1	-5.39335691E-1
3.52740116E+4	5.46569680E+1	4.75525898E-8	4.10391570E+1	-2.36402933E+1	4.73611221E+1	-5.22617295E-1
3.78231664E+4	5.27409216E+1	4.41507699E-8	4.03764483E+1	-2.23435337E+1	4.61464093E+1	-5.05434795E-1
4.05565415E+4	5.09503978E+1	4.08664718E-8	3.97577505E+1	-2.10948917E+1	4.50074794E+1	-4.87815684E-1
4.34874501E+4	4.92767822E+1	3.77152910E-8	3.91746626E+1	-1.98933937E+1	4.39363325E+1	-4.69878267E-1
4.66301673E+4	4.77188678E+1	3.46865247E-8	3.86332109E+1	-1.87352098E+1	4.29363841E+1	-4.51535998E-1
5.00000000E+4	4.62666916E+1	3.18011600E-8	3.81216350E+1	-1.76210912E+1	4.19971657E+1	-4.32980484E-1
5.36133611E+4	4.49160013E+1	2.90470028E-8	3.76446672E+1	-1.65446952E+1	4.11199212E+1	-4.14084870E-1
5.74878498E+4	4.36631975E+1	2.64358641E-8	3.71971404E+1	-1.55086693E+1	4.03006958E+1	-3.95016977E-1
6.16423370E+4	4.24997536E+1	2.39645666E-8	3.67769863E+1	-1.45074504E+1	3.95349574E+1	-3.75730829E-1
6.60970574E+4	4.14212549E+1	2.16356631E-8	3.63816823E+1	-1.35406100E+1	3.88197750E+1	-3.56297875E-1
7.08737081E+4	4.04268273E+1	1.94428458E-8	3.60145116E+1	-1.26058472E+1	3.81569449E+1	-3.36693822E-1
7.59955541E+4	3.95034784E+1	1.73899761E-8	3.56658941E+1	-1.16991820E+1	3.75356747E+1	-3.16962355E-1
8.14875417E+4	3.86539729E+1	1.54707562E-8	3.53408988E+1	-1.08206749E+1	3.69603320E+1	-2.97116795E-1
8.73764200E+4	3.78682014E+1	1.36828022E-8	3.50333554E+1	-9.96564859E+0	3.64232090E+1	-2.77141246E-1
9.36908711E+4	3.71449067E+1	1.20228767E-8	3.47436163E+1	-9.13397513E+0	3.59242034E+1	-2.57079235E-1
1.00461650E+5	3.64794348E+1	1.04816520E-8	3.44713836E+1	-8.31987351E+0	3.54611984E+1	-2.36826687E-1
1.07721735E+5	3.58646017E+1	9.06046500E-9	3.42097850E+1	-7.52402167E+0	3.50274223E+1	-2.16490889E-1
1.15506485E+5	3.53037807E+1	7.74859184E-9	3.39650511E+1	-6.74314518E+0	3.46279470E+1	-1.95983500E-1
1.23853818E+5	3.47890562E+1	6.54038769E-9	3.37314925E+1	-5.97270358E+0	3.42561935E+1	-1.75249659E-1
1.32804389E+5	3.43173078E+1	5.42919736E-9	3.35074163E+1	-5.20932960E+0	3.39099441E+1	-1.54233274E-1
1.42401793E+5	3.38940974E+1	4.41569112E-9	3.32970048E+1	-4.45885405E+0	3.35942245E+1	-1.33119621E-1
1.52692775E+5	3.35078771E+1	3.48720108E-9	3.30919973E+1	-3.70975507E+0	3.32992880E+1	-1.11638187E-1
1.63727458E+5	3.31639656E+1	2.63611689E-9	3.28978726E+1	-2.95869592E+0	3.30306512E+1	-8.96944707E-2
1.75559587E+5	3.28564161E+1	1.86405796E-9	3.27071326E+1	-2.20966524E+0	3.27816894E+1	-6.74566200E-2
1.88246790E+5	3.25999753E+1	1.16061909E-9	3.25303710E+1	-1.45562795E+0	3.25651500E+1	-4.47165678E-2
2.01850863E+5	3.23603967E+1	5.21148874E-10	3.23455991E+1	-6.91833111E-1	3.23529971E+1	-2.13855250E-2
2.16438064E+5	3.21715707E+1	-5.76192430E-11	3.21713660E+1	8.11004518E-2	3.21714683E+1	2.52088262E-3
2.32079442E+5	3.20216444E+1	-5.79907951E-10	3.19981821E+1	8.66451975E-1	3.20099111E+1	2.70715483E-2
2.48851178E+5	3.19129609E+1	-1.05022789E-9	3.18255596E+1	1.66780879E+0	3.18692303E+1	5.23568034E-2
2.66834962E+5	3.18509258E+1	-1.47264716E-9	3.16551594E+1	2.48936197E+0	3.17528917E+1	7.84784782E-2
2.86118383E+5	3.18320268E+1	-1.85209772E-9	3.14784196E+1	3.33631256E+0	3.16547294E+1	1.05593087E-1
3.06795364E+5	3.18704734E+1	-2.18771997E-9	3.13049745E+1	4.20748222E+0	3.15864584E+1	1.33602354E-1
3.28966612E+5	3.19600397E+1	-2.48615360E-9	3.11206116E+1	5.11110887E+0	3.15375329E+1	1.62782264E-1
3.52740116E+5	3.21216280E+1	-2.74501326E-9	3.09400177E+1	6.04640439E+0	3.15252873E+1	1.92991177E-1
3.78231664E+5	3.23492837E+1	-2.97007181E-9	3.07462890E+1	7.02040266E+0	3.15376033E+1	2.24484892E-1
4.05565415E+5	3.26555552E+1	-3.16400563E-9	3.05385638E+1	8.04051136E+0	3.15793248E+1	2.57447656E-1
4.34874501E+5	3.30529011E+1	-3.32332102E-9	3.03214026E+1	9.10070401E+0	3.16577055E+1	2.91586375E-1
4.66301673E+5	3.35599440E+1	-3.45247920E-9	3.00921611E+1	1.02153319E+1	3.17787859E+1	3.27261746E-1
NaN	NaN	NaN	NaN	NaN	NaN	NaN
