Start time:20240907_08-10-51	sweep/start:500.000	sweep/stop:500000.000	sweep/samplecount:100.000	sweep/xmapping:1.000	sweep/scan:0.000	sweep/averaging/sample:10.000	sweep/settling/time:0.100	sweep/settling/inaccuracy:0.010	sweep/awgcontrol:0.000	sweep/averaging/time:0.100	sweep/averaging/tc:15.000	sweep/bandwidthcontrol:2.000	sweep/sincfilter:0.000	sweep/omegasuppression:80.000	sweep/maxbandwidth:100.000	sweep/bandwidth:1250000.000	sweep/order:8.000	sweep/bandwidthoverlap:1.000																				
Frequency	Param0		Param1		RealZ		ImagZ		AbsZ		PhaseZ		
5.00000000E+2	1.17157755E+3	8.12956918E-7	1.17708994E+2	-3.52207007E+2	3.71355875E+2	-1.24826237E+0
5.36133611E+2	1.05936114E+3	7.99068670E-7	1.16013792E+2	-3.30819100E+2	3.50571647E+2	-1.23351006E+0
5.74878498E+2	9.59970050E+2	7.84350739E-7	1.14324801E+2	-3.10931177E+2	3.31282901E+2	-1.21845398E+0
6.16423370E+2	8.71547877E+2	7.68882537E-7	1.12657185E+2	-2.92394368E+2	3.13346630E+2	-1.20303329E+0
6.60970574E+2	7.92834812E+2	7.52708319E-7	1.11002949E+2	-2.75109673E+2	2.96659719E+2	-1.18728825E+0
7.08737081E+2	7.22798065E+2	7.35879584E-7	1.09346059E+2	-2.58995257E+2	2.81131831E+2	-1.17130539E+0
7.59955541E+2	6.60547154E+2	7.18434283E-7	1.07673348E+2	-2.43987220E+2	2.66689548E+2	-1.15519471E+0
8.14875417E+2	6.05003130E+2	7.00365780E-7	1.06018159E+2	-2.30003175E+2	2.53261351E+2	-1.13888026E+0
8.73764200E+2	5.55357087E+2	6.81883484E-7	1.04345656E+2	-2.16935653E+2	2.40726182E+2	-1.12246540E+0
9.36908711E+2	5.11189057E+2	6.62929971E-7	1.02654148E+2	-2.04787206E+2	2.29075696E+2	-1.10613142E+0
1.00461650E+3	4.71626684E+2	6.43680904E-7	1.00948286E+2	-1.93440809E+2	2.18196937E+2	-1.08981702E+0
1.07721735E+3	4.36128246E+2	6.24246179E-7	9.92210255E+1	-1.82834016E+2	2.08021850E+2	-1.07358765E+0
1.15506485E+3	4.04306255E+2	6.04620322E-7	9.74830912E+1	-1.72945275E+2	1.98527131E+2	-1.05752280E+0
1.23853818E+3	3.75657402E+2	5.84962192E-7	9.57266064E+1	-1.63697353E+2	1.89632294E+2	-1.04164469E+0
1.32804389E+3	3.49833862E+2	5.65333348E-7	9.39545307E+1	-1.55051673E+2	1.81296650E+2	-1.02600874E+0
1.42401793E+3	3.26480323E+2	5.45768188E-7	9.21822978E+1	-1.46963020E+2	1.73481139E+2	-1.01058193E+0
1.52692775E+3	3.05337418E+2	5.26428487E-7	9.03865295E+1	-1.39386743E+2	1.66127628E+2	-9.95505467E-1
1.63727458E+3	2.86117455E+2	5.07309097E-7	8.85908439E+1	-1.32283970E+2	1.59208626E+2	-9.80695258E-1
1.75559587E+3	2.68580331E+2	4.88506337E-7	8.67904664E+1	-1.25609023E+2	1.52676822E+2	-9.66165134E-1
1.88246790E+3	2.52566547E+2	4.70048327E-7	8.49892002E+1	-1.19340958E+2	1.46510848E+2	-9.51959472E-1
2.01850863E+3	2.37887919E+2	4.51985657E-7	8.31897898E+1	-1.13442957E+2	1.40676387E+2	-9.38057305E-1
2.16438064E+3	2.24374668E+2	4.34326643E-7	8.14032350E+1	-1.07881123E+2	1.35147414E+2	-9.24380515E-1
2.32079442E+3	2.11941144E+2	4.17118437E-7	7.96228243E+1	-1.02642866E+2	1.29905166E+2	-9.11032332E-1
2.48851178E+3	2.00434415E+2	4.00327350E-7	7.78678047E+1	-9.76933606E+1	1.24929531E+2	-8.97848545E-1
2.66834962E+3	1.89765272E+2	3.84006808E-7	7.61300847E+1	-9.30110543E+1	1.20195034E+2	-8.84872796E-1
2.86118383E+3	1.79858182E+2	3.68123220E-7	7.44210208E+1	-8.85818323E+1	1.15694552E+2	-8.72055218E-1
3.06795364E+3	1.70640420E+2	3.52693514E-7	7.27395357E+1	-8.43875860E+1	1.11410524E+2	-8.59394194E-1
3.28966612E+3	1.62042773E+2	3.37688025E-7	7.10949061E+1	-8.04110065E+1	1.07333199E+2	-8.46810852E-1
3.52740116E+3	1.54013574E+2	3.23140213E-7	6.94799974E+1	-7.66380622E+1	1.03444974E+2	-8.34347260E-1
3.78231664E+3	1.46493248E+2	3.09002597E-7	6.79067511E+1	-7.30517187E+1	9.97390620E+1	-8.21881849E-1
4.05565415E+3	1.39449035E+2	2.95259074E-7	6.63781604E+1	-6.96441680E+1	9.62100325E+1	-8.09404371E-1
4.34874501E+3	1.32840162E+2	2.81953099E-7	6.48833170E+1	-6.64023000E+1	9.28391637E+1	-7.96967711E-1
4.66301673E+3	1.26651664E+2	2.69033034E-7	6.34332447E+1	-6.33257405E+1	8.96321704E+1	-7.84550065E-1
5.00000000E+3	1.20844157E+2	2.56459725E-7	6.20363043E+1	-6.04005114E+1	8.65836293E+1	-7.72038655E-1
5.36133611E+3	1.15378143E+2	2.44295610E-7	6.06762104E+1	-5.76116820E+1	8.36702363E+1	-7.59496586E-1
5.74878498E+3	1.10231582E+2	2.32521747E-7	5.93556001E+1	-5.49524738E+1	8.08879575E+1	-7.46897378E-1
6.16423370E+3	1.05405045E+2	2.21099175E-7	5.80829696E+1	-5.24271552E+1	7.82447313E+1	-7.34263626E-1
6.60970574E+3	1.00854750E+2	2.10025735E-7	5.68561316E+1	-5.00159092E+1	7.57245726E+1	-7.21481493E-1
7.08737081E+3	9.65766275E+1	1.99324453E-7	5.56687604E+1	-4.77209621E+1	7.33232646E+1	-7.08676820E-1
7.59955541E+3	9.25376299E+1	1.88969397E-7	5.45237847E+1	-4.55264613E+1	7.10316957E+1	-6.95711363E-1
8.14875417E+3	8.87394526E+1	1.78978729E-7	5.34166503E+1	-4.34376074E+1	6.88488510E+1	-6.82728902E-1
8.73764200E+3	8.51605919E+1	1.69327655E-7	5.23507440E+1	-4.14441783E+1	6.67699059E+1	-6.69637060E-1
9.36908711E+3	8.17846246E+1	1.60019133E-7	5.13229816E+1	-3.95396297E+1	6.47875820E+1	-6.56434732E-1
1.00461650E+4	7.86046671E+1	1.51043004E-7	5.03346820E+1	-3.77221511E+1	6.29010406E+1	-6.43134050E-1
1.07721735E+4	7.56044853E+1	1.42402921E-7	4.93822307E+1	-3.59849053E+1	6.11025214E+1	-6.29730145E-1
1.15506485E+4	7.27736394E+1	1.34074240E-7	4.84695131E+1	-3.43221377E+1	5.93911009E+1	-6.16153574E-1
1.23853818E+4	7.01012600E+1	1.26084853E-7	4.75874693E+1	-3.27318546E+1	5.77576103E+1	-6.02508053E-1
1.32804389E+4	6.75723465E+1	1.18413882E-7	4.67374000E+1	-3.12053073E+1	5.61974713E+1	-5.88699079E-1
1.42401793E+4	6.51907837E+1	1.11046260E-7	4.59239556E+1	-2.97457380E+1	5.47157989E+1	-5.74768798E-1
1.52692775E+4	6.29424709E+1	1.03980483E-7	4.51438441E+1	-2.83460472E+1	5.33053945E+1	-5.60685605E-1
1.63727458E+4	6.08188980E+1	9.72213466E-8	4.43933171E+1	-2.70034440E+1	5.19610683E+1	-5.46483480E-1
1.75559587E+4	5.88187390E+1	9.07423755E-8	4.36786156E+1	-2.57157461E+1	5.06864980E+1	-5.32105713E-1
1.88246790E+4	5.69314286E+1	8.45486314E-8	4.29950317E+1	-2.44784763E+1	4.94749287E+1	-5.17564702E-1
2.01850863E+4	5.51477308E+1	7.86533405E-8	4.23357140E+1	-2.32896082E+1	4.83189254E+1	-5.02933254E-1
2.16438064E+4	5.34745257E+1	7.30218162E-8	4.17122831E+1	-2.21501686E+1	4.72286412E+1	-4.88156656E-1
2.32079442E+4	5.18898251E+1	6.76746056E-8	4.11103000E+1	-2.10511155E+1	4.61866460E+1	-4.73252376E-1
2.48851178E+4	5.04034773E+1	6.25769301E-8	4.05428790E+1	-1.99944231E+1	4.52051110E+1	-4.58166548E-1
2.66834962E+4	4.89983634E+1	5.77544403E-8	3.99953375E+1	-1.89757486E+1	4.42685676E+1	-4.42998686E-1
2.86118383E+4	4.76858745E+1	5.31740014E-8	3.94818496E+1	-1.79975012E+1	4.33903966E+1	-4.27701835E-1
3.06795364E+4	4.64498056E+1	4.88386787E-8	3.89931900E+1	-1.70516037E+1	4.25585019E+1	-4.12240006E-1
3.28966612E+4	4.52908854E+1	4.47692343E-8	3.85241736E+1	-1.61456487E+1	4.17707305E+1	-3.96866398E-1
3.52740116E+4	4.42034857E+1	4.09242913E-8	3.80819059E+1	-1.52683139E+1	4.10286849E+1	-3.81310906E-1
3.78231664E+4	4.31844167E+1	3.73104434E-8	3.76623920E+1	-1.44212569E+1	4.03290023E+1	-3.65686219E-1
4.05565415E+4	4.22304885E+1	3.39243401E-8	3.72640338E+1	-1.36040481E+1	3.96696149E+1	-3.50038218E-1
4.34874501E+4	4.13395388E+1	3.07600202E-8	3.68864717E+1	-1.28163148E+1	3.90495803E+1	-3.34403968E-1
4.66301673E+4	4.05045192E+1	2.78039318E-8	3.65277035E+1	-1.20525490E+1	3.84647510E+1	-3.18708227E-1
5.00000000E+4	3.97265291E+1	2.50532019E-8	3.61885248E+1	-1.13152619E+1	3.79162826E+1	-3.03044667E-1
5.36133611E+4	3.89977861E+1	2.24965793E-8	3.58652733E+1	-1.05994536E+1	3.73987467E+1	-2.87355707E-1
5.74878498E+4	3.83188451E+1	2.01212198E-8	3.55607087E+1	-9.90359923E+0	3.69140257E+1	-2.71615694E-1
6.16423370E+4	3.76848162E+1	1.79279629E-8	3.52698226E+1	-9.22910509E+0	3.64573282E+1	-2.55933017E-1
6.60970574E+4	3.70931892E+1	1.59016525E-8	3.49933665E+1	-8.57203925E+0	3.60279830E+1	-2.40231268E-1
7.08737081E+4	3.65417972E+1	1.40334300E-8	3.47306629E+1	-7.93107078E+0	3.56247223E+1	-2.24509589E-1
7.59955541E+4	3.60282594E+1	1.23129243E-8	3.44811300E+1	-7.30388672E+0	3.52462068E+1	-2.08737285E-1
8.14875417E+4	3.55508817E+1	1.07313756E-8	3.42442841E+1	-6.68905782E+0	3.48914673E+1	-1.92904594E-1
8.73764200E+4	3.51053293E+1	9.28242942E-9	3.40166275E+1	-6.08555332E+0	3.45566912E+1	-1.77026648E-1
9.36908711E+4	3.46908315E+1	7.95625800E-9	3.37985546E+1	-5.49159929E+0	3.42417868E+1	-1.61072711E-1
1.00461650E+5	3.43038047E+1	6.73863374E-9	3.35886802E+1	-4.90102874E+0	3.39443592E+1	-1.44890612E-1
1.07721735E+5	3.39457184E+1	5.62743322E-9	3.33875796E+1	-4.31681567E+0	3.36654923E+1	-1.28580730E-1
1.15506485E+5	3.36151106E+1	4.61202742E-9	3.31948715E+1	-3.73494019E+0	3.34043302E+1	-1.12044346E-1
1.23853818E+5	3.33106997E+1	3.68822597E-9	3.30089732E+1	-3.15589526E+0	3.31594933E+1	-9.53174704E-2
1.32804389E+5	3.30296218E+1	2.84223593E-9	3.28281681E+1	-2.57159467E+0	3.29287409E+1	-7.81753635E-2
1.42401793E+5	3.27746574E+1	2.07448042E-9	3.26538146E+1	-1.98644578E+0	3.27141802E+1	-6.07586242E-2
1.52692775E+5	3.25449309E+1	1.37385100E-9	3.24851546E+1	-1.39349766E+0	3.25150290E+1	-4.28701648E-2
1.63727458E+5	3.23387738E+1	7.38438287E-10	3.23192688E+1	-7.93963700E-1	3.23290198E+1	-2.45613246E-2
1.75559587E+5	3.21605609E+1	1.60848715E-10	3.21595133E+1	-1.83508054E-1	3.21600371E+1	-5.70612036E-3
1.88246790E+5	3.20047845E+1	-3.52305723E-10	3.19915771E+1	4.26734099E-1	3.19981793E+1	1.33354248E-2
2.01850863E+5	3.18801653E+1	-8.38018855E-10	3.18436061E+1	1.07896430E+0	3.18618805E+1	3.38702742E-2
2.16438064E+5	3.17827706E+1	-1.26756459E-9	3.16876570E+1	1.73606318E+0	3.17351782E+1	5.47320126E-2
2.32079442E+5	3.17170311E+1	-1.65344540E-9	3.15326319E+1	2.41134389E+0	3.16246971E+1	7.63228355E-2
2.48851178E+5	3.16852694E+1	-2.00173288E-9	3.13766852E+1	3.11164575E+0	3.15305998E+1	9.88474305E-2
2.66834962E+5	3.16921926E+1	-2.31212802E-9	3.12209721E+1	3.83559844E+0	3.14556999E+1	1.22240732E-1
2.86118383E+5	3.17396902E+1	-2.59195437E-9	3.10603030E+1	4.59368635E+0	3.13981591E+1	1.46831356E-1
3.06795364E+5	3.18328749E+1	-2.83869482E-9	3.08954399E+1	5.38167654E+0	3.13606548E+1	1.72459626E-1
3.28966612E+5	3.19779407E+1	-3.05396424E-9	3.07259550E+1	6.20228554E+0	3.13456977E+1	1.99181567E-1
3.52740116E+5	3.21833662E+1	-3.24090332E-9	3.05507401E+1	7.06242593E+0	3.13564292E+1	2.27179682E-1
3.78231664E+5	3.24560749E+1	-3.40233150E-9	3.03648862E+1	7.96860052E+0	3.13930727E+1	2.56641068E-1
4.05565415E+5	3.28076949E+1	-3.53789079E-9	3.01684760E+1	8.92306928E+0	3.14604220E+1	2.87575797E-1
4.34874501E+5	3.32453206E+1	-3.64594644E-9	2.99590884E+1	9.92231842E+0	3.15594595E+1	3.19825371E-1
4.66301673E+5	3.37859704E+1	-3.72962230E-9	2.97333134E+1	1.09771961E+1	3.16949339E+1	3.53665890E-1
NaN	NaN	NaN	NaN	NaN	NaN	NaN
