Start time:20240908_20-00-19	sweep/start:500.000	sweep/stop:500000.000	sweep/samplecount:100.000	sweep/xmapping:1.000	sweep/scan:0.000	sweep/averaging/sample:10.000	sweep/settling/time:0.100	sweep/settling/inaccuracy:0.010	sweep/awgcontrol:0.000	sweep/averaging/time:0.100	sweep/averaging/tc:15.000	sweep/bandwidthcontrol:2.000	sweep/sincfilter:0.000	sweep/omegasuppression:80.000	sweep/maxbandwidth:100.000	sweep/bandwidth:1250000.000	sweep/order:8.000	sweep/bandwidthoverlap:1.000																				
Frequency	Param0		Param1		RealZ		ImagZ		AbsZ		PhaseZ		
5.00000000E+2	1.51226658E+3	9.09612455E-7	7.68614079E+1	-3.32154119E+2	3.40931197E+2	-1.34339602E+0
5.36133611E+2	1.35030183E+3	9.00798600E-7	7.59071892E+1	-3.11022860E+2	3.20151759E+2	-1.33141918E+0
5.74878498E+2	1.20732641E+3	8.91812829E-7	7.48709689E+1	-2.91183498E+2	3.00655125E+2	-1.31912175E+0
6.16423370E+2	1.07955831E+3	8.81745291E-7	7.39810248E+1	-2.72751497E+2	2.82606775E+2	-1.30592926E+0
6.60970574E+2	9.67316539E+2	8.71029720E-7	7.30376356E+1	-2.55569669E+2	2.65801362E+2	-1.29243258E+0
7.08737081E+2	8.67814701E+2	8.59487354E-7	7.21243303E+1	-2.39559023E+2	2.50180842E+2	-1.27835704E+0
7.59955541E+2	7.79192469E+2	8.47175861E-7	7.12561412E+1	-2.24598940E+2	2.35631350E+2	-1.26358130E+0
8.14875417E+2	7.01492066E+2	8.34132034E-7	7.03217980E+1	-2.10677294E+2	2.22103777E+2	-1.24863556E+0
8.73764200E+2	6.32279190E+2	8.20307593E-7	6.94194304E+1	-1.97669849E+2	2.09505204E+2	-1.23306287E+0
9.36908711E+2	5.70312701E+2	8.05654080E-7	6.85796709E+1	-1.85495705E+2	1.97767114E+2	-1.21667120E+0
1.00461650E+3	5.15882285E+2	7.90033652E-7	6.77154018E+1	-1.74206053E+2	1.86904070E+2	-1.20006157E+0
1.07721735E+3	4.67414373E+2	7.73724300E-7	6.68537158E+1	-1.63642764E+2	1.76772100E+2	-1.18295435E+0
1.15506485E+3	4.24468868E+2	7.56523941E-7	6.59997654E+1	-1.53814381E+2	1.67376327E+2	-1.16546896E+0
1.23853818E+3	3.86129175E+2	7.38724910E-7	6.51441795E+1	-1.44603927E+2	1.58600319E+2	-1.14752604E+0
1.32804389E+3	3.52176085E+2	7.20151808E-7	6.42809160E+1	-1.36037332E+2	1.50459940E+2	-1.12937004E+0
1.42401793E+3	3.21863008E+2	7.01107368E-7	6.34008721E+1	-1.28010618E+2	1.42850937E+2	-1.11093329E+0
1.52692775E+3	2.94787992E+2	6.81332559E-7	6.25467601E+1	-1.20523577E+2	1.35786710E+2	-1.09209704E+0
1.63727458E+3	2.70679122E+2	6.61047000E-7	6.16825419E+1	-1.13540467E+2	1.29213677E+2	-1.07313878E+0
1.75559587E+3	2.49085099E+2	6.40326225E-7	6.08217481E+1	-1.07007026E+2	1.23084480E+2	-1.05394364E+0
1.88246790E+3	2.29774692E+2	6.19231941E-7	5.99587445E+1	-1.00905640E+2	1.17375466E+2	-1.03464795E+0
2.01850863E+3	2.12407941E+2	5.97834992E-7	5.91051151E+1	-9.51891797E+1	1.12046396E+2	-1.01513444E+0
2.16438064E+3	1.96853327E+2	5.76258027E-7	5.82435063E+1	-8.98505438E+1	1.07076733E+2	-9.95668847E-1
2.32079442E+3	1.82808680E+2	5.54562208E-7	5.73898898E+1	-8.48396693E+1	1.02427385E+2	-9.76050421E-1
2.48851178E+3	1.70160598E+2	5.32852483E-7	5.65339299E+1	-8.01483709E+1	9.80808178E+1	-9.56478149E-1
2.66834962E+3	1.58709969E+2	5.11082942E-7	5.56989750E+1	-7.57469890E+1	9.40211801E+1	-9.36750815E-1
2.86118383E+3	1.48361578E+2	4.89517932E-7	5.48545699E+1	-7.16190357E+1	9.02125839E+1	-9.17182992E-1
3.06795364E+3	1.38996511E+2	4.67988473E-7	5.40358855E+1	-6.77563437E+1	8.66648674E+1	-8.97579817E-1
3.28966612E+3	1.30476683E+2	4.46800152E-7	5.32131340E+1	-6.41204758E+1	8.33251050E+1	-8.78091849E-1
3.52740116E+3	1.22718193E+2	4.25867728E-7	5.24068860E+1	-6.07025238E+1	8.01952506E+1	-8.58608789E-1
3.78231664E+3	1.15626582E+2	4.05293181E-7	5.16119181E+1	-5.74797301E+1	7.72509519E+1	-8.39134296E-1
4.05565415E+3	1.09187055E+2	3.85107524E-7	5.08290860E+1	-5.44635845E+1	7.44975040E+1	-8.19902523E-1
4.34874501E+3	1.03279594E+2	3.65368270E-7	5.00601412E+1	-5.16156289E+1	7.19040401E+1	-8.00695475E-1
4.66301673E+3	9.78828599E+1	3.46084181E-7	4.93093339E+1	-4.89400458E+1	6.94732938E+1	-7.81639494E-1
5.00000000E+3	9.29268221E+1	3.27318105E-7	4.85737551E+1	-4.64154595E+1	6.71848542E+1	-7.62680589E-1
5.36133611E+3	8.83726228E+1	3.09104336E-7	4.78532392E+1	-4.40338921E+1	6.50301177E+1	-7.43856440E-1
5.74878498E+3	8.41846950E+1	2.91474684E-7	4.71474808E+1	-4.17876928E+1	6.30007640E+1	-7.25204738E-1
6.16423370E+3	8.03330206E+1	2.74434539E-7	4.64595966E+1	-3.96704618E+1	6.10920592E+1	-7.06736588E-1
6.60970574E+3	7.67770257E+1	2.58019307E-7	4.57865231E+1	-3.76689172E+1	5.92904127E+1	-6.88434452E-1
7.08737081E+3	7.34946319E+1	2.42227720E-7	4.51309159E+1	-3.57782113E+1	5.75923608E+1	-6.70313770E-1
7.59955541E+3	7.04552874E+1	2.27073357E-7	4.44913242E+1	-3.39878073E+1	5.59879363E+1	-6.52350475E-1
8.14875417E+3	6.76525762E+1	2.12536172E-7	4.38740733E+1	-3.22995316E+1	5.44811350E+1	-6.34602156E-1
8.73764200E+3	6.50460839E+1	1.98675521E-7	4.32671184E+1	-3.06971176E+1	5.30505099E+1	-6.17059506E-1
9.36908711E+3	6.26276130E+1	1.85443269E-7	4.26786963E+1	-2.91786515E+1	5.16997568E+1	-5.99690049E-1
1.00461650E+4	6.03864222E+1	1.72847107E-7	4.21083202E+1	-2.77427495E+1	5.04258941E+1	-5.82566268E-1
1.07721735E+4	5.83003659E+1	1.60893024E-7	4.15519206E+1	-2.63804860E+1	4.92188192E+1	-5.65672555E-1
1.15506485E+4	5.63531933E+1	1.49542707E-7	4.10122101E+1	-2.50832134E+1	4.80746190E+1	-5.48907865E-1
1.23853818E+4	5.45413252E+1	1.38808557E-7	4.04877686E+1	-2.38536601E+1	4.69920902E+1	-5.32408699E-1
1.32804389E+4	5.28519280E+1	1.28660482E-7	3.99800939E+1	-2.26851739E+1	4.59676521E+1	-5.16112787E-1
1.42401793E+4	5.12684414E+1	1.19082912E-7	3.94860496E+1	-2.15694249E+1	4.49932019E+1	-4.99962896E-1
1.52692775E+4	4.97889187E+1	1.10066394E-7	3.90066474E+1	-2.05080517E+1	4.40692498E+1	-4.84040927E-1
1.63727458E+4	4.84021814E+1	1.01574890E-7	3.85428183E+1	-1.94937835E+1	4.31920881E+1	-4.68252583E-1
1.75559587E+4	4.71016706E+1	9.35916982E-8	3.80939964E+1	-1.85239921E+1	4.23590707E+1	-4.52603919E-1
1.88246790E+4	4.58850037E+1	8.61154560E-8	3.76590224E+1	-1.76006362E+1	4.15690314E+1	-4.37203224E-1
2.01850863E+4	4.47401840E+1	7.90961272E-8	3.72390700E+1	-1.67133028E+1	4.08176781E+1	-4.21864681E-1
2.16438064E+4	4.36697058E+1	7.25341982E-8	3.68348133E+1	-1.58670088E+1	4.01069253E+1	-4.06740304E-1
2.32079442E+4	4.26580262E+1	6.63838560E-8	3.64438468E+1	-1.50488728E+1	3.94287023E+1	-3.91605697E-1
2.48851178E+4	4.17089922E+1	6.06479520E-8	3.60669043E+1	-1.42650824E+1	3.87854898E+1	-3.76635952E-1
2.66834962E+4	4.08205808E+1	5.52949641E-8	3.57069694E+1	-1.35126441E+1	3.81782560E+1	-3.61775764E-1
2.86118383E+4	3.99787401E+1	5.03017302E-8	3.53575154E+1	-1.27826055E+1	3.75971929E+1	-3.46904455E-1
3.06795364E+4	3.91933792E+1	4.56680320E-8	3.50239851E+1	-1.20842364E+1	3.70500786E+1	-3.32238085E-1
3.28966612E+4	3.84524525E+1	4.13517975E-8	3.47037834E+1	-1.14058312E+1	3.65300641E+1	-3.17540907E-1
3.52740116E+4	3.77578166E+1	3.73472626E-8	3.43978701E+1	-1.07505807E+1	3.60387079E+1	-3.02917872E-1
3.78231664E+4	3.71068012E+1	3.36348905E-8	3.41062783E+1	-1.01161584E+1	3.55749194E+1	-2.88340983E-1
4.05565415E+4	3.64966256E+1	3.02031332E-8	3.38275460E+1	-9.50202081E+0	3.51367511E+1	-2.73839329E-1
4.34874501E+4	3.59260450E+1	2.70276905E-8	3.35634413E+1	-8.90489166E+0	3.47246555E+1	-2.59340239E-1
4.66301673E+4	3.53883040E+1	2.40971020E-8	3.33090610E+1	-8.32211617E+0	3.43329459E+1	-2.44833171E-1
5.00000000E+4	3.48846651E+1	2.14058182E-8	3.30649617E+1	-7.75683010E+0	3.39626282E+1	-2.30426844E-1
5.36133611E+4	3.44167934E+1	1.89224222E-8	3.28364331E+1	-7.20370648E+0	3.36173279E+1	-2.15960297E-1
5.74878498E+4	3.39784343E+1	1.66453437E-8	3.26171459E+1	-6.66343247E+0	3.32908328E+1	-2.01519368E-1
6.16423370E+4	3.35709696E+1	1.45554663E-8	3.24101130E+1	-6.13379874E+0	3.29854349E+1	-1.87043483E-1
6.60970574E+4	3.31886928E+1	1.26468240E-8	3.22099745E+1	-5.61466683E+0	3.26956717E+1	-1.72580496E-1
7.08737081E+4	3.28371299E+1	1.08971163E-8	3.20240011E+1	-5.10290396E+0	3.24280169E+1	-1.58017749E-1
7.59955541E+4	3.25097973E+1	9.30334136E-9	3.18456074E+1	-4.59907826E+0	3.21759886E+1	-1.43426340E-1
8.14875417E+4	3.22069014E+1	7.84659312E-9	3.16765779E+1	-4.09863658E+0	3.19406390E+1	-1.28675225E-1
8.73764200E+4	3.19267434E+1	6.52427474E-9	3.15146133E+1	-3.60390181E+0	3.17200090E+1	-1.13861910E-1
9.36908711E+4	3.16698027E+1	5.32089171E-9	3.13611950E+1	-3.11099638E+0	3.15151211E+1	-9.88754339E-2
1.00461650E+5	3.14325262E+1	4.23367096E-9	3.12122946E+1	-2.62181597E+0	3.13222168E+1	-8.38027353E-2
1.07721735E+5	3.12168294E+1	3.24332683E-9	3.10709209E+1	-2.12920190E+0	3.11437897E+1	-6.84201909E-2
1.15506485E+5	3.10236928E+1	2.34605753E-9	3.09373708E+1	-1.63418714E+0	3.09805017E+1	-5.27733846E-2
1.23853818E+5	3.08493636E+1	1.53718041E-9	3.08074090E+1	-1.13688218E+0	3.08283791E+1	-3.68861450E-2
1.32804389E+5	3.06942411E+1	8.07798329E-10	3.06811001E+1	-6.34778798E-1	3.06876699E+1	-2.06866326E-2
1.42401793E+5	3.05613478E+1	1.46624598E-10	3.05608562E+1	-1.22529157E-1	3.05611020E+1	-4.00933151E-3
1.52692775E+5	3.04484856E+1	-4.49240653E-10	3.04432422E+1	3.99515724E-1	3.04458638E+1	1.31225461E-2
1.63727458E+5	3.03581907E+1	-9.83706735E-10	3.03295651E+1	9.31770845E-1	3.03438745E+1	3.07118762E-2
1.75559587E+5	3.02893143E+1	-1.46370988E-9	3.02170450E+1	1.47774949E+0	3.02531581E+1	4.88655706E-2
1.88246790E+5	3.02519021E+1	-1.89551640E-9	3.01028232E+1	2.04084596E+0	3.01772459E+1	6.76947757E-2
2.01850863E+5	3.02252303E+1	-2.27898717E-9	2.99962951E+1	2.62053278E+0	3.01105451E+1	8.71406418E-2
2.16438064E+5	3.02335481E+1	-2.62158636E-9	2.98863263E+1	3.22136014E+0	3.00594359E+1	1.07372555E-1
2.32079442E+5	3.02733400E+1	-2.92568637E-9	2.97766497E+1	3.84574474E+0	3.00239677E+1	1.28442029E-1
2.48851178E+5	3.03455415E+1	-3.19394859E-9	2.96642721E+1	4.49547974E+0	3.00029732E+1	1.50400862E-1
2.66834962E+5	3.04575419E+1	-3.42681919E-9	2.95526093E+1	5.17135819E+0	3.00016638E+1	1.73234183E-1
2.86118383E+5	3.06052857E+1	-3.63148624E-9	2.94303642E+1	5.88033503E+0	3.00120760E+1	1.97208095E-1
3.06795364E+5	3.08049638E+1	-3.80541214E-9	2.93084025E+1	6.62282386E+0	3.00473672E+1	2.22237644E-1
3.28966612E+5	3.10577859E+1	-3.95326033E-9	2.91785550E+1	7.40493421E+0	3.01035098E+1	2.48533177E-1
3.52740116E+5	3.13648650E+1	-4.07248676E-9	2.90376428E+1	8.22051926E+0	3.01788293E+1	2.75879787E-1
3.78231664E+5	3.17561605E+1	-4.17314465E-9	2.88905627E+1	9.09882326E+0	3.02894921E+1	3.05107132E-1
4.05565415E+5	3.22113128E+1	-4.23709781E-9	2.87355145E+1	9.99393541E+0	3.04238169E+1	3.34705017E-1
4.34874501E+5	3.27635570E+1	-4.28766156E-9	2.85561831E+1	1.09611332E+1	3.05876138E+1	3.66502096E-1
4.66301673E+5	3.34343710E+1	-4.31247399E-9	2.83713167E+1	1.19852163E+1	3.07989791E+1	3.99701454E-1
5.00000000E+5	3.42180899E+1	-4.31366894E-9	2.81622748E+1	1.30593026E+1	3.10428611E+1	4.34201630E-1
