Start time:20240906_22-40-19	sweep/start:500.000	sweep/stop:500000.000	sweep/samplecount:100.000	sweep/xmapping:1.000	sweep/scan:0.000	sweep/averaging/sample:10.000	sweep/settling/time:0.100	sweep/settling/inaccuracy:0.010	sweep/awgcontrol:0.000	sweep/averaging/time:0.100	sweep/averaging/tc:15.000	sweep/bandwidthcontrol:2.000	sweep/sincfilter:0.000	sweep/omegasuppression:80.000	sweep/maxbandwidth:100.000	sweep/bandwidth:1250000.000	sweep/order:8.000	sweep/bandwidthoverlap:1.000																				
Frequency	Param0		Param1		RealZ		ImagZ		AbsZ		PhaseZ		
5.00000000E+2	1.12242367E+3	7.85223625E-7	1.29512150E+2	-3.58600177E+2	3.81270883E+2	-1.22421393E+0
5.36133611E+2	1.01840124E+3	7.70131725E-7	1.27614531E+2	-3.37160648E+2	3.60503501E+2	-1.20896271E+0
5.74878498E+2	9.26066824E+2	7.54372001E-7	1.25696551E+2	-3.17180979E+2	3.41179421E+2	-1.19348986E+0
6.16423370E+2	8.43673796E+2	7.37801964E-7	1.23846006E+2	-2.98576254E+2	3.23242347E+2	-1.17760658E+0
6.60970574E+2	7.70216527E+2	7.20583334E-7	1.22009986E+2	-2.81225281E+2	3.06551949E+2	-1.16145241E+0
7.08737081E+2	7.04966870E+2	7.02875352E-7	1.20120644E+2	-2.65051110E+2	2.91000107E+2	-1.14528609E+0
7.59955541E+2	6.46826690E+2	6.84614649E-7	1.18228318E+2	-2.49990578E+2	2.76537928E+2	-1.12903738E+0
8.14875417E+2	5.94862010E+2	6.65909832E-7	1.16332974E+2	-2.35942154E+2	2.63062848E+2	-1.11271838E+0
8.73764200E+2	5.48493115E+2	6.46752883E-7	1.14439525E+2	-2.22874132E+2	2.50537991E+2	-1.09642965E+0
9.36908711E+2	5.06939064E+2	6.27417609E-7	1.12509717E+2	-2.10658801E+2	2.38821204E+2	-1.08025393E+0
1.00461650E+3	4.69711621E+2	6.07898597E-7	1.10558945E+2	-1.99267502E+2	2.27883344E+2	-1.06425490E+0
1.07721735E+3	4.36319786E+2	5.88306174E-7	1.08579306E+2	-1.88642073E+2	2.17658673E+2	-1.04852348E+0
1.15506485E+3	4.06213922E+2	5.68692609E-7	1.06594127E+2	-1.78711237E+2	2.08086557E+2	-1.03298375E+0
1.23853818E+3	3.79012901E+2	5.49209237E-7	1.04584423E+2	-1.69413525E+2	1.99095063E+2	-1.01772995E+0
1.32804389E+3	3.54476487E+2	5.29887187E-7	1.02551993E+2	-1.60733810E+2	1.90662711E+2	-1.00288637E+0
1.42401793E+3	3.32175897E+2	5.10812660E-7	1.00510427E+2	-1.52593560E+2	1.82721484E+2	-9.88342889E-1
1.52692775E+3	3.11911243E+2	4.92069990E-7	9.84485700E+1	-1.44965837E+2	1.75234743E+2	-9.74224634E-1
1.63727458E+3	2.93396534E+2	4.73661555E-7	9.63899481E+1	-1.37802227E+2	1.68167999E+2	-9.60419216E-1
1.75559587E+3	2.76456510E+2	4.55704817E-7	9.43147782E+1	-1.31067373E+2	1.61474252E+2	-9.47043313E-1
1.88246790E+3	2.60875865E+2	4.38185362E-7	9.22444239E+1	-1.24720927E+2	1.55126863E+2	-9.33980229E-1
2.01850863E+3	2.46536382E+2	4.21079562E-7	9.01923882E+1	-1.18747790E+2	1.49116413E+2	-9.21224512E-1
2.16438064E+3	2.33297308E+2	4.04494688E-7	8.81392095E+1	-1.13111094E+2	1.43396792E+2	-9.08850866E-1
2.32079442E+3	2.21019591E+2	3.88365086E-7	8.61117258E+1	-1.07782878E+2	1.37957886E+2	-8.96703912E-1
2.48851178E+3	2.09583086E+2	3.72744113E-7	8.41018560E+1	-1.02728788E+2	1.32764175E+2	-8.84769338E-1
2.66834962E+3	1.98952337E+2	3.57579901E-7	8.21227356E+1	-9.79508359E+1	1.27822181E+2	-8.73070803E-1
2.86118383E+3	1.89014512E+2	3.42888596E-7	8.01749977E+1	-9.34141724E+1	1.23102551E+2	-8.61518090E-1
3.06795364E+3	1.79733571E+2	3.28653621E-7	7.82620889E+1	-8.91143648E+1	1.18601537E+2	-8.50145063E-1
3.28966612E+3	1.71026811E+2	3.14845212E-7	7.63936620E+1	-8.50257178E+1	1.14303825E+2	-8.38823231E-1
3.52740116E+3	1.62851795E+2	3.01448987E-7	7.45723097E+1	-8.11369522E+1	1.10200882E+2	-8.27532827E-1
3.78231664E+3	1.55167895E+2	2.88479730E-7	7.27925918E+1	-7.74358553E+1	1.06278282E+2	-8.16296345E-1
4.05565415E+3	1.47938519E+2	2.75913788E-7	7.10590565E+1	-7.39119877E+1	1.02529857E+2	-8.05074941E-1
4.34874501E+3	1.41133639E+2	2.63735859E-7	6.93737109E+1	-7.05567321E+1	9.89493014E+1	-7.93852314E-1
4.66301673E+3	1.34726651E+2	2.51898901E-7	6.77469654E+1	-6.73622324E+1	9.55370175E+1	-7.82550601E-1
5.00000000E+3	1.28693004E+2	2.40409702E-7	6.61748185E+1	-6.43205217E+1	9.22834554E+1	-7.71189441E-1
5.36133611E+3	1.22988544E+2	2.29332914E-7	6.46372299E+1	-6.14139010E+1	8.91607467E+1	-7.59832136E-1
5.74878498E+3	1.17618485E+2	2.18552581E-7	6.31632676E+1	-5.86478423E+1	8.61926203E+1	-7.48346053E-1
6.16423370E+3	1.12540156E+2	2.08128070E-7	6.17338493E+1	-5.60041856E+1	8.33518865E+1	-7.36772017E-1
6.60970574E+3	1.07751929E+2	1.98029287E-7	6.03552450E+1	-5.34849366E+1	8.06436238E+1	-7.25120802E-1
7.08737081E+3	1.03232459E+2	1.88247826E-7	5.90271547E+1	-5.10814375E+1	7.80609908E+1	-7.13360481E-1
7.59955541E+3	9.89535979E+1	1.78802455E-7	5.77409692E+1	-4.87817291E+1	7.55888658E+1	-7.01489249E-1
8.14875417E+3	9.49150520E+1	1.69658664E-7	5.65046619E+1	-4.65871878E+1	7.32334821E+1	-6.89492919E-1
8.73764200E+3	9.11017655E+1	1.60825783E-7	5.53133169E+1	-4.44924461E+1	7.09869059E+1	-6.77400708E-1
9.36908711E+3	8.74893233E+1	1.52305633E-7	5.41624467E+1	-4.24860583E+1	6.88377499E+1	-6.65167932E-1
1.00461650E+4	8.40767743E+1	1.44064598E-7	5.30601083E+1	-4.05678151E+1	6.67916368E+1	-6.52756697E-1
1.07721735E+4	8.08526227E+1	1.36127999E-7	5.19971111E+1	-3.87350385E+1	6.48390530E+1	-6.40258676E-1
1.15506485E+4	7.77942537E+1	1.28479280E-7	5.09732097E+1	-3.69750548E+1	6.29716031E+1	-6.27558615E-1
1.23853818E+4	7.49029484E+1	1.21111331E-7	4.99898498E+1	-3.52902538E+1	6.11913975E+1	-6.14707025E-1
1.32804389E+4	7.21672400E+1	1.14024510E-7	4.90440572E+1	-3.36757283E+1	5.94926402E+1	-6.01704751E-1
1.42401793E+4	6.95791837E+1	1.07212181E-7	4.81353744E+1	-3.21279591E+1	5.78724464E+1	-5.88544764E-1
1.52692775E+4	6.71309473E+1	1.00652719E-7	4.72674578E+1	-3.06414193E+1	5.63303576E+1	-5.75148326E-1
1.63727458E+4	6.48119095E+1	9.43574076E-8	4.64338665E+1	-2.92123870E+1	5.48586141E+1	-5.61555185E-1
1.75559587E+4	6.26224032E+1	8.83185804E-8	4.56366096E+1	-2.78419465E+1	5.34590886E+1	-5.47797737E-1
1.88246790E+4	6.05533901E+1	8.25339160E-8	4.48734021E+1	-2.65257306E+1	5.21271198E+1	-5.33867229E-1
2.01850863E+4	5.85988751E+1	7.69926778E-8	4.41451104E+1	-2.52599092E+1	5.08611227E+1	-5.19728774E-1
2.16438064E+4	5.67530515E+1	7.16932175E-8	4.34499974E+1	-2.40419972E+1	4.96580299E+1	-5.05392896E-1
2.32079442E+4	5.50124439E+1	6.66338343E-8	4.27871794E+1	-2.28710412E+1	4.85162580E+1	-4.90888706E-1
2.48851178E+4	5.33681851E+1	6.18194744E-8	4.21514355E+1	-2.17440115E+1	4.74293748E+1	-4.76250680E-1
2.66834962E+4	5.18149777E+1	5.72185104E-8	4.15492047E+1	-2.06527159E+1	4.63990421E+1	-4.61298021E-1
2.86118383E+4	5.03588014E+1	5.28621459E-8	4.09744408E+1	-1.96091530E+1	4.54249240E+1	-4.46357399E-1
3.06795364E+4	4.89903104E+1	4.87170939E-8	4.04323628E+1	-1.86015589E+1	4.45061119E+1	-4.31193277E-1
3.28966612E+4	4.77022626E+1	4.47971654E-8	3.99150941E+1	-1.76302454E+1	4.36353102E+1	-4.15924969E-1
3.52740116E+4	4.64963139E+1	4.10955500E-8	3.94254460E+1	-1.66964699E+1	4.28151598E+1	-4.00595005E-1
3.78231664E+4	4.53603541E+1	3.76036738E-8	3.89586848E+1	-1.57924223E+1	4.20378369E+1	-3.85121371E-1
4.05565415E+4	4.42974259E+1	3.43188008E-8	3.85170535E+1	-1.49212233E+1	4.13062504E+1	-3.69590948E-1
4.34874501E+4	4.33008849E+1	3.12411581E-8	3.80959612E+1	-1.40814262E+1	4.06151306E+1	-3.54054804E-1
4.66301673E+4	4.23691012E+1	2.83523011E-8	3.76992644E+1	-1.32683610E+1	3.99660349E+1	-3.38413432E-1
5.00000000E+4	4.14947698E+1	2.56579370E-8	3.73196624E+1	-1.24825315E+1	3.93518843E+1	-3.22778605E-1
5.36133611E+4	4.06811680E+1	2.31410834E-8	3.69637914E+1	-1.17221296E+1	3.87779603E+1	-3.07092511E-1
5.74878498E+4	3.99175168E+1	2.08023100E-8	3.66228314E+1	-1.09845666E+1	3.82347027E+1	-2.91399607E-1
6.16423370E+4	3.92058369E+1	1.86298754E-8	3.63007760E+1	-1.02691748E+1	3.77253536E+1	-2.75687815E-1
6.60970574E+4	3.85351186E+1	1.66209984E-8	3.59887658E+1	-9.57288305E+0	3.72401847E+1	-2.59976544E-1
7.08737081E+4	3.79128435E+1	1.47564763E-8	3.56971884E+1	-8.89340476E+0	3.67883394E+1	-2.44164003E-1
7.59955541E+4	3.73305734E+1	1.30367601E-8	3.54179551E+1	-8.23049329E+0	3.63616910E+1	-2.28329480E-1
8.14875417E+4	3.67864110E+1	1.14528647E-8	3.51507981E+1	-7.58241980E+0	3.59593062E+1	-2.12455808E-1
8.73764200E+4	3.62762259E+1	9.99245380E-9	3.48942801E+1	-6.94420605E+0	3.55785439E+1	-1.96440572E-1
9.36908711E+4	3.58014630E+1	8.65334431E-9	3.46490317E+1	-6.31906768E+0	3.52205341E+1	-1.80391064E-1
1.00461650E+5	3.53586535E+1	7.41936335E-9	3.44149569E+1	-5.69888324E+0	3.48836142E+1	-1.64104054E-1
1.07721735E+5	3.49464602E+1	6.28931121E-9	3.41898430E+1	-5.08611982E+0	3.45660815E+1	-1.47678123E-1
1.15506485E+5	3.45617751E+1	5.25513681E-9	3.39715094E+1	-4.47796968E+0	3.42653713E+1	-1.31059863E-1
1.23853818E+5	3.42059051E+1	4.30739165E-9	3.37620528E+1	-3.87109257E+0	3.39832543E+1	-1.14159569E-1
1.32804389E+5	3.38603107E+1	3.43407705E-9	3.35445079E+1	-3.25472568E+0	3.37020394E+1	-9.67243411E-2
1.42401793E+5	3.35717492E+1	2.64561791E-9	3.33610644E+1	-2.65116211E+0	3.34662410E+1	-7.93020951E-2
1.52692775E+5	3.32947194E+1	1.92132325E-9	3.31697821E+1	-2.03571409E+0	3.32321920E+1	-6.12956671E-2
1.63727458E+5	3.30440183E+1	1.25943986E-9	3.29835618E+1	-1.41211237E+0	3.30137762E+1	-4.27864798E-2
1.75559587E+5	3.28218487E+1	6.58665183E-10	3.28031940E+1	-7.82254694E-1	3.28125200E+1	-2.38423906E-2
1.88246790E+5	3.26199548E+1	8.70144174E-11	3.26125838E+1	-1.09457565E-1	3.26162689E+1	-3.35638949E-3
2.01850863E+5	3.24582047E+1	-3.90800945E-10	3.24498062E+1	5.22038613E-1	3.24540052E+1	1.60861859E-2
2.16438064E+5	3.23191703E+1	-8.44984453E-10	3.22746550E+1	1.19862702E+0	3.22969049E+1	3.71212756E-2
2.32079442E+5	3.22123243E+1	-1.25432375E-9	3.21008909E+1	1.89132183E+0	3.21565593E+1	5.88500074E-2
2.48851178E+5	3.21426876E+1	-1.62684201E-9	3.19292436E+1	2.61057223E+0	3.20357879E+1	8.15797108E-2
2.66834962E+5	3.21108878E+1	-1.96182542E-9	3.17566371E+1	3.35405146E+0	3.19332712E+1	1.05227226E-1
2.86118383E+5	3.21168061E+1	-2.26247388E-9	3.15779563E+1	4.12501503E+0	3.18462415E+1	1.29894071E-1
3.06795364E+5	3.21707081E+1	-2.53163948E-9	3.13968374E+1	4.92920677E+0	3.17814174E+1	1.55725778E-1
3.28966612E+5	3.22771780E+1	-2.76957708E-9	3.12115644E+1	5.76708295E+0	3.17398994E+1	1.82713155E-1
3.52740116E+5	3.24409587E+1	-2.97798066E-9	3.10188678E+1	6.64165158E+0	3.17219452E+1	2.10931563E-1
3.78231664E+5	3.26801327E+1	-3.15781761E-9	3.08260225E+1	7.56007329E+0	3.17395416E+1	2.40502840E-1
4.05565415E+5	3.29898212E+1	-3.31296320E-9	3.06151100E+1	8.52654456E+0	3.17802926E+1	2.71624393E-1
4.34874501E+5	3.33827032E+1	-3.44316967E-9	3.03855133E+1	9.54311807E+0	3.18488708E+1	3.04312747E-1
4.66301673E+5	3.38817501E+1	-3.54500117E-9	3.01482168E+1	1.06093969E+1	3.19605122E+1	3.38373518E-1
5.00000000E+5	3.44966538E+1	-3.62360659E-9	2.98874555E+1	1.17369914E+1	3.21094561E+1	3.74202901E-1
