Start time:20240906_11-35-47	sweep/start:500.000	sweep/stop:500000.000	sweep/samplecount:100.000	sweep/xmapping:1.000	sweep/scan:0.000	sweep/averaging/sample:10.000	sweep/settling/time:0.100	sweep/settling/inaccuracy:0.010	sweep/awgcontrol:0.000	sweep/averaging/time:0.100	sweep/averaging/tc:15.000	sweep/bandwidthcontrol:2.000	sweep/sincfilter:0.000	sweep/omegasuppression:80.000	sweep/maxbandwidth:100.000	sweep/bandwidth:1250000.000	sweep/order:8.000	sweep/bandwidthoverlap:1.000																				
Frequency	Param0		Param1		RealZ		ImagZ		AbsZ		PhaseZ		
5.00000000E+2	1.09513163E+3	7.62209729E-7	1.39033977E+2	-3.64595719E+2	3.90205699E+2	-1.20648120E+0
5.36133611E+2	9.95804838E+2	7.46250364E-7	1.37040984E+2	-3.43053654E+2	3.69413109E+2	-1.19074356E+0
5.74878498E+2	9.07066604E+2	7.29777878E-7	1.35039552E+2	-3.22884122E+2	3.49985487E+2	-1.17467458E+0
6.16423370E+2	8.28277037E+2	7.12562912E-7	1.33049032E+2	-3.04137125E+2	3.31966021E+2	-1.15841613E+0
6.60970574E+2	7.58192855E+2	6.94857954E-7	1.31013584E+2	-2.86651336E+2	3.15172255E+2	-1.14209630E+0
7.08737081E+2	6.95503487E+2	6.76518146E-7	1.29030330E+2	-2.70355699E+2	2.99568077E+2	-1.12550454E+0
7.59955541E+2	6.39806040E+2	6.57814370E-7	1.26978897E+2	-2.55182709E+2	2.85029573E+2	-1.10907062E+0
8.14875417E+2	5.89992677E+2	6.38698040E-7	1.24934126E+2	-2.41042893E+2	2.71496249E+2	-1.09261091E+0
8.73764200E+2	5.45512947E+2	6.19300836E-7	1.22862569E+2	-2.27876957E+2	2.58888237E+2	-1.07631219E+0
9.36908711E+2	5.05576891E+2	5.99729859E-7	1.20779258E+2	-2.15581930E+2	2.47109689E+2	-1.06011954E+0
1.00461650E+3	4.69636330E+2	5.80184826E-7	1.18651227E+2	-2.04070598E+2	2.36057035E+2	-1.04414879E+0
1.07721735E+3	4.37477380E+2	5.60553951E-7	1.16507098E+2	-1.93378681E+2	2.25763635E+2	-1.02855411E+0
1.15506485E+3	4.08397809E+2	5.41019473E-7	1.14353169E+2	-1.83371029E+2	2.16105488E+2	-1.01319262E+0
1.23853818E+3	3.82135649E+2	5.21711155E-7	1.12162319E+2	-1.74013885E+2	2.07029512E+2	-9.98255153E-1
1.32804389E+3	3.58294650E+2	5.02699178E-7	1.09946139E+2	-1.65242120E+2	1.98476982E+2	-9.83696195E-1
1.42401793E+3	3.36612922E+2	4.83971107E-7	1.07727579E+2	-1.57026312E+2	1.90427137E+2	-9.69495661E-1
1.52692775E+3	3.16870700E+2	4.65649297E-7	1.05485992E+2	-1.49325566E+2	1.82826200E+2	-9.55777186E-1
1.63727458E+3	2.98749835E+2	4.47757310E-7	1.03242665E+2	-1.42072799E+2	1.75623826E+2	-9.42382287E-1
1.75559587E+3	2.82167535E+2	4.30313631E-7	1.00994904E+2	-1.35268297E+2	1.68811975E+2	-9.29457712E-1
1.88246790E+3	2.66864027E+2	4.13391262E-7	9.87427370E+1	-1.28843920E+2	1.62329554E+2	-9.16897429E-1
2.01850863E+3	2.52747109E+2	3.96931135E-7	9.65083785E+1	-1.22793918E+2	1.56180067E+2	-9.04688919E-1
2.16438064E+3	2.39637183E+2	3.80958889E-7	9.42964965E+1	-1.17068857E+2	1.50322808E+2	-8.92723495E-1
2.32079442E+3	2.27457817E+2	3.65519364E-7	9.20959772E+1	-1.11652499E+2	1.44734065E+2	-8.81088670E-1
2.48851178E+3	2.16103945E+2	3.50561837E-7	8.99265294E+1	-1.06520875E+2	1.39404009E+2	-8.69670308E-1
2.66834962E+3	2.05507180E+2	3.36093944E-7	8.77870156E+1	-1.01657767E+2	1.34316276E+2	-8.58485658E-1
2.86118383E+3	1.95587022E+2	3.22106290E-7	8.56818008E+1	-9.70405947E+1	1.29453652E+2	-8.47482485E-1
3.06795364E+3	1.86284134E+2	3.08551635E-7	8.36246507E+1	-9.26545371E+1	1.24811640E+2	-8.36578345E-1
3.28966612E+3	1.77541490E+2	2.95444305E-7	8.16103517E+1	-8.84814885E+1	1.20371190E+2	-8.25772838E-1
3.52740116E+3	1.69325457E+2	2.82764600E-7	7.96425976E+1	-8.45137611E+1	1.16127168E+2	-8.15063384E-1
3.78231664E+3	1.61583197E+2	2.70491944E-7	7.77257638E+1	-8.07334066E+1	1.12067736E+2	-8.04376439E-1
4.05565415E+3	1.54302679E+2	2.58608068E-7	7.58623927E+1	-7.71405712E+1	1.08193209E+2	-7.93751916E-1
4.34874501E+3	1.47408934E+2	2.47116085E-7	7.40492095E+1	-7.37036597E+1	1.04477342E+2	-7.83059467E-1
4.66301673E+3	1.40919384E+2	2.35967726E-7	7.22974179E+1	-7.04357213E+1	1.00936156E+2	-7.72355706E-1
5.00000000E+3	1.34799568E+2	2.25175914E-7	7.06005256E+1	-6.73237404E+1	9.75547041E+1	-7.61644773E-1
5.36133611E+3	1.29013952E+2	2.14742190E-7	6.89548571E+1	-6.43534476E+1	9.43193437E+1	-7.50894811E-1
5.74878498E+3	1.23538354E+2	2.04654530E-7	6.73606153E+1	-6.15155832E+1	9.12229110E+1	-7.40075371E-1
6.16423370E+3	1.18372779E+2	1.94902198E-7	6.58188375E+1	-5.88135979E+1	8.82675405E+1	-7.29250048E-1
6.60970574E+3	1.13479849E+2	1.85455074E-7	6.43344724E+1	-5.62293680E+1	8.54439360E+1	-7.18272505E-1
7.08737081E+3	1.08857079E+2	1.76343124E-7	6.28964115E+1	-5.37657980E+1	8.27449070E+1	-7.07291992E-1
7.59955541E+3	1.04475749E+2	1.67549792E-7	6.15054433E+1	-5.14092173E+1	8.01612576E+1	-6.96220654E-1
8.14875417E+3	1.00329405E+2	1.59053698E-7	6.01656234E+1	-4.91576948E+1	7.76941517E+1	-6.85044909E-1
8.73764200E+3	9.64041177E+1	1.50864896E-7	5.88708645E+1	-4.70065423E+1	7.53352091E+1	-6.73806522E-1
9.36908711E+3	9.26858760E+1	1.42976423E-7	5.76200588E+1	-4.49499100E+1	7.30791736E+1	-6.62493881E-1
1.00461650E+4	8.91615088E+1	1.35365449E-7	5.64168884E+1	-4.29808046E+1	7.09240078E+1	-6.51037565E-1
1.07721735E+4	8.58236770E+1	1.28033987E-7	5.52583474E+1	-4.10973182E+1	6.88656267E+1	-6.39476538E-1
1.15506485E+4	8.26547649E+1	1.20984996E-7	5.41391505E+1	-3.92913617E+1	6.68943850E+1	-6.27798083E-1
1.23853818E+4	7.96477437E+1	1.14200483E-7	5.30621561E+1	-3.75591343E+1	6.50098531E+1	-6.15963553E-1
1.32804389E+4	7.67951674E+1	1.07682367E-7	5.20240452E+1	-3.58983838E+1	6.32075569E+1	-6.04006320E-1
1.42401793E+4	7.40865748E+1	1.01415328E-7	5.10260627E+1	-3.43028733E+1	6.14845201E+1	-5.91866169E-1
1.52692775E+4	7.15157135E+1	9.53966101E-8	5.00664510E+1	-3.27702364E+1	5.98375965E+1	-5.79556554E-1
1.63727458E+4	6.90789908E+1	8.96274793E-8	4.91429691E+1	-3.13004037E+1	5.82644549E+1	-5.67128939E-1
1.75559587E+4	6.67631853E+1	8.40753355E-8	4.82612017E+1	-2.98818997E+1	5.67632940E+1	-5.54396138E-1
1.88246790E+4	6.45667908E+1	7.87718561E-8	4.74097284E+1	-2.85203724E+1	5.53271544E+1	-5.41574694E-1
2.01850863E+4	6.24901704E+1	7.36830706E-8	4.65989856E+1	-2.72123697E+1	5.39627514E+1	-5.28548703E-1
2.16438064E+4	6.05173647E+1	6.88171084E-8	4.58201154E+1	-2.59505227E+1	5.26584526E+1	-5.15314241E-1
2.32079442E+4	5.86487942E+1	6.41594051E-8	4.50772482E+1	-2.47339422E+1	5.14171785E+1	-5.01845541E-1
2.48851178E+4	5.68785660E+1	5.97296298E-8	4.43610554E+1	-2.35645899E+1	5.02313965E+1	-4.88294907E-1
2.66834962E+4	5.52088383E+1	5.54807948E-8	4.36874570E+1	-2.24352363E+1	4.91114421E+1	-4.74420470E-1
2.86118383E+4	5.36264424E+1	5.14508256E-8	4.30377268E+1	-2.13474639E+1	4.80412341E+1	-4.60456503E-1
3.06795364E+4	5.21342913E+1	4.76181519E-8	4.24198378E+1	-2.02998895E+1	4.70268878E+1	-4.46338452E-1
3.28966612E+4	5.07233756E+1	4.39781133E-8	4.18304372E+1	-1.92871844E+1	4.60627938E+1	-4.32029885E-1
3.52740116E+4	4.93939254E+1	4.05255872E-8	4.12708799E+1	-1.83097031E+1	4.51500915E+1	-4.17558248E-1
3.78231664E+4	4.81384114E+1	3.72617690E-8	4.07361281E+1	-1.73649174E+1	4.42828691E+1	-4.02952671E-1
4.05565415E+4	4.69549963E+1	3.41803558E-8	4.02265984E+1	-1.64517644E+1	4.34607843E+1	-3.88221366E-1
4.34874501E+4	4.58452476E+1	3.12771392E-8	3.97442040E+1	-1.55718049E+1	4.26858627E+1	-3.73418050E-1
4.66301673E+4	4.47982880E+1	2.85468514E-8	3.92833405E+1	-1.47188840E+1	4.19502849E+1	-3.58494602E-1
5.00000000E+4	4.38130056E+1	2.59819308E-8	3.88449820E+1	-1.38918239E+1	4.12542775E+1	-3.43448900E-1
5.36133611E+4	4.28903209E+1	2.35784702E-8	3.84303684E+1	-1.30918907E+1	4.05991482E+1	-3.28334693E-1
5.74878498E+4	4.20202826E+1	2.13312019E-8	3.80334648E+1	-1.23139140E+1	3.99772052E+1	-3.13114699E-1
6.16423370E+4	4.12007327E+1	1.92361284E-8	3.76529115E+1	-1.15579319E+1	3.93868956E+1	-2.97829679E-1
6.60970574E+4	4.04336866E+1	1.72837062E-8	3.72924185E+1	-1.08233762E+1	3.88313013E+1	-2.82469507E-1
7.08737081E+4	3.97119785E+1	1.54662081E-8	3.69480172E+1	-1.01055867E+1	3.83050763E+1	-2.66978794E-1
7.59955541E+4	3.90365134E+1	1.37819361E-8	3.66198550E+1	-9.40732020E+0	3.78088807E+1	-2.51453952E-1
8.14875417E+4	3.84016215E+1	1.22146481E-8	3.63075104E+1	-8.71963038E+0	3.73398885E+1	-2.35696747E-1
8.73764200E+4	3.78032324E+1	1.07670337E-8	3.60053340E+1	-8.04573943E+0	3.68933329E+1	-2.19847835E-1
9.36908711E+4	3.72433014E+1	9.42913523E-9	3.57169019E+1	-7.38364768E+0	3.64721173E+1	-2.03855373E-1
1.00461650E+5	3.67175984E+1	8.19343978E-9	3.54396000E+1	-6.72991416E+0	3.60729400E+1	-1.87663633E-1
1.07721735E+5	3.62226339E+1	7.05235881E-9	3.51711986E+1	-6.08113721E+0	3.56930448E+1	-1.71208364E-1
1.15506485E+5	3.57650586E+1	6.00020251E-9	3.49180797E+1	-5.43827833E+0	3.53390317E+1	-1.54502678E-1
1.23853818E+5	3.53344192E+1	5.03259374E-9	3.46704952E+1	-4.79776685E+0	3.50008830E+1	-1.37508534E-1
1.32804389E+5	3.49348051E+1	4.14320568E-9	3.44325203E+1	-4.15868368E+0	3.46827534E+1	-1.20195592E-1
1.42401793E+5	3.45627598E+1	3.32426671E-9	3.42013147E+1	-3.51594755E+0	3.43815623E+1	-1.02441672E-1
1.52692775E+5	3.42210494E+1	2.57101929E-9	3.39789442E+1	-2.86818322E+0	3.40997819E+1	-8.42109779E-2
1.63727458E+5	3.39059437E+1	1.88126170E-9	3.37605776E+1	-2.21531910E+0	3.38331826E+1	-6.55245825E-2
1.75559587E+5	3.36213968E+1	1.24849292E-9	3.35494686E+1	-1.55343067E+0	3.35854135E+1	-4.62696445E-2
1.88246790E+5	3.33634343E+1	6.60716464E-10	3.33364713E+1	-8.68951193E-1	3.33499485E+1	-2.60620335E-2
2.01850863E+5	3.31408554E+1	1.39335557E-10	3.31397185E+1	-1.94081975E-1	3.31402869E+1	-5.85640770E-3
2.16438064E+5	3.29480389E+1	-3.43433017E-10	3.29402387E+1	5.06887994E-1	3.29441386E+1	1.53868924E-2
2.32079442E+5	3.27895340E+1	-7.84878077E-10	3.27434197E+1	1.22879103E+0	3.27664687E+1	3.75102738E-2
2.48851178E+5	3.26645762E+1	-1.18643977E-9	3.25450754E+1	1.97209386E+0	3.26047710E+1	6.05217646E-2
2.66834962E+5	3.25819051E+1	-1.55124212E-9	3.23496150E+1	2.74124324E+0	3.24655523E+1	8.45361126E-2
2.86118383E+5	3.25370746E+1	-1.87959478E-9	3.21484791E+1	3.53450646E+0	3.23421932E+1	1.09503401E-1
3.06795364E+5	3.25439865E+1	-2.17616077E-9	3.19485545E+1	4.36155738E+0	3.22448962E+1	1.35679399E-1
3.28966612E+5	3.26018831E+1	-2.44065287E-9	3.17432400E+1	5.22073422E+0	3.21696969E+1	1.63008282E-1
3.52740116E+5	3.27217995E+1	-2.67521540E-9	3.15347965E+1	6.11815721E+0	3.21228157E+1	1.91632167E-1
3.78231664E+5	3.29061941E+1	-2.88309358E-9	3.13143787E+1	7.06021483E+0	3.21004209E+1	2.21754511E-1
4.05565415E+5	3.31661111E+1	-3.06046902E-9	3.10863358E+1	8.04067915E+0	3.21093890E+1	2.53109130E-1
4.34874501E+5	3.35122562E+1	-3.21370056E-9	3.08414591E+1	9.07586023E+0	3.21491349E+1	2.86195953E-1
4.66301673E+5	3.39615284E+1	-3.33937160E-9	3.05847478E+1	1.01625743E+1	3.22289431E+1	3.20798540E-1
5.00000000E+5	3.45267734E+1	-3.43925288E-9	3.03087579E+1	1.13067546E+1	3.23490897E+1	3.57062119E-1
