Start time:20240906_06-10-07	sweep/start:500.000	sweep/stop:500000.000	sweep/samplecount:100.000	sweep/xmapping:1.000	sweep/scan:0.000	sweep/averaging/sample:10.000	sweep/settling/time:0.100	sweep/settling/inaccuracy:0.010	sweep/awgcontrol:0.000	sweep/averaging/time:0.100	sweep/averaging/tc:15.000	sweep/bandwidthcontrol:2.000	sweep/sincfilter:0.000	sweep/omegasuppression:80.000	sweep/maxbandwidth:100.000	sweep/bandwidth:1250000.000	sweep/order:8.000	sweep/bandwidthoverlap:1.000																				
Frequency	Param0		Param1		RealZ		ImagZ		AbsZ		PhaseZ		
5.00000000E+2	1.06471427E+3	7.42816063E-7	1.48424157E+2	-3.68781195E+2	3.97528996E+2	-1.18816060E+0
5.36133611E+2	9.69537704E+2	7.26374463E-7	1.46278440E+2	-3.47023145E+2	3.76593212E+2	-1.17187391E+0
5.74878498E+2	8.84383473E+2	7.09051939E-7	1.44262528E+2	-3.26759394E+2	3.57188160E+2	-1.15503790E+0
6.16423370E+2	8.08918462E+2	6.91174987E-7	1.42183673E+2	-3.07894085E+2	3.39138571E+2	-1.13817781E+0
6.60970574E+2	7.41799897E+2	6.72628515E-7	1.40124540E+2	-2.90360930E+2	3.22404031E+2	-1.12117554E+0
7.08737081E+2	6.81921176E+2	6.53635325E-7	1.38047525E+2	-2.74008025E+2	3.06818382E+2	-1.10410670E+0
7.59955541E+2	6.28378185E+2	6.34216155E-7	1.35977194E+2	-2.58757202E+2	2.92309922E+2	-1.08695658E+0
8.14875417E+2	5.80803826E+2	6.14513699E-7	1.33845272E+2	-2.44587987E+2	2.78815067E+2	-1.07008420E+0
8.73764200E+2	5.38168485E+2	5.94577623E-7	1.31708990E+2	-2.31374938E+2	2.66236027E+2	-1.05329796E+0
9.36908711E+2	4.99990371E+2	5.74535216E-7	1.29543375E+2	-2.19063804E+2	2.54500368E+2	-1.03676142E+0
1.00461650E+3	4.65771946E+2	5.54525031E-7	1.27330885E+2	-2.07590938E+2	2.43530598E+2	-1.02060100E+0
1.07721735E+3	4.34979481E+2	5.34601020E-7	1.25094255E+2	-1.96887934E+2	2.33266869E+2	-1.00478346E+0
1.15506485E+3	4.07188373E+2	5.14828837E-7	1.22844347E+2	-1.86895837E+2	2.23653277E+2	-9.89314943E-1
1.23853818E+3	3.82080934E+2	4.95380098E-7	1.20548002E+2	-1.77559203E+2	2.14613820E+2	-9.74360448E-1
1.32804389E+3	3.59308320E+2	4.76327775E-7	1.18211647E+2	-1.68820712E+2	2.06093248E+2	-9.59922694E-1
1.42401793E+3	3.38602647E+2	4.57661487E-7	1.15861715E+2	-1.60646024E+2	1.98068378E+2	-9.45967849E-1
1.52692775E+3	3.19697097E+2	4.39481385E-7	1.13488474E+2	-1.52978107E+2	1.90478175E+2	-9.32524629E-1
1.63727458E+3	3.02365976E+2	4.21852641E-7	1.11089239E+2	-1.45769634E+2	1.83274673E+2	-9.19603892E-1
1.75559587E+3	2.86455707E+2	4.04727302E-7	1.08691491E+2	-1.39001642E+2	1.76451969E+2	-9.07162559E-1
1.88246790E+3	2.71776845E+2	3.88209339E-7	1.06274996E+2	-1.32622426E+2	1.69950236E+2	-8.95241871E-1
2.01850863E+3	2.58173785E+2	3.72258416E-7	1.03863161E+2	-1.26598532E+2	1.63752084E+2	-8.83731401E-1
2.16438064E+3	2.45538008E+2	3.56868724E-7	1.01462932E+2	-1.20906076E+2	1.57838544E+2	-8.72612751E-1
2.32079442E+3	2.33780653E+2	3.42049924E-7	9.90740185E+1	-1.15524574E+2	1.52189318E+2	-8.61905869E-1
2.48851178E+3	2.22774636E+2	3.27792213E-7	9.67042043E+1	-1.10415309E+2	1.46776169E+2	-8.51500719E-1
2.66834962E+3	2.12466627E+2	3.14052985E-7	9.43665023E+1	-1.05568439E+2	1.41597077E+2	-8.41367557E-1
2.86118383E+3	2.02769591E+2	3.00836456E-7	9.20595883E+1	-1.00955025E+2	1.36626809E+2	-8.31452432E-1
3.06795364E+3	1.93660235E+2	2.88121120E-7	8.97871969E+1	-9.65736438E+1	1.31864360E+2	-8.21797706E-1
3.28966612E+3	1.85054115E+2	2.75862276E-7	8.75628830E+1	-9.23937940E+1	1.27294429E+2	-8.12236572E-1
3.52740116E+3	1.76927271E+2	2.64033059E-7	8.53915601E+1	-8.84102763E+1	1.22914993E+2	-8.02765145E-1
3.78231664E+3	1.69245834E+2	2.52632569E-7	8.32697742E+1	-8.46120971E+1	1.18714204E+2	-7.93393633E-1
4.05565415E+3	1.61965512E+2	2.41662724E-7	8.11929073E+1	-8.09824821E+1	1.14675414E+2	-7.84100648E-1
4.34874501E+3	1.55070345E+2	2.31057112E-7	7.91788594E+1	-7.75177470E+1	1.10807459E+2	-7.74797741E-1
4.66301673E+3	1.48536636E+2	2.20807297E-7	7.72262624E+1	-7.42093898E+1	1.07102424E+2	-7.65478986E-1
5.00000000E+3	1.42344022E+2	2.10901520E-7	7.53349063E+1	-7.10501609E+1	1.03554206E+2	-7.56136144E-1
5.36133611E+3	1.36461698E+2	2.01365056E-7	7.34916861E+1	-6.80277316E+1	1.00143898E+2	-7.46808110E-1
5.74878498E+3	1.30877547E+2	1.92145753E-7	7.17100078E+1	-6.51375823E+1	9.68773962E+1	-7.37407701E-1
6.16423370E+3	1.25577122E+2	1.83234812E-7	6.99888045E+1	-6.23743520E+1	9.37496271E+1	-7.27934518E-1
6.60970574E+3	1.20542687E+2	1.74633357E-7	6.83234914E+1	-5.97310451E+1	9.07518443E+1	-7.18398698E-1
7.08737081E+3	1.15763377E+2	1.66332335E-7	6.67133961E+1	-5.72039403E+1	8.78804189E+1	-7.08807959E-1
7.59955541E+3	1.11214058E+2	1.58329894E-7	6.51541286E+1	-5.47813338E+1	8.51237630E+1	-6.99126367E-1
8.14875417E+3	1.06894111E+2	1.50604769E-7	6.36500818E+1	-5.24641396E+1	8.24852648E+1	-6.89358853E-1
8.73764200E+3	1.02781627E+2	1.43151568E-7	6.21981705E+1	-5.02415834E+1	7.99551696E+1	-6.79458558E-1
9.36908711E+3	9.88674422E+1	1.35974553E-7	6.07932052E+1	-4.81108602E+1	7.75272126E+1	-6.69466072E-1
1.00461650E+4	9.51515824E+1	1.29055031E-7	5.94393851E+1	-4.60728879E+1	7.52047308E+1	-6.59387469E-1
1.07721735E+4	9.16095399E+1	1.22375627E-7	5.81369204E+1	-4.41134331E+1	7.29787402E+1	-6.49099948E-1
1.15506485E+4	8.82378550E+1	1.15951674E-7	5.68776894E+1	-4.22337985E+1	7.08432446E+1	-6.38707763E-1
1.23853818E+4	8.50276540E+1	1.09767826E-7	5.56634084E+1	-4.04291226E+1	6.87962863E+1	-6.28169056E-1
1.32804389E+4	8.19609439E+1	1.03809446E-7	5.44935548E+1	-3.86884433E+1	6.68307054E+1	-6.17381727E-1
1.42401793E+4	7.90456744E+1	9.80735187E-8	5.33689728E+1	-3.70180923E+1	6.49506462E+1	-6.06435103E-1
1.52692775E+4	7.62676159E+1	9.25516733E-8	5.22877949E+1	-3.54097715E+1	6.31495482E+1	-5.95265755E-1
1.63727458E+4	7.36242751E+1	8.72369376E-8	5.12503387E+1	-3.38625425E+1	6.14269406E+1	-5.83880061E-1
1.75559587E+4	7.11007516E+1	8.21317679E-8	5.02502061E+1	-3.23688764E+1	5.97731328E+1	-5.72254642E-1
1.88246790E+4	6.87012514E+1	7.72270476E-8	4.92903738E+1	-3.09316889E+1	5.81920128E+1	-5.60423862E-1
2.01850863E+4	6.64227157E+1	7.25048197E-8	4.83754019E+1	-2.95473520E+1	5.66853205E+1	-5.48317682E-1
2.16438064E+4	6.42502841E+1	6.79739784E-8	4.74961804E+1	-2.82091455E+1	5.52416787E+1	-5.35940250E-1
2.32079442E+4	6.21879645E+1	6.36254005E-8	4.66563232E+1	-2.69193094E+1	5.38652184E+1	-5.23313698E-1
2.48851178E+4	6.02270666E+1	5.94545550E-8	4.58534797E+1	-2.56725321E+1	5.25511233E+1	-5.10398387E-1
2.66834962E+4	5.83663836E+1	5.54606785E-8	4.50866560E+1	-2.44691333E+1	5.12985873E+1	-4.97231700E-1
2.86118383E+4	5.65963583E+1	5.16422535E-8	4.43516507E+1	-2.33039260E+1	5.01013164E+1	-4.83788235E-1
3.06795364E+4	5.49272787E+1	4.79924391E-8	4.36549703E+1	-2.21831522E+1	4.89678335E+1	-4.70144129E-1
3.28966612E+4	5.33439827E+1	4.45059429E-8	4.29913395E+1	-2.10967767E+1	4.78887175E+1	-4.56197336E-1
3.52740116E+4	5.18470881E+1	4.11854188E-8	4.23594971E+1	-2.00471837E+1	4.68638088E+1	-4.42030166E-1
3.78231664E+4	5.04326019E+1	3.80313286E-8	4.17568192E+1	-1.90334725E+1	4.58901410E+1	-4.27680892E-1
4.05565415E+4	4.90978470E+1	3.50357292E-8	4.11844636E+1	-1.80529343E+1	4.49674159E+1	-4.13118055E-1
4.34874501E+4	4.78392167E+1	3.21941157E-8	4.06417290E+1	-1.71031673E+1	4.40938599E+1	-3.98331412E-1
4.66301673E+4	4.66527066E+1	2.95070924E-8	4.01255863E+1	-1.61834642E+1	4.32662363E+1	-3.83365439E-1
5.00000000E+4	4.55364153E+1	2.69724413E-8	3.96352290E+1	-1.52936214E+1	4.24834820E+1	-3.68256992E-1
5.36133611E+4	4.44824480E+1	2.45868009E-8	3.91662708E+1	-1.44296510E+1	4.17398083E+1	-3.52989765E-1
5.74878498E+4	4.34953181E+1	2.23373300E-8	3.87259435E+1	-1.35903835E+1	4.10414087E+1	-3.37509712E-1
6.16423370E+4	4.25646051E+1	2.02335370E-8	3.83028376E+1	-1.27764539E+1	4.03775328E+1	-3.21958283E-1
6.60970574E+4	4.16911608E+1	1.82600827E-8	3.79025033E+1	-1.19833049E+1	3.97517215E+1	-3.06216950E-1
7.08737081E+4	4.08706472E+1	1.64172519E-8	3.75207922E+1	-1.12111198E+1	3.91599165E+1	-2.90353241E-1
7.59955541E+4	4.01000425E+1	1.46977205E-8	3.71571891E+1	-1.04569665E+1	3.86005811E+1	-2.74329731E-1
8.14875417E+4	3.93757320E+1	1.30961009E-8	3.68097899E+1	-9.71863039E+0	3.80711494E+1	-2.58132600E-1
8.73764200E+4	3.86963918E+1	1.16077701E-8	3.64780983E+1	-8.99550558E+0	3.75708768E+1	-2.41776280E-1
9.36908711E+4	3.80604195E+1	1.02259057E-8	3.61621441E+1	-8.28527014E+0	3.70991425E+1	-2.25227177E-1
1.00461650E+5	3.74642708E+1	8.94515325E-9	3.58596354E+1	-7.58562040E+0	3.66531730E+1	-2.08463306E-1
1.07721735E+5	3.69067760E+1	7.75903497E-9	3.55705358E+1	-6.89425648E+0	3.62324964E+1	-1.91445579E-1
1.15506485E+5	3.63845463E+1	6.66330439E-9	3.52919458E+1	-6.20966911E+0	3.58340821E+1	-1.74168696E-1
1.23853818E+5	3.59000156E+1	5.65215391E-9	3.50266531E+1	-5.53090924E+0	3.54606457E+1	-1.56612601E-1
1.32804389E+5	3.54484952E+1	4.71831823E-9	3.47711976E+1	-4.85284911E+0	3.51082131E+1	-1.38669489E-1
1.42401793E+5	3.50253505E+1	3.85790266E-9	3.45207604E+1	-4.17358664E+0	3.47721401E+1	-1.20316818E-1
1.52692775E+5	3.46394234E+1	3.06605309E-9	3.42834787E+1	-3.49328131E+0	3.44609915E+1	-1.01543562E-1
1.63727458E+5	3.42815753E+1	2.33897453E-9	3.40498936E+1	-2.80868752E+0	3.41655381E+1	-8.23010817E-2
1.75559587E+5	3.39581808E+1	1.67119727E-9	3.38256246E+1	-2.11749506E+0	3.38918379E+1	-6.25187408E-2
1.88246790E+5	3.36726004E+1	1.06156573E-9	3.36081329E+1	-1.42072409E+0	3.36403473E+1	-4.22484664E-2
2.01850863E+5	3.34069460E+1	4.96537879E-10	3.33921669E+1	-7.02496669E-1	3.33995556E+1	-2.10346646E-2
2.16438064E+5	3.31821948E+1	-1.57231962E-11	3.31821778E+1	2.35432129E-2	3.31821863E+1	7.09512536E-4
2.32079442E+5	3.29901641E+1	-4.85555223E-10	3.29721740E+1	7.70171238E-1	3.29811678E+1	2.33539696E-2
2.48851178E+5	3.28382467E+1	-9.13216205E-10	3.27662066E+1	1.53638232E+0	3.28022069E+1	4.68549155E-2
2.66834962E+5	3.27261872E+1	-1.30114383E-9	3.25602342E+1	2.32450614E+0	3.26431052E+1	7.12700446E-2
2.86118383E+5	3.26577815E+1	-1.65359162E-9	3.23528555E+1	3.14089268E+0	3.25049610E+1	9.67791166E-2
3.06795364E+5	3.26362689E+1	-1.97123184E-9	3.21419510E+1	3.98601656E+0	3.23881669E+1	1.23382963E-1
3.28966612E+5	3.26722410E+1	-2.25605124E-9	3.19310447E+1	4.86488504E+0	3.22995168E+1	1.51193281E-1
3.52740116E+5	3.27641275E+1	-2.50904468E-9	3.17114395E+1	5.77773474E+0	3.22334864E+1	1.80220354E-1
3.78231664E+5	3.29219946E+1	-2.73088038E-9	3.14846760E+1	6.72706624E+0	3.21953154E+1	2.10496557E-1
4.05565415E+5	3.31659625E+1	-2.92857362E-9	3.12514855E+1	7.73499723E+0	3.21944963E+1	2.42632023E-1
4.34874501E+5	3.34878771E+1	-3.09557950E-9	3.10006377E+1	8.78100048E+0	3.22202660E+1	2.76021964E-1
4.66301673E+5	3.39116343E+1	-3.23306881E-9	3.07397218E+1	9.87439204E+0	3.22867496E+1	3.10814514E-1
5.00000000E+5	3.44529581E+1	-3.34725130E-9	3.04554070E+1	1.10338992E+1	3.23925740E+1	3.47587479E-1
