Start time:20240908_00-48-57	sweep/start:500.000	sweep/stop:500000.000	sweep/samplecount:100.000	sweep/xmapping:1.000	sweep/scan:0.000	sweep/averaging/sample:10.000	sweep/settling/time:0.100	sweep/settling/inaccuracy:0.010	sweep/awgcontrol:0.000	sweep/averaging/time:0.100	sweep/averaging/tc:15.000	sweep/bandwidthcontrol:2.000	sweep/sincfilter:0.000	sweep/omegasuppression:80.000	sweep/maxbandwidth:100.000	sweep/bandwidth:1250000.000	sweep/order:8.000	sweep/bandwidthoverlap:1.000																				
Frequency	Param0		Param1		RealZ		ImagZ		AbsZ		PhaseZ		
5.00000000E+2	1.29719417E+3	8.60102057E-7	9.76365925E+1	-3.42228456E+2	3.55883760E+2	-1.29288296E+0
5.36133611E+2	1.16574986E+3	8.48578576E-7	9.63069789E+1	-3.20927751E+2	3.35066667E+2	-1.27925762E+0
5.74878498E+2	1.05045458E+3	8.36391528E-7	9.48810600E+1	-3.01107167E+2	3.15702342E+2	-1.26553785E+0
6.16423370E+2	9.46673116E+2	8.23071623E-7	9.36618207E+1	-2.82655903E+2	2.97769910E+2	-1.25081975E+0
6.60970574E+2	8.54658509E+2	8.09400293E-7	9.23611154E+1	-2.65342243E+2	2.80957463E+2	-1.23583028E+0
7.08737081E+2	7.73611399E+2	7.94763103E-7	9.10521314E+1	-2.49295553E+2	2.65403066E+2	-1.22061169E+0
7.59955541E+2	7.01499727E+2	7.79308121E-7	8.97734918E+1	-2.34343153E+2	2.50950203E+2	-1.20495579E+0
8.14875417E+2	6.37301535E+2	7.63271107E-7	8.84794105E+1	-2.20361972E+2	2.37461603E+2	-1.18898154E+0
8.73764200E+2	5.80117542E+2	7.46475515E-7	8.72079747E+1	-2.07329699E+2	2.24924078E+2	-1.17263751E+0
9.36908711E+2	5.29353470E+2	7.28903183E-7	8.59446962E+1	-1.95214212E+2	2.13295772E+2	-1.15607297E+0
1.00461650E+3	4.84094601E+2	7.11073260E-7	8.46146702E+1	-1.83852751E+2	2.02389430E+2	-1.13946722E+0
1.07721735E+3	4.43658377E+2	6.92493459E-7	8.33303157E+1	-1.73280820E+2	1.92276326E+2	-1.12254714E+0
1.15506485E+3	4.07622134E+2	6.73546421E-7	8.20116403E+1	-1.63413079E+2	1.82838034E+2	-1.10565619E+0
1.23853818E+3	3.75156935E+2	6.54014836E-7	8.07537890E+1	-1.54188698E+2	1.74055544E+2	-1.08834269E+0
1.32804389E+3	3.46258790E+2	6.34344701E-7	7.94316034E+1	-1.45583329E+2	1.65842957E+2	-1.07133043E+0
1.42401793E+3	3.20296926E+2	6.14443101E-7	7.81079054E+1	-1.37538617E+2	1.58169901E+2	-1.05431577E+0
1.52692775E+3	2.96970980E+2	5.94454137E-7	7.67655843E+1	-1.30016121E+2	1.50987244E+2	-1.03744236E+0
1.63727458E+3	2.75865570E+2	5.74318056E-7	7.54461585E+1	-1.22966950E+2	1.44267095E+2	-1.02047440E+0
1.75559587E+3	2.56926325E+2	5.54182323E-7	7.41108279E+1	-1.16398476E+2	1.37989205E+2	-1.00382823E+0
1.88246790E+3	2.39690010E+2	5.34192053E-7	7.27754184E+1	-1.10214683E+2	1.32073990E+2	-9.87210173E-1
2.01850863E+3	2.23998381E+2	5.14336146E-7	7.14500684E+1	-1.04401081E+2	1.26509678E+2	-9.70630312E-1
2.16438064E+3	2.09764004E+2	4.94676569E-7	7.01252434E+1	-9.89555485E+1	1.21283762E+2	-9.54285902E-1
2.32079442E+3	1.96811727E+2	4.75294139E-7	6.88001427E+1	-9.38467603E+1	1.16364403E+2	-9.38191735E-1
2.48851178E+3	1.84928068E+2	4.56220879E-7	6.74874698E+1	-8.90267784E+1	1.11715381E+2	-9.22157946E-1
2.66834962E+3	1.74080076E+2	4.37460451E-7	6.61869965E+1	-8.45051372E+1	1.07339820E+2	-9.06364694E-1
2.86118383E+3	1.64069511E+2	4.19037737E-7	6.49108574E+1	-8.02276298E+1	1.03198315E+2	-8.90541115E-1
3.06795364E+3	1.54904480E+2	4.01006412E-7	6.36472276E+1	-7.62120102E+1	9.92937074E+1	-8.74996414E-1
3.28966612E+3	1.46420008E+2	3.83398352E-7	6.24027563E+1	-7.24079255E+1	9.55877180E+1	-8.59478797E-1
3.52740116E+3	1.38591913E+2	3.66191687E-7	6.11828436E+1	-6.88193757E+1	9.20839131E+1	-8.44072288E-1
3.78231664E+3	1.31336427E+2	3.49425904E-7	5.99852935E+1	-6.54218496E+1	8.87595289E+1	-8.28722282E-1
4.05565415E+3	1.24603553E+2	3.33073939E-7	5.88177536E+1	-6.22042821E+1	8.56090005E+1	-8.13373601E-1
4.34874501E+3	1.18372680E+2	3.17198861E-7	5.76702781E+1	-5.91669184E+1	8.26231523E+1	-7.98207081E-1
4.66301673E+3	1.12585415E+2	3.01692311E-7	5.65657839E+1	-5.62920433E+1	7.98027703E+1	-7.82972637E-1
5.00000000E+3	1.07187161E+2	2.86644050E-7	5.54888184E+1	-5.35600575E+1	7.71212605E+1	-7.67712888E-1
5.36133611E+3	1.02167256E+2	2.72100322E-7	5.44318589E+1	-5.09737798E+1	7.45731425E+1	-7.52602583E-1
5.74878498E+3	9.74949920E+1	2.57992853E-7	5.34086862E+1	-4.85241340E+1	7.21600956E+1	-7.37515470E-1
6.16423370E+3	9.31366045E+1	2.44313489E-7	5.24211039E+1	-4.61990412E+1	6.98736258E+1	-7.22390482E-1
6.60970574E+3	8.90679107E+1	2.31109034E-7	5.14604529E+1	-4.39920070E+1	6.77013661E+1	-7.07314673E-1
7.08737081E+3	8.52619656E+1	2.18328305E-7	5.05356518E+1	-4.18917274E+1	6.56412140E+1	-6.92148140E-1
7.59955541E+3	8.17054520E+1	2.06067937E-7	4.96286305E+1	-3.98989806E+1	6.36783296E+1	-6.77145369E-1
8.14875417E+3	7.83818664E+1	1.94236791E-7	4.87562815E+1	-3.80057012E+1	6.18191583E+1	-6.62117645E-1
8.73764200E+3	7.52660093E+1	1.82846496E-7	4.79143010E+1	-3.62013526E+1	6.00526286E+1	-6.47039703E-1
9.36908711E+3	7.23527746E+1	1.71915444E-7	4.70997626E+1	-3.44878357E+1	5.83763521E+1	-6.32030648E-1
1.00461650E+4	6.96209628E+1	1.61417452E-7	4.63151424E+1	-3.28544111E+1	5.67847232E+1	-6.16984592E-1
1.07721735E+4	6.70616322E+1	1.51377209E-7	4.55550240E+1	-3.13007030E+1	5.52720024E+1	-6.02013384E-1
1.15506485E+4	6.46578114E+1	1.41774595E-7	4.48203351E+1	-2.98181537E+1	5.38329338E+1	-5.87043243E-1
1.23853818E+4	6.24005415E+1	1.32593118E-7	4.41127469E+1	-2.84029015E+1	5.24657915E+1	-5.72054262E-1
1.32804389E+4	6.02778908E+1	1.23840859E-7	4.34279622E+1	-2.70510263E+1	5.11639126E+1	-5.57083607E-1
1.42401793E+4	5.82858387E+1	1.15494884E-7	4.27698361E+1	-2.57607621E+1	4.99287068E+1	-5.42117364E-1
1.52692775E+4	5.64114617E+1	1.07563342E-7	4.21329762E+1	-2.45274338E+1	4.87522589E+1	-5.27186165E-1
1.63727458E+4	5.46489977E+1	1.00010588E-7	4.15226430E+1	-2.33461112E+1	4.76358144E+1	-5.12199624E-1
1.75559587E+4	5.29867037E+1	9.28290066E-8	4.09359343E+1	-2.22105709E+1	4.65731705E+1	-4.97120170E-1
1.88246790E+4	5.14303883E+1	8.60337873E-8	4.03723791E+1	-2.11290821E+1	4.55671716E+1	-4.82156478E-1
2.01850863E+4	4.99565484E+1	7.95907540E-8	3.98285140E+1	-2.00844351E+1	4.46059982E+1	-4.67059979E-1
2.16438064E+4	4.85787006E+1	7.34903909E-8	3.93123461E+1	-1.90861758E+1	4.37006028E+1	-4.51981118E-1
2.32079442E+4	4.72771687E+1	6.77297703E-8	3.88147896E+1	-1.81236153E+1	4.28375227E+1	-4.36839687E-1
2.48851178E+4	4.60516377E+1	6.23002903E-8	3.83368209E+1	-1.71977169E+1	4.20175365E+1	-4.21685148E-1
2.66834962E+4	4.49030547E+1	5.71838025E-8	3.78823599E+1	-1.63082943E+1	4.12435895E+1	-4.06518584E-1
2.86118383E+4	4.38215193E+1	5.23745142E-8	3.74465513E+1	-1.54505838E+1	4.05088233E+1	-3.91324151E-1
3.06795364E+4	4.28057122E+1	4.78589238E-8	3.70307495E+1	-1.46236503E+1	3.98136609E+1	-3.76106952E-1
3.28966612E+4	4.18520671E+1	4.36258048E-8	3.66344332E+1	-1.38255217E+1	3.91564395E+1	-3.60865629E-1
3.52740116E+4	4.09577061E+1	3.96608668E-8	3.62580167E+1	-1.30537889E+1	3.85362841E+1	-3.45577626E-1
3.78231664E+4	4.01234163E+1	3.59623382E-8	3.59017596E+1	-1.23111695E+1	3.79539359E+1	-3.30347070E-1
4.05565415E+4	3.93388972E+1	3.25064228E-8	3.55626656E+1	-1.15884792E+1	3.74031555E+1	-3.15010279E-1
4.34874501E+4	3.86047900E+1	2.93066740E-8	3.52373040E+1	-1.08931683E+1	3.68826344E+1	-2.99818498E-1
4.66301673E+4	3.79211025E+1	2.63198520E-8	3.49338687E+1	-1.02154598E+1	3.63968517E+1	-2.84490823E-1
5.00000000E+4	3.72796755E+1	2.35622798E-8	3.46416601E+1	-9.55956194E+0	3.59364696E+1	-2.69254457E-1
5.36133611E+4	3.66826458E+1	2.10070114E-8	3.43668742E+1	-8.92108847E+0	3.55058850E+1	-2.53978303E-1
5.74878498E+4	3.61249633E+1	1.86470607E-8	3.41057810E+1	-8.29854059E+0	3.51008559E+1	-2.38679631E-1
6.16423370E+4	3.56036721E+1	1.64787539E-8	3.38554946E+1	-7.69320436E+0	3.47185819E+1	-2.23442164E-1
6.60970574E+4	3.51188354E+1	1.44834262E-8	3.36187088E+1	-7.10157096E+0	3.43605864E+1	-2.08178240E-1
7.08737081E+4	3.46703869E+1	1.26527838E-8	3.33959638E+1	-6.52384708E+0	3.40272095E+1	-1.92918865E-1
7.59955541E+4	3.42521134E+1	1.09722086E-8	3.31834984E+1	-5.95486138E+0	3.37135722E+1	-1.77562557E-1
8.14875417E+4	3.38624303E+1	9.43520720E-9	3.29798976E+1	-5.39498153E+0	3.34182507E+1	-1.62147772E-1
8.73764200E+4	3.35021361E+1	8.03269755E-9	3.27864692E+1	-4.84398375E+0	3.31423710E+1	-1.46682256E-1
9.36908711E+4	3.31676208E+1	6.75050415E-9	3.26012640E+1	-4.29696814E+0	3.28832231E+1	-1.31048341E-1
1.00461650E+5	3.28619021E+1	5.58204287E-9	3.24271504E+1	-3.75469640E+0	3.26438025E+1	-1.15275326E-1
1.07721735E+5	3.25766113E+1	4.52053916E-9	3.22561529E+1	-3.21508093E+0	3.24159861E+1	-9.93452916E-2
1.15506485E+5	3.23161563E+1	3.55694124E-9	3.20928127E+1	-2.67725921E+0	3.22042909E+1	-8.32296745E-2
1.23853818E+5	3.20797013E+1	2.67801759E-9	3.19369563E+1	-2.13514094E+0	3.20082492E+1	-6.67555265E-2
1.32804389E+5	3.18667051E+1	1.88423678E-9	3.17869020E+1	-1.59262284E+0	3.18267786E+1	-5.00612595E-2
1.42401793E+5	3.16753780E+1	1.16336249E-9	3.16409811E+1	-1.04323503E+0	3.16581749E+1	-3.29590665E-2
1.52692775E+5	3.15067510E+1	5.09369403E-10	3.14992833E+1	-4.84992912E-1	3.15030169E+1	-1.53957361E-2
1.63727458E+5	3.13601670E+1	-8.04951901E-11	3.13599552E+1	8.14377693E-2	3.13600611E+1	2.59686326E-3
1.75559587E+5	3.12385810E+1	-6.13678754E-10	3.12246178E+1	6.60288833E-1	3.12315986E+1	2.11432667E-2
1.88246790E+5	3.11592064E+1	-1.08030275E-9	3.11010364E+1	1.23758641E+0	3.11301005E+1	3.97765782E-2
2.01850863E+5	3.10702094E+1	-1.52826532E-9	3.09579353E+1	1.86434122E+0	3.10140215E+1	6.01491124E-2
2.16438064E+5	3.10279632E+1	-1.91676318E-9	3.08263153E+1	2.49319851E+0	3.09269749E+1	8.07032353E-2
2.32079442E+5	3.10177452E+1	-2.26456382E-9	3.06957118E+1	3.14404713E+0	3.08563084E+1	1.02070312E-1
2.48851178E+5	3.10385697E+1	-2.57405469E-9	3.05616392E+1	3.81782176E+0	3.07991813E+1	1.24278219E-1
2.66834962E+5	3.10978535E+1	-2.84806748E-9	3.04269403E+1	4.51815907E+0	3.07605678E+1	1.47414856E-1
2.86118383E+5	3.11977564E+1	-3.09084262E-9	3.02875984E+1	5.25037962E+0	3.07393089E+1	1.71645034E-1
3.06795364E+5	3.13439489E+1	-3.30376439E-9	3.01428805E+1	6.01694686E+0	3.07375487E+1	1.97024568E-1
3.28966612E+5	3.15442489E+1	-3.48525738E-9	2.99953320E+1	6.81616594E+0	3.07600425E+1	2.23446383E-1
3.52740116E+5	3.18049886E+1	-3.64130989E-9	2.98390891E+1	7.65901890E+0	3.08063611E+1	2.51253304E-1
3.78231664E+5	3.21328385E+1	-3.76917493E-9	2.96744546E+1	8.54114038E+0	3.08791912E+1	2.80252780E-1
4.05565415E+5	3.25344065E+1	-3.87318565E-9	2.94933239E+1	9.47056106E+0	3.09765682E+1	3.10708267E-1
4.34874501E+5	3.30373892E+1	-3.95372012E-9	2.93044975E+1	1.04589882E+1	3.11150137E+1	3.42814998E-1
4.66301673E+5	3.36395525E+1	-4.00761153E-9	2.90995891E+1	1.14939554E+1	3.12873321E+1	3.76177241E-1
NaN	NaN	NaN	NaN	NaN	NaN	NaN
