Start time:20240908_18-36-41	sweep/start:500.000	sweep/stop:500000.000	sweep/samplecount:100.000	sweep/xmapping:1.000	sweep/scan:0.000	sweep/averaging/sample:10.000	sweep/settling/time:0.100	sweep/settling/inaccuracy:0.010	sweep/awgcontrol:0.000	sweep/averaging/time:0.100	sweep/averaging/tc:15.000	sweep/bandwidthcontrol:2.000	sweep/sincfilter:0.000	sweep/omegasuppression:80.000	sweep/maxbandwidth:100.000	sweep/bandwidth:1250000.000	sweep/order:8.000	sweep/bandwidthoverlap:1.000																				
Frequency	Param0		Param1		RealZ		ImagZ		AbsZ		PhaseZ		
5.00000000E+2	1.49130305E+3	9.07235773E-7	7.82162560E+1	-3.32455016E+2	3.41532021E+2	-1.33972975E+0
5.36133611E+2	1.33287690E+3	8.98533639E-7	7.71508156E+1	-3.11255917E+2	3.20675064E+2	-1.32782394E+0
5.74878498E+2	1.19168460E+3	8.89012932E-7	7.61766911E+1	-2.91505868E+2	3.01294808E+2	-1.31519104E+0
6.16423370E+2	1.06697766E+3	8.78778947E-7	7.52014050E+1	-2.73098782E+2	2.83263477E+2	-1.30209231E+0
6.60970574E+2	9.56450095E+2	8.67844380E-7	7.42402922E+1	-2.55920869E+2	2.66471601E+2	-1.28845515E+0
7.08737081E+2	8.58421754E+2	8.56063515E-7	7.33138393E+1	-2.39915124E+2	2.50866870E+2	-1.27422596E+0
7.59955541E+2	7.71531250E+2	8.43604571E-7	7.23847737E+1	-2.24961226E+2	2.36319930E+2	-1.25949265E+0
8.14875417E+2	6.94461846E+2	8.30225486E-7	7.14888334E+1	-2.11034614E+2	2.22814412E+2	-1.24417507E+0
8.73764200E+2	6.26291035E+2	8.16056855E-7	7.05837441E+1	-1.98050235E+2	2.10252137E+2	-1.22843746E+0
9.36908711E+2	5.65717954E+2	8.01153903E-7	6.96829101E+1	-1.85917080E+2	1.98546894E+2	-1.21219540E+0
1.00461650E+3	5.12000117E+2	7.85381100E-7	6.87931574E+1	-1.74612720E+2	1.87675521E+2	-1.19549413E+0
1.07721735E+3	4.64321038E+2	7.68830808E-7	6.79029708E+1	-1.64066943E+2	1.77563441E+2	-1.17838748E+0
1.15506485E+3	4.21951459E+2	7.51540745E-7	6.70118975E+1	-1.54224420E+2	1.68153996E+2	-1.16089913E+0
1.23853818E+3	3.84254468E+2	7.33522462E-7	6.61243710E+1	-1.45038448E+2	1.59400703E+2	-1.14303914E+0
1.32804389E+3	3.50736536E+2	7.14836887E-7	6.52309986E+1	-1.36469083E+2	1.51257707E+2	-1.12491040E+0
1.42401793E+3	3.20836815E+2	6.95536038E-7	6.43403097E+1	-1.28464250E+2	1.43675813E+2	-1.10647524E+0
1.52692775E+3	2.94152336E+2	6.75663933E-7	6.34520150E+1	-1.20989254E+2	1.36618293E+2	-1.08778577E+0
1.63727458E+3	2.70331296E+2	6.55342454E-7	6.25552161E+1	-1.14006477E+2	1.30040886E+2	-1.06895268E+0
1.75559587E+3	2.48996842E+2	6.34579554E-7	6.16654499E+1	-1.07479646E+2	1.23913285E+2	-1.04990894E+0
1.88246790E+3	2.29853311E+2	6.13502939E-7	6.07763607E+1	-1.01370022E+2	1.18193263E+2	-1.03070804E+0
2.01850863E+3	2.12697421E+2	5.92151507E-7	5.98879247E+1	-9.56631766E+1	1.12862779E+2	-1.01145738E+0
2.16438064E+3	1.97255906E+2	5.70644453E-7	5.90012794E+1	-9.03172169E+1	1.07881188E+2	-9.92127700E-1
2.32079442E+3	1.83347478E+2	5.49091488E-7	5.81110106E+1	-8.53089529E+1	1.03220672E+2	-9.72811149E-1
2.48851178E+3	1.70775944E+2	5.27455231E-7	5.72373729E+1	-8.06142010E+1	9.88674179E+1	-9.53379796E-1
2.66834962E+3	1.59423111E+2	5.05891036E-7	5.63659182E+1	-7.62162267E+1	9.47946728E+1	-9.34015071E-1
2.86118383E+3	1.49131774E+2	4.84470517E-7	5.55003159E+1	-7.20872761E+1	9.09772526E+1	-9.14677587E-1
3.06795364E+3	1.39789736E+2	4.63219657E-7	5.46469562E+1	-6.82113896E+1	8.74018508E+1	-8.95359904E-1
3.28966612E+3	1.31292534E+2	4.42223984E-7	5.38036236E+1	-6.45692193E+1	8.40476889E+1	-8.76095152E-1
3.52740116E+3	1.23561701E+2	4.21543075E-7	5.29701784E+1	-6.11493706E+1	8.09017017E+1	-8.56947957E-1
3.78231664E+3	1.16500765E+2	4.01211225E-7	5.21513394E+1	-5.79302051E+1	7.79465900E+1	-8.37846244E-1
4.05565415E+3	1.10047217E+2	3.81269126E-7	5.13483661E+1	-5.49007290E+1	7.51714359E+1	-8.18820002E-1
4.34874501E+3	1.04135756E+2	3.61843111E-7	5.05500127E+1	-5.20457487E+1	7.25538681E+1	-7.99976056E-1
4.66301673E+3	9.87163841E+1	3.42840075E-7	4.97755487E+1	-4.93564272E+1	7.00975190E+1	-7.81170275E-1
5.00000000E+3	9.37536062E+1	3.24326020E-7	4.90211476E+1	-4.68277313E+1	6.77931364E+1	-7.62518047E-1
5.36133611E+3	8.91833622E+1	3.06385354E-7	4.82790953E+1	-4.44389576E+1	6.56177722E+1	-7.44004455E-1
5.74878498E+3	8.49725575E+1	2.89018013E-7	4.75530799E+1	-4.21830698E+1	6.35665541E+1	-7.25627228E-1
6.16423370E+3	8.10944824E+1	2.72218975E-7	4.68474345E+1	-4.00547913E+1	6.16365836E+1	-7.07392566E-1
6.60970574E+3	7.75110991E+1	2.56046522E-7	4.61555904E+1	-3.80425025E+1	5.98127957E+1	-6.89337583E-1
7.08737081E+3	7.42042556E+1	2.40471723E-7	4.54845652E+1	-3.61428085E+1	5.80960265E+1	-6.71449991E-1
7.59955541E+3	7.11373265E+1	2.25535210E-7	4.48280181E+1	-3.43423082E+1	5.64707478E+1	-6.53719598E-1
8.14875417E+3	6.83006758E+1	2.11231401E-7	4.41891469E+1	-3.26415054E+1	5.49376791E+1	-6.36214900E-1
8.73764200E+3	6.56682888E+1	1.97545100E-7	4.35692885E+1	-3.10296260E+1	5.34894439E+1	-6.18860627E-1
9.36908711E+3	6.32258479E+1	1.84504933E-7	4.29644680E+1	-2.95045656E+1	5.21197172E+1	-6.01757595E-1
1.00461650E+4	6.09536346E+1	1.72071109E-7	4.23788242E+1	-2.80567034E+1	5.08246334E+1	-5.84796401E-1
1.07721735E+4	5.88404235E+1	1.60247864E-7	4.18111922E+1	-2.66835612E+1	4.96002848E+1	-5.68029384E-1
1.15506485E+4	5.68701050E+1	1.49036925E-7	4.12586516E+1	-2.53792729E+1	4.84394864E+1	-5.51467445E-1
1.23853818E+4	5.50340009E+1	1.38422708E-7	4.07223869E+1	-2.41413145E+1	4.73404253E+1	-5.35128253E-1
1.32804389E+4	5.33125567E+1	1.28383254E-7	4.02000217E+1	-2.29591848E+1	4.62943401E+1	-5.18916254E-1
1.42401793E+4	5.17045292E+1	1.18909410E-7	3.96930867E+1	-2.18350910E+1	4.53024541E+1	-5.02918514E-1
1.52692775E+4	5.01980450E+1	1.09960132E-7	3.92037291E+1	-2.07609768E+1	4.43615887E+1	-4.87019987E-1
1.63727458E+4	4.87889530E+1	1.01554553E-7	3.87274387E+1	-1.97397228E+1	4.34680478E+1	-4.71384583E-1
1.75559587E+4	4.74681510E+1	9.36347954E-8	3.82692152E+1	-1.87626228E+1	4.26212256E+1	-4.55841248E-1
1.88246790E+4	4.62295245E+1	8.61820547E-8	3.78289063E+1	-1.78265581E+1	4.18188037E+1	-4.40377437E-1
2.01850863E+4	4.50656660E+1	7.92112061E-8	3.73998898E+1	-1.69321930E+1	4.10542438E+1	-4.25125003E-1
2.16438064E+4	4.39727267E+1	7.26768134E-8	3.69866875E+1	-1.60745276E+1	4.03287181E+1	-4.09976325E-1
2.32079442E+4	4.29429916E+1	6.65540485E-8	3.65881204E+1	-1.52483694E+1	3.96384074E+1	-3.94868418E-1
2.48851178E+4	4.19756060E+1	6.08344021E-8	3.62040974E+1	-1.44551797E+1	3.89831877E+1	-3.79876188E-1
2.66834962E+4	4.10696351E+1	5.54987897E-8	3.58363149E+1	-1.36946299E+1	3.83638420E+1	-3.65019074E-1
2.86118383E+4	4.02155824E+1	5.05269406E-8	3.54809983E+1	-1.29610090E+1	3.77741844E+1	-3.50234600E-1
3.06795364E+4	3.94147635E+1	4.58865031E-8	3.51432033E+1	-1.22521940E+1	3.72177517E+1	-3.35459371E-1
3.28966612E+4	3.86626262E+1	4.15749218E-8	3.48191264E+1	-1.15683749E+1	3.66905828E+1	-3.20767998E-1
3.52740116E+4	3.79530371E+1	3.75713902E-8	3.45065360E+1	-1.09053566E+1	3.61887806E+1	-3.06104322E-1
3.78231664E+4	3.72879394E+1	3.38617131E-8	3.42078981E+1	-1.02645862E+1	3.57147313E+1	-2.91516247E-1
4.05565415E+4	3.66660286E+1	3.04203290E-8	3.39253302E+1	-9.64256649E+0	3.52690676E+1	-2.76926036E-1
4.34874501E+4	3.60812183E+1	2.72441584E-8	3.36533499E+1	-9.03913142E+0	3.48461456E+1	-2.62402111E-1
4.66301673E+4	3.55358661E+1	2.43030964E-8	3.33975802E+1	-8.45065450E+0	3.44501370E+1	-2.47830214E-1
5.00000000E+4	3.50230639E+1	2.16023080E-8	3.31502474E+1	-7.87935967E+0	3.40737910E+1	-2.33356149E-1
5.36133611E+4	3.45459093E+1	1.91143765E-8	3.29172048E+1	-7.32204859E+0	3.37217255E+1	-2.18874892E-1
5.74878498E+4	3.40983297E+1	1.68267863E-8	3.26940637E+1	-6.77577725E+0	3.33888149E+1	-2.04354917E-1
6.16423370E+4	3.36833865E+1	1.47273957E-8	3.24842350E+1	-6.24127488E+0	3.30783772E+1	-1.89819266E-1
6.60970574E+4	3.32974323E+1	1.28055788E-8	3.22850480E+1	-5.71706829E+0	3.27873329E+1	-1.75264106E-1
7.08737081E+4	3.29362592E+1	1.10476315E-8	3.20936311E+1	-5.20028717E+0	3.25122154E+1	-1.60638702E-1
7.59955541E+4	3.26052204E+1	9.44721849E-9	3.19148048E+1	-4.69408918E+0	3.22581655E+1	-1.46034818E-1
8.14875417E+4	3.22946095E+1	7.98526949E-9	3.17412523E+1	-4.19097181E+0	3.20167354E+1	-1.31276145E-1
8.73764200E+4	3.20076978E+1	6.65272119E-9	3.15761634E+1	-3.69136704E+0	3.17911984E+1	-1.16375368E-1
9.36908711E+4	3.17464572E+1	5.44452555E-9	3.14211547E+1	-3.19708796E+0	3.15833871E+1	-1.01400567E-1
1.00461650E+5	3.15064480E+1	4.34448819E-9	3.12729913E+1	-2.70201449E+0	3.13895026E+1	-8.61868560E-2
1.07721735E+5	3.12857925E+1	3.34692008E-9	3.11294334E+1	-2.20621029E+0	3.12075150E+1	-7.07538606E-2
1.15506485E+5	3.10855393E+1	2.44523878E-9	3.09912263E+1	-1.70963998E+0	3.10383470E+1	-5.51094325E-2
1.23853818E+5	3.09079206E+1	1.62834274E-9	3.08605820E+1	-1.20867343E+0	3.08842422E+1	-3.91456002E-2
1.32804389E+5	3.07485507E+1	8.93059543E-10	3.07324095E+1	-7.04196668E-1	3.07404790E+1	-2.29098014E-2
1.42401793E+5	3.06118716E+1	2.24945729E-10	3.06107093E+1	-1.88597621E-1	3.06112905E+1	-6.16108774E-3
1.52692775E+5	3.04941735E+1	-3.75516731E-10	3.04904932E+1	3.34972390E-1	3.04923333E+1	1.09856831E-2
1.63727458E+5	3.04004878E+1	-9.14204018E-10	3.03756576E+1	8.68461799E-1	3.03880702E+1	2.85829305E-2
1.75559587E+5	3.03279002E+1	-1.39964122E-9	3.02615535E+1	1.41695039E+0	3.02947087E+1	4.67892804E-2
1.88246790E+5	3.03162561E+1	-1.82489115E-9	3.01768659E+1	1.97342872E+0	3.02464584E+1	6.53115728E-2
2.01850863E+5	3.02551852E+1	-2.22190539E-9	3.00368486E+1	2.56088590E+0	3.01458192E+1	8.50524581E-2
2.16438064E+5	3.02601546E+1	-2.56892547E-9	2.99257154E+1	3.16359357E+0	3.00924704E+1	1.05323696E-1
2.32079442E+5	3.02941672E+1	-2.87638986E-9	2.98128293E+1	3.78814400E+0	3.00525346E+1	1.26386943E-1
2.48851178E+5	3.03638530E+1	-3.14778354E-9	2.97005270E+1	4.43859419E+0	3.00303585E+1	1.48347084E-1
2.66834962E+5	3.04731634E+1	-3.38389790E-9	2.95887736E+1	5.11545283E+0	3.00277127E+1	1.71192745E-1
2.86118383E+5	3.06168283E+1	-3.59267574E-9	2.94646765E+1	5.82647041E+0	3.00352283E+1	1.95225628E-1
3.06795364E+5	3.08121868E+1	-3.77030508E-9	2.93407984E+1	6.57051757E+0	3.00674934E+1	2.20303319E-1
3.28966612E+5	3.10552451E+1	-3.91974473E-9	2.92062915E+1	7.34853475E+0	3.01165824E+1	2.46491456E-1
3.52740116E+5	3.13679394E+1	-4.04452655E-9	2.90695881E+1	8.17386160E+0	3.01969049E+1	2.74104947E-1
3.78231664E+5	3.17465139E+1	-4.14151826E-9	2.89227593E+1	9.03718251E+0	3.03017618E+1	3.02847704E-1
4.05565415E+5	3.22001889E+1	-4.21629058E-9	2.87581135E+1	9.94924545E+0	3.04305221E+1	3.33073908E-1
4.34874501E+5	3.27537296E+1	-4.26537496E-9	2.85878612E+1	1.09129816E+1	3.05999847E+1	3.64662036E-1
4.66301673E+5	3.34106207E+1	-4.29402496E-9	2.83939289E+1	1.19349701E+1	3.08003048E+1	3.97912988E-1
NaN	NaN	NaN	NaN	NaN	NaN	NaN
