Start time:20240908_11-52-55	sweep/start:500.000	sweep/stop:500000.000	sweep/samplecount:100.000	sweep/xmapping:1.000	sweep/scan:0.000	sweep/averaging/sample:10.000	sweep/settling/time:0.100	sweep/settling/inaccuracy:0.010	sweep/awgcontrol:0.000	sweep/averaging/time:0.100	sweep/averaging/tc:15.000	sweep/bandwidthcontrol:2.000	sweep/sincfilter:0.000	sweep/omegasuppression:80.000	sweep/maxbandwidth:100.000	sweep/bandwidth:1250000.000	sweep/order:8.000	sweep/bandwidthoverlap:1.000																				
Frequency	Param0		Param1		RealZ		ImagZ		AbsZ		PhaseZ		
5.00000000E+2	1.41289229E+3	8.90340323E-7	8.50209876E+1	-3.36001336E+2	3.46591212E+2	-1.32296075E+0
5.36133611E+2	1.26506825E+3	8.80424488E-7	8.39057635E+1	-3.14811557E+2	3.25801312E+2	-1.31032438E+0
5.74878498E+2	1.13400330E+3	8.69898453E-7	8.27962609E+1	-2.95018635E+2	3.06416738E+2	-1.29718724E+0
6.16423370E+2	1.01763824E+3	8.58618587E-7	8.17207484E+1	-2.76557146E+2	2.88378462E+2	-1.28347935E+0
6.60970574E+2	9.14390663E+2	8.46538618E-7	8.06746542E+1	-2.59344823E+2	2.71602906E+2	-1.26921385E+0
7.08737081E+2	8.23149957E+2	8.33692233E-7	7.96161739E+1	-2.43304956E+2	2.56000074E+2	-1.25455068E+0
7.59955541E+2	7.42235335E+2	8.20115468E-7	7.85575594E+1	-2.28335048E+2	2.41470880E+2	-1.23943634E+0
8.14875417E+2	6.70297376E+2	8.05668781E-7	7.75338333E+1	-2.14381020E+2	2.27970871E+2	-1.22376870E+0
8.73764200E+2	6.06536050E+2	7.90471180E-7	7.65016116E+1	-2.01366540E+2	2.15408869E+2	-1.20772601E+0
9.36908711E+2	5.49895192E+2	7.74457779E-7	7.54825639E+1	-1.89234982E+2	2.03733886E+2	-1.19125350E+0
1.00461650E+3	4.99582904E+2	7.57759942E-7	7.44531027E+1	-1.77910737E+2	1.92861337E+2	-1.17445625E+0
1.07721735E+3	4.54800417E+2	7.40388544E-7	7.34223436E+1	-1.67336994E+2	1.82736177E+2	-1.15732096E+0
1.15506485E+3	4.14990995E+2	7.22343448E-7	7.23862531E+1	-1.57479750E+2	1.73319479E+2	-1.13994290E+0
1.23853818E+3	3.79501747E+2	7.03633432E-7	7.13595582E+1	-1.48286510E+2	1.64563288E+2	-1.12227912E+0
1.32804389E+3	3.47851832E+2	6.84444250E-7	7.03180126E+1	-1.39698336E+2	1.56397725E+2	-1.10446743E+0
1.42401793E+3	3.19527758E+2	6.64741706E-7	6.92860764E+1	-1.31674838E+2	1.48791208E+2	-1.08641635E+0
1.52692775E+3	2.94191237E+2	6.44669328E-7	6.82454933E+1	-1.24176400E+2	1.41694128E+2	-1.06827175E+0
1.63727458E+3	2.71492657E+2	6.24261390E-7	6.72036781E+1	-1.17170689E+2	1.35075182E+2	-1.05004968E+0
1.75559587E+3	2.51119648E+2	6.03609350E-7	6.61599282E+1	-1.10620619E+2	1.28895530E+2	-1.03179013E+0
1.88246790E+3	2.32773782E+2	5.82828895E-7	6.51128503E+1	-1.04483878E+2	1.23111998E+2	-1.01350280E+0
2.01850863E+3	2.16245855E+2	5.61928140E-7	6.40713422E+1	-9.87422150E+1	1.17707952E+2	-9.95212465E-1
2.16438064E+3	2.01324939E+2	5.41011802E-7	6.30323265E+1	-9.33643663E+1	1.12649808E+2	-9.76962934E-1
2.32079442E+3	1.87802539E+2	5.20158774E-7	6.19990311E+1	-8.83158848E+1	1.07905400E+2	-9.58719632E-1
2.48851178E+3	1.75552263E+2	4.99419113E-7	6.09717299E+1	-8.35833310E+1	1.03458809E+2	-9.40562864E-1
2.66834962E+3	1.64416774E+2	4.78877041E-7	5.99503089E+1	-7.91378335E+1	9.92816009E+1	-9.22485174E-1
2.86118383E+3	1.54272287E+2	4.58540462E-7	5.89439802E+1	-7.49601876E+1	9.53594389E+1	-9.04442091E-1
3.06795364E+3	1.45026959E+2	4.38488182E-7	5.79483358E+1	-7.10356331E+1	9.16737194E+1	-8.86516630E-1
3.28966612E+3	1.36572176E+2	4.18807031E-7	5.69595218E+1	-6.73401709E+1	8.81991257E+1	-8.68717891E-1
3.52740116E+3	1.28824399E+2	3.99439524E-7	5.59942503E+1	-6.38597644E+1	8.49318880E+1	-8.50929983E-1
3.78231664E+3	1.21717089E+2	3.80484380E-7	5.50431883E+1	-6.05800626E+1	8.18516743E+1	-8.33248812E-1
4.05565415E+3	1.15186706E+2	3.61974216E-7	5.41071276E+1	-5.74877422E+1	7.89456888E+1	-8.15682538E-1
4.34874501E+3	1.09180519E+2	3.43907528E-7	5.31914575E+1	-5.45723349E+1	7.62067643E+1	-7.98211391E-1
4.66301673E+3	1.03641323E+2	3.26315374E-7	5.22958668E+1	-5.18184815E+1	7.36207359E+1	-7.80812997E-1
5.00000000E+3	9.85385189E+1	3.09181864E-7	5.14267783E+1	-4.92219970E+1	7.11865054E+1	-7.63495971E-1
5.36133611E+3	9.38149312E+1	2.92602750E-7	5.05719172E+1	-4.67641112E+1	6.88796118E+1	-7.46297891E-1
5.74878498E+3	8.94453987E+1	2.76536997E-7	4.97404789E+1	-4.44403159E+1	6.67012514E+1	-7.29180988E-1
6.16423370E+3	8.54025116E+1	2.61008977E-7	4.89309794E+1	-4.22443815E+1	6.46438591E+1	-7.12191449E-1
6.60970574E+3	8.16504036E+1	2.46029032E-7	4.81427385E+1	-4.01640478E+1	6.26966827E+1	-6.95290874E-1
7.08737081E+3	7.81713665E+1	2.31588854E-7	4.73788458E+1	-3.81957336E+1	6.08577778E+1	-6.78496045E-1
7.59955541E+3	7.49375242E+1	2.17715937E-7	4.66349169E+1	-3.63302864E+1	5.91160317E+1	-6.61826756E-1
8.14875417E+3	7.19261644E+1	2.04408609E-7	4.59108273E+1	-3.45598846E+1	5.74646822E+1	-6.45265869E-1
8.73764200E+3	6.91274425E+1	1.91653347E-7	4.52099351E+1	-3.28832622E+1	5.59039103E+1	-6.28844162E-1
9.36908711E+3	6.65179089E+1	1.79455901E-7	4.45294669E+1	-3.12911100E+1	5.44243237E+1	-6.12539560E-1
1.00461650E+4	6.40851976E+1	1.67800437E-7	4.38715413E+1	-2.97792585E+1	5.30237342E+1	-5.96344027E-1
1.07721735E+4	6.18127049E+1	1.56681801E-7	4.32349273E+1	-2.83409394E+1	5.16959167E+1	-5.80239133E-1
1.15506485E+4	5.96900613E+1	1.46126082E-7	4.26140956E+1	-2.69754856E+1	5.04344919E+1	-5.64344237E-1
1.23853818E+4	5.77015151E+1	1.36079460E-7	4.20145787E+1	-2.56725537E+1	4.92372303E+1	-5.48497028E-1
1.32804389E+4	5.58421718E+1	1.26546921E-7	4.14349761E+1	-2.44328016E+1	4.81021730E+1	-5.32786407E-1
1.42401793E+4	5.40996636E+1	1.17515966E-7	4.08739260E+1	-2.32505441E+1	4.70240964E+1	-5.17189227E-1
1.52692775E+4	5.24606151E+1	1.08979691E-7	4.03278520E+1	-2.21198609E+1	4.59959119E+1	-5.01691498E-1
1.63727458E+4	5.09267612E+1	1.00892028E-7	3.98055467E+1	-2.10401038E+1	4.50240776E+1	-4.86243208E-1
1.75559587E+4	4.94898399E+1	9.32728413E-8	3.93004366E+1	-2.00111960E+1	4.41018402E+1	-4.70968644E-1
1.88246790E+4	4.81350412E+1	8.60839558E-8	3.88121652E+1	-1.90221181E+1	4.32229704E+1	-4.55702024E-1
2.01850863E+4	4.68645309E+1	7.93167929E-8	3.83428672E+1	-1.80760891E+1	4.23900988E+1	-4.40533884E-1
2.16438064E+4	4.56681049E+1	7.29456248E-8	3.78914511E+1	-1.71659161E+1	4.15984466E+1	-4.25369763E-1
2.32079442E+4	4.45411559E+1	6.69828091E-8	3.74525041E+1	-1.62937943E+1	4.08433326E+1	-4.10354050E-1
2.48851178E+4	4.34841812E+1	6.13787491E-8	3.70344229E+1	-1.54551938E+1	4.01299333E+1	-3.95347416E-1
2.66834962E+4	4.24899689E+1	5.61203220E-8	3.66346515E+1	-1.46460740E+1	3.94538363E+1	-3.80323134E-1
2.86118383E+4	4.15540719E+1	5.12034621E-8	3.62502586E+1	-1.38659504E+1	3.88116716E+1	-3.65335198E-1
3.06795364E+4	4.06752824E+1	4.66111170E-8	3.58825725E+1	-1.31139136E+1	3.82038449E+1	-3.50387317E-1
3.28966612E+4	3.98525694E+1	4.23369664E-8	3.55311645E+1	-1.23913090E+1	3.76298844E+1	-3.35556169E-1
3.52740116E+4	3.90772381E+1	3.83471866E-8	3.51951369E+1	-1.16889295E+1	3.70854249E+1	-3.20656128E-1
3.78231664E+4	3.83512428E+1	3.46378143E-8	3.48754403E+1	-1.10100014E+1	3.65720724E+1	-3.05792941E-1
4.05565415E+4	3.76706193E+1	3.11954957E-8	3.45705122E+1	-1.03524048E+1	3.60872914E+1	-2.90959163E-1
4.34874501E+4	3.70328994E+1	2.80059907E-8	3.42799094E+1	-9.71453741E+0	3.56298250E+1	-2.76148231E-1
4.66301673E+4	3.64365129E+1	2.50580857E-8	3.40032787E+1	-9.09603940E+0	3.51988764E+1	-2.61384694E-1
5.00000000E+4	3.58774030E+1	2.23288316E-8	3.37403127E+1	-8.49153039E+0	3.47924532E+1	-2.46552761E-1
5.36133611E+4	3.53566484E+1	1.98157971E-8	3.34911243E+1	-7.90433363E+0	3.44112468E+1	-2.31771528E-1
5.74878498E+4	3.48698770E+1	1.75034353E-8	3.32536631E+1	-7.33109989E+0	3.40521826E+1	-2.16988949E-1
6.16423370E+4	3.44158293E+1	1.53789446E-8	3.30278964E+1	-6.77056087E+0	3.37147214E+1	-2.02194009E-1
6.60970574E+4	3.39940306E+1	1.34289013E-8	3.28145868E+1	-6.22117002E+0	3.33991028E+1	-1.87361864E-1
7.08737081E+4	3.36017443E+1	1.16409122E-8	3.26122605E+1	-5.68060713E+0	3.31033056E+1	-1.72455982E-1
7.59955541E+4	3.32389516E+1	1.00119130E-8	3.24203314E+1	-5.15169201E+0	3.28270898E+1	-1.57585584E-1
8.14875417E+4	3.28992673E+1	8.52304392E-9	3.22348664E+1	-4.62783552E+0	3.25653725E+1	-1.42591807E-1
8.73764200E+4	3.25880083E+1	7.16577699E-9	3.20610593E+1	-4.11029576E+0	3.23234600E+1	-1.27506600E-1
9.36908711E+4	3.22978698E+1	5.92764276E-9	3.18927731E+1	-3.59439115E+0	3.20946823E+1	-1.12228799E-1
1.00461650E+5	3.20340706E+1	4.80346045E-9	3.17346872E+1	-3.08234149E+0	3.18840275E+1	-9.68247475E-2
1.07721735E+5	3.17921060E+1	3.78389038E-9	3.15827274E+1	-2.57152452E+0	3.16872437E+1	-8.12426474E-2
1.15506485E+5	3.15717502E+1	2.85912570E-9	3.14368304E+1	-2.05947676E+0	3.15042181E+1	-6.54181106E-2
1.23853818E+5	3.13722025E+1	2.02023991E-9	3.12960709E+1	-1.54357251E+0	3.13341136E+1	-4.92816718E-2
1.32804389E+5	3.11928340E+1	1.26075241E-9	3.11592735E+1	-1.02250149E+0	3.11760492E+1	-3.28035562E-2
1.42401793E+5	3.10349647E+1	5.74909591E-10	3.10270571E+1	-4.95321071E-1	3.10310106E+1	-1.59628079E-2
1.52692775E+5	3.09009667E+1	-4.43754663E-11	3.09009129E+1	4.06522223E-2	3.09009398E+1	1.31556683E-3
1.63727458E+5	3.07876655E+1	-6.02357504E-10	3.07764633E+1	5.87153043E-1	3.07820639E+1	1.90756724E-2
1.75559587E+5	3.06978808E+1	-1.10533351E-9	3.06549356E+1	1.14737813E+0	3.06764007E+1	3.74113580E-2
1.88246790E+5	3.06364497E+1	-1.57917601E-9	3.05262963E+1	1.74530922E+0	3.05813066E+1	5.71270586E-2
2.01850863E+5	3.05914304E+1	-1.96092681E-9	3.04153800E+1	2.31400802E+0	3.05032782E+1	7.59339157E-2
2.16438064E+5	3.05786682E+1	-2.32270860E-9	3.02960240E+1	2.92625637E+0	3.04370180E+1	9.62900978E-2
2.32079442E+5	3.05969212E+1	-2.64447781E-9	3.01768310E+1	3.56047417E+0	3.03861501E+1	1.17444042E-1
2.48851178E+5	3.06480502E+1	-2.93117508E-9	3.00550616E+1	4.22164562E+0	3.03501077E+1	1.39550717E-1
2.66834962E+5	3.07413643E+1	-3.18270790E-9	2.99358394E+1	4.91059361E+0	3.03359282E+1	1.62589246E-1
2.86118383E+5	3.08690944E+1	-3.40175666E-9	2.98068560E+1	5.62689657E+0	3.03333257E+1	1.86582838E-1
3.06795364E+5	3.10460341E+1	-3.59151001E-9	2.96751014E+1	6.37828718E+0	3.03528287E+1	2.11716264E-1
3.28966612E+5	3.12761050E+1	-3.75489642E-9	2.95357668E+1	7.16952395E+0	3.03934817E+1	2.38134574E-1
3.52740116E+5	3.15660583E+1	-3.88802776E-9	2.93914060E+1	7.99474756E+0	3.04593307E+1	2.65584029E-1
3.78231664E+5	3.19280141E+1	-3.99894376E-9	2.92362773E+1	8.87109111E+0	3.05525165E+1	2.94598305E-1
4.05565415E+5	3.23670640E+1	-4.08517568E-9	2.90670823E+1	9.79391449E+0	3.06727257E+1	3.24994595E-1
4.34874501E+5	3.29008574E+1	-4.14347542E-9	2.88920910E+1	1.07620442E+1	3.08313892E+1	3.56569184E-1
4.66301673E+5	3.35381287E+1	-4.18213039E-9	2.86926430E+1	1.17910850E+1	3.10209210E+1	3.89905570E-1
5.00000000E+5	3.42993357E+1	-4.19659363E-9	2.84762951E+1	1.28770436E+1	3.12524870E+1	4.24683610E-1
