Start time:20240908_15-58-48	sweep/start:500.000	sweep/stop:500000.000	sweep/samplecount:100.000	sweep/xmapping:1.000	sweep/scan:0.000	sweep/averaging/sample:10.000	sweep/settling/time:0.100	sweep/settling/inaccuracy:0.010	sweep/awgcontrol:0.000	sweep/averaging/time:0.100	sweep/averaging/tc:15.000	sweep/bandwidthcontrol:2.000	sweep/sincfilter:0.000	sweep/omegasuppression:80.000	sweep/maxbandwidth:100.000	sweep/bandwidth:1250000.000	sweep/order:8.000	sweep/bandwidthoverlap:1.000																				
Frequency	Param0		Param1		RealZ		ImagZ		AbsZ		PhaseZ		
5.00000000E+2	1.46044136E+3	9.00487222E-7	8.08232852E+1	-3.33923722E+2	3.43565813E+2	-1.33332225E+0
5.36133611E+2	1.30664706E+3	8.91005034E-7	7.97666310E+1	-3.12831671E+2	3.22841134E+2	-1.32113371E+0
5.74878498E+2	1.17039969E+3	8.81367326E-7	7.86384705E+1	-2.93008700E+2	3.03377866E+2	-1.30859254E+0
6.16423370E+2	1.04874341E+3	8.70871203E-7	7.76096455E+1	-2.74534411E+2	2.85293560E+2	-1.29528984E+0
6.60970574E+2	9.40128380E+2	8.59337839E-7	7.67010470E+1	-2.57343102E+2	2.68530348E+2	-1.28112981E+0
7.08737081E+2	8.44801839E+2	8.47211940E-7	7.57102857E+1	-2.41304813E+2	2.52903286E+2	-1.26676962E+0
7.59955541E+2	7.59815474E+2	8.34299219E-7	7.47694788E+1	-2.26319293E+2	2.38350389E+2	-1.25171365E+0
8.14875417E+2	6.85399754E+2	8.20523817E-7	7.37695843E+1	-2.12413695E+2	2.24858940E+2	-1.23653604E+0
8.73764200E+2	6.18623549E+2	8.05950988E-7	7.28448036E+1	-1.99391832E+2	2.12281589E+2	-1.22052593E+0
9.36908711E+2	5.59778885E+2	7.90591392E-7	7.18844193E+1	-1.87275119E+2	2.00597470E+2	-1.20429472E+0
1.00461650E+3	5.07307943E+2	7.74480605E-7	7.09452089E+1	-1.75948373E+2	1.89713085E+2	-1.18752059E+0
1.07721735E+3	4.60628708E+2	7.57566893E-7	7.00213360E+1	-1.65380811E+2	1.79593446E+2	-1.17028631E+0
1.15506485E+3	4.19251493E+2	7.40033085E-7	6.90673290E+1	-1.55519357E+2	1.70166297E+2	-1.15285329E+0
1.23853818E+3	3.82383875E+2	7.21677664E-7	6.81400816E+1	-1.46330398E+2	1.61417652E+2	-1.13499687E+0
1.32804389E+3	3.49669812E+2	7.02812539E-7	6.71778758E+1	-1.37757770E+2	1.53264709E+2	-1.11707568E+0
1.42401793E+3	3.20276906E+2	6.83340015E-7	6.62473752E+1	-1.29725799E+2	1.45662278E+2	-1.09864736E+0
1.52692775E+3	2.94169307E+2	6.63358978E-7	6.52983369E+1	-1.22249292E+2	1.38595682E+2	-1.08021055E+0
1.63727458E+3	2.70770059E+2	6.42955495E-7	6.43542412E+1	-1.15255066E+2	1.32004543E+2	-1.06155457E+0
1.75559587E+3	2.49792445E+2	6.22266161E-7	6.34021022E+1	-1.08708498E+2	1.25846591E+2	-1.04279867E+0
1.88246790E+3	2.31000324E+2	6.01285091E-7	6.24496045E+1	-1.02595927E+2	1.20107776E+2	-1.02400813E+0
2.01850863E+3	2.14050302E+2	5.80100498E-7	6.15079600E+1	-9.68636510E+1	1.14742304E+2	-1.00504167E+0
2.16438064E+3	1.98781877E+2	5.58758400E-7	6.05757317E+1	-9.14982905E+1	1.09733116E+2	-9.86002095E-1
2.32079442E+3	1.85017395E+2	5.37493592E-7	5.96285399E+1	-8.64682212E+1	1.05034834E+2	-9.67083959E-1
2.48851178E+3	1.72596826E+2	5.16215101E-7	5.86917388E+1	-8.17636037E+1	1.00647938E+2	-9.48208957E-1
2.66834962E+3	1.61329950E+2	4.95020126E-7	5.77673171E+1	-7.73468470E+1	9.65380646E+1	-9.29307438E-1
2.86118383E+3	1.51096479E+2	4.74008693E-7	5.68501725E+1	-7.31978018E+1	9.26815004E+1	-9.10446865E-1
3.06795364E+3	1.41798544E+2	4.53206206E-7	5.59453427E+1	-6.93043034E+1	8.90672102E+1	-8.91655117E-1
3.28966612E+3	1.33331857E+2	4.32710767E-7	5.50483011E+1	-6.56458409E+1	8.56720025E+1	-8.72978480E-1
3.52740116E+3	1.25581159E+2	4.12555676E-7	5.41645876E+1	-6.21952481E+1	8.24745510E+1	-8.54304636E-1
3.78231664E+3	1.18509280E+2	3.92783989E-7	5.32928708E+1	-5.89539612E+1	7.94713765E+1	-8.35789768E-1
4.05565415E+3	1.12025062E+2	3.73396942E-7	5.24413648E+1	-5.58985715E+1	7.66468988E+1	-8.17298068E-1
4.34874501E+3	1.06087806E+2	3.54485561E-7	5.16020724E+1	-5.30243012E+1	7.39888539E+1	-7.98990734E-1
4.66301673E+3	1.00621724E+2	3.36037571E-7	5.07827500E+1	-5.03086472E+1	7.14831991E+1	-7.80708351E-1
5.00000000E+3	9.56007272E+1	3.18073277E-7	4.99849120E+1	-4.77504177E+1	6.91273743E+1	-7.62539436E-1
5.36133611E+3	9.09767835E+1	3.00699065E-7	4.91968155E+1	-4.53369748E+1	6.69011808E+1	-7.44590557E-1
5.74878498E+3	8.67033115E+1	2.83845616E-7	4.84316714E+1	-4.30529836E+1	6.48011284E+1	-7.26672435E-1
6.16423370E+3	8.27629684E+1	2.67551763E-7	4.76871856E+1	-4.08982310E+1	6.28230293E+1	-7.08910288E-1
6.60970574E+3	7.91198344E+1	2.51826013E-7	4.69639468E+1	-3.88608712E+1	6.09571953E+1	-6.91263078E-1
7.08737081E+3	7.57435782E+1	2.36750385E-7	4.62505244E+1	-3.69333063E+1	5.91876692E+1	-6.73855511E-1
7.59955541E+3	7.26175119E+1	2.22248641E-7	4.55602761E+1	-3.51103267E+1	5.75193347E+1	-6.56577010E-1
8.14875417E+3	6.97158325E+1	2.08331323E-7	4.48914743E+1	-3.33826600E+1	5.59432434E+1	-6.39412011E-1
8.73764200E+3	6.70244311E+1	1.95037564E-7	4.42390311E+1	-3.17490780E+1	5.44526939E+1	-6.22487630E-1
9.36908711E+3	6.45148138E+1	1.82325485E-7	4.36064943E+1	-3.01950074E+1	5.30402191E+1	-6.05636057E-1
1.00461650E+4	6.21817123E+1	1.70196635E-7	4.29948462E+1	-2.87217049E+1	5.17058328E+1	-5.88943569E-1
1.07721735E+4	6.00087090E+1	1.58667159E-7	4.23997872E+1	-2.73242475E+1	5.04416146E+1	-5.72458814E-1
1.15506485E+4	5.79771763E+1	1.47725207E-7	4.18196142E+1	-2.59942875E+1	4.92400562E+1	-5.56137101E-1
1.23853818E+4	5.60852576E+1	1.37350936E-7	4.12583376E+1	-2.47332579E+1	4.81038926E+1	-5.40031884E-1
1.32804389E+4	5.43109482E+1	1.27537032E-7	4.07108472E+1	-2.35302274E+1	4.70217472E+1	-5.24074109E-1
1.42401793E+4	5.26521987E+1	1.18229648E-7	4.01856223E+1	-2.23825175E+1	4.59984930E+1	-5.08184994E-1
1.52692775E+4	5.10966241E+1	1.09465436E-7	3.96724621E+1	-2.12890711E+1	4.50236478E+1	-4.92513335E-1
1.63727458E+4	4.96387386E+1	1.01162288E-7	3.91825334E+1	-2.02410614E+1	4.41018313E+1	-4.76826439E-1
1.75559587E+4	4.82791395E+1	9.33878548E-8	3.87054236E+1	-1.92497967E+1	4.32280526E+1	-4.61518204E-1
1.88246790E+4	4.69952256E+1	8.60545400E-8	3.82445837E+1	-1.82938412E+1	4.23947265E+1	-4.46168395E-1
2.01850863E+4	4.57857743E+1	7.91621531E-8	3.77986025E+1	-1.73753824E+1	4.16009409E+1	-4.30877235E-1
2.16438064E+4	4.46539414E+1	7.26911600E-8	3.73718736E+1	-1.64968024E+1	4.08509663E+1	-4.15698391E-1
2.32079442E+4	4.35890060E+1	6.66503692E-8	3.69564304E+1	-1.56561896E+1	4.01359447E+1	-4.00717403E-1
2.48851178E+4	4.25886044E+1	6.09735038E-8	3.65612184E+1	-1.48448148E+1	3.94599957E+1	-3.85690606E-1
2.66834962E+4	4.16469448E+1	5.56783460E-8	3.61788182E+1	-1.40652172E+1	3.88167134E+1	-3.70787487E-1
2.86118383E+4	4.07639932E+1	5.07344916E-8	3.58134034E+1	-1.33153089E+1	3.82086028E+1	-3.55959439E-1
3.06795364E+4	3.99317883E+1	4.61238252E-8	3.54618005E+1	-1.25902258E+1	3.76304811E+1	-3.41154417E-1
3.28966612E+4	3.91484644E+1	4.18227223E-8	3.51255515E+1	-1.18872629E+1	3.70824946E+1	-3.26323431E-1
3.52740116E+4	3.84189433E+1	3.78342799E-8	3.48065711E+1	-1.12131298E+1	3.65681785E+1	-3.11657037E-1
3.78231664E+4	3.77285818E+1	3.41261007E-8	3.44986597E+1	-1.05559449E+1	3.60774930E+1	-2.96935158E-1
4.05565415E+4	3.70842293E+1	3.06903462E-8	3.42069744E+1	-9.92079518E+0	3.56165591E+1	-2.82278256E-1
4.34874501E+4	3.64797884E+1	2.75091452E-8	3.39287646E+1	-9.30339053E+0	3.51811619E+1	-2.67625688E-1
4.66301673E+4	3.59132698E+1	2.45726664E-8	3.36628716E+1	-8.70372657E+0	3.47698690E+1	-2.53014713E-1
5.00000000E+4	3.53843623E+1	2.18598593E-8	3.34114293E+1	-8.11902084E+0	3.43837479E+1	-2.38380885E-1
5.36133611E+4	3.48900952E+1	1.93622701E-8	3.31721987E+1	-7.54893323E+0	3.40203053E+1	-2.23757419E-1
5.74878498E+4	3.44296870E+1	1.70680035E-8	3.29453331E+1	-6.99303399E+0	3.36793335E+1	-2.09157422E-1
6.16423370E+4	3.39967615E+1	1.49650523E-8	3.27260606E+1	-6.44864492E+0	3.33553605E+1	-1.94556677E-1
6.60970574E+4	3.35959955E+1	1.30347214E-8	3.25203771E+1	-5.91434758E+0	3.30538113E+1	-1.79899686E-1
7.08737081E+4	3.32250586E+1	1.12699965E-8	3.23262552E+1	-5.39026295E+0	3.27725758E+1	-1.65225541E-1
7.59955541E+4	3.28767682E+1	9.65605199E-9	3.21382920E+1	-4.87168886E+0	3.25054330E+1	-1.50439889E-1
8.14875417E+4	3.25568454E+1	8.18501104E-9	3.19618717E+1	-4.36078684E+0	3.22579868E+1	-1.35599892E-1
8.73764200E+4	3.22601149E+1	6.84544047E-9	3.17927976E+1	-3.85451875E+0	3.20256039E+1	-1.20649903E-1
9.36908711E+4	3.19886031E+1	5.62650148E-9	3.16334880E+1	-3.35164418E+0	3.18105500E+1	-1.05558588E-1
1.00461650E+5	3.17384593E+1	4.51864476E-9	3.14804768E+1	-2.84980751E+0	3.16092048E+1	-9.02801070E-2
1.07721735E+5	3.15073290E+1	3.51461337E-9	3.13313243E+1	-2.34828665E+0	3.14192034E+1	-7.48102497E-2
1.15506485E+5	3.13004993E+1	2.60340659E-9	3.11914068E+1	-1.84465202E+0	3.12459054E+1	-5.90709484E-2
1.23853818E+5	3.11140812E+1	1.77811204E-9	3.10565152E+1	-1.33708215E+0	3.10852849E+1	-4.30266217E-2
1.32804389E+5	3.09456559E+1	1.03254767E-9	3.09236667E+1	-8.24504998E-1	3.09346593E+1	-2.66562642E-2
1.42401793E+5	3.08008821E+1	3.60925292E-10	3.07978349E+1	-3.06334476E-1	3.07993585E+1	-9.94629693E-3
1.52692775E+5	3.06777247E+1	-2.45741262E-10	3.06761196E+1	2.21870750E-1	3.06769222E+1	7.23255979E-3
1.63727458E+5	3.05746564E+1	-7.92512197E-10	3.05556702E+1	7.61659186E-1	3.05651618E+1	2.49217750E-2
1.75559587E+5	3.04957844E+1	-1.28313622E-9	3.04390733E+1	1.31385792E+0	3.04674157E+1	4.31367566E-2
1.88246790E+5	3.04618773E+1	-1.74051373E-9	3.03309433E+1	1.90064962E+0	3.03963169E+1	6.25928176E-2
2.01850863E+5	3.04129572E+1	-2.12065349E-9	3.02108223E+1	2.47116301E+0	3.03117213E+1	8.16155754E-2
2.16438064E+5	3.04105112E+1	-2.47068814E-9	3.00962984E+1	3.07516373E+0	3.02529968E+1	1.01824098E-1
2.32079442E+5	3.04384950E+1	-2.78513580E-9	2.99803434E+1	3.70614741E+0	3.02085506E+1	1.22995251E-1
2.48851178E+5	3.05006998E+1	-3.06233648E-9	2.98637436E+1	4.36140613E+0	3.01805413E+1	1.45018296E-1
2.66834962E+5	3.06034668E+1	-3.30401570E-9	2.97485216E+1	5.04313479E+0	3.01729662E+1	1.67929023E-1
2.86118383E+5	3.07424984E+1	-3.51725819E-9	2.96231389E+1	5.75837728E+0	3.01776291E+1	1.91993449E-1
3.06795364E+5	3.09301533E+1	-3.69872593E-9	2.94957056E+1	6.50461618E+0	3.02044152E+1	2.17053458E-1
3.28966612E+5	3.11717031E+1	-3.85280930E-9	2.93623206E+1	7.28886640E+0	3.02534880E+1	2.43320364E-1
3.52740116E+5	3.14766159E+1	-3.98105861E-9	2.92225736E+1	8.11595978E+0	3.03286616E+1	2.70901639E-1
3.78231664E+5	3.18436504E+1	-4.08305401E-9	2.90683372E+1	8.98184983E+0	3.04243645E+1	2.99684739E-1
4.05565415E+5	3.23021742E+1	-4.16070558E-9	2.89110538E+1	9.90155424E+0	3.05596121E+1	3.29962840E-1
4.34874501E+5	3.28422491E+1	-4.21436309E-9	2.87327026E+1	1.08663851E+1	3.07188309E+1	3.61563363E-1
4.66301673E+5	3.34933756E+1	-4.24780009E-9	2.85352123E+1	1.18946291E+1	3.09150542E+1	3.94939138E-1
NaN	NaN	NaN	NaN	NaN	NaN	NaN
