Start time:20240904_22-33-00	sweep/start:500.000	sweep/stop:500000.000	sweep/samplecount:100.000	sweep/xmapping:1.000	sweep/scan:0.000	sweep/averaging/sample:10.000	sweep/settling/time:0.100	sweep/settling/inaccuracy:0.010	sweep/awgcontrol:0.000	sweep/averaging/time:0.100	sweep/averaging/tc:15.000	sweep/bandwidthcontrol:2.000	sweep/sincfilter:0.000	sweep/omegasuppression:80.000	sweep/maxbandwidth:100.000	sweep/bandwidth:1250000.000	sweep/order:8.000	sweep/bandwidthoverlap:1.000																				
Frequency	Param0		Param1		RealZ		ImagZ		AbsZ		PhaseZ		
5.00000000E+2	1.14148267E+3	7.18158905E-7	1.49554892E+2	-3.85159212E+2	4.13175856E+2	-1.20042215E+0
5.36133611E+2	1.03415966E+3	7.03518100E-7	1.47597119E+2	-3.61737557E+2	3.90690379E+2	-1.18339306E+0
5.74878498E+2	9.38868200E+2	6.88005802E-7	1.45700131E+2	-3.39948042E+2	3.69855651E+2	-1.16588437E+0
6.16423370E+2	8.54165966E+2	6.71690099E-7	1.43850391E+2	-3.19654748E+2	3.50531162E+2	-1.14792744E+0
6.60970574E+2	7.78798357E+2	6.54526069E-7	1.42076402E+2	-3.00770923E+2	3.32639227E+2	-1.12949264E+0
7.08737081E+2	7.11821284E+2	6.36670183E-7	1.40319136E+2	-2.83183114E+2	3.16041355E+2	-1.11074981E+0
7.59955541E+2	6.52365830E+2	6.18172301E-7	1.38565937E+2	-2.66824178E+2	3.00658719E+2	-1.09181599E+0
8.14875417E+2	5.99380104E+2	5.99054568E-7	1.36853807E+2	-2.51591881E+2	2.86404332E+2	-1.07260865E+0
8.73764200E+2	5.52229925E+2	5.79410430E-7	1.35159998E+2	-2.37426124E+2	2.73202107E+2	-1.05327759E+0
9.36908711E+2	5.10344491E+2	5.59396806E-7	1.33445488E+2	-2.24266511E+2	2.60965835E+2	-1.03403864E+0
1.00461650E+3	4.72973719E+2	5.39101861E-7	1.31730866E+2	-2.12019369E+2	2.49610166E+2	-1.01485111E+0
1.07721735E+3	4.39718477E+2	5.18582207E-7	1.30015330E+2	-2.00664281E+2	2.39102782E+2	-9.95881449E-1
1.15506485E+3	4.10034796E+2	4.98043333E-7	1.28272740E+2	-1.90111514E+2	2.29338798E+2	-9.77236521E-1
1.23853818E+3	3.83508886E+2	4.77576671E-7	1.26508203E+2	-1.80312763E+2	2.20265791E+2	-9.58994490E-1
1.32804389E+3	3.59784946E+2	4.57299849E-7	1.24716077E+2	-1.71221686E+2	2.11827680E+2	-9.41270004E-1
1.42401793E+3	3.38516117E+2	4.37342525E-7	1.22888568E+2	-1.62782553E+2	2.03960192E+2	-9.24150863E-1
1.52692775E+3	3.19412369E+2	4.17802604E-7	1.21024389E+2	-1.54950905E+2	1.96613037E+2	-9.07717605E-1
1.63727458E+3	3.02215401E+2	3.98799160E-7	1.19111413E+2	-1.47681326E+2	1.89729552E+2	-8.92078162E-1
1.75559587E+3	2.86680096E+2	3.80369106E-7	1.17164377E+2	-1.40929780E+2	1.83272187E+2	-8.77219597E-1
1.88246790E+3	2.72602777E+2	3.62666714E-7	1.15149317E+2	-1.34650131E+2	1.77172299E+2	-8.63306037E-1
2.01850863E+3	2.59799364E+2	3.45676945E-7	1.13089364E+2	-1.28807377E+2	1.71407540E+2	-8.50285135E-1
2.16438064E+3	2.48100019E+2	3.29461296E-7	1.10975301E+2	-1.23359055E+2	1.65930630E+2	-8.38195565E-1
2.32079442E+3	2.37374896E+2	3.14018526E-7	1.08815482E+2	-1.18276178E+2	1.60717341E+2	-8.27034339E-1
2.48851178E+3	2.27477886E+2	2.99414702E-7	1.06590335E+2	-1.13514069E+2	1.55714301E+2	-8.16844384E-1
2.66834962E+3	2.18322457E+2	2.85581465E-7	1.04325591E+2	-1.09054070E+2	1.50919247E+2	-8.07554469E-1
2.86118383E+3	2.09794335E+2	2.72520264E-7	1.02019235E+2	-1.04857679E+2	1.46297837E+2	-7.99117756E-1
3.06795364E+3	2.01807189E+2	2.60200477E-7	9.96784421E+1	-1.00896155E+2	1.41830272E+2	-7.91469213E-1
3.28966612E+3	1.94278418E+2	2.48605594E-7	9.73031272E+1	-9.71390692E+1	1.37491445E+2	-7.84554427E-1
3.52740116E+3	1.87164013E+2	2.37690930E-7	9.49028838E+1	-9.35726831E+1	1.33275671E+2	-7.78340598E-1
3.78231664E+3	1.80382586E+2	2.27402351E-7	9.24902952E+1	-9.01619862E+1	1.29165160E+2	-7.72651633E-1
4.05565415E+3	1.73919150E+2	2.17698664E-7	9.00730601E+1	-8.69038184E+1	1.25161615E+2	-7.67492420E-1
4.34874501E+3	1.67695316E+2	2.08556250E-7	8.76507799E+1	-8.37613626E+1	1.21237887E+2	-7.62711613E-1
4.66301673E+3	1.61718688E+2	1.99888648E-7	8.52498967E+1	-8.07400550E+1	1.17415933E+2	-7.58235480E-1
5.00000000E+3	1.55949083E+2	1.91663855E-7	8.28744629E+1	-7.78204331E+1	1.13684636E+2	-7.53957435E-1
5.36133611E+3	1.50362037E+2	1.83853216E-7	8.05276181E+1	-7.49906615E+1	1.10037705E+2	-7.49809942E-1
5.74878498E+3	1.44939911E+2	1.76411740E-7	7.82195716E+1	-7.22415138E+1	1.06475996E+2	-7.45687463E-1
6.16423370E+3	1.39689254E+2	1.69305867E-7	7.59572823E+1	-6.95766288E+1	1.03006874E+2	-7.41583155E-1
6.60970574E+3	1.34569279E+2	1.62483350E-7	7.37535054E+1	-6.69729526E+1	9.96240733E+1	-7.37252896E-1
7.08737081E+3	1.29612616E+2	1.55931274E-7	7.16087348E+1	-6.44483085E+1	9.63399990E+1	-7.32818552E-1
7.59955541E+3	1.24780400E+2	1.49630158E-7	6.95226325E+1	-6.19811696E+1	9.31400121E+1	-7.28113038E-1
8.14875417E+3	1.20099900E+2	1.43545406E-7	6.75051114E+1	-5.95853759E+1	9.00408635E+1	-7.23162917E-1
8.73764200E+3	1.15553751E+2	1.37646523E-7	6.55619569E+1	-5.72499765E+1	8.70398187E+1	-7.17820660E-1
9.36908711E+3	1.11145055E+2	1.31939957E-7	6.36852396E+1	-5.49771740E+1	8.41326300E+1	-7.12144270E-1
1.00461650E+4	1.06876627E+2	1.26383686E-7	6.18873056E+1	-5.27661616E+1	8.13283864E+1	-7.06011340E-1
1.07721735E+4	1.02752873E+2	1.20979667E-7	6.01628695E+1	-5.06195296E+1	7.86251084E+1	-6.99465401E-1
1.15506485E+4	9.87600752E+1	1.15725719E-7	5.85067892E+1	-4.85292744E+1	7.60140440E+1	-6.92450376E-1
1.23853818E+4	9.49149816E+1	1.10602421E-7	5.69244073E+1	-4.65036652E+1	7.35049594E+1	-6.84983508E-1
1.32804389E+4	9.12022777E+1	1.05606524E-7	5.54111879E+1	-4.45334343E+1	7.10888636E+1	-6.76987079E-1
1.42401793E+4	8.76269163E+1	1.00731368E-7	5.39665023E+1	-4.26208257E+1	6.87671300E+1	-6.68468525E-1
1.52692775E+4	8.41942579E+1	9.59722164E-8	5.25895321E+1	-4.07685868E+1	6.65412398E+1	-6.59449039E-1
1.63727458E+4	8.09042824E+1	9.13156874E-8	5.12827340E+1	-3.89752988E+1	6.44126755E+1	-6.49875655E-1
1.75559587E+4	7.77473979E+1	8.67673040E-8	5.00394113E+1	-3.72356185E+1	6.23733437E+1	-6.39731025E-1
1.88246790E+4	7.47273229E+1	8.23312251E-8	4.88559152E+1	-3.55523735E+1	6.04224440E+1	-6.29074671E-1
2.01850863E+4	7.18343042E+1	7.79981497E-8	4.77318371E+1	-3.39183576E+1	5.85558135E+1	-6.17806276E-1
2.16438064E+4	6.90813660E+1	7.37660947E-8	4.66688875E+1	-3.23413885E+1	5.67798423E+1	-6.06010333E-1
2.32079442E+4	6.64556991E+1	6.96416943E-8	4.56600467E+1	-3.08144516E+1	5.50851188E+1	-5.93658184E-1
2.48851178E+4	6.39618486E+1	6.56177486E-8	4.47082628E+1	-2.93392958E+1	5.34754440E+1	-5.80748510E-1
2.66834962E+4	6.15815996E+1	6.17070675E-8	4.38023227E+1	-2.79065152E+1	5.19366642E+1	-5.67254060E-1
2.86118383E+4	5.93344029E+1	5.79006020E-8	4.29510068E+1	-2.65270301E+1	5.04823963E+1	-5.53268490E-1
3.06795364E+4	5.72062221E+1	5.42059636E-8	4.21469456E+1	-2.51933022E+1	4.91026223E+1	-5.38762844E-1
3.28966612E+4	5.51938286E+1	5.06288017E-8	4.13867679E+1	-2.39045938E+1	4.77942901E+1	-5.23778747E-1
3.52740116E+4	5.32936796E+1	4.71662376E-8	4.06706313E+1	-2.26580521E+1	4.65562841E+1	-5.08286240E-1
3.78231664E+4	5.15021193E+1	4.38229132E-8	3.99956731E+1	-2.14524602E+1	4.53857018E+1	-4.92318163E-1
4.05565415E+4	4.98214935E+1	4.06039182E-8	3.93616680E+1	-2.02907901E+1	4.42838241E+1	-4.75967574E-1
4.34874501E+4	4.82405663E+1	3.75069532E-8	3.87655153E+1	-1.91652088E+1	4.32443107E+1	-4.59148005E-1
4.66301673E+4	4.67599774E+1	3.45426748E-8	3.82041060E+1	-1.80795301E+1	4.22660991E+1	-4.42007483E-1
5.00000000E+4	4.53715552E+1	3.17103501E-8	3.76746168E+1	-1.70287754E+1	4.13443582E+1	-4.24512545E-1
5.36133611E+4	4.40723260E+1	2.90046269E-8	3.71784483E+1	-1.60094869E+1	4.04788919E+1	-4.06614466E-1
5.74878498E+4	4.28628131E+1	2.64336694E-8	3.67136540E+1	-1.50252486E+1	3.96692638E+1	-3.88459327E-1
6.16423370E+4	4.17314098E+1	2.40000451E-8	3.62731582E+1	-1.40708213E+1	3.89066836E+1	-3.70043121E-1
6.60970574E+4	4.06790239E+1	2.16959955E-8	3.58612185E+1	-1.31442902E+1	3.81942321E+1	-3.51326232E-1
7.08737081E+4	3.96996367E+1	1.95248166E-8	3.54731734E+1	-1.22444296E+1	3.75269516E+1	-3.32369348E-1
7.59955541E+4	3.87926192E+1	1.74849808E-8	3.51097032E+1	-1.13712831E+1	3.69052482E+1	-3.13217339E-1
8.14875417E+4	3.79475399E+1	1.55701375E-8	3.47659215E+1	-1.05172187E+1	3.63219106E+1	-2.93762690E-1
8.73764200E+4	3.71678091E+1	1.37833658E-8	3.44432463E+1	-9.68724841E+0	3.57796032E+1	-2.74169748E-1
9.36908711E+4	3.64467132E+1	1.21170463E-8	3.41393307E+1	-8.87538655E+0	3.52741604E+1	-2.54345028E-1
1.00461650E+5	3.57800914E+1	1.05660309E-8	3.38523203E+1	-8.07833644E+0	3.48028607E+1	-2.34253587E-1
1.07721735E+5	3.51665408E+1	9.12719051E-9	3.35816406E+1	-7.29544652E+0	3.43649550E+1	-2.13921063E-1
1.15506485E+5	3.46029621E+1	7.79589388E-9	3.33256145E+1	-6.52444539E+0	3.39582829E+1	-1.93333339E-1
1.23853818E+5	3.40876871E+1	6.56904945E-9	3.30831059E+1	-5.76495085E+0	3.35816402E+1	-1.72524303E-1
1.32804389E+5	3.36182309E+1	5.43735814E-9	3.28538655E+1	-5.01119854E+0	3.32338507E+1	-1.51363284E-1
1.42401793E+5	3.31919731E+1	4.39898770E-9	3.26349851E+1	-4.26348310E+0	3.29123009E+1	-1.29905784E-1
1.52692775E+5	3.28084595E+1	3.44461787E-9	3.24272525E+1	-3.51589091E+0	3.26172991E+1	-1.08002057E-1
1.63727458E+5	3.24657605E+1	2.57242534E-9	3.22278730E+1	-2.76886257E+0	3.23465981E+1	-8.57046891E-2
1.75559587E+5	3.21636027E+1	1.77723428E-9	3.20362319E+1	-2.02001805E+0	3.20998541E+1	-6.29708031E-2
1.88246790E+5	3.18834724E+1	1.05499971E-9	3.18282954E+1	-1.26618040E+0	3.18558681E+1	-3.97596524E-2
2.01850863E+5	3.16815487E+1	3.94692606E-10	3.16735824E+1	-5.02311391E-1	3.16775653E+1	-1.58576727E-2
2.16438064E+5	3.15041358E+1	-1.99262854E-10	3.15018396E+1	2.68932505E-1	3.15029877E+1	8.53683427E-3
2.32079442E+5	3.13662931E+1	-7.39271604E-10	3.13304721E+1	1.05937729E+0	3.13483774E+1	3.38001250E-2
2.48851178E+5	3.12739869E+1	-1.22346156E-9	3.11624499E+1	1.86433865E+0	3.12181686E+1	5.97552178E-2
2.66834962E+5	3.12293331E+1	-1.65666044E-9	3.09961222E+1	2.68859922E+0	3.11125091E+1	8.65233038E-2
2.86118383E+5	3.12356514E+1	-2.04196029E-9	3.08303061E+1	3.53509670E+0	3.10323169E+1	1.14164457E-1
3.06795364E+5	3.12942558E+1	-2.38454086E-9	3.06598511E+1	4.41029962E+0	3.09754294E+1	1.42866085E-1
3.28966612E+5	3.14125868E+1	-2.68258038E-9	3.04876728E+1	5.31021697E+0	3.09466745E+1	1.72445936E-1
3.52740116E+5	3.15979196E+1	-2.94479363E-9	3.03088793E+1	6.25054564E+0	3.09466885E+1	2.03376977E-1
3.78231664E+5	3.18568505E+1	-3.17047130E-9	3.01214290E+1	7.23002637E+0	3.09769891E+1	2.35572732E-1
4.05565415E+5	3.22075301E+1	-3.35754850E-9	2.99344597E+1	8.24882152E+0	3.10502014E+1	2.68889296E-1
4.34874501E+5	3.26412963E+1	-3.51326304E-9	2.97229563E+1	9.31351981E+0	3.11479665E+1	3.03653898E-1
4.66301673E+5	3.31865909E+1	-3.63597608E-9	2.94995593E+1	1.04290817E+1	3.12888127E+1	3.39819173E-1
NaN	NaN	NaN	NaN	NaN	NaN	NaN
