Start time:20240908_10-38-41	sweep/start:500.000	sweep/stop:500000.000	sweep/samplecount:100.000	sweep/xmapping:1.000	sweep/scan:0.000	sweep/averaging/sample:10.000	sweep/settling/time:0.100	sweep/settling/inaccuracy:0.010	sweep/awgcontrol:0.000	sweep/averaging/time:0.100	sweep/averaging/tc:15.000	sweep/bandwidthcontrol:2.000	sweep/sincfilter:0.000	sweep/omegasuppression:80.000	sweep/maxbandwidth:100.000	sweep/bandwidth:1250000.000	sweep/order:8.000	sweep/bandwidthoverlap:1.000																				
Frequency	Param0		Param1		RealZ		ImagZ		AbsZ		PhaseZ		
5.00000000E+2	1.39779566E+3	8.87574375E-7	8.63297529E+1	-3.36479551E+2	3.47377773E+2	-1.31964601E+0
5.36133611E+2	1.25247106E+3	8.77450485E-7	8.51718012E+1	-3.15310901E+2	3.26611698E+2	-1.30697259E+0
5.74878498E+2	1.12300236E+3	8.66746248E-7	8.40501566E+1	-2.95506468E+2	3.07227120E+2	-1.29368677E+0
6.16423370E+2	1.00847419E+3	8.55202516E-7	8.29475563E+1	-2.77074262E+2	2.89223868E+2	-1.27991815E+0
6.60970574E+2	9.06898523E+2	8.42994465E-7	8.18448671E+1	-2.59858407E+2	2.72442609E+2	-1.26567237E+0
7.08737081E+2	8.16731026E+2	8.29927818E-7	8.07760354E+1	-2.43818606E+2	2.56850699E+2	-1.25088083E+0
7.59955541E+2	7.36877463E+2	8.16080219E-7	7.97052442E+1	-2.28866912E+2	2.42348902E+2	-1.23567225E+0
8.14875417E+2	6.66060115E+2	8.01479615E-7	7.86322359E+1	-2.14920355E+2	2.28853203E+2	-1.22005673E+0
8.73764200E+2	6.03079231E+2	7.86054747E-7	7.75830811E+1	-2.01914843E+2	2.16307048E+2	-1.20395247E+0
9.36908711E+2	5.47143158E+2	7.69944815E-7	7.65234763E+1	-1.89772100E+2	2.04619874E+2	-1.18750099E+0
1.00461650E+3	4.97408777E+2	7.53107026E-7	7.54662399E+1	-1.78444427E+2	1.93746142E+2	-1.17069580E+0
1.07721735E+3	4.53209526E+2	7.35493203E-7	7.44180692E+1	-1.67895583E+2	1.83649057E+2	-1.15357807E+0
1.15506485E+3	4.13871963E+2	7.17323243E-7	7.33514922E+1	-1.58043295E+2	1.74235831E+2	-1.13626017E+0
1.23853818E+3	3.78734819E+2	6.98562751E-7	7.22919156E+1	-1.48839994E+2	1.65467413E+2	-1.11865223E+0
1.32804389E+3	3.47365049E+2	6.79278376E-7	7.12308077E+1	-1.40247152E+2	1.57299371E+2	-1.10085280E+0
1.42401793E+3	3.19353558E+2	6.59545991E-7	7.01628861E+1	-1.32226836E+2	1.49688901E+2	-1.08294981E+0
1.52692775E+3	2.94298385E+2	6.39439096E-7	6.90898208E+1	-1.24738201E+2	1.42593907E+2	-1.06498018E+0
1.63727458E+3	2.71774990E+2	6.19071163E-7	6.80163286E+1	-1.17723895E+2	1.35960055E+2	-1.04688922E+0
1.75559587E+3	2.51533336E+2	5.98461760E-7	6.69465122E+1	-1.11164038E+2	1.29766248E+2	-1.02873746E+0
1.88246790E+3	2.33338526E+2	5.77729242E-7	6.58709842E+1	-1.05029765E+2	1.23976765E+2	-1.01064173E+0
2.01850863E+3	2.16933935E+2	5.56921047E-7	6.47987328E+1	-9.92883083E+1	1.18562405E+2	-9.92573028E-1
2.16438064E+3	2.02084572E+2	5.36123818E-7	6.37326184E+1	-9.39017148E+1	1.13487351E+2	-9.74498040E-1
2.32079442E+3	1.88622566E+2	5.15396867E-7	6.26741822E+1	-8.88465632E+1	1.08727940E+2	-9.56441735E-1
2.48851178E+3	1.76423759E+2	4.94852552E-7	6.16134917E+1	-8.41062500E+1	1.04259694E+2	-9.38545792E-1
2.66834962E+3	1.65328987E+2	4.74478885E-7	6.05661761E+1	-7.96560272E+1	1.00066700E+2	-9.20706320E-1
2.86118383E+3	1.55203130E+2	4.54356265E-7	5.95307474E+1	-7.54681942E+1	9.61215807E+1	-9.02910332E-1
3.06795364E+3	1.45964995E+2	4.34517728E-7	5.85087706E+1	-7.15329020E+1	9.24133776E+1	-8.85218815E-1
3.28966612E+3	1.37517240E+2	4.15037130E-7	5.74972379E+1	-6.78301481E+1	8.89205341E+1	-8.67659453E-1
3.52740116E+3	1.29768465E+2	3.95905434E-7	5.65057253E+1	-6.43409990E+1	8.56309592E+1	-8.50143999E-1
3.78231664E+3	1.22652633E+2	3.77189581E-7	5.55294879E+1	-6.10517308E+1	8.25278006E+1	-8.32730988E-1
4.05565415E+3	1.16105365E+2	3.58905481E-7	5.45716317E+1	-5.79482197E+1	7.95993668E+1	-8.15397978E-1
4.34874501E+3	1.10076525E+2	3.41080485E-7	5.36324460E+1	-5.50203052E+1	7.68353647E+1	-7.98170815E-1
4.66301673E+3	1.04516388E+2	3.23700342E-7	5.27185136E+1	-5.22561662E+1	7.42290281E+1	-7.80993823E-1
5.00000000E+3	9.93824850E+1	3.06802255E-7	5.18274572E+1	-4.96453033E+1	7.17686664E+1	-7.63896653E-1
5.36133611E+3	9.46296676E+1	2.90458919E-7	5.09502854E+1	-4.71749612E+1	6.94363634E+1	-7.46942586E-1
5.74878498E+3	9.02339795E+1	2.74603206E-7	5.01005748E+1	-4.48409032E+1	6.72367029E+1	-7.30055643E-1
6.16423370E+3	8.61603060E+1	2.59280139E-7	4.92728563E+1	-4.26327337E+1	6.51564606E+1	-7.13274097E-1
6.60970574E+3	8.23755517E+1	2.44482353E-7	4.84691779E+1	-4.05390435E+1	6.31876196E+1	-6.96538382E-1
7.08737081E+3	7.88659955E+1	2.30226186E-7	4.76888687E+1	-3.85590701E+1	6.13272378E+1	-6.79935639E-1
7.59955541E+3	7.56024879E+1	2.16533510E-7	4.69282094E+1	-3.66828639E+1	5.95641618E+1	-6.63470240E-1
8.14875417E+3	7.25572132E+1	2.03383329E-7	4.61893124E+1	-3.48986415E+1	5.78909991E+1	-6.47047884E-1
8.73764200E+3	6.97283754E+1	1.90772434E-7	4.54750333E+1	-3.32102624E+1	5.63107467E+1	-6.30771221E-1
9.36908711E+3	6.70884882E+1	1.78721698E-7	4.47793548E+1	-3.16067806E+1	5.48103932E+1	-6.14630523E-1
1.00461650E+4	6.46247376E+1	1.67180203E-7	4.41100410E+1	-3.00816237E+1	5.33910087E+1	-5.98520963E-1
1.07721735E+4	6.23270824E+1	1.56195304E-7	4.34587601E+1	-2.86355352E+1	5.20447665E+1	-5.82615346E-1
1.15506485E+4	6.01752987E+1	1.45721451E-7	4.28293673E+1	-2.72564716E+1	5.07668195E+1	-5.66752811E-1
1.23853818E+4	5.81613872E+1	1.35771295E-7	4.22185051E+1	-2.59438745E+1	4.95528689E+1	-5.51023466E-1
1.32804389E+4	5.62737755E+1	1.26320432E-7	4.16275737E+1	-2.46918170E+1	4.83998010E+1	-5.35375003E-1
1.42401793E+4	5.45088349E+1	1.17356979E-7	4.10582135E+1	-2.35001801E+1	4.73078786E+1	-5.19849841E-1
1.52692775E+4	5.28473696E+1	1.08879171E-7	4.05040592E+1	-2.23596538E+1	4.62658943E+1	-5.04404163E-1
1.63727458E+4	5.12902909E+1	1.00860570E-7	3.99701514E+1	-2.12712868E+1	4.52778167E+1	-4.89058414E-1
1.75559587E+4	4.98281919E+1	9.32716146E-8	3.94578796E+1	-2.02284578E+1	4.43408930E+1	-4.73723863E-1
1.88246790E+4	4.84549923E+1	8.61321764E-8	3.89609291E+1	-1.92327196E+1	4.34494133E+1	-4.58547636E-1
2.01850863E+4	4.71631969E+1	7.93881359E-8	3.84849895E+1	-1.82751388E+1	4.26036986E+1	-4.43337425E-1
2.16438064E+4	4.59483038E+1	7.30615316E-8	3.80233925E+1	-1.73589170E+1	4.17984496E+1	-4.28273111E-1
2.32079442E+4	4.48058112E+1	6.71039281E-8	3.75818439E+1	-1.64769529E+1	4.10351678E+1	-4.13189541E-1
2.48851178E+4	4.37333552E+1	6.15149670E-8	3.71585211E+1	-1.56304533E+1	4.03121172E+1	-3.98174025E-1
2.66834962E+4	4.27187338E+1	5.62722594E-8	3.67494586E+1	-1.48110642E+1	3.96218417E+1	-3.83114073E-1
2.86118383E+4	4.17717753E+1	5.13765767E-8	3.63596573E+1	-1.40279273E+1	3.89718800E+1	-3.68214274E-1
3.06795364E+4	4.08780832E+1	4.67808776E-8	3.59878359E+1	-1.32660995E+1	3.83551006E+1	-3.53171998E-1
3.28966612E+4	4.00428741E+1	4.25012587E-8	3.56335089E+1	-1.25347971E+1	3.77739078E+1	-3.38250728E-1
3.52740116E+4	3.92575430E+1	3.85132810E-8	3.52943772E+1	-1.18269803E+1	3.72232525E+1	-3.23335495E-1
3.78231664E+4	3.85192732E+1	3.48052168E-8	3.49694317E+1	-1.11416305E+1	3.67014590E+1	-3.08442066E-1
4.05565415E+4	3.78277705E+1	3.13614012E-8	3.46602083E+1	-1.04779941E+1	3.62093690E+1	-2.93571183E-1
4.34874501E+4	3.71820404E+1	2.81666192E-8	3.43677157E+1	-9.83472932E+0	3.57471928E+1	-2.78713404E-1
4.66301673E+4	3.65754585E+1	2.52106813E-8	3.40875296E+1	-9.20909018E+0	3.53095882E+1	-2.63861045E-1
5.00000000E+4	3.60075660E+1	2.24827364E-8	3.38200089E+1	-8.60134828E+0	3.48966503E+1	-2.49047157E-1
5.36133611E+4	3.54800093E+1	1.99604279E-8	3.35694636E+1	-8.00849457E+0	3.45115181E+1	-2.34187563E-1
5.74878498E+4	3.49861160E+1	1.76398311E-8	3.33298664E+1	-7.42984333E+0	3.41479512E+1	-2.19332346E-1
6.16423370E+4	3.45263008E+1	1.55077464E-8	3.31027292E+1	-6.86469909E+0	3.38070227E+1	-2.04477341E-1
6.60970574E+4	3.40981189E+1	1.35514950E-8	3.28870086E+1	-6.31108454E+0	3.34870890E+1	-1.89597087E-1
7.08737081E+4	3.36999837E+1	1.17576965E-8	3.26824502E+1	-5.76675589E+0	3.31873175E+1	-1.74650379E-1
7.59955541E+4	3.33298244E+1	1.01231358E-8	3.24866123E+1	-5.23384141E+0	3.29055175E+1	-1.59735067E-1
8.14875417E+4	3.29855624E+1	8.62670053E-9	3.22999459E+1	-4.70588697E+0	3.26409540E+1	-1.44675417E-1
8.73764200E+4	3.26689510E+1	7.26066892E-9	3.21241921E+1	-4.18329163E+0	3.23954265E+1	-1.29493771E-1
9.36908711E+4	3.23763166E+1	6.02238102E-9	3.19553099E+1	-3.66788616E+0	3.21651244E+1	-1.14281612E-1
1.00461650E+5	3.21068461E+1	4.89033913E-9	3.17945359E+1	-3.15115154E+0	3.19503094E+1	-9.87872338E-2
1.07721735E+5	3.18595063E+1	3.86621286E-9	3.16395951E+1	-2.63778210E+0	3.17493603E+1	-8.31773027E-2
1.15506485E+5	3.16363954E+1	2.93387349E-9	3.14934893E+1	-2.12146271E+0	3.15648615E+1	-6.72603332E-2
1.23853818E+5	3.14334460E+1	2.09128894E-9	3.13514015E+1	-1.60380753E+0	3.13923970E+1	-5.11112950E-2
1.32804389E+5	3.12483885E+1	1.32814604E-9	3.12109522E+1	-1.08086799E+0	3.12296647E+1	-3.46172155E-2
1.42401793E+5	3.10893578E+1	6.36670589E-10	3.10796093E+1	-5.50424136E-1	3.10844832E+1	-1.77082845E-2
1.52692775E+5	3.09512612E+1	1.42163078E-11	3.09512554E+1	-1.30659438E-2	3.09512583E+1	-4.22146307E-4
1.63727458E+5	3.08337272E+1	-5.48029907E-10	3.08244123E+1	5.35829400E-1	3.08290694E+1	1.73815284E-2
1.75559587E+5	3.07411827E+1	-1.05372550E-9	3.07019836E+1	1.09703126E+0	3.07215769E+1	3.57164096E-2
1.88246790E+5	3.06458151E+1	-1.49340351E-9	3.05453890E+1	1.65261085E+0	3.05955445E+1	5.40557490E-2
2.01850863E+5	3.06294559E+1	-1.91583084E-9	3.04607403E+1	2.26697842E+0	3.05449816E+1	7.42860082E-2
2.16438064E+5	3.06136250E+1	-2.28193749E-9	3.03397975E+1	2.88233641E+0	3.04764037E+1	9.47175654E-2
2.32079442E+5	3.06296869E+1	-2.60621381E-9	3.02202036E+1	3.51776253E+0	3.04242563E+1	1.15882804E-1
2.48851178E+5	3.06798193E+1	-2.89355162E-9	3.00998934E+1	4.17800124E+0	3.03884730E+1	1.37923248E-1
2.66834962E+5	3.07644985E+1	-3.14876240E-9	2.99738753E+1	4.86805254E+0	3.03666139E+1	1.61004052E-1
2.86118383E+5	3.08930528E+1	-3.37155361E-9	2.98465803E+1	5.58870383E+0	3.03653088E+1	1.85104218E-1
3.06795364E+5	3.10651928E+1	-3.56388438E-9	2.97119255E+1	6.34099057E+0	3.03810252E+1	2.10261341E-1
3.28966612E+5	3.12958187E+1	-3.72639262E-9	2.95772346E+1	7.12958100E+0	3.04243943E+1	2.36537217E-1
3.52740116E+5	3.15825577E+1	-3.86508997E-9	2.94285245E+1	7.96177860E+0	3.04865227E+1	2.64220937E-1
3.78231664E+5	3.19405104E+1	-3.97442501E-9	2.92759835E+1	8.83212788E+0	3.05792388E+1	2.93002040E-1
4.05565415E+5	3.23817098E+1	-4.06323980E-9	2.91093637E+1	9.75990668E+0	3.07019698E+1	3.23505222E-1
4.34874501E+5	3.29017526E+1	-4.12471699E-9	2.89245243E+1	1.07256405E+1	3.08491091E+1	3.55096354E-1
4.66301673E+5	3.35389058E+1	-4.16533892E-9	2.87263790E+1	1.17578239E+1	3.10395121E+1	3.88501301E-1
5.00000000E+5	3.42913432E+1	-4.18186805E-9	2.85058161E+1	1.28421589E+1	3.12650396E+1	4.23278088E-1
