Start time:20240908_16-31-21	sweep/start:500.000	sweep/stop:500000.000	sweep/samplecount:100.000	sweep/xmapping:1.000	sweep/scan:0.000	sweep/averaging/sample:10.000	sweep/settling/time:0.100	sweep/settling/inaccuracy:0.010	sweep/awgcontrol:0.000	sweep/averaging/time:0.100	sweep/averaging/tc:15.000	sweep/bandwidthcontrol:2.000	sweep/sincfilter:0.000	sweep/omegasuppression:80.000	sweep/maxbandwidth:100.000	sweep/bandwidth:1250000.000	sweep/order:8.000	sweep/bandwidthoverlap:1.000																				
Frequency	Param0		Param1		RealZ		ImagZ		AbsZ		PhaseZ		
5.00000000E+2	1.46980025E+3	9.01288911E-7	8.02298921E+1	-3.33893781E+2	3.43397574E+2	-1.33498125E+0
5.36133611E+2	1.31351052E+3	8.92168227E-7	7.92056496E+1	-3.12672173E+2	3.22548329E+2	-1.32269681E+0
5.74878498E+2	1.17538006E+3	8.82386947E-7	7.81806148E+1	-2.92881698E+2	3.03136768E+2	-1.30994267E+0
6.16423370E+2	1.05297469E+3	8.71872938E-7	7.71789497E+1	-2.74428245E+2	2.85074471E+2	-1.29664237E+0
6.60970574E+2	9.44601463E+2	8.60609549E-7	7.61890527E+1	-2.57222668E+2	2.68269033E+2	-1.28283048E+0
7.08737081E+2	8.48294444E+2	8.48558768E-7	7.52359307E+1	-2.41167501E+2	2.52630580E+2	-1.26839851E+0
7.59955541E+2	7.63104478E+2	8.35792785E-7	7.42700270E+1	-2.26185196E+2	2.38066757E+2	-1.25352900E+0
8.14875417E+2	6.87686941E+2	8.22075989E-7	7.33287157E+1	-2.12250071E+2	2.24560001E+2	-1.23815153E+0
8.73764200E+2	6.20684350E+2	8.07643994E-7	7.23908083E+1	-1.99227023E+2	2.11971310E+2	-1.22227086E+0
9.36908711E+2	5.61263468E+2	7.92362967E-7	7.14632610E+1	-1.87090124E+2	2.00274095E+2	-1.20592693E+0
1.00461650E+3	5.08611824E+2	7.76348198E-7	7.05209129E+1	-1.75768504E+2	1.89387874E+2	-1.18924320E+0
1.07721735E+3	4.61722540E+2	7.59563356E-7	6.95940134E+1	-1.65196237E+2	1.79257144E+2	-1.17208003E+0
1.15506485E+3	4.20126855E+2	7.42055884E-7	6.86565633E+1	-1.55340723E+2	1.69836581E+2	-1.15463682E+0
1.23853818E+3	3.83052602E+2	7.23810434E-7	6.77337228E+1	-1.46142808E+2	1.61076310E+2	-1.13679222E+0
1.32804389E+3	3.50044384E+2	7.04989877E-7	6.67985406E+1	-1.37551475E+2	1.52913222E+2	-1.11871409E+0
1.42401793E+3	3.20617297E+2	6.85582401E-7	6.58625357E+1	-1.29532984E+2	1.45315752E+2	-1.10040245E+0
1.52692775E+3	2.94347499E+2	6.65627389E-7	6.49301590E+1	-1.22049595E+2	1.38246263E+2	-1.08187908E+0
1.63727458E+3	2.70812777E+2	6.45288782E-7	6.39941585E+1	-1.15044265E+2	1.31645112E+2	-1.06316210E+0
1.75559587E+3	2.49747719E+2	6.24572078E-7	6.30583459E+1	-1.08500335E+2	1.25493736E+2	-1.04432918E+0
1.88246790E+3	2.30868385E+2	6.03581146E-7	6.21192709E+1	-1.02384431E+2	1.19755482E+2	-1.02544609E+0
2.01850863E+3	2.13874195E+2	5.82352594E-7	6.11903894E+1	-9.66580639E+1	1.14398624E+2	-1.00642178E+0
2.16438064E+3	1.98572622E+2	5.61052858E-7	6.02560740E+1	-9.12930004E+1	1.09385586E+2	-9.87402768E-1
2.32079442E+3	1.84777376E+2	5.39673445E-7	5.93294870E+1	-8.62714247E+1	1.04703137E+2	-9.68368239E-1
2.48851178E+3	1.72289770E+2	5.18316831E-7	5.84109456E+1	-8.15583818E+1	1.00317537E+2	-9.49289884E-1
2.66834962E+3	1.61007992E+2	4.97082231E-7	5.74922969E+1	-7.71450260E+1	9.62118458E+1	-9.30342436E-1
2.86118383E+3	1.50745175E+2	4.75993071E-7	5.65871626E+1	-7.29940725E+1	9.23593073E+1	-9.11342856E-1
3.06795364E+3	1.41429386E+2	4.55120040E-7	5.56911350E+1	-6.91003649E+1	8.87488759E+1	-8.92440517E-1
3.28966612E+3	1.32941558E+2	4.34525784E-7	5.48063410E+1	-6.54393252E+1	8.53583056E+1	-8.73595928E-1
3.52740116E+3	1.25201358E+2	4.14257380E-7	5.39340002E+1	-6.19978516E+1	8.21742661E+1	-8.54843137E-1
3.78231664E+3	1.18121670E+2	3.94362507E-7	5.30756173E+1	-5.87567815E+1	7.91794200E+1	-8.36155232E-1
4.05565415E+3	1.11645392E+2	3.74884511E-7	5.22313298E+1	-5.57070500E+1	7.63635205E+1	-8.17588007E-1
4.34874501E+3	1.05707343E+2	3.55857223E-7	5.14027927E+1	-5.28337532E+1	7.37133136E+1	-7.99125312E-1
4.66301673E+3	1.00250315E+2	3.37308575E-7	5.05914341E+1	-5.01229885E+1	7.12166216E+1	-7.80746971E-1
5.00000000E+3	9.52401486E+1	3.19232104E-7	4.98031405E+1	-4.75700080E+1	6.88713183E+1	-7.62468422E-1
5.36133611E+3	9.06274379E+1	3.01714855E-7	4.90292794E+1	-4.51611304E+1	6.66588176E+1	-7.44353895E-1
5.74878498E+3	8.63656554E+1	2.84776165E-7	4.82698464E+1	-4.28821502E+1	6.45666857E+1	-7.26360125E-1
6.16423370E+3	8.24378798E+1	2.68392180E-7	4.75320569E+1	-4.07326101E+1	6.25974598E+1	-7.08515254E-1
6.60970574E+3	7.88044842E+1	2.52587290E-7	4.68138348E+1	-3.86989012E+1	6.07382918E+1	-6.90784133E-1
7.08737081E+3	7.54464788E+1	2.37380785E-7	4.61146956E+1	-3.67780673E+1	5.89846708E+1	-6.73235868E-1
7.59955541E+3	7.23291838E+1	2.22791282E-7	4.54314293E+1	-3.49571654E+1	5.73238013E+1	-6.55832681E-1
8.14875417E+3	6.94430787E+1	2.08811964E-7	4.47672670E+1	-3.32365556E+1	5.57564063E+1	-6.38638584E-1
8.73764200E+3	6.67599302E+1	1.95421559E-7	4.41239499E+1	-3.16036207E+1	5.42744121E+1	-6.21546582E-1
9.36908711E+3	6.42659072E+1	1.82655465E-7	4.34961397E+1	-3.00566913E+1	5.28707752E+1	-6.04673484E-1
1.00461650E+4	6.19479555E+1	1.70475547E-7	4.28894461E+1	-2.85903638E+1	5.15452568E+1	-5.87960629E-1
1.07721735E+4	5.97872979E+1	1.58906637E-7	4.22975500E+1	-2.71987771E+1	5.02877343E+1	-5.71462851E-1
1.15506485E+4	5.77702001E+1	1.47906847E-7	4.17247868E+1	-2.58745325E+1	4.90963265E+1	-5.55085132E-1
1.23853818E+4	5.58860707E+1	1.37481356E-7	4.11684448E+1	-2.46150716E+1	4.79660569E+1	-5.38882157E-1
1.32804389E+4	5.41238943E+1	1.27608136E-7	4.06293252E+1	-2.34152775E+1	4.68936808E+1	-5.22821751E-1
1.42401793E+4	5.24771407E+1	1.18280938E-7	4.01068684E+1	-2.22740403E+1	4.58769416E+1	-5.06954581E-1
1.52692775E+4	5.09335366E+1	1.09476350E-7	3.96005120E+1	-2.11847476E+1	4.49109577E+1	-4.91224038E-1
1.63727458E+4	4.94883718E+1	1.01183584E-7	3.91102298E+1	-2.01467485E+1	4.39943358E+1	-4.75676115E-1
1.75559587E+4	4.81302496E+1	9.33640915E-8	3.86371172E+1	-1.91516905E+1	4.31232430E+1	-4.60186560E-1
1.88246790E+4	4.68568313E+1	8.60181763E-8	3.81797400E+1	-1.82013477E+1	4.22963548E+1	-4.44857218E-1
2.01850863E+4	4.56571973E+1	7.91137510E-8	3.77373801E+1	-1.72879478E+1	4.15088305E+1	-4.29579379E-1
2.16438064E+4	4.45354588E+1	7.26391100E-8	3.73136269E+1	-1.64156245E+1	4.07649296E+1	-4.14453632E-1
2.32079442E+4	4.34780121E+1	6.65793980E-8	3.69027779E+1	-1.55770470E+1	4.00557040E+1	-3.99420603E-1
2.48851178E+4	4.24810777E+1	6.08988431E-8	3.65075482E+1	-1.47674939E+1	3.93812136E+1	-3.84384144E-1
2.66834962E+4	4.15495474E+1	5.56079186E-8	3.61283066E+1	-1.39950073E+1	3.87442226E+1	-3.69570903E-1
2.86118383E+4	4.06702609E+1	5.06505744E-8	3.57652973E+1	-1.32449035E+1	3.81390085E+1	-3.54668699E-1
3.06795364E+4	3.98438359E+1	4.60383936E-8	3.54157456E+1	-1.25229409E+1	3.75645997E+1	-3.39876669E-1
3.28966612E+4	3.90710065E+1	4.17475913E-8	3.50831952E+1	-1.18281507E+1	3.70234486E+1	-3.25177811E-1
3.52740116E+4	3.83408779E+1	3.77516307E-8	3.47633231E+1	-1.11520260E+1	3.65083049E+1	-3.10427212E-1
3.78231664E+4	3.76577918E+1	3.40488983E-8	3.44582717E+1	-1.04999963E+1	3.60225266E+1	-2.95778022E-1
4.05565415E+4	3.70167805E+1	3.06120818E-8	3.41678476E+1	-9.86619990E+0	3.55637978E+1	-2.81110325E-1
4.34874501E+4	3.64169887E+1	2.74380158E-8	3.38907072E+1	-9.25297035E+0	3.51311472E+1	-2.66528046E-1
4.66301673E+4	3.58550685E+1	2.45028663E-8	3.36270567E+1	-8.65571888E+0	3.47231971E+1	-2.51934344E-1
5.00000000E+4	3.53280213E+1	2.17947477E-8	3.33751853E+1	-8.07318131E+0	3.43377235E+1	-2.37332914E-1
5.36133611E+4	3.48363462E+1	1.93037851E-8	3.31359302E+1	-7.50632099E+0	3.39755020E+1	-2.22771354E-1
5.74878498E+4	3.43777412E+1	1.70116708E-8	3.29092267E+1	-6.95181049E+0	3.36354706E+1	-2.08181425E-1
6.16423370E+4	3.39516819E+1	1.49093022E-8	3.26949688E+1	-6.41000687E+0	3.33174005E+1	-1.93599276E-1
6.60970574E+4	3.35510049E+1	1.29807832E-8	3.24881786E+1	-5.87616239E+0	3.30153152E+1	-1.78936266E-1
7.08737081E+4	3.31814242E+1	1.12186113E-8	3.22940219E+1	-5.35329635E+0	3.27347161E+1	-1.64273596E-1
7.59955541E+4	3.28382525E+1	9.61006158E-9	3.21091683E+1	-4.83841713E+0	3.24716642E+1	-1.49561243E-1
8.14875417E+4	3.25200192E+1	8.14075719E-9	3.19333172E+1	-4.32843293E+0	3.22253330E+1	-1.34724904E-1
8.73764200E+4	3.22243085E+1	6.80125254E-9	3.17644390E+1	-3.82197489E+0	3.19935475E+1	-1.19746777E-1
9.36908711E+4	3.19549955E+1	5.58586436E-9	3.16060297E+1	-3.32105640E+0	3.17800336E+1	-1.04692490E-1
1.00461650E+5	3.17053680E+1	4.48074762E-9	3.14524489E+1	-2.82044678E+0	3.15786553E+1	-8.94341507E-2
1.07721735E+5	3.14782461E+1	3.47915645E-9	3.13062309E+1	-2.32059030E+0	3.13921207E+1	-7.39901918E-2
1.15506485E+5	3.12717563E+1	2.57047408E-9	3.11656891E+1	-1.81814488E+0	3.12186777E+1	-5.82719817E-2
1.23853818E+5	3.10870435E+1	1.74790257E-9	3.10315582E+1	-1.31216829E+0	3.10592885E+1	-4.22597854E-2
1.32804389E+5	3.09223330E+1	1.00421907E-9	3.09015797E+1	-8.00707620E-1	3.09119546E+1	-2.59057363E-2
1.42401793E+5	3.07797319E+1	3.32997535E-10	3.07771433E+1	-2.82247034E-1	3.07784376E+1	-9.17041422E-3
1.52692775E+5	3.06567174E+1	-2.72473698E-10	3.06547484E+1	2.45666721E-1	3.06557329E+1	8.01381449E-3
1.63727458E+5	3.05549822E+1	-8.17471219E-10	3.05348212E+1	7.84605435E-1	3.05449001E+1	2.56897783E-2
1.75559587E+5	3.04761832E+1	-1.30557989E-9	3.04175877E+1	1.33503694E+0	3.04468714E+1	4.38621425E-2
1.88246790E+5	3.04200296E+1	-1.74640161E-9	3.02886742E+1	1.90245510E+0	3.03542573E+1	6.27284918E-2
2.01850863E+5	3.03959902E+1	-2.13980737E-9	3.01905552E+1	2.49041963E+0	3.02930986E+1	8.23036823E-2
2.16438064E+5	3.03943854E+1	-2.49029360E-9	3.00757227E+1	3.09580427E+0	3.02346342E+1	1.02572417E-1
2.32079442E+5	3.04238549E+1	-2.80215271E-9	2.99608354E+1	3.72457314E+0	3.01914576E+1	1.23680207E-1
2.48851178E+5	3.04870708E+1	-3.07773010E-9	2.98446804E+1	4.37857411E+0	3.01641655E+1	1.45672807E-1
2.66834962E+5	3.05906358E+1	-3.32006158E-9	2.97286666E+1	5.06212054E+0	3.01565716E+1	1.68659789E-1
2.86118383E+5	3.07317773E+1	-3.53131678E-9	2.96049320E+1	5.77582486E+0	3.01630930E+1	1.92676450E-1
3.06795364E+5	3.09207234E+1	-3.71035268E-9	2.94789427E+1	6.51936687E+0	3.01912278E+1	2.17650135E-1
3.28966612E+5	3.11628858E+1	-3.86312337E-9	2.93458528E+1	7.30221272E+0	3.02407251E+1	2.43879924E-1
3.52740116E+5	3.14685941E+1	-3.99142607E-9	2.92052914E+1	8.13020888E+0	3.03158284E+1	2.71507094E-1
3.78231664E+5	3.18387189E+1	-4.09236142E-9	2.90530664E+1	8.99620400E+0	3.04140167E+1	3.00283860E-1
4.05565415E+5	3.22913623E+1	-4.16993962E-9	2.88899372E+1	9.91296188E+0	3.05433366E+1	3.30540193E-1
4.34874501E+5	3.28420759E+1	-4.22347637E-9	2.87170313E+1	1.08838858E+1	3.07103715E+1	3.62276895E-1
4.66301673E+5	3.34926284E+1	-4.25330624E-9	2.85238098E+1	1.19050226E+1	3.09085320E+1	3.95391458E-1
5.00000000E+5	3.42685459E+1	-4.26239815E-9	2.83077425E+1	1.29898622E+1	3.11458682E+1	4.30214189E-1
