Start time:20240905_11-39-41	sweep/start:500.000	sweep/stop:500000.000	sweep/samplecount:100.000	sweep/xmapping:1.000	sweep/scan:0.000	sweep/averaging/sample:10.000	sweep/settling/time:0.100	sweep/settling/inaccuracy:0.010	sweep/awgcontrol:0.000	sweep/averaging/time:0.100	sweep/averaging/tc:15.000	sweep/bandwidthcontrol:2.000	sweep/sincfilter:0.000	sweep/omegasuppression:80.000	sweep/maxbandwidth:100.000	sweep/bandwidth:1250000.000	sweep/order:8.000	sweep/bandwidthoverlap:1.000																				
Frequency	Param0		Param1		RealZ		ImagZ		AbsZ		PhaseZ		
5.00000000E+2	1.26403498E+3	7.22598511E-7	1.36888904E+2	-3.92802431E+2	4.15971545E+2	-1.23546466E+0
5.36133611E+2	1.14093421E+3	7.10039631E-7	1.35066800E+2	-3.68590917E+2	3.92558668E+2	-1.21955053E+0
5.74878498E+2	1.03219718E+3	6.96732186E-7	1.33222765E+2	-3.46069132E+2	3.70826308E+2	-1.20332233E+0
6.16423370E+2	9.35235811E+2	6.82663430E-7	1.31451652E+2	-3.25051886E+2	3.50625539E+2	-1.18650083E+0
6.60970574E+2	8.48804286E+2	6.67788833E-7	1.29759353E+2	-3.05455039E+2	3.31873883E+2	-1.16908940E+0
7.08737081E+2	7.72173239E+2	6.52050642E-7	1.28115737E+2	-2.87252314E+2	3.14527480E+2	-1.15127028E+0
7.59955541E+2	7.03837555E+2	6.35684248E-7	1.26494135E+2	-2.70241641E+2	2.98381154E+2	-1.13301095E+0
8.14875417E+2	6.43191318E+2	6.18546810E-7	1.24910168E+2	-2.54437772E+2	2.83445111E+2	-1.11443408E+0
8.73764200E+2	5.89138808E+2	6.00775754E-7	1.23359349E+2	-2.39704492E+2	2.69584446E+2	-1.09551259E+0
9.36908711E+2	5.41195999E+2	5.82457286E-7	1.21796830E+2	-2.26012134E+2	2.56741024E+2	-1.07651892E+0
1.00461650E+3	4.98472627E+2	5.63569153E-7	1.20276270E+2	-2.13279263E+2	2.44855929E+2	-1.05731521E+0
1.07721735E+3	4.60408746E+2	5.44378587E-7	1.18730388E+2	-2.01414004E+2	2.33804420E+2	-1.03814487E+0
1.15506485E+3	4.26583663E+2	5.24807132E-7	1.17197928E+2	-1.90418918E+2	2.23594989E+2	-1.01907638E+0
1.23853818E+3	3.96437913E+2	5.05119298E-7	1.15634152E+2	-1.80195732E+2	2.14106889E+2	-1.00026802E+0
1.32804389E+3	3.69470810E+2	4.85322075E-7	1.14078332E+2	-1.70689034E+2	2.05301273E+2	-9.81636063E-1
1.42401793E+3	3.45414734E+2	4.65602764E-7	1.12489690E+2	-1.61869283E+2	1.97118227E+2	-9.63473370E-1
1.52692775E+3	3.23904758E+2	4.46031517E-7	1.10882419E+2	-1.53689399E+2	1.89513436E+2	-9.45805277E-1
1.63727458E+3	3.04614305E+2	4.26800774E-7	1.09229030E+2	-1.46088136E+2	1.82408127E+2	-9.28773538E-1
1.75559587E+3	2.87252887E+2	4.07958717E-7	1.07546062E+2	-1.39020719E+2	1.75763808E+2	-9.12363166E-1
1.88246790E+3	2.71642478E+2	3.89580636E-7	1.05830510E+2	-1.32468732E+2	1.69552534E+2	-8.96720761E-1
2.01850863E+3	2.57517335E+2	3.71818990E-7	1.04060973E+2	-1.26367788E+2	1.63699432E+2	-8.81903146E-1
2.16438064E+3	2.44718602E+2	3.54696351E-7	1.02247454E+2	-1.20695119E+2	1.58182975E+2	-8.67956348E-1
2.32079442E+3	2.33068538E+2	3.38266621E-7	1.00388889E+2	-1.15410408E+2	1.52962386E+2	-8.54894810E-1
2.48851178E+3	2.22413871E+2	3.22572044E-7	9.84832404E+1	-1.10476648E+2	1.48000130E+2	-8.42731004E-1
2.66834962E+3	2.12641483E+2	3.07621309E-7	9.65347152E+1	-1.05869418E+2	1.43273462E+2	-8.31484638E-1
2.86118383E+3	2.03614873E+2	2.93419998E-7	9.45469320E+1	-1.01548210E+2	1.38748555E+2	-8.21086479E-1
3.06795364E+3	1.95242268E+2	2.79983979E-7	9.25152482E+1	-9.74875142E+1	1.34398239E+2	-8.11561633E-1
3.28966612E+3	1.87449036E+2	2.67283067E-7	9.04485076E+1	-9.36672447E+1	1.30209391E+2	-8.02878522E-1
3.52740116E+3	1.80113291E+2	2.55285636E-7	8.83550478E+1	-9.00405674E+1	1.26150380E+2	-7.94846095E-1
3.78231664E+3	1.73213433E+2	2.43989041E-7	8.62298879E+1	-8.66058957E+1	1.22213644E+2	-7.87573680E-1
4.05565415E+3	1.66668120E+2	2.33309355E-7	8.40966863E+1	-8.33305694E+1	1.18390188E+2	-7.80822376E-1
4.34874501E+3	1.60445632E+2	2.23258212E-7	8.19442970E+1	-8.02043426E+1	1.14663004E+2	-7.74667961E-1
4.66301673E+3	1.54486065E+2	2.13730484E-7	7.98027930E+1	-7.72006061E+1	1.11033416E+2	-7.68825600E-1
5.00000000E+3	1.48776009E+2	2.04690530E-7	7.76778589E+1	-7.43152204E+1	1.07501636E+2	-7.63278141E-1
5.36133611E+3	1.43276344E+2	1.96139124E-7	7.55615048E+1	-7.15306582E+1	1.04048912E+2	-7.58001475E-1
5.74878498E+3	1.37957035E+2	1.87994210E-7	7.34758402E+1	-6.88317507E+1	1.00680232E+2	-7.52775577E-1
6.16423370E+3	1.32816419E+2	1.80249794E-7	7.14163649E+1	-6.62190953E+1	9.73923292E+1	-7.47654972E-1
6.60970574E+3	1.27833739E+2	1.72807861E-7	6.94118512E+1	-6.36802269E+1	9.41975393E+1	-7.42359652E-1
7.08737081E+3	1.23015072E+2	1.65693247E-7	6.74474472E+1	-6.12200489E+1	9.10881581E+1	-7.37036745E-1
7.59955541E+3	1.18327861E+2	1.58843359E-7	6.55386109E+1	-5.88195042E+1	8.80627255E+1	-7.31420344E-1
8.14875417E+3	1.13791245E+2	1.52240337E-7	6.36872834E+1	-5.64888056E+1	8.51296379E+1	-7.25570230E-1
8.73764200E+3	1.09394762E+2	1.45852093E-7	6.18992853E+1	-5.42211770E+1	8.22888667E+1	-7.19372352E-1
9.36908711E+3	1.05128728E+2	1.39667156E-7	6.01728625E+1	-5.20107974E+1	7.95355044E+1	-7.12769861E-1
1.00461650E+4	1.01012442E+2	1.33653301E-7	5.85164799E+1	-4.98669635E+1	7.68823289E+1	-7.05762163E-1
1.07721735E+4	9.70326241E+1	1.27801529E-7	5.69276997E+1	-4.77815972E+1	7.43225676E+1	-6.98271726E-1
1.15506485E+4	9.31850802E+1	1.22100421E-7	5.54057424E+1	-4.57514177E+1	7.18539389E+1	-6.90247494E-1
1.23853818E+4	8.94916786E+1	1.16534093E-7	5.39547678E+1	-4.37879635E+1	6.94874285E+1	-6.81754912E-1
1.32804389E+4	8.59248421E+1	1.11107779E-7	5.25657661E+1	-4.18753547E+1	6.72064367E+1	-6.72681387E-1
1.42401793E+4	8.25086084E+1	1.05804575E-7	5.12445319E+1	-4.00264031E+1	6.50239572E+1	-6.63101346E-1
1.52692775E+4	7.92278379E+1	1.00620354E-7	4.99873710E+1	-3.82315838E+1	6.29316399E+1	-6.52921703E-1
1.63727458E+4	7.60887247E+1	9.55517431E-8	4.87936648E+1	-3.64941907E+1	6.09315001E+1	-6.42174270E-1
1.75559587E+4	7.30910946E+1	9.05966493E-8	4.76618696E+1	-3.48138529E+1	5.90225229E+1	-6.30860858E-1
1.88246790E+4	7.02291253E+1	8.57491000E-8	4.65910879E+1	-3.31861696E+1	5.72018474E+1	-6.18923953E-1
2.01850863E+4	6.75047911E+1	8.10293373E-8	4.55727187E+1	-3.16149350E+1	5.54650957E+1	-6.06502140E-1
2.16438064E+4	6.49173706E+1	7.64122229E-8	4.46147214E+1	-3.00964617E+1	5.38170084E+1	-5.93465127E-1
2.32079442E+4	6.24601486E+1	7.19226301E-8	4.37055786E+1	-2.86300416E+1	5.22480327E+1	-5.79928365E-1
2.48851178E+4	6.01302068E+1	6.75509951E-8	4.28474498E+1	-2.72125338E+1	5.07585066E+1	-5.65831261E-1
2.66834962E+4	5.79267746E+1	6.32987443E-8	4.20394408E+1	-2.58436570E+1	4.93478389E+1	-5.51193011E-1
2.86118383E+4	5.58462873E+1	5.91745817E-8	4.12774935E+1	-2.45227091E+1	4.80124437E+1	-5.36065497E-1
3.06795364E+4	5.38850597E+1	5.51774166E-8	4.05612567E+1	-2.32471539E+1	4.67508902E+1	-5.20433001E-1
3.28966612E+4	5.20411624E+1	5.13190185E-8	3.98865626E+1	-2.20182922E+1	4.55603235E+1	-5.04394901E-1
3.52740116E+4	5.03079584E+1	4.75973372E-8	3.92525253E+1	-2.08315542E+1	4.44377588E+1	-4.87909661E-1
3.78231664E+4	4.86819699E+1	4.40200931E-8	3.86559225E+1	-1.96866986E+1	4.33802542E+1	-4.71044231E-1
4.05565415E+4	4.71600536E+1	4.05901188E-8	3.80955329E+1	-1.85827269E+1	4.23861696E+1	-4.53834250E-1
4.34874501E+4	4.57368686E+1	3.73104611E-8	3.75689596E+1	-1.75174151E+1	4.14522203E+1	-4.36304360E-1
4.66301673E+4	4.44077939E+1	3.41797809E-8	3.70755310E+1	-1.64877993E+1	4.05763791E+1	-4.18444708E-1
5.00000000E+4	4.31653328E+1	3.12032323E-8	3.66103316E+1	-1.54913123E+1	3.97529514E+1	-4.00294542E-1
5.36133611E+4	4.20117505E+1	2.83803327E-8	3.61759287E+1	-1.45298406E+1	3.89847931E+1	-3.81922716E-1
5.74878498E+4	4.09375338E+1	2.57137682E-8	3.57666482E+1	-1.35994574E+1	3.82648451E+1	-3.63345644E-1
6.16423370E+4	3.99414270E+1	2.32003864E-8	3.53836024E+1	-1.26993007E+1	3.75935044E+1	-3.44584591E-1
6.60970574E+4	3.90170407E+1	2.08382314E-8	3.50238648E+1	-1.18260917E+1	3.69665735E+1	-3.25637784E-1
7.08737081E+4	3.81602592E+1	1.86238664E-8	3.46861134E+1	-1.09774590E+1	3.63817410E+1	-3.06506600E-1
7.59955541E+4	3.73684869E+1	1.65566909E-8	3.43689101E+1	-1.01534320E+1	3.58373292E+1	-2.87254193E-1
8.14875417E+4	3.66377832E+1	1.46303321E-8	3.40715241E+1	-9.35074071E+0	3.53313616E+1	-2.67849648E-1
8.73764200E+4	3.59618821E+1	1.28424370E-8	3.37896243E+1	-8.56736611E+0	3.48588365E+1	-2.48317231E-1
9.36908711E+4	3.53418976E+1	1.11831224E-8	3.35269890E+1	-7.80053945E+0	3.44224841E+1	-2.28597521E-1
1.00461650E+5	3.47713325E+1	9.65026932E-9	3.32783862E+1	-7.04860530E+0	3.40166699E+1	-2.08722534E-1
1.07721735E+5	3.42467478E+1	8.23759391E-9	3.30420638E+1	-6.30913903E+0	3.36390135E+1	-1.88671586E-1
1.15506485E+5	3.37695486E+1	6.93842106E-9	3.28204976E+1	-5.58106795E+0	3.32916414E+1	-1.68437043E-1
1.23853818E+5	3.33334686E+1	5.74686239E-9	3.26088055E+1	-4.86111009E+0	3.29691461E+1	-1.47983752E-1
1.32804389E+5	3.29345852E+1	4.64105084E-9	3.24073950E+1	-4.13337157E+0	3.26699267E+1	-1.26859211E-1
1.42401793E+5	3.25848926E+1	3.65920256E-9	3.22182037E+1	-3.43715705E+0	3.24010294E+1	-1.06281702E-1
1.52692775E+5	3.22700964E+1	2.75133177E-9	3.20376385E+1	-2.72899073E+0	3.21536574E+1	-8.49756473E-2
1.63727458E+5	3.19889319E+1	1.92283934E-9	3.18613603E+1	-2.01608314E+0	3.19250824E+1	-6.31924939E-2
1.75559587E+5	3.17489513E+1	1.17251189E-9	3.16955069E+1	-1.30151374E+0	3.17222178E+1	-4.10399794E-2
1.88246790E+5	3.15613452E+1	4.59300570E-10	3.15479777E+1	-5.40873894E-1	3.15546601E+1	-1.71423842E-2
2.01850863E+5	3.13794608E+1	-1.19802344E-10	3.13787472E+1	1.49608603E-1	3.13791040E+1	4.76779778E-3
2.16438064E+5	3.12499927E+1	-6.73440310E-10	3.12244173E+1	8.93628349E-1	3.12372024E+1	2.86117244E-2
2.32079442E+5	3.11604218E+1	-1.16942606E-9	3.10726883E+1	1.65109253E+0	3.11165242E+1	5.30865332E-2
2.48851178E+5	3.11125539E+1	-1.61334076E-9	3.09220814E+1	2.42688967E+0	3.10171715E+1	7.83234806E-2
2.66834962E+5	3.11102197E+1	-2.00848338E-9	3.07725016E+1	3.22371499E+0	3.09408999E+1	1.04378879E-1
2.86118383E+5	3.11534024E+1	-2.35835695E-9	3.06192366E+1	4.04422220E+0	3.08851647E+1	1.31320962E-1
3.06795364E+5	3.12538551E+1	-2.66792103E-9	3.04667429E+1	4.89701254E+0	3.08577894E+1	1.59369939E-1
3.28966612E+5	3.14054905E+1	-2.93650747E-9	3.03043503E+1	5.77661393E+0	3.08500078E+1	1.88360232E-1
3.52740116E+5	3.16298881E+1	-3.16626078E-9	3.01447388E+1	6.69099219E+0	3.08783858E+1	2.18421144E-1
3.78231664E+5	3.19159769E+1	-3.36192772E-9	2.99673958E+1	7.64158250E+0	3.09263432E+1	2.49675716E-1
4.05565415E+5	3.22989966E+1	-3.52621788E-9	2.97897400E+1	8.64580842E+0	3.10190055E+1	2.82467470E-1
4.34874501E+5	3.27587704E+1	-3.65871934E-9	2.95856783E+1	9.68906831E+0	3.11318236E+1	3.16484025E-1
4.66301673E+5	3.33372159E+1	-3.75938329E-9	2.93764020E+1	1.07867687E+1	3.12942079E+1	3.51907453E-1
NaN	NaN	NaN	NaN	NaN	NaN	NaN
