Start time:20240908_05-04-28	sweep/start:500.000	sweep/stop:500000.000	sweep/samplecount:100.000	sweep/xmapping:1.000	sweep/scan:0.000	sweep/averaging/sample:10.000	sweep/settling/time:0.100	sweep/settling/inaccuracy:0.010	sweep/awgcontrol:0.000	sweep/averaging/time:0.100	sweep/averaging/tc:15.000	sweep/bandwidthcontrol:2.000	sweep/sincfilter:0.000	sweep/omegasuppression:80.000	sweep/maxbandwidth:100.000	sweep/bandwidth:1250000.000	sweep/order:8.000	sweep/bandwidthoverlap:1.000																				
Frequency	Param0		Param1		RealZ		ImagZ		AbsZ		PhaseZ		
5.00000000E+2	1.34012882E+3	8.72575238E-7	9.24494773E+1	-3.39628148E+2	3.51986060E+2	-1.30502773E+0
5.36133611E+2	1.20267222E+3	8.61700232E-7	9.11982836E+1	-3.18377869E+2	3.31182123E+2	-1.29181969E+0
5.74878498E+2	1.08049693E+3	8.50087855E-7	8.99855918E+1	-2.98549369E+2	3.11815866E+2	-1.27804699E+0
6.16423370E+2	9.72805138E+2	8.37699108E-7	8.87435589E+1	-2.80097761E+2	2.93819973E+2	-1.26397097E+0
6.60970574E+2	8.76798424E+2	8.24540969E-7	8.75517477E+1	-2.62868633E+2	2.77065385E+2	-1.24928933E+0
7.08737081E+2	7.91745125E+2	8.10567218E-7	8.63661705E+1	-2.46821525E+2	2.61495664E+2	-1.23419862E+0
7.59955541E+2	7.16158459E+2	7.95892062E-7	8.51824626E+1	-2.31836318E+2	2.46990145E+2	-1.21868322E+0
8.14875417E+2	6.49098885E+2	7.80436270E-7	8.40010858E+1	-2.17873397E+2	2.33505891E+2	-1.20280858E+0
8.73764200E+2	5.89480905E+2	7.64186379E-7	8.28357215E+1	-2.04861697E+2	2.20975275E+2	-1.18654603E+0
9.36908711E+2	5.36505276E+2	7.47304926E-7	8.16530449E+1	-1.92717582E+2	2.09301903E+2	-1.17003344E+0
1.00461650E+3	4.89338877E+2	7.29688502E-7	8.04847520E+1	-1.81401545E+2	1.98454822E+2	-1.15320816E+0
1.07721735E+3	4.47277748E+2	7.11591322E-7	7.92949084E+1	-1.70819096E+2	1.88326436E+2	-1.13619333E+0
1.15506485E+3	4.09820330E+2	6.92893853E-7	7.81041029E+1	-1.60960856E+2	1.78909609E+2	-1.11902902E+0
1.23853818E+3	3.76337512E+2	6.73720234E-7	7.69122782E+1	-1.51754657E+2	1.70132227E+2	-1.10170770E+0
1.32804389E+3	3.46389214E+2	6.54193029E-7	7.57068033E+1	-1.43152013E+2	1.61938319E+2	-1.08433128E+0
1.42401793E+3	3.19549239E+2	6.34282888E-7	7.45085349E+1	-1.35120769E+2	1.54302120E+2	-1.06686219E+0
1.52692775E+3	2.95468372E+2	6.14197066E-7	7.32929032E+1	-1.27608326E+2	1.47158875E+2	-1.04944442E+0
1.63727458E+3	2.73782836E+2	5.93869081E-7	7.20923005E+1	-1.20583308E+2	1.40490691E+2	-1.03194962E+0
1.75559587E+3	2.54277123E+2	5.73537733E-7	7.08707494E+1	-1.14009415E+2	1.34241611E+2	-1.01462990E+0
1.88246790E+3	2.36639264E+2	5.53177016E-7	6.96557350E+1	-1.07848783E+2	1.28387233E+2	-9.97333584E-1
2.01850863E+3	2.20675415E+2	5.32859888E-7	6.84455205E+1	-1.02075727E+2	1.22899322E+2	-9.80119254E-1
2.16438064E+3	2.06208791E+2	5.12674535E-7	6.72363184E+1	-9.66643531E+1	1.17748545E+2	-9.63053235E-1
2.32079442E+3	1.93032708E+2	4.92719210E-7	6.60277804E+1	-9.15743049E+1	1.12896063E+2	-9.46095551E-1
2.48851178E+3	1.81037666E+2	4.72958050E-7	6.48334970E+1	-8.67981709E+1	1.08338843E+2	-9.29253011E-1
2.66834962E+3	1.70078282E+2	4.53493787E-7	6.36475279E+1	-8.23046429E+1	1.04043559E+2	-9.12538973E-1
2.86118383E+3	1.60039666E+2	4.34337490E-7	6.24772041E+1	-7.80732329E+1	9.99941538E+1	-8.95909997E-1
3.06795364E+3	1.50836768E+2	4.15537243E-7	6.13208872E+1	-7.40890891E+1	9.61740317E+1	-8.79413108E-1
3.28966612E+3	1.42374235E+2	3.97100959E-7	6.01848891E+1	-7.03317610E+1	9.25676915E+1	-8.62985987E-1
3.52740116E+3	1.34582828E+2	3.79078588E-7	5.90659184E+1	-6.67867916E+1	8.91586131E+1	-8.46669859E-1
3.78231664E+3	1.27396728E+2	3.61475525E-7	5.79680761E+1	-6.34400923E+1	8.59356921E+1	-8.30438917E-1
4.05565415E+3	1.20759218E+2	3.44308702E-7	5.68925993E+1	-6.02788344E+1	8.28873077E+1	-8.14289955E-1
4.34874501E+3	1.14607689E+2	3.27585677E-7	5.58418631E+1	-5.72851914E+1	7.99994178E+1	-7.98155943E-1
4.66301673E+3	1.08915150E+2	3.11300834E-7	5.48192763E+1	-5.44563734E+1	7.72699792E+1	-7.82077189E-1
5.00000000E+3	1.03653114E+2	2.95463106E-7	5.38261582E+1	-5.17879675E+1	7.46943700E+1	-7.66102090E-1
5.36133611E+3	9.87525711E+1	2.80113237E-7	5.28569079E+1	-4.92534545E+1	7.22478756E+1	-7.50123011E-1
5.74878498E+3	9.41965433E+1	2.65256603E-7	5.19119827E+1	-4.68516313E+1	6.99280295E+1	-7.34205928E-1
6.16423370E+3	8.99648707E+1	2.50886146E-7	5.09941943E+1	-4.45788986E+1	6.77324596E+1	-7.18374210E-1
6.60970574E+3	8.60200374E+1	2.36997733E-7	5.01042114E+1	-4.24209159E+1	6.56503323E+1	-7.02548153E-1
7.08737081E+3	8.23496214E+1	2.23593234E-7	4.92429900E+1	-4.03765958E+1	6.36799935E+1	-6.86785399E-1
7.59955541E+3	7.89228838E+1	2.10689678E-7	4.84065372E+1	-3.84342378E+1	6.18092509E+1	-6.71064678E-1
8.14875417E+3	7.57273627E+1	1.98285389E-7	4.75956356E+1	-3.65916303E+1	6.00357556E+1	-6.55426333E-1
8.73764200E+3	7.27391174E+1	1.86376051E-7	4.68094081E+1	-3.48389769E+1	5.83513069E+1	-6.39825718E-1
9.36908711E+3	6.99500183E+1	1.74947558E-7	4.60508286E+1	-3.31749525E+1	5.67561124E+1	-6.24285515E-1
1.00461650E+4	6.73406763E+1	1.64000444E-7	4.53177958E+1	-3.15915873E+1	5.52424748E+1	-6.08785198E-1
1.07721735E+4	6.48980766E+1	1.53532028E-7	4.46093776E+1	-3.00843185E+1	5.38057878E+1	-5.93333572E-1
1.15506485E+4	6.26075751E+1	1.43555668E-7	4.39207150E+1	-2.86485642E+1	5.24382442E+1	-5.77975729E-1
1.23853818E+4	6.04638882E+1	1.34030036E-7	4.32590122E+1	-2.72812376E+1	5.11430159E+1	-5.62650956E-1
1.32804389E+4	5.84461736E+1	1.24963575E-7	4.26173115E+1	-2.59727458E+1	4.99081034E+1	-5.47332660E-1
1.42401793E+4	5.65601627E+1	1.16354707E-7	4.19984329E+1	-2.47299373E+1	4.87384672E+1	-5.32165779E-1
1.52692775E+4	5.47833810E+1	1.08171971E-7	4.14009693E+1	-2.35381558E+1	4.76244167E+1	-5.16966754E-1
1.63727458E+4	5.31132473E+1	1.00399690E-7	4.08269685E+1	-2.23966851E+1	4.65666498E+1	-5.01749084E-1
1.75559587E+4	5.15454230E+1	9.30486088E-8	4.02728875E+1	-2.13067481E+1	4.55618592E+1	-4.86623937E-1
1.88246790E+4	5.00719551E+1	8.60941624E-8	3.97400610E+1	-2.02630225E+1	4.46078754E+1	-4.71527527E-1
2.01850863E+4	4.86848924E+1	7.95195754E-8	3.92279081E+1	-1.92607810E+1	4.37013327E+1	-4.56419216E-1
2.16438064E+4	4.73802313E+1	7.33085765E-8	3.87373123E+1	-1.82976346E+1	4.28413680E+1	-4.41285331E-1
2.32079442E+4	4.61518650E+1	6.74642686E-8	3.82641483E+1	-1.73728734E+1	4.20233483E+1	-4.26195930E-1
2.48851178E+4	4.49959029E+1	6.19703319E-8	3.78089137E+1	-1.64843013E+1	4.12461659E+1	-4.11142179E-1
2.66834962E+4	4.39104835E+1	5.67882366E-8	3.73775368E+1	-1.56264339E+1	4.05125377E+1	-3.95986422E-1
2.86118383E+4	4.28908003E+1	5.19345238E-8	3.69634054E+1	-1.48019149E+1	3.98169567E+1	-3.80892363E-1
3.06795364E+4	4.19313237E+1	4.73841630E-8	3.65672658E+1	-1.40053163E+1	3.91575517E+1	-3.65767133E-1
3.28966612E+4	4.10317934E+1	4.31315909E-8	3.61892360E+1	-1.32381434E+1	3.85345203E+1	-3.50683568E-1
3.52740116E+4	4.01872354E+1	3.91557834E-8	3.58293438E+1	-1.24956147E+1	3.79457807E+1	-3.35564059E-1
3.78231664E+4	3.93952949E+1	3.54508967E-8	3.54861841E+1	-1.17779208E+1	3.73896869E+1	-3.20461430E-1
4.05565415E+4	3.86557736E+1	3.20006420E-8	3.51619522E+1	-1.10837526E+1	3.68674988E+1	-3.05361003E-1
4.34874501E+4	3.79608148E+1	2.87982603E-8	3.48511845E+1	-1.04102973E+1	3.63727832E+1	-2.90270253E-1
4.66301673E+4	3.73108238E+1	2.58295810E-8	3.45558368E+1	-9.75709329E+0	3.59069177E+1	-2.75193298E-1
5.00000000E+4	3.67041460E+1	2.30783534E-8	3.42767568E+1	-9.12156881E+0	3.54696925E+1	-2.60087542E-1
5.36133611E+4	3.61367790E+1	2.05348003E-8	3.40115206E+1	-8.50195644E+0	3.50580491E+1	-2.44953101E-1
5.74878498E+4	3.56095409E+1	1.82001238E-8	3.37594676E+1	-7.90300460E+0	3.46721667E+1	-2.29956455E-1
6.16423370E+4	3.51171190E+1	1.60455379E-8	3.35205929E+1	-7.31549670E+0	3.43095708E+1	-2.14869868E-1
6.60970574E+4	3.46587953E+1	1.40619009E-8	3.32947922E+1	-6.73900537E+0	3.39699483E+1	-1.99706205E-1
7.08737081E+4	3.42316321E+1	1.22496331E-8	3.30782479E+1	-6.17672412E+0	3.36499987E+1	-1.84604666E-1
7.59955541E+4	3.38352953E+1	1.05889786E-8	3.28731824E+1	-5.62385141E+0	3.33507696E+1	-1.69436898E-1
8.14875417E+4	3.34678079E+1	9.06842668E-9	3.26787194E+1	-5.07803077E+0	3.30709103E+1	-1.54159654E-1
8.73764200E+4	3.31264299E+1	7.68293312E-9	3.24920796E+1	-4.53997332E+0	3.28077216E+1	-1.38826747E-1
9.36908711E+4	3.28136812E+1	6.41902815E-9	3.23168241E+1	-4.00709885E+0	3.25643050E+1	-1.23364549E-1
1.00461650E+5	3.25236936E+1	5.26968786E-9	3.21474435E+1	-3.47785421E+0	3.23350213E+1	-1.07765351E-1
1.07721735E+5	3.22568655E+1	4.22274289E-9	3.19850046E+1	-2.94880750E+0	3.21206474E+1	-9.19335575E-2
1.15506485E+5	3.20133549E+1	3.27374234E-9	3.18292140E+1	-2.42096121E+0	3.19211517E+1	-7.59148095E-2
1.23853818E+5	3.17928246E+1	2.41232970E-9	3.16799761E+1	-1.89077522E+0	3.17363502E+1	-5.96128894E-2
1.32804389E+5	3.15932502E+1	1.62926502E-9	3.15350678E+1	-1.35447650E+0	3.15641456E+1	-4.29250810E-2
1.42401793E+5	3.14161246E+1	9.24721186E-10	3.13949125E+1	-8.16052337E-1	3.14055168E+1	-2.59872879E-2
1.52692775E+5	3.12604095E+1	2.84146611E-10	3.12581393E+1	-2.66378225E-1	3.12592744E+1	-8.52167634E-3
1.63727458E+5	3.11280608E+1	-2.93969541E-10	3.11253022E+1	2.93001354E-1	3.11266815E+1	9.41332579E-3
1.75559587E+5	3.10212007E+1	-8.14026503E-10	3.09971498E+1	8.63422468E-1	3.10091729E+1	2.78476972E-2
1.88246790E+5	3.09406332E+1	-1.27961729E-9	3.08625050E+1	1.44475219E+0	3.09015326E+1	4.67787452E-2
2.01850863E+5	3.08788899E+1	-1.70372489E-9	3.07420298E+1	2.05118195E+0	3.08103839E+1	6.66236464E-2
2.16438064E+5	3.08487070E+1	-2.08206580E-9	3.06151315E+1	2.67412107E+0	3.07316973E+1	8.71252615E-2
2.32079442E+5	3.08502297E+1	-2.41924763E-9	3.04891061E+1	3.31817986E+0	3.06691364E+1	1.08405007E-1
2.48851178E+5	3.08865987E+1	-2.72015676E-9	3.03626279E+1	3.98862247E+0	3.06234926E+1	1.30618246E-1
2.66834962E+5	3.09535987E+1	-2.98825911E-9	3.02266606E+1	4.68750932E+0	3.05879702E+1	1.53853089E-1
2.86118383E+5	3.10692116E+1	-3.21867759E-9	3.00965026E+1	5.41064897E+0	3.05789896E+1	1.77876608E-1
3.06795364E+5	3.12293029E+1	-3.42136292E-9	2.99584376E+1	6.17034208E+0	3.05872706E+1	2.03122982E-1
3.28966612E+5	3.14428645E+1	-3.59366764E-9	2.98164172E+1	6.96381105E+0	3.06188432E+1	2.29443373E-1
3.52740116E+5	3.17153991E+1	-3.74314509E-9	2.96619523E+1	7.80443071E+0	3.06714957E+1	2.57281271E-1
3.78231664E+5	3.20531845E+1	-3.86630776E-9	2.94948506E+1	8.68663442E+0	3.07474208E+1	2.86415814E-1
4.05565415E+5	3.24728771E+1	-3.95844254E-9	2.93263589E+1	9.60603197E+0	3.08595405E+1	3.16542186E-1
4.34874501E+5	3.29880545E+1	-4.02998184E-9	2.91426933E+1	1.05860340E+1	3.10058180E+1	3.48428211E-1
4.66301673E+5	3.36050877E+1	-4.07913429E-9	2.89374216E+1	1.16219689E+1	3.11840437E+1	3.81905757E-1
NaN	NaN	NaN	NaN	NaN	NaN	NaN
