Start time:20240907_20-42-44	sweep/start:500.000	sweep/stop:500000.000	sweep/samplecount:100.000	sweep/xmapping:1.000	sweep/scan:0.000	sweep/averaging/sample:10.000	sweep/settling/time:0.100	sweep/settling/inaccuracy:0.010	sweep/awgcontrol:0.000	sweep/averaging/time:0.100	sweep/averaging/tc:15.000	sweep/bandwidthcontrol:2.000	sweep/sincfilter:0.000	sweep/omegasuppression:80.000	sweep/maxbandwidth:100.000	sweep/bandwidth:1250000.000	sweep/order:8.000	sweep/bandwidthoverlap:1.000																				
Frequency	Param0		Param1		RealZ		ImagZ		AbsZ		PhaseZ		
5.00000000E+2	1.26160572E+3	8.49219783E-7	1.02329259E+2	-3.44423984E+2	3.59303715E+2	-1.28199981E+0
5.36133611E+2	1.13590453E+3	8.36938430E-7	1.00915809E+2	-3.23182151E+2	3.38571566E+2	-1.26813308E+0
5.74878498E+2	1.02461070E+3	8.24002781E-7	9.94759455E+1	-3.03362217E+2	3.19255541E+2	-1.25393337E+0
6.16423370E+2	9.25287547E+2	8.10262520E-7	9.81024595E+1	-2.84866421E+2	3.01285532E+2	-1.23913643E+0
6.60970574E+2	8.37247943E+2	7.95795379E-7	9.67180821E+1	-2.67624004E+2	2.84564575E+2	-1.22400600E+0
7.08737081E+2	7.59040481E+2	7.80586234E-7	9.53391026E+1	-2.51548577E+2	2.69009724E+2	-1.20851581E+0
7.59955541E+2	6.89565867E+2	7.64677596E-7	9.39547026E+1	-2.36559638E+2	2.54534771E+2	-1.19273085E+0
8.14875417E+2	6.27741283E+2	7.48033569E-7	9.25839657E+1	-2.22591511E+2	2.41078353E+2	-1.17662740E+0
8.73764200E+2	5.72672979E+2	7.30777404E-7	9.12079950E+1	-2.09555362E+2	2.28543976E+2	-1.16027989E+0
9.36908711E+2	5.23655159E+2	7.12938229E-7	8.98204887E+1	-1.97401211E+2	2.16875446E+2	-1.14377986E+0
1.00461650E+3	4.79926554E+2	6.94515567E-7	8.84390458E+1	-1.86071973E+2	2.06020010E+2	-1.12710747E+0
1.07721735E+3	4.40860601E+2	6.75690921E-7	8.70398546E+1	-1.75489329E+2	1.95888849E+2	-1.11036688E+0
1.15506485E+3	4.05934009E+2	6.56432450E-7	8.56413589E+1	-1.65620943E+2	1.86453049E+2	-1.09356835E+0
1.23853818E+3	3.74632643E+2	6.36901359E-7	8.42299488E+1	-1.56398857E+2	1.77638079E+2	-1.07677972E+0
1.32804389E+3	3.46568802E+2	6.17163582E-7	8.28042077E+1	-1.47786388E+2	1.69402933E+2	-1.06008226E+0
1.42401793E+3	3.21279347E+2	5.97314704E-7	8.13728233E+1	-1.39720685E+2	1.61689228E+2	-1.04342123E+0
1.52692775E+3	2.98520513E+2	5.77357726E-7	7.99416535E+1	-1.32187574E+2	1.54480493E+2	-1.02688475E+0
1.63727458E+3	2.77961947E+2	5.57459952E-7	7.84986502E+1	-1.25130328E+2	1.47714716E+2	-1.01051958E+0
1.75559587E+3	2.59354107E+2	5.37640024E-7	7.70556788E+1	-1.18520583E+2	1.41367275E+2	-9.94318501E-1
1.88246790E+3	2.42443307E+2	5.18001550E-7	7.56107325E+1	-1.12313546E+2	1.35393189E+2	-9.78276597E-1
2.01850863E+3	2.27081594E+2	4.98549861E-7	7.41711634E+1	-1.06496687E+2	1.29780222E+2	-9.62447115E-1
2.16438064E+3	2.13062055E+2	4.79374524E-7	7.27359738E+1	-1.01028481E+2	1.24488055E+2	-9.46802820E-1
2.32079442E+3	2.00233160E+2	4.60522350E-7	7.13072515E+1	-9.58819688E+1	1.19490904E+2	-9.31340559E-1
2.48851178E+3	1.88466552E+2	4.41997477E-7	6.98936949E+1	-9.10356797E+1	1.14772051E+2	-9.16024395E-1
2.66834962E+3	1.77671387E+2	4.23841845E-7	6.84932558E+1	-8.64752306E+1	1.10314512E+2	-9.00917875E-1
2.86118383E+3	1.67711819E+2	4.06086605E-7	6.71102474E+1	-8.21668801E+1	1.06090440E+2	-8.85921820E-1
3.06795364E+3	1.58518616E+2	3.88726179E-7	6.57499891E+1	-7.80995271E+1	1.02091122E+2	-8.71038572E-1
3.28966612E+3	1.50020850E+2	3.71777636E-7	6.44135854E+1	-7.42581359E+1	9.83024962E+1	-8.56271027E-1
3.52740116E+3	1.42155272E+2	3.55236887E-7	6.31056549E+1	-7.06291566E+1	9.47143151E+1	-8.41595797E-1
3.78231664E+3	1.34843751E+2	3.39167188E-7	6.18177121E+1	-6.71885599E+1	9.13002309E+1	-8.27006590E-1
4.05565415E+3	1.28055141E+2	3.23492329E-7	6.05661051E+1	-6.39339341E+1	8.80670261E+1	-8.12442394E-1
4.34874501E+3	1.21732307E+2	3.08273189E-7	5.93408866E+1	-6.08470385E+1	8.49923700E+1	-7.97929148E-1
4.66301673E+3	1.15842619E+2	2.93472899E-7	5.81502741E+1	-5.79208565E+1	8.20748441E+1	-7.83421640E-1
5.00000000E+3	1.10352237E+2	2.79090895E-7	5.69952039E+1	-5.51461233E+1	7.93066719E+1	-7.68910818E-1
5.36133611E+3	1.05239241E+2	2.65161818E-7	5.58696731E+1	-5.25191543E+1	7.66790843E+1	-7.54495973E-1
5.74878498E+3	1.00449680E+2	2.51643130E-7	5.47815369E+1	-5.00177073E+1	7.41807782E+1	-7.39972717E-1
6.16423370E+3	9.59750264E+1	2.38576622E-7	5.37228425E+1	-4.76435450E+1	7.18056489E+1	-7.25496409E-1
6.60970574E+3	9.17903866E+1	2.25935614E-7	5.26985310E+1	-4.53881407E+1	6.95501151E+1	-7.11005798E-1
7.08737081E+3	8.78781428E+1	2.13707785E-7	5.17109406E+1	-4.32462718E+1	6.74111372E+1	-6.96491232E-1
7.59955541E+3	8.42065933E+1	2.01924228E-7	5.07518804E+1	-4.12054554E+1	6.53731056E+1	-6.81955080E-1
8.14875417E+3	8.07683325E+1	1.90565677E-7	4.98252642E+1	-3.92650802E+1	6.34373983E+1	-6.67415241E-1
8.73764200E+3	7.75490394E+1	1.79631521E-7	4.89305681E+1	-3.74208236E+1	6.15996635E+1	-6.52889576E-1
9.36908711E+3	7.45228795E+1	1.69106951E-7	4.80677355E+1	-3.56600455E+1	5.98510322E+1	-6.38278034E-1
1.00461650E+4	7.16834494E+1	1.59023705E-7	4.72300111E+1	-3.39843512E+1	5.81859957E+1	-6.23726580E-1
1.07721735E+4	6.90210594E+1	1.49326249E-7	4.64277587E+1	-3.23875948E+1	5.66082422E+1	-6.09107474E-1
1.15506485E+4	6.65164377E+1	1.40045221E-7	4.56513356E+1	-3.08629187E+1	5.51050289E+1	-5.94475666E-1
1.23853818E+4	6.41603958E+1	1.31161186E-7	4.49029665E+1	-2.94060483E+1	5.36748740E+1	-5.79798054E-1
1.32804389E+4	6.19426794E+1	1.22675652E-7	4.41800422E+1	-2.80134618E+1	5.23128109E+1	-5.65098583E-1
1.42401793E+4	5.98572669E+1	1.14574691E-7	4.34841105E+1	-2.66828057E+1	5.10180360E+1	-5.50375493E-1
1.52692775E+4	5.78942227E+1	1.06837983E-7	4.28166552E+1	-2.54080887E+1	4.97879199E+1	-5.35564264E-1
1.63727458E+4	5.60509848E+1	9.94837627E-8	4.21734379E+1	-2.41922265E+1	4.86195713E+1	-5.20809022E-1
1.75559587E+4	5.43092505E+1	9.24851045E-8	4.15534629E+1	-2.30227520E+1	4.75051304E+1	-5.05948326E-1
1.88246790E+4	5.26730475E+1	8.58113220E-8	4.09648011E+1	-2.19003642E+1	4.64514898E+1	-4.90954004E-1
2.01850863E+4	5.11298886E+1	7.95019140E-8	4.03939083E+1	-2.08247012E+1	4.54459682E+1	-4.76002684E-1
2.16438064E+4	4.96798639E+1	7.35075350E-8	3.98512278E+1	-1.97909878E+1	4.44949836E+1	-4.60941383E-1
2.32079442E+4	4.83139669E+1	6.78444868E-8	3.93289322E+1	-1.87981860E+1	4.35905577E+1	-4.45871623E-1
2.48851178E+4	4.70285353E+1	6.24825955E-8	3.88313812E+1	-1.78411524E+1	4.27338620E+1	-4.30686280E-1
2.66834962E+4	4.58161063E+1	5.74233390E-8	3.83538894E+1	-1.69175951E+1	4.19192781E+1	-4.15421414E-1
2.86118383E+4	4.46848339E+1	5.26620297E-8	3.79017655E+1	-1.60340340E+1	4.11537859E+1	-4.00210934E-1
3.06795364E+4	4.36211021E+1	4.81717026E-8	3.74728540E+1	-1.51786816E+1	4.04302756E+1	-3.84859156E-1
3.28966612E+4	4.26202624E+1	4.39679117E-8	3.70602510E+1	-1.43546299E+1	3.97431456E+1	-3.69538421E-1
3.52740116E+4	4.16823441E+1	4.00247629E-8	3.66689715E+1	-1.35585844E+1	3.90953794E+1	-3.54165576E-1
3.78231664E+4	4.08050669E+1	3.63390067E-8	3.62976446E+1	-1.27909658E+1	3.84854235E+1	-3.38803359E-1
4.05565415E+4	3.99821908E+1	3.28967500E-8	3.59443317E+1	-1.20473291E+1	3.79095388E+1	-3.23399328E-1
4.34874501E+4	3.92122070E+1	2.96918198E-8	3.56084393E+1	-1.13280420E+1	3.73669037E+1	-3.08003921E-1
4.66301673E+4	3.84927151E+1	2.67063877E-8	3.52912541E+1	-1.06293725E+1	3.68572407E+1	-2.92548171E-1
5.00000000E+4	3.78225480E+1	2.39431070E-8	3.49904280E+1	-9.95475137E+0	3.63789382E+1	-2.77175985E-1
5.36133611E+4	3.71943979E+1	2.13848718E-8	3.47030100E+1	-9.29831447E+0	3.59271146E+1	-2.61790541E-1
5.74878498E+4	3.66101635E+1	1.90192906E-8	3.44321149E+1	-8.65995435E+0	3.55044413E+1	-2.46397510E-1
6.16423370E+4	3.60651783E+1	1.68369902E-8	3.41748811E+1	-8.03745430E+0	3.51073095E+1	-2.30988238E-1
6.60970574E+4	3.55574220E+1	1.48311991E-8	3.39299257E+1	-7.43107135E+0	3.47341429E+1	-2.15608016E-1
7.08737081E+4	3.50864749E+1	1.29830290E-8	3.36997562E+1	-6.83608627E+0	3.43861258E+1	-2.00137025E-1
7.59955541E+4	3.46479995E+1	1.12937826E-8	3.34791832E+1	-6.25547794E+0	3.40585778E+1	-1.84716849E-1
8.14875417E+4	3.42373465E+1	9.74380744E-9	3.32668118E+1	-5.68212805E+0	3.37485905E+1	-1.69172164E-1
8.73764200E+4	3.38589811E+1	8.32729374E-9	3.30666725E+1	-5.11849602E+0	3.34604817E+1	-1.53574345E-1
9.36908711E+4	3.35083987E+1	7.03380495E-9	3.28755278E+1	-4.56135497E+0	3.31904549E+1	-1.37866045E-1
1.00461650E+5	3.31852002E+1	5.85426404E-9	3.26935501E+1	-4.00921190E+0	3.29384578E+1	-1.22020834E-1
1.07721735E+5	3.28847594E+1	4.77944999E-9	3.25167835E+1	-3.45910191E+0	3.27002539E+1	-1.05980395E-1
1.15506485E+5	3.26112933E+1	3.80104953E-9	3.23494851E+1	-2.91021562E+0	3.24801254E+1	-8.97202097E-2
1.23853818E+5	3.23592537E+1	2.91213355E-9	3.21861652E+1	-2.36030597E+0	3.22725934E+1	-7.32019014E-2
1.32804389E+5	3.21318413E+1	2.10425114E-9	3.20298803E+1	-1.80709335E+0	3.20808203E+1	-5.63592452E-2
1.42401793E+5	3.19254545E+1	1.37390012E-9	3.18763584E+1	-1.25099675E+0	3.19008970E+1	-3.92251586E-2
1.52692775E+5	3.17427853E+1	7.09450742E-10	3.17279745E+1	-6.85500634E-1	3.17353791E+1	-2.16022014E-2
1.63727458E+5	3.15847453E+1	1.09020257E-10	3.15843486E+1	-1.11881496E-1	3.15845469E+1	-3.54229182E-3
1.75559587E+5	3.14504573E+1	-4.35322071E-10	3.14432855E+1	4.74864694E-1	3.14468712E+1	1.51011145E-2
1.88246790E+5	3.13405158E+1	-9.33404012E-10	3.12954284E+1	1.08253724E+0	3.13179594E+1	3.45778216E-2
2.01850863E+5	3.12589967E+1	-1.36913848E-9	3.11671709E+1	1.69172671E+0	3.12130500E+1	5.42259149E-2
2.16438064E+5	3.12053365E+1	-1.76476560E-9	3.10312925E+1	2.32396330E+0	3.11181928E+1	7.47514176E-2
2.32079442E+5	3.11810050E+1	-2.12084363E-9	3.08937276E+1	2.97910342E+0	3.10370339E+1	9.61334483E-2
2.48851178E+5	3.11930946E+1	-2.44100736E-9	3.07571406E+1	3.66178691E+0	3.09743506E+1	1.18497094E-1
2.66834962E+5	3.12393312E+1	-2.72413789E-9	3.06160854E+1	4.36820477E+0	3.09261383E+1	1.41720306E-1
2.86118383E+5	3.13298576E+1	-2.97550593E-9	3.04739657E+1	5.10709321E+0	3.08989483E+1	1.66045696E-1
3.06795364E+5	3.14643589E+1	-3.19444462E-9	3.03259445E+1	5.87566783E+0	3.08899078E+1	1.91379298E-1
3.28966612E+5	3.16535500E+1	-3.38549238E-9	3.01731690E+1	6.68338943E+0	3.09044966E+1	2.17981655E-1
3.52740116E+5	3.18974662E+1	-3.54841581E-9	3.00090242E+1	7.52795989E+0	3.09388401E+1	2.45784642E-1
3.78231664E+5	3.22153344E+1	-3.68383404E-9	2.98416420E+1	8.41633840E+0	3.10057812E+1	2.74893211E-1
4.05565415E+5	3.26094620E+1	-3.79170399E-9	2.96645285E+1	9.34665674E+0	3.11021592E+1	3.05232274E-1
4.34874501E+5	3.30885702E+1	-3.88006811E-9	2.94628280E+1	1.03355968E+1	3.12231140E+1	3.37388449E-1
4.66301673E+5	3.36780861E+1	-3.94260765E-9	2.92511901E+1	1.13794514E+1	3.13866865E+1	3.71009725E-1
5.00000000E+5	3.43864844E+1	-3.98036302E-9	2.90207491E+1	1.24786826E+1	3.15898958E+1	4.06091156E-1
