Start time:20240904_14-19-48	sweep/start:500.000	sweep/stop:500000.000	sweep/samplecount:100.000	sweep/xmapping:1.000	sweep/scan:0.000	sweep/averaging/sample:10.000	sweep/settling/time:0.100	sweep/settling/inaccuracy:0.010	sweep/awgcontrol:0.000	sweep/averaging/time:0.100	sweep/averaging/tc:15.000	sweep/bandwidthcontrol:2.000	sweep/sincfilter:0.000	sweep/omegasuppression:80.000	sweep/maxbandwidth:100.000	sweep/bandwidth:1250000.000	sweep/order:8.000	sweep/bandwidthoverlap:1.000																				
Frequency	Param0		Param1		RealZ		ImagZ		AbsZ		PhaseZ		
5.00000000E+2	1.04661655E+3	7.26015580E-7	1.56244514E+2	-3.72982184E+2	4.04386032E+2	-1.17409858E+0
5.36133611E+2	9.51184360E+2	7.09318084E-7	1.54273865E+2	-3.50631459E+2	3.83070297E+2	-1.15629896E+0
5.74878498E+2	8.66635671E+2	6.91898729E-7	1.52280473E+2	-3.29821650E+2	3.63279050E+2	-1.13825085E+0
6.16423370E+2	7.91385225E+2	6.73704850E-7	1.50334683E+2	-3.10438568E+2	3.44924087E+2	-1.11981538E+0
6.60970574E+2	7.24482603E+2	6.54833662E-7	1.48402449E+2	-2.92389622E+2	3.27894771E+2	-1.10112672E+0
7.08737081E+2	6.64891625E+2	6.35292679E-7	1.46510757E+2	-2.75587307E+2	3.12111787E+2	-1.08216528E+0
7.59955541E+2	6.11798090E+2	6.15186277E-7	1.44642509E+2	-2.59943356E+2	2.97476059E+2	-1.06302332E+0
8.14875417E+2	5.64607744E+2	5.94640750E-7	1.42760997E+2	-2.45404267E+2	2.83908363E+2	-1.04391298E+0
8.73764200E+2	5.22416986E+2	5.73754332E-7	1.40892451E+2	-2.31848917E+2	2.71301686E+2	-1.02474102E+0
9.36908711E+2	4.84772305E+2	5.52579103E-7	1.39035757E+2	-2.19248125E+2	2.59616414E+2	-1.00564570E+0
1.00461650E+3	4.51251232E+2	5.31260971E-7	1.37163379E+2	-2.07560466E+2	2.48787341E+2	-9.86841374E-1
1.07721735E+3	4.21168203E+2	5.10000962E-7	1.35267970E+2	-1.96654880E+2	2.38685078E+2	-9.68275118E-1
1.15506485E+3	3.94309948E+2	4.88817737E-7	1.33357924E+2	-1.86547628E+2	2.29312787E+2	-9.50157854E-1
1.23853818E+3	3.70207304E+2	4.67870443E-7	1.31425868E+2	-1.77149814E+2	2.20578366E+2	-9.32505155E-1
1.32804389E+3	3.48561613E+2	4.47245763E-7	1.29473829E+2	-1.68422485E+2	2.12437299E+2	-9.15406386E-1
1.42401793E+3	3.29062825E+2	4.27107627E-7	1.27477936E+2	-1.60304785E+2	2.04812716E+2	-8.98975427E-1
1.52692775E+3	3.11436754E+2	4.07501756E-7	1.25452749E+2	-1.52748824E+2	1.97662834E+2	-8.83201299E-1
1.63727458E+3	2.95507963E+2	3.88496672E-7	1.23395044E+2	-1.45732222E+2	1.90956062E+2	-8.68206933E-1
1.75559587E+3	2.81050920E+2	3.70229958E-7	1.21277868E+2	-1.39201057E+2	1.84621927E+2	-8.54098471E-1
1.88246790E+3	2.67865059E+2	3.52679049E-7	1.19127846E+2	-1.33111770E+2	1.78634227E+2	-8.40780518E-1
2.01850863E+3	2.55828254E+2	3.35878407E-7	1.16942965E+2	-1.27442759E+2	1.72966223E+2	-8.28335775E-1
2.16438064E+3	2.44760953E+2	3.19893711E-7	1.14708536E+2	-1.22139764E+2	1.67559454E+2	-8.16763351E-1
2.32079442E+3	2.34567499E+2	3.04682155E-7	1.12444022E+2	-1.17183850E+2	1.62406012E+2	-8.06036576E-1
2.48851178E+3	2.25112647E+2	2.90311766E-7	1.10124619E+2	-1.12530051E+2	1.57449815E+2	-7.96201163E-1
2.66834962E+3	2.16320537E+2	2.76700390E-7	1.07779196E+2	-1.08159596E+2	1.52692021E+2	-7.87159773E-1
2.86118383E+3	2.08109940E+2	2.63839361E-7	1.05406682E+2	-1.04046189E+2	1.48108670E+2	-7.78902795E-1
3.06795364E+3	2.00376598E+2	2.51723756E-7	1.03002034E+2	-1.00148779E+2	1.43663485E+2	-7.71354078E-1
3.28966612E+3	1.93083512E+2	2.40285953E-7	1.00584001E+2	-9.64570926E+1	1.39359650E+2	-7.64456819E-1
3.52740116E+3	1.86166701E+2	2.29502886E-7	9.81526741E+1	-9.29452087E+1	1.35176771E+2	-7.58154653E-1
3.78231664E+3	1.79580883E+2	2.19348209E-7	9.57089712E+1	-8.95951686E+1	1.31101112E+2	-7.52416786E-1
4.05565415E+3	1.73272171E+2	2.09748944E-7	9.32720861E+1	-8.63815642E+1	1.27127718E+2	-7.47062478E-1
4.34874501E+3	1.67240956E+2	2.00677656E-7	9.08448460E+1	-8.33078184E+1	1.23259802E+2	-7.42146874E-1
4.66301673E+3	1.61423915E+2	1.92092642E-7	8.84333273E+1	-8.03417725E+1	1.19479094E+2	-7.37492023E-1
5.00000000E+3	1.55823981E+2	1.83923702E-7	8.60587734E+1	-7.74848893E+1	1.15801643E+2	-7.33020456E-1
5.36133611E+3	1.50403767E+2	1.76180863E-7	8.37071968E+1	-7.47193606E+1	1.12204624E+2	-7.28727031E-1
5.74878498E+3	1.45152444E+2	1.68801295E-7	8.13967327E+1	-7.20382295E+1	1.08696526E+2	-7.24480340E-1
6.16423370E+3	1.40069988E+2	1.61750147E-7	7.91350509E+1	-6.94412645E+1	1.05282693E+2	-7.20246012E-1
6.60970574E+3	1.35127305E+2	1.55007304E-7	7.69218055E+1	-6.69124206E+1	1.01952127E+2	-7.15920442E-1
7.08737081E+3	1.30344182E+2	1.48538667E-7	7.47665720E+1	-6.44619833E+1	9.87187299E+1	-7.11520827E-1
7.59955541E+3	1.25691451E+2	1.42322940E-7	7.26699329E+1	-6.20731031E+1	9.55719065E+1	-7.06914973E-1
8.14875417E+3	1.21178380E+2	1.36346930E-7	7.06323641E+1	-5.97510211E+1	9.25154874E+1	-7.02134599E-1
8.73764200E+3	1.16805764E+2	1.30583671E-7	6.86599842E+1	-5.74951166E+1	8.95537933E+1	-6.97127026E-1
9.36908711E+3	1.12559031E+2	1.25011270E-7	6.67554117E+1	-5.52959258E+1	8.66828958E+1	-6.91781907E-1
1.00461650E+4	1.08448907E+2	1.19614778E-7	6.49211314E+1	-5.31589349E+1	8.39084364E+1	-6.86113641E-1
1.07721735E+4	1.04461051E+2	1.14395804E-7	6.31498567E+1	-5.10763741E+1	8.12200739E+1	-6.80091180E-1
1.15506485E+4	1.00612071E+2	1.09329977E-7	6.14495917E+1	-4.90562764E+1	7.86293242E+1	-6.73714105E-1
1.23853818E+4	9.68889483E+1	1.04414031E-7	5.98157368E+1	-4.70909907E+1	7.61280750E+1	-6.66928910E-1
1.32804389E+4	9.32875212E+1	9.96377906E-8	5.82478620E+1	-4.51772639E+1	7.37143042E+1	-6.59687194E-1
1.42401793E+4	8.98164439E+1	9.49948796E-8	5.67460966E+1	-4.33198925E+1	7.13914041E+1	-6.52021230E-1
1.52692775E+4	8.64718677E+1	9.04750503E-8	5.53107236E+1	-4.15156041E+1	6.91579465E+1	-6.43877771E-1
1.63727458E+4	8.32595642E+1	8.60756316E-8	5.39406593E+1	-3.97678385E+1	6.70154890E+1	-6.35292093E-1
1.75559587E+4	8.01598072E+1	8.17977253E-8	5.26285508E+1	-3.80648144E+1	6.49514779E+1	-6.26175325E-1
1.88246790E+4	7.71894217E+1	7.76191131E-8	5.13846020E+1	-3.64138756E+1	6.29789464E+1	-6.16510071E-1
2.01850863E+4	7.43356701E+1	7.35625293E-8	5.01935012E+1	-3.48106292E+1	6.10832835E+1	-6.06369536E-1
2.16438064E+4	7.16101662E+1	6.96102631E-8	4.90635311E+1	-3.32598482E+1	5.92743419E+1	-5.95734797E-1
2.32079442E+4	6.90054562E+1	6.57608345E-8	4.79918005E+1	-3.17566233E+1	5.75473377E+1	-5.84562765E-1
2.48851178E+4	6.65050646E+1	6.20243657E-8	4.69674912E+1	-3.02924205E+1	5.58889615E+1	-5.72828018E-1
2.66834962E+4	6.41315233E+1	5.83968561E-8	4.59972808E+1	-2.88812361E+1	5.43127579E+1	-5.60674872E-1
2.86118383E+4	6.18682053E+1	5.48661465E-8	4.50807079E+1	-2.75098567E+1	5.28115752E+1	-5.47911765E-1
3.06795364E+4	5.97194376E+1	5.14481731E-8	4.42112390E+1	-2.61846642E+1	5.13835608E+1	-5.34710824E-1
3.28966612E+4	5.76791955E+1	4.81352565E-8	4.33897469E+1	-2.49001114E+1	5.00268497E+1	-5.20985286E-1
3.52740116E+4	5.57456817E+1	4.49326230E-8	4.26129040E+1	-2.36564109E+1	4.87389514E+1	-5.06785983E-1
3.78231664E+4	5.39156564E+1	4.18481338E-8	4.18758150E+1	-2.24539119E+1	4.75159136E+1	-4.92188356E-1
4.05565415E+4	5.21874500E+1	3.88689307E-8	4.11836290E+1	-2.12879608E+1	4.63602047E+1	-4.77078761E-1
4.34874501E+4	5.05567435E+1	3.60144069E-8	4.05260192E+1	-2.01619769E+1	4.52643740E+1	-4.61651196E-1
4.66301673E+4	4.90216072E+1	3.32676849E-8	3.99099884E+1	-1.90694676E+1	4.42317959E+1	-4.45740096E-1
5.00000000E+4	4.75745489E+1	3.06459953E-8	3.93244488E+1	-1.80119579E+1	4.32532416E+1	-4.29515372E-1
5.36133611E+4	4.62190529E+1	2.81405619E-8	3.87756356E+1	-1.69889146E+1	4.23340661E+1	-4.12942251E-1
5.74878498E+4	4.49433249E+1	2.57536844E-8	3.82564176E+1	-1.59942837E+1	4.14652940E+1	-3.95995681E-1
6.16423370E+4	4.37484283E+1	2.34890711E-8	3.77660236E+1	-1.50310222E+1	4.06473145E+1	-3.78784362E-1
6.60970574E+4	4.26297092E+1	2.13431290E-8	3.73035399E+1	-1.40955653E+1	3.98778016E+1	-3.61276873E-1
7.08737081E+4	4.15826429E+1	1.93125176E-8	3.68676841E+1	-1.31844453E+1	3.91542558E+1	-3.43442814E-1
7.59955541E+4	4.06054070E+1	1.74004957E-8	3.64559133E+1	-1.22993320E+1	3.84747605E+1	-3.25384081E-1
8.14875417E+4	3.96898681E+1	1.56031742E-8	3.60640811E+1	-1.14350632E+1	3.78335648E+1	-3.07048519E-1
8.73764200E+4	3.88379996E+1	1.39156792E-8	3.56954399E+1	-1.05912718E+1	3.72335800E+1	-2.88437724E-1
9.36908711E+4	3.80453821E+1	1.23358129E-8	3.53473298E+1	-9.76570215E+0	3.66715512E+1	-2.69554300E-1
1.00461650E+5	3.73095550E+1	1.08607729E-8	3.50185792E+1	-8.95693650E+0	3.61459210E+1	-2.50408121E-1
1.07721735E+5	3.66216348E+1	9.48714329E-9	3.47026335E+1	-8.16053873E+0	3.56492240E+1	-2.30959961E-1
1.15506485E+5	3.59859382E+1	8.20925123E-9	3.44044710E+1	-7.37628184E+0	3.51863207E+1	-2.11201576E-1
1.23853818E+5	3.53979512E+1	7.02242275E-9	3.41211239E+1	-6.60051288E+0	3.47536743E+1	-1.91083451E-1
1.32804389E+5	3.48541947E+1	5.92499540E-9	3.38490667E+1	-5.83286579E+0	3.43479541E+1	-1.70643965E-1
1.42401793E+5	3.43592110E+1	4.90932285E-9	3.35939986E+1	-5.07016156E+0	3.39744505E+1	-1.49794101E-1
1.52692775E+5	3.39019620E+1	3.97134660E-9	3.33455959E+1	-4.30724389E+0	3.36226282E+1	-1.28458513E-1
1.63727458E+5	3.34870479E+1	3.10902281E-9	3.31072714E+1	-3.54589250E+0	3.32966182E+1	-1.06696397E-1
1.75559587E+5	3.31154238E+1	2.31618519E-9	3.28800549E+1	-2.78189381E+0	3.29975295E+1	-8.44063129E-2
1.88246790E+5	3.27567140E+1	1.58168900E-9	3.26286624E+1	-1.99920651E+0	3.26926151E+1	-6.11947670E-2
2.01850863E+5	3.24923516E+1	9.20541945E-10	3.24456611E+1	-1.23081226E+0	3.24689980E+1	-3.79163918E-2
2.16438064E+5	3.22452477E+1	3.11146133E-10	3.22392456E+1	-4.39874337E-1	3.22422465E+1	-1.36432157E-2
2.32079442E+5	3.20385244E+1	-2.43661600E-10	3.20343728E+1	3.64663671E-1	3.20364485E+1	1.13830186E-2
2.48851178E+5	3.18805440E+1	-7.47369279E-10	3.18363575E+1	1.18605242E+0	3.18584431E+1	3.72374318E-2
2.66834962E+5	3.17674476E+1	-1.20441970E-9	3.16372595E+1	2.02946504E+0	3.17022867E+1	6.40601704E-2
2.86118383E+5	3.17057027E+1	-1.61528431E-9	3.14392032E+1	2.89456657E+0	3.15721717E+1	9.18098673E-2
3.06795364E+5	3.16991358E+1	-1.98493022E-9	3.12395695E+1	3.78901530E+0	3.14685137E+1	1.20699407E-1
3.28966612E+5	3.17547576E+1	-2.31319414E-9	3.10392452E+1	4.71263373E+0	3.13949631E+1	1.50677467E-1
3.52740116E+5	3.18748784E+1	-2.60127686E-9	3.08336047E+1	5.66622927E+0	3.13499186E+1	1.81740248E-1
3.78231664E+5	3.20729094E+1	-2.85594486E-9	3.06218517E+1	6.66587748E+0	3.13389832E+1	2.14339855E-1
4.05565415E+5	3.23551992E+1	-3.07235655E-9	3.04042415E+1	7.70177205E+0	3.13645546E+1	2.48093786E-1
4.34874501E+5	3.27285788E+1	-3.25704677E-9	3.01690953E+1	8.78733496E+0	3.14227881E+1	2.83427983E-1
4.66301673E+5	3.32099321E+1	-3.40778434E-9	2.99203486E+1	9.92095680E+0	3.15222578E+1	3.20170747E-1
5.00000000E+5	3.38233549E+1	-3.52623889E-9	2.96592882E+1	1.11131951E+1	3.16729634E+1	3.58503487E-1
