Start time:20240907_12-30-48	sweep/start:500.000	sweep/stop:500000.000	sweep/samplecount:100.000	sweep/xmapping:1.000	sweep/scan:0.000	sweep/averaging/sample:10.000	sweep/settling/time:0.100	sweep/settling/inaccuracy:0.010	sweep/awgcontrol:0.000	sweep/averaging/time:0.100	sweep/averaging/tc:15.000	sweep/bandwidthcontrol:2.000	sweep/sincfilter:0.000	sweep/omegasuppression:80.000	sweep/maxbandwidth:100.000	sweep/bandwidth:1250000.000	sweep/order:8.000	sweep/bandwidthoverlap:1.000																				
Frequency	Param0		Param1		RealZ		ImagZ		AbsZ		PhaseZ		
5.00000000E+2	1.20098001E+3	8.26679611E-7	1.11943002E+2	-3.49156195E+2	3.66662360E+2	-1.26054005E+0
5.36133611E+2	1.08411573E+3	8.13479916E-7	1.10334360E+2	-3.27782727E+2	3.45854290E+2	-1.24610127E+0
5.74878498E+2	9.80400650E+2	7.99278112E-7	1.08794177E+2	-3.07937791E+2	3.26591272E+2	-1.23118539E+0
6.16423370E+2	8.88308445E+2	7.84504670E-7	1.07217383E+2	-2.89389887E+2	3.08613153E+2	-1.21598146E+0
6.60970574E+2	8.06638460E+2	7.68906926E-7	1.05652544E+2	-2.72141389E+2	2.91930466E+2	-1.20048039E+0
7.08737081E+2	7.33839871E+2	7.52602992E-7	1.04109455E+2	-2.56048591E+2	2.76404886E+2	-1.18461295E+0
7.59955541E+2	6.69168160E+2	7.35610388E-7	1.02560498E+2	-2.41063387E+2	2.61973688E+2	-1.16854430E+0
8.14875417E+2	6.11571762E+2	7.18061233E-7	1.00995240E+2	-2.27081023E+2	2.48527323E+2	-1.15231335E+0
8.73764200E+2	5.60184605E+2	6.99912628E-7	9.94401774E+1	-2.14047900E+2	2.36018756E+2	-1.13589248E+0
9.36908711E+2	5.14350213E+2	6.81303748E-7	9.78683786E+1	-2.01892047E+2	2.24362695E+2	-1.11941813E+0
1.00461650E+3	4.73402643E+2	6.62295748E-7	9.62836917E+1	-1.90552884E+2	2.13496959E+2	-1.10292892E+0
1.07721735E+3	4.36715550E+2	6.42985494E-7	9.46880163E+1	-1.79960845E+2	2.03351240E+2	-1.08644119E+0
1.15506485E+3	4.03903535E+2	6.23428769E-7	9.30727562E+1	-1.70087848E+2	1.93887633E+2	-1.07010227E+0
1.23853818E+3	3.74374607E+2	6.03693485E-7	9.14599857E+1	-1.60858218E+2	1.85041335E+2	-1.05380390E+0
1.32804389E+3	3.47818802E+2	5.83935432E-7	8.98237258E+1	-1.52230345E+2	1.76755142E+2	-1.03772410E+0
1.42401793E+3	3.23861580E+2	5.64199704E-7	8.81770941E+1	-1.44159538E+2	1.68988675E+2	-1.02184500E+0
1.52692775E+3	3.02214537E+2	5.44544215E-7	8.65241133E+1	-1.36610476E+2	1.61706043E+2	-1.00620528E+0
1.63727458E+3	2.82584646E+2	5.25077285E-7	8.48615625E+1	-1.29534123E+2	1.54856624E+2	-9.90823921E-1
1.75559587E+3	2.64704060E+2	5.05860437E-7	8.31962634E+1	-1.22885190E+2	1.48399422E+2	-9.75657270E-1
1.88246790E+3	2.48436148E+2	4.86892270E-7	8.15356329E+1	-1.16654784E+2	1.42324974E+2	-9.60776723E-1
2.01850863E+3	2.33539423E+2	4.68311623E-7	7.98690981E+1	-1.10785874E+2	1.36574459E+2	-9.46159646E-1
2.16438064E+3	2.19895996E+2	4.50090598E-7	7.82103597E+1	-1.05267680E+2	1.31141697E+2	-9.31811875E-1
2.32079442E+3	2.07343622E+2	4.32259709E-7	7.65652802E+1	-1.00065379E+2	1.25997311E+2	-9.17667908E-1
2.48851178E+3	1.95809827E+2	4.14815332E-7	7.49385630E+1	-9.51730986E+1	1.21135077E+2	-9.03790438E-1
2.66834962E+3	1.85121655E+2	3.97832642E-7	7.33266586E+1	-9.05403409E+1	1.16509022E+2	-8.90060981E-1
2.86118383E+3	1.75220765E+2	3.81301261E-7	7.17340855E+1	-8.61598640E+1	1.12112895E+2	-8.76508933E-1
3.06795364E+3	1.66036627E+2	3.65167266E-7	7.01762658E+1	-8.20190345E+1	1.07943644E+2	-8.63054654E-1
3.28966612E+3	1.57502841E+2	3.49493450E-7	6.86422000E+1	-7.80998701E+1	1.03977600E+2	-8.49760123E-1
3.52740116E+3	1.49546499E+2	3.34247315E-7	6.71419022E+1	-7.43828022E+1	1.00203974E+2	-8.36517095E-1
3.78231664E+3	1.42125206E+2	3.19452714E-7	6.56707454E+1	-7.08577540E+1	9.66098760E+1	-8.23372031E-1
4.05565415E+3	1.35183167E+2	3.05061561E-7	6.42402535E+1	-6.75084490E+1	9.31890600E+1	-8.10199358E-1
4.34874501E+3	1.28699693E+2	2.91086403E-7	6.28471853E+1	-6.43322991E+1	8.99356072E+1	-7.97074940E-1
4.66301673E+3	1.22619949E+2	2.77521704E-7	6.14928013E+1	-6.13097015E+1	8.68345792E+1	-7.83907155E-1
5.00000000E+3	1.16928144E+2	2.64353922E-7	6.01793348E+1	-5.84389044E+1	8.38847895E+1	-7.70726680E-1
5.36133611E+3	1.11604011E+2	2.51587385E-7	5.89054589E+1	-5.57156381E+1	8.10807342E+1	-7.57576079E-1
5.74878498E+3	1.06597513E+2	2.39201657E-7	5.76741939E+1	-5.31188568E+1	7.84087088E+1	-7.44305579E-1
6.16423370E+3	1.01896212E+2	2.27226470E-7	5.64779349E+1	-5.06471172E+1	7.58609757E+1	-7.31021809E-1
6.60970574E+3	9.74828693E+1	2.15628969E-7	5.53229296E+1	-4.82950446E+1	7.34373059E+1	-7.17676920E-1
7.08737081E+3	9.33406928E+1	2.04398915E-7	5.42104641E+1	-4.60572231E+1	7.11339740E+1	-7.04261935E-1
7.59955541E+3	8.94406851E+1	1.93566213E-7	5.31314493E+1	-4.39222300E+1	6.89355729E+1	-6.90793523E-1
8.14875417E+3	8.57730455E+1	1.83096662E-7	5.20924637E+1	-4.18868053E+1	6.68440667E+1	-6.77227264E-1
8.73764200E+3	8.23270017E+1	1.73015168E-7	5.10869761E+1	-3.99494483E+1	6.48524291E+1	-6.63661674E-1
9.36908711E+3	7.90837375E+1	1.63291830E-7	5.01194070E+1	-3.81008537E+1	6.29573667E+1	-6.49998231E-1
1.00461650E+4	7.60337514E+1	1.53926504E-7	4.91886558E+1	-3.63383288E+1	6.11555232E+1	-6.36264898E-1
1.07721735E+4	7.31528279E+1	1.44913971E-7	4.82916685E+1	-3.46494856E+1	5.94362861E+1	-6.22377548E-1
1.15506485E+4	7.04464540E+1	1.36272455E-7	4.74256602E+1	-3.30420388E+1	5.78011209E+1	-6.08516017E-1
1.23853818E+4	6.78901500E+1	1.27970993E-7	4.65925175E+1	-3.15009572E+1	5.62420928E+1	-5.94501378E-1
1.32804389E+4	6.54774966E+1	1.20009280E-7	4.57906804E+1	-3.00245348E+1	5.47563614E+1	-5.80365492E-1
1.42401793E+4	6.32045019E+1	1.12379408E-7	4.50210663E+1	-2.86118443E+1	5.33435475E+1	-5.66129408E-1
1.52692775E+4	6.10646230E+1	1.05094007E-7	4.42792154E+1	-2.72625136E+1	5.19989768E+1	-5.51880442E-1
1.63727458E+4	5.90417939E+1	9.81122830E-8	4.35695915E+1	-2.59637727E+1	5.07190973E+1	-5.37410402E-1
1.75559587E+4	5.71424082E+1	9.14485923E-8	4.28912867E+1	-2.47234483E+1	4.95066804E+1	-5.22901721E-1
1.88246790E+4	5.53409826E+1	8.50989947E-8	4.22359119E+1	-2.35266781E+1	4.83464255E+1	-5.08224646E-1
2.01850863E+4	5.36500573E+1	7.90398312E-8	4.16138157E+1	-2.23802125E+1	4.72502232E+1	-4.93434022E-1
2.16438064E+4	5.20564363E+1	7.32835727E-8	4.10168765E+1	-2.12792911E+1	4.62081423E+1	-4.78569164E-1
2.32079442E+4	5.05560466E+1	6.78090276E-8	4.04482952E+1	-2.02198241E+1	4.52206357E+1	-4.63562096E-1
2.48851178E+4	4.91401847E+1	6.26263825E-8	3.99013879E+1	-1.92000190E+1	4.42804873E+1	-4.48484053E-1
2.66834962E+4	4.78104288E+1	5.77053229E-8	3.93840238E+1	-1.82171818E+1	4.33931684E+1	-4.33243482E-1
2.86118383E+4	4.65627264E+1	5.30552148E-8	3.88918816E+1	-1.72723354E+1	4.25548122E+1	-4.17946344E-1
3.06795364E+4	4.53892285E+1	4.86684732E-8	3.84222948E+1	-1.63610986E+1	4.17607269E+1	-4.02567575E-1
3.28966612E+4	4.42885594E+1	4.45391422E-8	3.79755770E+1	-1.54835119E+1	4.10107742E+1	-3.87146258E-1
3.52740116E+4	4.32565535E+1	4.06545019E-8	3.75519774E+1	-1.46361915E+1	4.03034629E+1	-3.71646190E-1
3.78231664E+4	4.22888607E+1	3.70148325E-8	3.71482219E+1	-1.38190297E+1	3.96352871E+1	-3.56135369E-1
4.05565415E+4	4.13831307E+1	3.35999435E-8	3.67671373E+1	-1.30275421E+1	3.90069128E+1	-3.40523250E-1
4.34874501E+4	4.05381384E+1	3.04148163E-8	3.64061389E+1	-1.22649966E+1	3.84166253E+1	-3.24951398E-1
4.66301673E+4	3.97470855E+1	2.74453835E-8	3.60631920E+1	-1.15261853E+1	3.78603589E+1	-3.09349847E-1
5.00000000E+4	3.90063263E+1	2.46856823E-8	3.57361724E+1	-1.08103087E+1	3.73354631E+1	-2.93751777E-1
5.36133611E+4	3.83166507E+1	2.21240209E-8	3.54276271E+1	-1.01168792E+1	3.68438328E+1	-2.78161345E-1
5.74878498E+4	3.76723721E+1	1.97495662E-8	3.51348434E+1	-9.44222795E+0	3.63814911E+1	-2.62539468E-1
6.16423370E+4	3.70741225E+1	1.75560143E-8	3.48588620E+1	-8.78757345E+0	3.59494328E+1	-2.46944832E-1
6.60970574E+4	3.65122391E+1	1.55329859E-8	3.45931256E+1	-8.14789098E+0	3.55397309E+1	-2.31318877E-1
7.08737081E+4	3.59914603E+1	1.36682950E-8	3.43432989E+1	-7.52351590E+0	3.51577229E+1	-2.15661104E-1
7.59955541E+4	3.55058318E+1	1.19577668E-8	3.41041701E+1	-6.91393525E+0	3.47979443E+1	-2.00019087E-1
8.14875417E+4	3.50535578E+1	1.03846565E-8	3.38767842E+1	-6.31389715E+0	3.44601482E+1	-1.84264116E-1
8.73764200E+4	3.46319540E+1	8.94616346E-9	3.36581616E+1	-5.72503757E+0	3.41415862E+1	-1.68481116E-1
9.36908711E+4	3.42407082E+1	7.62841055E-9	3.34498437E+1	-5.14337305E+0	3.38429658E+1	-1.52568820E-1
1.00461650E+5	3.38804962E+1	6.42317330E-9	3.32530296E+1	-4.56783922E+0	3.35652967E+1	-1.36511749E-1
1.07721735E+5	3.35432793E+1	5.32613357E-9	3.30598832E+1	-3.99762537E+0	3.33007041E+1	-1.20336491E-1
1.15506485E+5	3.32347559E+1	4.32488742E-9	3.28769897E+1	-3.42961657E+0	3.30553888E+1	-1.03940687E-1
1.23853818E+5	3.29513768E+1	3.41028068E-9	3.27013012E+1	-2.85968352E+0	3.28261009E+1	-8.72267202E-2
1.32804389E+5	3.26773389E+1	2.56988896E-9	3.25176621E+1	-2.27861882E+0	3.25974027E+1	-6.99589857E-2
1.42401793E+5	3.24532736E+1	1.82167630E-9	3.23627220E+1	-1.71186741E+0	3.24079662E+1	-5.28470194E-2
1.52692775E+5	3.22418570E+1	1.13472570E-9	3.22021830E+1	-1.13030228E+0	3.22220139E+1	-3.50857716E-2
1.63727458E+5	3.20523814E+1	5.11962763E-10	3.20432498E+1	-5.40924293E-1	3.20478153E+1	-1.68794677E-2
1.75559587E+5	3.18897385E+1	-5.40653496E-11	3.18896229E+1	6.06489739E-2	3.18896807E+1	1.90183882E-3
1.88246790E+5	3.17641720E+1	-5.68397667E-10	3.17420258E+1	6.77670270E-1	3.17530951E+1	2.13463263E-2
2.01850863E+5	3.16432253E+1	-1.02953701E-9	3.15892979E+1	1.30518825E+0	3.16162501E+1	4.12939315E-2
2.16438064E+5	3.15633224E+1	-1.44673345E-9	3.14420723E+1	1.95252177E+0	3.15026390E+1	6.20193780E-2
2.32079442E+5	3.15139001E+1	-1.82344790E-9	3.12941706E+1	2.62225838E+0	3.14038431E+1	8.35985351E-2
2.48851178E+5	3.14994886E+1	-2.16080676E-9	3.11467191E+1	3.31475402E+0	3.13226072E+1	1.06024780E-1
2.66834962E+5	3.15174469E+1	-2.46360937E-9	3.09922209E+1	4.03457832E+0	3.12537306E+1	1.29452350E-1
2.86118383E+5	3.15813706E+1	-2.73088595E-9	3.08400005E+1	4.78161438E+0	3.12084842E+1	1.53821081E-1
3.06795364E+5	3.16925936E+1	-2.96713010E-9	3.06843553E+1	5.56211581E+0	3.11844000E+1	1.79321633E-1
3.28966612E+5	3.18525299E+1	-3.17356421E-9	3.05201350E+1	6.37689353E+0	3.11792160E+1	2.05977297E-1
3.52740116E+5	3.20722790E+1	-3.35232372E-9	3.03489610E+1	7.23193091E+0	3.11987234E+1	2.33929891E-1
3.78231664E+5	3.23593170E+1	-3.50456295E-9	3.01680749E+1	8.13052361E+0	3.12444921E+1	2.63252772E-1
4.05565415E+5	3.27255924E+1	-3.62814875E-9	2.99810258E+1	9.07109681E+0	3.13232632E+1	2.93804927E-1
4.34874501E+5	3.31817287E+1	-3.73127800E-9	2.97741886E+1	1.00725709E+1	3.14318158E+1	3.26212756E-1
4.66301673E+5	3.37376982E+1	-3.80679958E-9	2.95531500E+1	1.11205446E+1	3.15761816E+1	3.59900839E-1
5.00000000E+5	3.44170847E+1	-3.85841908E-9	2.93149094E+1	1.22298694E+1	3.17637168E+1	3.95236462E-1
