Start time:20240905_20-52-57	sweep/start:500.000	sweep/stop:500000.000	sweep/samplecount:100.000	sweep/xmapping:1.000	sweep/scan:0.000	sweep/averaging/sample:10.000	sweep/settling/time:0.100	sweep/settling/inaccuracy:0.010	sweep/awgcontrol:0.000	sweep/averaging/time:0.100	sweep/averaging/tc:15.000	sweep/bandwidthcontrol:2.000	sweep/sincfilter:0.000	sweep/omegasuppression:80.000	sweep/maxbandwidth:100.000	sweep/bandwidth:1250000.000	sweep/order:8.000	sweep/bandwidthoverlap:1.000																				
Frequency	Param0		Param1		RealZ		ImagZ		AbsZ		PhaseZ		
5.00000000E+2	1.01962188E+3	6.78614809E-7	1.78092404E+2	-3.87129831E+2	4.26129673E+2	-1.13963062E+0
5.36133611E+2	9.31699278E+2	6.60368617E-7	1.75936516E+2	-3.64644938E+2	4.04869920E+2	-1.12125686E+0
5.74878498E+2	8.52517158E+2	6.41611571E-7	1.73856393E+2	-3.43495655E+2	3.84987482E+2	-1.10224989E+0
6.16423370E+2	7.82694039E+2	6.22102852E-7	1.71774292E+2	-3.23944571E+2	3.66669526E+2	-1.08323617E+0
6.60970574E+2	7.20162652E+2	6.02078240E-7	1.69746361E+2	-3.05664853E+2	3.49635335E+2	-1.06386645E+0
7.08737081E+2	6.64961246E+2	5.81742352E-7	1.67604133E+2	-2.88719415E+2	3.33841427E+2	-1.04483196E+0
7.59955541E+2	6.15896005E+2	5.60907178E-7	1.65517842E+2	-2.73030319E+2	3.19283148E+2	-1.02581216E+0
8.14875417E+2	5.72308069E+2	5.39822924E-7	1.63418659E+2	-2.58495805E+2	3.05819819E+2	-1.00704287E+0
8.73764200E+2	5.33161000E+2	5.18592355E-7	1.61359411E+2	-2.44935909E+2	2.93309538E+2	-9.88272118E-1
9.36908711E+2	4.98500371E+2	4.97326569E-7	1.59268076E+2	-2.32441031E+2	2.81771479E+2	-9.70073918E-1
1.00461650E+3	4.67594885E+2	4.76730061E-7	1.56915928E+2	-2.20794964E+2	2.70874593E+2	-9.52934340E-1
1.07721735E+3	4.39956039E+2	4.56188778E-7	1.54623889E+2	-2.10045579E+2	2.60821203E+2	-9.36221887E-1
1.15506485E+3	4.15113378E+2	4.36128199E-7	1.52258587E+2	-2.00054712E+2	2.51405189E+2	-9.20238666E-1
1.23853818E+3	3.92917845E+2	4.16638165E-7	1.49801057E+2	-1.90837975E+2	2.42609762E+2	-9.05290751E-1
1.32804389E+3	3.72879438E+2	3.97837621E-7	1.47251515E+2	-1.82274617E+2	2.34322538E+2	-8.91283914E-1
1.42401793E+3	3.54658498E+2	3.79649207E-7	1.44678020E+2	-1.74297263E+2	2.26519922E+2	-8.77990149E-1
1.52692775E+3	3.38253259E+2	3.62341299E-7	1.41964374E+2	-1.66931183E+2	2.19134450E+2	-8.66048889E-1
1.63727458E+3	3.23227028E+2	3.45775759E-7	1.39206429E+2	-1.60052626E+2	2.12120900E+2	-8.54945197E-1
1.75559587E+3	3.09385646E+2	3.30072201E-7	1.36359376E+2	-1.53602563E+2	2.05396275E+2	-8.44795277E-1
1.88246790E+3	2.96664471E+2	3.15238953E-7	1.33418617E+2	-1.47580579E+2	1.98948633E+2	-8.35754148E-1
2.01850863E+3	2.84886413E+2	3.01271222E-7	1.30389092E+2	-1.41932241E+2	1.92733180E+2	-8.27760786E-1
2.16438064E+3	2.73936035E+2	2.88122728E-7	1.27289311E+2	-1.36625599E+2	1.86732766E+2	-8.20759533E-1
2.32079442E+3	2.63623903E+2	2.75702394E-7	1.24159454E+2	-1.31589618E+2	1.80918209E+2	-8.14442537E-1
2.48851178E+3	2.53902747E+2	2.64057958E-7	1.20967349E+2	-1.26810249E+2	1.75253931E+2	-8.08975011E-1
2.66834962E+3	2.44706687E+2	2.53106867E-7	1.17742962E+2	-1.22266442E+2	1.69742419E+2	-8.04243038E-1
2.86118383E+3	2.35927055E+2	2.42791574E-7	1.14504886E+2	-1.17912804E+2	1.64361794E+2	-8.00060017E-1
3.06795364E+3	2.27507463E+2	2.33066978E-7	1.11264491E+2	-1.13726484E+2	1.59102172E+2	-7.96340352E-1
3.28966612E+3	2.19410080E+2	2.23923094E-7	1.08015964E+2	-1.09692026E+2	1.53947362E+2	-7.93096687E-1
3.52740116E+3	2.11661696E+2	2.15236841E-7	1.04808963E+2	-1.05825907E+2	1.48943084E+2	-7.90226121E-1
3.78231664E+3	2.04104026E+2	2.07034224E-7	1.01621651E+2	-1.02051101E+2	1.44018705E+2	-7.87506682E-1
4.05565415E+3	1.96814705E+2	1.99235789E-7	9.84831083E+1	-9.84073172E+1	1.39222567E+2	-7.85013227E-1
4.34874501E+3	1.89674131E+2	1.91812615E-7	9.53984715E+1	-9.48354010E+1	1.34516252E+2	-7.82438287E-1
4.66301673E+3	1.82783079E+2	1.84701418E-7	9.23904320E+1	-9.13860770E+1	1.29951558E+2	-7.79933133E-1
5.00000000E+3	1.76057067E+2	1.77875719E-7	8.94634719E+1	-8.80168342E+1	1.25501698E+2	-7.77247363E-1
5.36133611E+3	1.69517938E+2	1.71366955E-7	8.65940796E+1	-8.47390972E+1	1.21157953E+2	-7.74571822E-1
5.74878498E+3	1.63146735E+2	1.65077924E-7	8.38223723E+1	-8.15423539E+1	1.16941635E+2	-7.71611222E-1
6.16423370E+3	1.56963863E+2	1.58997371E-7	8.11466545E+1	-7.84366777E+1	1.12858727E+2	-7.68418217E-1
6.60970574E+3	1.50946051E+2	1.53136990E-7	7.85535550E+1	-7.54101291E+1	1.08891454E+2	-7.64984331E-1
7.08737081E+3	1.45099750E+2	1.47442709E-7	7.60627423E+1	-7.24647764E+1	1.05055627E+2	-7.61178663E-1
7.59955541E+3	1.39403688E+2	1.41904783E-7	7.36714903E+1	-6.95887109E+1	1.01341390E+2	-7.56906829E-1
8.14875417E+3	1.33883299E+2	1.36536901E-7	7.13670579E+1	-6.67952083E+1	9.77489488E+1	-7.52319803E-1
8.73764200E+3	1.28542161E+2	1.31312215E-7	6.91564201E+1	-6.40851390E+1	9.42842276E+1	-7.47355721E-1
9.36908711E+3	1.23364431E+2	1.26189975E-7	6.70526076E+1	-6.14479813E+1	9.09500230E+1	-7.41810220E-1
1.00461650E+4	1.18359021E+2	1.21198392E-7	6.50362788E+1	-5.88889858E+1	8.77361400E+1	-7.35833949E-1
1.07721735E+4	1.13518604E+2	1.16313340E-7	6.31130285E+1	-5.64025565E+1	8.46433863E+1	-7.29309797E-1
1.15506485E+4	1.08850664E+2	1.11537665E-7	6.12764687E+1	-5.39923944E+1	8.16699719E+1	-7.22290041E-1
1.23853818E+4	1.04358855E+2	1.06848665E-7	5.95327330E+1	-5.16587012E+1	7.88211126E+1	-7.14701090E-1
1.32804389E+4	1.00025543E+2	1.02251092E-7	5.78733060E+1	-4.93911862E+1	7.60842222E+1	-7.06485694E-1
1.42401793E+4	9.58675934E+1	9.77445884E-8	5.62952638E+1	-4.71988837E+1	7.34635380E+1	-6.97730747E-1
1.52692775E+4	9.18659862E+1	9.33177841E-8	5.47979615E+1	-4.50694137E+1	7.09511714E+1	-6.88289889E-1
1.63727458E+4	8.80460389E+1	8.89804326E-8	5.33758471E+1	-4.30180280E+1	6.85531316E+1	-6.78355793E-1
1.75559587E+4	8.43848512E+1	8.47015677E-8	5.20375726E+1	-4.10277196E+1	6.62660003E+1	-6.67643014E-1
1.88246790E+4	8.08964828E+1	8.05069226E-8	5.07700276E+1	-3.91090896E+1	6.40867899E+1	-6.56378613E-1
2.01850863E+4	7.75696193E+1	7.63903153E-8	4.95721553E+1	-3.72544565E+1	6.20104280E+1	-6.44473076E-1
2.16438064E+4	7.43965455E+1	7.23490237E-8	4.84417455E+1	-3.54583667E+1	6.00324787E+1	-6.31867915E-1
2.32079442E+4	7.13891956E+1	6.83913240E-8	4.73756869E+1	-3.37291619E+1	5.81559295E+1	-6.18701736E-1
2.48851178E+4	6.85424134E+1	6.45232558E-8	4.63694946E+1	-3.20647303E+1	5.63762098E+1	-6.05001725E-1
2.66834962E+4	6.58430677E+1	6.07289259E-8	4.54270493E+1	-3.04538899E+1	5.46905500E+1	-5.90576636E-1
2.86118383E+4	6.33023782E+1	5.70298498E-8	4.45412736E+1	-2.89074981E+1	5.30996096E+1	-5.75675253E-1
3.06795364E+4	6.09012364E+1	5.34293940E-8	4.37059160E+1	-2.74141785E+1	5.15920954E+1	-5.60209791E-1
3.28966612E+4	5.86451416E+1	4.99336195E-8	4.29205636E+1	-2.59789859E+1	5.01705344E+1	-5.44293270E-1
3.52740116E+4	5.65293712E+1	4.65371816E-8	4.21876013E+1	-2.45976592E+1	4.88348089E+1	-5.27866178E-1
3.78231664E+4	5.45414365E+1	4.32577557E-8	4.14959029E+1	-2.32666321E+1	4.75735867E+1	-5.11018838E-1
4.05565415E+4	5.26831265E+1	4.00941302E-8	4.08483351E+1	-2.19870758E+1	4.63898480E+1	-4.93786085E-1
4.34874501E+4	5.09443475E+1	3.70496678E-8	4.02410503E+1	-2.07535998E+1	4.52775225E+1	-4.76153901E-1
4.66301673E+4	4.93240802E+1	3.41318701E-8	3.96720888E+1	-1.95682048E+1	4.42356110E+1	-4.58231966E-1
5.00000000E+4	4.78113095E+1	3.13446493E-8	3.91363383E+1	-1.84257048E+1	4.32569021E+1	-4.40022563E-1
5.36133611E+4	4.64044287E+1	2.86876477E-8	3.86349049E+1	-1.73255534E+1	4.23418314E+1	-4.21558385E-1
5.74878498E+4	4.50920013E+1	2.61617934E-8	3.81627597E+1	-1.62615794E+1	4.14829508E+1	-4.02811468E-1
6.16423370E+4	4.38786242E+1	2.37738981E-8	3.77210639E+1	-1.52403972E+1	4.06835149E+1	-3.83974674E-1
6.60970574E+4	4.27455329E+1	2.15215997E-8	3.73008421E+1	-1.42510187E+1	3.99304943E+1	-3.64942549E-1
7.08737081E+4	4.16983084E+1	1.93962003E-8	3.69103688E+1	-1.32937806E+1	3.92313642E+1	-3.45700623E-1
7.59955541E+4	4.07282426E+1	1.74027295E-8	3.65426041E+1	-1.23674620E+1	3.85786993E+1	-3.26339075E-1
8.14875417E+4	3.98280146E+1	1.55431597E-8	3.61921133E+1	-1.14713094E+1	3.79665644E+1	-3.06939309E-1
8.73764200E+4	3.89941293E+1	1.38041288E-8	3.58622681E+1	-1.05979068E+1	3.73954264E+1	-2.87338814E-1
9.36908711E+4	3.82230373E+1	1.21819565E-8	3.55518689E+1	-9.74499935E+0	3.68632664E+1	-2.67535368E-1
1.00461650E+5	3.75128228E+1	1.06788477E-8	3.52584197E+1	-8.91552989E+0	3.63681571E+1	-2.47670898E-1
1.07721735E+5	3.68530152E+1	9.28834138E-9	3.49756257E+1	-8.10326236E+0	3.59020510E+1	-2.27666360E-1
1.15506485E+5	3.62503737E+1	8.00094724E-9	3.47123453E+1	-7.30674741E+0	3.54730248E+1	-2.07465473E-1
1.23853818E+5	3.56929926E+1	6.81364862E-9	3.44587418E+1	-6.52155801E+0	3.50704379E+1	-1.87044736E-1
1.32804389E+5	3.51798918E+1	5.72149545E-9	3.42147110E+1	-5.74657455E+0	3.46939451E+1	-1.66403164E-1
1.42401793E+5	3.47146761E+1	4.71770097E-9	3.39849424E+1	-4.97995463E+0	3.43478713E+1	-1.45498652E-1
1.52692775E+5	3.42885805E+1	3.79416211E-9	3.37626073E+1	-4.21405037E+0	3.40245776E+1	-1.24171977E-1
1.63727458E+5	3.39041314E+1	2.94982120E-9	3.35490077E+1	-3.45167054E+0	3.37261021E+1	-1.02523706E-1
1.75559587E+5	3.35567114E+1	2.17941576E-9	3.33397359E+1	-2.68959000E+0	3.34480477E+1	-8.04978770E-2
1.88246790E+5	3.32618783E+1	1.48039233E-9	3.31449870E+1	-1.92995279E+0	3.32033736E+1	-5.81646720E-2
2.01850863E+5	3.29840654E+1	8.31722837E-10	3.29441842E+1	-1.14623073E+0	3.29641187E+1	-3.47790833E-2
2.16438064E+5	3.27553975E+1	2.47693216E-10	3.27514102E+1	-3.61360320E-1	3.27534038E+1	-1.10329805E-2
2.32079442E+5	3.25677546E+1	-2.81617748E-10	3.25619301E+1	4.35486356E-1	3.25648422E+1	1.33732974E-2
2.48851178E+5	3.24205390E+1	-7.61388303E-10	3.23723145E+1	1.24945252E+0	3.23964178E+1	3.85771807E-2
2.66834962E+5	3.23209809E+1	-1.19403529E-9	3.21862319E+1	2.08254378E+0	3.22535360E+1	6.46128919E-2
2.86118383E+5	3.22685425E+1	-1.58407906E-9	3.19983382E+1	2.94041926E+0	3.21331563E+1	9.16355187E-2
3.06795364E+5	3.22674032E+1	-1.93267760E-9	3.18077426E+1	3.82370958E+0	3.20367485E+1	1.19639070E-1
3.28966612E+5	3.23194456E+1	-2.24374563E-9	3.16092881E+1	4.73787946E+0	3.19623946E+1	1.48781213E-1
3.52740116E+5	3.24391698E+1	-2.51644462E-9	3.14109965E+1	5.68294585E+0	3.19209437E+1	1.78986029E-1
3.78231664E+5	3.26263280E+1	-2.75465601E-9	3.12028790E+1	6.66450455E+0	3.19066664E+1	2.10424455E-1
4.05565415E+5	3.28930410E+1	-2.96250951E-9	3.09826244E+1	7.69347895E+0	3.19235451E+1	2.43393012E-1
4.34874501E+5	3.32502203E+1	-3.13625469E-9	3.07533707E+1	8.76278966E+0	3.19774350E+1	2.77581376E-1
4.66301673E+5	3.37144001E+1	-3.27983667E-9	3.05118388E+1	9.88513979E+0	3.20731716E+1	3.13306533E-1
5.00000000E+5	3.42858622E+1	-3.39597030E-9	3.02397626E+1	1.10613274E+1	3.21993217E+1	3.50669578E-1
