Start time:20240905_05-08-30	sweep/start:500.000	sweep/stop:500000.000	sweep/samplecount:100.000	sweep/xmapping:1.000	sweep/scan:0.000	sweep/averaging/sample:10.000	sweep/settling/time:0.100	sweep/settling/inaccuracy:0.010	sweep/awgcontrol:0.000	sweep/averaging/time:0.100	sweep/averaging/tc:15.000	sweep/bandwidthcontrol:2.000	sweep/sincfilter:0.000	sweep/omegasuppression:80.000	sweep/maxbandwidth:100.000	sweep/bandwidth:1250000.000	sweep/order:8.000	sweep/bandwidthoverlap:1.000																				
Frequency	Param0		Param1		RealZ		ImagZ		AbsZ		PhaseZ		
5.00000000E+2	1.18815162E+3	7.02222582E-7	1.50961257E+2	-3.95696250E+2	4.23514850E+2	-1.20633231E+0
5.36133611E+2	1.07647080E+3	6.88213483E-7	1.48928317E+2	-3.71668218E+2	4.00395952E+2	-1.18968465E+0
5.74878498E+2	9.76793731E+2	6.73424531E-7	1.46987758E+2	-3.49243894E+2	3.78915164E+2	-1.17242543E+0
6.16423370E+2	8.88300407E+2	6.57723728E-7	1.45131843E+2	-3.28416524E+2	3.59055242E+2	-1.15468708E+0
6.60970574E+2	8.09651383E+2	6.41322025E-7	1.43295856E+2	-3.09008035E+2	3.40616605E+2	-1.13658455E+0
7.08737081E+2	7.39654184E+2	6.24131154E-7	1.41530981E+2	-2.90951790E+2	3.23549017E+2	-1.11805437E+0
7.59955541E+2	6.77444207E+2	6.06358066E-7	1.39760749E+2	-2.74129590E+2	3.07701318E+2	-1.09931203E+0
8.14875417E+2	6.22329457E+2	5.87978199E-7	1.37989240E+2	-2.58522204E+2	2.93043960E+2	-1.08050558E+0
8.73764200E+2	5.73140548E+2	5.69133673E-7	1.36234960E+2	-2.43970917E+2	2.79431162E+2	-1.06152187E+0
9.36908711E+2	5.29514451E+2	5.49792130E-7	1.34496249E+2	-2.30496120E+2	2.66866453E+2	-1.04259183E+0
1.00461650E+3	4.90526710E+2	5.30231180E-7	1.32741384E+2	-2.17928691E+2	2.55172865E+2	-1.02370910E+0
1.07721735E+3	4.55825699E+2	5.10491890E-7	1.30965046E+2	-2.06265332E+2	2.44330169E+2	-1.00508473E+0
1.15506485E+3	4.24918479E+2	4.90635597E-7	1.29182226E+2	-1.95458089E+2	2.34290232E+2	-9.86782513E-1
1.23853818E+3	3.97283446E+2	4.70861019E-7	1.27368493E+2	-1.85414829E+2	2.24947533E+2	-9.68890701E-1
1.32804389E+3	3.72567314E+2	4.51299000E-7	1.25509339E+2	-1.76091118E+2	2.16242171E+2	-9.51562984E-1
1.42401793E+3	3.50450088E+2	4.32032119E-7	1.23608367E+2	-1.67450092E+2	2.08131118E+2	-9.34902815E-1
1.52692775E+3	3.30567655E+2	4.13192861E-7	1.21657080E+2	-1.59422237E+2	2.00539011E+2	-9.18955989E-1
1.63727458E+3	3.12659119E+2	3.94795275E-7	1.19679979E+2	-1.51972823E+2	1.93440007E+2	-9.03718338E-1
1.75559587E+3	2.96512522E+2	3.77052189E-7	1.17622151E+2	-1.45056780E+2	1.86752350E+2	-8.89462556E-1
1.88246790E+3	2.81842296E+2	3.59905253E-7	1.15534080E+2	-1.38615533E+2	1.80450519E+2	-8.75968074E-1
2.01850863E+3	2.68509777E+2	3.43510951E-7	1.13370404E+2	-1.32620561E+2	1.74473671E+2	-8.63494548E-1
2.16438064E+3	2.56291780E+2	3.27859886E-7	1.11151456E+2	-1.27014007E+2	1.68781528E+2	-8.51903013E-1
2.32079442E+3	2.45103922E+2	3.12955283E-7	1.08880989E+2	-1.21787057E+2	1.63362043E+2	-8.41290715E-1
2.48851178E+3	2.34764331E+2	2.98816395E-7	1.06559502E+2	-1.16882173E+2	1.58165641E+2	-8.31563845E-1
2.66834962E+3	2.25197752E+2	2.85434901E-7	1.04189962E+2	-1.12284446E+2	1.53177495E+2	-8.22773088E-1
2.86118383E+3	2.16262302E+2	2.72816662E-7	1.01770227E+2	-1.07943893E+2	1.48354519E+2	-8.14828149E-1
3.06795364E+3	2.07860166E+2	2.60917009E-7	9.93139248E+1	-1.03827516E+2	1.43678143E+2	-8.07613466E-1
3.28966612E+3	1.99951960E+2	2.49680791E-7	9.68364684E+1	-9.99266723E+1	1.39149709E+2	-8.01102070E-1
3.52740116E+3	1.92457482E+2	2.39093468E-7	9.43373485E+1	-9.62101501E+1	1.34743937E+2	-7.95226376E-1
3.78231664E+3	1.85302616E+2	2.29115521E-7	9.18249000E+1	-9.26476213E+1	1.30443068E+2	-7.89857991E-1
4.05565415E+3	1.78474697E+2	2.19680643E-7	8.93176433E+1	-8.92373115E+1	1.26257432E+2	-7.84948265E-1
4.34874501E+3	1.71901058E+2	2.10764981E-7	8.68171767E+1	-8.59461583E+1	1.22163679E+2	-7.80356519E-1
4.66301673E+3	1.65571207E+2	2.02304443E-7	8.43414437E+1	-8.27709816E+1	1.18171547E+2	-7.76000801E-1
5.00000000E+3	1.59454953E+2	1.94256469E-7	8.18998974E+1	-7.96978729E+1	1.14277488E+2	-7.71772428E-1
5.36133611E+3	1.53535229E+2	1.86595429E-7	7.94953575E+1	-7.67191368E+1	1.10477771E+2	-7.67628183E-1
5.74878498E+3	1.47787631E+2	1.79276218E-7	7.71386895E+1	-7.38225350E+1	1.06771457E+2	-7.63434767E-1
6.16423370E+3	1.42210341E+2	1.72245211E-7	7.48449286E+1	-7.10067564E+1	1.03168420E+2	-7.59088650E-1
6.60970574E+3	1.36801384E+2	1.65493965E-7	7.26108639E+1	-6.82709971E+1	9.96657747E+1	-7.54602895E-1
7.08737081E+3	1.31545488E+2	1.58993537E-7	7.04415043E+1	-6.56068323E+1	9.62614254E+1	-7.49876684E-1
7.59955541E+3	1.26436977E+2	1.52708219E-7	6.83450196E+1	-6.30102844E+1	9.29587956E+1	-7.44807454E-1
8.14875417E+3	1.21483242E+2	1.46615028E-7	6.63250877E+1	-6.04844555E+1	8.97629470E+1	-7.39372390E-1
8.73764200E+3	1.16688632E+2	1.40697068E-7	6.43831210E+1	-5.80309574E+1	8.66762846E+1	-7.33553868E-1
9.36908711E+3	1.12043013E+2	1.34941759E-7	6.25181874E+1	-5.56435288E+1	8.36942416E+1	-7.27283593E-1
1.00461650E+4	1.07556619E+2	1.29337627E-7	6.07303107E+1	-5.33270683E+1	8.08204608E+1	-7.20581033E-1
1.07721735E+4	1.03227016E+2	1.23861859E-7	5.90237042E+1	-5.10787934E+1	7.80566514E+1	-7.13363793E-1
1.15506485E+4	9.90437026E+1	1.18511415E-7	5.73939349E+1	-4.88921670E+1	7.53956749E+1	-7.05578650E-1
1.23853818E+4	9.50248037E+1	1.13277330E-7	5.58417900E+1	-4.67765922E+1	7.28447330E+1	-6.97287957E-1
1.32804389E+4	9.11612111E+1	1.08167814E-7	5.43590797E+1	-4.47272842E+1	7.03948828E+1	-6.88496542E-1
1.42401793E+4	8.74516061E+1	1.03165596E-7	5.29489094E+1	-4.27420181E+1	6.80475360E+1	-6.79134756E-1
1.52692775E+4	8.38935219E+1	9.82560779E-8	5.16134124E+1	-4.08177232E+1	6.58029704E+1	-6.69127850E-1
1.63727458E+4	8.04932895E+1	9.34575378E-8	5.03430690E+1	-3.89596531E+1	6.36575149E+1	-6.58611935E-1
1.75559587E+4	7.72487435E+1	8.87583931E-8	4.91398242E+1	-3.71654047E+1	6.16116033E+1	-6.47533303E-1
1.88246790E+4	7.41522510E+1	8.41616263E-8	4.79990653E+1	-3.54306140E+1	5.96593556E+1	-6.35875275E-1
2.01850863E+4	7.12022284E+1	7.96630175E-8	4.69203276E+1	-3.37537359E+1	5.77999297E+1	-6.23617284E-1
2.16438064E+4	6.84030160E+1	7.52696738E-8	4.59003635E+1	-3.21384491E+1	5.60332338E+1	-6.10845774E-1
2.32079442E+4	6.57386862E+1	7.09759602E-8	4.49368946E+1	-3.05739736E+1	5.43515630E+1	-5.97433556E-1
2.48851178E+4	6.32160064E+1	6.67897446E-8	4.40276323E+1	-2.90657629E+1	5.27565262E+1	-5.83492062E-1
2.66834962E+4	6.08311251E+1	6.27196692E-8	4.31680344E+1	-2.76130562E+1	5.12441225E+1	-5.69075095E-1
2.86118383E+4	5.85724112E+1	5.87690138E-8	4.23534490E+1	-2.62093296E+1	4.98070640E+1	-5.54145797E-1
3.06795364E+4	5.64475745E+1	5.49220617E-8	4.15929600E+1	-2.48565357E+1	4.84543260E+1	-5.38663251E-1
3.28966612E+4	5.44499342E+1	5.12026001E-8	4.08758876E+1	-2.35552794E+1	4.71772126E+1	-5.22783265E-1
3.52740116E+4	5.25639543E+1	4.76064154E-8	4.01990173E+1	-2.22948042E+1	4.59675897E+1	-5.06376187E-1
3.78231664E+4	5.08000595E+1	4.41461553E-8	3.95624708E+1	-2.10852263E+1	4.48305238E+1	-4.89666856E-1
4.05565415E+4	4.91457033E+1	4.08140005E-8	3.89655963E+1	-1.99166745E+1	4.37606173E+1	-4.72515764E-1
4.34874501E+4	4.75964492E+1	3.76156584E-8	3.84053782E+1	-1.87879363E+1	4.27546445E+1	-4.54970871E-1
4.66301673E+4	4.61495961E+1	3.45650369E-8	3.78764168E+1	-1.77019315E+1	4.18088667E+1	-4.37196554E-1
5.00000000E+4	4.47980894E+1	3.16497027E-8	3.73813502E+1	-1.66507569E+1	4.09220364E+1	-4.19046618E-1
5.36133611E+4	4.35391169E+1	2.88807811E-8	3.69155457E+1	-1.56369031E+1	4.00907752E+1	-4.00672247E-1
5.74878498E+4	4.23663648E+1	2.62544831E-8	3.64780288E+1	-1.46558822E+1	3.93121034E+1	-3.82033775E-1
6.16423370E+4	4.12754217E+1	2.37723000E-8	3.60665048E+1	-1.37064736E+1	3.85831595E+1	-3.63176128E-1
6.60970574E+4	4.02623924E+1	2.14353202E-8	3.56789182E+1	-1.27880175E+1	3.79014327E+1	-3.44155647E-1
7.08737081E+4	3.93235556E+1	1.92363656E-8	3.53162187E+1	-1.18963852E+1	3.72660608E+1	-3.24915183E-1
7.59955541E+4	3.84527297E+1	1.71744985E-8	3.49748505E+1	-1.10289753E+1	3.66725847E+1	-3.05470257E-1
8.14875417E+4	3.76492775E+1	1.52498124E-8	3.46546296E+1	-1.01871686E+1	3.61209326E+1	-2.85908827E-1
8.73764200E+4	3.69048798E+1	1.34567571E-8	3.43513525E+1	-9.36574132E+0	3.56052318E+1	-2.66175927E-1
9.36908711E+4	3.62208664E+1	1.17905556E-8	3.40676732E+1	-8.56471102E+0	3.51277759E+1	-2.46298582E-1
1.00461650E+5	3.55867316E+1	1.02443808E-8	3.37970069E+1	-7.77736040E+0	3.46803260E+1	-2.26182166E-1
1.07721735E+5	3.50067236E+1	8.81466772E-9	3.35435679E+1	-7.00567314E+0	3.42673374E+1	-2.05893340E-1
1.15506485E+5	3.44760769E+1	7.49646088E-9	3.33043621E+1	-6.24685564E+0	3.38851553E+1	-1.85414309E-1
1.23853818E+5	3.39894813E+1	6.28308036E-9	3.30759462E+1	-5.49691085E+0	3.35296027E+1	-1.64685427E-1
1.32804389E+5	3.35450942E+1	5.16956588E-9	3.28571008E+1	-4.75449696E+0	3.31993153E+1	-1.43704798E-1
1.42401793E+5	3.31466411E+1	4.14780363E-9	3.26525317E+1	-4.01670469E+0	3.28986588E+1	-1.22398654E-1
1.52692775E+5	3.27881962E+1	3.21449438E-9	3.24563347E+1	-3.28192021E+0	3.26218434E+1	-1.00775478E-1
1.63727458E+5	3.24678604E+1	2.36234692E-9	3.22669714E+1	-2.54599155E+0	3.23672600E+1	-7.87408110E-2
1.75559587E+5	3.21872296E+1	1.58687795E-9	3.20853772E+1	-1.80775114E+0	3.21362631E+1	-5.62823995E-2
1.88246790E+5	3.19572651E+1	8.74948357E-10	3.19181844E+1	-1.05542819E+0	3.19377165E+1	-3.30550840E-2
2.01850863E+5	3.17442237E+1	2.44010447E-10	3.17411601E+1	-3.11821803E-1	3.17426918E+1	-9.82357747E-3
2.16438064E+5	3.15812832E+1	-3.31735662E-10	3.15748735E+1	4.49859356E-1	3.15780782E+1	1.42464253E-2
2.32079442E+5	3.14589098E+1	-8.53129874E-10	3.14108001E+1	1.22929019E+0	3.14348458E+1	3.91159431E-2
2.48851178E+5	3.13819923E+1	-1.31993686E-9	3.12509021E+1	2.02402471E+0	3.13163786E+1	6.46765862E-2
2.66834962E+5	3.13507483E+1	-1.73749116E-9	3.10914306E+1	2.83944762E+0	3.12208202E+1	9.10730892E-2
2.86118383E+5	3.13646893E+1	-2.10936469E-9	3.09271895E+1	3.67839806E+0	3.11451712E+1	1.18381234E-1
3.06795364E+5	3.14317913E+1	-2.43737164E-9	3.07609207E+1	4.54275038E+0	3.10945467E+1	1.46619517E-1
3.28966612E+5	3.15593977E+1	-2.72535118E-9	3.05924976E+1	5.43873349E+0	3.10721868E+1	1.75941754E-1
3.52740116E+5	3.17548686E+1	-2.97849200E-9	3.04182199E+1	6.37639492E+0	3.10793593E+1	2.06632249E-1
3.78231664E+5	3.20189471E+1	-3.18932726E-9	3.02380378E+1	7.33833336E+0	3.11157537E+1	2.38082673E-1
4.05565415E+5	3.23603104E+1	-3.37039298E-9	3.00398900E+1	8.34895924E+0	3.11785208E+1	2.71087302E-1
4.34874501E+5	3.28060159E+1	-3.51644945E-9	2.98410625E+1	9.40623667E+0	3.12884382E+1	3.05352948E-1
4.66301673E+5	3.33499052E+1	-3.63360933E-9	2.96165909E+1	1.05151319E+1	3.14278617E+1	3.41159442E-1
5.00000000E+5	3.40202985E+1	-3.72038838E-9	2.93757662E+1	1.16806076E+1	3.16128506E+1	3.78459284E-1
