Start time:20240906_14-38-40	sweep/start:500.000	sweep/stop:500000.000	sweep/samplecount:100.000	sweep/xmapping:1.000	sweep/scan:0.000	sweep/averaging/sample:10.000	sweep/settling/time:0.100	sweep/settling/inaccuracy:0.010	sweep/awgcontrol:0.000	sweep/averaging/time:0.100	sweep/averaging/tc:15.000	sweep/bandwidthcontrol:2.000	sweep/sincfilter:0.000	sweep/omegasuppression:80.000	sweep/maxbandwidth:100.000	sweep/bandwidth:1250000.000	sweep/order:8.000	sweep/bandwidthoverlap:1.000																				
Frequency	Param0		Param1		RealZ		ImagZ		AbsZ		PhaseZ		
5.00000000E+2	1.10080418E+3	7.68119566E-7	1.36638804E+2	-3.62963334E+2	3.87830565E+2	-1.21075200E+0
5.36133611E+2	1.00030380E+3	7.52423178E-7	1.34661802E+2	-3.41421867E+2	3.67018657E+2	-1.19511413E+0
5.74878498E+2	9.10840438E+2	7.36020347E-7	1.32702872E+2	-3.21342602E+2	3.47665246E+2	-1.17916442E+0
6.16423370E+2	8.31284066E+2	7.19082497E-7	1.30702652E+2	-3.02601764E+2	3.29622533E+2	-1.16307094E+0
6.60970574E+2	7.60596676E+2	7.01437551E-7	1.28713960E+2	-2.85187865E+2	3.12888803E+2	-1.14683656E+0
7.08737081E+2	6.97386118E+2	6.83198274E-7	1.26759835E+2	-2.68946979E+2	2.97322277E+2	-1.13035560E+0
7.59955541E+2	6.41270341E+2	6.64570920E-7	1.24737467E+2	-2.53832607E+2	2.82825795E+2	-1.11403927E+0
8.14875417E+2	5.90922085E+2	6.45606783E-7	1.22715354E+2	-2.39700121E+2	2.69286478E+2	-1.09763159E+0
8.73764200E+2	5.46050583E+2	6.26262174E-7	1.20681263E+2	-2.26570298E+2	2.56706191E+2	-1.08137600E+0
9.36908711E+2	5.05781819E+2	6.06797138E-7	1.18613072E+2	-2.14297155E+2	2.44933323E+2	-1.06527139E+0
1.00461650E+3	4.69543249E+2	5.87187888E-7	1.16547661E+2	-2.02831968E+2	2.33931967E+2	-1.04926118E+0
1.07721735E+3	4.37104406E+2	5.67612247E-7	1.14426953E+2	-1.92153572E+2	2.23643742E+2	-1.03369413E+0
1.15506485E+3	4.07821459E+2	5.48127606E-7	1.12287503E+2	-1.82166868E+2	2.13993579E+2	-1.01840581E+0
1.23853818E+3	3.81328202E+2	5.28778800E-7	1.10140229E+2	-1.72825646E+2	2.04937977E+2	-1.00340732E+0
1.32804389E+3	3.57349823E+2	5.09648963E-7	1.07977668E+2	-1.64093334E+2	1.96432684E+2	-9.88799660E-1
1.42401793E+3	3.35503240E+2	4.90872799E-7	1.05793234E+2	-1.55890229E+2	1.88398440E+2	-9.74550720E-1
1.52692775E+3	3.15625466E+2	4.72436182E-7	1.03600190E+2	-1.48208832E+2	1.80828254E+2	-9.60731774E-1
1.63727458E+3	2.97413747E+2	4.54448218E-7	1.01393063E+2	-1.40979207E+2	1.73653938E+2	-9.47296523E-1
1.75559587E+3	2.80707932E+2	4.36899666E-7	9.91855715E+1	-1.34180469E+2	1.66859750E+2	-9.34246164E-1
1.88246790E+3	2.65334221E+2	4.19826055E-7	9.69802302E+1	-1.27777182E+2	1.60412511E+2	-9.21573220E-1
2.01850863E+3	2.51152090E+2	4.03206910E-7	9.47925094E+1	-1.21744474E+2	1.54296263E+2	-9.09229486E-1
2.16438064E+3	2.37994557E+2	3.87112932E-7	9.26131227E+1	-1.16035462E+2	1.48463527E+2	-8.97187511E-1
2.32079442E+3	2.25795206E+2	3.71499414E-7	9.04569327E+1	-1.10644859E+2	1.42915155E+2	-8.85449583E-1
2.48851178E+3	2.14414098E+2	3.56391689E-7	8.83241565E+1	-1.05530979E+2	1.37615203E+2	-8.73927397E-1
2.66834962E+3	2.03805160E+2	3.41737971E-7	8.62294470E+1	-1.00690061E+2	1.32566987E+2	-8.62607164E-1
2.86118383E+3	1.93862065E+2	3.27549126E-7	8.41730782E+1	-9.60877697E+1	1.27741797E+2	-8.51399105E-1
3.06795364E+3	1.84576088E+2	3.13834116E-7	8.21494247E+1	-9.17294462E+1	1.23137400E+2	-8.40438466E-1
3.28966612E+3	1.75840628E+2	3.00548366E-7	8.01736321E+1	-8.75783667E+1	1.18734080E+2	-8.29510490E-1
3.52740116E+3	1.67623171E+2	2.87681870E-7	7.82461852E+1	-8.36265986E+1	1.14524554E+2	-8.18624460E-1
3.78231664E+3	1.59894747E+2	2.75234732E-7	7.63646730E+1	-7.98670562E+1	1.10500272E+2	-8.07812283E-1
4.05565415E+3	1.52610904E+2	2.63178242E-7	7.45353607E+1	-7.62849174E+1	1.06653217E+2	-7.96997920E-1
4.34874501E+3	1.45755206E+2	2.51504404E-7	7.27578755E+1	-7.28775036E+1	1.02979799E+2	-7.86219582E-1
4.66301673E+3	1.39276709E+2	2.40193131E-7	7.10354539E+1	-6.96243384E+1	9.94664981E+1	-7.75366382E-1
5.00000000E+3	1.33178379E+2	2.29224089E-7	6.93714011E+1	-6.65310402E+1	9.61185241E+1	-7.64501206E-1
5.36133611E+3	1.27409163E+2	2.18626686E-7	6.77539725E+1	-6.35757507E+1	9.29111236E+1	-7.53594146E-1
5.74878498E+3	1.21959700E+2	2.08363352E-7	6.61913030E+1	-6.07567511E+1	8.98480463E+1	-7.42615029E-1
6.16423370E+3	1.16812559E+2	1.98430683E-7	6.46816202E+1	-5.80681802E+1	8.69231015E+1	-7.31572806E-1
6.60970574E+3	1.11950703E+2	1.88831039E-7	6.32215070E+1	-5.55043529E+1	8.41290209E+1	-7.20489700E-1
7.08737081E+3	1.07346157E+2	1.79552809E-7	6.18106143E+1	-5.30526137E+1	8.14563188E+1	-7.09298198E-1
7.59955541E+3	1.02995228E+2	1.70582888E-7	6.04507651E+1	-5.07133639E+1	7.89058953E+1	-6.98026358E-1
8.14875417E+3	9.88723799E+1	1.61936016E-7	5.91336635E+1	-4.84757244E+1	7.64636256E+1	-6.86677285E-1
8.73764200E+3	9.49723250E+1	1.53568059E-7	5.78701810E+1	-4.63368938E+1	7.41354545E+1	-6.75170153E-1
9.36908711E+3	9.12789719E+1	1.45523709E-7	5.66438834E+1	-4.42929553E+1	7.19054618E+1	-6.63640498E-1
1.00461650E+4	8.77834907E+1	1.37745749E-7	5.54692123E+1	-4.23373065E+1	6.97802340E+1	-6.51932218E-1
1.07721735E+4	8.44647507E+1	1.30268408E-7	5.43314399E+1	-4.04621569E+1	6.77428337E+1	-6.40118628E-1
1.15506485E+4	8.13301641E+1	1.23055632E-7	5.32415865E+1	-3.86714417E+1	6.58038521E+1	-6.28185320E-1
1.23853818E+4	7.83477485E+1	1.16117035E-7	5.21895831E+1	-3.69483926E+1	6.39447912E+1	-6.16051551E-1
1.32804389E+4	7.55203705E+1	1.09451316E-7	5.11751421E+1	-3.52968908E+1	6.21672396E+1	-6.03798188E-1
1.42401793E+4	7.28423043E+1	1.03044787E-7	5.02002458E+1	-3.37140458E+1	6.04706671E+1	-5.91404184E-1
1.52692775E+4	7.02994776E+1	9.68814144E-8	4.92653861E+1	-3.21908771E+1	5.88500713E+1	-5.78774095E-1
1.63727458E+4	6.78887887E+1	9.09700862E-8	4.83661779E+1	-3.07283910E+1	5.73020176E+1	-5.65991798E-1
1.75559587E+4	6.56053919E+1	8.52911858E-8	4.75065825E+1	-2.93225605E+1	5.58273048E+1	-5.52993483E-1
1.88246790E+4	6.34413008E+1	7.98548352E-8	4.66804367E+1	-2.79714933E+1	5.44193681E+1	-5.39840130E-1
2.01850863E+4	6.13931924E+1	7.46356317E-8	4.58939818E+1	-2.66705914E+1	5.30808633E+1	-5.26432543E-1
2.16438064E+4	5.94537027E+1	6.96528872E-8	4.51381818E+1	-2.54200029E+1	5.18037839E+1	-5.12890422E-1
2.32079442E+4	5.76175298E+1	6.48860598E-8	4.44169292E+1	-2.42142545E+1	5.05884744E+1	-4.99118321E-1
2.48851178E+4	5.58805662E+1	6.03359540E-8	4.37278950E+1	-2.30523444E+1	4.94321707E+1	-4.85152160E-1
2.66834962E+4	5.42392019E+1	5.60020474E-8	4.30693397E+1	-2.19335033E+1	4.83326660E+1	-4.71028345E-1
2.86118383E+4	5.26925320E+1	5.18725162E-8	4.24444052E+1	-2.08560692E+1	4.72916819E+1	-4.56722877E-1
3.06795364E+4	5.12312713E+1	4.79509546E-8	4.18472490E+1	-1.98165460E+1	4.63021356E+1	-4.42260331E-1
3.28966612E+4	4.98561835E+1	4.42283330E-8	4.12808466E+1	-1.88148120E+1	4.53663472E+1	-4.27646713E-1
3.52740116E+4	4.85596390E+1	4.07019238E-8	4.07417440E+1	-1.78469793E+1	4.44792579E+1	-4.12873190E-1
3.78231664E+4	4.73372973E+1	3.73735816E-8	4.02264189E+1	-1.69128697E+1	4.36372541E+1	-3.98003520E-1
4.05565415E+4	4.61902080E+1	3.42315015E-8	3.97388823E+1	-1.60115101E+1	4.28432869E+1	-3.83019342E-1
4.34874501E+4	4.51103738E+1	3.12761561E-8	3.92736575E+1	-1.51403165E+1	4.20909654E+1	-3.67951353E-1
4.66301673E+4	4.40976356E+1	2.84964543E-8	3.88336556E+1	-1.42975374E+1	4.13820298E+1	-3.52772733E-1
5.00000000E+4	4.31463749E+1	2.58925923E-8	3.84144865E+1	-1.34823235E+1	4.07117408E+1	-3.37538498E-1
5.36133611E+4	4.22527255E+1	2.34570966E-8	3.80151233E+1	-1.26922404E+1	4.00779562E+1	-3.22236581E-1
5.74878498E+4	4.14144521E+1	2.11813827E-8	3.76358904E+1	-1.19251636E+1	3.94799921E+1	-3.06848533E-1
6.16423370E+4	4.06296090E+1	1.90625429E-8	3.72754206E+1	-1.11816265E+1	3.89163946E+1	-2.91432193E-1
6.60970574E+4	3.98906441E+1	1.70902880E-8	3.69302652E+1	-1.04559825E+1	3.83819237E+1	-2.75906694E-1
7.08737081E+4	3.91985080E+1	1.52597856E-8	3.66015466E+1	-9.74950208E+0	3.78777774E+1	-2.60324073E-1
7.59955541E+4	3.85505997E+1	1.35632680E-8	3.62885764E+1	-9.06011001E+0	3.74024916E+1	-2.44666522E-1
8.14875417E+4	3.79426121E+1	1.19946510E-8	3.59885590E+1	-8.38591356E+0	3.69526715E+1	-2.28931056E-1
8.73764200E+4	3.73713080E+1	1.05427896E-8	3.57009273E+1	-7.72231382E+0	3.65265704E+1	-2.13023829E-1
9.36908711E+4	3.68370789E+1	9.20269723E-9	3.54262318E+1	-7.06972338E+0	3.61247685E+1	-1.96974200E-1
1.00461650E+5	3.63356440E+1	7.96694917E-9	3.51616144E+1	-6.42501120E+0	3.57438093E+1	-1.80734055E-1
1.07721735E+5	3.58685450E+1	6.82930773E-9	3.49089582E+1	-5.78776024E+0	3.53854990E+1	-1.64301273E-1
1.15506485E+5	3.54310086E+1	5.78191624E-9	3.46647571E+1	-5.15382557E+0	3.50457887E+1	-1.47595060E-1
1.23853818E+5	3.50250166E+1	4.82124940E-9	3.44304543E+1	-4.52449349E+0	3.47264630E+1	-1.30660962E-1
1.32804389E+5	3.46472758E+1	3.93949339E-9	3.42035834E+1	-3.89558999E+0	3.44247148E+1	-1.13405537E-1
1.42401793E+5	3.42947703E+1	3.12786839E-9	3.39817377E+1	-3.26149925E+0	3.41378952E+1	-9.56849089E-2
1.52692775E+5	3.39724882E+1	2.38297883E-9	3.37687804E+1	-2.62277651E+0	3.38704812E+1	-7.75130622E-2
1.63727458E+5	3.36767299E+1	1.70291409E-9	3.35599226E+1	-1.97990791E+0	3.36182755E+1	-5.89278960E-2
1.75559587E+5	3.34120954E+1	1.07960466E-9	3.33592796E+1	-1.32736246E+0	3.33856771E+1	-3.97689232E-2
1.88246790E+5	3.32076265E+1	5.24185033E-10	3.31859126E+1	-6.83152017E-1	3.31967661E+1	-2.05818576E-2
2.01850863E+5	3.29659233E+1	-1.00961486E-11	3.29659171E+1	1.39154248E-2	3.29659202E+1	4.22115552E-4
2.16438064E+5	3.27894532E+1	-4.84580259E-10	3.27741505E+1	7.08182122E-1	3.27818010E+1	2.16045825E-2
2.32079442E+5	3.26460334E+1	-9.16275739E-10	3.25840389E+1	1.42127479E+0	3.26150214E+1	4.35911110E-2
2.48851178E+5	3.25372964E+1	-1.30932263E-9	3.23935634E+1	2.15777589E+0	3.24653503E+1	6.65130029E-2
2.66834962E+5	3.24679872E+1	-1.66452442E-9	3.22035962E+1	2.91791442E+0	3.23355215E+1	9.03615843E-2
2.86118383E+5	3.24412953E+1	-1.98501363E-9	3.20122611E+1	3.70598500E+0	3.22260642E+1	1.15254614E-1
3.06795364E+5	3.24610324E+1	-2.27247059E-9	3.18176824E+1	4.52436658E+0	3.21377476E+1	1.41249674E-1
3.28966612E+5	3.25378125E+1	-2.52661743E-9	3.16246540E+1	5.37384816E+0	3.20779840E+1	1.68318125E-1
3.52740116E+5	3.26645021E+1	-2.75583222E-9	3.14140892E+1	6.26740926E+0	3.20331949E+1	1.96923864E-1
3.78231664E+5	3.28644241E+1	-2.95502137E-9	3.12023957E+1	7.20132508E+0	3.20226288E+1	2.26822309E-1
4.05565415E+5	3.31407357E+1	-3.12781735E-9	3.09792151E+1	8.18303912E+0	3.20417536E+1	2.58247721E-1
4.34874501E+5	3.35015918E+1	-3.27078812E-9	3.07454323E+1	9.20539201E+0	3.20939389E+1	2.90912488E-1
4.66301673E+5	3.39583126E+1	-3.39133521E-9	3.04873694E+1	1.02868777E+1	3.21760720E+1	3.25419009E-1
5.00000000E+5	3.45407449E+1	-3.48480733E-9	3.02195036E+1	1.14274035E+1	3.23079578E+1	3.61526512E-1
