Start time:20240905_05-41-34	sweep/start:500.000	sweep/stop:500000.000	sweep/samplecount:100.000	sweep/xmapping:1.000	sweep/scan:0.000	sweep/averaging/sample:10.000	sweep/settling/time:0.100	sweep/settling/inaccuracy:0.010	sweep/awgcontrol:0.000	sweep/averaging/time:0.100	sweep/averaging/tc:15.000	sweep/bandwidthcontrol:2.000	sweep/sincfilter:0.000	sweep/omegasuppression:80.000	sweep/maxbandwidth:100.000	sweep/bandwidth:1250000.000	sweep/order:8.000	sweep/bandwidthoverlap:1.000																				
Frequency	Param0		Param1		RealZ		ImagZ		AbsZ		PhaseZ		
5.00000000E+2	1.14450461E+3	6.89899536E-7	1.59997235E+2	-3.96885924E+2	4.27922370E+2	-1.18759326E+0
5.36133611E+2	1.03815239E+3	6.74871401E-7	1.58009496E+2	-3.72922110E+2	4.05015934E+2	-1.17002186E+0
5.74878498E+2	9.44150884E+2	6.59055497E-7	1.56013848E+2	-3.50656922E+2	3.83797603E+2	-1.15217597E+0
6.16423370E+2	8.60644802E+2	6.42434242E-7	1.54074928E+2	-3.29946487E+2	3.64148007E+2	-1.13392056E+0
6.60970574E+2	7.86239444E+2	6.25103880E-7	1.52189724E+2	-3.10637791E+2	3.45915528E+2	-1.11523985E+0
7.08737081E+2	7.20130038E+2	6.07062501E-7	1.50345926E+2	-2.92685340E+2	3.29041955E+2	-1.09626655E+0
7.59955541E+2	6.61563173E+2	5.88441490E-7	1.48489152E+2	-2.76017966E+2	3.13424549E+2	-1.07723674E+0
8.14875417E+2	6.09331081E+2	5.69287491E-7	1.46672459E+2	-2.60498124E+2	2.98951642E+2	-1.05799211E+0
8.73764200E+2	5.63029414E+2	5.49745017E-7	1.44827994E+2	-2.46104174E+2	2.85556325E+2	-1.03888863E+0
9.36908711E+2	5.21698194E+2	5.29923099E-7	1.42985315E+2	-2.32702321E+2	2.73121169E+2	-1.01981524E+0
1.00461650E+3	4.84988580E+2	5.09857979E-7	1.41138923E+2	-2.20296540E+2	2.61630966E+2	-1.00100302E+0
1.07721735E+3	4.52260044E+2	4.89824392E-7	1.39236556E+2	-2.08768554E+2	2.50940488E+2	-9.82603006E-1
1.15506485E+3	4.23059711E+2	4.69812511E-7	1.37322533E+2	-1.98086222E+2	2.41030351E+2	-9.64617470E-1
1.23853818E+3	3.96959087E+2	4.49960205E-7	1.35386218E+2	-1.88184376E+2	2.31824909E+2	-9.47146199E-1
1.32804389E+3	3.73605388E+2	4.30493112E-7	1.33377024E+2	-1.78999841E+2	2.23227180E+2	-9.30423363E-1
1.42401793E+3	3.52629852E+2	4.11425812E-7	1.31331007E+2	-1.70479906E+2	2.15200447E+2	-9.14391253E-1
1.52692775E+3	3.33766551E+2	3.92877808E-7	1.29231869E+2	-1.62580434E+2	2.07685517E+2	-8.99185391E-1
1.63727458E+3	3.16808264E+2	3.75015761E-7	1.27037947E+2	-1.55267609E+2	2.00615729E+2	-8.85063684E-1
1.75559587E+3	3.01391578E+2	3.57784315E-7	1.24807029E+2	-1.48455353E+2	1.93947897E+2	-8.71723806E-1
1.88246790E+3	2.87405289E+2	3.41298068E-7	1.22504279E+2	-1.42130498E+2	1.87638954E+2	-8.59426057E-1
2.01850863E+3	2.74648076E+2	3.25611097E-7	1.20123050E+2	-1.36242493E+2	1.81635801E+2	-8.48192289E-1
2.16438064E+3	2.62929114E+2	3.10704004E-7	1.17681911E+2	-1.30740078E+2	1.75903383E+2	-8.37914289E-1
2.32079442E+3	2.52136956E+2	2.96608729E-7	1.15170359E+2	-1.25596543E+2	1.70407463E+2	-8.28675185E-1
2.48851178E+3	2.42117548E+2	2.83319682E-7	1.12592381E+2	-1.20762356E+2	1.65107816E+2	-8.20394837E-1
2.66834962E+3	2.32776677E+2	2.70785355E-7	1.09966431E+2	-1.16211033E+2	1.59992563E+2	-8.13000453E-1
2.86118383E+3	2.24022656E+2	2.59015067E-7	1.07283296E+2	-1.11911496E+2	1.55028671E+2	-8.06509579E-1
3.06795364E+3	2.15737303E+2	2.47936421E-7	1.04567704E+2	-1.07818131E+2	1.50197051E+2	-8.00701319E-1
3.28966612E+3	2.07888081E+2	2.37521367E-7	1.01822833E+2	-1.03922393E+2	1.45491420E+2	-7.95602466E-1
3.52740116E+3	2.00412073E+2	2.27720956E-7	9.90612822E+1	-1.00199497E+2	1.40900947E+2	-7.91110286E-1
3.78231664E+3	1.93234532E+2	2.18504825E-7	9.62872284E+1	-9.66167010E+1	1.36403876E+2	-7.87106123E-1
4.05565415E+3	1.86314660E+2	2.09797705E-7	9.35244397E+1	-9.31566057E+1	1.32003690E+2	-7.83427777E-1
4.34874501E+3	1.79636852E+2	2.01588294E-7	9.07687952E+1	-8.98133970E+1	1.27692680E+2	-7.80107557E-1
4.66301673E+3	1.73161467E+2	1.93764397E-7	8.80614156E+1	-8.65680705E+1	1.23486209E+2	-7.76846866E-1
5.00000000E+3	1.66899588E+2	1.86341693E-7	8.53872474E+1	-8.34272993E+1	1.19377956E+2	-7.73788617E-1
5.36133611E+3	1.60774721E+2	1.79252315E-7	8.27678780E+1	-8.03521047E+1	1.15355895E+2	-7.70589452E-1
5.74878498E+3	1.54821059E+2	1.72482906E-7	8.02020460E+1	-7.73601798E+1	1.11431439E+2	-7.67363650E-1
6.16423370E+3	1.49024520E+2	1.65980370E-7	7.77060789E+1	-7.44437797E+1	1.07610925E+2	-7.63960094E-1
6.60970574E+3	1.43380543E+2	1.59704419E-7	7.52909223E+1	-7.15997921E+1	1.03900208E+2	-7.60275040E-1
7.08737081E+3	1.37883827E+2	1.53653937E-7	7.29501277E+1	-6.88252975E+1	1.00292785E+2	-7.56312256E-1
7.59955541E+3	1.32525359E+2	1.47791593E-7	7.06934449E+1	-6.61143777E+1	9.67919114E+1	-7.51939854E-1
8.14875417E+3	1.27332194E+2	1.42103886E-7	6.85214213E+1	-6.34806871E+1	9.34076167E+1	-7.47229939E-1
8.73764200E+3	1.22293568E+2	1.36559084E-7	6.64417221E+1	-6.09170976E+1	9.01409742E+1	-7.42046918E-1
9.36908711E+3	1.17401545E+2	1.31170995E-7	6.44418454E+1	-5.84193518E+1	8.69802975E+1	-7.36418690E-1
1.00461650E+4	1.12667486E+2	1.25900314E-7	6.25340329E+1	-5.59914903E+1	8.39377881E+1	-7.30254684E-1
1.07721735E+4	1.08092863E+2	1.20748059E-7	6.07124692E+1	-5.36337640E+1	8.10097808E+1	-7.23571173E-1
1.15506485E+4	1.03680230E+2	1.15703711E-7	5.89768405E+1	-5.13465153E+1	7.81967542E+1	-7.16344850E-1
1.23853818E+4	9.94317095E+1	1.10768728E-7	5.73219009E+1	-4.91305832E+1	7.54957917E+1	-7.08601386E-1
1.32804389E+4	9.53335332E+1	1.05932498E-7	5.57465509E+1	-4.69769911E+1	7.29007245E+1	-7.00234162E-1
1.42401793E+4	9.14031593E+1	1.01183073E-7	5.42534123E+1	-4.48943257E+1	7.04196937E+1	-6.91281681E-1
1.52692775E+4	8.76241739E+1	9.65329890E-8	5.28314409E+1	-4.28736533E+1	6.80390427E+1	-6.81724628E-1
1.63727458E+4	8.40150445E+1	9.19663873E-8	5.14863212E+1	-4.09241277E+1	6.57694879E+1	-6.71595482E-1
1.75559587E+4	8.05618257E+1	8.74872017E-8	5.02116597E+1	-3.90375736E+1	6.36014384E+1	-6.60845344E-1
1.88246790E+4	7.72675585E+1	8.30896335E-8	4.90078114E+1	-3.72148938E+1	6.15362814E+1	-6.49468814E-1
2.01850863E+4	7.41219996E+1	7.87845173E-8	4.78661734E+1	-3.54508938E+1	5.95645571E+1	-6.37474182E-1
2.16438064E+4	7.11407918E+1	7.45615526E-8	4.67924242E+1	-3.37538011E+1	5.76961878E+1	-6.24912785E-1
2.32079442E+4	6.83003047E+1	7.04399190E-8	4.57724364E+1	-3.21116078E+1	5.59130694E+1	-6.11764817E-1
2.48851178E+4	6.56086263E+1	6.64074708E-8	4.48121189E+1	-3.05276183E+1	5.42223343E+1	-5.98021198E-1
2.66834962E+4	6.30615874E+1	6.24702972E-8	4.39075179E+1	-2.90001307E+1	5.26201269E+1	-5.83708764E-1
2.86118383E+4	6.06556293E+1	5.86309408E-8	4.30566504E+1	-2.75273144E+1	5.11040919E+1	-5.68836185E-1
3.06795364E+4	5.83873168E+1	5.48930459E-8	4.22574087E+1	-2.61076251E+1	4.96718905E+1	-5.53422116E-1
3.28966612E+4	5.62478051E+1	5.12691573E-8	4.15023146E+1	-2.47380673E+1	4.83157748E+1	-5.37520919E-1
3.52740116E+4	5.42399130E+1	4.77578357E-8	4.07939374E+1	-2.34203815E+1	4.70389160E+1	-5.21168374E-1
3.78231664E+4	5.23523081E+1	4.43650355E-8	4.01268764E+1	-2.21487782E+1	4.58337713E+1	-5.04353399E-1
4.05565415E+4	5.05844637E+1	4.10944793E-8	3.95006928E+1	-2.09240680E+1	4.47003507E+1	-4.87135234E-1
4.34874501E+4	4.89308003E+1	3.79453884E-8	3.89149698E+1	-1.97424854E+1	4.36364597E+1	-4.69489368E-1
4.66301673E+4	4.73849459E+1	3.49286347E-8	3.83638403E+1	-1.86033395E+1	4.26364690E+1	-4.51509856E-1
5.00000000E+4	4.59447541E+1	3.20469502E-8	3.78468171E+1	-1.75066023E+1	4.16996727E+1	-4.33253482E-1
5.36133611E+4	4.45978010E+1	2.92984901E-8	3.73596728E+1	-1.64442720E+1	4.08186140E+1	-4.14641776E-1
5.74878498E+4	4.33480867E+1	2.66861914E-8	3.69047957E+1	-1.54203868E+1	3.99969034E+1	-3.95792472E-1
6.16423370E+4	4.21845984E+1	2.42152806E-8	3.64750621E+1	-1.44310665E+1	3.92260863E+1	-3.76743841E-1
6.60970574E+4	4.11045074E+1	2.18784963E-8	3.60727765E+1	-1.34725088E+1	3.85065411E+1	-3.57438577E-1
7.08737081E+4	4.01038726E+1	1.96776538E-8	3.56956400E+1	-1.25441092E+1	3.78356102E+1	-3.37937979E-1
7.59955541E+4	3.91791201E+1	1.76121171E-8	3.53423638E+1	-1.16447423E+1	3.72113251E+1	-3.18282137E-1
8.14875417E+4	3.83215821E+1	1.56794015E-8	3.50082954E+1	-1.07699817E+1	3.66274933E+1	-2.98451920E-1
8.73764200E+4	3.75269576E+1	1.38731381E-8	3.46928014E+1	-9.91588666E+0	3.60820632E+1	-2.78397127E-1
9.36908711E+4	3.67980809E+1	1.21919125E-8	3.43987454E+1	-9.08482912E+0	3.55781930E+1	-2.58207869E-1
1.00461650E+5	3.61255293E+1	1.06309774E-8	3.41203697E+1	-8.27144373E+0	3.51086374E+1	-2.37831469E-1
1.07721735E+5	3.55057562E+1	9.18796549E-9	3.38552080E+1	-7.47526882E+0	3.46706614E+1	-2.17314339E-1
1.15506485E+5	3.49388827E+1	7.85220058E-9	3.36065955E+1	-6.69130996E+0	3.42662647E+1	-1.96536804E-1
1.23853818E+5	3.44194521E+1	6.62103688E-9	3.33699248E+1	-5.91799296E+0	3.38906259E+1	-1.75520183E-1
1.32804389E+5	3.39488110E+1	5.48845324E-9	3.31475220E+1	-5.15368500E+0	3.35457740E+1	-1.54242291E-1
1.42401793E+5	3.35186994E+1	4.45413704E-9	3.29310771E+1	-4.39898014E+0	3.32235892E+1	-1.32795279E-1
1.52692775E+5	3.31330500E+1	3.50363989E-9	3.27271059E+1	-3.64491024E+0	3.29294524E+1	-1.10915736E-1
1.63727458E+5	3.27874503E+1	2.63627362E-9	3.25302409E+1	-2.89258936E+0	3.26585924E+1	-8.86867603E-2
1.75559587E+5	3.24840600E+1	1.84262624E-9	3.23430642E+1	-2.13546845E+0	3.24134854E+1	-6.59298501E-2
1.88246790E+5	3.22277093E+1	1.12884375E-9	3.21640065E+1	-1.38362599E+0	3.21958382E+1	-4.29945383E-2
2.01850863E+5	3.19974329E+1	4.68675834E-10	3.19858622E+1	-6.08353665E-1	3.19916470E+1	-1.90171644E-2
2.16438064E+5	3.18144560E+1	-1.20171781E-10	3.18135957E+1	1.65406703E-1	3.18140258E+1	5.19919987E-3
2.32079442E+5	3.16749260E+1	-6.54941176E-10	3.16459662E+1	9.57310069E-1	3.16604428E+1	3.02414027E-2
2.48851178E+5	3.15781081E+1	-1.13474027E-9	3.14792910E+1	1.76370943E+0	3.15286608E+1	5.59690971E-2
2.66834962E+5	3.15267468E+1	-1.56519850E-9	3.13124258E+1	2.59052492E+0	3.14194036E+1	8.25435588E-2
2.86118383E+5	3.15237966E+1	-1.94926687E-9	3.11437452E+1	3.44037894E+0	3.13331947E+1	1.10021645E-1
3.06795364E+5	3.15741285E+1	-2.28902104E-9	3.09729513E+1	4.31511524E+0	3.12720953E+1	1.38427800E-1
3.28966612E+5	3.16847768E+1	-2.58826068E-9	3.07998032E+1	5.22081577E+0	3.12391563E+1	1.67912006E-1
3.52740116E+5	3.18589149E+1	-2.85093590E-9	3.06181606E+1	6.16356837E+0	3.12323770E+1	1.98649413E-1
3.78231664E+5	3.21106258E+1	-3.07463359E-9	3.04351585E+1	7.14094085E+0	3.12616695E+1	2.30459410E-1
4.05565415E+5	3.24411467E+1	-3.26363175E-9	3.02399565E+1	8.15866734E+0	3.13212207E+1	2.63523178E-1
4.34874501E+5	3.28564303E+1	-3.42075467E-9	3.00247055E+1	9.22072001E+0	3.14086715E+1	2.97961812E-1
4.66301673E+5	3.33799666E+1	-3.54665145E-9	2.97952854E+1	1.03347210E+1	3.15367344E+1	3.33872613E-1
5.00000000E+5	3.40352658E+1	-3.64193059E-9	2.95536656E+1	1.15085867E+1	3.17154039E+1	3.71346622E-1
