Start time:20240907_23-30-01	sweep/start:500.000	sweep/stop:500000.000	sweep/samplecount:100.000	sweep/xmapping:1.000	sweep/scan:0.000	sweep/averaging/sample:10.000	sweep/settling/time:0.100	sweep/settling/inaccuracy:0.010	sweep/awgcontrol:0.000	sweep/averaging/time:0.100	sweep/averaging/tc:15.000	sweep/bandwidthcontrol:2.000	sweep/sincfilter:0.000	sweep/omegasuppression:80.000	sweep/maxbandwidth:100.000	sweep/bandwidth:1250000.000	sweep/order:8.000	sweep/bandwidthoverlap:1.000																				
Frequency	Param0		Param1		RealZ		ImagZ		AbsZ		PhaseZ		
5.00000000E+2	1.28483989E+3	8.56556464E-7	9.91859207E+1	-3.42927940E+2	3.56983846E+2	-1.28924685E+0
5.36133611E+2	1.15621975E+3	8.44941160E-7	9.77341997E+1	-3.21636272E+2	3.36157544E+2	-1.27579678E+0
5.74878498E+2	1.04199674E+3	8.32467890E-7	9.63295821E+1	-3.01820255E+2	3.16819946E+2	-1.26185363E+0
6.16423370E+2	9.40385196E+2	8.19182778E-7	9.49686628E+1	-2.83351238E+2	2.98842746E+2	-1.24740050E+0
6.60970574E+2	8.49578883E+2	8.04944863E-7	9.37095361E+1	-2.66142793E+2	2.82158613E+2	-1.23224963E+0
7.08737081E+2	7.69282101E+2	7.90154113E-7	9.23844505E+1	-2.50069308E+2	2.66588755E+2	-1.21691313E+0
7.59955541E+2	6.97723799E+2	7.74675072E-7	9.10743517E+1	-2.35053409E+2	2.52080653E+2	-1.20114484E+0
8.14875417E+2	6.34313751E+2	7.58401691E-7	8.97616454E+1	-2.21087820E+2	2.38614725E+2	-1.18512827E+0
8.73764200E+2	5.78037111E+2	7.41320521E-7	8.84604641E+1	-2.08106096E+2	2.26126968E+2	-1.16886309E+0
9.36908711E+2	5.27735397E+2	7.23753925E-7	8.71490721E+1	-1.95950574E+2	2.14456519E+2	-1.15231658E+0
1.00461650E+3	4.82771268E+2	7.05518465E-7	8.58669521E+1	-1.84610249E+2	2.03602753E+2	-1.13543537E+0
1.07721735E+3	4.42866363E+2	6.87046838E-7	8.44978228E+1	-1.74015372E+2	1.93445688E+2	-1.11875374E+0
1.15506485E+3	4.07029799E+2	6.67948545E-7	8.31821209E+1	-1.64128998E+2	1.84004334E+2	-1.10171603E+0
1.23853818E+3	3.75067683E+2	6.48528001E-7	8.18376669E+1	-1.54910458E+2	1.75198904E+2	-1.08477359E+0
1.32804389E+3	3.46334493E+2	6.28801528E-7	8.05017539E+1	-1.46287359E+2	1.66974627E+2	-1.06772377E+0
1.42401793E+3	3.20711488E+2	6.08922593E-7	7.91270744E+1	-1.38260124E+2	1.59301467E+2	-1.05098914E+0
1.52692775E+3	2.97566645E+2	5.88887029E-7	7.77673301E+1	-1.30740964E+2	1.52121527E+2	-1.03419440E+0
1.63727458E+3	2.76626279E+2	5.68854904E-7	7.64044703E+1	-1.23684426E+2	1.45380471E+2	-1.01743677E+0
1.75559587E+3	2.57670435E+2	5.48837650E-7	7.50466830E+1	-1.17069654E+2	1.39058654E+2	-1.00074356E+0
1.88246790E+3	2.40578061E+2	5.28947110E-7	7.36741462E+1	-1.10889594E+2	1.33132950E+2	-9.84370230E-1
2.01850863E+3	2.25016147E+2	5.09251878E-7	7.23037397E+1	-1.05079380E+2	1.27551980E+2	-9.68110597E-1
2.16438064E+3	2.10879635E+2	4.89779021E-7	7.09348954E+1	-9.96341497E+1	1.22305861E+2	-9.52092757E-1
2.32079442E+3	1.97929478E+2	4.70498833E-7	6.95943983E+1	-9.45060935E+1	1.17366019E+2	-9.36055431E-1
2.48851178E+3	1.86104916E+2	4.51615138E-7	6.82453461E+1	-8.96848166E+1	1.12697799E+2	-9.20326185E-1
2.66834962E+3	1.75245989E+2	4.33024356E-7	6.69210215E+1	-8.51423318E+1	1.08294229E+2	-9.04656640E-1
2.86118383E+3	1.65245205E+2	4.14879201E-7	6.56000224E+1	-8.08500161E+1	1.04115746E+2	-8.89155254E-1
3.06795364E+3	1.56071155E+2	3.97052688E-7	6.43083867E+1	-7.68187145E+1	1.00183251E+2	-8.73812875E-1
3.28966612E+3	1.47583555E+2	3.79643580E-7	6.30377452E+1	-7.30039513E+1	9.64537938E+1	-8.58525998E-1
3.52740116E+3	1.39736726E+2	3.62673585E-7	6.17866087E+1	-6.93993733E+1	9.29185569E+1	-8.43363472E-1
3.78231664E+3	1.32467491E+2	3.46139114E-7	6.05594545E+1	-6.59902353E+1	8.95665050E+1	-8.28286068E-1
4.05565415E+3	1.25710982E+2	3.30017091E-7	5.93637942E+1	-6.27584293E+1	8.63868084E+1	-8.13188037E-1
4.34874501E+3	1.19450331E+2	3.14299611E-7	5.82024347E+1	-5.97057491E+1	8.33804531E+1	-7.98147346E-1
4.66301673E+3	1.13618244E+2	2.99036160E-7	5.70683001E+1	-5.68085297E+1	8.05232885E+1	-7.83117015E-1
5.00000000E+3	1.08205385E+2	2.84227430E-7	5.59625357E+1	-5.40707152E+1	7.78167572E+1	-7.68206685E-1
5.36133611E+3	1.03151015E+2	2.69866188E-7	5.48872478E+1	-5.14690695E+1	7.52441042E+1	-7.53270298E-1
5.74878498E+3	9.84389067E+1	2.55962870E-7	5.38411115E+1	-4.90019873E+1	7.28015117E+1	-7.38379376E-1
6.16423370E+3	9.40369401E+1	2.42482899E-7	5.28306723E+1	-4.66578470E+1	7.04842869E+1	-7.23431998E-1
6.60970574E+3	8.99351533E+1	2.29448057E-7	5.18527923E+1	-4.44373343E+1	6.82890093E+1	-7.08538256E-1
7.08737081E+3	8.60911310E+1	2.16861430E-7	5.09049792E+1	-4.23219832E+1	6.62002055E+1	-6.93591370E-1
7.59955541E+3	8.24995036E+1	2.04746116E-7	4.99835172E+1	-4.03145544E+1	6.42153823E+1	-6.78726330E-1
8.14875417E+3	7.91406892E+1	1.93057351E-7	4.90963041E+1	-3.84066161E+1	6.23339017E+1	-6.63836720E-1
8.73764200E+3	7.59876116E+1	1.81809407E-7	4.82380442E+1	-3.65866751E+1	6.05433212E+1	-6.48894193E-1
9.36908711E+3	7.30354081E+1	1.71020825E-7	4.74054659E+1	-3.48568401E+1	5.88411211E+1	-6.34021076E-1
1.00461650E+4	7.02707963E+1	1.60660161E-7	4.66036305E+1	-3.32110793E+1	5.72265166E+1	-6.19151339E-1
1.07721735E+4	6.76822235E+1	1.50724104E-7	4.58322041E+1	-3.16454497E+1	5.56958299E+1	-6.04296702E-1
1.15506485E+4	6.52435432E+1	1.41220272E-7	4.50845325E+1	-3.01472971E+1	5.42353633E+1	-5.89397792E-1
1.23853818E+4	6.29562240E+1	1.32138263E-7	4.43636249E+1	-2.87199418E+1	5.28485221E+1	-5.74528299E-1
1.32804389E+4	6.08012324E+1	1.23471186E-7	4.36661694E+1	-2.73536565E+1	5.15262739E+1	-5.59624632E-1
1.42401793E+4	5.87853703E+1	1.15195402E-7	4.29996502E+1	-2.60534145E+1	5.02767377E+1	-5.44745193E-1
1.52692775E+4	5.68805273E+1	1.07322634E-7	4.23530224E+1	-2.48049120E+1	4.90821987E+1	-5.29816401E-1
1.63727458E+4	5.50898716E+1	9.98349368E-8	4.17309903E+1	-2.36109995E+1	4.79474179E+1	-5.14885587E-1
1.75559587E+4	5.34062613E+1	9.27174109E-8	4.11341713E+1	-2.24678039E+1	4.68702709E+1	-4.99927053E-1
1.88246790E+4	5.18242444E+1	8.59556423E-8	4.05635411E+1	-2.13722707E+1	4.58494805E+1	-4.84922587E-1
2.01850863E+4	5.03284615E+1	7.95541888E-8	4.00113599E+1	-2.03175104E+1	4.48743822E+1	-4.69862990E-1
2.16438064E+4	4.89287896E+1	7.34858780E-8	3.94876390E+1	-1.93082551E+1	4.39554590E+1	-4.54784417E-1
2.32079442E+4	4.76056564E+1	6.77559205E-8	3.89817170E+1	-1.83351009E+1	4.30784194E+1	-4.39648578E-1
2.48851178E+4	4.63628772E+1	6.23478810E-8	3.84984575E+1	-1.74002289E+1	4.22480679E+1	-4.24492717E-1
2.66834962E+4	4.51943500E+1	5.72627846E-8	3.80340530E+1	-1.65025783E+1	4.14599119E+1	-4.09376023E-1
2.86118383E+4	4.40952794E+1	5.24581869E-8	3.75942332E+1	-1.56333564E+1	4.07152087E+1	-3.94090401E-1
3.06795364E+4	4.30660215E+1	4.79550311E-8	3.71743488E+1	-1.47992925E+1	4.00118895E+1	-3.78871650E-1
3.28966612E+4	4.20966039E+1	4.37343610E-8	3.67716460E+1	-1.39931214E+1	3.93441408E+1	-3.63619721E-1
3.52740116E+4	4.11897514E+1	3.97723233E-8	3.63922154E+1	-1.32133624E+1	3.87167444E+1	-3.48281393E-1
3.78231664E+4	4.03393988E+1	3.60774514E-8	3.60295244E+1	-1.24612484E+1	3.81236063E+1	-3.32983783E-1
4.05565415E+4	3.95442356E+1	3.26314155E-8	3.56857682E+1	-1.17342386E+1	3.75654951E+1	-3.17684194E-1
4.34874501E+4	3.87999513E+1	2.94215411E-8	3.53597052E+1	-1.10293279E+1	3.70399088E+1	-3.02354541E-1
4.66301673E+4	3.81037729E+1	2.64434966E-8	3.50492319E+1	-1.03469467E+1	3.65446025E+1	-2.87058175E-1
5.00000000E+4	3.74535912E+1	2.36831003E-8	3.47547461E+1	-9.68491922E+0	3.60789419E+1	-2.71770008E-1
5.36133611E+4	3.68478400E+1	2.11260521E-8	3.44770311E+1	-9.04093108E+0	3.56427289E+1	-2.56456235E-1
5.74878498E+4	3.62806485E+1	1.87683562E-8	3.42110735E+1	-8.41441462E+0	3.52306675E+1	-2.41168824E-1
6.16423370E+4	3.57536804E+1	1.65911199E-8	3.39610449E+1	-7.80254838E+0	3.48458369E+1	-2.25830886E-1
6.60970574E+4	3.52621344E+1	1.45936944E-8	3.37219103E+1	-7.20689184E+0	3.44834241E+1	-2.10548001E-1
7.08737081E+4	3.48053331E+1	1.27586937E-8	3.34954865E+1	-6.62374060E+0	3.41441293E+1	-1.95231400E-1
7.59955541E+4	3.43796559E+1	1.10727827E-8	3.32800507E+1	-6.04937254E+0	3.38253853E+1	-1.79808539E-1
8.14875417E+4	3.39850888E+1	9.53334769E-9	3.30749468E+1	-5.48660984E+0	3.35269295E+1	-1.64387225E-1
8.73764200E+4	3.36183752E+1	8.12721495E-9	3.28786018E+1	-4.93180526E+0	3.32464310E+1	-1.48890393E-1
9.36908711E+4	3.32789716E+1	6.84187717E-9	3.26916423E+1	-4.38186562E+0	3.29839997E+1	-1.33242121E-1
1.00461650E+5	3.29670930E+1	5.66848945E-9	3.25146787E+1	-3.83537333E+0	3.27401044E+1	-1.17415636E-1
1.07721735E+5	3.26763373E+1	4.60578267E-9	3.23407613E+1	-3.29435384E+0	3.25081163E+1	-1.01513688E-1
1.15506485E+5	3.24127704E+1	3.63578925E-9	3.21773991E+1	-2.75202278E+0	3.22948703E+1	-8.53189503E-2
1.23853818E+5	3.21719680E+1	2.75272880E-9	3.20198846E+1	-2.20673457E+0	3.20958362E+1	-6.88088273E-2
1.32804389E+5	3.19553516E+1	1.95505187E-9	3.18687355E+1	-1.66134197E+0	3.19120141E+1	-5.20836226E-2
1.42401793E+5	3.17572218E+1	1.23088015E-9	3.17184226E+1	-1.10934118E+0	3.17378163E+1	-3.49604157E-2
1.52692775E+5	3.15831347E+1	5.73567422E-10	3.15735975E+1	-5.48734281E-1	3.15783657E+1	-1.73777811E-2
1.63727458E+5	3.14340060E+1	-2.08216397E-11	3.14339914E+1	2.11649471E-2	3.14339987E+1	6.73312663E-4
1.75559587E+5	3.13074075E+1	-5.55914137E-10	3.12958722E+1	6.00822586E-1	3.13016393E+1	1.91957845E-2
1.88246790E+5	3.12283452E+1	-1.04757126E-9	3.11738869E+1	1.20611276E+0	3.12010983E+1	3.86675577E-2
2.01850863E+5	3.11345476E+1	-1.47686362E-9	3.10290222E+1	1.80951229E+0	3.10817401E+1	5.82507924E-2
2.16438064E+5	3.10869486E+1	-1.86810039E-9	3.08942571E+1	2.43988638E+0	3.09904531E+1	7.88118175E-2
2.32079442E+5	3.10718737E+1	-2.21862386E-9	3.07610337E+1	3.09220736E+0	3.09160630E+1	1.00186958E-1
2.48851178E+5	3.10902281E+1	-2.53090538E-9	3.06266334E+1	3.76806716E+0	3.08575601E+1	1.22417164E-1
2.66834962E+5	3.11431946E+1	-2.80867686E-9	3.04875043E+1	4.47104601E+0	3.08136054E+1	1.45613818E-1
2.86118383E+5	3.12413405E+1	-3.05415329E-9	3.03483883E+1	5.20573028E+0	3.07916276E+1	1.69879099E-1
3.06795364E+5	3.13857298E+1	-3.26726512E-9	3.02054733E+1	5.97077784E+0	3.07899468E+1	1.95156146E-1
3.28966612E+5	3.15834044E+1	-3.45291029E-9	3.00562354E+1	6.77501788E+0	3.08103592E+1	2.21705974E-1
3.52740116E+5	3.18355314E+1	-3.60947694E-9	2.98964226E+1	7.61395637E+0	3.08507454E+1	2.49376436E-1
3.78231664E+5	3.21625007E+1	-3.74263182E-9	2.97296279E+1	8.50460151E+0	3.09221468E+1	2.78623756E-1
4.05565415E+5	3.25652300E+1	-3.84533978E-9	2.95556843E+1	9.43128036E+0	3.10239850E+1	3.08888213E-1
4.34874501E+5	3.30569471E+1	-3.92872973E-9	2.93597688E+1	1.04186466E+1	3.11535602E+1	3.40999046E-1
4.66301673E+5	3.36534679E+1	-3.98770191E-9	2.91473907E+1	1.14603799E+1	3.13194950E+1	3.74619477E-1
NaN	NaN	NaN	NaN	NaN	NaN	NaN
