Start time:20240907_08-06-12	sweep/start:500.000	sweep/stop:500000.000	sweep/samplecount:100.000	sweep/xmapping:1.000	sweep/scan:0.000	sweep/averaging/sample:10.000	sweep/settling/time:0.100	sweep/settling/inaccuracy:0.010	sweep/awgcontrol:0.000	sweep/averaging/time:0.100	sweep/averaging/tc:15.000	sweep/bandwidthcontrol:2.000	sweep/sincfilter:0.000	sweep/omegasuppression:80.000	sweep/maxbandwidth:100.000	sweep/bandwidth:1250000.000	sweep/order:8.000	sweep/bandwidthoverlap:1.000																				
Frequency	Param0		Param1		RealZ		ImagZ		AbsZ		PhaseZ		
5.00000000E+2	1.17139650E+3	8.12627344E-7	1.17809432E+2	-3.52310185E+2	3.71485574E+2	-1.24809398E+0
5.36133611E+2	1.05943402E+3	7.98662556E-7	1.16112632E+2	-3.30955436E+2	3.50733014E+2	-1.23337276E+0
5.74878498E+2	9.59877818E+2	7.83944570E-7	1.14437532E+2	-3.11046767E+2	3.31430296E+2	-1.21825509E+0
6.16423370E+2	8.71493904E+2	7.68430601E-7	1.12777755E+2	-2.92517160E+2	3.13504566E+2	-1.20281523E+0
6.60970574E+2	7.92930126E+2	7.52228503E-7	1.11115132E+2	-2.75245249E+2	2.96827428E+2	-1.18710866E+0
7.08737081E+2	7.22875547E+2	7.35392841E-7	1.09460743E+2	-2.59123188E+2	2.81294300E+2	-1.17110668E+0
7.59955541E+2	6.60529419E+2	7.17948770E-7	1.07797195E+2	-2.44096247E+2	2.66839304E+2	-1.15493504E+0
8.14875417E+2	6.05071117E+2	6.99882966E-7	1.06131070E+2	-2.30115260E+2	2.53410415E+2	-1.13866076E+0
8.73764200E+2	5.55534138E+2	6.81410301E-7	1.04442582E+2	-2.17055666E+2	2.40876350E+2	-1.12231874E+0
9.36908711E+2	5.11291222E+2	6.62477191E-7	1.02754018E+2	-2.04887371E+2	2.29210000E+2	-1.10593773E+0
1.00461650E+3	4.71713085E+2	6.43267249E-7	1.01039754E+2	-1.93527101E+2	2.18315761E+2	-1.08962846E+0
1.07721735E+3	4.36284178E+2	6.23778736E-7	9.93165682E+1	-1.82938415E+2	2.08159182E+2	-1.07342345E+0
1.15506485E+3	4.04408844E+2	6.04160703E-7	9.75828433E+1	-1.73034540E+2	1.98653879E+2	-1.05730600E+0
1.23853818E+3	3.75804552E+2	5.84504612E-7	9.58199054E+1	-1.63792859E+2	1.89761839E+2	-1.04147433E+0
1.32804389E+3	3.49973569E+2	5.64854522E-7	9.40536723E+1	-1.55145755E+2	1.81428495E+2	-1.02581013E+0
1.42401793E+3	3.26613039E+2	5.45345169E-7	9.22686152E+1	-1.47046369E+2	1.73597616E+2	-1.01041583E+0
1.52692775E+3	3.05463731E+2	5.25991023E-7	9.04771149E+1	-1.39468161E+2	1.66245230E+2	-9.95314745E-1
1.63727458E+3	2.86251966E+2	5.06936585E-7	8.86648701E+1	-1.32359485E+2	1.59312563E+2	-9.80572938E-1
1.75559587E+3	2.68732686E+2	4.88144510E-7	8.68601383E+1	-1.25688003E+2	1.52781406E+2	-9.66083822E-1
1.88246790E+3	2.52699556E+2	4.69682542E-7	8.50623955E+1	-1.19413642E+2	1.46612514E+2	-9.51840395E-1
2.01850863E+3	2.38028285E+2	4.51643630E-7	8.32569702E+1	-1.13515596E+2	1.40774691E+2	-9.37977605E-1
2.16438064E+3	2.24528252E+2	4.34001525E-7	8.14656587E+1	-1.07956881E+2	1.35245487E+2	-9.24349468E-1
2.32079442E+3	2.12066047E+2	4.16793662E-7	7.96886268E+1	-1.02708201E+2	1.29997123E+2	-9.10940429E-1
2.48851178E+3	2.00558556E+2	4.00054574E-7	7.79219835E+1	-9.77552288E+1	1.25011681E+2	-8.97818108E-1
2.66834962E+3	1.89889178E+2	3.83716546E-7	7.61892302E+1	-9.30736879E+1	1.20280964E+2	-8.84822102E-1
2.86118383E+3	1.79992462E+2	3.67859301E-7	7.44740397E+1	-8.86475207E+1	1.15778951E+2	-8.72069558E-1
3.06795364E+3	1.70751240E+2	3.52431445E-7	7.27946351E+1	-8.44435618E+1	1.11488897E+2	-8.59347656E-1
3.28966612E+3	1.62148446E+2	3.37440544E-7	7.11477550E+1	-8.04642447E+1	1.07408090E+2	-8.46770546E-1
3.52740116E+3	1.54107641E+2	3.22894936E-7	6.95337857E+1	-7.66859848E+1	1.03516606E+2	-8.34273245E-1
3.78231664E+3	1.46588939E+2	3.08769400E-7	6.79585419E+1	-7.30999795E+1	9.98096712E+1	-8.21831003E-1
4.05565415E+3	1.39545489E+2	2.95061130E-7	6.64226240E+1	-6.96922695E+1	9.62755289E+1	-8.09414763E-1
4.34874501E+3	1.32943434E+2	2.81763643E-7	6.49267862E+1	-6.64537605E+1	9.29063501E+1	-7.97020170E-1
4.66301673E+3	1.26742491E+2	2.68829246E-7	6.34813266E+1	-6.33711494E+1	8.96982800E+1	-7.84529619E-1
5.00000000E+3	1.20926181E+2	2.56288901E-7	6.20776736E+1	-6.04415284E+1	8.66418833E+1	-7.72044763E-1
5.36133611E+3	1.15456077E+2	2.44128895E-7	6.07176227E+1	-5.76505748E+1	8.37270477E+1	-7.59492880E-1
5.74878498E+3	1.10311254E+2	2.32348116E-7	5.93998440E+1	-5.49920884E+1	8.09473364E+1	-7.46885167E-1
6.16423370E+3	1.05477352E+2	2.20933284E-7	5.81261974E+1	-5.24627724E+1	7.83006854E+1	-7.34231380E-1
6.60970574E+3	1.00922596E+2	2.09891081E-7	5.68928333E+1	-5.00497545E+1	7.57744841E+1	-7.21496944E-1
7.08737081E+3	9.66443012E+1	1.99175365E-7	5.57100233E+1	-4.77540527E+1	7.33761287E+1	-7.08653219E-1
7.59955541E+3	9.26038985E+1	1.88846342E-7	5.45599406E+1	-4.55595878E+1	7.10806808E+1	-6.95743079E-1
8.14875417E+3	8.88014276E+1	1.78851214E-7	5.34545759E+1	-4.34678148E+1	6.88973340E+1	-6.82721772E-1
8.73764200E+3	8.52204915E+1	1.69211401E-7	5.23869071E+1	-4.14734844E+1	6.68164498E+1	-6.69645005E-1
9.36908711E+3	8.18428070E+1	1.59908082E-7	5.13588453E+1	-3.95679296E+1	6.48332635E+1	-6.56442920E-1
1.00461650E+4	7.86580076E+1	1.50942131E-7	5.03684658E+1	-3.77478582E+1	6.29434918E+1	-6.43138992E-1
1.07721735E+4	7.56589351E+1	1.42300686E-7	4.94177351E+1	-3.60108406E+1	6.11464897E+1	-6.29730977E-1
1.15506485E+4	7.28231433E+1	1.33999380E-7	4.84985477E+1	-3.43468709E+1	5.94290895E+1	-6.16210883E-1
1.23853818E+4	7.01508473E+1	1.26005409E-7	4.76187806E+1	-3.27559080E+1	5.77970397E+1	-6.02543931E-1
1.32804389E+4	6.76239509E+1	1.18342362E-7	4.67685000E+1	-3.12310445E+1	5.62376275E+1	-5.88772615E-1
1.42401793E+4	6.52386601E+1	1.10983190E-7	4.59531722E+1	-2.97696041E+1	5.47532956E+1	-5.74844553E-1
1.52692775E+4	6.29842354E+1	1.03923349E-7	4.51708936E+1	-2.83662567E+1	5.33390493E+1	-5.60736809E-1
1.63727458E+4	6.08659108E+1	9.71608878E-8	4.44240177E+1	-2.70261889E+1	5.19991181E+1	-5.46550363E-1
1.75559587E+4	5.88601975E+1	9.06982489E-8	4.37044918E+1	-2.57365959E+1	5.07193751E+1	-5.32201117E-1
1.88246790E+4	5.69701540E+1	8.45198199E-8	4.30171323E+1	-2.44993664E+1	4.95044710E+1	-5.17710538E-1
2.01850863E+4	5.51899489E+1	7.86166244E-8	4.23622499E+1	-2.33111594E+1	4.83525635E+1	-5.03059254E-1
2.16438064E+4	5.35093102E+1	7.29930801E-8	4.17347027E+1	-2.21677632E+1	4.72566942E+1	-4.88262982E-1
2.32079442E+4	5.19292977E+1	6.76461628E-8	4.11357592E+1	-2.10713162E+1	4.62185145E+1	-4.73390340E-1
2.48851178E+4	5.04376204E+1	6.25577649E-8	4.05644545E+1	-2.00124844E+1	4.52324501E+1	-4.58313684E-1
2.66834962E+4	4.90336421E+1	5.77266911E-8	4.00206160E+1	-1.89922834E+1	4.42984938E+1	-4.43091311E-1
2.86118383E+4	4.77191361E+1	5.31584244E-8	3.95038913E+1	-1.80148301E+1	4.34176411E+1	-4.27854438E-1
3.06795364E+4	4.64801672E+1	4.88328710E-8	3.90119800E+1	-1.70689411E+1	4.25826649E+1	-4.12436258E-1
3.28966612E+4	4.53227870E+1	4.47537789E-8	3.85471741E+1	-1.61610865E+1	4.17979109E+1	-3.96994336E-1
3.52740116E+4	4.42327938E+1	4.09108073E-8	3.81036370E+1	-1.52821188E+1	4.10539927E+1	-3.81426033E-1
3.78231664E+4	4.32117154E+1	3.73002682E-8	3.76827371E+1	-1.44342311E+1	4.03526419E+1	-3.65806187E-1
4.05565415E+4	4.22563874E+1	3.39171591E-8	3.72833656E+1	-1.36165701E+1	3.96920690E+1	-3.50167540E-1
4.34874501E+4	4.13650150E+1	3.07522594E-8	3.69063103E+1	-1.28278730E+1	3.90721138E+1	-3.34516754E-1
4.66301673E+4	4.05304862E+1	2.77996497E-8	3.65476252E+1	-1.20649948E+1	3.84875696E+1	-3.18853127E-1
5.00000000E+4	3.97499904E+1	2.50496435E-8	3.62070037E+1	-1.13261167E+1	3.79371592E+1	-3.03172393E-1
5.36133611E+4	3.90222583E+1	2.24900295E-8	3.58858413E+1	-1.06090978E+1	3.74212048E+1	-2.87447083E-1
5.74878498E+4	3.83415364E+1	2.01215950E-8	3.55786372E+1	-9.91464465E+0	3.69342607E+1	-2.71773556E-1
6.16423370E+4	3.77079773E+1	1.79256906E-8	3.52892928E+1	-9.23870401E+0	3.64785944E+1	-2.56052471E-1
6.60970574E+4	3.71153562E+1	1.58996624E-8	3.50124057E+1	-8.58075450E+0	3.60485493E+1	-2.40340428E-1
7.08737081E+4	3.65626079E+1	1.40303877E-8	3.47492273E+1	-7.93810830E+0	3.56443877E+1	-2.24586117E-1
7.59955541E+4	3.60490068E+1	1.23143827E-8	3.44989284E+1	-7.31273113E+0	3.52654520E+1	-2.08878051E-1
8.14875417E+4	3.55684797E+1	1.07347943E-8	3.42591852E+1	-6.69741393E+0	3.49076945E+1	-1.93057697E-1
8.73764200E+4	3.51239054E+1	9.28380473E-9	3.40331969E+1	-6.09264195E+0	3.45742504E+1	-1.77144073E-1
9.36908711E+4	3.47065724E+1	7.95831826E-9	3.38126503E+1	-5.49780579E+0	3.42566957E+1	-1.61185549E-1
1.00461650E+5	3.43234066E+1	6.74257412E-9	3.36062521E+1	-4.90926370E+0	3.39629365E+1	-1.45055839E-1
1.07721735E+5	3.39627174E+1	5.63217346E-9	3.34028225E+1	-4.32458883E+0	3.36816066E+1	-1.28751581E-1
1.15506485E+5	3.36317273E+1	4.61714579E-9	3.32099469E+1	-3.74263236E+0	3.34201717E+1	-1.12222634E-1
1.23853818E+5	3.33272702E+1	3.68896499E-9	3.30249757E+1	-3.15962876E+0	3.31757786E+1	-9.53835905E-2
1.32804389E+5	3.30453129E+1	2.84424620E-9	3.28432880E+1	-2.57582342E+0	3.29441455E+1	-7.82674676E-2
1.42401793E+5	3.27910575E+1	2.07756526E-9	3.26696748E+1	-1.99136207E+0	3.27303099E+1	-6.08791275E-2
1.52692775E+5	3.25602411E+1	1.37851218E-9	3.24999743E+1	-1.39952160E+0	3.25300937E+1	-4.30356484E-2
1.63727458E+5	3.23550085E+1	7.41764062E-10	3.23352979E+1	-7.98335537E-1	3.23451517E+1	-2.46842777E-2
1.75559587E+5	3.21737871E+1	1.64847550E-10	3.21726858E+1	-1.88224397E-1	3.21732364E+1	-5.85037752E-3
1.88246790E+5	3.20134964E+1	-3.33682392E-10	3.20018595E+1	4.03437224E-1	3.20076769E+1	1.26187712E-2
2.01850863E+5	3.18935623E+1	-8.33748614E-10	3.18573288E+1	1.07438031E+0	3.18754404E+1	3.37119666E-2
2.16438064E+5	3.17964967E+1	-1.26303493E-9	3.17019377E+1	1.73138615E+0	3.17491820E+1	5.45603184E-2
2.32079442E+5	3.17292258E+1	-1.64917280E-9	3.15455618E+1	2.40702397E+0	3.16372605E+1	7.61555285E-2
2.48851178E+5	3.16992918E+1	-1.99819092E-9	3.13913821E+1	3.10897011E+0	3.15449613E+1	9.87170455E-2
2.66834962E+5	3.17014014E+1	-2.30940080E-9	3.12308708E+1	3.83340019E+0	3.14652565E+1	1.22133068E-1
2.86118383E+5	3.17493296E+1	-2.58796705E-9	3.10713776E+1	4.58964869E+0	3.14085244E+1	1.46652596E-1
3.06795364E+5	3.18452534E+1	-2.83382645E-9	3.09098682E+1	5.37704625E+0	3.13740750E+1	1.72235311E-1
3.28966612E+5	3.19919816E+1	-3.05129878E-9	3.07404944E+1	6.20252261E+0	3.13599957E+1	1.99097309E-1
3.52740116E+5	3.21952185E+1	-3.24064561E-9	3.05610946E+1	7.06686075E+0	3.13675169E+1	2.27243070E-1
3.78231664E+5	3.24655047E+1	-3.40000315E-9	3.03752490E+1	7.96817686E+0	3.14029899E+1	2.56544304E-1
4.05565415E+5	3.28198172E+1	-3.53367455E-9	3.01836145E+1	8.92020263E+0	3.14741275E+1	2.87352032E-1
4.34874501E+5	3.32484538E+1	-3.64225775E-9	2.99673465E+1	9.91594741E+0	3.15652963E+1	3.19551512E-1
4.66301673E+5	3.37927183E+1	-3.72623431E-9	2.97443104E+1	1.09734708E+1	3.17039603E+1	3.53435543E-1
5.00000000E+5	3.44554068E+1	-3.78709968E-9	2.94983306E+1	1.20923655E+1	3.18806674E+1	3.89040654E-1
