Start time:20240905_02-32-52	sweep/start:500.000	sweep/stop:500000.000	sweep/samplecount:100.000	sweep/xmapping:1.000	sweep/scan:0.000	sweep/averaging/sample:10.000	sweep/settling/time:0.100	sweep/settling/inaccuracy:0.010	sweep/awgcontrol:0.000	sweep/averaging/time:0.100	sweep/averaging/tc:15.000	sweep/bandwidthcontrol:2.000	sweep/sincfilter:0.000	sweep/omegasuppression:80.000	sweep/maxbandwidth:100.000	sweep/bandwidth:1250000.000	sweep/order:8.000	sweep/bandwidthoverlap:1.000																				
Frequency	Param0		Param1		RealZ		ImagZ		AbsZ		PhaseZ		
5.00000000E+2	1.25958734E+3	7.29507483E-7	1.34956946E+2	-3.89584459E+2	4.12297824E+2	-1.23732108E+0
5.36133611E+2	1.13705384E+3	7.17214602E-7	1.33038048E+2	-3.65474509E+2	3.88935495E+2	-1.22169116E+0
5.74878498E+2	1.02831111E+3	7.03733686E-7	1.31288401E+2	-3.43174143E+2	3.67430483E+2	-1.20540476E+0
6.16423370E+2	9.31639346E+2	6.89411822E-7	1.29605257E+2	-3.22409026E+2	3.47484011E+2	-1.18857552E+0
6.60970574E+2	8.46109154E+2	6.74685548E-7	1.27800451E+2	-3.02984907E+2	3.28835609E+2	-1.17163522E+0
7.08737081E+2	7.68710965E+2	6.59052415E-7	1.26230517E+2	-2.84781428E+2	3.11503827E+2	-1.15356646E+0
7.59955541E+2	7.01772962E+2	6.42521667E-7	1.24525308E+2	-2.68107815E+2	2.95615253E+2	-1.13598284E+0
8.14875417E+2	6.40663337E+2	6.25385795E-7	1.23010218E+2	-2.52342122E+2	2.80727759E+2	-1.11721960E+0
8.73764200E+2	5.86815791E+2	6.07608054E-7	1.21449641E+2	-2.37736166E+2	2.66961634E+2	-1.09849940E+0
9.36908711E+2	5.38999888E+2	5.89415609E-7	1.19840694E+2	-2.24125597E+2	2.54153665E+2	-1.07977304E+0
1.00461650E+3	4.96607562E+2	5.70470468E-7	1.18301474E+2	-2.11551761E+2	2.42382737E+2	-1.06091099E+0
1.07721735E+3	4.58527466E+2	5.51115474E-7	1.16810984E+2	-1.99790418E+2	2.31432547E+2	-1.04172692E+0
1.15506485E+3	4.24726577E+2	5.31615644E-7	1.15250020E+2	-1.88857512E+2	2.21245864E+2	-1.02287520E+0
1.23853818E+3	3.94504154E+2	5.11960544E-7	1.13679218E+2	-1.78672718E+2	2.11770891E+2	-1.00415319E+0
1.32804389E+3	3.67621627E+2	4.92196792E-7	1.12092444E+2	-1.69242081E+2	2.02996553E+2	-9.85808881E-1
1.42401793E+3	3.43515540E+2	4.72347444E-7	1.10537293E+2	-1.60476700E+2	1.94862179E+2	-9.67622722E-1
1.52692775E+3	3.21952408E+2	4.52779882E-7	1.08917315E+2	-1.52325976E+2	1.87259678E+2	-9.50055611E-1
1.63727458E+3	3.02661184E+2	4.33459234E-7	1.07272228E+2	-1.44775002E+2	1.80186389E+2	-9.33107089E-1
1.75559587E+3	2.85202334E+2	4.14644971E-7	1.05566359E+2	-1.37708064E+2	1.73515904E+2	-9.16758526E-1
1.88246790E+3	2.69587381E+2	3.96157101E-7	1.03859566E+2	-1.31196093E+2	1.67329692E+2	-9.01176149E-1
2.01850863E+3	2.55376359E+2	3.78268522E-7	1.02109414E+2	-1.25099943E+2	1.61481668E+2	-8.86241465E-1
2.16438064E+3	2.42487613E+2	3.61021638E-7	1.00311947E+2	-1.19423260E+2	1.55962826E+2	-8.72154123E-1
2.32079442E+3	2.30745456E+2	3.44416734E-7	9.84839666E+1	-1.14129900E+2	1.50747228E+2	-8.58854248E-1
2.48851178E+3	2.20020463E+2	3.28556815E-7	9.66029718E+1	-1.09190178E+2	1.45789677E+2	-8.46486425E-1
2.66834962E+3	2.10147239E+2	3.13398127E-7	9.46937978E+1	-1.04559665E+2	1.41066082E+2	-8.34871916E-1
2.86118383E+3	2.01058339E+2	2.99044885E-7	9.27246651E+1	-1.00225755E+2	1.36539614E+2	-8.24254326E-1
3.06795364E+3	1.92632910E+2	2.85360946E-7	9.07441793E+1	-9.61551251E+1	1.32213141E+2	-8.14341201E-1
3.28966612E+3	1.84774761E+2	2.72379744E-7	8.87411423E+1	-9.23153962E+1	1.28051252E+2	-8.05136693E-1
3.52740116E+3	1.77377139E+2	2.60136246E-7	8.67012506E+1	-8.86662958E+1	1.24011368E+2	-7.96603001E-1
3.78231664E+3	1.70439568E+2	2.48545223E-7	8.46480707E+1	-8.52178628E+1	1.20114030E+2	-7.88752515E-1
4.05565415E+3	1.63859591E+2	2.37594618E-7	8.25807681E+1	-8.19272066E+1	1.16325623E+2	-7.81425359E-1
4.34874501E+3	1.57631922E+2	2.27236597E-7	8.05095918E+1	-7.87977594E+1	1.12653813E+2	-7.74653106E-1
4.66301673E+3	1.51653316E+2	2.17423330E-7	7.84437217E+1	-7.57814782E+1	1.09069933E+2	-7.68137819E-1
5.00000000E+3	1.45962898E+2	2.08099267E-7	7.63965226E+1	-7.29015019E+1	1.05598569E+2	-7.61992751E-1
5.36133611E+3	1.40484558E+2	1.99250365E-7	7.43650099E+1	-7.01211845E+1	1.02211229E+2	-7.56034764E-1
5.74878498E+3	1.35210492E+2	1.90833149E-7	7.23576627E+1	-6.74379962E+1	9.89116522E+1	-7.50220838E-1
6.16423370E+3	1.30116913E+2	1.82769373E-7	7.03949731E+1	-6.48392167E+1	9.57056761E+1	-7.44338778E-1
6.60970574E+3	1.25200464E+2	1.75081648E-7	6.84627760E+1	-6.23251099E+1	9.25827802E+1	-7.38504166E-1
7.08737081E+3	1.20444756E+2	1.67689439E-7	6.65829917E+1	-5.98855343E+1	8.95520636E+1	-7.32490081E-1
7.59955541E+3	1.15841772E+2	1.60583070E-7	6.47529706E+1	-5.75165323E+1	8.66088840E+1	-7.26282793E-1
8.14875417E+3	1.11393080E+2	1.53727322E-7	6.29799591E+1	-5.52182598E+1	8.37587700E+1	-7.19825510E-1
8.73764200E+3	1.07092280E+2	1.47112315E-7	6.12619219E+1	-5.29873163E+1	8.09980175E+1	-7.13098485E-1
9.36908711E+3	1.02934507E+2	1.40682901E-7	5.96132116E+1	-5.08185143E+1	7.83342611E+1	-7.05926662E-1
1.00461650E+4	9.89254881E+1	1.34462479E-7	5.80213737E+1	-4.87166578E+1	7.57614193E+1	-6.98444594E-1
1.07721735E+4	9.50556656E+1	1.28412700E-7	5.64947954E+1	-4.66742798E+1	7.32813097E+1	-6.90495547E-1
1.15506485E+4	9.13327716E+1	1.22538378E-7	5.50285024E+1	-4.46964149E+1	7.08936219E+1	-6.82160624E-1
1.23853818E+4	8.77470785E+1	1.16806215E-7	5.36294368E+1	-4.27751078E+1	6.85990261E+1	-6.73278880E-1
1.32804389E+4	8.42999406E+1	1.11228033E-7	5.22899346E+1	-4.09121137E+1	6.63930595E+1	-6.63922284E-1
1.42401793E+4	8.10036910E+1	1.05777056E-7	5.10183220E+1	-3.91126981E+1	6.42858644E+1	-6.54066074E-1
1.52692775E+4	7.78398042E+1	1.00477601E-7	4.98002852E+1	-3.73681135E+1	6.22610986E+1	-6.43731099E-1
1.63727458E+4	7.48199368E+1	9.52999971E-8	4.86459480E+1	-3.56827468E+1	6.03298162E+1	-6.32869818E-1
1.75559587E+4	7.19350937E+1	9.02569263E-8	4.75471175E+1	-3.40525751E+1	5.84833850E+1	-6.21506583E-1
1.88246790E+4	6.91798926E+1	8.53315626E-8	4.65068073E+1	-3.24723375E+1	5.67215647E+1	-6.09535453E-1
2.01850863E+4	6.65558888E+1	8.05468671E-8	4.55156056E+1	-3.09461010E+1	5.50393638E+1	-5.97108884E-1
2.16438064E+4	6.40637751E+1	7.58879660E-8	4.45779747E+1	-2.94726563E+1	5.34399974E+1	-5.84172520E-1
2.32079442E+4	6.16983965E+1	7.13606498E-8	4.36898400E+1	-2.80497924E+1	5.19191010E+1	-5.70745580E-1
2.48851178E+4	5.94584848E+1	6.69598965E-8	4.28522828E+1	-2.66760867E+1	5.04770422E+1	-5.56808641E-1
2.66834962E+4	5.73310533E+1	6.27056542E-8	4.20538407E+1	-2.53469018E+1	4.91018429E+1	-5.42420778E-1
2.86118383E+4	5.53255692E+1	5.85807141E-8	4.13038099E+1	-2.40655777E+1	4.78033135E+1	-5.27562875E-1
3.06795364E+4	5.34365397E+1	5.45939309E-8	4.05977365E+1	-2.28303813E+1	4.65768456E+1	-5.12280077E-1
3.28966612E+4	5.16537669E+1	5.07555844E-8	3.99285978E+1	-2.16372258E+1	4.54143422E+1	-4.96601563E-1
3.52740116E+4	4.99751808E+1	4.70579482E-8	3.92988117E+1	-2.04833739E+1	4.43166472E+1	-4.80480087E-1
3.78231664E+4	4.84018807E+1	4.35146312E-8	3.87048998E+1	-1.93731945E+1	4.32826748E+1	-4.64076291E-1
4.05565415E+4	4.69248307E+1	4.01142265E-8	3.81477059E+1	-1.82982829E+1	4.23092737E+1	-4.47251157E-1
4.34874501E+4	4.55421568E+1	3.68733872E-8	3.76212619E+1	-1.72625040E+1	4.13926733E+1	-4.30188906E-1
4.66301673E+4	4.42499103E+1	3.37853335E-8	3.71268996E+1	-1.62620811E+1	4.05322337E+1	-4.12841317E-1
5.00000000E+4	4.30383539E+1	3.08480194E-8	3.66606319E+1	-1.52908897E+1	3.97216974E+1	-3.95154255E-1
5.36133611E+4	4.19097377E+1	2.80661348E-8	3.62227495E+1	-1.43526422E+1	3.89626222E+1	-3.77254597E-1
5.74878498E+4	4.08594476E+1	2.54397379E-8	3.58111961E+1	-1.34455906E+1	3.82521331E+1	-3.59171911E-1
6.16423370E+4	3.98777655E+1	2.29632567E-8	3.54220245E+1	-1.25630948E+1	3.75839219E+1	-3.40828232E-1
6.60970574E+4	3.89658346E+1	2.06381200E-8	3.50557068E+1	-1.17077875E+1	3.69590973E+1	-3.22329428E-1
7.08737081E+4	3.81201810E+1	1.84593032E-8	3.47118027E+1	-1.08770831E+1	3.63760938E+1	-3.03662723E-1
7.59955541E+4	3.73352714E+1	1.64188865E-8	3.43889440E+1	-1.00658371E+1	3.58318372E+1	-2.84751340E-1
8.14875417E+4	3.66078979E+1	1.45206702E-8	3.40832214E+1	-9.27626550E+0	3.53230108E+1	-2.65728780E-1
8.73764200E+4	3.59366828E+1	1.27579589E-8	3.37955380E+1	-8.50653455E+0	3.48496704E+1	-2.46583519E-1
9.36908711E+4	3.53158907E+1	1.11173603E-8	3.35250088E+1	-7.74850449E+0	3.44088004E+1	-2.27137644E-1
1.00461650E+5	3.47478319E+1	9.60466886E-9	3.32712753E+1	-7.00905934E+0	3.40015394E+1	-2.07628044E-1
1.07721735E+5	3.42205500E+1	8.20633281E-9	3.30273519E+1	-6.27759180E+0	3.36186577E+1	-1.87831932E-1
1.15506485E+5	3.37408195E+1	6.91824685E-9	3.27994872E+1	-5.55654671E+0	3.32668240E+1	-1.67816246E-1
1.23853818E+5	3.33013349E+1	5.73473669E-9	3.25817153E+1	-4.84215090E+0	3.29395600E+1	-1.47535731E-1
1.32804389E+5	3.28816703E+1	4.65126065E-9	3.23547142E+1	-4.12909084E+0	3.26171280E+1	-1.26933303E-1
1.42401793E+5	3.25443370E+1	3.65847855E-9	3.21791482E+1	-3.42803938E+0	3.23612275E+1	-1.06129570E-1
1.52692775E+5	3.22232048E+1	2.75040682E-9	3.19919085E+1	-2.72022087E+0	3.21073484E+1	-8.48243732E-2
1.63727458E+5	3.19403420E+1	1.92568230E-9	3.18129750E+1	-2.01293553E+0	3.18765949E+1	-6.31898035E-2
1.75559587E+5	3.16936833E+1	1.17558414E-9	3.16402387E+1	-1.30038081E+0	3.16669497E+1	-4.10758421E-2
1.88246790E+5	3.14774295E+1	4.85313716E-10	3.14622824E+1	-5.68478188E-1	3.14698542E+1	-1.80653332E-2
2.01850863E+5	3.13134196E+1	-1.23270109E-10	3.13126687E+1	1.53291979E-1	3.13130441E+1	4.89548336E-3
2.16438064E+5	3.11813107E+1	-6.78516230E-10	3.11555193E+1	8.96402645E-1	3.11684123E+1	2.87639368E-2
2.32079442E+5	3.10895027E+1	-1.17629696E-9	3.10013416E+1	1.65320914E+0	3.10453909E+1	5.32765537E-2
2.48851178E+5	3.10388888E+1	-1.62394165E-9	3.08472822E+1	2.43115694E+0	3.09429372E+1	7.86501095E-2
2.66834962E+5	3.10299115E+1	-2.01801506E-9	3.06916305E+1	3.22216064E+0	3.08603074E+1	1.04601848E-1
2.86118383E+5	3.10776656E+1	-2.37487660E-9	3.05400151E+1	4.05213870E+0	3.08076675E+1	1.31912436E-1
3.06795364E+5	3.11725901E+1	-2.68477612E-9	3.03818498E+1	4.90144163E+0	3.07746803E+1	1.59949798E-1
3.28966612E+5	3.13304467E+1	-2.95489051E-9	3.02237491E+1	5.78346434E+0	3.07721230E+1	1.89069351E-1
3.52740116E+5	3.15510466E+1	-3.18870285E-9	3.00566497E+1	6.70197886E+0	3.07947845E+1	2.19389281E-1
3.78231664E+5	3.18457842E+1	-3.38766833E-9	2.98815864E+1	7.66115413E+0	3.08480558E+1	2.50977842E-1
4.05565415E+5	3.22251024E+1	-3.54828065E-9	2.97032996E+1	8.65481421E+0	3.09385175E+1	2.83525754E-1
4.34874501E+5	3.26952916E+1	-3.68180835E-9	2.95033704E+1	9.70424602E+0	3.10583531E+1	3.17773240E-1
4.66301673E+5	3.32741056E+1	-3.78452496E-9	2.92874321E+1	1.08055248E+1	3.12171924E+1	3.53453843E-1
NaN	NaN	NaN	NaN	NaN	NaN	NaN
