Start time:20240906_02-05-04	sweep/start:500.000	sweep/stop:500000.000	sweep/samplecount:100.000	sweep/xmapping:1.000	sweep/scan:0.000	sweep/averaging/sample:10.000	sweep/settling/time:0.100	sweep/settling/inaccuracy:0.010	sweep/awgcontrol:0.000	sweep/averaging/time:0.100	sweep/averaging/tc:15.000	sweep/bandwidthcontrol:2.000	sweep/sincfilter:0.000	sweep/omegasuppression:80.000	sweep/maxbandwidth:100.000	sweep/bandwidth:1250000.000	sweep/order:8.000	sweep/bandwidthoverlap:1.000																				
Frequency	Param0		Param1		RealZ		ImagZ		AbsZ		PhaseZ		
5.00000000E+2	1.01820637E+3	7.09827723E-7	1.65412026E+2	-3.75582767E+2	4.10394392E+2	-1.15594239E+0
5.36133611E+2	9.30514574E+2	6.91901880E-7	1.63141792E+2	-3.53822779E+2	3.89622645E+2	-1.13876381E+0
5.74878498E+2	8.52475168E+2	6.73347286E-7	1.60878910E+2	-3.33561424E+2	3.70331274E+2	-1.12140328E+0
6.16423370E+2	7.83260100E+2	6.54261052E-7	1.58573366E+2	-3.14735873E+2	3.52426140E+2	-1.10408944E+0
6.60970574E+2	7.21489089E+2	6.34698987E-7	1.56276233E+2	-2.97202496E+2	3.35785031E+2	-1.08670351E+0
7.08737081E+2	6.66371685E+2	6.14793675E-7	1.53957070E+2	-2.80873357E+2	3.20300834E+2	-1.06938460E+0
7.59955541E+2	6.17116242E+2	5.94716851E-7	1.51585547E+2	-2.65645845E+2	3.05852735E+2	-1.05225225E+0
8.14875417E+2	5.73168122E+2	5.74410925E-7	1.49203252E+2	-2.51509303E+2	2.92435535E+2	-1.03536850E+0
8.73764200E+2	5.33778990E+2	5.54093228E-7	1.46781494E+2	-2.38336032E+2	2.79908687E+2	-1.01879702E+0
9.36908711E+2	4.98453508E+2	5.33911814E-7	1.44295882E+2	-2.26060794E+2	2.68187967E+2	-1.00268606E+0
1.00461650E+3	4.66622835E+2	5.13842214E-7	1.41804193E+2	-2.14617431E+2	2.57233497E+2	-9.86914937E-1
1.07721735E+3	4.37917561E+2	4.94097735E-7	1.39253501E+2	-2.03936296E+2	2.46944430E+2	-9.71688113E-1
1.15506485E+3	4.12018129E+2	4.74751422E-7	1.36642928E+2	-1.93979564E+2	2.37274865E+2	-9.57110613E-1
1.23853818E+3	3.88452651E+2	4.55791611E-7	1.34023211E+2	-1.84660360E+2	2.28170266E+2	-9.42975594E-1
1.32804389E+3	3.67002677E+2	4.37364660E-7	1.31356191E+2	-1.75936420E+2	2.19563369E+2	-9.29467257E-1
1.42401793E+3	3.47434951E+2	4.19488594E-7	1.28655536E+2	-1.67771217E+2	2.11422394E+2	-9.16597478E-1
1.52692775E+3	3.29503007E+2	4.02192229E-7	1.25931462E+2	-1.60112652E+2	2.03702712E+2	-9.04330429E-1
1.63727458E+3	3.12963912E+2	3.85551653E-7	1.23173595E+2	-1.52895896E+2	1.96338712E+2	-8.92647443E-1
1.75559587E+3	2.97710206E+2	3.69490144E-7	1.20417379E+2	-1.46113438E+2	1.89339595E+2	-8.81510452E-1
1.88246790E+3	2.83559370E+2	3.54070893E-7	1.17649307E+2	-1.39711142E+2	1.82648742E+2	-8.70912592E-1
2.01850863E+3	2.70383448E+2	3.39290649E-7	1.14875537E+2	-1.33656479E+2	1.76239733E+2	-8.60822309E-1
2.16438064E+3	2.58090347E+2	3.25104395E-7	1.12114938E+2	-1.27929760E+2	1.70105212E+2	-8.51185908E-1
2.32079442E+3	2.46555451E+2	3.11498149E-7	1.09375129E+2	-1.22491286E+2	1.64216425E+2	-8.41905670E-1
2.48851178E+3	2.35731554E+2	2.98476431E-7	1.06651165E+2	-1.17331042E+2	1.58559278E+2	-8.33043885E-1
2.66834962E+3	2.25533998E+2	2.85964585E-7	1.03970412E+2	-1.12423377E+2	1.53130214E+2	-8.24441197E-1
2.86118383E+3	2.15887853E+2	2.73997161E-7	1.01316013E+2	-1.07740251E+2	1.47894883E+2	-8.16118208E-1
3.06795364E+3	2.06766913E+2	2.62496393E-7	9.87130067E+1	-1.03277905E+2	1.42865613E+2	-8.07993840E-1
3.28966612E+3	1.98125496E+2	2.51446211E-7	9.61627891E+1	-9.90202918E+1	1.38030070E+2	-8.00037232E-1
3.52740116E+3	1.89928392E+2	2.40845754E-7	9.36602569E+1	-9.49552422E+1	1.33374442E+2	-7.92263798E-1
3.78231664E+3	1.82120604E+2	2.30667873E-7	9.12104405E+1	-9.10601775E+1	1.28884834E+2	-7.84573769E-1
4.05565415E+3	1.74709223E+2	2.20862076E-7	8.88272771E+1	-8.73421965E+1	1.24575056E+2	-7.76968521E-1
4.34874501E+3	1.67642162E+2	2.11432082E-7	8.65033323E+1	-8.37781537E+1	1.20422612E+2	-7.69395567E-1
4.66301673E+3	1.60916100E+2	2.02353513E-7	8.42425397E+1	-8.03689950E+1	1.16430155E+2	-7.61871076E-1
5.00000000E+3	1.54508695E+2	1.93588476E-7	8.20541930E+1	-7.71050945E+1	1.12597008E+2	-7.54312926E-1
5.36133611E+3	1.48390435E+2	1.85161124E-7	7.99225793E+1	-7.39738303E+1	1.08902462E+2	-7.46763156E-1
5.74878498E+3	1.42552840E+2	1.77037409E-7	7.78557787E+1	-7.09721074E+1	1.05349715E+2	-7.39178541E-1
6.16423370E+3	1.36982088E+2	1.69209257E-7	7.58515523E+1	-6.80943903E+1	1.01932841E+2	-7.31560828E-1
6.60970574E+3	1.31658309E+2	1.61654244E-7	7.39130839E+1	-6.53309077E+1	9.86472075E+1	-7.23841945E-1
7.08737081E+3	1.26580294E+2	1.54368438E-7	7.20374628E+1	-6.26827496E+1	9.54909586E+1	-7.16071361E-1
7.59955541E+3	1.21717596E+2	1.47354148E-7	7.02171649E+1	-6.01349663E+1	9.24481718E+1	-7.08205984E-1
8.14875417E+3	1.17073536E+2	1.40588841E-7	6.84573145E+1	-5.76899984E+1	8.95239625E+1	-7.00249450E-1
8.73764200E+3	1.12629692E+2	1.34068366E-7	6.67539171E+1	-5.53388437E+1	8.67091292E+1	-6.92174077E-1
9.36908711E+3	1.08372437E+2	1.27758091E-7	6.51156545E+1	-5.30725318E+1	8.40044173E+1	-6.83850801E-1
1.00461650E+4	1.04309497E+2	1.21689375E-7	6.35271194E+1	-5.08997736E+1	8.14032056E+1	-6.75489913E-1
1.07721735E+4	1.00417548E+2	1.15813829E-7	6.20017189E+1	-4.88041742E+1	7.89053901E+1	-6.66851547E-1
1.15506485E+4	9.66830779E+1	1.10145618E-7	6.05282670E+1	-4.67802096E+1	7.64987525E+1	-6.57975151E-1
1.23853818E+4	9.31114028E+1	1.04674508E-7	5.91084962E+1	-4.48314693E+1	7.41867574E+1	-6.48893980E-1
1.32804389E+4	8.96897307E+1	9.94006092E-8	5.77372666E+1	-4.29516925E+1	7.19613777E+1	-6.39596141E-1
1.42401793E+4	8.64181690E+1	9.42893734E-8	5.64261053E+1	-4.11380032E+1	6.98300844E+1	-6.29964115E-1
1.52692775E+4	8.32828767E+1	8.93567797E-8	5.51631013E+1	-3.93849459E+1	6.77800985E+1	-6.20042158E-1
1.63727458E+4	8.02861774E+1	8.45894420E-8	5.39518185E+1	-3.76933215E+1	6.58147799E+1	-6.09817900E-1
1.75559587E+4	7.74197257E+1	7.99771447E-8	5.27924755E+1	-3.60573627E+1	6.39310484E+1	-5.99226539E-1
1.88246790E+4	7.46820226E+1	7.55231255E-8	5.16813402E+1	-3.44776169E+1	6.21262184E+1	-5.88315865E-1
2.01850863E+4	7.20647917E+1	7.12209221E-8	5.06171306E+1	-3.29487332E+1	6.03962993E+1	-5.77035999E-1
2.16438064E+4	6.95761823E+1	6.70602664E-8	4.96049853E+1	-3.14749249E+1	5.87479829E+1	-5.65409699E-1
2.32079442E+4	6.71939529E+1	6.30473944E-8	4.86342822E+1	-3.00439045E+1	5.71658084E+1	-5.53369980E-1
2.48851178E+4	6.49302208E+1	5.91735713E-8	4.77111891E+1	-2.86625256E+1	5.56587640E+1	-5.40971230E-1
2.66834962E+4	6.27810298E+1	5.54390263E-8	4.68335965E+1	-2.73290247E+1	5.42241773E+1	-5.28224614E-1
2.86118383E+4	6.07380892E+1	5.18446283E-8	4.59974887E+1	-2.60390202E+1	5.28564052E+1	-5.15117366E-1
3.06795364E+4	5.88016703E+1	4.83880463E-8	4.52033937E+1	-2.47929067E+1	5.15561349E+1	-5.01671212E-1
3.28966612E+4	5.69655518E+1	4.50663912E-8	4.44496553E+1	-2.35865909E+1	5.03199676E+1	-4.87855039E-1
3.52740116E+4	5.52282983E+1	4.18824351E-8	4.37341392E+1	-2.24206856E+1	4.91463333E+1	-4.73723183E-1
3.78231664E+4	5.35837063E+1	3.88376693E-8	4.30531316E+1	-2.12925857E+1	4.80306814E+1	-4.59290419E-1
4.05565415E+4	5.20349820E+1	3.59308734E-8	4.24086220E+1	-2.02049659E+1	4.69758649E+1	-4.44618788E-1
4.34874501E+4	5.05730558E+1	3.31548229E-8	4.17992513E+1	-1.91504164E+1	4.59773408E+1	-4.29612530E-1
4.66301673E+4	4.91973913E+1	3.05194149E-8	4.12203488E+1	-1.81332972E+1	4.50325841E+1	-4.14432560E-1
5.00000000E+4	4.78989381E+1	2.80140669E-8	4.06713634E+1	-1.71451248E+1	4.41374571E+1	-3.98947170E-1
5.36133611E+4	4.66785468E+1	2.56440736E-8	4.01502131E+1	-1.61899346E+1	4.32914957E+1	-3.83291273E-1
5.74878498E+4	4.55330974E+1	2.34041955E-8	3.96571819E+1	-1.52650661E+1	4.24936975E+1	-3.67444080E-1
6.16423370E+4	4.44555724E+1	2.12898029E-8	3.91895370E+1	-1.43657048E+1	4.17395891E+1	-3.51359497E-1
6.60970574E+4	4.34418915E+1	1.93024448E-8	3.87433481E+1	-1.34921197E+1	4.10254107E+1	-3.35109165E-1
7.08737081E+4	4.24930608E+1	1.74354267E-8	3.83217150E+1	-1.26433032E+1	4.03535248E+1	-3.18680192E-1
7.59955541E+4	4.16055796E+1	1.56866471E-8	3.79226128E+1	-1.18181093E+1	3.97214336E+1	-3.02098937E-1
8.14875417E+4	4.07700214E+1	1.40504369E-8	3.75407354E+1	-1.10104388E+1	3.91220729E+1	-2.85292377E-1
8.73764200E+4	3.99871628E+1	1.25253832E-8	3.71763120E+1	-1.02223802E+1	3.85561310E+1	-2.68338562E-1
9.36908711E+4	3.92556193E+1	1.11022723E-8	3.68312530E+1	-9.44946767E+0	3.80241192E+1	-2.51144242E-1
1.00461650E+5	3.85708394E+1	9.77847032E-9	3.65019535E+1	-8.69013037E+0	3.75221399E+1	-2.33722157E-1
1.07721735E+5	3.79285611E+1	8.55210766E-9	3.61844755E+1	-7.94410562E+0	3.70462561E+1	-2.16115872E-1
1.15506485E+5	3.73304214E+1	7.41292157E-9	3.58830933E+1	-7.20656660E+0	3.65996038E+1	-1.98197929E-1
1.23853818E+5	3.67713075E+1	6.35846135E-9	3.55929822E+1	-6.47611792E+0	3.61773478E+1	-1.79980412E-1
1.32804389E+5	3.62512726E+1	5.38464554E-9	3.53143581E+1	-5.75206700E+0	3.57797487E+1	-1.61463876E-1
1.42401793E+5	3.57662911E+1	4.48306485E-9	3.50449933E+1	-5.02771006E+0	3.54038054E+1	-1.42492149E-1
1.52692775E+5	3.53200028E+1	3.65397510E-9	3.47866892E+1	-4.30722713E+0	3.50523317E+1	-1.23191260E-1
1.63727458E+5	3.49075929E+1	2.88764208E-9	3.45362250E+1	-3.58129001E+0	3.47214125E+1	-1.03327325E-1
1.75559587E+5	3.45306249E+1	2.18319916E-9	3.42934786E+1	-2.85176497E+0	3.44118474E+1	-8.29667559E-2
1.88246790E+5	3.41914431E+1	1.53736291E-9	3.40548940E+1	-2.11705813E+0	3.41230907E+1	-6.20851933E-2
2.01850863E+5	3.38837248E+1	9.41895239E-10	3.38283019E+1	-1.36925526E+0	3.38560020E+1	-4.04545350E-2
2.16438064E+5	3.36116300E+1	3.97220587E-10	3.36005529E+1	-6.10072122E-1	3.36060910E+1	-1.81546163E-2
2.32079442E+5	3.33773085E+1	-1.03292778E-10	3.33764646E+1	1.67794600E-1	3.33768866E+1	5.02729152E-3
2.48851178E+5	3.31826868E+1	-5.58131899E-10	3.31548839E+1	9.60098061E-1	3.31687824E+1	2.89498734E-2
2.66834962E+5	3.30317525E+1	-9.73938227E-10	3.29359329E+1	1.77646162E+0	3.29838079E+1	5.38846552E-2
2.86118383E+5	3.29237266E+1	-1.35278144E-9	3.27139974E+1	2.61936372E+0	3.28186944E+1	7.98981462E-2
3.06795364E+5	3.28655110E+1	-1.69492861E-9	3.24908806E+1	3.48884708E+0	3.26776589E+1	1.06969398E-1
3.28966612E+5	3.28595036E+1	-2.00213768E-9	3.22629105E+1	4.38722684E+0	3.25598406E+1	1.35154609E-1
3.52740116E+5	3.29216185E+1	-2.27912626E-9	3.20356795E+1	5.32743680E+0	3.24756280E+1	1.64788941E-1
3.78231664E+5	3.30448874E+1	-2.52470861E-9	3.17950137E+1	6.30393980E+0	3.24139267E+1	1.95729849E-1
4.05565415E+5	3.32476234E+1	-2.74241847E-9	3.15446916E+1	7.32928261E+0	3.23849660E+1	2.28295340E-1
4.34874501E+5	3.35398612E+1	-2.92779605E-9	3.12873799E+1	8.39489122E+0	3.23940485E+1	2.62141193E-1
4.66301673E+5	3.39327964E+1	-3.08510719E-9	3.10150583E+1	9.51282087E+0	3.24411414E+1	2.97606999E-1
NaN	NaN	NaN	NaN	NaN	NaN	NaN
