Start time:20240905_00-25-47	sweep/start:500.000	sweep/stop:500000.000	sweep/samplecount:100.000	sweep/xmapping:1.000	sweep/scan:0.000	sweep/averaging/sample:10.000	sweep/settling/time:0.100	sweep/settling/inaccuracy:0.010	sweep/awgcontrol:0.000	sweep/averaging/time:0.100	sweep/averaging/tc:15.000	sweep/bandwidthcontrol:2.000	sweep/sincfilter:0.000	sweep/omegasuppression:80.000	sweep/maxbandwidth:100.000	sweep/bandwidth:1250000.000	sweep/order:8.000	sweep/bandwidthoverlap:1.000																				
Frequency	Param0		Param1		RealZ		ImagZ		AbsZ		PhaseZ		
5.00000000E+2	1.20879832E+3	7.26900723E-7	1.40231081E+2	-3.87099866E+2	4.11717216E+2	-1.22324084E+0
5.36133611E+2	1.09308293E+3	7.13577796E-7	1.38296629E+2	-3.63378155E+2	3.88805409E+2	-1.20713738E+0
5.74878498E+2	9.90276524E+2	6.99388426E-7	1.36432255E+2	-3.41309046E+2	3.67567177E+2	-1.19052075E+0
6.16423370E+2	8.98600462E+2	6.84354388E-7	1.34662017E+2	-3.20738945E+2	3.47861083E+2	-1.17329645E+0
6.60970574E+2	8.17123897E+2	6.68645160E-7	1.32895416E+2	-3.01547344E+2	3.29532998E+2	-1.15569342E+0
7.08737081E+2	7.44712567E+2	6.52022702E-7	1.31214141E+2	-2.83724611E+2	3.12596878E+2	-1.13762081E+0
7.59955541E+2	6.80283768E+2	6.34843103E-7	1.29515036E+2	-2.67082049E+2	2.96828179E+2	-1.11928047E+0
8.14875417E+2	6.23046551E+2	6.16942442E-7	1.27851041E+2	-2.51617281E+2	2.82235975E+2	-1.10067615E+0
8.73764200E+2	5.72034240E+2	5.98399534E-7	1.26231556E+2	-2.37222176E+2	2.68716892E+2	-1.08178118E+0
9.36908711E+2	5.26566398E+2	5.79404273E-7	1.24610463E+2	-2.23803285E+2	2.56155576E+2	-1.06275832E+0
1.00461650E+3	4.86231167E+2	5.59974715E-7	1.22977837E+2	-2.11357766E+2	2.44531500E+2	-1.04383173E+0
1.07721735E+3	4.50178910E+2	5.40259729E-7	1.21347621E+2	-1.99757081E+2	2.33726629E+2	-1.02489794E+0
1.15506485E+3	4.18063532E+2	5.20275706E-7	1.19725076E+2	-1.88993630E+2	2.23724577E+2	-1.00611701E+0
1.23853818E+3	3.89370416E+2	5.00250744E-7	1.18075870E+2	-1.78978597E+2	2.14418398E+2	-9.87617958E-1
1.32804389E+3	3.63724772E+2	4.80244231E-7	1.16410932E+2	-1.69676260E+2	2.05770598E+2	-9.69476094E-1
1.42401793E+3	3.40769407E+2	4.60362345E-7	1.14729253E+2	-1.61038557E+2	1.97727637E+2	-9.51774423E-1
1.52692775E+3	3.20166872E+2	4.40794715E-7	1.13003302E+2	-1.53003813E+2	1.90210181E+2	-9.34653704E-1
1.63727458E+3	3.01644002E+2	4.21556089E-7	1.11258142E+2	-1.45540290E+2	1.83194843E+2	-9.18111758E-1
1.75559587E+3	2.84991639E+2	4.02793684E-7	1.09469561E+2	-1.38615742E+2	1.76629298E+2	-9.02346581E-1
1.88246790E+3	2.69893368E+2	3.84599621E-7	1.07640447E+2	-1.32155122E+2	1.70444837E+2	-8.87275785E-1
2.01850863E+3	2.56230983E+2	3.66984012E-7	1.05781850E+2	-1.26153822E+2	1.64634708E+2	-8.73007905E-1
2.16438064E+3	2.43786263E+2	3.50079967E-7	1.03869735E+2	-1.20553275E+2	1.59128923E+2	-8.59601377E-1
2.32079442E+3	2.32447380E+2	3.33859374E-7	1.01924305E+2	-1.15340683E+2	1.53922180E+2	-8.47071073E-1
2.48851178E+3	2.22007346E+2	3.18399559E-7	9.99325876E+1	-1.10450197E+2	1.48948878E+2	-8.35349309E-1
2.66834962E+3	2.12419589E+2	3.03676827E-7	9.79047951E+1	-1.05884593E+2	1.44211290E+2	-8.24535253E-1
2.86118383E+3	2.03523152E+2	2.89717121E-7	9.58369333E+1	-1.01588960E+2	1.39660426E+2	-8.14525041E-1
3.06795364E+3	1.95253209E+2	2.76490245E-7	9.37382387E+1	-9.75491376E+1	1.35287441E+2	-8.05317905E-1
3.28966612E+3	1.87522442E+2	2.63991105E-7	9.16082299E+1	-9.37364973E+1	1.31067154E+2	-7.96880409E-1
3.52740116E+3	1.80257662E+2	2.52164853E-7	8.94620499E+1	-9.01263636E+1	1.26989054E+2	-7.89097238E-1
3.78231664E+3	1.73381191E+2	2.41011660E-7	8.72938568E+1	-8.66884953E+1	1.23024846E+2	-7.81918735E-1
4.05565415E+3	1.66863096E+2	2.30453996E-7	8.51246866E+1	-8.34143638E+1	1.19181242E+2	-7.75250577E-1
4.34874501E+3	1.60639368E+2	2.20505779E-7	8.29420237E+1	-8.02768633E+1	1.15428567E+2	-7.69070866E-1
4.66301673E+3	1.54694947E+2	2.11054246E-7	8.07794925E+1	-7.72712928E+1	1.11786310E+2	-7.63205147E-1
5.00000000E+3	1.48998633E+2	2.02077310E-7	7.86378169E+1	-7.43842781E+1	1.08244756E+2	-7.57608425E-1
5.36133611E+3	1.43502073E+2	1.93582444E-7	7.65059800E+1	-7.15933072E+1	1.04779610E+2	-7.52238840E-1
5.74878498E+3	1.38197634E+2	1.85479871E-7	7.44098843E+1	-6.88944045E+1	1.01406459E+2	-7.46929261E-1
6.16423370E+3	1.33075111E+2	1.77750298E-7	7.23498103E+1	-6.62832098E+1	9.81221636E+1	-7.41665923E-1
6.60970574E+3	1.28114330E+2	1.70341345E-7	7.03380281E+1	-6.37484985E+1	9.49279163E+1	-7.36293809E-1
7.08737081E+3	1.23318571E+2	1.63227160E-7	6.83783446E+1	-6.12921014E+1	9.18276632E+1	-7.30804369E-1
7.59955541E+3	1.18669111E+2	1.56400195E-7	6.64667255E+1	-5.89043425E+1	8.88118641E+1	-7.25151160E-1
8.14875417E+3	1.14166232E+2	1.49810203E-7	6.46163442E+1	-5.65838544E+1	8.58894903E+1	-7.19220381E-1
8.73764200E+3	1.09813127E+2	1.43445655E-7	6.28264915E+1	-5.43323606E+1	8.30612634E+1	-7.13023823E-1
9.36908711E+3	1.05594094E+2	1.37271747E-7	6.11038702E+1	-5.21394744E+1	8.03256359E+1	-7.06402430E-1
1.00461650E+4	1.01517710E+2	1.31292199E-7	5.94429198E+1	-5.00104822E+1	7.76821026E+1	-6.99432896E-1
1.07721735E+4	9.75863782E+1	1.25479873E-7	5.78495643E+1	-4.79453578E+1	7.51354074E+1	-6.92053194E-1
1.15506485E+4	9.37934567E+1	1.19830495E-7	5.63204580E+1	-4.59401393E+1	7.26807431E+1	-6.84236180E-1
1.23853818E+4	9.01419770E+1	1.14327368E-7	5.48582202E+1	-4.39955003E+1	7.03208959E+1	-6.75950475E-1
1.32804389E+4	8.66260667E+1	1.08967248E-7	5.34595883E+1	-4.21077933E+1	6.80514059E+1	-6.67168982E-1
1.42401793E+4	8.32534699E+1	1.03744160E-7	5.21245085E+1	-4.02812832E+1	6.58752320E+1	-6.57927691E-1
1.52692775E+4	8.00098651E+1	9.86466649E-8	5.08519601E+1	-3.85063183E+1	6.37860364E+1	-6.48108379E-1
1.63727458E+4	7.69117696E+1	9.36761821E-8	4.96414101E+1	-3.67931927E+1	6.17900370E+1	-6.37832012E-1
1.75559587E+4	7.39462901E+1	8.88249623E-8	4.84912009E+1	-3.51332862E+1	5.98810854E+1	-6.26999465E-1
1.88246790E+4	7.11106797E+1	8.40981204E-8	4.73966710E+1	-3.35255879E+1	5.80552278E+1	-6.15635546E-1
2.01850863E+4	6.84033307E+1	7.94956361E-8	4.63555881E+1	-3.19692985E+1	5.63105373E+1	-6.03748272E-1
2.16438064E+4	6.58328304E+1	7.50009348E-8	4.53749191E+1	-3.04676225E+1	5.46549114E+1	-5.91316455E-1
2.32079442E+4	6.33834365E+1	7.06391154E-8	4.44402925E+1	-2.90144586E+1	5.30733308E+1	-5.78401587E-1
2.48851178E+4	6.10533941E+1	6.63974402E-8	4.35549629E+1	-2.76069451E+1	5.15672210E+1	-5.64932037E-1
2.66834962E+4	5.88515005E+1	6.22808989E-8	4.27192848E+1	-2.62517936E+1	5.01407419E+1	-5.51026572E-1
2.86118383E+4	5.67691430E+1	5.82857666E-8	4.19320940E+1	-2.49429044E+1	4.87898456E+1	-5.36617056E-1
3.06795364E+4	5.47941026E+1	5.44236402E-8	4.11847710E+1	-2.36748216E+1	4.75045531E+1	-5.21717092E-1
3.28966612E+4	5.29341091E+1	5.06955087E-8	4.04799690E+1	-2.24531332E+1	4.62900756E+1	-5.06423607E-1
3.52740116E+4	5.11789927E+1	4.70970160E-8	3.98159064E+1	-2.12704388E+1	4.51413113E+1	-4.90647098E-1
3.78231664E+4	4.95298869E+1	4.36388914E-8	3.91896783E+1	-2.01303114E+1	4.40574663E+1	-4.74518647E-1
4.05565415E+4	4.79795615E+1	4.03179748E-8	3.86000643E+1	-1.90275901E+1	4.30350341E+1	-4.57985227E-1
4.34874501E+4	4.65241210E+1	3.71367857E-8	3.80450102E+1	-1.79607307E+1	4.20714946E+1	-4.41072691E-1
4.66301673E+4	4.51627130E+1	3.40987604E-8	3.75237097E+1	-1.69305560E+1	4.11664005E+1	-4.23848258E-1
5.00000000E+4	4.38870970E+1	3.12089185E-8	3.70307417E+1	-1.59341116E+1	4.03134190E+1	-4.06346282E-1
5.36133611E+4	4.26950041E+1	2.84614143E-8	3.65676866E+1	-1.49686944E+1	3.95127515E+1	-3.88533897E-1
5.74878498E+4	4.15842695E+1	2.58592131E-8	3.61329236E+1	-1.40347090E+1	3.87628847E+1	-3.70482944E-1
6.16423370E+4	4.05477803E+1	2.34017574E-8	3.57228096E+1	-1.31286516E+1	3.80589101E+1	-3.52191973E-1
6.60970574E+4	3.95830054E+1	2.10829673E-8	3.53382726E+1	-1.22475104E+1	3.74004684E+1	-3.33624092E-1
7.08737081E+4	3.86860654E+1	1.89076055E-8	3.49752211E+1	-1.13924357E+1	3.67838782E+1	-3.14890903E-1
7.59955541E+4	3.78549273E+1	1.68661260E-8	3.46358087E+1	-1.05592030E+1	3.62096123E+1	-2.95912968E-1
8.14875417E+4	3.70826072E+1	1.49611803E-8	3.43138558E+1	-9.74712923E+0	3.56713784E+1	-2.76767814E-1
8.73764200E+4	3.63667148E+1	1.31849788E-8	3.40099244E+1	-8.95289082E+0	3.51685829E+1	-2.57403753E-1
9.36908711E+4	3.57084398E+1	1.15327376E-8	3.37263200E+1	-8.17616007E+0	3.47032314E+1	-2.37838237E-1
1.00461650E+5	3.51004457E+1	1.00023943E-8	3.34572696E+1	-7.41459200E+0	3.42690104E+1	-2.18089065E-1
1.07721735E+5	3.45393083E+1	8.58573517E-9	3.32017590E+1	-6.66400663E+0	3.38639305E+1	-1.98080521E-1
1.15506485E+5	3.40267689E+1	7.27800240E-9	3.29620082E+1	-5.92424205E+0	3.34901573E+1	-1.77830823E-1
1.23853818E+5	3.35580061E+1	6.07217854E-9	3.27348719E+1	-5.19087522E+0	3.31438838E+1	-1.57263823E-1
1.32804389E+5	3.31328065E+1	4.96491482E-9	3.25200572E+1	-4.46388919E+0	3.28250020E+1	-1.36413243E-1
1.42401793E+5	3.27453096E+1	3.95250446E-9	3.23120005E+1	-3.74180058E+0	3.25279335E+1	-1.15288679E-1
1.52692775E+5	3.23998138E+1	3.02569682E-9	3.21157272E+1	-3.02053602E+0	3.22574578E+1	-9.37757622E-2
1.63727458E+5	3.20944113E+1	2.17779975E-9	3.19293337E+1	-2.29582400E+0	3.20117661E+1	-7.17797539E-2
1.75559587E+5	3.18272411E+1	1.40896751E-9	3.17495541E+1	-1.57051459E+0	3.17883738E+1	-4.94254374E-2
1.88246790E+5	3.16026918E+1	7.10224432E-10	3.15752864E+1	-8.38189725E-1	3.15889843E+1	-2.65383435E-2
2.01850863E+5	3.14079562E+1	7.47262761E-11	3.14076776E+1	-9.34887768E-2	3.14078169E+1	-2.97661242E-3
2.16438064E+5	3.12596651E+1	-4.97749006E-10	3.12456750E+1	6.61147234E-1	3.12526692E+1	2.11564817E-2
2.32079442E+5	3.11514492E+1	-1.01362410E-9	3.10855462E+1	1.43129855E+0	3.11184803E+1	4.60113630E-2
2.48851178E+5	3.10835227E+1	-1.47614633E-9	3.09243532E+1	2.21860417E+0	3.10038358E+1	7.16202361E-2
2.66834962E+5	3.10690067E+1	-1.88952955E-9	3.07709139E+1	3.02861415E+0	3.09196011E+1	9.81085918E-2
2.86118383E+5	3.10968994E+1	-2.25620710E-9	3.06099249E+1	3.86085919E+0	3.08524513E+1	1.25468395E-1
3.06795364E+5	3.11803594E+1	-2.57939085E-9	3.04485124E+1	4.72055455E+0	3.08122632E+1	1.53809496E-1
3.28966612E+5	3.13268293E+1	-2.86148895E-9	3.02870570E+1	5.61173743E+0	3.08025561E+1	1.83207302E-1
3.52740116E+5	3.15345878E+1	-3.10576020E-9	3.01156217E+1	6.53704715E+0	3.08169388E+1	2.13749071E-1
3.78231664E+5	3.18184875E+1	-3.31428123E-9	2.99381377E+1	7.50293842E+0	3.08639961E+1	2.45557150E-1
4.05565415E+5	3.21865993E+1	-3.48723597E-9	2.97526034E+1	8.50985558E+0	3.09456801E+1	2.78582757E-1
4.34874501E+5	3.26425274E+1	-3.62810796E-9	2.95483256E+1	9.56182152E+0	3.10569159E+1	3.12964623E-1
4.66301673E+5	3.32114850E+1	-3.73699421E-9	2.93329242E+1	1.06662782E+1	3.12120164E+1	3.48763783E-1
NaN	NaN	NaN	NaN	NaN	NaN	NaN
