Start time:20240908_06-04-45	sweep/start:500.000	sweep/stop:500000.000	sweep/samplecount:100.000	sweep/xmapping:1.000	sweep/scan:0.000	sweep/averaging/sample:10.000	sweep/settling/time:0.100	sweep/settling/inaccuracy:0.010	sweep/awgcontrol:0.000	sweep/averaging/time:0.100	sweep/averaging/tc:15.000	sweep/bandwidthcontrol:2.000	sweep/sincfilter:0.000	sweep/omegasuppression:80.000	sweep/maxbandwidth:100.000	sweep/bandwidth:1250000.000	sweep/order:8.000	sweep/bandwidthoverlap:1.000																				
Frequency	Param0		Param1		RealZ		ImagZ		AbsZ		PhaseZ		
5.00000000E+2	1.35116418E+3	8.75346631E-7	9.12562852E+1	-3.39078870E+2	3.51144119E+2	-1.30789558E+0
5.36133611E+2	1.21177556E+3	8.64679861E-7	9.00388902E+1	-3.17804817E+2	3.30313344E+2	-1.29471623E+0
5.74878498E+2	1.08882444E+3	8.53243311E-7	8.88045713E+1	-2.98003897E+2	3.10954298E+2	-1.28117723E+0
6.16423370E+2	9.79155621E+2	8.41040878E-7	8.76346869E+1	-2.79514115E+2	2.92929993E+2	-1.26697784E+0
6.60970574E+2	8.82379142E+2	8.28032940E-7	8.64463744E+1	-2.62307999E+2	2.76185560E+2	-1.25244509E+0
7.08737081E+2	7.96374308E+2	8.14244783E-7	8.52809758E+1	-2.46257436E+2	2.60606160E+2	-1.23741417E+0
7.59955541E+2	7.19952254E+2	7.99719136E-7	8.41242543E+1	-2.31275912E+2	2.46100464E+2	-1.22193397E+0
8.14875417E+2	6.52220741E+2	7.84369076E-7	8.29717101E+1	-2.17328229E+2	2.32628168E+2	-1.20609428E+0
8.73764200E+2	5.91998337E+2	7.68336317E-7	8.18152378E+1	-2.04305515E+2	2.20078344E+2	-1.18989746E+0
9.36908711E+2	5.38512400E+2	7.51600580E-7	8.06516936E+1	-1.92164607E+2	2.08403293E+2	-1.17342246E+0
1.00461650E+3	4.90823028E+2	7.34171514E-7	7.95016341E+1	-1.80833403E+2	1.97537920E+2	-1.15659093E+0
1.07721735E+3	4.48390425E+2	7.16162759E-7	7.83362518E+1	-1.70260551E+2	1.87417245E+2	-1.13957810E+0
1.15506485E+3	4.10530362E+2	6.97572963E-7	7.71733418E+1	-1.60394120E+2	1.77994378E+2	-1.12234358E+0
1.23853818E+3	3.76728349E+2	6.78463132E-7	7.60102191E+1	-1.51187465E+2	1.69219394E+2	-1.10494733E+0
1.32804389E+3	3.46545134E+2	6.58937210E-7	7.48361903E+1	-1.42596148E+2	1.61040731E+2	-1.08749660E+0
1.42401793E+3	3.19480286E+2	6.39072218E-7	7.36609601E+1	-1.34563320E+2	1.53405424E+2	-1.06994576E+0
1.52692775E+3	2.95223373E+2	6.18964504E-7	7.24745780E+1	-1.27057563E+2	1.46274362E+2	-1.05242033E+0
1.63727458E+3	2.73405041E+2	5.98659169E-7	7.12893859E+1	-1.20036246E+2	1.39609731E+2	-1.03487506E+0
1.75559587E+3	2.53727272E+2	5.78253853E-7	7.01045518E+1	-1.13458310E+2	1.33369548E+2	-1.01732746E+0
1.88246790E+3	2.35986716E+2	5.57809618E-7	6.89180527E+1	-1.07303525E+2	1.27529387E+2	-9.99872973E-1
2.01850863E+3	2.19943745E+2	5.37421451E-7	6.77298505E+1	-1.01535334E+2	1.22052270E+2	-9.82523572E-1
2.16438064E+3	2.05403421E+2	5.17130698E-7	6.65464288E+1	-9.61271900E+1	1.16913917E+2	-9.65273914E-1
2.32079442E+3	1.92186827E+2	4.96999585E-7	6.53705995E+1	-9.10497262E+1	1.12086431E+2	-9.48114193E-1
2.48851178E+3	1.80143481E+2	4.77121505E-7	6.41978197E+1	-8.62754805E+1	1.07539847E+2	-9.31080172E-1
2.66834962E+3	1.69153658E+2	4.57464618E-7	6.30429210E+1	-8.17895510E+1	1.03266357E+2	-9.14119140E-1
2.86118383E+3	1.59105851E+2	4.38130273E-7	6.18975330E+1	-7.75690331E+1	9.92383976E+1	-8.97296211E-1
3.06795364E+3	1.49883802E+2	4.19113647E-7	6.07721142E+1	-7.35901187E+1	9.54398002E+1	-8.80509192E-1
3.28966612E+3	1.41422346E+2	4.00516765E-7	5.96543803E+1	-6.98413717E+1	9.18502169E+1	-8.63903096E-1
3.52740116E+3	1.33642116E+2	3.82273480E-7	5.85623458E+1	-6.63087281E+1	8.84669192E+1	-8.47353810E-1
3.78231664E+3	1.26470244E+2	3.64462082E-7	5.74882309E+1	-6.29734376E+1	8.52675235E+1	-8.30901604E-1
4.05565415E+3	1.19847751E+2	3.47069588E-7	5.64386853E+1	-5.98224393E+1	8.22438415E+1	-8.14494724E-1
4.34874501E+3	1.13725800E+2	3.30122132E-7	5.54128248E+1	-5.68444069E+1	7.93843045E+1	-7.98150165E-1
4.66301673E+3	1.08063326E+2	3.13653071E-7	5.44080401E+1	-5.40303513E+1	7.66779872E+1	-7.81915197E-1
5.00000000E+3	1.02815676E+2	2.97632178E-7	5.34322247E+1	-5.13679630E+1	7.41192977E+1	-7.65703591E-1
5.36133611E+3	9.79408878E+1	2.82093067E-7	5.24814239E+1	-4.88444199E+1	7.16943319E+1	-7.49519428E-1
5.74878498E+3	9.34226743E+1	2.67055889E-7	5.15543228E+1	-4.64596005E+1	6.93998753E+1	-7.33465323E-1
6.16423370E+3	8.92173014E+1	2.52497321E-7	5.06555538E+1	-4.41969077E+1	6.72261244E+1	-7.17411610E-1
6.60970574E+3	8.53036472E+1	2.38443046E-7	4.97816298E+1	-4.20516812E+1	6.51655935E+1	-7.01422429E-1
7.08737081E+3	8.16636242E+1	2.24875437E-7	4.89366602E+1	-4.00193489E+1	6.32166514E+1	-6.85487876E-1
7.59955541E+3	7.82638762E+1	2.11818333E-7	4.81152019E+1	-3.80868681E+1	6.13651545E+1	-6.69583580E-1
8.14875417E+3	7.50996195E+1	1.99275507E-7	4.73182291E+1	-3.62569465E+1	5.96119199E+1	-6.53811641E-1
8.73764200E+3	7.21460759E+1	1.87212481E-7	4.65503972E+1	-3.45179517E+1	5.79519497E+1	-6.38050411E-1
9.36908711E+3	6.93847020E+1	1.75669337E-7	4.58032706E+1	-3.28649762E+1	5.63741632E+1	-6.22390910E-1
1.00461650E+4	6.68029155E+1	1.64618226E-7	4.50809174E+1	-3.12929317E+1	5.48774699E+1	-6.06789183E-1
1.07721735E+4	6.43886058E+1	1.54052691E-7	4.43833816E+1	-2.97976422E+1	5.34582459E+1	-5.91251248E-1
1.15506485E+4	6.21257947E+1	1.43974219E-7	4.37077267E+1	-2.83727311E+1	5.21092818E+1	-5.75775198E-1
1.23853818E+4	6.00088340E+1	1.34363578E-7	4.30570250E+1	-2.70165588E+1	5.08311111E+1	-5.60366314E-1
1.32804389E+4	5.80193973E+1	1.25224577E-7	4.24259602E+1	-2.57209356E+1	4.96137948E+1	-5.45005819E-1
1.42401793E+4	5.61505614E+1	1.16549539E-7	4.18140812E+1	-2.44840098E+1	4.84549701E+1	-5.29722723E-1
1.52692775E+4	5.43988920E+1	1.08307505E-7	4.12263679E+1	-2.33035466E+1	4.73568234E+1	-5.14482321E-1
1.63727458E+4	5.27534139E+1	1.00490059E-7	4.06606738E+1	-2.21742848E+1	4.63140296E+1	-4.99265888E-1
1.75559587E+4	5.12078019E+1	9.30900037E-8	4.01159456E+1	-2.10940817E+1	4.53238280E+1	-4.84095763E-1
1.88246790E+4	4.97493514E+1	8.61026433E-8	3.95873516E+1	-2.00570842E+1	4.43784301E+1	-4.68956512E-1
2.01850863E+4	4.83822707E+1	7.94955850E-8	3.90826800E+1	-1.90644408E+1	4.34845812E+1	-4.53838187E-1
2.16438064E+4	4.70988880E+1	7.32610690E-8	3.85996786E+1	-1.81126126E+1	4.26380340E+1	-4.38740325E-1
2.32079442E+4	4.58867690E+1	6.73886626E-8	3.81334474E+1	-1.71947914E+1	4.18308581E+1	-4.23611271E-1
2.48851178E+4	4.47478250E+1	6.18563382E-8	3.76885390E+1	-1.63111654E+1	4.10667765E+1	-4.08449021E-1
2.66834962E+4	4.36757476E+1	5.66756635E-8	3.72585543E+1	-1.54627079E+1	4.03397473E+1	-3.93379501E-1
2.86118383E+4	4.26692742E+1	5.18185624E-8	3.68474399E+1	-1.46464899E+1	3.96516521E+1	-3.78340738E-1
3.06795364E+4	4.17242168E+1	4.72651655E-8	3.64557724E+1	-1.38587584E+1	3.90011352E+1	-3.63280393E-1
3.28966612E+4	4.08408392E+1	4.30041340E-8	3.60852643E+1	-1.30998537E+1	3.83894839E+1	-3.48230948E-1
3.52740116E+4	4.00054835E+1	3.90277762E-8	3.57273272E+1	-1.23631340E+1	3.78059387E+1	-3.33143874E-1
3.78231664E+4	3.92243356E+1	3.53215676E-8	3.53879514E+1	-1.16516851E+1	3.72567964E+1	-3.18076215E-1
4.05565415E+4	3.84933582E+1	3.18733733E-8	3.50657414E+1	-1.09632074E+1	3.67395991E+1	-3.03019008E-1
4.34874501E+4	3.78094224E+1	2.86723386E-8	3.47595084E+1	-1.02962860E+1	3.62524059E+1	-2.87980662E-1
4.66301673E+4	3.71692163E+1	2.57015588E-8	3.44689447E+1	-9.64756447E+0	3.57936260E+1	-2.72908085E-1
5.00000000E+4	3.65693933E+1	2.29624500E-8	3.41899764E+1	-9.01954542E+0	3.53596761E+1	-2.57930418E-1
5.36133611E+4	3.60112748E+1	2.04218550E-8	3.39289718E+1	-8.40537866E+0	3.49546209E+1	-2.42845344E-1
5.74878498E+4	3.54899681E+1	1.80875778E-8	3.36792677E+1	-7.80916494E+0	3.45727658E+1	-2.27842387E-1
6.16423370E+4	3.50043644E+1	1.59353545E-8	3.34433888E+1	-7.22525458E+0	3.42149758E+1	-2.12774138E-1
6.60970574E+4	3.45514166E+1	1.39626246E-8	3.32180073E+1	-6.65531303E+0	3.38781524E+1	-1.97734543E-1
7.08737081E+4	3.41292488E+1	1.21524766E-8	3.30034207E+1	-6.09558641E+0	3.35616143E+1	-1.82637420E-1
7.59955541E+4	3.37393919E+1	1.04954516E-8	3.28015968E+1	-5.54627509E+0	3.32671900E+1	-1.67501233E-1
8.14875417E+4	3.33767403E+1	8.98462486E-9	3.26080440E+1	-5.00656310E+0	3.29901533E+1	-1.52347964E-1
8.73764200E+4	3.30410482E+1	7.60166605E-9	3.24245279E+1	-4.47105888E+0	3.27313365E+1	-1.37027136E-1
9.36908711E+4	3.27321849E+1	6.34246949E-9	3.22505057E+1	-3.94136874E+0	3.24904527E+1	-1.21608031E-1
1.00461650E+5	3.24453301E+1	5.19596308E-9	3.20820354E+1	-3.41397492E+0	3.22631714E+1	-1.06014947E-1
1.07721735E+5	3.21835545E+1	4.15267527E-9	3.19223471E+1	-2.88761968E+0	3.20526847E+1	-9.02121033E-2
1.15506485E+5	3.19437621E+1	3.20700415E-9	3.17681574E+1	-2.36191265E+0	3.18558387E+1	-7.42118928E-2
1.23853818E+5	3.17264052E+1	2.35042070E-9	3.16199239E+1	-1.83491743E+0	3.16731198E+1	-5.79654123E-2
1.32804389E+5	3.15293769E+1	1.57271211E-9	3.14754840E+1	-1.30235520E+0	3.15024189E+1	-4.13532151E-2
1.42401793E+5	3.13554073E+1	8.68575996E-10	3.13367995E+1	-7.63607750E-1	3.13461020E+1	-2.43629404E-2
1.52692775E+5	3.12040066E+1	2.33084228E-10	3.12024870E+1	-2.17726229E-1	3.12032468E+1	-6.97773581E-3
1.63727458E+5	3.10727531E+1	-3.43171282E-10	3.10690141E+1	3.40815695E-1	3.10708835E+1	1.09691927E-2
1.75559587E+5	3.09689494E+1	-8.59592622E-10	3.09422682E+1	9.08606233E-1	3.09556059E+1	2.93561288E-2
1.88246790E+5	3.08842900E+1	-1.33355348E-9	3.08022791E+1	1.49975808E+0	3.08432466E+1	4.86566447E-2
2.01850863E+5	3.08329677E+1	-1.74429044E-9	3.06901803E+1	2.09336035E+0	3.07614911E+1	6.81039672E-2
2.16438064E+5	3.08057757E+1	-2.11920334E-9	3.05648628E+1	2.71356827E+0	3.06850828E+1	8.85484846E-2
2.32079442E+5	3.08083811E+1	-2.45383567E-9	3.04384803E+1	3.35547366E+0	3.06228722E+1	1.09794563E-1
2.48851178E+5	3.08461891E+1	-2.75211959E-9	3.03121249E+1	4.02350674E+0	3.05779911E+1	1.31964478E-1
2.66834962E+5	3.09202394E+1	-3.01412955E-9	3.01833122E+1	4.71622294E+0	3.05495538E+1	1.54999319E-1
2.86118383E+5	3.10357351E+1	-3.24652275E-9	3.00497872E+1	5.44311491E+0	3.05387825E+1	1.79193607E-1
3.06795364E+5	3.11996964E+1	-3.44727881E-9	2.99138662E+1	6.20194590E+0	3.05500171E+1	2.04430523E-1
3.28966612E+5	3.14187339E+1	-3.62191669E-9	2.97716301E+1	7.00263376E+0	3.05840958E+1	2.31012501E-1
3.52740116E+5	3.16906357E+1	-3.76345099E-9	2.96209559E+1	7.82980386E+0	3.06383243E+1	2.58422664E-1
3.78231664E+5	3.20399516E+1	-3.88377478E-9	2.94633343E+1	8.71295523E+0	3.07246447E+1	2.87527382E-1
4.05565415E+5	3.24583419E+1	-3.97594126E-9	2.92906474E+1	9.63243313E+0	3.08338425E+1	3.17716425E-1
4.34874501E+5	3.29692301E+1	-4.05124522E-9	2.90940907E+1	1.06180780E+1	3.09711117E+1	3.49936477E-1
4.66301673E+5	3.35902844E+1	-4.09426861E-9	2.88983963E+1	1.16442242E+1	3.11561445E+1	3.83035448E-1
5.00000000E+5	3.43382905E+1	-4.11779141E-9	2.86791278E+1	1.27396861E+1	3.13813986E+1	4.18032358E-1
