Start time:20240905_12-07-51	sweep/start:500.000	sweep/stop:500000.000	sweep/samplecount:100.000	sweep/xmapping:1.000	sweep/scan:0.000	sweep/averaging/sample:10.000	sweep/settling/time:0.100	sweep/settling/inaccuracy:0.010	sweep/awgcontrol:0.000	sweep/averaging/time:0.100	sweep/averaging/tc:15.000	sweep/bandwidthcontrol:2.000	sweep/sincfilter:0.000	sweep/omegasuppression:80.000	sweep/maxbandwidth:100.000	sweep/bandwidth:1250000.000	sweep/order:8.000	sweep/bandwidthoverlap:1.000																				
Frequency	Param0		Param1		RealZ		ImagZ		AbsZ		PhaseZ		
5.00000000E+2	1.23053082E+3	7.14724399E-7	1.42518897E+2	-3.93779043E+2	4.18776322E+2	-1.22353672E+0
5.36133611E+2	1.11202752E+3	7.01309918E-7	1.40732724E+2	-3.69719714E+2	3.95598791E+2	-1.20708409E+0
5.74878498E+2	1.00740058E+3	6.87126493E-7	1.38921924E+2	-3.47347233E+2	3.74098233E+2	-1.19033194E+0
6.16423370E+2	9.13314712E+2	6.72602012E-7	1.37118749E+2	-3.26237277E+2	3.53881832E+2	-1.17291018E+0
6.60970574E+2	8.30260211E+2	6.56789301E-7	1.35471720E+2	-3.06796287E+2	3.35375291E+2	-1.15497563E+0
7.08737081E+2	7.56814391E+2	6.40383983E-7	1.33762646E+2	-2.88688247E+2	3.18171928E+2	-1.13689915E+0
7.59955541E+2	6.91251702E+2	6.23533954E-7	1.32025845E+2	-2.71720700E+2	3.02097645E+2	-1.11850182E+0
8.14875417E+2	6.32532605E+2	6.05809687E-7	1.30438306E+2	-2.55914551E+2	2.87239315E+2	-1.09942307E+0
8.73764200E+2	5.81058871E+2	5.87460101E-7	1.28782970E+2	-2.41340746E+2	2.73551506E+2	-1.08061994E+0
9.36908711E+2	5.34806022E+2	5.68572251E-7	1.27207920E+2	-2.27705224E+2	2.60828551E+2	-1.06133494E+0
1.00461650E+3	4.94130817E+2	5.49412931E-7	1.25522868E+2	-2.15101598E+2	2.49047576E+2	-1.04255910E+0
1.07721735E+3	4.57442070E+2	5.29707613E-7	1.23976649E+2	-2.03327062E+2	2.38143049E+2	-1.02324582E+0
1.15506485E+3	4.24861439E+2	5.10024893E-7	1.22327555E+2	-1.92375196E+2	2.27974233E+2	-1.00441136E+0
1.23853818E+3	3.95939046E+2	4.90167417E-7	1.20676593E+2	-1.82257273E+2	2.18587649E+2	-9.85946466E-1
1.32804389E+3	3.70081681E+2	4.70346267E-7	1.19009849E+2	-1.72858340E+2	2.09865086E+2	-9.67842510E-1
1.42401793E+3	3.47059884E+2	4.50726998E-7	1.17290994E+2	-1.64163975E+2	2.01759738E+2	-9.50421774E-1
1.52692775E+3	3.26208213E+2	4.31315888E-7	1.15589702E+2	-1.56029882E+2	1.94181116E+2	-9.33197810E-1
1.63727458E+3	3.07553735E+2	4.12381391E-7	1.13810720E+2	-1.48492511E+2	1.87090642E+2	-9.16855866E-1
1.75559587E+3	2.90841272E+2	3.94002203E-7	1.11957429E+2	-1.41518093E+2	1.80448991E+2	-9.01495096E-1
1.88246790E+3	2.75719481E+2	3.76092167E-7	1.10097827E+2	-1.35035476E+2	1.74230058E+2	-8.86780348E-1
2.01850863E+3	2.62005375E+2	3.58857445E-7	1.08179376E+2	-1.28999217E+2	1.68355506E+2	-8.72955010E-1
2.16438064E+3	2.49587960E+2	3.42384755E-7	1.06183851E+2	-1.23398528E+2	1.62794990E+2	-8.60240669E-1
2.32079442E+3	2.38196953E+2	3.26582103E-7	1.04164499E+2	-1.18158458E+2	1.57517190E+2	-8.48259514E-1
2.48851178E+3	2.27744405E+2	3.11644103E-7	1.02056554E+2	-1.13257525E+2	1.52455922E+2	-8.37372857E-1
2.66834962E+3	2.18098599E+2	2.97406730E-7	9.99242232E+1	-1.08666835E+2	1.47625649E+2	-8.27286332E-1
2.86118383E+3	2.09166837E+2	2.83934624E-7	9.77452607E+1	-1.04359618E+2	1.42986246E+2	-8.18113845E-1
3.06795364E+3	2.00847852E+2	2.71207678E-7	9.55261435E+1	-1.00304415E+2	1.38514332E+2	-8.09793352E-1
3.28966612E+3	1.93037678E+2	2.59205654E-7	9.32712618E+1	-9.64641815E+1	1.34182216E+2	-8.02224834E-1
3.52740116E+3	1.85666620E+2	2.47916814E-7	9.09793173E+1	-9.28147878E+1	1.29968541E+2	-7.95384389E-1
3.78231664E+3	1.78686127E+2	2.37263274E-7	8.86726143E+1	-8.93405436E+1	1.25875199E+2	-7.89150286E-1
4.05565415E+3	1.72049039E+2	2.27210516E-7	8.63569998E+1	-8.60238718E+1	1.21891913E+2	-7.83465651E-1
4.34874501E+3	1.65651028E+2	2.17731605E-7	8.40346579E+1	-8.28166846E+1	1.17984860E+2	-7.78098545E-1
4.66301673E+3	1.59556489E+2	2.08725005E-7	8.17368256E+1	-7.97541940E+1	1.14200002E+2	-7.73121748E-1
5.00000000E+3	1.53672202E+2	2.00191342E-7	7.94552112E+1	-7.67914467E+1	1.10499127E+2	-7.68351355E-1
5.36133611E+3	1.47967780E+2	1.92103519E-7	7.71921353E+1	-7.39142928E+1	1.06873517E+2	-7.63709284E-1
5.74878498E+3	1.42469720E+2	1.84372687E-7	7.49752576E+1	-7.11365897E+1	1.03352329E+2	-7.59132088E-1
6.16423370E+3	1.37117434E+2	1.76990299E-7	7.27996160E+1	-6.84274224E+1	9.99104419E+1	-7.54449431E-1
6.60970574E+3	1.31937911E+2	1.69909162E-7	7.06776464E+1	-6.58006922E+1	9.65663550E+1	-7.49679090E-1
7.08737081E+3	1.26896874E+2	1.63102841E-7	6.86120597E+1	-6.32379703E+1	9.33094623E+1	-7.44661601E-1
7.59955541E+3	1.22008830E+2	1.56541025E-7	6.66090374E+1	-6.07464132E+1	9.01492688E+1	-7.39397079E-1
8.14875417E+3	1.17267067E+2	1.50194788E-7	6.46736494E+1	-5.83215920E+1	8.70866759E+1	-7.33799264E-1
8.73764200E+3	1.12674491E+2	1.44032404E-7	6.28127355E+1	-5.59638554E+1	8.41272425E+1	-7.27800076E-1
9.36908711E+3	1.08217576E+2	1.38047560E-7	6.10224584E+1	-5.36652772E+1	8.12631680E+1	-7.21336263E-1
1.00461650E+4	1.03915839E+2	1.32232560E-7	5.93019754E+1	-5.14362721E+1	7.85010475E+1	-7.14487565E-1
1.07721735E+4	9.97572608E+1	1.26550168E-7	5.76599051E+1	-4.92679352E+1	7.58419023E+1	-7.07076154E-1
1.15506485E+4	9.57416071E+1	1.21013638E-7	5.60864069E+1	-4.71605513E+1	7.32789376E+1	-6.99161070E-1
1.23853818E+4	9.18781509E+1	1.15595911E-7	5.45884582E+1	-4.51174771E+1	7.08201000E+1	-6.90693178E-1
1.32804389E+4	8.81655681E+1	1.10299964E-7	5.31609136E+1	-4.31379105E+1	6.84613914E+1	-6.81689285E-1
1.42401793E+4	8.46006136E+1	1.05116477E-7	5.18033727E+1	-4.12190203E+1	6.62011865E+1	-6.72102572E-1
1.52692775E+4	8.11818127E+1	1.00047518E-7	5.05115481E+1	-3.93599094E+1	6.40360758E+1	-6.61944862E-1
1.63727458E+4	7.79104483E+1	9.50895767E-8	4.92840625E+1	-3.75609438E+1	6.19656628E+1	-6.51220259E-1
1.75559587E+4	7.47905029E+1	9.02210754E-8	4.81274217E+1	-3.58221341E+1	5.99956169E+1	-6.39855074E-1
1.88246790E+4	7.18165235E+1	8.54699732E-8	4.70281255E+1	-3.41431083E+1	5.81153720E+1	-6.27972948E-1
2.01850863E+4	6.89820863E+1	8.08225988E-8	4.59884376E+1	-3.25183321E+1	5.63238702E+1	-6.15473852E-1
2.16438064E+4	6.62850875E+1	7.62813220E-8	4.50055829E+1	-3.09466712E+1	5.46186688E+1	-6.02367804E-1
2.32079442E+4	6.37306827E+1	7.18592647E-8	4.40750007E+1	-2.94333844E+1	5.29993383E+1	-5.88788356E-1
2.48851178E+4	6.13122589E+1	6.75413015E-8	4.32004769E+1	-2.79720850E+1	5.14657051E+1	-5.74612093E-1
2.66834962E+4	5.90216137E+1	6.33359535E-8	4.23763262E+1	-2.65587292E+1	5.00111902E+1	-5.59846023E-1
2.86118383E+4	5.68613521E+1	5.92563583E-8	4.15985639E+1	-2.51974215E+1	4.86348700E+1	-5.44620740E-1
3.06795364E+4	5.48270968E+1	5.53025527E-8	4.08664605E+1	-2.38855973E+1	4.73348642E+1	-5.28928991E-1
3.28966612E+4	5.29133105E+1	5.14727195E-8	4.01796419E+1	-2.26193329E+1	4.61089781E+1	-5.12735082E-1
3.52740116E+4	5.11150035E+1	4.77780512E-8	3.95330168E+1	-2.13979171E+1	4.49525337E+1	-4.96113692E-1
3.78231664E+4	4.94304384E+1	4.42215446E-8	3.89260155E+1	-2.02211601E+1	4.38649063E+1	-4.79107327E-1
4.05565415E+4	4.78520825E+1	4.08049804E-8	3.83560275E+1	-1.90848352E+1	4.28417529E+1	-4.61702277E-1
4.34874501E+4	4.63775792E+1	3.75372361E-8	3.78200167E+1	-1.79901959E+1	4.18807930E+1	-4.44002369E-1
4.66301673E+4	4.50045827E+1	3.44146125E-8	3.73197903E+1	-1.69350177E+1	4.09824546E+1	-4.25993889E-1
5.00000000E+4	4.37218393E+1	3.14465903E-8	3.68472226E+1	-1.59157317E+1	4.01376176E+1	-4.07732856E-1
5.36133611E+4	4.25275654E+1	2.86254055E-8	3.64052686E+1	-1.49292949E+1	3.93475214E+1	-3.89170950E-1
5.74878498E+4	4.14177561E+1	2.59562789E-8	3.59907448E+1	-1.39757703E+1	3.86090130E+1	-3.70393281E-1
6.16423370E+4	4.03882470E+1	2.34421283E-8	3.56010156E+1	-1.30548950E+1	3.79191589E+1	-3.51474243E-1
6.60970574E+4	3.94316719E+1	2.10769657E-8	3.52341379E+1	-1.21612696E+1	3.72738644E+1	-3.32352839E-1
7.08737081E+4	3.85494962E+1	1.88578626E-8	3.48928049E+1	-1.12956722E+1	3.66756056E+1	-3.13078243E-1
7.59955541E+4	3.77305108E+1	1.67818337E-8	3.45703836E+1	-1.04521191E+1	3.61158999E+1	-2.93605096E-1
8.14875417E+4	3.69775117E+1	1.48513593E-8	3.42683023E+1	-9.63535147E+0	3.55971424E+1	-2.74096908E-1
8.73764200E+4	3.62812419E+1	1.30535598E-8	3.39838104E+1	-8.83603223E+0	3.51137415E+1	-2.54374716E-1
9.36908711E+4	3.56377274E+1	1.13873148E-8	3.37136489E+1	-8.05404843E+0	3.46623402E+1	-2.34500637E-1
1.00461650E+5	3.50509654E+1	9.84816272E-9	3.34623203E+1	-7.29107246E+0	3.42474325E+1	-2.14535901E-1
1.07721735E+5	3.45084704E+1	8.42724694E-9	3.32213859E+1	-6.53901563E+0	3.38588129E+1	-1.94347090E-1
1.15506485E+5	3.40166986E+1	7.11856497E-9	3.29975819E+1	-5.79899807E+0	3.35032654E+1	-1.73963676E-1
1.23853818E+5	3.35663284E+1	5.92031237E-9	3.27823295E+1	-5.06964489E+0	3.31720129E+1	-1.53430251E-1
1.32804389E+5	3.31586024E+1	4.81604983E-9	3.25800842E+1	-4.34141573E+0	3.28680704E+1	-1.32473289E-1
1.42401793E+5	3.27928560E+1	3.81429350E-9	3.23872064E+1	-3.62461727E+0	3.25894001E+1	-1.11451331E-1
1.52692775E+5	3.24643965E+1	2.89991741E-9	3.22016954E+1	-2.90850674E+0	3.23327792E+1	-9.00771201E-2
1.63727458E+5	3.21739393E+1	2.06418946E-9	3.20244559E+1	-2.18794764E+0	3.20991106E+1	-6.82151446E-2
1.75559587E+5	3.19227874E+1	1.30739245E-9	3.18552715E+1	-1.46653508E+0	3.18890116E+1	-4.60049571E-2
1.88246790E+5	3.17139780E+1	6.17748950E-10	3.16924221E+1	-7.34303291E-1	3.17031969E+1	-2.31652244E-2
2.01850863E+5	3.15310064E+1	2.01247391E-13	3.15310062E+1	-2.53845569E-4	3.15310063E+1	-8.04924539E-6
2.16438064E+5	3.13914542E+1	-5.59243692E-10	3.13735719E+1	7.49014149E-1	3.13825118E+1	2.38695127E-2
2.32079442E+5	3.12918866E+1	-1.06248074E-9	3.12185106E+1	1.51349669E+0	3.12551771E+1	4.84428199E-2
2.48851178E+5	3.12357256E+1	-1.51320395E-9	3.10660479E+1	2.29590881E+0	3.11507712E+1	7.37700053E-2
2.66834962E+5	3.12253479E+1	-1.91377786E-9	3.09150232E+1	3.09735470E+0	3.10697981E+1	9.98560817E-2
2.86118383E+5	3.12592056E+1	-2.27006666E-9	3.07586502E+1	3.92382312E+0	3.10079178E+1	1.26882802E-1
3.06795364E+5	3.13460990E+1	-2.58416358E-9	3.06000177E+1	4.77808441E+0	3.09708118E+1	1.54895670E-1
3.28966612E+5	3.14937542E+1	-2.85870124E-9	3.04396335E+1	5.66453612E+0	3.09622081E+1	1.83986261E-1
3.52740116E+5	3.17023721E+1	-3.09389598E-9	3.02718205E+1	6.58067903E+0	3.09788398E+1	2.14055902E-1
3.78231664E+5	3.19843008E+1	-3.29615110E-9	3.00951743E+1	7.54012463E+0	3.10253622E+1	2.45489329E-1
4.05565415E+5	3.23518268E+1	-3.46415097E-9	2.99122095E+1	8.54249890E+0	3.11081117E+1	2.78180742E-1
4.34874501E+5	3.28077022E+1	-3.60191171E-9	2.97102025E+1	9.59308488E+0	3.12205617E+1	3.12320997E-1
4.66301673E+5	3.33670981E+1	-3.70778132E-9	2.94921547E+1	1.06901985E+1	3.13698519E+1	3.47745815E-1
5.00000000E+5	3.40515215E+1	-3.78379196E-9	2.92578342E+1	1.18428370E+1	3.15638045E+1	3.84615885E-1
