Start time:20240907_03-37-17	sweep/start:500.000	sweep/stop:500000.000	sweep/samplecount:100.000	sweep/xmapping:1.000	sweep/scan:0.000	sweep/averaging/sample:10.000	sweep/settling/time:0.100	sweep/settling/inaccuracy:0.010	sweep/awgcontrol:0.000	sweep/averaging/time:0.100	sweep/averaging/tc:15.000	sweep/bandwidthcontrol:2.000	sweep/sincfilter:0.000	sweep/omegasuppression:80.000	sweep/maxbandwidth:100.000	sweep/bandwidth:1250000.000	sweep/order:8.000	sweep/bandwidthoverlap:1.000																				
Frequency	Param0		Param1		RealZ		ImagZ		AbsZ		PhaseZ		
5.00000000E+2	1.14548113E+3	7.99250359E-7	1.23534171E+2	-3.55310216E+2	3.76172890E+2	-1.23619003E+0
5.36133611E+2	1.03771119E+3	7.84741760E-7	1.21724225E+2	-3.33912839E+2	3.55407616E+2	-1.22122841E+0
5.74878498E+2	9.41736294E+2	7.69431244E-7	1.19961712E+2	-3.13976861E+2	3.36113498E+2	-1.20584017E+0
6.16423370E+2	8.56273677E+2	7.53390704E-7	1.18223147E+2	-2.95388970E+2	3.18168757E+2	-1.19009281E+0
6.60970574E+2	7.80559423E+2	7.36662134E-7	1.16456290E+2	-2.78098856E+2	3.01497998E+2	-1.17422404E+0
7.08737081E+2	7.13092736E+2	7.19340234E-7	1.14684969E+2	-2.61970157E+2	2.85973788E+2	-1.15815193E+0
7.59955541E+2	6.52961285E+2	7.01491440E-7	1.12898587E+2	-2.46925705E+2	2.71511320E+2	-1.14195712E+0
8.14875417E+2	5.99304688E+2	6.82981160E-7	1.11148554E+2	-2.32933127E+2	2.58092704E+2	-1.12557947E+0
8.73764200E+2	5.51511658E+2	6.64169567E-7	1.09339252E+2	-2.19879044E+2	2.45564385E+2	-1.10933510E+0
9.36908711E+2	5.08616342E+2	6.45000344E-7	1.07540437E+2	-2.07682145E+2	2.33873513E+2	-1.09300038E+0
1.00461650E+3	4.70317154E+2	6.25603147E-7	1.05704205E+2	-1.96318921E+2	2.22967483E+2	-1.07687858E+0
1.07721735E+3	4.35888903E+2	6.06047246E-7	1.03859378E+2	-1.85699699E+2	2.12770179E+2	-1.06085116E+0
1.15506485E+3	4.05030204E+2	5.86451939E-7	1.01977793E+2	-1.75797083E+2	2.03234065E+2	-1.04514662E+0
1.23853818E+3	3.77174220E+2	5.66798382E-7	1.00107165E+2	-1.66542474E+2	1.94313768E+2	-1.02957508E+0
1.32804389E+3	3.52051405E+2	5.47309083E-7	9.82009822E+1	-1.57887175E+2	1.85934917E+2	-1.01437933E+0
1.42401793E+3	3.29237996E+2	5.28018440E-7	9.62851476E+1	-1.49766144E+2	1.78046983E+2	-9.99426192E-1
1.52692775E+3	3.08578604E+2	5.08930965E-7	9.43634951E+1	-1.42176249E+2	1.70641598E+2	-9.84844919E-1
1.63727458E+3	2.89750129E+2	4.90186317E-7	9.24279741E+1	-1.35048461E+2	1.63649067E+2	-9.70612995E-1
1.75559587E+3	2.72519936E+2	4.71817453E-7	9.04884465E+1	-1.28342301E+2	1.57034727E+2	-9.56685457E-1
1.88246790E+3	2.56734499E+2	4.53860772E-7	8.85458260E+1	-1.22034440E+2	1.50773897E+2	-9.43107653E-1
2.01850863E+3	2.42249012E+2	4.36284174E-7	8.66185238E+1	-1.16105481E+2	1.44855968E+2	-9.29838916E-1
2.16438064E+3	2.28878666E+2	4.19188831E-7	8.46951523E+1	-1.10506309E+2	1.39229714E+2	-9.16863803E-1
2.32079442E+3	2.16518998E+2	4.02547857E-7	8.27885372E+1	-1.05220477E+2	1.33885365E+2	-9.04149895E-1
2.48851178E+3	2.05064502E+2	3.86393770E-7	8.08964568E+1	-1.00223524E+2	1.28798259E+2	-8.91704528E-1
2.66834962E+3	1.94414224E+2	3.70663100E-7	7.90402031E+1	-9.54944278E+1	1.23961847E+2	-8.79395188E-1
2.86118383E+3	1.84493379E+2	3.55414747E-7	7.72074334E+1	-9.10124847E+1	1.19349320E+2	-8.67280171E-1
3.06795364E+3	1.75235136E+2	3.40605809E-7	7.54107090E+1	-8.67630719E+1	1.14954799E+2	-8.55285382E-1
3.28966612E+3	1.66578407E+2	3.26245470E-7	7.36486730E+1	-8.27293870E+1	1.10762261E+2	-8.43402004E-1
3.52740116E+3	1.58469945E+2	3.12305536E-7	7.19285467E+1	-7.88973816E+1	1.06763817E+2	-8.31569814E-1
3.78231664E+3	1.50867331E+2	2.98782017E-7	7.02506280E+1	-7.52553911E+1	1.02949136E+2	-8.19780184E-1
4.05565415E+3	1.43715917E+2	2.85672805E-7	6.86147581E+1	-7.17847321E+1	9.93027332E+1	-8.07972572E-1
4.34874501E+3	1.37003527E+2	2.72949697E-7	6.70259161E+1	-6.84858627E+1	9.58268588E+1	-7.96171323E-1
4.66301673E+3	1.30695969E+2	2.60591159E-7	6.54881144E+1	-6.53478335E+1	9.25150395E+1	-7.84325975E-1
5.00000000E+3	1.24761587E+2	2.48601563E-7	6.39985571E+1	-6.23598120E+1	8.93563737E+1	-7.72429864E-1
5.36133611E+3	1.19167203E+2	2.36989858E-7	6.25528929E+1	-5.95095691E+1	8.63380174E+1	-7.60470814E-1
5.74878498E+3	1.13899936E+2	2.25726866E-7	6.11565299E+1	-5.67943980E+1	8.34609180E+1	-7.48432410E-1
6.16423370E+3	1.08942536E+2	2.14826465E-7	5.98042191E+1	-5.42095806E+1	8.07169330E+1	-7.36367655E-1
6.60970574E+3	1.04269214E+2	2.04258531E-7	5.85012413E+1	-5.17444025E+1	7.81017186E+1	-7.24185791E-1
7.08737081E+3	9.98608405E+1	1.94032842E-7	5.72428919E+1	-4.93920499E+1	7.56063707E+1	-7.11907215E-1
7.59955541E+3	9.56973621E+1	1.84143510E-7	5.60280653E+1	-4.71443944E+1	7.32238898E+1	-6.99504958E-1
8.14875417E+3	9.17696853E+1	1.74579477E-7	5.48578409E+1	-4.49989337E+1	7.09527080E+1	-6.86986620E-1
8.73764200E+3	8.80641218E+1	1.65350189E-7	5.37277553E+1	-4.29513197E+1	6.87858094E+1	-6.74390336E-1
9.36908711E+3	8.45678018E+1	1.56441233E-7	5.26393732E+1	-4.09962491E+1	6.67202822E+1	-6.61688116E-1
1.00461650E+4	8.12692700E+1	1.47834764E-7	5.15952695E+1	-3.91284810E+1	6.47542267E+1	-6.48838595E-1
1.07721735E+4	7.81479686E+1	1.39542043E-7	5.05887911E+1	-3.73387928E+1	6.28761580E+1	-6.35831349E-1
1.15506485E+4	7.51982228E+1	1.31552158E-7	4.96211667E+1	-3.56253187E+1	6.10853791E+1	-6.22669004E-1
1.23853818E+4	7.24144206E+1	1.23873333E-7	4.86889544E+1	-3.39877641E+1	5.93782992E+1	-6.09422108E-1
1.32804389E+4	6.97789738E+1	1.16481249E-7	4.77942351E+1	-3.24151778E+1	5.77497417E+1	-5.95960933E-1
1.42401793E+4	6.72938849E+1	1.09379510E-7	4.69364175E+1	-3.09112692E+1	5.62008352E+1	-5.82381495E-1
1.52692775E+4	6.49417422E+1	1.02562755E-7	4.61121989E+1	-2.94664485E+1	5.47229981E+1	-5.68615049E-1
1.63727458E+4	6.27249424E+1	9.60188000E-8	4.53254084E+1	-2.80827510E+1	5.33201051E+1	-5.54692840E-1
1.75559587E+4	6.06257208E+1	8.97548528E-8	4.45686038E+1	-2.67515095E+1	5.19808015E+1	-5.40590194E-1
1.88246790E+4	5.86434974E+1	8.37538144E-8	4.38458593E+1	-2.54718498E+1	5.07077364E+1	-5.26287509E-1
2.01850863E+4	5.67737653E+1	7.80214929E-8	4.31540877E+1	-2.42434472E+1	4.94976771E+1	-5.11848402E-1
2.16438064E+4	5.50144279E+1	7.25432107E-8	4.24966229E+1	-2.30643538E+1	4.83521188E+1	-4.97247450E-1
2.32079442E+4	5.33537923E+1	6.73223973E-8	4.18679149E+1	-2.19291973E+1	4.72632207E+1	-4.82483019E-1
2.48851178E+4	5.17878151E+1	6.23501996E-8	4.12684741E+1	-2.08354755E+1	4.62299047E+1	-4.67541049E-1
2.66834962E+4	5.03125184E+1	5.76174550E-8	4.06988775E+1	-1.97804037E+1	4.52511107E+1	-4.52399906E-1
2.86118383E+4	4.89276862E+1	5.31330576E-8	4.01567029E+1	-1.87673588E+1	4.43257775E+1	-4.37190674E-1
3.06795364E+4	4.76262833E+1	4.88924049E-8	3.96396560E+1	-1.77928956E+1	4.34498502E+1	-4.21910522E-1
3.28966612E+4	4.64060400E+1	4.48760429E-8	3.91517812E+1	-1.68528082E+1	4.26248651E+1	-4.06476136E-1
3.52740116E+4	4.52599877E+1	4.10914103E-8	3.86869658E+1	-1.59464813E+1	4.18446125E+1	-3.90972856E-1
3.78231664E+4	4.41831611E+1	3.75329965E-8	3.82433636E+1	-1.50717559E+1	4.11061150E+1	-3.75410895E-1
4.05565415E+4	4.31771285E+1	3.41848639E-8	3.78259803E+1	-1.42271719E+1	4.04130822E+1	-3.59753715E-1
4.34874501E+4	4.22354981E+1	3.10477946E-8	3.74301392E+1	-1.34113849E+1	3.97602889E+1	-3.44053739E-1
4.66301673E+4	4.13582108E+1	2.81177732E-8	3.70564801E+1	-1.26256479E+1	3.91483041E+1	-3.28378050E-1
5.00000000E+4	4.05323054E+1	2.53884232E-8	3.66969644E+1	-1.18636151E+1	3.85669881E+1	-3.12680870E-1
5.36133611E+4	3.97641132E+1	2.28433767E-8	3.63597927E+1	-1.11256628E+1	3.80238729E+1	-2.96941346E-1
5.74878498E+4	3.90458810E+1	2.04795136E-8	3.60392675E+1	-1.04094255E+1	3.75124639E+1	-2.81183065E-1
6.16423370E+4	3.83745097E+1	1.82931148E-8	3.57330212E+1	-9.71536671E+0	3.70302197E+1	-2.65470376E-1
6.60970574E+4	3.77478912E+1	1.62657625E-8	3.54433073E+1	-9.03781308E+0	3.65774535E+1	-2.49672880E-1
7.08737081E+4	3.71637380E+1	1.43972438E-8	3.51672531E+1	-8.37919335E+0	3.61517162E+1	-2.33905655E-1
7.59955541E+4	3.66196040E+1	1.26761509E-8	3.49047665E+1	-7.73666575E+0	3.57519052E+1	-2.18124248E-1
8.14875417E+4	3.61103055E+1	1.10870033E-8	3.46542129E+1	-7.10350118E+0	3.53747680E+1	-2.02181637E-1
8.73764200E+4	3.56351946E+1	9.63131331E-9	3.44133811E+1	-6.48434456E+0	3.50189596E+1	-1.86241479E-1
9.36908711E+4	3.51938618E+1	8.29417708E-9	3.41844613E+1	-5.87416458E+0	3.46854898E+1	-1.70175280E-1
1.00461650E+5	3.47805776E+1	7.07051817E-9	3.39622392E+1	-5.27186792E+0	3.43689729E+1	-1.53998295E-1
1.07721735E+5	3.43972980E+1	5.94703339E-9	3.37503136E+1	-4.67289181E+0	3.40722702E+1	-1.37580091E-1
1.15506485E+5	3.40437402E+1	4.92141444E-9	3.35477305E+1	-4.07921479E+0	3.37948253E+1	-1.21000356E-1
1.23853818E+5	3.37160216E+1	3.98401686E-9	3.33515948E+1	-3.48628886E+0	3.35333132E+1	-1.04153143E-1
1.32804389E+5	3.34148911E+1	3.12572951E-9	3.31629882E+1	-2.89026154E+0	3.32887014E+1	-8.69335826E-2
1.42401793E+5	3.31354047E+1	2.34615041E-9	3.29758595E+1	-2.29371564E+0	3.30555358E+1	-6.94455641E-2
1.52692775E+5	3.28842936E+1	1.63446375E-9	3.27970846E+1	-1.69120942E+0	3.28406602E+1	-5.15202148E-2
1.63727458E+5	3.26590303E+1	9.85781855E-10	3.26232453E+1	-1.08046986E+0	3.26411329E+1	-3.31075295E-2
1.75559587E+5	3.24579736E+1	3.96283361E-10	3.24514405E+1	-4.60432255E-1	3.24547069E+1	-1.41873920E-2
1.88246790E+5	3.22747579E+1	-1.27801136E-10	3.22661312E+1	1.57297217E-1	3.22704440E+1	4.87622039E-3
2.01850863E+5	3.21400731E+1	-6.26212355E-10	3.21191450E+1	8.19866098E-1	3.21296073E+1	2.55202345E-2
2.16438064E+5	3.20236299E+1	-1.06675671E-9	3.19546637E+1	1.48451195E+0	3.19891282E+1	4.64234379E-2
2.32079442E+5	3.19416647E+1	-1.46606890E-9	3.17934146E+1	2.17102907E+0	3.18674534E+1	6.81796550E-2
2.48851178E+5	3.18914169E+1	-1.82413297E-9	3.16297218E+1	2.87703556E+0	3.17602998E+1	9.07102568E-2
2.66834962E+5	3.18829930E+1	-2.14943130E-9	3.14675827E+1	3.61549948E+0	3.16746068E+1	1.14394422E-1
2.86118383E+5	3.19083604E+1	-2.43818774E-9	3.12961705E+1	4.37711990E+0	3.16007830E+1	1.38959807E-1
3.06795364E+5	3.19847087E+1	-2.69300276E-9	3.11265897E+1	5.16820123E+0	3.15527321E+1	1.64537077E-1
3.28966612E+5	3.21122181E+1	-2.91837227E-9	3.09508777E+1	5.99536421E+0	3.15262007E+1	1.91336185E-1
3.52740116E+5	3.23011478E+1	-3.11913128E-9	3.07670267E+1	6.87023992E+0	3.15247565E+1	2.19694595E-1
3.78231664E+5	3.25536981E+1	-3.28807328E-9	3.05752270E+1	7.77766465E+0	3.15489572E+1	2.49094859E-1
4.05565415E+5	3.28741418E+1	-3.43118809E-9	3.03653846E+1	8.72807526E+0	3.15948723E+1	2.79889814E-1
4.34874501E+5	3.33003582E+1	-3.54995819E-9	3.01542028E+1	9.74010932E+0	3.16882588E+1	3.12430952E-1
4.66301673E+5	3.38189692E+1	-3.64338000E-9	2.99197198E+1	1.08011285E+1	3.18096538E+1	3.46443822E-1
NaN	NaN	NaN	NaN	NaN	NaN	NaN
