Start time:20240908_04-59-47	sweep/start:500.000	sweep/stop:500000.000	sweep/samplecount:100.000	sweep/xmapping:1.000	sweep/scan:0.000	sweep/averaging/sample:10.000	sweep/settling/time:0.100	sweep/settling/inaccuracy:0.010	sweep/awgcontrol:0.000	sweep/averaging/time:0.100	sweep/averaging/tc:15.000	sweep/bandwidthcontrol:2.000	sweep/sincfilter:0.000	sweep/omegasuppression:80.000	sweep/maxbandwidth:100.000	sweep/bandwidth:1250000.000	sweep/order:8.000	sweep/bandwidthoverlap:1.000																				
Frequency	Param0		Param1		RealZ		ImagZ		AbsZ		PhaseZ		
5.00000000E+2	1.33959831E+3	8.72307484E-7	9.25338938E+1	-3.39699430E+2	3.52077017E+2	-1.30484955E+0
5.36133611E+2	1.20235720E+3	8.61433921E-7	9.12706681E+1	-3.18448708E+2	3.31270157E+2	-1.29166850E+0
5.74878498E+2	1.08051249E+3	8.49790116E-7	9.00423154E+1	-2.98637264E+2	3.11916391E+2	-1.27795419E+0
6.16423370E+2	9.72451449E+2	8.37372912E-7	8.88327982E+1	-2.80168349E+2	2.93914224E+2	-1.26375406E+0
6.60970574E+2	8.76646483E+2	8.24195977E-7	8.76298895E+1	-2.62947557E+2	2.77164964E+2	-1.24911182E+0
7.08737081E+2	7.91585681E+2	8.10255378E-7	8.64390086E+1	-2.46884929E+2	2.61579570E+2	-1.23401585E+0
7.59955541E+2	7.15940501E+2	7.95527693E-7	8.52709956E+1	-2.31900415E+2	2.47080851E+2	-1.21843636E+0
8.14875417E+2	6.49003423E+2	7.80033014E-7	8.40858657E+1	-2.17948564E+2	2.33606528E+2	-1.20258571E+0
8.73764200E+2	5.89484966E+2	7.63847026E-7	8.28985757E+1	-2.04927515E+2	2.21059858E+2	-1.18639404E+0
9.36908711E+2	5.36473232E+2	7.46969373E-7	8.17186394E+1	-1.92774281E+2	2.09379703E+2	-1.16985063E+0
1.00461650E+3	4.89238281E+2	7.29375756E-7	8.05535323E+1	-1.81441443E+2	1.98519191E+2	-1.15297297E+0
1.07721735E+3	4.47290182E+2	7.11256333E-7	7.93549421E+1	-1.70872693E+2	1.88400330E+2	-1.13602409E+0
1.15506485E+3	4.09813553E+2	6.92555252E-7	7.81667225E+1	-1.61008522E+2	1.78979834E+2	-1.11883051E+0
1.23853818E+3	3.76337235E+2	6.73374189E-7	7.69752093E+1	-1.51800704E+2	1.70201753E+2	-1.10150020E+0
1.32804389E+3	3.46384736E+2	6.53845906E-7	7.57701721E+1	-1.43193963E+2	1.62005032E+2	-1.08410656E+0
1.42401793E+3	3.19580026E+2	6.33954289E-7	7.45639354E+1	-1.35164207E+2	1.54366912E+2	-1.06668380E+0
1.52692775E+3	2.95501191E+2	6.13825179E-7	7.33555806E+1	-1.27654297E+2	1.47229959E+2	-1.04923078E+0
1.63727458E+3	2.73812661E+2	5.93528830E-7	7.21494742E+1	-1.20622935E+2	1.40554044E+2	-1.03174516E+0
1.75559587E+3	2.54324025E+2	5.73196740E-7	7.09257835E+1	-1.14051144E+2	1.34306107E+2	-1.01444592E+0
1.88246790E+3	2.36704522E+2	5.52806600E-7	6.97137033E+1	-1.07896006E+2	1.28458354E+2	-9.97153955E-1
2.01850863E+3	2.20743697E+2	5.32518794E-7	6.84979652E+1	-1.02120138E+2	1.22965417E+2	-9.79966162E-1
2.16438064E+3	2.06271276E+2	5.12374668E-7	6.72822688E+1	-9.67031312E+1	1.17806618E+2	-9.62920988E-1
2.32079442E+3	1.93107461E+2	4.92371325E-7	6.60810903E+1	-9.16189987E+1	1.12963496E+2	-9.45944155E-1
2.48851178E+3	1.81114067E+2	4.72646403E-7	6.48806113E+1	-8.68406437E+1	1.08401066E+2	-9.29139273E-1
2.66834962E+3	1.70142042E+2	4.53204401E-7	6.36923883E+1	-8.23409531E+1	1.04099726E+2	-9.12411451E-1
2.86118383E+3	1.60118701E+2	4.34060695E-7	6.25190146E+1	-7.81142501E+1	1.00052303E+2	-8.95839865E-1
3.06795364E+3	1.50911298E+2	4.15256542E-7	6.13644218E+1	-7.41282141E+1	9.62319305E+1	-8.79323831E-1
3.28966612E+3	1.42437476E+2	3.96853136E-7	6.02241490E+1	-7.03649600E+1	9.26184418E+1	-8.62896975E-1
3.52740116E+3	1.34654717E+2	3.78828259E-7	5.91058629E+1	-6.68234996E+1	8.92125729E+1	-8.46607050E-1
3.78231664E+3	1.27465782E+2	3.61233404E-7	5.80075983E+1	-6.34752105E+1	8.59882773E+1	-8.30375103E-1
4.05565415E+3	1.20824847E+2	3.44074886E-7	5.69317073E+1	-6.03120674E+1	8.29383193E+1	-8.14222072E-1
4.34874501E+3	1.14682616E+2	3.27396575E-7	5.58740084E+1	-5.73225309E+1	8.00485940E+1	-7.98193993E-1
4.66301673E+3	1.08983592E+2	3.11119985E-7	5.48511590E+1	-5.44906110E+1	7.73167274E+1	-7.82100735E-1
5.00000000E+3	1.03710564E+2	2.95292904E-7	5.38571368E+1	-5.18166267E+1	7.47365640E+1	-7.66091038E-1
5.36133611E+3	9.88149239E+1	2.79977748E-7	5.28830359E+1	-4.92850651E+1	7.22885409E+1	-7.50196526E-1
5.74878498E+3	9.42548021E+1	2.65140146E-7	5.19357340E+1	-4.68814655E+1	6.99656509E+1	-7.34295037E-1
6.16423370E+3	9.00206093E+1	2.50770339E-7	5.10188182E+1	-4.46074572E+1	6.77697947E+1	-7.18452337E-1
6.60970574E+3	8.60747914E+1	2.36906704E-7	5.01255468E+1	-4.24496822E+1	6.56852036E+1	-7.02672507E-1
7.08737081E+3	8.24029020E+1	2.23495493E-7	4.92665476E+1	-4.04043781E+1	6.37158261E+1	-6.86888151E-1
7.59955541E+3	7.89732700E+1	2.10615586E-7	4.84267093E+1	-3.84612712E+1	6.18418594E+1	-6.71204199E-1
8.14875417E+3	7.57730662E+1	1.98210980E-7	4.76162923E+1	-3.66158592E+1	6.00668999E+1	-6.55536511E-1
8.73764200E+3	7.27865589E+1	1.86304907E-7	4.68309140E+1	-3.48644025E+1	5.83837398E+1	-6.39955142E-1
9.36908711E+3	6.99934015E+1	1.74886756E-7	4.60708116E+1	-3.31983903E+1	5.67860265E+1	-6.24414715E-1
1.00461650E+4	6.73812454E+1	1.63961629E-7	4.53342537E+1	-3.16146153E+1	5.52691457E+1	-6.08956706E-1
1.07721735E+4	6.49366904E+1	1.53511570E-7	4.46230361E+1	-3.01074228E+1	5.38300313E+1	-5.93547551E-1
1.15506485E+4	6.26448191E+1	1.43527413E-7	4.39364033E+1	-2.86702018E+1	5.24632064E+1	-5.78157800E-1
1.23853818E+4	6.04977154E+1	1.34010598E-7	4.32730076E+1	-2.73013717E+1	5.11655948E+1	-5.62837892E-1
1.32804389E+4	5.84808626E+1	1.24955148E-7	4.26304556E+1	-2.59944236E+1	4.99306100E+1	-5.47566396E-1
1.42401793E+4	5.65866628E+1	1.16332748E-7	4.20120587E+1	-2.47448804E+1	4.87577911E+1	-5.32288074E-1
1.52692775E+4	5.48097057E+1	1.08162768E-7	4.14128616E+1	-2.35542268E+1	4.76426987E+1	-5.17136629E-1
1.63727458E+4	5.31411827E+1	1.00381381E-7	4.08419500E+1	-2.24125995E+1	4.65874395E+1	-5.01893916E-1
1.75559587E+4	5.15705504E+1	9.30562795E-8	4.02824746E+1	-2.13239674E+1	4.55783872E+1	-4.86859505E-1
1.88246790E+4	5.00943588E+1	8.60935579E-8	3.97506156E+1	-2.02773306E+1	4.46237784E+1	-4.71705734E-1
2.01850863E+4	4.87061200E+1	7.95288337E-8	3.92365881E+1	-1.92756868E+1	4.37156947E+1	-4.56637773E-1
2.16438064E+4	4.74004936E+1	7.33173871E-8	3.87461313E+1	-1.83118278E+1	4.28554051E+1	-4.41496898E-1
2.32079442E+4	4.61717945E+1	6.74639074E-8	3.82750907E+1	-1.73852529E+1	4.20384302E+1	-4.26356456E-1
2.48851178E+4	4.50126161E+1	6.19719149E-8	3.78181604E+1	-1.64948773E+1	4.12588696E+1	-4.11287593E-1
2.66834962E+4	4.39261144E+1	5.67991707E-8	3.73847382E+1	-1.56380181E+1	4.05236509E+1	-3.96181626E-1
2.86118383E+4	4.29041434E+1	5.19445779E-8	3.69697457E+1	-1.48119262E+1	3.98265648E+1	-3.81066543E-1
3.06795364E+4	4.19455909E+1	4.73960341E-8	3.65741773E+1	-1.40162398E+1	3.91679138E+1	-3.65964467E-1
3.28966612E+4	4.10462253E+1	4.31373057E-8	3.61978260E+1	-1.32476980E+1	3.85458703E+1	-3.50839799E-1
3.52740116E+4	4.01994338E+1	3.91655252E-8	3.58359250E+1	-1.25048136E+1	3.79550247E+1	-3.35735809E-1
3.78231664E+4	3.94074037E+1	3.54617652E-8	3.54927649E+1	-1.17873384E+1	3.73988999E+1	-3.20644996E-1
4.05565415E+4	3.86649358E+1	3.20110221E-8	3.51667161E+1	-1.10914783E+1	3.68743654E+1	-3.05521985E-1
4.34874501E+4	3.79710532E+1	2.88066563E-8	3.48573777E+1	-1.04179919E+1	3.63809200E+1	-2.90424185E-1
4.66301673E+4	3.73218781E+1	2.58373076E-8	3.45630345E+1	-9.76493720E+0	3.59159764E+1	-2.75349021E-1
5.00000000E+4	3.67146594E+1	2.30876148E-8	3.42834549E+1	-9.12962672E+0	3.54782380E+1	-2.60258476E-1
5.36133611E+4	3.61471241E+1	2.05467921E-8	3.40177731E+1	-8.51092100E+0	3.50662896E+1	-2.45157875E-1
5.74878498E+4	3.56173514E+1	1.82077023E-8	3.37646409E+1	-7.90924133E+0	3.46786257E+1	-2.30097562E-1
6.16423370E+4	3.51260482E+1	1.60525545E-8	3.35270069E+1	-7.32195730E+0	3.43172152E+1	-2.15013950E-1
6.60970574E+4	3.46672555E+1	1.40713208E-8	3.33005223E+1	-6.74632674E+0	3.39770175E+1	-1.99883945E-1
7.08737081E+4	3.42398797E+1	1.22533191E-8	3.30850091E+1	-6.18133460E+0	3.36574914E+1	-1.84702447E-1
7.59955541E+4	3.38436502E+1	1.05929140E-8	3.28801425E+1	-5.62852230E+0	3.33584178E+1	-1.69539729E-1
8.14875417E+4	3.34749652E+1	9.07383604E-9	3.26844582E+1	-5.08303875E+0	3.30773503E+1	-1.54282623E-1
8.73764200E+4	3.31337760E+1	7.68865255E-9	3.24980815E+1	-4.54520005E+0	3.28143894E+1	-1.38959185E-1
9.36908711E+4	3.28192700E+1	6.42290848E-9	3.23215694E+1	-4.01079284E+0	3.25694690E+1	-1.23459178E-1
1.00461650E+5	3.25304842E+1	5.27449000E-9	3.21533217E+1	-3.48238696E+0	3.23413532E+1	-1.07885142E-1
1.07721735E+5	3.22622189E+1	4.22719805E-9	3.19896540E+1	-2.95283780E+0	3.21256474E+1	-9.20451939E-2
1.15506485E+5	3.20192675E+1	3.27744073E-9	3.18346109E+1	-2.42455492E+0	3.19268057E+1	-7.60142250E-2
1.23853818E+5	3.17983550E+1	2.41481181E-9	3.16852162E+1	-1.89336289E+0	3.17417352E+1	-5.96844342E-2
1.32804389E+5	3.15990150E+1	1.63451151E-9	3.15404256E+1	-1.35931901E+0	3.15697067E+1	-4.30710164E-2
1.42401793E+5	3.14217787E+1	9.27189885E-10	3.14004417E+1	-8.18522141E-1	3.14111084E+1	-2.60613186E-2
1.52692775E+5	3.12661641E+1	2.87631490E-10	3.12638365E+1	-2.69743956E-1	3.12650003E+1	-8.62777170E-3
1.63727458E+5	3.11327312E+1	-2.89678747E-10	3.11300514E+1	2.88811811E-1	3.11313913E+1	9.27732377E-3
1.75559587E+5	3.10249532E+1	-8.11242672E-10	3.10010578E+1	8.60681968E-1	3.10130032E+1	2.77558619E-2
1.88246790E+5	3.09629798E+1	-1.29907184E-9	3.08841902E+1	1.46881925E+0	3.09235499E+1	4.75248309E-2
2.01850863E+5	3.08838032E+1	-1.70238058E-9	3.07470931E+1	2.05022697E+0	3.08153723E+1	6.65817901E-2
2.16438064E+5	3.08526148E+1	-2.07992226E-9	3.06194284E+1	2.67208138E+0	3.07358004E+1	8.70469863E-2
2.32079442E+5	3.08541302E+1	-2.41661339E-9	3.04936481E+1	3.31547979E+0	3.06733596E+1	1.08301475E-1
2.48851178E+5	3.08884923E+1	-2.71699671E-9	3.03656229E+1	3.98462601E+0	3.06259417E+1	1.30476129E-1
2.66834962E+5	3.09617057E+1	-2.98617793E-9	3.02351950E+1	4.68679419E+0	3.05962940E+1	1.53787246E-1
2.86118383E+5	3.10732439E+1	-3.21579175E-9	3.01018535E+1	5.40746077E+0	3.05836923E+1	1.77743048E-1
3.06795364E+5	3.12326646E+1	-3.41950479E-9	2.99627244E+1	6.16853758E+0	3.05911053E+1	2.03036935E-1
3.28966612E+5	3.14447826E+1	-3.59159878E-9	2.98198243E+1	6.96102343E+0	3.06215265E+1	2.29329405E-1
3.52740116E+5	3.17161946E+1	-3.74024856E-9	2.96655725E+1	7.79953791E+0	3.06737521E+1	2.57096994E-1
3.78231664E+5	3.20622734E+1	-3.85978680E-9	2.95098173E+1	8.67884571E+0	3.07595809E+1	2.86035418E-1
4.05565415E+5	3.24812298E+1	-3.95966094E-9	2.93306883E+1	9.61287986E+0	3.08657872E+1	3.16709347E-1
4.34874501E+5	3.29950695E+1	-4.02830193E-9	2.91502782E+1	1.05866255E+1	3.10131495E+1	3.48362648E-1
4.66301673E+5	3.36077479E+1	-4.07682225E-9	2.89436329E+1	1.16187936E+1	3.11886247E+1	3.81737064E-1
5.00000000E+5	3.43539604E+1	-4.10373520E-9	2.87201830E+1	1.27201761E+1	3.14110170E+1	4.16934111E-1
