Start time:20240904_12-11-53	sweep/start:500.000	sweep/stop:500000.000	sweep/samplecount:100.000	sweep/xmapping:1.000	sweep/scan:0.000	sweep/averaging/sample:10.000	sweep/settling/time:0.100	sweep/settling/inaccuracy:0.010	sweep/awgcontrol:0.000	sweep/averaging/time:0.100	sweep/averaging/tc:15.000	sweep/bandwidthcontrol:2.000	sweep/sincfilter:0.000	sweep/omegasuppression:80.000	sweep/maxbandwidth:100.000	sweep/bandwidth:1250000.000	sweep/order:8.000	sweep/bandwidthoverlap:1.000																				
Frequency	Param0		Param1		RealZ		ImagZ		AbsZ		PhaseZ		
5.00000000E+2	9.64934087E+2	6.79542751E-7	1.84023318E+2	-3.79085427E+2	4.21390968E+2	-1.11886421E+0
5.36133611E+2	8.82702302E+2	6.60292840E-7	1.81818665E+2	-3.56978572E+2	4.00614195E+2	-1.09971534E+0
5.74878498E+2	8.09596568E+2	6.40257963E-7	1.79687779E+2	-3.36432597E+2	3.81411319E+2	-1.08024431E+0
6.16423370E+2	7.44823081E+2	6.19602026E-7	1.77556757E+2	-3.17367224E+2	3.63659676E+2	-1.06071320E+0
6.60970574E+2	6.87076289E+2	5.98485030E-7	1.75437670E+2	-2.99600857E+2	3.47187346E+2	-1.04105371E+0
7.08737081E+2	6.35765173E+2	5.76923928E-7	1.73334799E+2	-2.83117043E+2	3.31964180E+2	-1.02142741E+0
7.59955541E+2	5.90167649E+2	5.55216536E-7	1.71162240E+2	-2.67801978E+2	3.17827648E+2	-1.00209538E+0
8.14875417E+2	5.49610891E+2	5.33290340E-7	1.69003844E+2	-2.53621861E+2	3.04772619E+2	-9.83005023E-1
8.73764200E+2	5.13406104E+2	5.11412634E-7	1.66806999E+2	-2.40447812E+2	2.92642661E+2	-9.64287632E-1
9.36908711E+2	4.81041816E+2	4.89729697E-7	1.64557923E+2	-2.28210271E+2	2.81352518E+2	-9.46062192E-1
1.00461650E+3	4.52091554E+2	4.68235597E-7	1.62306042E+2	-2.16873088E+2	2.70882242E+2	-9.28325256E-1
1.07721735E+3	4.26194659E+2	4.47285494E-7	1.59937259E+2	-2.06360063E+2	2.61083135E+2	-9.11461402E-1
1.15506485E+3	4.02950868E+2	4.26746214E-7	1.57559210E+2	-1.96630907E+2	2.51969480E+2	-8.95266726E-1
1.23853818E+3	3.81973438E+2	4.06859589E-7	1.55108036E+2	-1.87586366E+2	2.43407371E+2	-8.79889378E-1
1.32804389E+3	3.63059105E+2	3.87708417E-7	1.52572192E+2	-1.79205046E+2	2.35356586E+2	-8.65499706E-1
1.42401793E+3	3.45897963E+2	3.69299108E-7	1.49979556E+2	-1.71416901E+2	2.27766595E+2	-8.52000136E-1
1.52692775E+3	3.30330748E+2	3.51695537E-7	1.47317456E+2	-1.64198207E+2	2.20598016E+2	-8.39534311E-1
1.63727458E+3	3.16103941E+2	3.34975155E-7	1.44567127E+2	-1.57475660E+2	2.13771463E+2	-8.28109602E-1
1.75559587E+3	3.03017512E+2	3.19113878E-7	1.41747941E+2	-1.51194011E+2	2.07248904E+2	-8.17632528E-1
1.88246790E+3	2.90984625E+2	3.04124340E-7	1.38854153E+2	-1.45340797E+2	2.01008516E+2	-8.08218825E-1
2.01850863E+3	2.79827667E+2	2.89987439E-7	1.35894237E+2	-1.39856079E+2	1.95005043E+2	-7.99764674E-1
2.16438064E+3	2.69403479E+2	2.76689721E-7	1.32868876E+2	-1.34689266E+2	1.89196556E+2	-7.92201777E-1
2.32079442E+3	2.59650187E+2	2.64205691E-7	1.29781046E+2	-1.29825083E+2	1.83569258E+2	-7.85567794E-1
2.48851178E+3	2.50472282E+2	2.52474718E-7	1.26649903E+2	-1.25228159E+2	1.78107524E+2	-7.79753649E-1
2.66834962E+3	2.41759852E+2	2.41457967E-7	1.23482436E+2	-1.20851906E+2	1.72780483E+2	-7.74632469E-1
2.86118383E+3	2.33481615E+2	2.31122454E-7	1.20282456E+2	-1.16687071E+2	1.67582045E+2	-7.70226976E-1
3.06795364E+3	2.25556030E+2	2.21399332E-7	1.17071216E+2	-1.12696268E+2	1.62499596E+2	-7.66359700E-1
3.28966612E+3	2.17942528E+2	2.12245078E-7	1.13858002E+2	-1.08861636E+2	1.57526190E+2	-7.62968494E-1
3.52740116E+3	2.10612829E+2	2.03597893E-7	1.10662271E+2	-1.05170127E+2	1.52665955E+2	-7.59957315E-1
3.78231664E+3	2.03515625E+2	1.95451962E-7	1.07474584E+2	-1.01597100E+2	1.47894412E+2	-7.57293274E-1
4.05565415E+3	1.96620600E+2	1.87723838E-7	1.04326596E+2	-9.81260369E+1	1.43222756E+2	-7.54780524E-1
4.34874501E+3	1.89943625E+2	1.80391536E-7	1.01220387E+2	-9.47660290E+1	1.38658455E+2	-7.52477378E-1
4.66301673E+3	1.83439512E+2	1.73413156E-7	9.81669992E+1	-9.14928769E+1	1.34192795E+2	-7.50222724E-1
5.00000000E+3	1.77127925E+2	1.66746240E-7	9.51806433E+1	-8.83164471E+1	1.29842789E+2	-7.48007940E-1
5.36133611E+3	1.70973285E+2	1.60352177E-7	9.22719856E+1	-8.52169292E+1	1.25602725E+2	-7.45669799E-1
5.74878498E+3	1.64967690E+2	1.54240422E-7	8.94275865E+1	-8.21910518E+1	1.21460538E+2	-7.43256758E-1
6.16423370E+3	1.59127007E+2	1.48370512E-7	8.66618844E+1	-7.92462237E+1	1.17431879E+2	-7.40730497E-1
6.60970574E+3	1.53435621E+2	1.42709630E-7	8.39842528E+1	-7.63729085E+1	1.13517293E+2	-7.37968812E-1
7.08737081E+3	1.47887616E+2	1.37247391E-7	8.13927948E+1	-7.35676506E+1	1.09713200E+2	-7.34943333E-1
7.59955541E+3	1.42501294E+2	1.31977326E-7	7.88851266E+1	-7.08404499E+1	1.06024679E+2	-7.31720300E-1
8.14875417E+3	1.37266561E+2	1.26867647E-7	7.64711293E+1	-6.81842744E+1	1.02454521E+2	-7.28173842E-1
8.73764200E+3	1.32170781E+2	1.21924552E-7	7.41403267E+1	-6.55926579E+1	9.89908320E+1	-7.24302847E-1
9.36908711E+3	1.27225747E+2	1.17124010E-7	7.19001600E+1	-6.30707421E+1	9.56428333E+1	-7.20074045E-1
1.00461650E+4	1.22431423E+2	1.12454402E-7	6.97509828E+1	-6.06177567E+1	9.24105625E+1	-7.15455567E-1
1.07721735E+4	1.17782917E+2	1.07922777E-7	6.76830104E+1	-5.82315415E+1	8.92855103E+1	-7.10476103E-1
1.15506485E+4	1.13273969E+2	1.03504958E-7	6.57031131E+1	-5.59066477E+1	8.62696492E+1	-7.05015170E-1
1.23853818E+4	1.08914343E+2	9.91959602E-8	6.38095716E+1	-5.36480761E+1	8.33653258E+1	-6.99101032E-1
1.32804389E+4	1.04693543E+2	9.49972311E-8	6.19955884E+1	-5.14498277E+1	8.05638739E+1	-6.92705651E-1
1.42401793E+4	1.00617278E+2	9.08906180E-8	6.02666137E+1	-4.93132621E+1	7.78708070E+1	-6.85771399E-1
1.52692775E+4	9.66809714E+1	8.68902277E-8	5.86100873E+1	-4.72370379E+1	7.52760263E+1	-6.78360942E-1
1.63727458E+4	9.28952658E+1	8.29756923E-8	5.70340037E+1	-4.52251177E+1	7.27886592E+1	-6.70427403E-1
1.75559587E+4	8.92443497E+1	7.91423463E-8	5.55347803E+1	-4.32672333E+1	7.04000379E+1	-6.61867448E-1
1.88246790E+4	8.57369372E+1	7.53880214E-8	5.41111069E+1	-4.13679665E+1	6.81125580E+1	-6.52717000E-1
2.01850863E+4	8.23748550E+1	7.17158740E-8	5.27584252E+1	-3.95286746E+1	6.59239532E+1	-6.43013952E-1
2.16438064E+4	7.91506076E+1	6.81222737E-8	5.14744614E+1	-3.77440680E+1	6.38297335E+1	-6.32699937E-1
2.32079442E+4	7.60667664E+1	6.45988486E-8	5.02615133E+1	-3.60140388E+1	6.18322793E+1	-6.21736046E-1
2.48851178E+4	7.31125752E+1	6.11703338E-8	4.91019392E+1	-3.43361133E+1	5.99163516E+1	-6.10244069E-1
2.66834962E+4	7.03075776E+1	5.77985753E-8	4.80184918E+1	-3.27152599E+1	5.81039054E+1	-5.98068791E-1
2.86118383E+4	6.76295880E+1	5.45146851E-8	4.69881447E+1	-3.11432673E+1	5.63718800E+1	-5.85313874E-1
3.06795364E+4	6.50929931E+1	5.13075816E-8	4.60194826E+1	-2.96268975E+1	5.47315801E+1	-5.71997499E-1
3.28966612E+4	6.26844642E+1	4.81865855E-8	4.51034101E+1	-2.81596424E+1	5.31722022E+1	-5.58121050E-1
3.52740116E+4	6.04051423E+1	4.51470623E-8	4.42424030E+1	-2.67409501E+1	5.16959248E+1	-5.43662450E-1
3.78231664E+4	5.82519388E+1	4.22002257E-8	4.34297293E+1	-2.53717271E+1	5.02977726E+1	-5.28722195E-1
4.05565415E+4	5.62197574E+1	3.93416339E-8	4.26663197E+1	-2.40473553E+1	4.89764243E+1	-5.13235662E-1
4.34874501E+4	5.43101804E+1	3.65830836E-8	4.19474081E+1	-2.27724888E+1	4.77301928E+1	-4.97361841E-1
4.66301673E+4	5.25121764E+1	3.39241558E-8	4.12696765E+1	-2.15400631E+1	4.65527715E+1	-4.81040742E-1
5.00000000E+4	5.08238523E+1	3.13624660E-8	4.06344312E+1	-2.03480053E+1	4.54444532E+1	-4.64253603E-1
5.36133611E+4	4.92389156E+1	2.89099498E-8	4.00335411E+1	-1.91969717E+1	4.43982899E+1	-4.47131574E-1
5.74878498E+4	4.77592397E+1	2.65653442E-8	3.94698420E+1	-1.80881509E+1	4.34171584E+1	-4.29716354E-1
6.16423370E+4	4.63734461E+1	2.43276792E-8	3.89390833E+1	-1.70143253E+1	4.24939934E+1	-4.11946400E-1
6.60970574E+4	4.50793407E+1	2.22007698E-8	3.84390405E+1	-1.59764438E+1	4.16269937E+1	-3.93908045E-1
7.08737081E+4	4.38689589E+1	2.01838408E-8	3.79662655E+1	-1.49700773E+1	4.08110345E+1	-3.75582463E-1
7.59955541E+4	4.27395097E+1	1.82759062E-8	3.75201461E+1	-1.39939729E+1	4.00448829E+1	-3.56991723E-1
8.14875417E+4	4.16861572E+1	1.64784645E-8	3.70973268E+1	-1.30473496E+1	3.93248649E+1	-3.38193765E-1
8.73764200E+4	4.07029259E+1	1.47853986E-8	3.66970563E+1	-1.21245047E+1	3.86481249E+1	-3.19103257E-1
9.36908711E+4	3.97909239E+1	1.31981331E-8	3.63196488E+1	-1.12283338E+1	3.80156859E+1	-2.99832880E-1
1.00461650E+5	3.89378241E+1	1.17095104E-8	3.59593550E+1	-1.03490975E+1	3.74189663E+1	-2.80226773E-1
1.07721735E+5	3.81454946E+1	1.03200795E-8	3.56169221E+1	-9.48999270E+0	3.68595321E+1	-2.60396530E-1
1.15506485E+5	3.74103561E+1	9.02310320E-9	3.52922514E+1	-8.64596282E+0	3.63358734E+1	-2.40250199E-1
1.23853818E+5	3.67259546E+1	7.81749190E-9	3.49798219E+1	-7.81533135E+0	3.58422565E+1	-2.19813866E-1
1.32804389E+5	3.60937767E+1	6.69377057E-9	3.46840882E+1	-6.99238992E+0	3.53819124E+1	-1.98935702E-1
1.42401793E+5	3.55074615E+1	5.65561684E-9	3.43969826E+1	-6.18038123E+0	3.49478116E+1	-1.77781033E-1
1.52692775E+5	3.49690976E+1	4.69109082E-9	3.41238737E+1	-5.37050276E+0	3.45439007E+1	-1.56102124E-1
1.63727458E+5	3.44751265E+1	3.79984303E-9	3.38601829E+1	-4.56312346E+0	3.41662712E+1	-1.33956647E-1
1.75559587E+5	3.40248040E+1	2.97732501E-9	3.36051813E+1	-3.75519539E+0	3.38143417E+1	-1.11282878E-1
1.88246790E+5	3.36241528E+1	2.22324928E-9	3.33601709E+1	-2.94942208E+0	3.34918894E+1	-8.81818489E-2
2.01850863E+5	3.32608141E+1	1.51971236E-9	3.31246815E+1	-2.12352045E+0	3.31926780E+1	-6.40192909E-2
2.16438064E+5	3.29437704E+1	8.79467557E-10	3.28927061E+1	-1.29600354E+0	3.29182284E+1	-3.93805720E-2
2.32079442E+5	3.26705885E+1	2.91055770E-10	3.26643081E+1	-4.52921732E-1	3.26674481E+1	-1.38650638E-2
2.48851178E+5	3.24488658E+1	-2.45258639E-10	3.24438416E+1	4.03716001E-1	3.24463536E+1	1.24428862E-2
2.66834962E+5	3.22739655E+1	-7.35256602E-10	3.22229599E+1	1.28197512E+0	3.22484526E+1	3.97635383E-2
2.86118383E+5	3.21506257E+1	-1.17776130E-9	3.20023303E+1	2.17848194E+0	3.20763923E+1	6.79677459E-2
3.06795364E+5	3.20867600E+1	-1.57752854E-9	3.17841557E+1	3.10129052E+0	3.19350994E+1	9.72655769E-2
3.28966612E+5	3.20854945E+1	-1.93792502E-9	3.15641205E+1	4.05668288E+0	3.18237397E+1	1.27821264E-1
3.52740116E+5	3.21496993E+1	-2.25778608E-9	3.13386096E+1	5.04166598E+0	3.17415638E+1	1.59510406E-1
3.78231664E+5	3.22924803E+1	-2.54133408E-9	3.11091901E+1	6.06721782E+0	3.16953136E+1	1.92611947E-1
4.05565415E+5	3.25169696E+1	-2.78893445E-9	3.08684530E+1	7.13352137E+0	3.16819909E+1	2.27107402E-1
4.34874501E+5	3.28424650E+1	-2.99786637E-9	3.06259375E+1	8.23912697E+0	3.17148432E+1	2.62802379E-1
4.66301673E+5	3.32724719E+1	-3.17598088E-9	3.03620808E+1	9.40029090E+0	3.17839814E+1	3.00246426E-1
NaN	NaN	NaN	NaN	NaN	NaN	NaN
