Start time:20240908_18-32-04	sweep/start:500.000	sweep/stop:500000.000	sweep/samplecount:100.000	sweep/xmapping:1.000	sweep/scan:0.000	sweep/averaging/sample:10.000	sweep/settling/time:0.100	sweep/settling/inaccuracy:0.010	sweep/awgcontrol:0.000	sweep/averaging/time:0.100	sweep/averaging/tc:15.000	sweep/bandwidthcontrol:2.000	sweep/sincfilter:0.000	sweep/omegasuppression:80.000	sweep/maxbandwidth:100.000	sweep/bandwidth:1250000.000	sweep/order:8.000	sweep/bandwidthoverlap:1.000																				
Frequency	Param0		Param1		RealZ		ImagZ		AbsZ		PhaseZ		
5.00000000E+2	1.49252743E+3	9.06157887E-7	7.83351135E+1	-3.32837608E+2	3.41931668E+2	-1.33964764E+0
5.36133611E+2	1.33380926E+3	8.97271703E-7	7.73075573E+1	-3.11668185E+2	3.21112935E+2	-1.32765904E+0
5.74878498E+2	1.19285787E+3	8.87760282E-7	7.63125364E+1	-2.91901276E+2	3.01711719E+2	-1.31508676E+0
6.16423370E+2	1.06771882E+3	8.77591502E-7	7.53457177E+1	-2.73442930E+2	2.83633593E+2	-1.30192390E+0
6.60970574E+2	9.57104216E+2	8.66660767E-7	7.43844605E+1	-2.56243279E+2	2.66821414E+2	-1.28827287E+0
7.08737081E+2	8.58982054E+2	8.54894850E-7	7.34575131E+1	-2.40213784E+2	2.51194486E+2	-1.27402644E+0
7.59955541E+2	7.72157898E+2	8.42445924E-7	7.25174564E+1	-2.25246832E+2	2.36632453E+2	-1.25932858E+0
8.14875417E+2	6.95085179E+2	8.29085150E-7	7.16142976E+1	-2.11304098E+2	2.23109906E+2	-1.24402999E+0
8.73764200E+2	6.26855501E+2	8.14920748E-7	7.07091009E+1	-1.98304326E+2	2.10533568E+2	-1.22828175E+0
9.36908711E+2	5.66239273E+2	7.99986749E-7	6.98128095E+1	-1.86163695E+2	1.98823415E+2	-1.21201895E+0
1.00461650E+3	5.12463851E+2	7.84235515E-7	6.89215780E+1	-1.74841732E+2	1.87935668E+2	-1.19530504E+0
1.07721735E+3	4.64819210E+2	7.67703883E-7	6.80216286E+1	-1.64288817E+2	1.77813828E+2	-1.17824807E+0
1.15506485E+3	4.22378353E+2	7.50420504E-7	6.71339367E+1	-1.54431068E+2	1.68392163E+2	-1.16072348E+0
1.23853818E+3	3.84652058E+2	7.32403147E-7	6.62468360E+1	-1.45235455E+2	1.59630764E+2	-1.14285305E+0
1.32804389E+3	3.51075278E+2	7.13752230E-7	6.53528214E+1	-1.36648336E+2	1.51471975E+2	-1.12469513E+0
1.42401793E+3	3.21188982E+2	6.94455474E-7	6.44580853E+1	-1.28640512E+2	1.43886158E+2	-1.10629194E+0
1.52692775E+3	2.94498834E+2	6.74591799E-7	6.35677009E+1	-1.21160063E+2	1.36823293E+2	-1.08761679E+0
1.63727458E+3	2.70642494E+2	6.54307106E-7	6.26686904E+1	-1.14164117E+2	1.30233676E+2	-1.06877107E+0
1.75559587E+3	2.49291067E+2	6.33572072E-7	6.17762219E+1	-1.07628799E+2	1.24097784E+2	-1.04973283E+0
1.88246790E+3	2.30148683E+2	6.12529070E-7	6.08817202E+1	-1.01514844E+2	1.18371650E+2	-1.03057377E+0
2.01850863E+3	2.12966627E+2	5.91218137E-7	5.99906614E+1	-9.57973337E+1	1.13031007E+2	-1.01131678E+0
2.16438064E+3	1.97509940E+2	5.69748778E-7	5.91007693E+1	-9.04438404E+1	1.08041609E+2	-9.91997748E-1
2.32079442E+3	1.83583756E+2	5.48191850E-7	5.82138731E+1	-8.54298908E+1	1.03378534E+2	-9.72647409E-1
2.48851178E+3	1.71011661E+2	5.26609909E-7	5.73334952E+1	-8.07314460E+1	9.90186655E+1	-9.53273762E-1
2.66834962E+3	1.59637253E+2	5.05073133E-7	5.64617531E+1	-7.63247631E+1	9.49389228E+1	-9.33883243E-1
2.86118383E+3	1.49335730E+2	4.83679732E-7	5.55948475E+1	-7.21907886E+1	9.11169417E+1	-9.14548562E-1
3.06795364E+3	1.39990975E+2	4.62464477E-7	5.47384958E+1	-6.83124611E+1	8.75379650E+1	-8.95265692E-1
3.28966612E+3	1.31488098E+2	4.41498723E-7	5.38934948E+1	-6.46671805E+1	8.41804790E+1	-8.76019925E-1
3.52740116E+3	1.23742981E+2	4.20858115E-7	5.30576003E+1	-6.12404820E+1	8.10278076E+1	-8.56868691E-1
3.78231664E+3	1.16673868E+2	4.00565000E-7	5.22361698E+1	-5.80170531E+1	7.80678931E+1	-8.37782975E-1
4.05565415E+3	1.10215374E+2	3.80682561E-7	5.14275290E+1	-5.49846666E+1	7.52868137E+1	-8.18813633E-1
4.34874501E+3	1.04300293E+2	3.61247474E-7	5.06334624E+1	-5.21280863E+1	7.26710735E+1	-7.99941721E-1
4.66301673E+3	9.88733897E+1	3.42275890E-7	4.98575707E+1	-4.94349027E+1	7.02110176E+1	-7.81141391E-1
5.00000000E+3	9.38958543E+1	3.23810689E-7	4.90989961E+1	-4.68986218E+1	6.78983959E+1	-7.62481041E-1
5.36133611E+3	8.93184127E+1	3.05924450E-7	4.83518632E+1	-4.45062801E+1	6.57169054E+1	-7.44008290E-1
5.74878498E+3	8.51064992E+1	2.88574910E-7	4.76263285E+1	-4.22497679E+1	6.36656114E+1	-7.25647452E-1
6.16423370E+3	8.12225585E+1	2.71816594E-7	4.69175053E+1	-4.01186676E+1	6.17313519E+1	-7.07441389E-1
6.60970574E+3	7.76350846E+1	2.55673253E-7	4.62242052E+1	-3.81043687E+1	5.99050922E+1	-6.89406013E-1
7.08737081E+3	7.43210084E+1	2.40126017E-7	4.55514225E+1	-3.62007672E+1	5.81844278E+1	-6.71515021E-1
7.59955541E+3	7.12495867E+1	2.25206837E-7	4.48947813E+1	-3.43975753E+1	5.65573567E+1	-6.53777433E-1
8.14875417E+3	6.84083957E+1	2.10921372E-7	4.42554927E+1	-3.26940148E+1	5.50222432E+1	-6.36266085E-1
8.73764200E+3	6.57765019E+1	1.97272546E-7	4.36332758E+1	-3.10834598E+1	5.35727938E+1	-6.18986256E-1
9.36908711E+3	6.33240121E+1	1.84249495E-7	4.30265963E+1	-2.95521350E+1	5.21978610E+1	-6.01835054E-1
1.00461650E+4	6.10481758E+1	1.71840328E-7	4.24391809E+1	-2.81024996E+1	5.09002414E+1	-5.84892026E-1
1.07721735E+4	5.89301657E+1	1.60040622E-7	4.18693881E+1	-2.67268460E+1	4.96726280E+1	-5.68133659E-1
1.15506485E+4	5.69583683E+1	1.48852486E-7	4.13155949E+1	-2.54222436E+1	4.85105027E+1	-5.51606914E-1
1.23853818E+4	5.51151647E+1	1.38239941E-7	4.07792093E+1	-2.41786871E+1	4.74083625E+1	-5.35195144E-1
1.32804389E+4	5.33920389E+1	1.28232268E-7	4.02537544E+1	-2.29970705E+1	4.63597888E+1	-5.19051068E-1
1.42401793E+4	5.17812064E+1	1.18759387E-7	3.97478979E+1	-2.18700410E+1	4.53673241E+1	-5.03011188E-1
1.52692775E+4	5.02745345E+1	1.09834825E-7	3.92568879E+1	-2.07970784E+1	4.44254629E+1	-4.87178149E-1
1.63727458E+4	4.88632970E+1	1.01425015E-7	3.87825107E+1	-1.97726619E+1	4.35320724E+1	-4.71484223E-1
1.75559587E+4	4.75405979E+1	9.35175087E-8	3.83235863E+1	-1.87943852E+1	4.26840275E+1	-4.55948643E-1
1.88246790E+4	4.62994492E+1	8.60855703E-8	3.78807364E+1	-1.78579681E+1	4.18790786E+1	-4.40528323E-1
2.01850863E+4	4.51297394E+1	7.91299270E-8	3.74480411E+1	-1.69606764E+1	4.11098569E+1	-4.25273112E-1
2.16438064E+4	4.40379903E+1	7.25976363E-8	3.70369551E+1	-1.61027019E+1	4.03860504E+1	-4.10120027E-1
2.32079442E+4	4.30050017E+1	6.64761100E-8	3.66380121E+1	-1.52733043E+1	3.96940521E+1	-3.94964735E-1
2.48851178E+4	4.20384924E+1	6.07680799E-8	3.62542853E+1	-1.44810997E+1	3.90394094E+1	-3.80016107E-1
2.66834962E+4	4.11268203E+1	5.54493310E-8	3.58816404E+1	-1.37188062E+1	3.84148119E+1	-3.65185781E-1
2.86118383E+4	4.02734681E+1	5.04653769E-8	3.55302353E+1	-1.29818397E+1	3.78275798E+1	-3.50305237E-1
3.06795364E+4	3.94686898E+1	4.58447490E-8	3.51877993E+1	-1.22733484E+1	3.72668261E+1	-3.35601426E-1
3.28966612E+4	3.87150067E+1	4.15360023E-8	3.48634058E+1	-1.15879212E+1	3.67387668E+1	-3.20892887E-1
3.52740116E+4	3.80047412E+1	3.75359038E-8	3.45509305E+1	-1.09239354E+1	3.62367103E+1	-3.06224003E-1
3.78231664E+4	3.73395984E+1	3.38251284E-8	3.42535722E+1	-1.02814109E+1	3.57633140E+1	-2.91599792E-1
4.05565415E+4	3.67134419E+1	3.03949369E-8	3.39668769E+1	-9.65879029E+0	3.53134671E+1	-2.77046299E-1
4.34874501E+4	3.61297389E+1	2.72171799E-8	3.36970038E+1	-9.05405324E+0	3.48921761E+1	-2.62490589E-1
4.66301673E+4	3.55837758E+1	2.42848702E-8	3.34402026E+1	-8.46649320E+0	3.44953427E+1	-2.47972241E-1
5.00000000E+4	3.50701372E+1	2.15821623E-8	3.31933472E+1	-7.89284057E+0	3.41188399E+1	-2.33448442E-1
5.36133611E+4	3.45922753E+1	1.90957319E-8	3.29602488E+1	-7.33430253E+0	3.37664035E+1	-2.18952344E-1
5.74878498E+4	3.41444317E+1	1.68099261E-8	3.27373267E+1	-6.78710915E+0	3.34334775E+1	-2.04424205E-1
6.16423370E+4	3.37277254E+1	1.47166373E-8	3.25256403E+1	-6.25288527E+0	3.31212298E+1	-1.89927638E-1
6.60970574E+4	3.33397217E+1	1.27975830E-8	3.23247837E+1	-5.72779606E+0	3.28283306E+1	-1.75374825E-1
7.08737081E+4	3.29804589E+1	1.10428790E-8	3.21352011E+1	-5.21176757E+0	3.25550868E+1	-1.60782569E-1
7.59955541E+4	3.26457261E+1	9.44064196E-9	3.19537146E+1	-4.70237501E+0	3.22978671E+1	-1.46113324E-1
8.14875417E+4	3.23348049E+1	7.97970176E-9	3.17801633E+1	-4.19840278E+0	3.20562845E+1	-1.31347069E-1
8.73764200E+4	3.20480750E+1	6.64879392E-9	3.16154245E+1	-3.69843472E+0	3.18310147E+1	-1.16452686E-1
9.36908711E+4	3.17869830E+1	5.44031534E-9	3.14609414E+1	-3.20274399E+0	3.16235420E+1	-1.01451147E-1
1.00461650E+5	3.15451402E+1	4.34150357E-9	3.13111461E+1	-2.70677264E+0	3.14279254E+1	-8.62331875E-2
1.07721735E+5	3.13253332E+1	3.34654759E-9	3.11684171E+1	-2.21151882E+0	3.12467766E+1	-7.08351265E-2
1.15506485E+5	3.11250442E+1	2.44366131E-9	3.10304937E+1	-1.71287582E+0	3.10777330E+1	-5.51437997E-2
1.23853818E+5	3.09465503E+1	1.62879289E-9	3.08990078E+1	-1.21202602E+0	3.09227699E+1	-3.92053016E-2
1.32804389E+5	3.07858256E+1	8.93239270E-10	3.07696189E+1	-7.06045884E-1	3.07777212E+1	-2.29421759E-2
1.42401793E+5	3.06486153E+1	2.27754676E-10	3.06474195E+1	-1.91410945E-1	3.06480174E+1	-6.24550445E-3
1.52692775E+5	3.05323482E+1	-3.72500013E-10	3.05287132E+1	3.33114259E-1	3.05305306E+1	1.09110753E-2
1.63727458E+5	3.04347148E+1	-9.11417990E-10	3.04099520E+1	8.67768863E-1	3.04223309E+1	2.85279414E-2
1.75559587E+5	3.03646801E+1	-1.39555310E-9	3.02984796E+1	1.41625127E+0	3.03315618E+1	4.67093132E-2
1.88246790E+5	3.02987868E+1	-1.85198612E-9	3.01549235E+1	2.00050338E+0	3.02267451E+1	6.62455474E-2
2.01850863E+5	3.02918793E+1	-2.21841695E-9	3.00734337E+1	2.56308447E+0	3.01824589E+1	8.50220644E-2
2.16438064E+5	3.02971279E+1	-2.56479405E-9	2.99625372E+1	3.16625616E+0	3.01293680E+1	1.05283096E-1
2.32079442E+5	3.03325935E+1	-2.87146608E-9	2.98510674E+1	3.79131287E+0	3.00908673E+1	1.26331233E-1
2.48851178E+5	3.03995029E+1	-3.14327772E-9	2.97357341E+1	4.44270523E+0	3.00657868E+1	1.48309229E-1
2.66834962E+5	3.05067133E+1	-3.38279159E-9	2.96200179E+1	5.12482017E+0	3.00600963E+1	1.71322676E-1
2.86118383E+5	3.06527548E+1	-3.58836031E-9	2.94993162E+1	5.83314982E+0	3.00705055E+1	1.95220073E-1
3.06795364E+5	3.08475660E+1	-3.76532247E-9	2.93749784E+1	6.57702187E+0	3.01022687E+1	2.20266041E-1
3.28966612E+5	3.10964628E+1	-3.91415830E-9	2.92454037E+1	7.35764195E+0	3.01567340E+1	2.46467842E-1
3.52740116E+5	3.14052363E+1	-4.03754522E-9	2.91064516E+1	8.17981266E+0	3.02340037E+1	2.73964433E-1
3.78231664E+5	3.17861458E+1	-4.13445568E-9	2.89612279E+1	9.04505065E+0	3.03408273E+1	3.02717053E-1
4.05565415E+5	3.22423331E+1	-4.20794605E-9	2.87998957E+1	9.95699502E+0	3.04725421E+1	3.32865971E-1
4.34874501E+5	3.27920798E+1	-4.26144007E-9	2.86195345E+1	1.09277740E+1	3.06348503E+1	3.64744425E-1
4.66301673E+5	3.34533360E+1	-4.28696421E-9	2.84333705E+1	1.19471524E+1	3.08413859E+1	3.97781566E-1
5.00000000E+5	3.42351598E+1	-4.29251902E-9	2.82202384E+1	1.30285171E+1	3.10825406E+1	4.32518580E-1
