Start time:20240906_21-44-42	sweep/start:500.000	sweep/stop:500000.000	sweep/samplecount:100.000	sweep/xmapping:1.000	sweep/scan:0.000	sweep/averaging/sample:10.000	sweep/settling/time:0.100	sweep/settling/inaccuracy:0.010	sweep/awgcontrol:0.000	sweep/averaging/time:0.100	sweep/averaging/tc:15.000	sweep/bandwidthcontrol:2.000	sweep/sincfilter:0.000	sweep/omegasuppression:80.000	sweep/maxbandwidth:100.000	sweep/bandwidth:1250000.000	sweep/order:8.000	sweep/bandwidthoverlap:1.000																				
Frequency	Param0		Param1		RealZ		ImagZ		AbsZ		PhaseZ		
5.00000000E+2	1.12064535E+3	7.83242528E-7	1.30250872E+2	-3.59164765E+2	3.82053224E+2	-1.22289745E+0
5.36133611E+2	1.01665882E+3	7.68232669E-7	1.28331098E+2	-3.37638730E+2	3.61204656E+2	-1.20757590E+0
5.74878498E+2	9.24681189E+2	7.52453747E-7	1.26388447E+2	-3.17639354E+2	3.41860833E+2	-1.19210238E+0
6.16423370E+2	8.41921346E+2	7.35868971E-7	1.24583956E+2	-2.98945750E+2	3.23866868E+2	-1.17593904E+0
6.60970574E+2	7.69164665E+2	7.18651606E-7	1.22676559E+2	-2.81618210E+2	3.07178081E+2	-1.15997076E+0
7.08737081E+2	7.04173957E+2	7.00848271E-7	1.20786753E+2	-2.65453083E+2	2.91641556E+2	-1.14377469E+0
7.59955541E+2	6.46090968E+2	6.82484554E-7	1.18917293E+2	-2.50379599E+2	2.77184575E+2	-1.12739031E+0
8.14875417E+2	5.94542473E+2	6.63804372E-7	1.16965024E+2	-2.36346738E+2	2.63705542E+2	-1.11124715E+0
8.73764200E+2	5.48402641E+2	6.44541095E-7	1.15072310E+2	-2.23303039E+2	2.51208876E+2	-1.09496868E+0
9.36908711E+2	5.06913545E+2	6.25247192E-7	1.13120769E+2	-2.11059504E+2	2.39462792E+2	-1.07879142E+0
1.00461650E+3	4.69803309E+2	6.05751873E-7	1.11146791E+2	-1.99658425E+2	2.28510621E+2	-1.06283542E+0
1.07721735E+3	4.36428196E+2	5.86047366E-7	1.09194495E+2	-1.89029346E+2	2.18301483E+2	-1.04696607E+0
1.15506485E+3	4.06474435E+2	5.66422436E-7	1.07191855E+2	-1.79110690E+2	2.08736047E+2	-1.03150473E+0
1.23853818E+3	3.79504176E+2	5.47092549E-7	1.05109594E+2	-1.69827834E+2	1.99723616E+2	-1.01658215E+0
1.32804389E+3	3.54737487E+2	5.27778387E-7	1.03102493E+2	-1.61071983E+2	1.91244114E+2	-1.00141083E+0
1.42401793E+3	3.32617192E+2	5.08713042E-7	1.01036237E+2	-1.52964246E+2	1.83320441E+2	-9.87059874E-1
1.52692775E+3	3.12324816E+2	4.89934124E-7	9.89877264E+1	-1.45319465E+2	1.75830370E+2	-9.72817879E-1
1.63727458E+3	2.93874865E+2	4.71546436E-7	9.69165191E+1	-1.38161179E+2	1.68764111E+2	-9.59081552E-1
1.75559587E+3	2.76940157E+2	4.53628401E-7	9.48310425E+1	-1.31413825E+2	1.62057154E+2	-9.45706172E-1
1.88246790E+3	2.61420781E+2	4.36075036E-7	9.27649371E+1	-1.25081350E+2	1.55726296E+2	-9.32669167E-1
2.01850863E+3	2.47087723E+2	4.19157977E-7	9.06625482E+1	-1.19087794E+2	1.49671645E+2	-9.20096993E-1
2.16438064E+3	2.33813502E+2	4.02657825E-7	8.85917401E+1	-1.13425946E+2	1.43923393E+2	-9.07715317E-1
2.32079442E+3	2.21551308E+2	3.86555350E-7	8.65579927E+1	-1.08096016E+2	1.38481174E+2	-8.95597623E-1
2.48851178E+3	2.10117679E+2	3.70996873E-7	8.45336486E+1	-1.03034341E+2	1.33274204E+2	-8.83714750E-1
2.66834962E+3	1.99509237E+2	3.55853805E-7	8.25503346E+1	-9.82598327E+1	1.28333757E+2	-8.72064453E-1
2.86118383E+3	1.89564439E+2	3.41251430E-7	8.05824843E+1	-9.37125167E+1	1.23594389E+2	-8.60588388E-1
3.06795364E+3	1.80277482E+2	3.27057360E-7	7.86626897E+1	-8.94052124E+1	1.19084471E+2	-8.49229083E-1
3.28966612E+3	1.71571057E+2	3.13310188E-7	7.67818353E+1	-8.53117200E+1	1.14776044E+2	-8.37972891E-1
3.52740116E+3	1.63389290E+2	2.99993437E-7	7.49437861E+1	-8.14152336E+1	1.10657181E+2	-8.26762935E-1
3.78231664E+3	1.55710431E+2	2.87062364E-7	7.31584127E+1	-7.77134114E+1	1.06731101E+2	-8.15580176E-1
4.05565415E+3	1.48471553E+2	2.74567963E-7	7.14109339E+1	-7.41820088E+1	1.02968403E+2	-8.04428895E-1
4.34874501E+3	1.41657355E+2	2.62428571E-7	6.97207326E+1	-7.08200087E+1	9.93803520E+1	-7.93219769E-1
4.66301673E+3	1.35242417E+2	2.50668779E-7	6.80789681E+1	-6.76196571E+1	9.59539685E+1	-7.82013388E-1
5.00000000E+3	1.29192076E+2	2.39249732E-7	6.64938030E+1	-6.45681535E+1	9.26848013E+1	-7.70706554E-1
5.36133611E+3	1.23475154E+2	2.28174570E-7	6.49616233E+1	-6.16533352E+1	8.95608528E+1	-7.59275380E-1
5.74878498E+3	1.18108361E+2	2.17499223E-7	6.34659831E+1	-5.88891502E+1	8.65786528E+1	-7.48009455E-1
6.16423370E+3	1.13018675E+2	2.07130502E-7	6.20277751E+1	-5.62392382E+1	8.37275157E+1	-7.36492546E-1
6.60970574E+3	1.08215558E+2	1.97073859E-7	6.06438834E+1	-5.37115533E+1	8.10099477E+1	-7.24851353E-1
7.08737081E+3	1.03686371E+2	1.87344795E-7	5.93080829E+1	-5.13029345E+1	7.84183642E+1	-7.13152050E-1
7.59955541E+3	9.93943401E+1	1.77950943E-7	5.80140687E+1	-4.89963039E+1	7.59359601E+1	-7.01326790E-1
8.14875417E+3	9.53462928E+1	1.68870158E-7	5.67671429E+1	-4.67977346E+1	7.35699434E+1	-6.89431415E-1
8.73764200E+3	9.15218863E+1	1.60095686E-7	5.55661733E+1	-4.46981129E+1	7.13128387E+1	-6.77425581E-1
9.36908711E+3	8.78997389E+1	1.51612588E-7	5.44115774E+1	-4.26865741E+1	6.91575261E+1	-6.65225874E-1
1.00461650E+4	8.44740576E+1	1.43430051E-7	5.32990379E+1	-4.07627096E+1	6.70998210E+1	-6.52901348E-1
1.07721735E+4	8.12405387E+1	1.35546170E-7	5.22278212E+1	-3.89264815E+1	6.51384395E+1	-6.40499691E-1
1.15506485E+4	7.81676841E+1	1.27949690E-7	5.11946409E+1	-3.71601288E+1	6.32595170E+1	-6.27871497E-1
1.23853818E+4	7.52679767E+1	1.20617595E-7	5.02075143E+1	-3.54714457E+1	6.14737179E+1	-6.15072903E-1
1.32804389E+4	7.25170882E+1	1.13586745E-7	4.92505520E+1	-3.38509926E+1	5.97620834E+1	-6.02166531E-1
1.42401793E+4	6.99228493E+1	1.06789113E-7	4.83440975E+1	-3.22986877E+1	5.81408378E+1	-5.88994199E-1
1.52692775E+4	6.74653806E+1	1.00289795E-7	4.74647602E+1	-3.08111113E+1	5.65882328E+1	-5.75767990E-1
1.63727458E+4	6.51320988E+1	9.40392671E-8	4.66221955E+1	-2.93763886E+1	5.51053664E+1	-5.62254387E-1
1.75559587E+4	6.29309563E+1	8.80405202E-8	4.58176039E+1	-2.80016563E+1	5.36967934E+1	-5.48581330E-1
1.88246790E+4	6.08492679E+1	8.22865874E-8	4.50488807E+1	-2.66793875E+1	5.23563884E+1	-5.34688137E-1
2.01850863E+4	5.88819173E+1	7.67799179E-8	4.43134037E+1	-2.54082742E+1	5.10808982E+1	-5.20613489E-1
2.16438064E+4	5.70263969E+1	7.15081074E-8	4.36137876E+1	-2.41862493E+1	4.98712056E+1	-5.06333697E-1
2.32079442E+4	5.52714237E+1	6.64808451E-8	4.29427293E+1	-2.30092972E+1	4.87186389E+1	-4.91886322E-1
2.48851178E+4	5.36177820E+1	6.16907004E-8	4.23025637E+1	-2.18783606E+1	4.76253044E+1	-4.77302943E-1
2.66834962E+4	5.20567648E+1	5.71091352E-8	4.16976561E+1	-2.07834191E+1	4.65901821E+1	-4.62391902E-1
2.86118383E+4	5.05933448E+1	5.27783431E-8	4.11182387E+1	-1.97382785E+1	4.56104069E+1	-4.47550096E-1
3.06795364E+4	4.92116772E+1	4.86576122E-8	4.05683229E+1	-1.87255535E+1	4.46814862E+1	-4.32442569E-1
3.28966612E+4	4.79122761E+1	4.47567637E-8	4.00450263E+1	-1.77494846E+1	4.38023784E+1	-4.17216587E-1
3.52740116E+4	4.66967141E+1	4.10696049E-8	3.95510700E+1	-1.68112418E+1	4.29756327E+1	-4.01914275E-1
3.78231664E+4	4.55529288E+1	3.75909629E-8	3.90809109E+1	-1.59038466E+1	4.21930083E+1	-3.86480507E-1
4.05565415E+4	4.44830167E+1	3.43213624E-8	3.86353345E+1	-1.50308727E+1	4.14561965E+1	-3.71026641E-1
4.34874501E+4	4.34796145E+1	3.12484782E-8	3.82130389E+1	-1.41863260E+1	4.07613567E+1	-3.55472866E-1
4.66301673E+4	4.25391568E+1	2.83725844E-8	3.78110432E+1	-1.33706730E+1	4.01054846E+1	-3.39894517E-1
5.00000000E+4	4.16571869E+1	2.56838471E-8	3.74285290E+1	-1.25806373E+1	3.94862916E+1	-3.24260298E-1
5.36133611E+4	4.08359131E+1	2.31781251E-8	3.70676434E+1	-1.18186657E+1	3.89061829E+1	-3.08650789E-1
5.74878498E+4	4.00638113E+1	2.08422284E-8	3.67230639E+1	-1.10762117E+1	3.83570841E+1	-2.92937407E-1
6.16423370E+4	3.93434909E+1	1.86730222E-8	3.63966645E+1	-1.03563817E+1	3.78414037E+1	-2.77215563E-1
6.60970574E+4	3.86710999E+1	1.66663751E-8	3.60857734E+1	-9.65885580E+0	3.73560778E+1	-2.61533109E-1
7.08737081E+4	3.80397946E+1	1.48040958E-8	3.57890786E+1	-8.97502337E+0	3.68972790E+1	-2.45708394E-1
7.59955541E+4	3.74510050E+1	1.30889882E-8	3.55057610E+1	-8.31067735E+0	3.64654142E+1	-2.29926282E-1
8.14875417E+4	3.68998989E+1	1.15064527E-8	3.52347732E+1	-7.65965476E+0	3.60577255E+1	-2.14058555E-1
8.73764200E+4	3.63861188E+1	1.00469742E-8	3.49772330E+1	-7.01989436E+0	3.56747215E+1	-1.98067549E-1
9.36908711E+4	3.59055816E+1	8.70638703E-9	3.47294598E+1	-6.39109244E+0	3.53126246E+1	-1.81988969E-1
1.00461650E+5	3.54575183E+1	7.47164746E-9	3.44929342E+1	-5.76812992E+0	3.49719008E+1	-1.65693250E-1
1.07721735E+5	3.50367356E+1	6.34212167E-9	3.42617520E+1	-5.15289112E+0	3.46470770E+1	-1.49278944E-1
1.15506485E+5	3.46485709E+1	5.30653885E-9	3.40424122E+1	-4.54258676E+0	3.43441543E+1	-1.32655390E-1
1.23853818E+5	3.42887452E+1	4.35555282E-9	3.38317692E+1	-3.93195774E+0	3.40594908E+1	-1.15701798E-1
1.32804389E+5	3.39523834E+1	3.48678643E-9	3.36242596E+1	-3.32154860E+0	3.37879232E+1	-9.84648264E-2
1.42401793E+5	3.36471683E+1	2.69276867E-9	3.34274884E+1	-2.70985864E+0	3.35371485E+1	-8.08898852E-2
1.52692775E+5	3.33659322E+1	1.96562037E-9	3.32343518E+1	-2.09116593E+0	3.33000770E+1	-6.28389770E-2
1.63727458E+5	3.31107187E+1	1.30263532E-9	3.30456603E+1	-1.46624768E+0	3.30781735E+1	-4.43412685E-2
1.75559587E+5	3.28834445E+1	6.98171998E-10	3.28623683E+1	-8.32229455E-1	3.28729047E+1	-2.53192808E-2
1.88246790E+5	3.26934886E+1	1.59355778E-10	3.26854561E+1	-2.01187264E-1	3.26894719E+1	-6.15800770E-3
2.01850863E+5	3.25115560E+1	-3.53386421E-10	3.25046543E+1	4.73634828E-1	3.25081049E+1	1.45702616E-2
2.16438064E+5	3.23720192E+1	-8.08424923E-10	3.23310677E+1	1.15064959E+0	3.23515370E+1	3.55745775E-2
2.32079442E+5	3.22595078E+1	-1.22262035E-9	3.21531529E+1	1.84922385E+0	3.22062864E+1	5.74496973E-2
2.48851178E+5	3.21849050E+1	-1.59635720E-9	3.19785271E+1	2.56897787E+0	3.20815501E+1	8.01623115E-2
2.66834962E+5	3.21516025E+1	-1.93307203E-9	3.18062496E+1	3.31425484E+0	3.19784598E+1	1.03826644E-1
2.86118383E+5	3.21547308E+1	-2.23528453E-9	3.16266978E+1	4.08655333E+0	3.18896214E+1	1.28500159E-1
3.06795364E+5	3.22061871E+1	-2.50543968E-9	3.14454033E+1	4.89112848E+0	3.18235218E+1	1.54307020E-1
3.28966612E+5	3.23069074E+1	-2.74577940E-9	3.12561018E+1	5.73096093E+0	3.17771613E+1	1.81340695E-1
3.52740116E+5	3.24757123E+1	-2.95627073E-9	3.10690073E+1	6.61096519E+0	3.17645736E+1	2.09656435E-1
3.78231664E+5	3.27060528E+1	-3.14101152E-9	3.08663125E+1	7.53563958E+0	3.17728695E+1	2.39453912E-1
4.05565415E+5	3.30076119E+1	-3.29568990E-9	3.06522090E+1	8.49694943E+0	3.18081154E+1	2.70415116E-1
4.34874501E+5	3.33977150E+1	-3.42488879E-9	3.04256763E+1	9.50927090E+0	3.18770773E+1	3.02922220E-1
4.66301673E+5	3.38976458E+1	-3.52936090E-9	3.01885531E+1	1.05816835E+1	3.19893868E+1	3.37137739E-1
5.00000000E+5	3.45083156E+1	-3.60876781E-9	2.99275626E+1	1.17085710E+1	3.21364242E+1	3.72923541E-1
