Start time:20240909_13-00-10	sweep/start:500.000	sweep/stop:500000.000	sweep/samplecount:100.000	sweep/xmapping:1.000	sweep/scan:0.000	sweep/averaging/sample:10.000	sweep/settling/time:0.100	sweep/settling/inaccuracy:0.010	sweep/awgcontrol:0.000	sweep/averaging/time:0.100	sweep/averaging/tc:15.000	sweep/bandwidthcontrol:2.000	sweep/sincfilter:0.000	sweep/omegasuppression:80.000	sweep/maxbandwidth:100.000	sweep/bandwidth:1250000.000	sweep/order:8.000	sweep/bandwidthoverlap:1.000																				
Frequency	Param0		Param1		RealZ		ImagZ		AbsZ		PhaseZ		
5.00000000E+2	1.77619648E+3	9.40893989E-7	6.21801744E+1	-3.26462555E+2	3.32331424E+2	-1.38258419E+0
5.36133611E+2	1.57866141E+3	9.34614638E-7	6.14194798E+1	-3.05267345E+2	3.11384821E+2	-1.37224816E+0
5.74878498E+2	1.40474905E+3	9.27988837E-7	6.06240530E+1	-2.85458000E+2	2.91824514E+2	-1.36153083E+0
6.16423370E+2	1.25043331E+3	9.20671489E-7	5.98824655E+1	-2.67007680E+2	2.73640296E+2	-1.35017449E+0
6.60970574E+2	1.11356959E+3	9.12692741E-7	5.91823781E+1	-2.49802144E+2	2.56717095E+2	-1.33816845E+0
7.08737081E+2	9.92416854E+2	9.04091036E-7	5.85012472E+1	-2.33741757E+2	2.40951460E+2	-1.32555271E+0
7.59955541E+2	8.85383857E+2	8.94783855E-7	5.78309436E+1	-2.18765064E+2	2.26279853E+2	-1.31235633E+0
8.14875417E+2	7.90541694E+2	8.84717603E-7	5.71889278E+1	-2.04791720E+2	2.12626957E+2	-1.29847943E+0
8.73764200E+2	7.06715392E+2	8.73916030E-7	5.65517438E+1	-1.91749529E+2	1.99914937E+2	-1.28400191E+0
9.36908711E+2	6.32442135E+2	8.62299404E-7	5.59360607E+1	-1.79575818E+2	1.88085932E+2	-1.26883192E+0
1.00461650E+3	5.66748074E+2	8.49731125E-7	5.53428698E+1	-1.68233850E+2	1.77102970E+2	-1.25298337E+0
1.07721735E+3	5.08738162E+2	8.36338992E-7	5.47433313E+1	-1.57648931E+2	1.66883247E+2	-1.23657497E+0
1.15506485E+3	4.57382294E+2	8.22003148E-7	5.41586571E+1	-1.47777022E+2	1.57388718E+2	-1.21950813E+0
1.23853818E+3	4.11897479E+2	8.06747693E-7	5.35835460E+1	-1.38563091E+2	1.48562871E+2	-1.20180026E+0
1.32804389E+3	3.71644577E+2	7.90551766E-7	5.30135897E+1	-1.29968347E+2	1.40364568E+2	-1.18350150E+0
1.42401793E+3	3.35997031E+2	7.73419773E-7	5.24487313E+1	-1.21949775E+2	1.32750206E+2	-1.16462680E+0
1.52692775E+3	3.04400532E+2	7.55383083E-7	5.18874036E+1	-1.14465060E+2	1.25676381E+2	-1.14519867E+0
1.63727458E+3	2.76375332E+2	7.36492157E-7	5.13262636E+1	-1.07475240E+2	1.19102110E+2	-1.12525840E+0
1.75559587E+3	2.51502535E+2	7.16685787E-7	5.07755481E+1	-1.00955547E+2	1.13005216E+2	-1.10479185E+0
1.88246790E+3	2.29421125E+2	6.96108007E-7	5.02226253E+1	-9.48673747E+1	1.07341189E+2	-1.08390762E+0
2.01850863E+3	2.09800682E+2	6.74829285E-7	4.96663171E+1	-8.91811861E+1	1.02078534E+2	-1.06265980E+0
2.16438064E+3	1.92321355E+2	6.52847558E-7	4.91185825E+1	-8.38684509E+1	9.71933756E+1	-1.04098603E+0
2.32079442E+3	1.76753063E+2	6.30291229E-7	4.85710578E+1	-7.89045972E+1	9.26557238E+1	-1.01900915E+0
2.48851178E+3	1.62861630E+2	6.07196705E-7	4.80310481E+1	-7.42659621E+1	8.84444161E+1	-9.96713605E-1
2.66834962E+3	1.50463692E+2	5.83722929E-7	4.74901486E+1	-6.99301706E+1	8.45313137E+1	-9.74229778E-1
2.86118383E+3	1.39356707E+2	5.59960511E-7	4.69533038E+1	-6.58683910E+1	8.08904056E+1	-9.51508015E-1
3.06795364E+3	1.29422069E+2	5.35971745E-7	4.64217820E+1	-6.20727089E+1	7.75113092E+1	-9.28665337E-1
3.28966612E+3	1.20509467E+2	5.11889821E-7	4.58949324E+1	-5.85186206E+1	7.43691724E+1	-9.05715065E-1
3.52740116E+3	1.12504763E+2	4.87820232E-7	4.53729800E+1	-5.51902978E+1	7.14470175E+1	-8.82713085E-1
3.78231664E+3	1.05306111E+2	4.63895054E-7	4.48532979E+1	-5.20721424E+1	6.87264604E+1	-8.59739234E-1
4.05565415E+3	9.88247138E+1	4.40148587E-7	4.43438089E+1	-4.91517119E+1	6.61986721E+1	-8.36776793E-1
4.34874501E+3	9.29655053E+1	4.16744401E-7	4.38381675E+1	-4.64074610E+1	6.38391524E+1	-8.13860481E-1
4.66301673E+3	8.76817835E+1	3.93735448E-7	4.33401404E+1	-4.38380314E+1	6.16452819E+1	-7.91109290E-1
5.00000000E+3	8.29045484E+1	3.71197776E-7	4.28516122E+1	-4.14286478E+1	5.96036370E+1	-7.68516046E-1
5.36133611E+3	7.85691647E+1	3.49244061E-7	4.23687389E+1	-3.91633293E+1	5.76964159E+1	-7.46103689E-1
5.74878498E+3	7.46338921E+1	3.27887997E-7	4.18978225E+1	-3.70347137E+1	5.59195633E+1	-7.23864989E-1
6.16423370E+3	7.10599559E+1	3.07260142E-7	4.14314248E+1	-3.50364414E+1	5.42597015E+1	-7.01962633E-1
6.60970574E+3	6.78033865E+1	2.87366655E-7	4.09741073E+1	-3.31557801E+1	5.27084740E+1	-6.80318681E-1
7.08737081E+3	6.48393598E+1	2.68248525E-7	4.05270169E+1	-3.13895955E+1	5.12615433E+1	-6.59019529E-1
7.59955541E+3	6.21244230E+1	2.49959293E-7	4.00856193E+1	-2.97227031E+1	4.99028653E+1	-6.38026265E-1
8.14875417E+3	5.96441882E+1	2.32487115E-7	3.96556423E+1	-2.81541933E+1	4.86336158E+1	-6.17383884E-1
8.73764200E+3	5.73701750E+1	2.15883136E-7	3.92318607E+1	-2.66758282E+1	4.74419509E+1	-5.97144636E-1
9.36908711E+3	5.52827722E+1	2.00109474E-7	3.88194202E+1	-2.52803831E+1	4.63254267E+1	-5.77239628E-1
1.00461650E+4	5.33683623E+1	1.85184121E-7	3.84175383E+1	-2.39660977E+1	4.52800298E+1	-5.57759113E-1
1.07721735E+4	5.16007417E+1	1.71090814E-7	3.80241398E+1	-2.27208847E+1	4.42953024E+1	-5.38607554E-1
1.15506485E+4	4.99737865E+1	1.57866200E-7	3.76359675E+1	-2.15486829E+1	4.33683271E+1	-5.19995286E-1
1.23853818E+4	4.84670291E+1	1.45394550E-7	3.72615881E+1	-2.04336123E+1	4.24965701E+1	-5.01600716E-1
1.32804389E+4	4.70744462E+1	1.33725217E-7	3.68945400E+1	-1.93799621E+1	4.16748129E+1	-4.83666435E-1
1.42401793E+4	4.57831847E+1	1.22835107E-7	3.65332953E+1	-1.83828431E+1	4.08975623E+1	-4.66188799E-1
1.52692775E+4	4.45812693E+1	1.12646172E-7	3.61822271E+1	-1.74326139E+1	4.01627888E+1	-4.48982266E-1
1.63727458E+4	4.34670961E+1	1.03142321E-7	3.58427996E+1	-1.65310649E+1	3.94712859E+1	-4.32137130E-1
1.75559587E+4	4.24279195E+1	9.43061236E-8	3.55104358E+1	-1.56729970E+1	3.88153823E+1	-4.15648327E-1
1.88246790E+4	4.14623176E+1	8.60949551E-8	3.51891577E+1	-1.48575633E+1	3.81971731E+1	-3.99513541E-1
2.01850863E+4	4.05554061E+1	7.84632577E-8	3.48751574E+1	-1.40747840E+1	3.76081928E+1	-3.83585513E-1
2.16438064E+4	3.97111026E+1	7.14012080E-8	3.45709774E+1	-1.33303839E+1	3.70520125E+1	-3.68026628E-1
2.32079442E+4	3.89203083E+1	6.48632480E-8	3.42755091E+1	-1.26175608E+1	3.65241479E+1	-3.52726840E-1
2.48851178E+4	3.81788836E+1	5.88067572E-8	3.39900604E+1	-1.19322385E+1	3.60236388E+1	-3.37610660E-1
2.66834962E+4	3.74837856E+1	5.32190359E-8	3.37127526E+1	-1.12752777E+1	3.55482994E+1	-3.22756489E-1
2.86118383E+4	3.68307837E+1	4.80660902E-8	3.34434223E+1	-1.06435398E+1	3.50962598E+1	-3.08119329E-1
3.06795364E+4	3.62178135E+1	4.33076430E-8	3.31841867E+1	-1.00333648E+1	3.46678335E+1	-2.93614838E-1
3.28966612E+4	3.56472708E+1	3.89258847E-8	3.29377821E+1	-9.44693263E+0	3.42657560E+1	-2.79313712E-1
3.52740116E+4	3.51069118E+1	3.49010144E-8	3.26957716E+1	-8.87885565E+0	3.38798992E+1	-2.65165033E-1
3.78231664E+4	3.46002546E+1	3.11962689E-8	3.24640533E+1	-8.32764955E+0	3.35151385E+1	-2.51104808E-1
4.05565415E+4	3.41272222E+1	2.77924197E-8	3.22436577E+1	-7.79313816E+0	3.31720736E+1	-2.37147264E-1
4.34874501E+4	3.36825331E+1	2.46679534E-8	3.20315545E+1	-7.27209722E+0	3.28466725E+1	-2.23244997E-1
4.66301673E+4	3.32661716E+1	2.18092070E-8	3.18280704E+1	-6.76549899E+0	3.25391772E+1	-2.09446541E-1
5.00000000E+4	3.28749101E+1	1.91914078E-8	3.16321938E+1	-6.26975518E+0	3.22475662E+1	-1.95671932E-1
5.36133611E+4	3.25113234E+1	1.67971359E-8	3.14471155E+1	-5.78500309E+0	3.19747923E+1	-1.81925742E-1
5.74878498E+4	3.21696388E+1	1.46074830E-8	3.12687611E+1	-5.30747772E+0	3.17160015E+1	-1.68134906E-1
6.16423370E+4	3.18520731E+1	1.26172177E-8	3.10986105E+1	-4.84062284E+0	3.14730872E+1	-1.54414884E-1
6.60970574E+4	3.15582903E+1	1.08042687E-8	3.09379451E+1	-4.38088961E+0	3.12465783E+1	-1.40667263E-1
7.08737081E+4	3.12844784E+1	9.14937925E-9	3.07843274E+1	-3.92387572E+0	3.10333953E+1	-1.26779777E-1
7.59955541E+4	3.10305073E+1	7.64890866E-9	3.06369940E+1	-3.47218258E+0	3.08331228E+1	-1.12851480E-1
8.14875417E+4	3.07971983E+1	6.29290276E-9	3.04969207E+1	-3.02614192E+0	3.06466917E+1	-9.89040267E-2
8.73764200E+4	3.05821791E+1	5.05296662E-9	3.03636384E+1	-2.57598176E+0	3.04727128E+1	-8.46350526E-2
9.36908711E+4	3.03871165E+1	3.93319641E-9	3.02374344E+1	-2.12743941E+0	3.03121830E+1	-7.02420501E-2
1.00461650E+5	3.02091023E+1	2.92676465E-9	3.01153030E+1	-1.68071091E+0	3.01621662E+1	-5.57513646E-2
1.07721735E+5	3.00480116E+1	2.01179569E-9	2.99977938E+1	-1.22736051E+0	3.00228922E+1	-4.08922168E-2
1.15506485E+5	2.99059940E+1	1.18808810E-9	2.98861210E+1	-7.70659559E-1	2.98960558E+1	-2.57808265E-2
1.23853818E+5	2.97834637E+1	4.47138375E-10	2.97802650E+1	-3.08627826E-1	2.97818643E+1	-1.03631294E-2
1.32804389E+5	2.96753044E+1	-2.27769904E-10	2.96743524E+1	1.67367163E-1	2.96748284E+1	5.64003407E-3
1.42401793E+5	2.95895067E+1	-8.19885554E-10	2.95755714E+1	6.41976721E-1	2.95825382E+1	2.17029123E-2
1.52692775E+5	2.95222576E+1	-1.35487558E-9	2.94788455E+1	1.13124787E+0	2.95005436E+1	3.83560847E-2
1.63727458E+5	2.94746297E+1	-1.83800774E-9	2.93833662E+1	1.63756537E+0	2.94289626E+1	5.56734402E-2
1.75559587E+5	2.94511846E+1	-2.26505290E-9	2.92925751E+1	2.15547530E+0	2.93717728E+1	7.34519780E-2
1.88246790E+5	2.94660703E+1	-2.65366479E-9	2.92074243E+1	2.70056734E+0	2.93364242E+1	9.21975514E-2
2.01850863E+5	2.94715936E+1	-2.98654918E-9	2.91088554E+1	3.24944259E+0	2.92896630E+1	1.11170471E-1
2.16438064E+5	2.95213834E+1	-3.28445574E-9	2.90168637E+1	3.82616865E+0	2.92680364E+1	1.31103822E-1
2.32079442E+5	2.96018571E+1	-3.54719189E-9	2.89237547E+1	4.42868566E+0	2.92608416E+1	1.51935841E-1
2.48851178E+5	2.97163832E+1	-3.77555818E-9	2.88291741E+1	5.05741871E+0	2.92694172E+1	1.73660048E-1
2.66834962E+5	2.98708628E+1	-3.97139568E-9	2.87342104E+1	5.71495353E+0	2.92970246E+1	1.96328245E-1
2.86118383E+5	3.00619317E+1	-4.13744018E-9	2.86304782E+1	6.40181058E+0	2.93374757E+1	2.19982691E-1
3.06795364E+5	3.03033961E+1	-4.27642993E-9	2.85234578E+1	7.12530558E+0	2.93999599E+1	2.44795229E-1
3.28966612E+5	3.06010019E+1	-4.39059168E-9	2.84099549E+1	7.88970519E+0	2.94851332E+1	2.70883189E-1
3.52740116E+5	3.09607409E+1	-4.47980725E-9	2.82876815E+1	8.69566348E+0	2.95940462E+1	2.98232851E-1
3.78231664E+5	3.13912784E+1	-4.54317054E-9	2.81568597E+1	9.54311001E+0	2.97301162E+1	3.26776060E-1
4.05565415E+5	3.19051243E+1	-4.58545105E-9	2.80118988E+1	1.04430137E+1	2.98952020E+1	3.56846057E-1
4.34874501E+5	3.25114638E+1	-4.60215793E-9	2.78556335E+1	1.13881960E+1	3.00936440E+1	3.88094465E-1
4.66301673E+5	3.32291140E+1	-4.59929532E-9	2.76793989E+1	1.23940589E+1	3.03275764E+1	4.20999534E-1
NaN	NaN	NaN	NaN	NaN	NaN	NaN
