Start time:20240905_20-15-22	sweep/start:500.000	sweep/stop:500000.000	sweep/samplecount:100.000	sweep/xmapping:1.000	sweep/scan:0.000	sweep/averaging/sample:10.000	sweep/settling/time:0.100	sweep/settling/inaccuracy:0.010	sweep/awgcontrol:0.000	sweep/averaging/time:0.100	sweep/averaging/tc:15.000	sweep/bandwidthcontrol:2.000	sweep/sincfilter:0.000	sweep/omegasuppression:80.000	sweep/maxbandwidth:100.000	sweep/bandwidth:1250000.000	sweep/order:8.000	sweep/bandwidthoverlap:1.000																				
Frequency	Param0		Param1		RealZ		ImagZ		AbsZ		PhaseZ		
5.00000000E+2	1.05527185E+3	6.89594375E-7	1.69479150E+2	-3.87457580E+2	4.22902544E+2	-1.15845855E+0
5.36133611E+2	9.60795435E+2	6.72421548E-7	1.67490223E+2	-3.64514527E+2	4.01153113E+2	-1.14007986E+0
5.74878498E+2	8.77041900E+2	6.54532899E-7	1.65496001E+2	-3.43158826E+2	3.80981509E+2	-1.12143120E+0
6.16423370E+2	8.02442719E+2	6.35941807E-7	1.63549003E+2	-3.23249762E+2	3.62268809E+2	-1.10239811E+0
6.60970574E+2	7.36418203E+2	6.16731588E-7	1.61577866E+2	-3.04764592E+2	3.44947630E+2	-1.08330293E+0
7.08737081E+2	6.77708458E+2	5.96920880E-7	1.59638894E+2	-2.87583107E+2	3.28920388E+2	-1.06404199E+0
7.59955541E+2	6.25509105E+2	5.76591951E-7	1.57726203E+2	-2.71627698E+2	3.14100565E+2	-1.04471093E+0
8.14875417E+2	5.79257345E+2	5.55940606E-7	1.55773823E+2	-2.56841666E+2	3.00388294E+2	-1.02561297E+0
8.73764200E+2	5.38114691E+2	5.35091033E-7	1.53794281E+2	-2.43117824E+2	2.87678568E+2	-1.00675653E+0
9.36908711E+2	5.01413588E+2	5.14137648E-7	1.51802744E+2	-2.30373345E+2	2.75891199E+2	-9.88160441E-1
1.00461650E+3	4.68717158E+2	4.93293727E-7	1.49746695E+2	-2.18551524E+2	2.64931769E+2	-9.70087436E-1
1.07721735E+3	4.39596903E+2	4.72587617E-7	1.47656798E+2	-2.07622102E+2	2.54773367E+2	-9.52606000E-1
1.15506485E+3	4.13557282E+2	4.52263115E-7	1.45486638E+2	-1.97485931E+2	2.45289739E+2	-9.35865794E-1
1.23853818E+3	3.90175432E+2	4.32352138E-7	1.43270374E+2	-1.88080244E+2	2.36433032E+2	-9.19816695E-1
1.32804389E+3	3.69240590E+2	4.12982532E-7	1.40981326E+2	-1.79388662E+2	2.28157899E+2	-9.04713046E-1
1.42401793E+3	3.50318180E+2	3.94257714E-7	1.38622861E+2	-1.71306188E+2	2.20368119E+2	-8.90464072E-1
1.52692775E+3	3.33259612E+2	3.76216012E-7	1.36197012E+2	-1.63827152E+2	2.13046855E+2	-8.77232181E-1
1.63727458E+3	3.17713411E+2	3.58982193E-7	1.33681883E+2	-1.56849228E+2	2.06088638E+2	-8.64971148E-1
1.75559587E+3	3.03563912E+2	3.42573209E-7	1.31079358E+2	-1.50363437E+2	1.99476720E+2	-8.53809888E-1
1.88246790E+3	2.90617381E+2	3.26977762E-7	1.28406248E+2	-1.44322286E+2	1.93176311E+2	-8.43690582E-1
2.01850863E+3	2.78672638E+2	3.12247205E-7	1.25647849E+2	-1.38662305E+2	1.87121931E+2	-8.34597763E-1
2.16438064E+3	2.67615630E+2	2.98343094E-7	1.22820676E+2	-1.33355966E+2	1.81297359E+2	-8.26500100E-1
2.32079442E+3	2.57295838E+2	2.85242467E-7	1.19933529E+2	-1.28352429E+2	1.75665585E+2	-8.19293256E-1
2.48851178E+3	2.47637389E+2	2.72953544E-7	1.16976207E+2	-1.23629483E+2	1.70198949E+2	-8.13043316E-1
2.66834962E+3	2.38527026E+2	2.61379417E-7	1.13985695E+2	-1.19146674E+2	1.64889869E+2	-8.07532095E-1
2.86118383E+3	2.29867980E+2	2.50524224E-7	1.10951658E+2	-1.14864976E+2	1.59700448E+2	-8.02726055E-1
3.06795364E+3	2.21632981E+2	2.40285716E-7	1.07910579E+2	-1.10778381E+2	1.54649743E+2	-7.98511029E-1
3.28966612E+3	2.13747888E+2	2.30675101E-7	1.04847852E+2	-1.06854736E+2	1.49703062E+2	-7.94877611E-1
3.52740116E+3	2.06155637E+2	2.21603801E-7	1.01794525E+2	-1.03069829E+2	1.44863781E+2	-7.91623197E-1
3.78231664E+3	1.98809900E+2	2.13040095E-7	9.87555789E+1	-9.94028278E+1	1.40119901E+2	-7.88664472E-1
4.05565415E+3	1.91707261E+2	2.04924006E-7	9.57494153E+1	-9.58535731E+1	1.35483793E+2	-7.85941776E-1
4.34874501E+3	1.84799857E+2	1.97223505E-7	9.27820164E+1	-9.23991375E+1	1.30943130E+2	-7.83330576E-1
4.66301673E+3	1.78091952E+2	1.89876294E-7	8.98739115E+1	-8.90421260E+1	1.26514111E+2	-7.80749170E-1
5.00000000E+3	1.71575699E+2	1.82822514E-7	8.70449978E+1	-8.57786366E+1	1.22208045E+2	-7.78070818E-1
5.36133611E+3	1.65213195E+2	1.76110864E-7	8.42642756E+1	-8.25899628E+1	1.17989704E+2	-7.75363916E-1
5.74878498E+3	1.59009174E+2	1.69640539E-7	8.15713476E+1	-7.94777183E+1	1.13888509E+2	-7.72398948E-1
6.16423370E+3	1.52958549E+2	1.63399596E-7	7.89642806E+1	-7.64388905E+1	1.09901145E+2	-7.69149024E-1
6.60970574E+3	1.47079501E+2	1.57364350E-7	7.64472665E+1	-7.34822508E+1	1.06036908E+2	-7.65624677E-1
7.08737081E+3	1.41358826E+2	1.51514001E-7	7.40228435E+1	-7.06002891E+1	1.02292630E+2	-7.61737249E-1
7.59955541E+3	1.35799860E+2	1.45844129E-7	7.16863831E+1	-6.77942707E+1	9.86661072E+1	-7.57501085E-1
8.14875417E+3	1.30396459E+2	1.40307075E-7	6.94532377E+1	-6.50592342E+1	9.51654150E+1	-7.52743632E-1
8.73764200E+3	1.25155447E+2	1.34933517E-7	6.73029919E+1	-6.23990644E+1	9.17787339E+1	-7.47606992E-1
9.36908711E+3	1.20084574E+2	1.29672910E-7	6.52532044E+1	-5.98157379E+1	8.85206373E+1	-7.41949770E-1
1.00461650E+4	1.15181081E+2	1.24529338E-7	6.32960143E+1	-5.73072236E+1	8.53844444E+1	-7.35781954E-1
1.07721735E+4	1.10443532E+2	1.19496139E-7	6.14287919E+1	-5.48718161E+1	8.23675464E+1	-7.29078239E-1
1.15506485E+4	1.05864939E+2	1.14557169E-7	5.96530347E+1	-5.25040982E+1	7.94680118E+1	-7.21743911E-1
1.23853818E+4	1.01461792E+2	1.09716980E-7	5.79627170E+1	-5.02127925E+1	7.66876856E+1	-7.13878222E-1
1.32804389E+4	9.72234346E+1	1.04966909E-7	5.63563211E+1	-4.79908337E+1	7.40213150E+1	-7.05399491E-1
1.42401793E+4	9.31549378E+1	1.00301390E-7	5.48324359E+1	-4.58401143E+1	7.14696588E+1	-6.96312110E-1
1.52692775E+4	8.92466053E+1	9.57278502E-8	5.33827147E+1	-4.37551337E+1	6.90233730E+1	-6.86608241E-1
1.63727458E+4	8.55157302E+1	9.12183840E-8	5.20181021E+1	-4.17430589E+1	6.66960716E+1	-6.76246304E-1
1.75559587E+4	8.19468285E+1	8.67936150E-8	5.07244471E+1	-3.97962053E+1	6.44725332E+1	-6.65253109E-1
1.88246790E+4	7.85433797E+1	8.24491801E-8	4.95014835E+1	-3.79159189E+1	6.23539398E+1	-6.53634482E-1
2.01850863E+4	7.53007174E+1	7.81814052E-8	4.83479168E+1	-3.60986385E+1	6.03376566E+1	-6.41349230E-1
2.16438064E+4	7.22188242E+1	7.39937079E-8	4.72604879E+1	-3.43444772E+1	5.84217156E+1	-6.28425475E-1
2.32079442E+4	6.93005717E+1	6.98894395E-8	4.62372508E+1	-3.26555428E+1	5.66062531E+1	-6.14915282E-1
2.48851178E+4	6.65289547E+1	6.58694310E-8	4.52734317E+1	-3.10211278E+1	5.48816368E+1	-6.00720443E-1
2.66834962E+4	6.39164546E+1	6.19432221E-8	4.43675136E+1	-2.94506003E+1	5.32523629E+1	-5.86006676E-1
2.86118383E+4	6.14515758E+1	5.81090804E-8	4.35177848E+1	-2.79363351E+1	5.17130201E+1	-5.70696854E-1
3.06795364E+4	5.91326132E+1	5.43859858E-8	4.27162049E+1	-2.64810618E+1	5.02585397E+1	-5.54945244E-1
3.28966612E+4	5.69502846E+1	5.07582620E-8	4.19677738E+1	-2.50755381E+1	4.88884103E+1	-5.38575608E-1
3.52740116E+4	5.49040459E+1	4.72485369E-8	4.12637553E+1	-2.37244516E+1	4.75977637E+1	-5.21794071E-1
3.78231664E+4	5.29879976E+1	4.38564966E-8	4.06038612E+1	-2.24241776E+1	4.63844510E+1	-5.04582139E-1
4.05565415E+4	5.11963254E+1	4.05896060E-8	3.99844161E+1	-2.11731349E+1	4.52443939E+1	-4.86995232E-1
4.34874501E+4	4.95265408E+1	3.74450888E-8	3.94076318E+1	-1.99690317E+1	4.41783169E+1	-4.69017153E-1
4.66301673E+4	4.79674808E+1	3.44400322E-8	3.88630722E+1	-1.88102439E+1	4.31759617E+1	-4.50776651E-1
5.00000000E+4	4.65155793E+1	3.15701048E-8	3.83526808E+1	-1.76937567E+1	4.22373906E+1	-4.32246969E-1
5.36133611E+4	4.51679522E+1	2.88378544E-8	3.78758198E+1	-1.66191300E+1	4.13614943E+1	-4.13483807E-1
5.74878498E+4	4.39168105E+1	2.62422293E-8	3.74304643E+1	-1.55816219E+1	4.05441316E+1	-3.94463160E-1
6.16423370E+4	4.27554644E+1	2.37933002E-8	3.70099483E+1	-1.45822235E+1	3.97791091E+1	-3.75330394E-1
6.60970574E+4	4.16781352E+1	2.14833522E-8	3.66151621E+1	-1.36154902E+1	3.90647114E+1	-3.56009581E-1
7.08737081E+4	4.06829350E+1	1.93121508E-8	3.62460644E+1	-1.26814467E+1	3.84004724E+1	-3.36559890E-1
7.59955541E+4	3.97612057E+1	1.72785994E-8	3.58980424E+1	-1.17762468E+1	3.77802786E+1	-3.16985375E-1
8.14875417E+4	3.89072422E+1	1.53821624E-8	3.55676525E+1	-1.08986857E+1	3.71999902E+1	-2.97337417E-1
8.73764200E+4	3.81203968E+1	1.36120265E-8	3.52589965E+1	-1.00444061E+1	3.66617912E+1	-2.77523529E-1
9.36908711E+4	3.73933196E+1	1.19705387E-8	3.49655360E+1	-9.21350875E+0	3.61590578E+1	-2.57646043E-1
1.00461650E+5	3.67245334E+1	1.04486384E-8	3.46894165E+1	-8.40220269E+0	3.56924731E+1	-2.37635721E-1
1.07721735E+5	3.61070720E+1	9.04289021E-9	3.44257571E+1	-7.60792526E+0	3.52563936E+1	-2.17499311E-1
1.15506485E+5	3.55415705E+1	7.74277707E-9	3.41782768E+1	-6.82605470E+0	3.48532586E+1	-1.97125450E-1
1.23853818E+5	3.50232659E+1	6.54810233E-9	3.39421744E+1	-6.05760590E+0	3.44784831E+1	-1.76609021E-1
1.32804389E+5	3.45491548E+1	5.44957369E-9	3.37169383E+1	-5.29712492E+0	3.41305100E+1	-1.55832004E-1
1.42401793E+5	3.41157834E+1	4.44617409E-9	3.34987578E+1	-4.54638103E+0	3.38058628E+1	-1.34893712E-1
1.52692775E+5	3.37241446E+1	3.52338752E-9	3.32914983E+1	-3.79518577E+0	3.35071231E+1	-1.13508633E-1
1.63727458E+5	3.33717518E+1	2.68216875E-9	3.30911790E+1	-3.04704394E+0	3.32311693E+1	-9.18213218E-2
1.75559587E+5	3.30581968E+1	1.91567665E-9	3.28976591E+1	-2.29810974E+0	3.29778303E+1	-6.97430319E-2
1.88246790E+5	3.27792033E+1	1.22148939E-9	3.27012808E+1	-1.54867667E+0	3.27402138E+1	-4.73194985E-2
2.01850863E+5	3.25460138E+1	5.81955167E-10	3.25272445E+1	-7.81349034E-1	3.25366278E+1	-2.40167531E-2
2.16438064E+5	3.23484578E+1	6.11862377E-12	3.23484553E+1	-8.70706698E-3	3.23484566E+1	-2.69165613E-4
2.32079442E+5	3.21881224E+1	-5.14152358E-10	3.21693872E+1	7.76330606E-1	3.21787535E+1	2.41279086E-2
2.48851178E+5	3.20731887E+1	-9.84535832E-10	3.19951923E+1	1.57971200E+0	3.20341668E+1	4.93333589E-2
2.66834962E+5	3.20032993E+1	-1.40575016E-9	3.18222531E+1	2.40025022E+0	3.19126478E+1	7.52842176E-2
2.86118383E+5	3.19747102E+1	-1.78538218E-9	3.16414497E+1	3.24728048E+0	3.18076435E+1	1.02269381E-1
3.06795364E+5	3.20011537E+1	-2.12290458E-9	3.14616050E+1	4.12007983E+0	3.17302326E+1	1.30214812E-1
3.28966612E+5	3.20845872E+1	-2.42202999E-9	3.12776287E+1	5.02390728E+0	3.16785385E+1	1.59262646E-1
3.52740116E+5	3.22266936E+1	-2.68318625E-9	3.10849887E+1	5.95733421E+0	3.16506936E+1	1.89350755E-1
3.78231664E+5	3.24456944E+1	-2.91109916E-9	3.08893237E+1	6.93362423E+0	3.16579461E+1	2.20806740E-1
4.05565415E+5	3.27378882E+1	-3.10470138E-9	3.06797489E+1	7.94626530E+0	3.16921155E+1	2.53437574E-1
4.34874501E+5	3.31292621E+1	-3.26973759E-9	3.04607017E+1	9.01588483E+0	3.17669729E+1	2.87768468E-1
4.66301673E+5	3.36184647E+1	-3.40237988E-9	3.02240289E+1	1.01288421E+1	3.18760951E+1	3.23362628E-1
NaN	NaN	NaN	NaN	NaN	NaN	NaN
