Start time:20240904_21-22-37	sweep/start:500.000	sweep/stop:500000.000	sweep/samplecount:100.000	sweep/xmapping:1.000	sweep/scan:0.000	sweep/averaging/sample:10.000	sweep/settling/time:0.100	sweep/settling/inaccuracy:0.010	sweep/awgcontrol:0.000	sweep/averaging/time:0.100	sweep/averaging/tc:15.000	sweep/bandwidthcontrol:2.000	sweep/sincfilter:0.000	sweep/omegasuppression:80.000	sweep/maxbandwidth:100.000	sweep/bandwidth:1250000.000	sweep/order:8.000	sweep/bandwidthoverlap:1.000																				
Frequency	Param0		Param1		RealZ		ImagZ		AbsZ		PhaseZ		
5.00000000E+2	1.09455185E+3	7.49795117E-7	1.43125846E+2	-3.69016694E+2	3.95800925E+2	-1.20080129E+0
5.36133611E+2	9.92843631E+2	7.33535960E-7	1.41454964E+2	-3.47034405E+2	3.74756487E+2	-1.18374630E+0
5.74878498E+2	9.01492954E+2	7.17370767E-7	1.39623210E+2	-3.26150939E+2	3.54780379E+2	-1.16630810E+0
6.16423370E+2	8.20733903E+2	6.99974343E-7	1.37917005E+2	-3.06874430E+2	3.36441734E+2	-1.14842079E+0
6.60970574E+2	7.48605613E+2	6.81915955E-7	1.36243773E+2	-2.88843203E+2	3.19363083E+2	-1.13005404E+0
7.08737081E+2	6.84484156E+2	6.63150012E-7	1.34586640E+2	-2.72045511E+2	3.03516627E+2	-1.11138081E+0
7.59955541E+2	6.27348100E+2	6.43678483E-7	1.32973512E+2	-2.56395519E+2	2.88826298E+2	-1.09235879E+0
8.14875417E+2	5.76931755E+2	6.23584846E-7	1.31330257E+2	-2.41910960E+2	2.75260894E+2	-1.07343078E+0
8.73764200E+2	5.31597587E+2	6.02951273E-7	1.29767065E+2	-2.28351318E+2	2.62647722E+2	-1.05402835E+0
9.36908711E+2	4.91427499E+2	5.82129604E-7	1.28108019E+2	-2.15740793E+2	2.50909878E+2	-1.03494422E+0
1.00461650E+3	4.55581572E+2	5.60945117E-7	1.26474720E+2	-2.04018758E+2	2.40040665E+2	-1.01586048E+0
1.07721735E+3	4.23573685E+2	5.39611784E-7	1.24828513E+2	-1.93111066E+2	2.29943582E+2	-9.96950503E-1
1.15506485E+3	3.95127790E+2	5.18196179E-7	1.23162330E+2	-1.83018790E+2	2.20601097E+2	-9.78456967E-1
1.23853818E+3	3.69504837E+2	4.96900716E-7	1.21486077E+2	-1.73582290E+2	2.11871855E+2	-9.60153559E-1
1.32804389E+3	3.46736769E+2	4.75835334E-7	1.19754933E+2	-1.64870213E+2	2.03772996E+2	-9.42598043E-1
1.42401793E+3	3.26234830E+2	4.55063762E-7	1.18013111E+2	-1.56757397E+2	1.96214117E+2	-9.25480640E-1
1.52692775E+3	3.07815801E+2	4.34782382E-7	1.16217121E+2	-1.49221443E+2	1.89138736E+2	-9.09102079E-1
1.63727458E+3	2.91184866E+2	4.15016641E-7	1.14391626E+2	-1.42209904E+2	1.82507821E+2	-8.93386821E-1
1.75559587E+3	2.76189792E+2	3.95923031E-7	1.12503605E+2	-1.35702921E+2	1.76273496E+2	-8.78595189E-1
1.88246790E+3	2.62584588E+2	3.77455276E-7	1.10594113E+2	-1.29650485E+2	1.70412170E+2	-8.64553134E-1
2.01850863E+3	2.50215632E+2	3.59829181E-7	1.08605492E+2	-1.24014660E+2	1.64847778E+2	-8.51543280E-1
2.16438064E+3	2.38934773E+2	3.42937407E-7	1.06586583E+2	-1.18770945E+2	1.59584582E+2	-8.39412381E-1
2.32079442E+3	2.28576356E+2	3.26833177E-7	1.04529361E+2	-1.13870764E+2	1.54573410E+2	-8.28144080E-1
2.48851178E+3	2.19002575E+2	3.11600583E-7	1.02409301E+2	-1.09271376E+2	1.49759472E+2	-8.17803926E-1
2.66834962E+3	2.10153260E+2	2.97145098E-7	1.00258643E+2	-1.04966106E+2	1.45153986E+2	-8.08332231E-1
2.86118383E+3	2.01880379E+2	2.83529069E-7	9.80548976E+1	-1.00898937E+2	1.40695981E+2	-7.99692161E-1
3.06795364E+3	1.94151647E+2	2.70664554E-7	9.58239009E+1	-9.70677464E+1	1.36397829E+2	-7.91846490E-1
3.28966612E+3	1.86860873E+2	2.58532279E-7	9.35670801E+1	-9.34303325E+1	1.32227175E+2	-7.84666880E-1
3.52740116E+3	1.80009113E+2	2.47150040E-7	9.12707511E+1	-8.99956465E+1	1.28177871E+2	-7.78363858E-1
3.78231664E+3	1.73435728E+2	2.36366808E-7	8.89811067E+1	-8.66883201E+1	1.24227624E+2	-7.72347188E-1
4.05565415E+3	1.67197356E+2	2.26201102E-7	8.66839220E+1	-8.35417252E+1	1.20388215E+2	-7.66941251E-1
4.34874501E+3	1.61188323E+2	2.16613090E-7	8.43841273E+1	-8.05049955E+1	1.16626479E+2	-7.61876801E-1
4.66301673E+3	1.55429541E+2	2.07531503E-7	8.21006178E+1	-7.75909095E+1	1.12963981E+2	-7.57165544E-1
5.00000000E+3	1.49859629E+2	1.98878448E-7	7.98532952E+1	-7.47678805E+1	1.09392801E+2	-7.52520506E-1
5.36133611E+3	1.44500204E+2	1.90704349E-7	7.76166930E+1	-7.20505142E+1	1.05903861E+2	-7.48224924E-1
5.74878498E+3	1.39295415E+2	1.82876637E-7	7.54315663E+1	-6.94071312E+1	1.02504981E+2	-7.43828026E-1
6.16423370E+3	1.34219396E+2	1.75426883E-7	7.32778489E+1	-6.68256337E+1	9.91731241E+1	-7.39377473E-1
6.60970574E+3	1.29323609E+2	1.68268138E-7	7.11844647E+1	-6.43319796E+1	9.59470259E+1	-7.34875483E-1
7.08737081E+3	1.24564140E+2	1.61399454E-7	6.91434960E+1	-6.19029633E+1	9.28051724E+1	-7.30202641E-1
7.59955541E+3	1.19937903E+2	1.54793588E-7	6.71590811E+1	-5.95363506E+1	8.97492021E+1	-7.25304817E-1
8.14875417E+3	1.15453114E+2	1.48413098E-7	6.52403438E+1	-5.72354624E+1	8.67882523E+1	-7.20132116E-1
8.73764200E+3	1.11100417E+2	1.42235254E-7	6.33898959E+1	-5.49942250E+1	8.39204610E+1	-7.14597806E-1
9.36908711E+3	1.06879162E+2	1.36242942E-7	6.16089697E+1	-5.28114552E+1	8.11462569E+1	-7.08661515E-1
1.00461650E+4	1.02794608E+2	1.30443699E-7	5.98901374E+1	-5.06907733E+1	7.84626226E+1	-7.02398037E-1
1.07721735E+4	9.88468281E+1	1.24801605E-7	5.82425047E+1	-4.86302108E+1	7.58754691E+1	-6.95698005E-1
1.15506485E+4	9.50319605E+1	1.19316570E-7	5.66612659E+1	-4.66275882E+1	7.33800458E+1	-6.88560085E-1
1.23853818E+4	9.13596443E+1	1.13966341E-7	5.51519220E+1	-4.46869712E+1	7.09835188E+1	-6.80961149E-1
1.32804389E+4	8.78098179E+1	1.08756033E-7	5.37061314E+1	-4.27969277E+1	6.86725972E+1	-6.72830889E-1
1.42401793E+4	8.44137550E+1	1.03660678E-7	5.23340878E+1	-4.09738944E+1	6.64659073E+1	-6.64245003E-1
1.52692775E+4	8.11330728E+1	9.87152451E-8	5.10136161E+1	-3.91982435E+1	6.43342163E+1	-6.55165856E-1
1.63727458E+4	7.79768915E+1	9.38752971E-8	4.97596486E+1	-3.74710555E+1	6.22904702E+1	-6.45444509E-1
1.75559587E+4	7.49660510E+1	8.91449629E-8	4.85715409E+1	-3.58053343E+1	6.03424941E+1	-6.35237236E-1
1.88246790E+4	7.20824083E+1	8.45424717E-8	4.74368299E+1	-3.41922220E+1	5.84753018E+1	-6.24546328E-1
2.01850863E+4	6.93222796E+1	8.00499387E-8	4.63593962E+1	-3.26273712E+1	5.66898492E+1	-6.13266384E-1
2.16438064E+4	6.66936406E+1	7.56623180E-8	4.53411784E+1	-3.11150406E+1	5.49906195E+1	-6.01432902E-1
2.32079442E+4	6.41907494E+1	7.13920152E-8	4.43748387E+1	-2.96534616E+1	5.33709109E+1	-5.89097581E-1
2.48851178E+4	6.18111865E+1	6.72386002E-8	4.34589237E+1	-2.82412728E+1	5.18290228E+1	-5.76261531E-1
2.66834962E+4	5.95415430E+1	6.31942413E-8	4.25917086E+1	-2.68686130E+1	5.03584753E+1	-5.62788845E-1
2.86118383E+4	5.73908074E+1	5.92728704E-8	4.17697684E+1	-2.55438275E+1	4.89612164E+1	-5.48860630E-1
3.06795364E+4	5.53545188E+1	5.54685102E-8	4.09938368E+1	-2.42631286E+1	4.76360588E+1	-5.34422038E-1
3.28966612E+4	5.34329756E+1	5.17844221E-8	4.02629647E+1	-2.30274544E+1	4.63828632E+1	-5.19521355E-1
3.52740116E+4	5.16229148E+1	4.82186915E-8	3.95772462E+1	-2.18342477E+1	4.52005841E+1	-5.04137402E-1
3.78231664E+4	4.99119305E+1	4.47831423E-8	3.89276512E+1	-2.06783022E+1	4.40789544E+1	-4.88293632E-1
4.05565415E+4	4.83038437E+1	4.14769801E-8	3.83165903E+1	-1.95621440E+1	4.30213736E+1	-4.72043846E-1
4.34874501E+4	4.67966355E+1	3.82988043E-8	3.77446689E+1	-1.84841410E+1	4.20276517E+1	-4.55386031E-1
4.66301673E+4	4.53809684E+1	3.52622399E-8	3.72030999E+1	-1.74425355E+1	4.10890824E+1	-4.38415507E-1
5.00000000E+4	4.40543359E+1	3.23602871E-8	3.66940106E+1	-1.64341058E+1	4.02060974E+1	-4.21080280E-1
5.36133611E+4	4.28140216E+1	2.95905934E-8	3.62176451E+1	-1.54565588E+1	3.93779512E+1	-4.03367830E-1
5.74878498E+4	4.16530910E+1	2.69631261E-8	3.57669721E+1	-1.45096049E+1	3.85979914E+1	-3.85385146E-1
6.16423370E+4	4.05723480E+1	2.44776003E-8	3.53432960E+1	-1.35945548E+1	3.78676710E+1	-3.67197973E-1
6.60970574E+4	3.95617601E+1	2.21215056E-8	3.49454477E+1	-1.27011453E+1	3.71820308E+1	-3.48612016E-1
7.08737081E+4	3.86232651E+1	1.99100502E-8	3.45694391E+1	-1.18380100E+1	3.65401780E+1	-3.29925366E-1
7.59955541E+4	3.77493884E+1	1.78277907E-8	3.42160820E+1	-1.09952668E+1	3.59393401E+1	-3.10925180E-1
8.14875417E+4	3.69389932E+1	1.58773085E-8	3.38836741E+1	-1.01747446E+1	3.53783664E+1	-2.91717850E-1
8.73764200E+4	3.61873912E+1	1.40543832E-8	3.35701726E+1	-9.37339150E+0	3.48542245E+1	-2.72283269E-1
9.36908711E+4	3.54901082E+1	1.23558786E-8	3.32728978E+1	-8.58912115E+0	3.43636253E+1	-2.52626602E-1
1.00461650E+5	3.48472814E+1	1.07756781E-8	3.29936725E+1	-7.82031676E+0	3.39078131E+1	-2.32729872E-1
1.07721735E+5	3.42559847E+1	9.31173951E-9	3.27303461E+1	-7.06644656E+0	3.34844775E+1	-2.12635209E-1
1.15506485E+5	3.37135784E+1	7.95542513E-9	3.24828472E+1	-6.32278743E+0	3.30924919E+1	-1.92246110E-1
1.23853818E+5	3.32137266E+1	6.70382607E-9	3.22456049E+1	-5.58727627E+0	3.27260860E+1	-1.71568997E-1
1.32804389E+5	3.27571113E+1	5.55034476E-9	3.20201198E+1	-4.85781308E+0	3.23865192E+1	-1.50563126E-1
1.42401793E+5	3.23436287E+1	4.49075899E-9	3.18064448E+1	-4.13350953E+0	3.20739121E+1	-1.29233936E-1
1.52692775E+5	3.19707764E+1	3.52057651E-9	3.16022664E+1	-3.41258569E+0	3.17859874E+1	-1.07568650E-1
1.63727458E+5	3.16379499E+1	2.62947686E-9	3.14079127E+1	-2.68793148E+0	3.15227215E+1	-8.53733184E-2
1.75559587E+5	3.13467338E+1	1.81831652E-9	3.12233060E+1	-1.96311232E+0	3.12849590E+1	-6.27906447E-2
1.88246790E+5	3.10773567E+1	1.07931381E-9	3.10240149E+1	-1.23075822E+0	3.10506708E+1	-3.96485773E-2
2.01850863E+5	3.08781416E+1	4.06586754E-10	3.08703148E+1	-4.91536741E-1	3.08742280E+1	-1.59212878E-2
2.16438064E+5	3.07042114E+1	-2.01165406E-10	3.07020448E+1	2.57888453E-1	3.07031281E+1	8.39951983E-3
2.32079442E+5	3.05691885E+1	-7.50547637E-10	3.05350095E+1	1.02159019E+0	3.05520942E+1	3.34438850E-2
2.48851178E+5	3.04790973E+1	-1.24651615E-9	3.03719173E+1	1.80422956E+0	3.04254601E+1	5.93348020E-2
2.66834962E+5	3.04351727E+1	-1.69064994E-9	3.02103374E+1	2.60619862E+0	3.03225467E+1	8.60553856E-2
2.86118383E+5	3.04375280E+1	-2.08395961E-9	3.00468240E+1	3.42628020E+0	3.02415450E+1	1.13540924E-1
3.06795364E+5	3.04967923E+1	-2.43510112E-9	2.98843796E+1	4.27803223E+0	3.01890331E+1	1.42186776E-1
3.28966612E+5	3.06119270E+1	-2.74237695E-9	2.97171653E+1	5.15652221E+0	3.01612283E+1	1.71809269E-1
3.52740116E+5	3.07923523E+1	-3.00960030E-9	2.95459140E+1	6.06853421E+0	3.01626954E+1	2.02576051E-1
3.78231664E+5	3.10404445E+1	-3.23933246E-9	2.93637477E+1	7.01669620E+0	3.01904583E+1	2.34559292E-1
4.05565415E+5	3.13785271E+1	-3.43392380E-9	2.91786716E+1	8.01178898E+0	3.02586141E+1	2.67972802E-1
4.34874501E+5	3.18003729E+1	-3.59334254E-9	2.89756084E+1	9.04705443E+0	3.03551502E+1	3.02638871E-1
4.66301673E+5	3.23318694E+1	-3.71886488E-9	2.87624169E+1	1.01324243E+1	3.04949619E+1	3.38704568E-1
5.00000000E+5	3.29796201E+1	-3.81308338E-9	2.85271384E+1	1.12701564E+1	3.06726942E+1	3.76247363E-1
