Start time:20240909_03-28-56	sweep/start:500.000	sweep/stop:500000.000	sweep/samplecount:100.000	sweep/xmapping:1.000	sweep/scan:0.000	sweep/averaging/sample:10.000	sweep/settling/time:0.100	sweep/settling/inaccuracy:0.010	sweep/awgcontrol:0.000	sweep/averaging/time:0.100	sweep/averaging/tc:15.000	sweep/bandwidthcontrol:2.000	sweep/sincfilter:0.000	sweep/omegasuppression:80.000	sweep/maxbandwidth:100.000	sweep/bandwidth:1250000.000	sweep/order:8.000	sweep/bandwidthoverlap:1.000																				
Frequency	Param0		Param1		RealZ		ImagZ		AbsZ		PhaseZ		
5.00000000E+2	1.61936853E+3	9.23726936E-7	7.01510535E+1	-3.29665275E+2	3.37046534E+2	-1.36112889E+0
5.36133611E+2	1.44347246E+3	9.16259568E-7	6.92314256E+1	-3.08448717E+2	3.16122767E+2	-1.35000511E+0
5.74878498E+2	1.28734237E+3	9.08136609E-7	6.83589745E+1	-2.88666645E+2	2.96650269E+2	-1.33827036E+0
6.16423370E+2	1.14914537E+3	8.99360132E-7	6.75067434E+1	-2.70218213E+2	2.78522969E+2	-1.32598419E+0
6.60970574E+2	1.02636667E+3	8.89880477E-7	6.67003208E+1	-2.53002055E+2	2.61646658E+2	-1.31302600E+0
7.08737081E+2	9.18172194E+2	8.79764494E-7	6.58692760E+1	-2.36939996E+2	2.45925444E+2	-1.29964335E+0
7.59955541E+2	8.21862967E+2	8.68759058E-7	6.51062557E+1	-2.21967538E+2	2.31318856E+2	-1.28548442E+0
8.14875417E+2	7.36963193E+2	8.56990787E-7	6.43271275E+1	-2.08011384E+2	2.17730834E+2	-1.27087677E+0
8.73764200E+2	6.61644064E+2	8.44440136E-7	6.35657702E+1	-1.94980253E+2	2.05080245E+2	-1.25564999E+0
9.36908711E+2	5.94907429E+2	8.30991086E-7	6.28250853E+1	-1.82833569E+2	1.93326423E+2	-1.23981742E+0
1.00461650E+3	5.35694711E+2	8.16767641E-7	6.20902873E+1	-1.71482452E+2	1.82377180E+2	-1.22340101E+0
1.07721735E+3	4.83411304E+2	8.01668096E-7	6.13465184E+1	-1.60910547E+2	1.72208012E+2	-1.20656090E+0
1.15506485E+3	4.37022736E+2	7.85672839E-7	6.06167356E+1	-1.51051320E+2	1.62760223E+2	-1.18917067E+0
1.23853818E+3	3.95856909E+2	7.68896640E-7	5.98843000E+1	-1.41843164E+2	1.53966271E+2	-1.17131097E+0
1.32804389E+3	3.59259708E+2	7.51271263E-7	5.91648074E+1	-1.33248100E+2	1.45792766E+2	-1.15292657E+0
1.42401793E+3	3.26843976E+2	7.32854504E-7	5.84368623E+1	-1.25239246E+2	1.38201794E+2	-1.13422241E+0
1.52692775E+3	2.97935993E+2	7.13706614E-7	5.77193037E+1	-1.17750327E+2	1.31136027E+2	-1.11503246E+0
1.63727458E+3	2.72247409E+2	6.93883831E-7	5.69957728E+1	-1.10762958E+2	1.24567055E+2	-1.09555737E+0
1.75559587E+3	2.49358283E+2	6.73417521E-7	5.62753934E+1	-1.04239221E+2	1.18459847E+2	-1.07576547E+0
1.88246790E+3	2.28899553E+2	6.52436174E-7	5.55556010E+1	-9.81337207E+1	1.12768134E+2	-1.05566014E+0
2.01850863E+3	2.10658809E+2	6.30928417E-7	5.48383243E+1	-9.24388115E+1	1.07481048E+2	-1.03536285E+0
2.16438064E+3	1.94309898E+2	6.09025875E-7	5.41263464E+1	-8.71069647E+1	1.02553814E+2	-1.01480588E+0
2.32079442E+3	1.79672592E+2	5.86824305E-7	5.34133874E+1	-8.21214444E+1	9.79638792E+1	-9.94126270E-1
2.48851178E+3	1.66526415E+2	5.64382879E-7	5.27065845E+1	-7.74535630E+1	9.36858501E+1	-9.73282832E-1
2.66834962E+3	1.54716879E+2	5.41805315E-7	5.20024929E+1	-7.30849101E+1	8.96976219E+1	-9.52370436E-1
2.86118383E+3	1.44079174E+2	5.19175424E-7	5.13038951E+1	-6.89908188E+1	8.59757103E+1	-9.31382142E-1
3.06795364E+3	1.34487741E+2	4.96561867E-7	5.06129755E+1	-6.51548258E+1	8.25034827E+1	-9.10355912E-1
3.28966612E+3	1.25820593E+2	4.74067424E-7	4.99285659E+1	-6.15563161E+1	7.92593323E+1	-8.89321313E-1
3.52740116E+3	1.17989034E+2	4.51736610E-7	4.92548811E+1	-5.81849847E+1	7.62334296E+1	-8.68324774E-1
3.78231664E+3	1.10880934E+2	4.29699643E-7	4.85874043E+1	-5.50152783E+1	7.33990241E+1	-8.47362246E-1
4.05565415E+3	1.04440216E+2	4.07993131E-7	4.79298060E+1	-5.20435676E+1	7.07516732E+1	-8.26523535E-1
4.34874501E+3	9.85712217E+1	3.86723214E-7	4.72787078E+1	-4.92447328E+1	6.82665361E+1	-8.05763716E-1
4.66301673E+3	9.32372938E+1	3.65873654E-7	4.66435894E+1	-4.66186400E+1	6.59463573E+1	-7.85130645E-1
5.00000000E+3	8.83714548E+1	3.45523519E-7	4.60221703E+1	-4.41475475E+1	6.37733967E+1	-7.64611220E-1
5.36133611E+3	8.39277693E+1	3.25780274E-7	4.54072592E+1	-4.18223714E+1	6.17327300E+1	-7.44324142E-1
5.74878498E+3	7.98643193E+1	3.06628245E-7	4.48065955E+1	-3.96335366E+1	5.98201324E+1	-7.24211598E-1
6.16423370E+3	7.61425582E+1	2.88103446E-7	4.42203924E+1	-3.75714078E+1	5.80263198E+1	-7.04284945E-1
6.60970574E+3	7.27235834E+1	2.70266838E-7	4.36441440E+1	-3.56250925E+1	5.63378961E+1	-6.84578938E-1
7.08737081E+3	6.95911709E+1	2.53100053E-7	4.30849275E+1	-3.37937798E+1	5.47570137E+1	-6.65126823E-1
7.59955541E+3	6.67007835E+1	2.36673316E-7	4.25335049E+1	-3.20611766E+1	5.32636658E+1	-6.45919990E-1
8.14875417E+3	6.40419726E+1	2.20952631E-7	4.19977112E+1	-3.04271016E+1	5.18615104E+1	-6.26976629E-1
8.73764200E+3	6.15863151E+1	2.05969319E-7	4.14728897E+1	-2.88818603E+1	5.05387223E+1	-6.08308039E-1
9.36908711E+3	5.93206979E+1	1.91705754E-7	4.09626897E+1	-2.74224977E+1	4.92943743E+1	-5.89927474E-1
1.00461650E+4	5.72244870E+1	1.78152565E-7	4.04669877E+1	-2.60408429E+1	4.81217477E+1	-5.71798097E-1
1.07721735E+4	5.52833142E+1	1.65316975E-7	3.99839049E+1	-2.47331784E+1	4.70153461E+1	-5.53968174E-1
1.15506485E+4	5.34818357E+1	1.53195376E-7	3.95116644E+1	-2.34943546E+1	4.59690802E+1	-5.36452894E-1
1.23853818E+4	5.18071599E+1	1.41744590E-7	3.90535839E+1	-2.23175455E+1	4.49806099E+1	-5.19169509E-1
1.32804389E+4	5.02492160E+1	1.30968378E-7	3.86068664E+1	-2.12008164E+1	4.40450311E+1	-5.02187514E-1
1.42401793E+4	4.88010421E+1	1.20835863E-7	3.81740802E+1	-2.01413624E+1	4.31617294E+1	-4.85497746E-1
1.52692775E+4	4.74418270E+1	1.11336415E-7	3.77481292E+1	-1.91290068E+1	4.23183199E+1	-4.69036016E-1
1.63727458E+4	4.61786597E+1	1.02412896E-7	3.73402855E+1	-1.81666556E+1	4.15249844E+1	-4.52802539E-1
1.75559587E+4	4.49977643E+1	9.40688062E-8	3.69435885E+1	-1.72496410E+1	4.07722808E+1	-4.36833849E-1
1.88246790E+4	4.38912652E+1	8.62599786E-8	3.65597602E+1	-1.63718677E+1	4.00581343E+1	-4.21032174E-1
2.01850863E+4	4.28561757E+1	7.89868507E-8	3.61865093E+1	-1.55355053E+1	3.93803936E+1	-4.05521999E-1
2.16438064E+4	4.18857197E+1	7.21883922E-8	3.58279148E+1	-1.47322264E+1	3.87385854E+1	-3.90119044E-1
2.32079442E+4	4.09730963E+1	6.58664766E-8	3.54786201E+1	-1.39619623E+1	3.81270103E+1	-3.74917868E-1
2.48851178E+4	4.01174822E+1	5.99822507E-8	3.51425680E+1	-1.32223751E+1	3.75477208E+1	-3.59865709E-1
2.66834962E+4	3.93134743E+1	5.45223465E-8	3.48170327E+1	-1.25121032E+1	3.69970068E+1	-3.44995361E-1
2.86118383E+4	3.85590794E+1	4.94548070E-8	3.45040693E+1	-1.18285390E+1	3.64752676E+1	-3.30260332E-1
3.06795364E+4	3.78506466E+1	4.47592612E-8	3.42028387E+1	-1.11698418E+1	3.59805442E+1	-3.15657084E-1
3.28966612E+4	3.71863925E+1	4.04024635E-8	3.39156432E+1	-1.05323101E+1	3.55133837E+1	-3.01102185E-1
3.52740116E+4	3.65610976E+1	3.63771408E-8	3.36382978E+1	-9.91554333E+0	3.50692613E+1	-2.86651265E-1
3.78231664E+4	3.59738953E+1	3.26678346E-8	3.33709795E+1	-9.31997002E+0	3.46480031E+1	-2.72344339E-1
4.05565415E+4	3.54244570E+1	2.92333389E-8	3.31181808E+1	-8.73954605E+0	3.42519134E+1	-2.58007979E-1
4.34874501E+4	3.49089762E+1	2.60765096E-8	3.28750850E+1	-8.17706155E+0	3.38767702E+1	-2.43784205E-1
4.66301673E+4	3.44271734E+1	2.31703199E-8	3.26441156E+1	-7.62930786E+0	3.35237919E+1	-2.29590621E-1
5.00000000E+4	3.39761167E+1	2.04993254E-8	3.24237658E+1	-7.09457917E+0	3.31908670E+1	-2.15413043E-1
5.36133611E+4	3.35524308E+1	1.80494763E-8	3.22118330E+1	-6.57138531E+0	3.28752992E+1	-2.01243846E-1
5.74878498E+4	3.31582976E+1	1.58075368E-8	3.20108778E+1	-6.06052066E+0	3.25795367E+1	-1.87112232E-1
6.16423370E+4	3.27900257E+1	1.37534122E-8	3.18192640E+1	-5.55777932E+0	3.23009982E+1	-1.72922665E-1
6.60970574E+4	3.24491101E+1	1.18791413E-8	3.16383113E+1	-5.06480965E+0	3.20411461E+1	-1.58737849E-1
7.08737081E+4	3.21312690E+1	1.01680241E-8	3.14652445E+1	-4.57783960E+0	3.17965129E+1	-1.44475091E-1
7.59955541E+4	3.18381238E+1	8.61091618E-9	3.13017124E+1	-4.09763214E+0	3.15687788E+1	-1.30167421E-1
8.14875417E+4	3.15661304E+1	7.19155474E-9	3.11453803E+1	-3.62000241E+0	3.13550496E+1	-1.15710005E-1
8.73764200E+4	3.13153100E+1	5.90567560E-9	3.09957858E+1	-3.14704589E+0	3.11551383E+1	-1.01184670E-1
9.36908711E+4	3.10857681E+1	4.73607593E-9	3.08540143E+1	-2.67404737E+0	3.09696744E+1	-8.64517050E-2
1.00461650E+5	3.08756993E+1	3.67853679E-9	3.07178165E+1	-2.20222865E+0	3.07966567E+1	-7.15697774E-2
1.07721735E+5	3.06850829E+1	2.72009482E-9	3.05874641E+1	-1.72797728E+0	3.06362347E+1	-5.64330050E-2
1.15506485E+5	3.05143318E+1	1.85325380E-9	3.04630191E+1	-1.25025295E+0	3.04886647E+1	-4.10186445E-2
1.23853818E+5	3.03643477E+1	1.07149641E-9	3.03448950E+1	-7.68297816E-1	3.03546198E+1	-2.53134404E-2
1.32804389E+5	3.02303366E+1	3.67259337E-10	3.02277340E+1	-2.80035204E-1	3.02290352E+1	-9.26392631E-3
1.42401793E+5	3.01187822E+1	-2.67044037E-10	3.01172221E+1	2.16735632E-1	3.01180021E+1	7.19627935E-3
1.52692775E+5	3.00278477E+1	-8.39821138E-10	3.00102809E+1	7.26071502E-1	3.00190630E+1	2.41893740E-2
1.63727458E+5	2.99547596E+1	-1.35190529E-9	2.99028626E+1	1.24573665E+0	2.99287999E+1	4.16353702E-2
1.75559587E+5	2.99056919E+1	-1.81005163E-9	2.97994468E+1	1.77933369E+0	2.98525221E+1	5.96394842E-2
1.88246790E+5	2.99166427E+1	-2.20238123E-9	2.97280763E+1	2.31612716E+0	2.98221857E+1	7.77536141E-2
2.01850863E+5	2.98808321E+1	-2.58493114E-9	2.95968116E+1	2.89932595E+0	2.97384828E+1	9.76491938E-2
2.16438064E+5	2.99064332E+1	-2.90821316E-9	2.94938227E+1	3.48847353E+0	2.96994114E+1	1.17731132E-1
2.32079442E+5	2.99654731E+1	-3.19432249E-9	2.93928420E+1	4.10258871E+0	2.96777765E+1	1.38681855E-1
2.48851178E+5	3.00569819E+1	-3.44555951E-9	2.92889943E+1	4.74273785E+0	2.96705034E+1	1.60535558E-1
2.66834962E+5	3.01872530E+1	-3.66542777E-9	2.91829327E+1	5.41376301E+0	2.96808451E+1	1.83426175E-1
2.86118383E+5	3.03557600E+1	-3.85109123E-9	2.90717384E+1	6.10972332E+0	2.97068126E+1	2.07145654E-1
3.06795364E+5	3.05714777E+1	-4.01121515E-9	2.89536033E+1	6.84421540E+0	2.97515451E+1	2.32124654E-1
3.28966612E+5	3.08400454E+1	-4.14504495E-9	2.88274393E+1	7.61696588E+0	2.98167659E+1	2.58322585E-1
3.52740116E+5	3.11816281E+1	-4.25210827E-9	2.87030421E+1	8.43462273E+0	2.99166772E+1	2.85812602E-1
3.78231664E+5	3.15818043E+1	-4.33310342E-9	2.85610060E+1	9.28853432E+0	3.00334495E+1	3.14428453E-1
4.05565415E+5	3.20606383E+1	-4.39098879E-9	2.84051299E+1	1.01899498E+1	3.01775841E+1	3.44436362E-1
4.34874501E+5	3.26409386E+1	-4.42456500E-9	2.82428613E+1	1.11451433E+1	3.03623697E+1	3.75858202E-1
4.66301673E+5	3.33271377E+1	-4.43923506E-9	2.80557165E+1	1.21611412E+1	3.05780429E+1	4.09017778E-1
NaN	NaN	NaN	NaN	NaN	NaN	NaN
