Start time:20240905_08-22-08	sweep/start:500.000	sweep/stop:500000.000	sweep/samplecount:100.000	sweep/xmapping:1.000	sweep/scan:0.000	sweep/averaging/sample:10.000	sweep/settling/time:0.100	sweep/settling/inaccuracy:0.010	sweep/awgcontrol:0.000	sweep/averaging/time:0.100	sweep/averaging/tc:15.000	sweep/bandwidthcontrol:2.000	sweep/sincfilter:0.000	sweep/omegasuppression:80.000	sweep/maxbandwidth:100.000	sweep/bandwidth:1250000.000	sweep/order:8.000	sweep/bandwidthoverlap:1.000																				
Frequency	Param0		Param1		RealZ		ImagZ		AbsZ		PhaseZ		
5.00000000E+2	1.17777837E+3	7.06708834E-7	1.50271571E+2	-3.92944062E+2	4.20697735E+2	-1.20553215E+0
5.36133611E+2	1.06735997E+3	6.92565384E-7	1.48227571E+2	-3.69108013E+2	3.97758901E+2	-1.18892587E+0
5.74878498E+2	9.68392095E+2	6.77638739E-7	1.46318715E+2	-3.46820825E+2	3.76422444E+2	-1.17156655E+0
6.16423370E+2	8.80327356E+2	6.61869400E-7	1.44488098E+2	-3.26067468E+2	3.56646615E+2	-1.15367574E+0
6.60970574E+2	8.01956400E+2	6.45361933E-7	1.42699526E+2	-3.06717505E+2	3.38288022E+2	-1.13533525E+0
7.08737081E+2	7.32553450E+2	6.28052999E-7	1.40940668E+2	-2.88759905E+2	3.21320024E+2	-1.11672247E+0
7.59955541E+2	6.70686483E+2	6.10143788E-7	1.39203408E+2	-2.72000446E+2	3.05551688E+2	-1.09777204E+0
8.14875417E+2	6.15807631E+2	5.91550289E-7	1.37497295E+2	-2.56449548E+2	2.90984326E+2	-1.07864300E+0
8.73764200E+2	5.66924448E+2	5.72514101E-7	1.35783816E+2	-2.41954361E+2	2.77451184E+2	-1.05939801E+0
9.36908711E+2	5.23463668E+2	5.52996974E-7	1.34089383E+2	-2.28497163E+2	2.64935685E+2	-1.04011566E+0
1.00461650E+3	4.84818107E+2	5.33143115E-7	1.32392160E+2	-2.16005616E+2	2.53349782E+2	-1.02093769E+0
1.07721735E+3	4.50341176E+2	5.13145276E-7	1.30669402E+2	-2.04380325E+2	2.42581555E+2	-1.00194842E+0
1.15506485E+3	4.19664141E+2	4.92963251E-7	1.28958131E+2	-1.93620510E+2	2.32635127E+2	-9.83230818E-1
1.23853818E+3	3.92266137E+2	4.72877872E-7	1.27205739E+2	-1.83622443E+2	2.23379726E+2	-9.64947972E-1
1.32804389E+3	3.67764627E+2	4.52981335E-7	1.25416477E+2	-1.74340041E+2	2.14764390E+2	-9.47182707E-1
1.42401793E+3	3.45865738E+2	4.33363029E-7	1.23589868E+2	-1.65743912E+2	2.06749849E+2	-9.30073714E-1
1.52692775E+3	3.26183842E+2	4.14121077E-7	1.21733756E+2	-1.57760817E+2	1.99267618E+2	-9.13592036E-1
1.63727458E+3	3.08488851E+2	3.95387276E-7	1.19827390E+2	-1.50355611E+2	1.92263916E+2	-8.97911867E-1
1.75559587E+3	2.92570987E+2	3.77254885E-7	1.17862056E+2	-1.43497572E+2	1.85696036E+2	-8.83170633E-1
1.88246790E+3	2.78121718E+2	3.59817210E-7	1.15834161E+2	-1.37107413E+2	1.79488149E+2	-8.69304120E-1
2.01850863E+3	2.65006207E+2	3.43052336E-7	1.13766144E+2	-1.31171636E+2	1.73633908E+2	-8.56339785E-1
2.16438064E+3	2.53054621E+2	3.27093576E-7	1.11622028E+2	-1.25646298E+2	1.68066861E+2	-8.44436690E-1
2.32079442E+3	2.42092130E+2	3.11908137E-7	1.09424855E+2	-1.20486916E+2	1.62760241E+2	-8.33475462E-1
2.48851178E+3	2.31997589E+2	2.97518094E-7	1.07170598E+2	-1.15662366E+2	1.57681071E+2	-8.23487954E-1
2.66834962E+3	2.22654890E+2	2.83911169E-7	1.04865361E+2	-1.11139736E+2	1.52803092E+2	-8.14437348E-1
2.86118383E+3	2.13955095E+2	2.71097773E-7	1.02503398E+2	-1.06883944E+2	1.48091607E+2	-8.06315888E-1
3.06795364E+3	2.05814184E+2	2.59000706E-7	1.00110580E+2	-1.02869086E+2	1.43541552E+2	-7.98987389E-1
3.28966612E+3	1.98133283E+2	2.47647713E-7	9.76699185E+1	-9.90567940E+1	1.39110249E+2	-7.92447804E-1
3.52740116E+3	1.90874329E+2	2.36959564E-7	9.52049996E+1	-9.54368804E+1	1.34804266E+2	-7.86614479E-1
3.78231664E+3	1.83952762E+2	2.26905828E-7	9.27197846E+1	-9.19733753E+1	1.30598853E+2	-7.81356838E-1
4.05565415E+3	1.77328584E+2	2.17429271E-7	9.02284751E+1	-8.86504925E+1	1.26491453E+2	-7.76576882E-1
4.34874501E+3	1.70966380E+2	2.08476074E-7	8.77441189E+1	-8.54532843E+1	1.22479771E+2	-7.72172210E-1
4.66301673E+3	1.64839146E+2	2.00018477E-7	8.52694124E+1	-8.23702876E+1	1.18556894E+2	-7.68106102E-1
5.00000000E+3	1.58917801E+2	1.91991714E-7	8.28224721E+1	-7.93876763E+1	1.14725608E+2	-7.64226352E-1
5.36133611E+3	1.53165189E+2	1.84370864E-7	8.04050199E+1	-7.64871407E+1	1.10974096E+2	-7.60431553E-1
5.74878498E+3	1.47572452E+2	1.77103058E-7	7.80311701E+1	-7.36640175E+1	1.07309138E+2	-7.56617114E-1
6.16423370E+3	1.42139718E+2	1.70154819E-7	7.57077047E+1	-7.09183699E+1	1.03735586E+2	-7.52746176E-1
6.60970574E+3	1.36851897E+2	1.63493761E-7	7.34407894E+1	-6.82419352E+1	1.00252238E+2	-7.48720982E-1
7.08737081E+3	1.31716810E+2	1.57073479E-7	7.12435231E+1	-6.56378697E+1	9.68708912E+1	-7.44468402E-1
7.59955541E+3	1.26710404E+2	1.50894680E-7	6.91082724E+1	-6.30934521E+1	9.35774388E+1	-7.39932226E-1
8.14875417E+3	1.21846308E+2	1.44903828E-7	6.70517970E+1	-6.06141101E+1	9.03881289E+1	-7.35014793E-1
8.73764200E+3	1.17125192E+2	1.39102948E-7	6.50674506E+1	-5.82002103E+1	8.72985546E+1	-7.29745700E-1
9.36908711E+3	1.12545041E+2	1.33454472E-7	6.31651064E+1	-5.58488028E+1	8.43144084E+1	-7.24001069E-1
1.00461650E+4	1.08106953E+2	1.27962038E-7	6.13378859E+1	-5.35603928E+1	8.14312713E+1	-7.17811016E-1
1.07721735E+4	1.03815102E+2	1.22602197E-7	5.95906703E+1	-5.13357911E+1	7.86537441E+1	-7.11117501E-1
1.15506485E+4	9.96663042E+1	1.17371906E-7	5.79195524E+1	-4.91726868E+1	7.59778107E+1	-7.03903061E-1
1.23853818E+4	9.56714159E+1	1.12260814E-7	5.63252488E+1	-4.70763487E+1	7.34078762E+1	-6.96189172E-1
1.32804389E+4	9.18105364E+1	1.07253675E-7	5.48076707E+1	-4.50337744E+1	7.09360390E+1	-6.87814914E-1
1.42401793E+4	8.81023953E+1	1.02362602E-7	5.33597681E+1	-4.30564571E+1	6.85647385E+1	-6.78939345E-1
1.52692775E+4	8.45481814E+1	9.75707500E-8	5.19851953E+1	-4.11435671E+1	6.62967095E+1	-6.69504374E-1
1.63727458E+4	8.11399366E+1	9.28622036E-8	5.06862336E+1	-3.92884643E+1	6.41301626E+1	-6.59391822E-1
1.75559587E+4	7.78696516E+1	8.82683977E-8	4.94457056E+1	-3.74892255E+1	6.20509456E+1	-6.48721954E-1
1.88246790E+4	7.47563769E+1	8.37568393E-8	4.82776119E+1	-3.57537623E+1	6.00754471E+1	-6.37449393E-1
2.01850863E+4	7.17869753E+1	7.93485023E-8	4.71692205E+1	-3.40763886E+1	5.81905117E+1	-6.25620583E-1
2.16438064E+4	6.89521595E+1	7.50363499E-8	4.61197020E+1	-3.24503637E+1	5.63919589E+1	-6.13145839E-1
2.32079442E+4	6.62617324E+1	7.08091022E-8	4.51344051E+1	-3.08799174E+1	5.46871453E+1	-6.00027309E-1
2.48851178E+4	6.37082270E+1	6.67020111E-8	4.41964927E+1	-2.93657988E+1	5.30629830E+1	-5.86457611E-1
2.66834962E+4	6.12881459E+1	6.26879902E-8	4.33155531E+1	-2.79014832E+1	5.15240713E+1	-5.72247985E-1
2.86118383E+4	5.90013537E+1	5.87835156E-8	4.24847869E+1	-2.64896733E+1	5.00665550E+1	-5.57526861E-1
3.06795364E+4	5.68446014E+1	5.49838452E-8	4.17055197E+1	-2.51273407E+1	4.86901801E+1	-5.42251575E-1
3.28966612E+4	5.48106754E+1	5.13054521E-8	4.09692993E+1	-2.38132624E+1	4.73872869E+1	-5.26516028E-1
3.52740116E+4	5.28978221E+1	4.77416400E-8	4.02790095E+1	-2.25449163E+1	4.61592014E+1	-5.10274179E-1
3.78231664E+4	5.10987149E+1	4.43037601E-8	3.96282394E+1	-2.13202892E+1	4.49994678E+1	-4.93589302E-1
4.05565415E+4	4.94134791E+1	4.09936058E-8	3.90175242E+1	-2.01401193E+1	4.39089013E+1	-4.76508752E-1
4.34874501E+4	4.78363419E+1	3.78153387E-8	3.84441005E+1	-1.90020068E+1	4.28838563E+1	-4.59058154E-1
4.66301673E+4	4.63607686E+1	3.47694990E-8	3.79060311E+1	-1.79021097E+1	4.19207912E+1	-4.41223473E-1
5.00000000E+4	4.49841488E+1	3.18631741E-8	3.74005575E+1	-1.68413339E+1	4.10174626E+1	-4.23100331E-1
5.36133611E+4	4.36994221E+1	2.90941696E-8	3.69260889E+1	-1.58149517E+1	4.01702470E+1	-4.04651191E-1
5.74878498E+4	4.25028805E+1	2.64659172E-8	3.64803203E+1	-1.48224463E+1	3.93766262E+1	-3.85937166E-1
6.16423370E+4	4.13911664E+1	2.39779346E-8	3.60625630E+1	-1.38622902E+1	3.86351077E+1	-3.66982350E-1
6.60970574E+4	4.03599836E+1	2.16302436E-8	3.56711397E+1	-1.29327645E+1	3.79432025E+1	-3.47815956E-1
7.08737081E+4	3.94031164E+1	1.94253154E-8	3.53017921E+1	-1.20326261E+1	3.72961207E+1	-3.28500493E-1
7.59955541E+4	3.85189088E+1	1.73528320E-8	3.49579215E+1	-1.11572715E+1	3.66952448E+1	-3.08943411E-1
8.14875417E+4	3.76984704E+1	1.54150329E-8	3.46325360E+1	-1.03044202E+1	3.61329992E+1	-2.89194555E-1
8.73764200E+4	3.69418992E+1	1.36086999E-8	3.43269951E+1	-9.47427006E+0	3.56104534E+1	-2.69296190E-1
9.36908711E+4	3.62456400E+1	1.19287576E-8	3.40404233E+1	-8.66409242E+0	3.51257303E+1	-2.49231655E-1
1.00461650E+5	3.56019711E+1	1.03688901E-8	3.37684571E+1	-7.86860431E+0	3.46730967E+1	-2.28931343E-1
1.07721735E+5	3.50127612E+1	8.92960778E-9	3.35120902E+1	-7.09158751E+0	3.42542087E+1	-2.08536379E-1
1.15506485E+5	3.44742504E+1	7.59887537E-9	3.32716130E+1	-6.32563669E+0	3.38675939E+1	-1.87878854E-1
1.23853818E+5	3.39806729E+1	6.37389130E-9	3.30419916E+1	-5.56919109E+0	3.35080454E+1	-1.66979469E-1
1.32804389E+5	3.35276246E+1	5.24925041E-9	3.28197997E+1	-4.81979106E+0	3.31718242E+1	-1.45813919E-1
1.42401793E+5	3.31265767E+1	4.21745669E-9	3.26169080E+1	-4.07723093E+0	3.28707545E+1	-1.24358539E-1
1.52692775E+5	3.27635840E+1	3.27338734E-9	3.24203484E+1	-3.33583717E+0	3.25915144E+1	-1.02532493E-1
1.63727458E+5	3.24413129E+1	2.41368917E-9	3.22321656E+1	-2.59639411E+0	3.23365701E+1	-8.03793380E-2
1.75559587E+5	3.21578255E+1	1.63051809E-9	3.20506067E+1	-1.85375764E+0	3.21041714E+1	-5.77740915E-2
1.88246790E+5	3.19356936E+1	9.18041731E-10	3.18920616E+1	-1.10559863E+0	3.19138669E+1	-3.46553294E-2
2.01850863E+5	3.17105537E+1	2.73749568E-10	3.17067104E+1	-3.49075104E-1	3.17086320E+1	-1.10090583E-2
2.16438064E+5	3.15456369E+1	-3.09771447E-10	3.15400667E+1	4.19137974E-1	3.15428517E+1	1.32882788E-2
2.32079442E+5	3.14238039E+1	-8.33733200E-10	3.13780073E+1	1.19874783E+0	3.14008972E+1	3.81848668E-2
2.48851178E+5	3.13456974E+1	-1.30565336E-9	3.12178609E+1	1.99769212E+0	3.12817139E+1	6.39048244E-2
2.66834962E+5	3.13073980E+1	-1.72819476E-9	3.10518823E+1	2.81676272E+0	3.11793784E+1	9.04638980E-2
2.86118383E+5	3.13276002E+1	-2.10198096E-9	3.08946411E+1	3.65733426E+0	3.11103675E+1	1.17832472E-1
3.06795364E+5	3.13965337E+1	-2.43341267E-9	3.07300103E+1	4.52573171E+0	3.10614843E+1	1.46222882E-1
3.28966612E+5	3.15266083E+1	-2.72321578E-9	3.05641214E+1	5.42379076E+0	3.10416347E+1	1.75627806E-1
3.52740116E+5	3.17179025E+1	-2.97529469E-9	3.03885242E+1	6.35592543E+0	3.10460987E+1	2.06183167E-1
3.78231664E+5	3.19839634E+1	-3.19026045E-9	3.02076879E+1	7.32510109E+0	3.10831398E+1	2.37899250E-1
4.05565415E+5	3.23292125E+1	-3.37265595E-9	3.00122708E+1	8.33886201E+0	3.11492067E+1	2.71012428E-1
4.34874501E+5	3.27738371E+1	-3.52114838E-9	2.98098841E+1	9.39973616E+0	3.12567477E+1	3.05454471E-1
4.66301673E+5	3.33224252E+1	-3.63798397E-9	2.95896726E+1	1.05095575E+1	3.14006312E+1	3.41278939E-1
NaN	NaN	NaN	NaN	NaN	NaN	NaN
