Start time:20240907_04-18-59	sweep/start:500.000	sweep/stop:500000.000	sweep/samplecount:100.000	sweep/xmapping:1.000	sweep/scan:0.000	sweep/averaging/sample:10.000	sweep/settling/time:0.100	sweep/settling/inaccuracy:0.010	sweep/awgcontrol:0.000	sweep/averaging/time:0.100	sweep/averaging/tc:15.000	sweep/bandwidthcontrol:2.000	sweep/sincfilter:0.000	sweep/omegasuppression:80.000	sweep/maxbandwidth:100.000	sweep/bandwidth:1250000.000	sweep/order:8.000	sweep/bandwidthoverlap:1.000																				
Frequency	Param0		Param1		RealZ		ImagZ		AbsZ		PhaseZ		
5.00000000E+2	1.14956699E+3	8.01157925E-7	1.22665969E+2	-3.54916575E+2	3.75516603E+2	-1.23802958E+0
5.36133611E+2	1.04105008E+3	7.86740528E-7	1.20880399E+2	-3.33512303E+2	3.54742906E+2	-1.22307654E+0
5.74878498E+2	9.44681381E+2	7.71574306E-7	1.19102420E+2	-3.13573657E+2	3.35430807E+2	-1.20780418E+0
6.16423370E+2	8.58919818E+2	7.55616556E-7	1.17360010E+2	-2.95007544E+2	3.17494606E+2	-1.19217036E+0
6.60970574E+2	7.82598250E+2	7.39016829E-7	1.15612823E+2	-2.77690574E+2	3.00796246E+2	-1.17628625E+0
7.08737081E+2	7.14645850E+2	7.21744094E-7	1.13875500E+2	-2.61558805E+2	2.85272922E+2	-1.16017303E+0
7.59955541E+2	6.54196515E+2	7.03908390E-7	1.12118441E+2	-2.46529789E+2	2.70827406E+2	-1.14396900E+0
8.14875417E+2	6.00231806E+2	6.85528056E-7	1.10368326E+2	-2.32519690E+2	2.57384099E+2	-1.12762358E+0
8.73764200E+2	5.52068215E+2	6.66729031E-7	1.08600049E+2	-2.19455372E+2	2.44856349E+2	-1.11126783E+0
9.36908711E+2	5.09071468E+2	6.47637754E-7	1.06794535E+2	-2.07270294E+2	2.33165281E+2	-1.09502894E+0
1.00461650E+3	4.70580609E+2	6.28246791E-7	1.04982142E+2	-1.95911478E+2	2.22266862E+2	-1.07886991E+0
1.07721735E+3	4.36000749E+2	6.08725108E-7	1.03149459E+2	-1.85292818E+2	2.12068951E+2	-1.06283630E+0
1.15506485E+3	4.04934721E+2	5.89052873E-7	1.01315907E+2	-1.75389320E+2	2.02549567E+2	-1.04696310E+0
1.23853818E+3	3.76935590E+2	5.69442982E-7	9.94537678E+1	-1.66122277E+2	1.93617312E+2	-1.03134939E+0
1.32804389E+3	3.51729418E+2	5.49923174E-7	9.75673843E+1	-1.57473565E+2	1.85249341E+2	-1.01610444E+0
1.42401793E+3	3.28856590E+2	5.30568962E-7	9.56763069E+1	-1.49364746E+2	1.77380336E+2	-1.00108964E+0
1.52692775E+3	3.08107706E+2	5.11458717E-7	9.37717518E+1	-1.41769733E+2	1.69975877E+2	-9.86422981E-1
1.63727458E+3	2.89206519E+2	4.92675600E-7	9.18545147E+1	-1.34639043E+2	1.62987496E+2	-9.72097777E-1
1.75559587E+3	2.71953752E+2	4.74230037E-7	8.99364325E+1	-1.27945254E+2	1.56392296E+2	-9.58107280E-1
1.88246790E+3	2.56130157E+2	4.56165969E-7	8.80240571E+1	-1.21644483E+2	1.50151974E+2	-9.44395023E-1
2.01850863E+3	2.41619580E+2	4.38532465E-7	8.61118959E+1	-1.15719753E+2	1.44243960E+2	-9.31055074E-1
2.16438064E+3	2.28231711E+2	4.21355611E-7	8.42085010E+1	-1.10127101E+2	1.38632789E+2	-9.17986029E-1
2.32079442E+3	2.15861084E+2	4.04628696E-7	8.23216874E+1	-1.04848405E+2	1.33304345E+2	-9.05176304E-1
2.48851178E+3	2.04402004E+2	3.88368321E-7	8.04534235E+1	-9.98603399E+1	1.28237440E+2	-8.92614033E-1
2.66834962E+3	1.93743189E+2	3.72573984E-7	7.86099569E+1	-9.51347372E+1	1.23410468E+2	-8.80222482E-1
2.86118383E+3	1.83821262E+2	3.57236058E-7	7.67954206E+1	-9.06592208E+1	1.18813429E+2	-8.68001150E-1
3.06795364E+3	1.74571457E+2	3.42337594E-7	7.50158217E+1	-8.64190236E+1	1.14436101E+2	-8.55917592E-1
3.28966612E+3	1.65923215E+2	3.27874579E-7	7.32738740E+1	-8.23940288E+1	1.10262581E+2	-8.43918521E-1
3.52740116E+3	1.57823125E+2	3.13860803E-7	7.15663021E+1	-7.85689617E+1	1.06277078E+2	-8.32006722E-1
3.78231664E+3	1.50232888E+2	3.00264023E-7	6.99003506E+1	-7.49351213E+1	1.02476004E+2	-8.20146172E-1
4.05565415E+3	1.43102160E+2	2.87047888E-7	6.82844453E+1	-7.14764717E+1	9.88516643E+1	-8.08233384E-1
4.34874501E+3	1.36404859E+2	2.74254210E-7	6.67065380E+1	-6.81860221E+1	9.53891811E+1	-7.96365594E-1
4.66301673E+3	1.30115399E+2	2.61829085E-7	6.51785246E+1	-6.50575869E+1	9.20908775E+1	-7.84469560E-1
5.00000000E+3	1.24202286E+2	2.49743725E-7	6.37060201E+1	-6.20804012E+1	8.89518592E+1	-7.72475239E-1
5.36133611E+3	1.18621146E+2	2.38069734E-7	6.22690106E+1	-5.92367428E+1	8.59442924E+1	-7.60447587E-1
5.74878498E+3	1.13377444E+2	2.26748098E-7	6.08807154E+1	-5.65335152E+1	8.30812847E+1	-7.48390594E-1
6.16423370E+3	1.08433130E+2	2.15757979E-7	5.95439172E+1	-5.39541953E+1	8.03525563E+1	-7.36188456E-1
6.60970574E+3	1.03772660E+2	2.05123752E-7	5.82505831E+1	-5.14945384E+1	7.77484272E+1	-7.23914526E-1
7.08737081E+3	9.93753015E+1	1.94825712E-7	5.70032702E+1	-4.91461526E+1	7.52643152E+1	-7.11513492E-1
7.59955541E+3	9.52371590E+1	1.84881840E-7	5.57964851E+1	-4.69110961E+1	7.28964931E+1	-6.99101503E-1
8.14875417E+3	9.13244268E+1	1.75255641E-7	5.46354998E+1	-4.47718420E+1	7.06367871E+1	-6.86497253E-1
8.73764200E+3	8.76398658E+1	1.65956763E-7	5.35175849E+1	-4.27333832E+1	6.84855748E+1	-6.73820980E-1
9.36908711E+3	8.41574960E+1	1.56986163E-7	5.24387967E+1	-4.07834574E+1	6.64313015E+1	-6.61016155E-1
1.00461650E+4	8.08727896E+1	1.48335763E-7	5.14000510E+1	-3.89217193E+1	6.44737582E+1	-6.48112998E-1
1.07721735E+4	7.77734434E+1	1.39992577E-7	5.04024428E+1	-3.71424995E+1	6.26096760E+1	-6.35076335E-1
1.15506485E+4	7.48377112E+1	1.31948863E-7	4.94435290E+1	-3.54341356E+1	6.08296025E+1	-6.21819029E-1
1.23853818E+4	7.20699208E+1	1.24221602E-7	4.85195541E+1	-3.38031546E+1	5.91337502E+1	-6.08501956E-1
1.32804389E+4	6.94513514E+1	1.16800697E-7	4.76287659E+1	-3.22394601E+1	5.75141908E+1	-5.95047297E-1
1.42401793E+4	6.69782530E+1	1.09654803E-7	4.67780505E+1	-3.07396498E+1	5.59742092E+1	-5.81377021E-1
1.52692775E+4	6.46380009E+1	1.02801606E-7	4.59593279E+1	-2.92994745E+1	5.45043032E+1	-5.67543859E-1
1.63727458E+4	6.24326972E+1	9.62242208E-8	4.51775561E+1	-2.79203342E+1	5.31089133E+1	-5.53559448E-1
1.75559587E+4	6.03500800E+1	8.99302004E-8	4.44271190E+1	-2.65972034E+1	5.17801136E+1	-5.39441318E-1
1.88246790E+4	5.83829729E+1	8.39049613E-8	4.37093601E+1	-2.53253666E+1	5.05161595E+1	-5.25137507E-1
2.01850863E+4	5.65257057E+1	7.81405844E-8	4.30242739E+1	-2.41016442E+1	4.93150832E+1	-5.10630761E-1
2.16438064E+4	5.47772660E+1	7.26371429E-8	4.23715993E+1	-2.29270126E+1	4.81767616E+1	-4.95979784E-1
2.32079442E+4	5.31257923E+1	6.73923828E-8	4.17471098E+1	-2.17951157E+1	4.70940365E+1	-4.81151123E-1
2.48851178E+4	5.15728514E+1	6.24021195E-8	4.11526148E+1	-2.07079677E+1	4.60690533E+1	-4.66203785E-1
2.66834962E+4	5.01104900E+1	5.76611518E-8	4.05859349E+1	-1.96612043E+1	4.50974620E+1	-4.51117391E-1
2.86118383E+4	4.87344564E+1	5.31660792E-8	4.00458470E+1	-1.86532224E+1	4.41770594E+1	-4.35912512E-1
3.06795364E+4	4.74425358E+1	4.89000448E-8	3.95357250E+1	-1.76805391E+1	4.33090642E+1	-4.20526443E-1
3.28966612E+4	4.62307409E+1	4.48723278E-8	3.90509206E+1	-1.67445090E+1	4.24894456E+1	-4.05073501E-1
3.52740116E+4	4.50923775E+1	4.10804096E-8	3.85881053E+1	-1.58425860E+1	4.17136598E+1	-3.89573298E-1
3.78231664E+4	4.40265117E+1	3.75093864E-8	3.81504816E+1	-1.49724203E+1	4.09833213E+1	-3.73986852E-1
4.05565415E+4	4.30293007E+1	3.41537372E-8	3.77368987E+1	-1.41321911E+1	4.02963070E+1	-3.58325796E-1
4.34874501E+4	4.20947817E+1	3.10143075E-8	3.73427954E+1	-1.33211277E+1	3.96476584E+1	-3.42653752E-1
4.66301673E+4	4.12222529E+1	2.80786733E-8	3.69705209E+1	-1.25374934E+1	3.90385472E+1	-3.26950704E-1
5.00000000E+4	4.04051737E+1	2.53391212E-8	3.66169234E+1	-1.17776934E+1	3.84644401E+1	-3.11195497E-1
5.36133611E+4	3.96425307E+1	2.27928880E-8	3.62812163E+1	-1.10432134E+1	3.79246520E+1	-2.95468689E-1
5.74878498E+4	3.89305040E+1	2.04305368E-8	3.59622669E+1	-1.03317240E+1	3.74169637E+1	-2.79759038E-1
6.16423370E+4	3.82632548E+1	1.82372385E-8	3.56585214E+1	-9.63747533E+0	3.69379356E+1	-2.63964694E-1
6.60970574E+4	3.76436048E+1	1.62108209E-8	3.53717873E+1	-8.96427573E+0	3.64900203E+1	-2.48204383E-1
7.08737081E+4	3.70644430E+1	1.43405151E-8	3.50981048E+1	-8.30751075E+0	3.60678763E+1	-2.32416698E-1
7.59955541E+4	3.65238662E+1	1.26173846E-8	3.48370428E+1	-7.66576343E+0	3.56704849E+1	-2.16594497E-1
8.14875417E+4	3.60197512E+1	1.10332933E-8	3.45877091E+1	-7.03782974E+0	3.52964683E+1	-2.00737316E-1
8.73764200E+4	3.55494203E+1	9.57447179E-9	3.43500044E+1	-6.41871744E+0	3.49445667E+1	-1.84731741E-1
9.36908711E+4	3.51121826E+1	8.23977797E-9	3.41223982E+1	-5.81152394E+0	3.46137527E+1	-1.68695372E-1
1.00461650E+5	3.47049057E+1	7.01588909E-9	3.39040410E+1	-5.21081000E+0	3.43021362E+1	-1.52499600E-1
1.07721735E+5	3.43255934E+1	5.89452360E-9	3.36936929E+1	-4.61422312E+0	3.40081755E+1	-1.36099594E-1
1.15506485E+5	3.39749595E+1	4.86995971E-9	3.34920310E+1	-4.02172188E+0	3.37326311E+1	-1.19507754E-1
1.23853818E+5	3.36524686E+1	3.93381907E-9	3.32990631E+1	-3.43046172E+0	3.34752995E+1	-1.02657619E-1
1.32804389E+5	3.33538778E+1	3.08198770E-9	3.31102566E+1	-2.84009014E+0	3.32318439E+1	-8.55672855E-2
1.42401793E+5	3.30788543E+1	2.30075844E-9	3.29261766E+1	-2.24211621E+0	3.30024272E+1	-6.79902890E-2
1.52692775E+5	3.28326648E+1	1.59027475E-9	3.27504835E+1	-1.64056871E+0	3.27915484E+1	-5.00511217E-2
1.63727458E+5	3.26081546E+1	9.44788895E-10	3.25754340E+1	-1.03241067E+0	3.25917902E+1	-3.16823207E-2
1.75559587E+5	3.24122966E+1	3.56351879E-10	3.24070358E+1	-4.12888398E-1	3.24096661E+1	-1.27400116E-2
1.88246790E+5	3.22053380E+1	-1.74249690E-10	3.21971955E+1	2.13168554E-1	3.22012663E+1	6.62836862E-3
2.01850863E+5	3.21018228E+1	-6.62389105E-10	3.20784923E+1	8.65101937E-1	3.20901554E+1	2.69617508E-2
2.16438064E+5	3.19888195E+1	-1.10067589E-9	3.19156470E+1	1.52818111E+0	3.19522123E+1	4.78453354E-2
2.32079442E+5	3.19089025E+1	-1.49802977E-9	3.17546238E+1	2.21337894E+0	3.18316697E+1	6.95900211E-2
2.48851178E+5	3.18629809E+1	-1.85433302E-9	3.15933411E+1	2.91869871E+0	3.17278745E+1	9.21218664E-2
2.66834962E+5	3.18554497E+1	-2.17691755E-9	3.14305817E+1	3.65426984E+0	3.16423026E+1	1.15745133E-1
2.86118383E+5	3.18874260E+1	-2.46249748E-9	3.12644190E+1	4.41337902E+0	3.15743859E+1	1.40236400E-1
3.06795364E+5	3.19639698E+1	-2.71748824E-9	3.10922706E+1	5.20606368E+0	3.15251074E+1	1.65900199E-1
3.28966612E+5	3.20946781E+1	-2.94170221E-9	3.09172638E+1	6.03343330E+0	3.15004702E+1	1.92725554E-1
3.52740116E+5	3.22822845E+1	-3.13924931E-9	3.07318988E+1	6.90262382E+0	3.14975538E+1	2.20941084E-1
3.78231664E+5	3.25439326E+1	-3.30534298E-9	3.05476268E+1	7.80911134E+0	3.15299840E+1	2.50277263E-1
4.05565415E+5	3.28715723E+1	-3.44724441E-9	3.03416564E+1	8.76137999E+0	3.15812911E+1	2.81110917E-1
4.34874501E+5	3.33042207E+1	-3.56561391E-9	3.01318694E+1	9.77695121E+0	3.16783588E+1	3.13754367E-1
4.66301673E+5	3.38214882E+1	-3.65610349E-9	2.98973117E+1	1.08315381E+1	3.17989239E+1	3.47582587E-1
5.00000000E+5	3.44677872E+1	-3.72360553E-9	2.96477942E+1	1.19541632E+1	3.19670743E+1	3.83266963E-1
