Start time:20240906_18-20-51	sweep/start:500.000	sweep/stop:500000.000	sweep/samplecount:100.000	sweep/xmapping:1.000	sweep/scan:0.000	sweep/averaging/sample:10.000	sweep/settling/time:0.100	sweep/settling/inaccuracy:0.010	sweep/awgcontrol:0.000	sweep/averaging/time:0.100	sweep/averaging/tc:15.000	sweep/bandwidthcontrol:2.000	sweep/sincfilter:0.000	sweep/omegasuppression:80.000	sweep/maxbandwidth:100.000	sweep/bandwidth:1250000.000	sweep/order:8.000	sweep/bandwidthoverlap:1.000																				
Frequency	Param0		Param1		RealZ		ImagZ		AbsZ		PhaseZ		
5.00000000E+2	1.11046032E+3	7.75732694E-7	1.33409612E+2	-3.61037324E+2	3.84897486E+2	-1.21684087E+0
5.36133611E+2	1.00812792E+3	7.60225908E-7	1.31517695E+2	-3.39543406E+2	3.64124475E+2	-1.20125383E+0
5.74878498E+2	9.17268048E+2	7.44169263E-7	1.29571923E+2	-3.19473449E+2	3.44749431E+2	-1.18548920E+0
6.16423370E+2	8.36543014E+2	7.27350385E-7	1.27644546E+2	-3.00810588E+2	3.26772309E+2	-1.16948883E+0
6.60970574E+2	7.64591510E+2	7.09947803E-7	1.25713572E+2	-2.83400105E+2	3.10031488E+2	-1.15328537E+0
7.08737081E+2	7.00542694E+2	6.91875231E-7	1.23801564E+2	-2.67210483E+2	2.94496641E+2	-1.13692824E+0
7.59955541E+2	6.43421717E+2	6.73382473E-7	1.21858504E+2	-2.52104946E+2	2.80011429E+2	-1.12054572E+0
8.14875417E+2	5.92474265E+2	6.54525085E-7	1.19881761E+2	-2.38023562E+2	2.66508638E+2	-1.10422898E+0
8.73764200E+2	5.46929747E+2	6.35280488E-7	1.17906660E+2	-2.24910368E+2	2.53942228E+2	-1.08794653E+0
9.36908711E+2	5.06053609E+2	6.15830358E-7	1.15917012E+2	-2.12658095E+2	2.42198719E+2	-1.07173346E+0
1.00461650E+3	4.69468848E+2	5.96245514E-7	1.13895202E+2	-2.01241471E+2	2.31236345E+2	-1.05578021E+0
1.07721735E+3	4.36578553E+2	5.76609117E-7	1.11855802E+2	-1.90583633E+2	2.20983806E+2	-1.04005602E+0
1.15506485E+3	4.06943755E+2	5.57082687E-7	1.09778533E+2	-1.80616610E+2	2.11361507E+2	-1.02466225E+0
1.23853818E+3	3.80193005E+2	5.37643028E-7	1.07693752E+2	-1.71308101E+2	2.02347251E+2	-1.00957277E+0
1.32804389E+3	3.55967700E+2	5.18413717E-7	1.05592414E+2	-1.62596832E+2	1.93874929E+2	-9.94834224E-1
1.42401793E+3	3.33964994E+2	4.99505525E-7	1.03465711E+2	-1.54430473E+2	1.85886860E+2	-9.80501676E-1
1.52692775E+3	3.13914435E+2	4.80937791E-7	1.01329420E+2	-1.46768917E+2	1.78350124E+2	-9.66541677E-1
1.63727458E+3	2.95592420E+2	4.62732154E-7	9.91945877E+1	-1.39576507E+2	1.71234248E+2	-9.52936790E-1
1.75559587E+3	2.78813791E+2	4.45001835E-7	9.70428462E+1	-1.32814040E+2	1.64489767E+2	-9.39783536E-1
1.88246790E+3	2.63372038E+2	4.27713391E-7	9.49002378E+1	-1.26443717E+2	1.58095126E+2	-9.26953905E-1
2.01850863E+3	2.49120695E+2	4.10931323E-7	9.27583628E+1	-1.20432195E+2	1.52013248E+2	-9.14484317E-1
2.16438064E+3	2.35928962E+2	3.94602188E-7	9.06405421E+1	-1.14756354E+2	1.46235183E+2	-9.02273859E-1
2.32079442E+3	2.23678468E+2	3.78757670E-7	8.85443314E+1	-1.09386294E+2	1.40731873E+2	-8.90310880E-1
2.48851178E+3	2.12305070E+2	3.63429130E-7	8.64625532E+1	-1.04310426E+2	1.35485934E+2	-8.78682193E-1
2.66834962E+3	2.01699470E+2	3.48569840E-7	8.44134814E+1	-9.95013489E+1	1.30484307E+2	-8.67252118E-1
2.86118383E+3	1.91768392E+2	3.34175418E-7	8.24011152E+1	-9.49314769E+1	1.25705725E+2	-8.55941147E-1
3.06795364E+3	1.82474539E+2	3.20224876E-7	8.04299687E+1	-9.05949305E+1	1.21146281E+2	-8.44763892E-1
3.28966612E+3	1.73764176E+2	3.06726414E-7	7.84973971E+1	-8.64765521E+1	1.16790562E+2	-8.33726653E-1
3.52740116E+3	1.65572470E+2	2.93655066E-7	7.66100642E+1	-8.25555299E+1	1.12625563E+2	-8.22734766E-1
3.78231664E+3	1.57866931E+2	2.80988763E-7	7.47719816E+1	-7.88236891E+1	1.08646322E+2	-8.11771095E-1
4.05565415E+3	1.50609670E+2	2.68719815E-7	7.29832241E+1	-7.52690383E+1	1.04842640E+2	-8.00815354E-1
4.34874501E+3	1.43757288E+2	2.56843730E-7	7.12426760E+1	-7.18758296E+1	1.01201056E+2	-7.89822116E-1
4.66301673E+3	1.37320857E+2	2.45313487E-7	6.95607720E+1	-6.86545244E+1	9.77350744E+1	-7.78841475E-1
5.00000000E+3	1.31249930E+2	2.34132130E-7	6.79344424E+1	-6.55843142E+1	9.44266423E+1	-7.67798497E-1
5.36133611E+3	1.25504561E+2	2.23325521E-7	6.63532958E+1	-6.26488735E+1	9.12559108E+1	-7.56690083E-1
5.74878498E+3	1.20087298E+2	2.12848820E-7	6.48276036E+1	-5.98527650E+1	8.82324867E+1	-7.45518580E-1
6.16423370E+3	1.14968114E+2	2.02720389E-7	6.33492082E+1	-5.71840601E+1	8.53413086E+1	-7.34293767E-1
6.60970574E+3	1.10131392E+2	1.92916053E-7	6.19222309E+1	-5.46371557E+1	8.25807574E+1	-7.22978383E-1
7.08737081E+3	1.05564695E+2	1.83420654E-7	6.05485876E+1	-5.22078697E+1	7.99486907E+1	-7.11561551E-1
7.59955541E+3	1.01238026E+2	1.74258965E-7	5.92173705E+1	-4.98833911E+1	7.74277063E+1	-7.00052236E-1
8.14875417E+3	9.71501781E+1	1.65399684E-7	5.79357786E+1	-4.76646276E+1	7.50231377E+1	-6.88438840E-1
8.73764200E+3	9.32836523E+1	1.56847414E-7	5.66994860E+1	-4.55445209E+1	7.27264403E+1	-6.76726572E-1
9.36908711E+3	8.96202752E+1	1.48589881E-7	5.55084770E+1	-4.35142958E+1	7.05314467E+1	-6.64859881E-1
1.00461650E+4	8.61521899E+1	1.40628396E-7	5.43600901E+1	-4.15718821E+1	6.84342078E+1	-6.52874505E-1
1.07721735E+4	8.28686858E+1	1.32948348E-7	5.32558268E+1	-3.97121803E+1	6.64322239E+1	-6.40735100E-1
1.15506485E+4	7.97628995E+1	1.25560401E-7	5.21906404E+1	-3.79343359E+1	6.45203595E+1	-6.28514341E-1
1.23853818E+4	7.68171079E+1	1.18439621E-7	5.11674244E+1	-3.62274511E+1	6.26939675E+1	-6.16086845E-1
1.32804389E+4	7.40242455E+1	1.11584517E-7	5.01841861E+1	-3.45889282E+1	6.09495406E+1	-6.03467653E-1
1.42401793E+4	7.13797902E+1	1.04997248E-7	4.92385382E+1	-3.30182202E+1	5.92843700E+1	-5.90704719E-1
1.52692775E+4	6.88763562E+1	9.86631938E-8	4.83323445E+1	-3.15109533E+1	5.76971035E+1	-5.77754718E-1
1.63727458E+4	6.65075792E+1	9.25798288E-8	4.74642017E+1	-3.00645752E+1	5.61847768E+1	-5.64628252E-1
1.75559587E+4	6.42564877E+1	8.67409607E-8	4.66302679E+1	-2.86690655E+1	5.47384438E+1	-5.51242923E-1
1.88246790E+4	6.21291127E+1	8.11402186E-8	4.58337801E+1	-2.73290444E+1	5.33630217E+1	-5.37668096E-1
2.01850863E+4	6.01194558E+1	7.57835505E-8	4.50708385E+1	-2.60433055E+1	5.20541475E+1	-5.23958876E-1
2.16438064E+4	5.82161142E+1	7.06517998E-8	4.43427316E+1	-2.48028959E+1	5.08080852E+1	-5.09989737E-1
2.32079442E+4	5.64204941E+1	6.57505173E-8	4.36481403E+1	-2.36112149E+1	4.96250908E+1	-4.95864123E-1
2.48851178E+4	5.47261594E+1	6.10742692E-8	4.29860272E+1	-2.24646742E+1	4.85021666E+1	-4.81566933E-1
2.66834962E+4	5.31239906E+1	5.66177136E-8	4.23537953E+1	-2.13578704E+1	4.74341925E+1	-4.67060068E-1
2.86118383E+4	5.16117085E+1	5.23761699E-8	4.17514777E+1	-2.02898785E+1	4.64205244E+1	-4.52359056E-1
3.06795364E+4	5.01905986E+1	4.83495259E-8	4.11796726E+1	-1.92630979E+1	4.54624285E+1	-4.37542411E-1
3.28966612E+4	4.88551883E+1	4.45352112E-8	4.06364119E+1	-1.82751626E+1	4.45567004E+1	-4.22624234E-1
3.52740116E+4	4.75966766E+1	4.09253621E-8	4.01191278E+1	-1.73202980E+1	4.36982511E+1	-4.07550184E-1
3.78231664E+4	4.64142638E+1	3.75158896E-8	3.96282619E+1	-1.63987027E+1	4.28872545E+1	-3.92357405E-1
4.05565415E+4	4.53050830E+1	3.43019073E-8	3.91633394E+1	-1.55090677E+1	4.21224209E+1	-3.77061859E-1
4.34874501E+4	4.42652909E+1	3.12870952E-8	3.87204936E+1	-1.46525517E+1	4.14001680E+1	-3.61764351E-1
4.66301673E+4	4.32881805E+1	2.84530472E-8	3.83005432E+1	-1.38213317E+1	4.07180651E+1	-3.46321270E-1
5.00000000E+4	4.23746780E+1	2.58038622E-8	3.79022164E+1	-1.30198386E+1	4.00761053E+1	-3.30882562E-1
5.36133611E+4	4.15147863E+1	2.33277806E-8	3.75214333E+1	-1.22407647E+1	3.94676359E+1	-3.15347542E-1
5.74878498E+4	4.07133861E+1	2.10205539E-8	3.71621804E+1	-1.14878432E+1	3.88972775E+1	-2.99809255E-1
6.16423370E+4	3.99591021E+1	1.88735770E-8	3.68177604E+1	-1.07544019E+1	3.83562856E+1	-2.84191774E-1
6.60970574E+4	3.92543915E+1	1.68812505E-8	3.64906859E+1	-1.00423854E+1	3.78473205E+1	-2.68555926E-1
7.08737081E+4	3.85955458E+1	1.50341864E-8	3.61799082E+1	-9.34866510E+0	3.73682125E+1	-2.52863004E-1
7.59955541E+4	3.79772303E+1	1.33261337E-8	3.58818363E+1	-8.67101952E+0	3.69146686E+1	-2.37109108E-1
8.14875417E+4	3.73995460E+1	1.17467620E-8	3.55984285E+1	-8.00730571E+0	3.64878756E+1	-2.21251856E-1
8.73764200E+4	3.68581967E+1	1.02922104E-8	3.53259537E+1	-7.35716925E+0	3.60839431E+1	-2.05330156E-1
9.36908711E+4	3.63512923E+1	8.94905164E-9	3.50653364E+1	-6.71509287E+0	3.57025250E+1	-1.89211510E-1
1.00461650E+5	3.58791625E+1	7.71606932E-9	3.48159607E+1	-6.08410886E+0	3.53435639E+1	-1.73003634E-1
1.07721735E+5	3.54372548E+1	6.57938658E-9	3.45761923E+1	-5.45639544E+0	3.50040760E+1	-1.56517128E-1
1.15506485E+5	3.50267424E+1	5.53821479E-9	3.43459922E+1	-4.83539380E+0	3.46846972E+1	-1.39865576E-1
1.23853818E+5	3.46434666E+1	4.58149391E-9	3.41228938E+1	-4.21467002E+0	3.43821950E+1	-1.22892020E-1
1.32804389E+5	3.42866539E+1	3.70651896E-9	3.39053729E+1	-3.59544226E+0	3.40954804E+1	-1.05648572E-1
1.42401793E+5	3.39603376E+1	2.90320931E-9	3.36980985E+1	-2.97270002E+0	3.38289640E+1	-8.79878896E-2
1.52692775E+5	3.36599260E+1	2.16794913E-9	3.34957493E+1	-2.34504019E+0	3.35777373E+1	-6.98960360E-2
1.63727458E+5	3.33871895E+1	1.49547939E-9	3.32993357E+1	-1.71039825E+0	3.33432337E+1	-5.13192357E-2
1.75559587E+5	3.31402371E+1	8.82973155E-10	3.31057448E+1	-1.06858938E+0	3.31229864E+1	-3.22668633E-2
1.88246790E+5	3.29298666E+1	3.42538508E-10	3.29167700E+1	-4.38875615E-1	3.29233169E+1	-1.33349403E-2
2.01850863E+5	3.27326481E+1	-1.88653447E-10	3.27306401E+1	2.56336887E-1	3.27316441E+1	7.83154780E-3
2.16438064E+5	3.25765396E+1	-6.53174542E-10	3.25492849E+1	9.41866243E-1	3.25629094E+1	2.89285436E-2
2.32079442E+5	3.24491608E+1	-1.07579836E-9	3.23652953E+1	1.64751921E+0	3.24072009E+1	5.08599822E-2
2.48851178E+5	3.23597660E+1	-1.45790038E-9	3.21846379E+1	2.37411334E+0	3.22720832E+1	7.36320580E-2
2.66834962E+5	3.23071278E+1	-1.80326479E-9	3.20018170E+1	3.12575485E+0	3.21541100E+1	9.73654606E-2
2.86118383E+5	3.22987293E+1	-2.11558972E-9	3.18185903E+1	3.90861984E+0	3.20577609E+1	1.22228414E-1
3.06795364E+5	3.23341329E+1	-2.39394499E-9	3.16299161E+1	4.71956592E+0	3.19800861E+1	1.48119291E-1
3.28966612E+5	3.24205884E+1	-2.64280892E-9	3.14346568E+1	5.56707303E+0	3.19238166E+1	1.75282412E-1
3.52740116E+5	3.25676765E+1	-2.86017187E-9	3.12363403E+1	6.44872150E+0	3.18950627E+1	2.03589102E-1
3.78231664E+5	3.27883273E+1	-3.04833211E-9	3.10371823E+1	7.37227343E+0	3.19007411E+1	2.33208572E-1
4.05565415E+5	3.30732466E+1	-3.21436058E-9	3.08120165E+1	8.34703355E+0	3.19226160E+1	2.64552291E-1
4.34874501E+5	3.34529938E+1	-3.35252728E-9	3.05811748E+1	9.37141842E+0	3.19848689E+1	2.97358188E-1
4.66301673E+5	3.39344658E+1	-3.46320510E-9	3.03376782E+1	1.04459618E+1	3.20857117E+1	3.31608454E-1
NaN	NaN	NaN	NaN	NaN	NaN	NaN
