Start time:20240902_18-40-13	sweep/start:500.000	sweep/stop:500000.000	sweep/samplecount:100.000	sweep/xmapping:1.000	sweep/scan:0.000	sweep/averaging/sample:10.000	sweep/settling/time:0.100	sweep/settling/inaccuracy:0.010	sweep/awgcontrol:0.000	sweep/averaging/time:0.100	sweep/averaging/tc:15.000	sweep/bandwidthcontrol:2.000	sweep/sincfilter:0.000	sweep/omegasuppression:80.000	sweep/maxbandwidth:100.000	sweep/bandwidth:1250000.000	sweep/order:8.000	sweep/bandwidthoverlap:1.000																				
Frequency	Param0		Param1		RealZ		ImagZ		AbsZ		PhaseZ		
5.00000000E+2	2.55496052E+3	9.02716610E-7	4.77551114E+1	-3.46022569E+2	3.49302410E+2	-1.43365118E+0
5.36133611E+2	2.32138172E+3	8.98474990E-7	4.60921859E+1	-3.23840526E+2	3.27104240E+2	-1.42941602E+0
5.74878498E+2	2.10837980E+3	8.94152020E-7	4.45094722E+1	-3.03086234E+2	3.06337019E+2	-1.42498447E+0
6.16423370E+2	1.91152580E+3	8.89672501E-7	4.30671506E+1	-2.83670496E+2	2.86921131E+2	-1.42012589E+0
6.60970574E+2	1.73214226E+3	8.85051890E-7	4.17034356E+1	-2.65512612E+2	2.68767795E+2	-1.41500155E+0
7.08737081E+2	1.56829509E+3	8.80360903E-7	4.04186870E+1	-2.48504716E+2	2.51770269E+2	-1.40956066E+0
7.59955541E+2	1.41933390E+3	8.75417461E-7	3.92088389E+1	-2.32621885E+2	2.35903113E+2	-1.40381402E+0
8.14875417E+2	1.28364755E+3	8.70433449E-7	3.80601418E+1	-2.17731729E+2	2.21033219E+2	-1.39774190E+0
8.73764200E+2	1.16030311E+3	8.65143868E-7	3.69858403E+1	-2.03830189E+2	2.07158638E+2	-1.39129520E+0
9.36908711E+2	1.04779618E+3	8.59755516E-7	3.59786580E+1	-1.90797747E+2	1.94160361E+2	-1.38441528E+0
1.00461650E+3	9.45400164E+2	8.54059050E-7	3.50463762E+1	-1.78618501E+2	1.82024225E+2	-1.37704957E+0
1.07721735E+3	8.53162029E+2	8.48261383E-7	3.41357496E+1	-1.67206591E+2	1.70655486E+2	-1.36941059E+0
1.15506485E+3	7.69388543E+2	8.42227146E-7	3.32826683E+1	-1.56523334E+2	1.60022781E+2	-1.36127976E+0
1.23853818E+3	6.93372067E+2	8.35797611E-7	3.24943455E+1	-1.46542761E+2	1.50102177E+2	-1.35258725E+0
1.32804389E+3	6.24696644E+2	8.29114632E-7	3.17444423E+1	-1.37196689E+2	1.40821310E+2	-1.34341855E+0
1.42401793E+3	5.62647603E+2	8.22072480E-7	3.10390396E+1	-1.28454715E+2	1.32151565E+2	-1.33370682E+0
1.52692775E+3	5.06678422E+2	8.14718210E-7	3.03678439E+1	-1.20268537E+2	1.24043247E+2	-1.32346581E+0
1.63727458E+3	4.56122726E+2	8.06934802E-7	2.97410001E+1	-1.12610020E+2	1.16471214E+2	-1.31258597E+0
1.75559587E+3	4.10642326E+2	7.98733047E-7	2.91442481E+1	-1.05444168E+2	1.09397715E+2	-1.30113360E+0
1.88246790E+3	3.69555665E+2	7.90116951E-7	2.85863055E+1	-9.87271622E+1	1.02782438E+2	-1.28895539E+0
2.01850863E+3	3.32633143E+2	7.80908532E-7	2.80630570E+1	-9.24508851E+1	9.66162587E+1	-1.27608989E+0
2.16438064E+3	2.99420597E+2	7.71182266E-7	2.75693745E+1	-8.65723222E+1	9.08561362E+1	-1.26249565E+0
2.32079442E+3	2.69614252E+2	7.60918023E-7	2.70985130E+1	-8.10667322E+1	8.54759882E+1	-1.24819927E+0
2.48851178E+3	2.42857290E+2	7.50004720E-7	2.66556675E+1	-7.59144123E+1	8.04582044E+1	-1.23311705E+0
2.66834962E+3	2.18890809E+2	7.38402387E-7	2.62357796E+1	-7.10946835E+1	7.57810680E+1	-1.21727349E+0
2.86118383E+3	1.97365786E+2	7.26118585E-7	2.58413884E+1	-6.65764831E+1	7.14157232E+1	-1.20055059E+0
3.06795364E+3	1.78099392E+2	7.12989563E-7	2.54730526E+1	-6.23526916E+1	6.73552867E+1	-1.18295672E+0
3.28966612E+3	1.60870225E+2	6.99145408E-7	2.51185962E+1	-5.83942602E+1	6.35675515E+1	-1.16456727E+0
3.52740116E+3	1.45467896E+2	6.84481764E-7	2.47816540E+1	-5.46882446E+1	6.00411074E+1	-1.14533087E+0
3.78231664E+3	1.31661718E+2	6.68880035E-7	2.44716660E+1	-5.12163921E+1	5.67624992E+1	-1.12505840E+0
4.05565415E+3	1.19362953E+2	6.52413486E-7	2.41727363E+1	-4.79688210E+1	5.37152587E+1	-1.10401285E+0
4.34874501E+3	1.08344549E+2	6.35058245E-7	2.38933466E+1	-4.49201708E+1	5.08794043E+1	-1.08195024E+0
4.66301673E+3	9.85210131E+1	6.16767887E-7	2.36288038E+1	-4.20667705E+1	4.82486640E+1	-1.05901662E+0
5.00000000E+3	8.97344999E+1	5.97593110E-7	2.33798451E+1	-3.93873237E+1	4.58036952E+1	-1.03510484E+0
5.36133611E+3	8.19572896E+1	5.77433448E-7	2.31421721E+1	-3.68932172E+1	4.35507707E+1	-1.01056313E+0
5.74878498E+3	7.49875624E+1	5.56518854E-7	2.29164290E+1	-3.45439479E+1	4.14541564E+1	-9.85059199E-1
6.16423370E+3	6.87863440E+1	5.34733218E-7	2.27052431E+1	-3.23462911E+1	3.95197499E+1	-9.58767727E-1
6.60970574E+3	6.32576085E+1	5.12193807E-7	2.25069443E+1	-3.02848624E+1	3.77324190E+1	-9.31677727E-1
7.08737081E+3	5.83356055E+1	4.88996484E-7	2.23196066E+1	-2.83524755E+1	3.60836213E+1	-9.03897432E-1
7.59955541E+3	5.39565636E+1	4.65294879E-7	2.21398333E+1	-2.65408564E+1	3.45628311E+1	-8.75558998E-1
8.14875417E+3	5.00536858E+1	4.41109862E-7	2.19732984E+1	-2.48398603E+1	3.31639041E+1	-8.46555899E-1
8.73764200E+3	4.65916600E+1	4.16657893E-7	2.18140314E+1	-2.32486540E+1	3.18802745E+1	-8.17223579E-1
9.36908711E+3	4.35026593E+1	3.92025449E-7	2.16658252E+1	-2.17511608E+1	3.07005048E+1	-7.87363643E-1
1.00461650E+4	4.07556727E+1	3.67372834E-7	2.15273558E+1	-2.03453871E+1	2.96202945E+1	-7.57178013E-1
1.07721735E+4	3.83159294E+1	3.42950792E-7	2.13933279E+1	-1.90271048E+1	2.86304946E+1	-7.26924625E-1
1.15506485E+4	3.61520628E+1	3.18819842E-7	2.12693214E+1	-1.77917333E+1	2.77295840E+1	-6.96602734E-1
1.23853818E+4	3.42210145E+1	2.95205399E-7	2.11497404E+1	-1.66269062E+1	2.69028912E+1	-6.66239692E-1
1.32804389E+4	3.25130233E+1	2.72220470E-7	2.10381415E+1	-1.55373794E+1	2.61536532E+1	-6.36122291E-1
1.42401793E+4	3.09928222E+1	2.49945989E-7	2.09354026E+1	-1.45105510E+1	2.54724792E+1	-6.06087281E-1
1.52692775E+4	2.96364778E+1	2.28487296E-7	2.08405267E+1	-1.35392819E+1	2.48523596E+1	-5.76136998E-1
1.63727458E+4	2.84393145E+1	2.08142423E-7	2.07462163E+1	-1.26333890E+1	2.42900829E+1	-5.46973745E-1
1.75559587E+4	2.73641056E+1	1.88804497E-7	2.06555014E+1	-1.17715285E+1	2.37743381E+1	-5.17991775E-1
1.88246790E+4	2.64288248E+1	1.70570526E-7	2.05783576E+1	-1.09723567E+1	2.33208430E+1	-4.89852556E-1
2.01850863E+4	2.55822738E+1	1.53550594E-7	2.04953102E+1	-1.02106974E+1	2.28979590E+1	-4.62203961E-1
2.16438064E+4	2.48431802E+1	1.37543803E-7	2.04313281E+1	-9.49418878E+0	2.25295162E+1	-4.35001078E-1
2.32079442E+4	2.41726288E+1	1.22919223E-7	2.03520392E+1	-8.81795438E+0	2.21802212E+1	-4.08855566E-1
2.48851178E+4	2.35807607E+1	1.09231286E-7	2.02897313E+1	-8.17147557E+0	2.18734347E+1	-3.82865439E-1
2.66834962E+4	2.30584058E+1	9.67149636E-8	2.02303058E+1	-7.56393444E+0	2.15981150E+1	-3.57798299E-1
2.86118383E+4	2.25962328E+1	8.52789955E-8	2.01750738E+1	-6.98906290E+0	2.13513620E+1	-3.33482508E-1
3.06795364E+4	2.21839919E+1	7.48780790E-8	2.01210067E+1	-6.44277077E+0	2.11273341E+1	-3.09885466E-1
3.28966612E+4	2.18188541E+1	6.54208939E-8	2.00716483E+1	-5.92192680E+0	2.09270246E+1	-2.86899603E-1
3.52740116E+4	2.14903437E+1	5.68865071E-8	2.00205650E+1	-5.42454784E+0	2.07424400E+1	-2.64595962E-1
3.78231664E+4	2.12053125E+1	4.91295293E-8	1.99805287E+1	-4.94688543E+0	2.05838127E+1	-2.42704733E-1
4.05565415E+4	2.09457997E+1	4.22918719E-8	1.99302448E+1	-4.49890740E+0	2.04317134E+1	-2.22011729E-1
4.34874501E+4	2.07195258E+1	3.60714726E-8	1.98900343E+1	-4.06184132E+0	2.03005437E+1	-2.01445046E-1
4.66301673E+4	2.05122658E+1	3.05165880E-8	1.98447820E+1	-3.63950865E+0	2.01757637E+1	-1.81383075E-1
5.00000000E+4	2.03382585E+1	2.55675793E-8	1.98095888E+1	-3.23614874E+0	2.00721831E+1	-1.61932368E-1
5.36133611E+4	2.01803904E+1	2.11229929E-8	1.97726889E+1	-2.83925017E+0	1.99754995E+1	-1.42619625E-1
5.74878498E+4	2.00438594E+1	1.72064479E-8	1.97375565E+1	-2.45879252E+0	1.98901183E+1	-1.23935833E-1
6.16423370E+4	1.99218468E+1	1.37089217E-8	1.97014112E+1	-2.08395915E+0	1.98113224E+1	-1.05385270E-1
6.60970574E+4	1.98168033E+1	1.06012803E-8	1.96670938E+1	-1.71590845E+0	1.97418066E+1	-8.70273094E-2
7.08737081E+4	1.97281706E+1	7.85652022E-9	1.96346322E+1	-1.35520475E+0	1.96813458E+1	-6.89118446E-2
7.59955541E+4	1.96538308E+1	5.42542363E-9	1.96030120E+1	-9.98094544E-1	1.96284050E+1	-5.08714395E-2
8.14875417E+4	1.95930875E+1	3.26616591E-9	1.95720754E+1	-6.41281967E-1	1.95825786E+1	-3.27534333E-2
8.73764200E+4	1.95439335E+1	1.35566326E-9	1.95397986E+1	-2.84222169E-1	1.95418659E+1	-1.45447835E-2
9.36908711E+4	1.95098269E+1	-3.21039030E-10	1.95095613E+1	7.19343740E-2	1.95096941E+1	3.68711522E-3
1.00461650E+5	1.94866256E+1	-1.79877217E-9	1.94770905E+1	4.30940227E-1	1.94818575E+1	2.21218839E-2
1.07721735E+5	1.94793472E+1	-3.10726196E-9	1.94467094E+1	7.96675610E-1	1.94630215E+1	4.09442243E-2
1.15506485E+5	1.94870757E+1	-4.25440242E-9	1.94167812E+1	1.16828475E+0	1.94518967E+1	6.00963644E-2
1.23853818E+5	1.95097740E+1	-5.25998542E-9	1.93861381E+1	1.54816543E+0	1.94478578E+1	7.96902799E-2
1.32804389E+5	1.95490215E+1	-6.13625019E-9	1.93550903E+1	1.93738249E+0	1.94518142E+1	9.97644999E-2
1.42401793E+5	1.96057611E+1	-6.89678033E-9	1.93229318E+1	2.33775189E+0	1.94638327E+1	1.20398149E-1
1.52692775E+5	1.96835251E+1	-7.55573189E-9	1.92907845E+1	2.75250216E+0	1.94861654E+1	1.41728174E-1
1.63727458E+5	1.97833704E+1	-8.12386881E-9	1.92569686E+1	3.18384928E+0	1.95183950E+1	1.63852638E-1
1.75559587E+5	1.99107524E+1	-8.59639260E-9	1.92254332E+1	3.62981457E+0	1.95650924E+1	1.86606158E-1
1.88246790E+5	2.01419126E+1	-9.05270597E-9	1.92354784E+1	4.14528225E+0	1.96831971E+1	2.12268318E-1
2.01850863E+5	2.02495807E+1	-9.33016173E-9	1.91500641E+1	4.58866040E+0	1.96921499E+1	2.35181793E-1
2.16438064E+5	2.04723818E+1	-9.58758469E-9	1.91107486E+1	5.10115824E+0	1.97798519E+1	2.60844613E-1
2.32079442E+5	2.07344571E+1	-9.78452853E-9	1.90658486E+1	5.64033960E+0	1.98826562E+1	2.87631046E-1
2.48851178E+5	2.10481325E+1	-9.91698256E-9	1.90219416E+1	6.20822632E+0	2.00094065E+1	3.15472183E-1
2.66834962E+5	2.14189403E+1	-9.99605843E-9	1.89740499E+1	6.81097622E+0	2.01594651E+1	3.44636972E-1
2.86118383E+5	2.18478056E+1	-1.00131281E-8	1.89212520E+1	7.44137320E+0	2.03319412E+1	3.74700940E-1
3.06795364E+5	2.23494410E+1	-9.98502774E-9	1.88594906E+1	8.11287060E+0	2.05304425E+1	4.06245256E-1
3.28966612E+5	2.29325114E+1	-9.89946129E-9	1.87942740E+1	8.81902134E+0	2.07605370E+1	4.38738048E-1
3.52740116E+5	2.36194139E+1	-9.76724760E-9	1.87243455E+1	9.57376257E+0	2.10299325E+1	4.72646888E-1
3.78231664E+5	2.44133258E+1	-9.58954420E-9	1.86425856E+1	1.03721497E+1	2.13337177E+1	5.07719601E-1
4.05565415E+5	2.53544479E+1	-9.37379739E-9	1.85503208E+1	1.12346969E+1	2.16871634E+1	5.44551757E-1
4.34874501E+5	2.64154447E+1	-9.10820445E-9	1.84441620E+1	1.21253213E+1	2.20728493E+1	5.81564629E-1
4.66301673E+5	2.76703977E+1	-8.80905828E-9	1.83245686E+1	1.30865521E+1	2.25177253E+1	6.20161792E-1
NaN	NaN	NaN	NaN	NaN	NaN	NaN
