Start time:20240904_10-57-55	sweep/start:500.000	sweep/stop:500000.000	sweep/samplecount:100.000	sweep/xmapping:1.000	sweep/scan:0.000	sweep/averaging/sample:10.000	sweep/settling/time:0.100	sweep/settling/inaccuracy:0.010	sweep/awgcontrol:0.000	sweep/averaging/time:0.100	sweep/averaging/tc:15.000	sweep/bandwidthcontrol:2.000	sweep/sincfilter:0.000	sweep/omegasuppression:80.000	sweep/maxbandwidth:100.000	sweep/bandwidth:1250000.000	sweep/order:8.000	sweep/bandwidthoverlap:1.000																				
Frequency	Param0		Param1		RealZ		ImagZ		AbsZ		PhaseZ		
5.00000000E+2	1.08084415E+3	7.76254797E-7	1.35996457E+2	-3.58463185E+2	3.83393925E+2	-1.20818467E+0
5.36133611E+2	9.80435680E+2	7.60699547E-7	1.34085059E+2	-3.36872116E+2	3.62576400E+2	-1.19198976E+0
5.74878498E+2	8.91271287E+2	7.44502966E-7	1.32144739E+2	-3.16724619E+2	3.43186145E+2	-1.17553135E+0
6.16423370E+2	8.12097176E+2	7.27501278E-7	1.30226869E+2	-2.97989525E+2	3.25202717E+2	-1.15879030E+0
6.60970574E+2	7.41057571E+2	7.09753117E-7	1.28402551E+2	-2.80475334E+2	3.08469833E+2	-1.14147208E+0
7.08737081E+2	6.77977055E+2	6.91297794E-7	1.26582174E+2	-2.64190694E+2	2.92950128E+2	-1.12398221E+0
7.59955541E+2	6.21745079E+2	6.72141288E-7	1.24802759E+2	-2.49037622E+2	2.78559640E+2	-1.10623700E+0
8.14875417E+2	5.71753225E+2	6.52345414E-7	1.23041783E+2	-2.34968578E+2	2.65234835E+2	-1.08840658E+0
8.73764200E+2	5.26984451E+2	6.32112472E-7	1.21298948E+2	-2.21831479E+2	2.52829279E+2	-1.07040806E+0
9.36908711E+2	4.87097220E+2	6.11465898E-7	1.19556969E+2	-2.09623440E+2	2.41321069E+2	-1.05247000E+0
1.00461650E+3	4.51539703E+2	5.90498156E-7	1.17814696E+2	-1.98286914E+2	2.30646929E+2	-1.03467999E+0
1.07721735E+3	4.19590866E+2	5.69285078E-7	1.16106845E+2	-1.87714057E+2	2.20720112E+2	-1.01686286E+0
1.15506485E+3	3.91109152E+2	5.48115449E-7	1.14341307E+2	-1.77893205E+2	2.11470868E+2	-9.99532881E-1
1.23853818E+3	3.65648422E+2	5.26854262E-7	1.12596112E+2	-1.68797817E+2	2.02905368E+2	-9.82530324E-1
1.32804389E+3	3.42793676E+2	5.05799411E-7	1.10822374E+2	-1.60335923E+2	1.94908203E+2	-9.66008516E-1
1.42401793E+3	3.22270721E+2	4.85045189E-7	1.09017939E+2	-1.52474181E+2	1.87438758E+2	-9.50078806E-1
1.52692775E+3	3.03786656E+2	4.64655465E-7	1.07194099E+2	-1.45167353E+2	1.80455357E+2	-9.34749388E-1
1.63727458E+3	2.87173347E+2	4.44759875E-7	1.05330476E+2	-1.38396513E+2	1.73919822E+2	-9.20243211E-1
1.75559587E+3	2.72131249E+2	4.25460173E-7	1.03428273E+2	-1.32093361E+2	1.67767888E+2	-9.06511431E-1
1.88246790E+3	2.58453131E+2	4.06871841E-7	1.01473060E+2	-1.26211121E+2	1.61944526E+2	-8.93624390E-1
2.01850863E+3	2.46051963E+2	3.88937918E-7	9.94909069E+1	-1.20753847E+2	1.56460642E+2	-8.81642210E-1
2.16438064E+3	2.34715733E+2	3.71770668E-7	9.74655676E+1	-1.15659692E+2	1.51250460E+2	-8.70559907E-1
2.32079442E+3	2.24327287E+2	3.55446147E-7	9.53812615E+1	-1.10901009E+2	1.46275832E+2	-8.60492182E-1
2.48851178E+3	2.14753453E+2	3.39901712E-7	9.32638031E+1	-1.06445225E+2	1.41522872E+2	-8.51305702E-1
2.66834962E+3	2.05891500E+2	3.25161194E-7	9.11084100E+1	-1.02262913E+2	1.36961478E+2	-8.43018677E-1
2.86118383E+3	1.97636263E+2	3.11239384E-7	8.89111528E+1	-9.83202622E+1	1.32559675E+2	-8.35609829E-1
3.06795364E+3	1.89930598E+2	2.98095725E-7	8.66816256E+1	-9.46033183E+1	1.28310142E+2	-8.29067846E-1
3.28966612E+3	1.82676835E+2	2.85673212E-7	8.44354796E+1	-9.10771938E+1	1.24195031E+2	-8.23221910E-1
3.52740116E+3	1.75831242E+2	2.73996064E-7	8.21595634E+1	-8.77269844E+1	1.20192420E+2	-8.18157843E-1
3.78231664E+3	1.69322018E+2	2.62948751E-7	7.98857262E+1	-8.45262248E+1	1.16303105E+2	-8.13615500E-1
4.05565415E+3	1.63102676E+2	2.52502713E-7	7.76170631E+1	-8.14563780E+1	1.12514667E+2	-8.09528963E-1
4.34874501E+3	1.57128839E+2	2.42724309E-7	7.53257751E+1	-7.84976333E+1	1.08792698E+2	-8.06015368E-1
4.66301673E+3	1.51401927E+2	2.33430713E-7	7.30636654E+1	-7.56550039E+1	1.05175944E+2	-8.02820834E-1
5.00000000E+3	1.45885311E+2	2.24606612E-7	7.08296853E+1	-7.29120422E+1	1.01651416E+2	-7.99883945E-1
5.36133611E+3	1.40524794E+2	2.16231087E-7	6.86247827E+1	-7.02433086E+1	9.82012388E+1	-7.97052769E-1
5.74878498E+3	1.35331315E+2	2.08230240E-7	6.64663840E+1	-6.76550272E+1	9.48418844E+1	-7.94260376E-1
6.16423370E+3	1.30301226E+2	2.00626143E-7	6.43413262E+1	-6.51455849E+1	9.15628396E+1	-7.91609203E-1
6.60970574E+3	1.25400817E+2	1.93322572E-7	6.22752468E+1	-6.26989659E+1	8.83706217E+1	-7.88788599E-1
7.08737081E+3	1.20649553E+2	1.86302940E-7	6.02677646E+1	-6.03247487E+1	8.52717937E+1	-7.85870700E-1
7.59955541E+3	1.16009537E+2	1.79555653E-7	5.83171868E+1	-5.80039255E+1	8.22517462E+1	-7.82705097E-1
8.14875417E+3	1.11503069E+2	1.73049744E-7	5.64281700E+1	-5.57474254E+1	7.93215858E+1	-7.79329672E-1
8.73764200E+3	1.07118420E+2	1.66714011E-7	5.46183847E+1	-5.35487342E+1	7.64894436E+1	-7.75509618E-1
9.36908711E+3	1.02871736E+2	1.60604651E-7	5.28648581E+1	-5.14160128E+1	7.37448280E+1	-7.71505372E-1
1.00461650E+4	9.87430073E+1	1.54646611E-7	5.11865363E+1	-4.93381279E+1	7.10936878E+1	-7.67012620E-1
1.07721735E+4	9.47329672E+1	1.48854209E-7	4.95739518E+1	-4.73150162E+1	6.85294645E+1	-7.62087706E-1
1.15506485E+4	9.08586087E+1	1.43194586E-7	4.80333127E+1	-4.53546109E+1	6.60623941E+1	-7.56722423E-1
1.23853818E+4	8.71027907E+1	1.37660288E-7	4.65620293E+1	-4.34472091E+1	6.36842416E+1	-7.50806408E-1
1.32804389E+4	8.34807141E+1	1.32272604E-7	4.51496395E+1	-4.16008907E+1	6.13931927E+1	-7.44513440E-1
1.42401793E+4	7.99745401E+1	1.26970791E-7	4.38103596E+1	-3.98040903E+1	5.91921725E+1	-7.37521175E-1
1.52692775E+4	7.66076873E+1	1.21789575E-7	4.25305689E+1	-3.80699154E+1	5.70803660E+1	-7.30111817E-1
1.63727458E+4	7.33445973E+1	1.16672498E-7	4.13219679E+1	-3.63763262E+1	5.50521814E+1	-7.21832070E-1
1.75559587E+4	7.02177469E+1	1.11727642E-7	4.01496587E+1	-3.47451018E+1	5.30963086E+1	-7.13361012E-1
1.88246790E+4	6.72215898E+1	1.06770615E-7	3.90671216E+1	-3.31649462E+1	5.12460131E+1	-7.03868015E-1
2.01850863E+4	6.43759589E+1	1.01942882E-7	3.80301948E+1	-3.16533335E+1	4.94795901E+1	-6.94140638E-1
2.16438064E+4	6.16078701E+1	9.72005962E-8	3.70420130E+1	-3.01656805E+1	4.77711139E+1	-6.83438298E-1
2.32079442E+4	5.89732109E+1	9.25119564E-8	3.61155234E+1	-2.87318018E+1	4.61502765E+1	-6.72023292E-1
2.48851178E+4	5.64787874E+1	8.79076102E-8	3.52409331E+1	-2.73576326E+1	4.46135014E+1	-6.60123368E-1
2.66834962E+4	5.40880765E+1	8.34322397E-8	3.43979411E+1	-2.60249794E+1	4.31337254E+1	-6.47702435E-1
2.86118383E+4	5.18215521E+1	7.89985306E-8	3.36145740E+1	-2.47390287E+1	4.17367860E+1	-6.34455661E-1
3.06795364E+4	4.96647060E+1	7.46697411E-8	3.28682155E+1	-2.34961808E+1	4.04028490E+1	-6.20629818E-1
3.28966612E+4	4.76305870E+1	7.04031589E-8	3.21737349E+1	-2.23003272E+1	3.91465689E+1	-6.06095004E-1
3.52740116E+4	4.57013603E+1	6.62431651E-8	3.15137300E+1	-2.11448557E+1	3.79502340E+1	-5.90977813E-1
3.78231664E+4	4.38793821E+1	6.21775204E-8	3.08922579E+1	-2.00300141E+1	3.68175658E+1	-5.75237633E-1
4.05565415E+4	4.21568732E+1	5.82098455E-8	3.03062030E+1	-1.89512158E+1	3.57437364E+1	-5.58832734E-1
4.34874501E+4	4.05329830E+1	5.43527023E-8	2.97519105E+1	-1.79097017E+1	3.47265555E+1	-5.41865380E-1
4.66301673E+4	3.90140496E+1	5.06173730E-8	2.92292376E+1	-1.69116096E+1	3.37690822E+1	-5.24524611E-1
5.00000000E+4	3.75779209E+1	4.69889439E-8	2.87354321E+1	-1.59402826E+1	3.28605807E+1	-5.06464125E-1
5.36133611E+4	3.62376562E+1	4.34789438E-8	2.82731595E+1	-1.50060479E+1	3.20086399E+1	-4.87945811E-1
5.74878498E+4	3.49780558E+1	4.00941129E-8	2.78353714E+1	-1.41003284E+1	3.12029994E+1	-4.68883044E-1
6.16423370E+4	3.38005584E+1	3.68431494E-8	2.74213350E+1	-1.32259894E+1	3.04443169E+1	-4.49407713E-1
6.60970574E+4	3.26947993E+1	3.37161857E-8	2.70297869E+1	-1.23743309E+1	2.97276547E+1	-4.29324333E-1
7.08737081E+4	3.16609185E+1	3.07216472E-8	2.66592586E+1	-1.15473171E+1	2.90526524E+1	-4.08749022E-1
7.59955541E+4	3.06988078E+1	2.78696560E-8	2.63081231E+1	-1.07475882E+1	2.84187968E+1	-3.87835874E-1
8.14875417E+4	2.97987277E+1	2.51439649E-8	2.59759688E+1	-9.96493135E+0	2.78217688E+1	-3.66307446E-1
8.73764200E+4	2.89593084E+1	2.25491478E-8	2.56612205E+1	-9.19961641E+0	2.72604328E+1	-3.44229428E-1
9.36908711E+4	2.81759100E+1	2.00946680E-8	2.53588187E+1	-8.45210599E+0	2.67302786E+1	-3.21720973E-1
1.00461650E+5	2.74448978E+1	1.77703589E-8	2.50690735E+1	-7.71749339E+0	2.62301003E+1	-2.98642218E-1
1.07721735E+5	2.67708472E+1	1.55670098E-8	2.47978976E+1	-6.99464031E+0	2.57654949E+1	-2.74923343E-1
1.15506485E+5	2.61446400E+1	1.34886519E-8	2.45373209E+1	-6.28007146E+0	2.53282336E+1	-2.50560991E-1
1.23853818E+5	2.55664983E+1	1.15320357E-8	2.42879311E+1	-5.57258893E+0	2.49190158E+1	-2.25535131E-1
1.32804389E+5	2.50353596E+1	9.69684383E-9	2.40485235E+1	-4.87152336E+0	2.45369807E+1	-1.99866048E-1
1.42401793E+5	2.45490870E+1	7.96759379E-9	2.38195466E+1	-4.16861079E+0	2.41815658E+1	-1.73253410E-1
1.52692775E+5	2.41077002E+1	6.35063250E-9	2.35985708E+1	-3.46622546E+0	2.38517771E+1	-1.45840012E-1
1.63727458E+5	2.37117181E+1	4.84003154E-9	2.33857487E+1	-2.76098392E+0	2.35481693E+1	-1.17518662E-1
1.75559587E+5	2.33628847E+1	3.43244068E-9	2.31814959E+1	-2.05057396E+0	2.32720136E+1	-8.82277143E-2
1.88246790E+5	2.30695756E+1	2.10249630E-9	2.29867862E+1	-1.31810809E+0	2.30281315E+1	-5.72840207E-2
2.01850863E+5	2.28065553E+1	9.13118175E-10	2.27906567E+1	-6.01941113E-1	2.27986046E+1	-2.64056101E-2
2.16438064E+5	2.26031679E+1	-2.02374401E-10	2.26022929E+1	1.40601727E-1	2.26027304E+1	6.22060565E-3
2.32079442E+5	2.24552695E+1	-1.22827767E-9	2.24190049E+1	9.01670004E-1	2.24371299E+1	4.01973405E-2
2.48851178E+5	2.23673145E+1	-2.15947196E-9	2.22404593E+1	1.67967278E+0	2.23037967E+1	7.53801989E-2
2.66834962E+5	2.23423587E+1	-3.00067764E-9	2.20636044E+1	2.47997544E+0	2.22025441E+1	1.11931389E-1
2.86118383E+5	2.23882147E+1	-3.75626007E-9	2.18879414E+1	3.30906724E+0	2.21366648E+1	1.50045946E-1
3.06795364E+5	2.25100222E+1	-4.41980458E-9	2.17114670E+1	4.16386666E+0	2.21071392E+1	1.89481208E-1
3.28966612E+5	2.27202595E+1	-4.99550581E-9	2.15350490E+1	5.05207971E+0	2.21197174E+1	2.30430993E-1
3.52740116E+5	2.30259135E+1	-5.48099542E-9	2.13551143E+1	5.97328012E+0	2.21747832E+1	2.72741554E-1
3.78231664E+5	2.34456045E+1	-5.87909685E-9	2.11735744E+1	6.93591648E+0	2.22806473E+1	3.16558425E-1
4.05565415E+5	2.39785377E+1	-6.18966260E-9	2.09778375E+1	7.93397741E+0	2.24280593E+1	3.61579898E-1
4.34874501E+5	2.46747399E+1	-6.41259119E-9	2.07888475E+1	8.98794017E+0	2.26486066E+1	4.08074915E-1
4.66301673E+5	2.55342913E+1	-6.55401502E-9	2.05853158E+1	1.00933568E+1	2.29266521E+1	4.55872168E-1
5.00000000E+5	2.65743586E+1	-6.61674574E-9	2.03611456E+1	1.12475696E+1	2.32612190E+1	5.04686859E-1
