Start time:20240904_04-32-52	sweep/start:500.000	sweep/stop:500000.000	sweep/samplecount:100.000	sweep/xmapping:1.000	sweep/scan:0.000	sweep/averaging/sample:10.000	sweep/settling/time:0.100	sweep/settling/inaccuracy:0.010	sweep/awgcontrol:0.000	sweep/averaging/time:0.100	sweep/averaging/tc:15.000	sweep/bandwidthcontrol:2.000	sweep/sincfilter:0.000	sweep/omegasuppression:80.000	sweep/maxbandwidth:100.000	sweep/bandwidth:1250000.000	sweep/order:8.000	sweep/bandwidthoverlap:1.000																				
Frequency	Param0		Param1		RealZ		ImagZ		AbsZ		PhaseZ		
5.00000000E+2	9.44719157E+2	7.28454144E-7	1.66493131E+2	-3.59957269E+2	3.96597034E+2	-1.13756669E+0
5.36133611E+2	8.65700002E+2	7.08907979E-7	1.64149250E+2	-3.39350775E+2	3.76966763E+2	-1.12026092E+0
5.74878498E+2	7.95363102E+2	6.88655590E-7	1.61848895E+2	-3.20208544E+2	3.58787666E+2	-1.10279949E+0
6.16423370E+2	7.32526171E+2	6.67971267E-7	1.59538551E+2	-3.02346745E+2	3.41856866E+2	-1.08526047E+0
6.60970574E+2	6.76651638E+2	6.46881209E-7	1.57197059E+2	-2.85756325E+2	3.26140469E+2	-1.06786961E+0
7.08737081E+2	6.26702983E+2	6.25348875E-7	1.54902969E+2	-2.70338996E+2	3.11573611E+2	-1.05046993E+0
7.59955541E+2	5.82278180E+2	6.03674767E-7	1.52544450E+2	-2.56034109E+2	2.98032351E+2	-1.03347273E+0
8.14875417E+2	5.42466224E+2	5.81969884E-7	1.50155601E+2	-2.42708910E+2	2.85402042E+2	-1.01676520E+0
8.73764200E+2	5.06932118E+2	5.60228906E-7	1.47752019E+2	-2.30368333E+2	2.73679069E+2	-1.00050973E+0
9.36908711E+2	4.74996389E+2	5.38691920E-7	1.45307614E+2	-2.18875029E+2	2.62717689E+2	-9.84722710E-1
1.00461650E+3	4.46267336E+2	5.17456783E-7	1.42819025E+2	-2.08178235E+2	2.52458820E+2	-9.69499656E-1
1.07721735E+3	4.20517733E+2	4.96679142E-7	1.40246426E+2	-1.98260029E+2	2.42849959E+2	-9.55130317E-1
1.15506485E+3	3.97172788E+2	4.76421766E-7	1.37626114E+2	-1.88998391E+2	2.33797652E+2	-9.41402505E-1
1.23853818E+3	3.76171759E+2	4.56591225E-7	1.34997344E+2	-1.80438079E+2	2.25349029E+2	-9.28471054E-1
1.32804389E+3	3.57029054E+2	4.37549798E-7	1.32271759E+2	-1.72421109E+2	2.17312813E+2	-9.16413261E-1
1.42401793E+3	3.39628865E+2	4.19194129E-7	1.29497367E+2	-1.64959001E+2	2.09716574E+2	-9.05251812E-1
1.52692775E+3	3.23684734E+2	4.01591585E-7	1.26672591E+2	-1.57974796E+2	2.02489463E+2	-8.94926430E-1
1.63727458E+3	3.09036221E+2	3.84752599E-7	1.23803520E+2	-1.51434665E+2	1.95601049E+2	-8.85452878E-1
1.75559587E+3	2.95523302E+2	3.68777267E-7	1.20859751E+2	-1.45292091E+2	1.88989079E+2	-8.76940094E-1
1.88246790E+3	2.83006433E+2	3.53535611E-7	1.17896255E+2	-1.39520145E+2	1.82661978E+2	-8.69204945E-1
2.01850863E+3	2.71381757E+2	3.39098784E-7	1.14886113E+2	-1.34086445E+2	1.76572915E+2	-8.62364091E-1
2.16438064E+3	2.60499352E+2	3.25408513E-7	1.11854249E+2	-1.28944117E+2	1.70698444E+2	-8.56251054E-1
2.32079442E+3	2.50248650E+2	3.12481521E-7	1.08792165E+2	-1.24053842E+2	1.65000278E+2	-8.50848624E-1
2.48851178E+3	2.40584973E+2	3.00232918E-7	1.05726722E+2	-1.19407367E+2	1.59487490E+2	-8.46090179E-1
2.66834962E+3	2.31407495E+2	2.88637178E-7	1.02664333E+2	-1.14966647E+2	1.54134018E+2	-8.41866384E-1
2.86118383E+3	2.22688594E+2	2.77665794E-7	9.96084316E+1	-1.10724074E+2	1.48935089E+2	-8.38197000E-1
3.06795364E+3	2.14363050E+2	2.67272362E-7	9.65714870E+1	-1.06655074E+2	1.43879663E+2	-8.34974966E-1
3.28966612E+3	2.06362477E+2	2.57400508E-7	9.35699834E+1	-1.02732620E+2	1.38958027E+2	-8.32040391E-1
3.52740116E+3	1.98703505E+2	2.48041793E-7	9.05978840E+1	-9.89653444E+1	1.34171966E+2	-8.29510269E-1
3.78231664E+3	1.91297066E+2	2.39112558E-7	8.76837032E+1	-9.53163296E+1	1.29513068E+2	-8.27082336E-1
4.05565415E+3	1.84181772E+2	2.30632384E-7	8.48100556E+1	-9.18026092E+1	1.24981860E+2	-8.24970090E-1
4.34874501E+3	1.77263209E+2	2.22477133E-7	8.20218937E+1	-8.83847973E+1	1.20579699E+2	-8.22720339E-1
4.66301673E+3	1.70598418E+2	2.14708341E-7	7.92852018E+1	-8.50869268E+1	1.16301028E+2	-8.20679806E-1
5.00000000E+3	1.64192648E+2	2.07282671E-7	7.66099503E+1	-8.19127910E+1	1.12155206E+2	-8.18837307E-1
5.36133611E+3	1.57893309E+2	2.00086607E-7	7.40385966E+1	-7.87939377E+1	1.08121222E+2	-8.16502847E-1
5.74878498E+3	1.51801787E+2	1.93184760E-7	7.15355171E+1	-7.57752520E+1	1.04207577E+2	-8.14171112E-1
6.16423370E+3	1.45937308E+2	1.86550627E-7	6.91041951E+1	-7.28662483E+1	1.00423503E+2	-8.11890811E-1
6.60970574E+3	1.40236332E+2	1.80121009E-7	6.67646163E+1	-7.00379225E+1	9.67616904E+1	-8.09320831E-1
7.08737081E+3	1.34709160E+2	1.73900881E-7	6.45082194E+1	-6.72944080E+1	9.32193535E+1	-8.06534111E-1
7.59955541E+3	1.29339857E+2	1.67890948E-7	6.23289696E+1	-6.46275436E+1	8.97865243E+1	-8.03501390E-1
8.14875417E+3	1.24150059E+2	1.62063817E-7	6.02311531E+1	-6.20476358E+1	8.64737016E+1	-8.00252325E-1
8.73764200E+3	1.19126129E+2	1.56382032E-7	5.82236199E+1	-5.95480000E+1	8.32823770E+1	-7.96643019E-1
9.36908711E+3	1.14247424E+2	1.50853500E-7	5.62978847E+1	-5.71177406E+1	8.01990537E+1	-7.92626810E-1
1.00461650E+4	1.09545369E+2	1.45474966E-7	5.44495140E+1	-5.47717295E+1	7.72314186E+1	-7.88348273E-1
1.07721735E+4	1.04970680E+2	1.40234741E-7	5.26778770E+1	-5.24849855E+1	7.43614987E+1	-7.83563950E-1
1.15506485E+4	1.00563736E+2	1.35103377E-7	5.09887819E+1	-5.02768967E+1	7.16074180E+1	-7.78368404E-1
1.23853818E+4	9.62983643E+1	1.30092207E-7	4.93729570E+1	-4.81336249E+1	6.89531353E+1	-7.72688611E-1
1.32804389E+4	9.21887208E+1	1.25187675E-7	4.78308117E+1	-4.60616391E+1	6.64037743E+1	-7.66557857E-1
1.42401793E+4	8.82088564E+1	1.20388766E-7	4.63576303E+1	-4.40468333E+1	6.39464892E+1	-7.59843078E-1
1.52692775E+4	8.44010663E+1	1.15654054E-7	4.49652294E+1	-4.21098627E+1	6.16044875E+1	-7.52617925E-1
1.63727458E+4	8.07148896E+1	1.11020176E-7	4.36345181E+1	-4.02241602E+1	5.93460598E+1	-7.44752666E-1
1.75559587E+4	7.71802147E+1	1.06465646E-7	4.23703816E+1	-3.84044938E+1	5.71852674E+1	-7.36339570E-1
1.88246790E+4	7.37998125E+1	1.01954091E-7	4.11825230E+1	-3.66505260E+1	5.51295015E+1	-7.27236620E-1
2.01850863E+4	7.05470032E+1	9.75452585E-8	4.00445920E+1	-3.49493350E+1	5.31509709E+1	-7.17560202E-1
2.16438064E+4	6.74440756E+1	9.31836350E-8	3.89747431E+1	-3.33104234E+1	5.12700230E+1	-7.07197191E-1
2.32079442E+4	6.44612002E+1	8.88927206E-8	3.79591763E+1	-3.17174098E+1	4.94660862E+1	-6.96054693E-1
2.48851178E+4	6.16134433E+1	8.46755543E-8	3.69953859E+1	-3.01786442E+1	4.77431830E+1	-6.84265771E-1
2.66834962E+4	5.89246171E+1	8.04747262E-8	3.61044611E+1	-2.87038156E+1	4.61241953E+1	-6.71697774E-1
2.86118383E+4	5.63764849E+1	7.63913518E-8	3.52479465E+1	-2.72898756E+1	4.45775192E+1	-6.58826328E-1
3.06795364E+4	5.39415921E+1	7.23612955E-8	3.44425631E+1	-2.59151778E+1	4.31032093E+1	-6.45046335E-1
3.28966612E+4	5.16372673E+1	6.83922145E-8	3.36871432E+1	-2.45904103E+1	4.17074571E+1	-6.30554429E-1
3.52740116E+4	4.94489240E+1	6.45090938E-8	3.29696149E+1	-2.33091440E+1	4.03771208E+1	-6.15400966E-1
3.78231664E+4	4.74046714E+1	6.06938599E-8	3.23024042E+1	-2.20870874E+1	3.91316346E+1	-5.99743187E-1
4.05565415E+4	4.54571321E+1	5.69709884E-8	3.16662961E+1	-2.08974750E+1	3.79402021E+1	-5.83322821E-1
4.34874501E+4	4.36455877E+1	5.33246761E-8	3.10774664E+1	-1.97632311E+1	3.68292583E+1	-5.66423676E-1
4.66301673E+4	4.19261921E+1	4.97854870E-8	3.05139975E+1	-1.86609643E+1	3.57678025E+1	-5.48871977E-1
5.00000000E+4	4.03205695E+1	4.63375743E-8	2.99887289E+1	-1.76022354E+1	3.47730156E+1	-5.30777373E-1
5.36133611E+4	3.88163127E+1	4.30093718E-8	2.94895857E+1	-1.65843687E+1	3.38330751E+1	-5.12298698E-1
5.74878498E+4	3.74073537E+1	3.97861105E-8	2.90205803E+1	-1.56009299E+1	3.29481882E+1	-4.93258965E-1
6.16423370E+4	3.60865301E+1	3.66696939E-8	2.85793736E+1	-1.46475188E+1	3.21143336E+1	-4.73613878E-1
6.60970574E+4	3.48525380E+1	3.36814099E-8	2.81598113E+1	-1.37282885E+1	3.13279570E+1	-4.53608615E-1
7.08737081E+4	3.37006915E+1	3.08161126E-8	2.77628631E+1	-1.28394354E+1	3.05880317E+1	-4.33173801E-1
7.59955541E+4	3.26284572E+1	2.80673764E-8	2.73907948E+1	-1.19776343E+1	2.98951397E+1	-4.12231514E-1
8.14875417E+4	3.16234093E+1	2.54499223E-8	2.70332230E+1	-1.11394579E+1	2.92383767E+1	-3.90864183E-1
8.73764200E+4	3.06882143E+1	2.29518418E-8	2.66963285E+1	-1.03232108E+1	2.86227645E+1	-3.68980093E-1
9.36908711E+4	2.98153986E+1	2.05784653E-8	2.63746824E+1	-9.52616257E+0	2.80423192E+1	-3.46604993E-1
1.00461650E+5	2.89977060E+1	1.83389342E-8	2.60612039E+1	-8.74807247E+0	2.74902733E+1	-3.23855811E-1
1.07721735E+5	2.82431651E+1	1.62038164E-8	2.57705759E+1	-7.98248294E+0	2.69785587E+1	-3.00379240E-1
1.15506485E+5	2.75397863E+1	1.41933348E-8	2.54885847E+1	-7.23064395E+0	2.64943423E+1	-2.76419426E-1
1.23853818E+5	2.68871967E+1	1.22935804E-8	2.52186144E+1	-6.48685799E+0	2.60395439E+1	-2.51767015E-1
1.32804389E+5	2.62845350E+1	1.05035905E-8	2.49598751E+1	-5.75006417E+0	2.56136430E+1	-2.26421971E-1
1.42401793E+5	2.57279895E+1	8.82292967E-9	2.47087442E+1	-5.01839286E+0	2.52132170E+1	-2.00376370E-1
1.52692775E+5	2.52176112E+1	7.24274297E-9	2.44663682E+1	-4.28721114E+0	2.48391498E+1	-1.73467612E-1
1.63727458E+5	2.47539296E+1	5.76396173E-9	2.42318697E+1	-3.55675176E+0	2.44915087E+1	-1.45739240E-1
1.75559587E+5	2.43369764E+1	4.37718304E-9	2.40055073E+1	-2.82082803E+0	2.41706737E+1	-1.16971127E-1
1.88246790E+5	2.39997653E+1	3.08119876E-9	2.38079336E+1	-2.08171318E+0	2.39036197E+1	-8.72126700E-2
2.01850863E+5	2.36441522E+1	1.87351818E-9	2.35697577E+1	-1.32418074E+0	2.36069257E+1	-5.61223486E-2
2.16438064E+5	2.33735173E+1	7.54324142E-10	2.33600874E+1	-5.60105895E-1	2.33668014E+1	-2.39724503E-2
2.32079442E+5	2.31573665E+1	-2.83506249E-10	2.31552439E+1	2.21675573E-1	2.31563052E+1	9.57315614E-3
2.48851178E+5	2.29984942E+1	-1.23548123E-9	2.29531881E+1	1.01976063E+0	2.29758300E+1	4.43986405E-2
2.66834962E+5	2.29028227E+1	-2.10647036E-9	2.27539560E+1	1.84044894E+0	2.28282680E+1	8.07090910E-2
2.86118383E+5	2.28732073E+1	-2.89538178E-9	2.25535147E+1	2.68517604E+0	2.27127985E+1	1.18500180E-1
3.06795364E+5	2.29215973E+1	-3.60425690E-9	2.23546447E+1	3.56005778E+0	2.26363460E+1	1.57927414E-1
3.28966612E+5	2.30559741E+1	-4.22743656E-9	2.21567043E+1	4.46372336E+0	2.26018672E+1	1.98800502E-1
3.52740116E+5	2.32846881E+1	-4.76970100E-9	2.19544899E+1	5.40405396E+0	2.26098087E+1	2.41349972E-1
3.78231664E+5	2.36242439E+1	-5.22605415E-9	2.17516976E+1	6.38208696E+0	2.26686437E+1	2.85396683E-1
4.05565415E+5	2.40826654E+1	-5.59718105E-9	2.15411195E+1	7.39916328E+0	2.27764695E+1	3.30863742E-1
4.34874501E+5	2.46888389E+1	-5.89321518E-9	2.13193183E+1	8.47559266E+0	2.29423012E+1	3.78396366E-1
4.66301673E+5	2.54566063E+1	-6.09843515E-9	2.10927836E+1	9.59399496E+0	2.31721948E+1	4.26877439E-1
NaN	NaN	NaN	NaN	NaN	NaN	NaN
