Start time:20240903_22-40-24	sweep/start:500.000	sweep/stop:500000.000	sweep/samplecount:100.000	sweep/xmapping:1.000	sweep/scan:0.000	sweep/averaging/sample:10.000	sweep/settling/time:0.100	sweep/settling/inaccuracy:0.010	sweep/awgcontrol:0.000	sweep/averaging/time:0.100	sweep/averaging/tc:15.000	sweep/bandwidthcontrol:2.000	sweep/sincfilter:0.000	sweep/omegasuppression:80.000	sweep/maxbandwidth:100.000	sweep/bandwidth:1250000.000	sweep/order:8.000	sweep/bandwidthoverlap:1.000																				
Frequency	Param0		Param1		RealZ		ImagZ		AbsZ		PhaseZ		
5.00000000E+2	9.71685659E+2	7.66161322E-7	1.50181990E+2	-3.51247806E+2	3.82007404E+2	-1.16675335E+0
5.36133611E+2	8.88957808E+2	7.47659884E-7	1.47845464E+2	-3.31013631E+2	3.62530436E+2	-1.15073623E+0
5.74878498E+2	8.15134109E+2	7.28465664E-7	1.45551353E+2	-3.12183649E+2	3.44447144E+2	-1.13452257E+0
6.16423370E+2	7.49304204E+2	7.08725389E-7	1.43257150E+2	-2.94653216E+2	3.27632629E+2	-1.11825847E+0
6.60970574E+2	6.90421819E+2	6.88424733E-7	1.41005437E+2	-2.78335493E+2	3.12014728E+2	-1.10188074E+0
7.08737081E+2	6.37798659E+2	6.67891844E-7	1.38700140E+2	-2.63106431E+2	2.97426851E+2	-1.08565470E+0
7.59955541E+2	5.90998777E+2	6.46997407E-7	1.36375764E+2	-2.48997036E+2	2.83897660E+2	-1.06972040E+0
8.14875417E+2	5.48979667E+2	6.25983055E-7	1.34033191E+2	-2.35831657E+2	2.71259053E+2	-1.05397960E+0
8.73764200E+2	5.11289377E+2	6.04891124E-7	1.31675724E+2	-2.23575242E+2	2.59469437E+2	-1.03853783E+0
9.36908711E+2	4.77395551E+2	5.83975774E-7	1.29256435E+2	-2.12130171E+2	2.48407807E+2	-1.02354764E+0
1.00461650E+3	4.46872823E+2	5.63243527E-7	1.26801870E+2	-2.01458644E+2	2.38042648E+2	-1.00902571E+0
1.07721735E+3	4.19357566E+2	5.42689919E-7	1.24339639E+2	-1.91526537E+2	2.28347898E+2	-9.94981468E-1
1.15506485E+3	3.94414803E+2	5.22507964E-7	1.21846035E+2	-1.82240001E+2	2.19221066E+2	-9.81455050E-1
1.23853818E+3	3.71807254E+2	5.02833295E-7	1.19294616E+2	-1.73560924E+2	2.10605321E+2	-9.68620570E-1
1.32804389E+3	3.51186743E+2	4.83599827E-7	1.16738464E+2	-1.65436177E+2	2.02477156E+2	-9.56294822E-1
1.42401793E+3	3.32392757E+2	4.64934310E-7	1.14147753E+2	-1.57835909E+2	1.94786767E+2	-9.44665564E-1
1.52692775E+3	3.15115016E+2	4.46874452E-7	1.11537990E+2	-1.50686995E+2	1.87476116E+2	-9.33599024E-1
1.63727458E+3	2.99225021E+2	4.29431079E-7	1.08913158E+2	-1.43970357E+2	1.80525733E+2	-9.23150026E-1
1.75559587E+3	2.84573120E+2	4.12614681E-7	1.06279556E+2	-1.37655219E+2	1.73908895E+2	-9.13318976E-1
1.88246790E+3	2.71004104E+2	3.96458831E-7	1.03635888E+2	-1.31701755E+2	1.67588037E+2	-9.04095434E-1
2.01850863E+3	2.58402000E+2	3.80924117E-7	1.00999892E+2	-1.26085664E+2	1.61550529E+2	-8.95420435E-1
2.16438064E+3	2.46645394E+2	3.66040938E-7	9.83664684E+1	-1.20771161E+2	1.55761471E+2	-8.87284422E-1
2.32079442E+3	2.35644101E+2	3.51793467E-7	9.57419980E+1	-1.15734636E+2	1.50203317E+2	-8.79656307E-1
2.48851178E+3	2.25308579E+2	3.38163650E-7	9.31328998E+1	-1.10950001E+2	1.44857311E+2	-8.72480628E-1
2.66834962E+3	2.15583001E+2	3.25075984E-7	9.05611485E+1	-1.06405456E+2	1.39726316E+2	-8.65666913E-1
2.86118383E+3	2.06405720E+2	3.12556225E-7	8.80161563E+1	-1.02079348E+2	1.34785153E+2	-8.59243250E-1
3.06795364E+3	1.97744209E+2	3.00569602E-7	8.55047882E+1	-9.79643155E+1	1.30031059E+2	-8.53204819E-1
3.28966612E+3	1.89508971E+2	2.89110063E-7	8.30277945E+1	-9.40260430E+1	1.25437282E+2	-8.47436556E-1
3.52740116E+3	1.81704500E+2	2.78108602E-7	8.06005984E+1	-9.02720014E+1	1.21018556E+2	-8.41937921E-1
3.78231664E+3	1.74252830E+2	2.67568465E-7	7.82196911E+1	-8.66699585E+1	1.16747600E+2	-8.36601389E-1
4.05565415E+3	1.67176722E+2	2.57469197E-7	7.58842098E+1	-8.32325591E+1	1.12632468E+2	-8.31547483E-1
4.34874501E+3	1.60386523E+2	2.47797984E-7	7.35959247E+1	-7.99214236E+1	1.08645268E+2	-8.26578670E-1
4.66301673E+3	1.53923527E+2	2.38476522E-7	7.13722014E+1	-7.67585098E+1	1.04813455E+2	-8.21744010E-1
5.00000000E+3	1.47755996E+2	2.29480038E-7	6.92163905E+1	-7.37307764E+1	1.01129305E+2	-8.16968477E-1
5.36133611E+3	1.41801005E+2	2.20911838E-7	6.70919840E+1	-7.07981345E+1	9.75382511E+1	-8.12269255E-1
5.74878498E+3	1.36122194E+2	2.12630327E-7	6.50368823E+1	-6.79938734E+1	9.40901854E+1	-8.07622381E-1
6.16423370E+3	1.30640623E+2	2.04653264E-7	6.30417074E+1	-6.52805542E+1	9.07513514E+1	-8.02843459E-1
6.60970574E+3	1.25387708E+2	1.96961289E-7	6.11065687E+1	-6.26737558E+1	8.75329224E+1	-7.98058521E-1
7.08737081E+3	1.20351344E+2	1.89526743E-7	5.92354182E+1	-6.01683243E+1	8.44337734E+1	-7.93211043E-1
7.59955541E+3	1.15477472E+2	1.82373882E-7	5.74159454E+1	-5.77378317E+1	8.14263355E+1	-7.88193432E-1
8.14875417E+3	1.10815457E+2	1.75457000E-7	5.56575145E+1	-5.54071629E+1	7.85347869E+1	-7.83144066E-1
8.73764200E+3	1.06304563E+2	1.68719068E-7	5.39734144E+1	-5.31459374E+1	7.57470803E+1	-7.77673504E-1
9.36908711E+3	1.01963422E+2	1.62238249E-7	5.23343338E+1	-5.09637630E+1	7.30492142E+1	-7.72130830E-1
1.00461650E+4	9.77825968E+1	1.55923613E-7	5.07643701E+1	-4.88554049E+1	7.04547507E+1	-7.66238001E-1
1.07721735E+4	9.37526114E+1	1.49809764E-7	4.92481627E+1	-4.68162604E+1	6.79495682E+1	-7.60088245E-1
1.15506485E+4	8.98771903E+1	1.43842517E-7	4.77986010E+1	-4.48474924E+1	6.55439082E+1	-7.53555368E-1
1.23853818E+4	8.61404574E+1	1.38047426E-7	4.64032216E+1	-4.29410701E+1	6.32233708E+1	-7.46666862E-1
1.32804389E+4	8.25436452E+1	1.32386188E-7	4.50700536E+1	-4.10966745E+1	6.09938231E+1	-7.39318119E-1
1.42401793E+4	7.90799878E+1	1.26869614E-7	4.37916875E+1	-3.93107376E+1	5.88476512E+1	-7.31529518E-1
1.52692775E+4	7.57466324E+1	1.21479880E-7	4.25698480E+1	-3.75809783E+1	5.67848774E+1	-7.23234813E-1
1.63727458E+4	7.25613240E+1	1.16213089E-7	4.14037768E+1	-3.59171170E+1	5.48116092E+1	-7.14557296E-1
1.75559587E+4	6.94849874E+1	1.11032406E-7	4.02985948E+1	-3.42953207E+1	5.29164122E+1	-7.05091864E-1
1.88246790E+4	6.65475880E+1	1.05977028E-7	3.92419039E+1	-3.27341750E+1	5.11023847E+1	-6.95228215E-1
2.01850863E+4	6.37412515E+1	1.01032405E-7	3.82350722E+1	-3.12286717E+1	4.93675104E+1	-6.84874034E-1
2.16438064E+4	6.10584120E+1	9.61604690E-8	3.72865438E+1	-2.97719712E+1	4.77143264E+1	-6.73803819E-1
2.32079442E+4	5.84859358E+1	9.13890173E-8	3.63838642E+1	-2.83576803E+1	4.61296441E+1	-6.62054774E-1
2.48851178E+4	5.60274557E+1	8.66660506E-8	3.55409449E+1	-2.69834842E+1	4.46236278E+1	-6.49377478E-1
2.66834962E+4	5.37087815E+1	8.21235723E-8	3.47212924E+1	-2.56762471E+1	4.31837716E+1	-6.36744364E-1
2.86118383E+4	5.14948196E+1	7.76273290E-8	3.39580271E+1	-2.44031673E+1	4.18170106E+1	-6.23118470E-1
3.06795364E+4	4.93953396E+1	7.32276301E-8	3.32368914E+1	-2.31744787E+1	4.05184834E+1	-6.08879088E-1
3.28966612E+4	4.74113077E+1	6.89210182E-8	3.25588181E+1	-2.19904394E+1	3.92893894E+1	-5.94028926E-1
3.52740116E+4	4.55331387E+1	6.47314054E-8	3.19143012E+1	-2.08479159E+1	3.81203132E+1	-5.78654312E-1
3.78231664E+4	4.37636227E+1	6.06273444E-8	3.13135576E+1	-1.97447624E+1	3.70188421E+1	-5.62580347E-1
4.05565415E+4	4.20998703E+1	5.66404532E-8	3.07471201E+1	-1.86832605E+1	3.59784620E+1	-5.46020123E-1
4.34874501E+4	4.05326955E+1	5.27844559E-8	3.02087887E+1	-1.76599159E+1	3.49920507E+1	-5.29015501E-1
4.66301673E+4	3.90588176E+1	4.90481135E-8	2.97014413E+1	-1.66711577E+1	3.40602872E+1	-5.11470717E-1
5.00000000E+4	3.76760895E+1	4.54355591E-8	2.92240193E+1	-1.57163426E+1	3.31820246E+1	-4.93419494E-1
5.36133611E+4	3.63814694E+1	4.19547258E-8	2.87741647E+1	-1.47950607E+1	3.23550056E+1	-4.74926066E-1
5.74878498E+4	3.51712384E+1	3.86124141E-8	2.83496080E+1	-1.39064923E+1	3.15767449E+1	-4.56047472E-1
6.16423370E+4	3.40416793E+1	3.54008704E-8	2.79521583E+1	-1.30466562E+1	3.08470162E+1	-4.36695186E-1
6.60970574E+4	3.29823869E+1	3.23345182E-8	2.75734487E+1	-1.22124147E+1	3.01568923E+1	-4.16937975E-1
7.08737081E+4	3.19949298E+1	2.94146052E-8	2.72149505E+1	-1.14055637E+1	2.95083112E+1	-3.96855758E-1
7.59955541E+4	3.10733256E+1	2.66367175E-8	2.68754565E+1	-1.06216585E+1	2.88982665E+1	-3.76376995E-1
8.14875417E+4	3.02141066E+1	2.40009234E-8	2.65536011E+1	-9.85898536E+0	2.83247830E+1	-3.55510755E-1
8.73764200E+4	2.94109883E+1	2.15076364E-8	2.62457144E+1	-9.11454127E+0	2.77833115E+1	-3.34247208E-1
9.36908711E+4	2.86630497E+1	1.91571878E-8	2.59514574E+1	-8.38866880E+0	2.72735754E+1	-3.12643392E-1
1.00461650E+5	2.79702367E+1	1.69394497E-8	2.56738632E+1	-7.67833109E+0	2.67974631E+1	-2.90605109E-1
1.07721735E+5	2.73208361E+1	1.48487402E-8	2.54054327E+1	-6.97578985E+0	2.63457333E+1	-2.67974460E-1
1.15506485E+5	2.67176202E+1	1.28877273E-8	2.51472187E+1	-6.28420431E+0	2.59205293E+1	-2.44881338E-1
1.23853818E+5	2.61624666E+1	1.10499252E-8	2.49021172E+1	-5.60226380E+0	2.55245139E+1	-2.21287208E-1
1.32804389E+5	2.56431341E+1	9.32951918E-9	2.46603751E+1	-4.92291402E+0	2.51469541E+1	-1.97038335E-1
1.42401793E+5	2.51677733E+1	7.72086204E-9	2.44293195E+1	-4.24734228E+0	2.47957975E+1	-1.72141747E-1
1.52692775E+5	2.47325338E+1	6.21602736E-9	2.42059326E+1	-3.57027533E+0	2.44678165E+1	-1.46440034E-1
1.63727458E+5	2.43353380E+1	4.81308362E-9	2.39870792E+1	-2.89027753E+0	2.41605811E+1	-1.19914997E-1
1.75559587E+5	2.39789158E+1	3.50542130E-9	2.37745252E+1	-2.20437759E+0	2.38765018E+1	-9.24558127E-2
1.88246790E+5	2.36605432E+1	2.25602462E-9	2.35581241E+1	-1.48653003E+0	2.36092603E+1	-6.30227693E-2
2.01850863E+5	2.33904786E+1	1.15885496E-9	2.33628673E+1	-8.03164907E-1	2.33766689E+1	-3.43643094E-2
2.16438064E+5	2.31624710E+1	1.16265368E-10	2.31621599E+1	-8.48259616E-2	2.31623154E+1	-3.66224425E-3
2.32079442E+5	2.29850690E+1	-8.49154879E-10	2.29664651E+1	6.53647194E-1	2.29757652E+1	2.84532597E-2
2.48851178E+5	2.28579297E+1	-1.73235547E-9	2.27706399E+1	1.40983627E+0	2.28142431E+1	6.18357211E-2
2.66834962E+5	2.27906232E+1	-2.53938143E-9	2.25780522E+1	2.19075144E+0	2.26840887E+1	9.67273441E-2
2.86118383E+5	2.27829120E+1	-3.27184790E-9	2.23809955E+1	2.99921315E+0	2.25810595E+1	1.33213512E-1
3.06795364E+5	2.28499123E+1	-3.92414775E-9	2.21870595E+1	3.83493770E+0	2.25160468E+1	1.71154609E-1
3.28966612E+5	2.29965414E+1	-4.50331334E-9	2.19890093E+1	4.70686837E+0	2.24871332E+1	2.10873209E-1
3.52740116E+5	2.32339561E+1	-5.00223623E-9	2.17882908E+1	5.61235687E+0	2.24995154E+1	2.52105493E-1
3.78231664E+5	2.35762597E+1	-5.42210096E-9	2.15842237E+1	6.55717379E+0	2.25582637E+1	2.94934548E-1
4.05565415E+5	2.40484102E+1	-5.75719560E-9	2.13863528E+1	7.54527911E+0	2.26783539E+1	3.39173982E-1
4.34874501E+5	2.46445315E+1	-6.02379868E-9	2.11624648E+1	8.58421838E+0	2.28372281E+1	3.85353945E-1
4.66301673E+5	2.54000810E+1	-6.21460323E-9	2.09245327E+1	9.67718520E+0	2.30539514E+1	4.33184617E-1
NaN	NaN	NaN	NaN	NaN	NaN	NaN
