Start time:20240903_09-11-13	sweep/start:500.000	sweep/stop:500000.000	sweep/samplecount:100.000	sweep/xmapping:1.000	sweep/scan:0.000	sweep/averaging/sample:10.000	sweep/settling/time:0.100	sweep/settling/inaccuracy:0.010	sweep/awgcontrol:0.000	sweep/averaging/time:0.100	sweep/averaging/tc:15.000	sweep/bandwidthcontrol:2.000	sweep/sincfilter:0.000	sweep/omegasuppression:80.000	sweep/maxbandwidth:100.000	sweep/bandwidth:1250000.000	sweep/order:8.000	sweep/bandwidthoverlap:1.000																				
Frequency	Param0		Param1		RealZ		ImagZ		AbsZ		PhaseZ		
5.00000000E+2	1.85121791E+3	9.02445874E-7	6.48506884E+1	-3.40362828E+2	3.46485896E+2	-1.38251909E+0
5.36133611E+2	1.67097658E+3	8.95829657E-7	6.32297633E+1	-3.18837137E+2	3.25046358E+2	-1.37502277E+0
5.74878498E+2	1.50715231E+3	8.88836383E-7	6.17340733E+1	-2.98716041E+2	3.05028491E+2	-1.36700061E+0
6.16423370E+2	1.35971315E+3	8.81447214E-7	6.03033610E+1	-2.79926199E+2	2.86347999E+2	-1.35861310E+0
6.60970574E+2	1.22623220E+3	8.73577194E-7	5.89785177E+1	-2.62379093E+2	2.68926122E+2	-1.34968787E+0
7.08737081E+2	1.10660708E+3	8.65275072E-7	5.76920122E+1	-2.45995753E+2	2.52670308E+2	-1.34043510E+0
7.59955541E+2	9.99663852E+2	8.56533970E-7	5.64271286E+1	-2.30703424E+2	2.37503883E+2	-1.33091843E+0
8.14875417E+2	9.03147325E+2	8.47339548E-7	5.52305506E+1	-2.16404369E+2	2.23341148E+2	-1.32091152E+0
8.73764200E+2	8.16901604E+2	8.37610620E-7	5.40584488E+1	-2.03071590E+2	2.10143735E+2	-1.31062601E+0
9.36908711E+2	7.39384789E+2	8.27384323E-7	5.29300436E+1	-1.90614944E+2	1.97827319E+2	-1.29993983E+0
1.00461650E+3	6.69645251E+2	8.16756878E-7	5.18346313E+1	-1.78952423E+2	1.86308347E+2	-1.28885631E+0
1.07721735E+3	6.07312931E+2	8.05568626E-7	5.07587711E+1	-1.68077326E+2	1.75574605E+2	-1.27750886E+0
1.15506485E+3	5.51485437E+2	7.93923200E-7	4.96962710E+1	-1.57914676E+2	1.65549886E+2	-1.26590543E+0
1.23853818E+3	5.01259009E+2	7.81672600E-7	4.86791108E+1	-1.48429048E+2	1.56207678E+2	-1.25388760E+0
1.32804389E+3	4.56226696E+2	7.69033137E-7	4.76671633E+1	-1.39552397E+2	1.47468743E+2	-1.24164957E+0
1.42401793E+3	4.15750649E+2	7.55845814E-7	4.66853207E+1	-1.31262831E+2	1.39317803E+2	-1.22908553E+0
1.52692775E+3	3.79417879E+2	7.42304725E-7	4.57061622E+1	-1.23501740E+2	1.31688015E+2	-1.21634151E+0
1.63727458E+3	3.46729687E+2	7.28297650E-7	4.47483908E+1	-1.16246187E+2	1.24561610E+2	-1.20333537E+0
1.75559587E+3	3.17261308E+2	7.13946898E-7	4.38040796E+1	-1.09446521E+2	1.17886974E+2	-1.19008934E+0
1.88246790E+3	2.90769720E+2	6.99267948E-7	4.28634435E+1	-1.03083051E+2	1.11639556E+2	-1.17673140E+0
2.01850863E+3	2.66824848E+2	6.84183058E-7	4.19492517E+1	-9.71254979E+1	1.05797458E+2	-1.16308936E+0
2.16438064E+3	2.45205200E+2	6.68812024E-7	4.10462848E+1	-9.15421453E+1	1.00323287E+2	-1.14928479E+0
2.32079442E+3	2.25618411E+2	6.53198426E-7	4.01585133E+1	-8.63005985E+1	9.51866565E+1	-1.13526492E+0
2.48851178E+3	2.07861754E+2	6.37336334E-7	3.92883212E+1	-8.13816128E+1	9.03689057E+1	-1.12103028E+0
2.66834962E+3	1.91782053E+2	6.21253567E-7	3.84314372E+1	-7.67690316E+1	8.58513811E+1	-1.10665988E+0
2.86118383E+3	1.77137662E+2	6.05037002E-7	3.75909075E+1	-7.24271274E+1	8.16012573E+1	-1.09205115E+0
3.06795364E+3	1.63831226E+2	5.88618305E-7	3.67700808E+1	-6.83523800E+1	7.76149912E+1	-1.07725254E+0
3.28966612E+3	1.51676597E+2	5.72125783E-7	3.59658379E+1	-6.45107285E+1	7.38591610E+1	-1.06220011E+0
3.52740116E+3	1.40594811E+2	5.55437225E-7	3.51877637E+1	-6.09018724E+1	7.03364545E+1	-1.04687679E+0
3.78231664E+3	1.30455366E+2	5.38743451E-7	3.44233222E+1	-5.74955800E+1	6.70127369E+1	-1.03132406E+0
4.05565415E+3	1.21170810E+2	5.21971073E-7	3.36811169E+1	-5.42839759E+1	6.38840186E+1	-1.01546732E+0
4.34874501E+3	1.12663791E+2	5.05107779E-7	3.29636159E+1	-5.12562740E+1	6.09410018E+1	-9.99277285E-1
4.66301673E+3	1.04844596E+2	4.88182071E-7	3.22718641E+1	-4.83948037E+1	5.81681212E+1	-9.82669814E-1
5.00000000E+3	9.76918542E+1	4.71239259E-7	3.15981046E+1	-4.56994185E+1	5.55596722E+1	-9.65842922E-1
5.36133611E+3	9.11053649E+1	4.54224434E-7	3.09537190E+1	-4.31499369E+1	5.31041411E+1	-9.48519017E-1
5.74878498E+3	8.50564947E+1	4.37153056E-7	3.03359030E+1	-4.07430790E+1	5.07963141E+1	-9.30782190E-1
6.16423370E+3	7.94927838E+1	4.20097047E-7	2.97401642E+1	-3.84662317E+1	4.86223033E+1	-9.12643137E-1
6.60970574E+3	7.43676344E+1	4.03063902E-7	2.91675322E+1	-3.63094391E+1	4.65738159E+1	-8.94043748E-1
7.08737081E+3	6.96588843E+1	3.85983471E-7	2.86240932E+1	-3.42721993E+1	4.46533579E+1	-8.74958240E-1
7.59955541E+3	6.53293644E+1	3.68973353E-7	2.81013400E+1	-3.23443553E+1	4.28467344E+1	-8.55478705E-1
8.14875417E+3	6.13462628E+1	3.51968161E-7	2.76066932E+1	-3.05194665E+1	4.11529755E+1	-8.35467503E-1
8.73764200E+3	5.76763364E+1	3.35074408E-7	2.71327547E+1	-2.87876964E+1	3.95590428E+1	-8.14984100E-1
9.36908711E+3	5.43093465E+1	3.18223701E-7	2.66867604E+1	-2.71506406E+1	3.80702047E+1	-7.94014273E-1
1.00461650E+4	5.12190674E+1	3.01518701E-7	2.62623996E+1	-2.56012096E+1	3.66760901E+1	-7.72650224E-1
1.07721735E+4	4.83693472E+1	2.85037319E-7	2.58551246E+1	-2.41269140E+1	3.53637594E+1	-7.50835302E-1
1.15506485E+4	4.57676231E+1	2.68694052E-7	2.54754865E+1	-2.27365775E+1	3.41460455E+1	-7.28649550E-1
1.23853818E+4	4.33820908E+1	2.52611794E-7	2.51157177E+1	-2.14189872E+1	3.30086704E+1	-7.06124355E-1
1.32804389E+4	4.11884262E+1	2.36833594E-7	2.47741801E+1	-2.01655505E+1	3.19438486E+1	-6.83204060E-1
1.42401793E+4	3.91860686E+1	2.21379712E-7	2.44536648E+1	-1.89805478E+1	3.09554997E+1	-6.60049481E-1
1.52692775E+4	3.73534824E+1	2.06298207E-7	2.41523875E+1	-1.78560306E+1	3.00362404E+1	-6.36622405E-1
1.63727458E+4	3.56688707E+1	1.91633198E-7	2.38675426E+1	-1.67829795E+1	2.91775288E+1	-6.12851446E-1
1.75559587E+4	3.41414613E+1	1.77504642E-7	2.35965772E+1	-1.57741063E+1	2.83834705E+1	-5.89264799E-1
1.88246790E+4	3.27504051E+1	1.63868401E-7	2.33441463E+1	-1.48182563E+1	2.76501382E+1	-5.65596981E-1
2.01850863E+4	3.14749304E+1	1.50744653E-7	2.31075626E+1	-1.39050053E+1	2.69686641E+1	-5.41706186E-1
2.16438064E+4	3.03058077E+1	1.38114592E-7	2.28894176E+1	-1.30290701E+1	2.63378481E+1	-5.17478144E-1
2.32079442E+4	2.92509915E+1	1.26226814E-7	2.26772930E+1	-1.22095548E+1	2.57552558E+1	-4.93896984E-1
2.48851178E+4	2.82880497E+1	1.14810763E-7	2.24887555E+1	-1.14200722E+1	2.52222691E+1	-4.69878587E-1
2.66834962E+4	2.74143497E+1	1.04151185E-7	2.23034002E+1	-1.06766675E+1	2.47271743E+1	-4.46463925E-1
2.86118383E+4	2.66141853E+1	9.40977274E-8	2.21288496E+1	-9.96269248E+0	2.42681126E+1	-4.23030904E-1
3.06795364E+4	2.58957861E+1	8.47359764E-8	2.19657421E+1	-9.29119339E+0	2.38499508E+1	-4.00163191E-1
3.28966612E+4	2.52383745E+1	7.59334731E-8	2.18153145E+1	-8.64147409E+0	2.34645066E+1	-3.77156728E-1
3.52740116E+4	2.46411900E+1	6.77650602E-8	2.16728084E+1	-8.02079131E+0	2.31093873E+1	-3.54455138E-1
3.78231664E+4	2.40982834E+1	6.02230387E-8	2.15364668E+1	-7.42781014E+0	2.27813930E+1	-3.32119349E-1
4.05565415E+4	2.36097930E+1	5.32534740E-8	2.14118492E+1	-6.86017142E+0	2.24839792E+1	-3.10057907E-1
4.34874501E+4	2.31667382E+1	4.68676054E-8	2.12926390E+1	-6.31699841E+0	2.22099300E+1	-2.88403796E-1
4.66301673E+4	2.27686740E+1	4.09894191E-8	2.11847410E+1	-5.79267983E+0	2.19624328E+1	-2.66911966E-1
5.00000000E+4	2.24042148E+1	3.56163772E-8	2.10795074E+1	-5.28432837E+0	2.17317695E+1	-2.45623790E-1
5.36133611E+4	2.20751628E+1	3.07194667E-8	2.09803163E+1	-4.79272503E+0	2.15207783E+1	-2.24585426E-1
5.74878498E+4	2.17793119E+1	2.62724099E-8	2.08870798E+1	-4.31695671E+0	2.13285308E+1	-2.03811004E-1
6.16423370E+4	2.15144423E+1	2.22373939E-8	2.08002505E+1	-3.85426456E+0	2.11543326E+1	-1.83220802E-1
6.60970574E+4	2.12748063E+1	1.85884567E-8	2.07160164E+1	-3.40233583E+0	2.09935522E+1	-1.62783724E-1
7.08737081E+4	2.10592974E+1	1.52948070E-8	2.06347699E+1	-2.95973295E+0	2.08459530E+1	-1.42462583E-1
7.59955541E+4	2.08696637E+1	1.23316188E-8	2.05591974E+1	-2.52644464E+0	2.07138489E+1	-1.22273312E-1
8.14875417E+4	2.07023565E+1	9.65671229E-9	2.04877048E+1	-2.09707235E+0	2.05947510E+1	-1.02002369E-1
8.73764200E+4	2.05540196E+1	7.25860057E-9	2.04170444E+1	-1.67230954E+0	2.04854175E+1	-8.17250868E-2
9.36908711E+4	2.04256521E+1	5.10779131E-9	2.03488954E+1	-1.24976133E+0	2.03872376E+1	-6.13396176E-2
1.00461650E+5	2.03180960E+1	3.18050309E-9	2.02843453E+1	-8.27408472E-1	2.03012137E+1	-4.07678950E-2
1.07721735E+5	2.02307177E+1	1.45614312E-9	2.02226778E+1	-4.03215477E-1	2.02266973E+1	-1.99361365E-2
1.15506485E+5	2.01622828E+1	-8.17060721E-11	2.01622535E+1	2.41055018E-2	2.01622681E+1	1.19557955E-3
1.23853818E+5	2.01125551E+1	-1.45610711E-9	2.01021138E+1	4.58132966E-1	2.01073338E+1	2.27863441E-2
1.32804389E+5	2.00854398E+1	-2.67160979E-9	2.00452427E+1	8.97547542E-1	2.00653312E+1	4.47462173E-2
1.42401793E+5	2.00785449E+1	-3.74991830E-9	1.99878327E+1	1.34652684E+0	2.00331374E+1	6.72656943E-2
1.52692775E+5	2.00935178E+1	-4.70136624E-9	1.99298133E+1	1.80626571E+0	2.00114981E+1	9.03844076E-2
1.63727458E+5	2.01347181E+1	-5.53665408E-9	1.98733455E+1	2.27911019E+0	2.00036049E+1	1.14182925E-1
1.75559587E+5	2.02036214E+1	-6.26694015E-9	1.98170603E+1	2.76776018E+0	2.00094074E+1	1.38767876E-1
1.88246790E+5	2.02629039E+1	-6.79719310E-9	1.97287400E+1	3.21189331E+0	1.99938923E+1	1.61390700E-1
2.01850863E+5	2.04338924E+1	-7.43730207E-9	1.97019718E+1	3.79740313E+0	2.00645950E+1	1.90407348E-1
2.16438064E+5	2.06034321E+1	-7.89282733E-9	1.96427624E+1	4.34398450E+0	2.01173637E+1	2.17646340E-1
2.32079442E+5	2.08148807E+1	-8.27125217E-9	1.95807724E+1	4.91576954E+0	2.01883987E+1	2.45967457E-1
2.48851178E+5	2.10776134E+1	-8.57282098E-9	1.95195025E+1	5.51484712E+0	2.02836024E+1	2.75353331E-1
2.66834962E+5	2.13914393E+1	-8.80625436E-9	1.94512033E+1	6.14327924E+0	2.03982654E+1	3.05915991E-1
2.86118383E+5	2.17675808E+1	-8.96910937E-9	1.93801660E+1	6.80209307E+0	2.05392144E+1	3.37549552E-1
3.06795364E+5	2.22183408E+1	-9.06945717E-9	1.93054557E+1	7.49897047E+0	2.07107506E+1	3.70499467E-1
3.28966612E+5	2.27495892E+1	-9.10660306E-9	1.92244416E+1	8.23218968E+0	2.09128702E+1	4.04590415E-1
3.52740116E+5	2.33765908E+1	-9.08818829E-9	1.91343102E+1	9.00961017E+0	2.11493483E+1	4.40066287E-1
3.78231664E+5	2.41146710E+1	-9.01061579E-9	1.90380975E+1	9.83098346E+0	2.14265593E+1	4.76669387E-1
4.05565415E+5	2.49891584E+1	-8.87163682E-9	1.89433953E+1	1.07017248E+1	2.17572842E+1	5.14234779E-1
4.34874501E+5	2.59872705E+1	-8.69539101E-9	1.88145822E+1	1.16168336E+1	2.21119775E+1	5.53142833E-1
4.66301673E+5	2.71875751E+1	-8.47154172E-9	1.86809376E+1	1.26059985E+1	2.25363962E+1	5.93616472E-1
5.00000000E+5	2.85728615E+1	-8.20081555E-9	1.85309069E+1	1.36413436E+1	2.30104529E+1	6.34571497E-1
