Start time:20240904_09-45-51	sweep/start:500.000	sweep/stop:500000.000	sweep/samplecount:100.000	sweep/xmapping:1.000	sweep/scan:0.000	sweep/averaging/sample:10.000	sweep/settling/time:0.100	sweep/settling/inaccuracy:0.010	sweep/awgcontrol:0.000	sweep/averaging/time:0.100	sweep/averaging/tc:15.000	sweep/bandwidthcontrol:2.000	sweep/sincfilter:0.000	sweep/omegasuppression:80.000	sweep/maxbandwidth:100.000	sweep/bandwidth:1250000.000	sweep/order:8.000	sweep/bandwidthoverlap:1.000																				
Frequency	Param0		Param1		RealZ		ImagZ		AbsZ		PhaseZ		
5.00000000E+2	1.05458073E+3	7.70215991E-7	1.40394584E+2	-3.58255151E+2	3.84782271E+2	-1.19730571E+0
5.36133611E+2	9.57751999E+2	7.53891363E-7	1.38483254E+2	-3.36830629E+2	3.64187456E+2	-1.18072681E+0
5.74878498E+2	8.71885501E+2	7.36957253E-7	1.36517856E+2	-3.16844975E+2	3.45004167E+2	-1.16396735E+0
6.16423370E+2	7.95460638E+2	7.19362798E-7	1.34552054E+2	-2.98205549E+2	3.27155643E+2	-1.14694017E+0
6.60970574E+2	7.27207108E+2	7.00939542E-7	1.32671266E+2	-2.80851880E+2	3.10611416E+2	-1.12948071E+0
7.08737081E+2	6.66519397E+2	6.81824777E-7	1.30806929E+2	-2.64716548E+2	2.95271593E+2	-1.11184801E+0
7.59955541E+2	6.12297544E+2	6.62113710E-7	1.28976253E+2	-2.49673667E+2	2.81019252E+2	-1.09397340E+0
8.14875417E+2	5.63983113E+2	6.41945031E-7	1.27133960E+2	-2.35665725E+2	2.67771142E+2	-1.07607558E+0
8.73764200E+2	5.20898160E+2	6.21177688E-7	1.25347708E+2	-2.22668656E+2	2.55525696E+2	-1.05807741E+0
9.36908711E+2	4.82410191E+2	6.00183795E-7	1.23534513E+2	-2.10555270E+2	2.44119438E+2	-1.04020751E+0
1.00461650E+3	4.48045650E+2	5.78879651E-7	1.21742021E+2	-1.99310943E+2	2.33550797E+2	-1.02246288E+0
1.07721735E+3	4.17315036E+2	5.57574572E-7	1.19908535E+2	-1.88842707E+2	2.23695390E+2	-1.00506314E+0
1.15506485E+3	3.89820337E+2	5.36202455E-7	1.18083551E+2	-1.79130236E+2	2.14549219E+2	-9.87977284E-1
1.23853818E+3	3.65211705E+2	5.15012291E-7	1.16220168E+2	-1.70111238E+2	2.06021752E+2	-9.71434058E-1
1.32804389E+3	3.43104444E+2	4.94048236E-7	1.14342521E+2	-1.61731917E+2	1.98069245E+2	-9.55395818E-1
1.42401793E+3	3.23226636E+2	4.73461410E-7	1.12431243E+2	-1.53947992E+2	1.90632553E+2	-9.40010080E-1
1.52692775E+3	3.05354454E+2	4.53329613E-7	1.10486142E+2	-1.46731885E+2	1.83677528E+2	-9.25390879E-1
1.63727458E+3	2.89163514E+2	4.33812714E-7	1.08491635E+2	-1.40004952E+2	1.77120924E+2	-9.11540715E-1
1.75559587E+3	2.74487271E+2	4.14895649E-7	1.06469349E+2	-1.33748859E+2	1.70951690E+2	-8.98475115E-1
1.88246790E+3	2.61173721E+2	3.96696244E-7	1.04397512E+2	-1.27933752E+2	1.65123850E+2	-8.86358398E-1
2.01850863E+3	2.49026587E+2	3.79266824E-7	1.02276557E+2	-1.22511579E+2	1.59591922E+2	-8.75174383E-1
2.16438064E+3	2.37921995E+2	3.62624653E-7	1.00109827E+2	-1.17457871E+2	1.54331880E+2	-8.64966119E-1
2.32079442E+3	2.27668484E+2	3.46787101E-7	9.79027959E+1	-1.12713898E+2	1.49296285E+2	-8.55605124E-1
2.48851178E+3	2.18186209E+2	3.31784017E-7	9.56468864E+1	-1.08261275E+2	1.44460482E+2	-8.47182520E-1
2.66834962E+3	2.09415784E+2	3.17570945E-7	9.33552816E+1	-1.04090630E+2	1.39821560E+2	-8.39715771E-1
2.86118383E+3	2.01188780E+2	3.04170579E-7	9.10232737E+1	-1.00138025E+2	1.35325019E+2	-8.33043023E-1
3.06795364E+3	1.93473175E+2	2.91495132E-7	8.86740149E+1	-9.64000072E+1	1.30981078E+2	-8.27119358E-1
3.28966612E+3	1.86186166E+2	2.79572210E-7	8.62944937E+1	-9.28444970E+1	1.26755042E+2	-8.21945689E-1
3.52740116E+3	1.79291671E+2	2.68312156E-7	8.39080295E+1	-8.94620188E+1	1.22654028E+2	-8.17422665E-1
3.78231664E+3	1.72716904E+2	2.57714088E-7	8.15095360E+1	-8.62222122E+1	1.18651062E+2	-8.13487284E-1
4.05565415E+3	1.66403143E+2	2.47722331E-7	7.91113195E+1	-8.31009654E+1	1.14736096E+2	-8.09988420E-1
4.34874501E+3	1.60355446E+2	2.38266186E-7	7.67293880E+1	-8.01035315E+1	1.10923284E+2	-8.06909096E-1
4.66301673E+3	1.54518366E+2	2.29253571E-7	7.43887228E+1	-7.72058373E+1	1.07212050E+2	-8.03979246E-1
5.00000000E+3	1.48871966E+2	2.20718344E-7	7.20713139E+1	-7.43984055E+1	1.03582806E+2	-8.01284691E-1
5.36133611E+3	1.43412502E+2	2.12605061E-7	6.97892039E+1	-7.16806182E+1	1.00043211E+2	-7.98767106E-1
5.74878498E+3	1.38094254E+2	2.04883266E-7	6.75468399E+1	-6.90308238E+1	9.65806934E+1	-7.96263228E-1
6.16423370E+3	1.32947249E+2	1.97475444E-7	6.53638171E+1	-6.64643576E+1	9.32198453E+1	-7.93746266E-1
6.60970574E+3	1.27940948E+2	1.90369043E-7	6.32387496E+1	-6.39662875E+1	8.99490161E+1	-7.91117513E-1
7.08737081E+3	1.23062325E+2	1.83528562E-7	6.11778433E+1	-6.15301464E+1	8.67680098E+1	-7.88269226E-1
7.59955541E+3	1.18311051E+2	1.76955241E-7	5.91750317E+1	-5.91555211E+1	8.36723380E+1	-7.85233280E-1
8.14875417E+3	1.13707608E+2	1.70576389E-7	5.72492109E+1	-5.68524271E+1	8.06825306E+1	-7.81920721E-1
8.73764200E+3	1.09223025E+2	1.64401008E-7	5.53920003E+1	-5.46059325E+1	7.77822712E+1	-7.78252075E-1
9.36908711E+3	1.04868544E+2	1.58420667E-7	5.36010717E+1	-5.24212874E+1	7.49737708E+1	-7.74270931E-1
1.00461650E+4	1.00643669E+2	1.52596962E-7	5.18841305E+1	-5.02975761E+1	7.22620869E+1	-7.69872616E-1
1.07721735E+4	9.65499176E+1	1.46920559E-7	5.02393897E+1	-4.82349722E+1	6.96463128E+1	-7.65046259E-1
1.15506485E+4	9.25872661E+1	1.41382300E-7	4.86651553E+1	-4.62328470E+1	6.71250593E+1	-7.59773004E-1
1.23853818E+4	8.87551117E+1	1.35949412E-7	4.71675590E+1	-4.42897633E+1	6.47021010E+1	-7.53942540E-1
1.32804389E+4	8.50474640E+1	1.30666852E-7	4.57273763E+1	-4.24028812E+1	6.23618260E+1	-7.47693521E-1
1.42401793E+4	8.14660293E+1	1.25474974E-7	4.43597654E+1	-4.05712336E+1	6.01150054E+1	-7.40820541E-1
1.52692775E+4	7.80148570E+1	1.20386972E-7	4.30565869E+1	-3.87966909E+1	5.79573396E+1	-7.33402003E-1
1.63727458E+4	7.46993117E+1	1.15383230E-7	4.18207352E+1	-3.70810660E+1	5.58925737E+1	-7.25399803E-1
1.75559587E+4	7.15117194E+1	1.10476294E-7	4.06442670E+1	-3.54201087E+1	5.39123459E+1	-7.16825079E-1
1.88246790E+4	6.84425856E+1	1.05674544E-7	3.95204451E+1	-3.38085068E+1	5.20084718E+1	-7.07660385E-1
2.01850863E+4	6.55052434E+1	1.00901000E-7	3.84716071E+1	-3.22494449E+1	5.02005147E+1	-6.97642362E-1
2.16438064E+4	6.27048591E+1	9.62193875E-8	3.74756417E+1	-3.07486650E+1	4.84758140E+1	-6.87114980E-1
2.32079442E+4	6.00030543E+1	9.16655674E-8	3.65144521E+1	-2.92860373E+1	4.68078848E+1	-6.75983383E-1
2.48851178E+4	5.74716394E+1	8.71677075E-8	3.56178854E+1	-2.78995023E+1	4.52439764E+1	-6.64475030E-1
2.66834962E+4	5.50213262E+1	8.27364604E-8	3.47684556E+1	-2.65360219E+1	4.37379278E+1	-6.51909161E-1
2.86118383E+4	5.27009635E+1	7.83798440E-8	3.39690926E+1	-2.52250757E+1	4.23108004E+1	-6.38741183E-1
3.06795364E+4	5.04972016E+1	7.40956021E-8	3.32173019E+1	-2.39581194E+1	4.09558389E+1	-6.24848580E-1
3.28966612E+4	4.84069634E+1	6.99022333E-8	3.25059674E+1	-2.27349319E+1	3.96675577E+1	-6.10328497E-1
3.52740116E+4	4.64427742E+1	6.58141326E-8	3.18335016E+1	-2.15653455E+1	3.84504365E+1	-5.95425276E-1
3.78231664E+4	4.45722517E+1	6.18220505E-8	3.11947946E+1	-2.04280910E+1	3.72883655E+1	-5.79781202E-1
4.05565415E+4	4.28109632E+1	5.78950513E-8	3.06030931E+1	-1.93286927E+1	3.61959643E+1	-5.63326143E-1
4.34874501E+4	4.11563568E+1	5.41047843E-8	3.00368179E+1	-1.82755435E+1	3.51597209E+1	-5.46600869E-1
4.66301673E+4	3.95970280E+1	5.03944599E-8	2.95101639E+1	-1.72529690E+1	3.41835452E+1	-5.29052512E-1
5.00000000E+4	3.81319640E+1	4.68192111E-8	2.90070319E+1	-1.62692056E+1	3.32580075E+1	-5.11151228E-1
5.36133611E+4	3.67566866E+1	4.33540413E-8	2.85341963E+1	-1.53173801E+1	3.23855293E+1	-4.92658479E-1
5.74878498E+4	3.54687437E+1	4.00111443E-8	2.80881865E+1	-1.43981402E+1	3.15634707E+1	-4.73680557E-1
6.16423370E+4	3.42613663E+1	3.67898843E-8	2.76673288E+1	-1.35070123E+1	3.07883173E+1	-4.54157935E-1
6.60970574E+4	3.31319125E+1	3.36972298E-8	2.72694309E+1	-1.26438334E+1	3.00580837E+1	-4.34158027E-1
7.08737081E+4	3.20748590E+1	3.07353072E-8	2.68921160E+1	-1.18057154E+1	2.93693859E+1	-4.13671147E-1
7.59955541E+4	3.10902738E+1	2.79041794E-8	2.65365364E+1	-1.09927429E+1	2.87233038E+1	-3.92729633E-1
8.14875417E+4	3.01672016E+1	2.52050190E-8	2.61967991E+1	-1.01986189E+1	2.81119924E+1	-3.71255140E-1
8.73764200E+4	2.93075662E+1	2.26373488E-8	2.58748582E+1	-9.42448015E+0	2.75377762E+1	-3.49297959E-1
9.36908711E+4	2.85087455E+1	2.01955824E-8	2.55712618E+1	-8.66689987E+0	2.70000851E+1	-3.26780198E-1
1.00461650E+5	2.77629648E+1	1.78835858E-8	2.52799594E+1	-7.92276888E+0	2.64923880E+1	-3.03705654E-1
1.07721735E+5	2.70686851E+1	1.57047969E-8	2.49990714E+1	-7.19294194E+0	2.60133041E+1	-2.80160742E-1
1.15506485E+5	2.64254791E+1	1.36404822E-8	2.47328862E+1	-6.47013916E+0	2.55651788E+1	-2.55866774E-1
1.23853818E+5	2.58312301E+1	1.16970011E-8	2.44779347E+1	-5.75550789E+0	2.51454800E+1	-2.30935583E-1
1.32804389E+5	2.52839398E+1	9.86356174E-9	2.42344506E+1	-5.04317312E+0	2.47536337E+1	-2.05171108E-1
1.42401793E+5	2.47839860E+1	8.14931841E-9	2.40002122E+1	-4.33713414E+0	2.43889509E+1	-1.78782821E-1
1.52692775E+5	2.43288044E+1	6.53694210E-9	2.37753089E+1	-3.62760441E+0	2.40504644E+1	-1.51410891E-1
1.63727458E+5	2.39190726E+1	5.03254918E-9	2.35578266E+1	-2.91721848E+0	2.37377624E+1	-1.23205039E-1
1.75559587E+5	2.35554149E+1	3.62870145E-9	2.33478564E+1	-2.20137180E+0	2.34514060E+1	-9.40079094E-2
1.88246790E+5	2.32623217E+1	2.34979590E-9	2.31577633E+1	-1.49668066E+0	2.32099675E+1	-6.45405970E-2
2.01850863E+5	2.29728397E+1	1.10913070E-9	2.29488742E+1	-7.41599027E-1	2.29608538E+1	-3.23040308E-2
2.16438064E+5	2.27566184E+1	-7.03562335E-12	2.27566169E+1	4.95505561E-3	2.27566176E+1	2.17737040E-4
2.32079442E+5	2.25945892E+1	-1.03749591E-9	2.25682186E+1	7.71444830E-1	2.25814001E+1	3.41694838E-2
2.48851178E+5	2.24939408E+1	-1.97363416E-9	2.23860752E+1	1.55392389E+0	2.24399432E+1	6.93035832E-2
2.66834962E+5	2.24558222E+1	-2.82604473E-9	2.22044579E+1	2.36249416E+0	2.23297863E+1	1.05998506E-1
2.86118383E+5	2.24844813E+1	-3.58446134E-9	2.20221796E+1	3.19074924E+0	2.22521299E+1	1.43886715E-1
3.06795364E+5	2.25945015E+1	-4.25769880E-9	2.18433418E+1	4.05065651E+0	2.22157471E+1	1.83358379E-1
3.28966612E+5	2.27901284E+1	-4.84113316E-9	2.16634997E+1	4.94030793E+0	2.22196745E+1	2.24213252E-1
3.52740116E+5	2.30847432E+1	-5.34008744E-9	2.14812185E+1	5.86903777E+0	2.22685520E+1	2.66708009E-1
3.78231664E+5	2.34874428E+1	-5.75247920E-9	2.12922219E+1	6.83674575E+0	2.23629122E+1	3.10692514E-1
4.05565415E+5	2.40042058E+1	-6.07601473E-9	2.10908723E+1	7.83865508E+0	2.25004358E+1	3.55840040E-1
4.34874501E+5	2.46846126E+1	-6.30956673E-9	2.08995248E+1	8.89418067E+0	2.27133586E+1	4.02352137E-1
4.66301673E+5	2.55231904E+1	-6.46858799E-9	2.06835887E+1	1.00050017E+1	2.29763165E+1	4.50536389E-1
NaN	NaN	NaN	NaN	NaN	NaN	NaN
