Start time:20240903_06-43-38	sweep/start:500.000	sweep/stop:500000.000	sweep/samplecount:100.000	sweep/xmapping:1.000	sweep/scan:0.000	sweep/averaging/sample:10.000	sweep/settling/time:0.100	sweep/settling/inaccuracy:0.010	sweep/awgcontrol:0.000	sweep/averaging/time:0.100	sweep/averaging/tc:15.000	sweep/bandwidthcontrol:2.000	sweep/sincfilter:0.000	sweep/omegasuppression:80.000	sweep/maxbandwidth:100.000	sweep/bandwidth:1250000.000	sweep/order:8.000	sweep/bandwidthoverlap:1.000																				
Frequency	Param0		Param1		RealZ		ImagZ		AbsZ		PhaseZ		
5.00000000E+2	2.16733153E+3	9.13905322E-7	5.45632023E+1	-3.39527879E+2	3.43884180E+2	-1.41145555E+0
5.36133611E+2	1.95548804E+3	9.08720515E-7	5.30915408E+1	-3.17806377E+2	3.22210509E+2	-1.40526862E+0
5.74878498E+2	1.76299692E+3	9.03480780E-7	5.16980050E+1	-2.97440067E+2	3.01899456E+2	-1.39870568E+0
6.16423370E+2	1.59053339E+3	8.97678586E-7	5.03644318E+1	-2.78513157E+2	2.83030316E+2	-1.39189642E+0
6.60970574E+2	1.43394625E+3	8.91782536E-7	4.91014358E+1	-2.60763772E+2	2.65346377E+2	-1.38467708E+0
7.08737081E+2	1.29240099E+3	8.85542541E-7	4.79124191E+1	-2.44185096E+2	2.48841244E+2	-1.37704424E+0
7.59955541E+2	1.16512509E+3	8.78920349E-7	4.67733809E+1	-2.28711634E+2	2.33445420E+2	-1.36906984E+0
8.14875417E+2	1.05031063E+3	8.72014997E-7	4.56855613E+1	-2.14235378E+2	2.19052438E+2	-1.36069404E+0
8.73764200E+2	9.46871309E+2	8.64651240E-7	4.46578366E+1	-2.00725820E+2	2.05633605E+2	-1.35188004E+0
9.36908711E+2	8.53440514E+2	8.56989803E-7	4.36821196E+1	-1.88074271E+2	1.93080451E+2	-1.34258260E+0
1.00461650E+3	7.69484000E+2	8.48909465E-7	4.27460313E+1	-1.76253072E+2	1.81362536E+2	-1.33286387E+0
1.07721735E+3	6.94306561E+2	8.40271628E-7	4.18453019E+1	-1.65234418E+2	1.70450707E+2	-1.32276297E+0
1.15506485E+3	6.26681165E+2	8.31300654E-7	4.09731492E+1	-1.54913815E+2	1.60240725E+2	-1.31222722E+0
1.23853818E+3	5.65865838E+2	8.21745717E-7	4.01487327E+1	-1.45282032E+2	1.50727536E+2	-1.30117519E+0
1.32804389E+3	5.11403497E+2	8.11753908E-7	3.93404502E+1	-1.36276077E+2	1.41840898E+2	-1.28975509E+0
1.42401793E+3	4.62614388E+2	8.01115532E-7	3.85653544E+1	-1.27881127E+2	1.33569722E+2	-1.27789792E+0
1.52692775E+3	4.18942686E+2	7.89421940E-7	3.78532190E+1	-1.20106021E+2	1.25929834E+2	-1.26548537E+0
1.63727458E+3	3.79126291E+2	7.78510150E-7	3.70989676E+1	-1.12644815E+2	1.18596747E+2	-1.25263987E+0
1.75559587E+3	3.43828147E+2	7.66434568E-7	3.63850519E+1	-1.05765444E+2	1.11849012E+2	-1.23946197E+0
1.88246790E+3	3.12093887E+2	7.53855690E-7	3.56926124E+1	-9.93251202E+1	1.05543558E+2	-1.22581514E+0
2.01850863E+3	2.83610055E+2	7.40728386E-7	3.50189772E+1	-9.33027462E+1	9.96580732E+1	-1.21173959E+0
2.16438064E+3	2.57944301E+2	7.27107264E-7	3.43677064E+1	-8.76573610E+1	9.41538763E+1	-1.19714592E+0
2.32079442E+3	2.34917547E+2	7.12898122E-7	3.37343825E+1	-8.23819674E+1	8.90213305E+1	-1.18213795E+0
2.48851178E+3	2.14258091E+2	6.98212227E-7	3.31091072E+1	-7.74446861E+1	8.42252495E+1	-1.16679364E+0
2.66834962E+3	1.95571212E+2	6.83097696E-7	3.25045753E+1	-7.28039210E+1	7.97305366E+1	-1.15088403E+0
2.86118383E+3	1.78789908E+2	6.67483431E-7	3.19110494E+1	-6.84620924E+1	7.55339212E+1	-1.13462418E+0
3.06795364E+3	1.63668092E+2	6.51327835E-7	3.13381603E+1	-6.43970179E+1	7.16174304E+1	-1.11789379E+0
3.28966612E+3	1.50016176E+2	6.34788708E-7	3.07767052E+1	-6.05788540E+1	6.79485337E+1	-1.10073448E+0
3.52740116E+3	1.37672253E+2	6.17794992E-7	3.02346694E+1	-5.69942039E+1	6.45172429E+1	-1.08305782E+0
3.78231664E+3	1.26499532E+2	6.00435386E-7	2.97068538E+1	-5.36228072E+1	6.13017351E+1	-1.06488988E+0
4.05565415E+3	1.16429949E+2	5.82687841E-7	2.91899227E+1	-5.04631428E+1	5.82973463E+1	-1.04638031E+0
4.34874501E+3	1.07272933E+2	5.64538567E-7	2.86968998E+1	-4.74856632E+1	5.54833341E+1	-1.02720080E+0
4.66301673E+3	9.90012241E+1	5.45979254E-7	2.82215796E+1	-4.46935448E+1	5.28580233E+1	-1.00757479E+0
5.00000000E+3	9.14958349E+1	5.27175094E-7	2.77578676E+1	-4.20622123E+1	5.03957243E+1	-9.87476200E-1
5.36133611E+3	8.47015698E+1	5.08030098E-7	2.73125054E+1	-3.95908956E+1	4.80979418E+1	-9.66902545E-1
5.74878498E+3	7.85311719E+1	4.88637119E-7	2.68833381E+1	-3.72621248E+1	4.59475777E+1	-9.45808773E-1
6.16423370E+3	7.29377084E+1	4.68973170E-7	2.64730744E+1	-3.50722340E+1	4.39418401E+1	-9.24220264E-1
6.60970574E+3	6.78544127E+1	4.49112586E-7	2.60804490E+1	-3.30073268E+1	4.20674872E+1	-9.02095823E-1
7.08737081E+3	6.32285496E+1	4.29160126E-7	2.57011749E+1	-3.10563610E+1	4.03118838E+1	-8.79471652E-1
7.59955541E+3	5.90421230E+1	4.09004358E-7	2.53444878E+1	-2.92241209E+1	3.86832306E+1	-8.56375165E-1
8.14875417E+3	5.52385584E+1	3.88892947E-7	2.49979225E+1	-2.74945976E+1	3.71597781E+1	-8.32924834E-1
8.73764200E+3	5.17796641E+1	3.68729009E-7	2.46721919E+1	-2.58611814E+1	3.57423808E+1	-8.08922624E-1
9.36908711E+3	4.86462224E+1	3.48691747E-7	2.43585107E+1	-2.43230845E+1	3.44230956E+1	-7.84670451E-1
1.00461650E+4	4.57958875E+1	3.28770020E-7	2.40622094E+1	-2.28683244E+1	3.31956354E+1	-7.59964239E-1
1.07721735E+4	4.32131983E+1	3.09039847E-7	2.37825663E+1	-2.14967495E+1	3.20580837E+1	-7.34958401E-1
1.15506485E+4	4.08730026E+1	2.89622756E-7	2.35160078E+1	-2.02031474E+1	3.10027390E+1	-7.09766752E-1
1.23853818E+4	3.87504602E+1	2.70558796E-7	2.32642608E+1	-1.89809090E+1	3.00250026E+1	-6.84350791E-1
1.32804389E+4	3.68222030E+1	2.51917809E-7	2.30263806E+1	-1.78232372E+1	2.91184140E+1	-6.58707235E-1
1.42401793E+4	3.50861294E+1	2.33761499E-7	2.28050129E+1	-1.67353208E+1	2.82867392E+1	-6.33080819E-1
1.52692775E+4	3.34940941E+1	2.16225838E-7	2.25887294E+1	-1.56951654E+1	2.75061628E+1	-6.07242895E-1
1.63727458E+4	3.20721614E+1	1.99261019E-7	2.23933299E+1	-1.47221259E+1	2.67992987E+1	-5.81583136E-1
1.75559587E+4	3.07764568E+1	1.83168329E-7	2.21943965E+1	-1.38011873E+1	2.61355054E+1	-5.56317970E-1
1.88246790E+4	2.95992860E+1	1.67484178E-7	2.20262983E+1	-1.29152824E+1	2.55335585E+1	-5.30327673E-1
2.01850863E+4	2.85510813E+1	1.52806965E-7	2.18587347E+1	-1.20948684E+1	2.49818018E+1	-5.05388206E-1
2.16438064E+4	2.75915802E+1	1.38850865E-7	2.17010026E+1	-1.13062447E+1	2.44696730E+1	-4.80306817E-1
2.32079442E+4	2.67173956E+1	1.25742907E-7	2.15464913E+1	-1.05553006E+1	2.39930415E+1	-4.55522631E-1
2.48851178E+4	2.59408888E+1	1.13549205E-7	2.14012589E+1	-9.85660750E+0	2.35619924E+1	-4.31602283E-1
2.66834962E+4	2.52343832E+1	1.01935677E-7	2.12771065E+1	-9.17600762E+0	2.31714181E+1	-4.07162699E-1
2.86118383E+4	2.45983743E+1	9.12344992E-8	2.11549226E+1	-8.53498064E+0	2.28117666E+1	-3.83478057E-1
3.06795364E+4	2.40274591E+1	8.13334945E-8	2.10414695E+1	-7.92650912E+0	2.24849514E+1	-3.60268053E-1
3.28966612E+4	2.35099023E+1	7.22389439E-8	2.09306633E+1	-7.34745467E+0	2.21828275E+1	-3.37599065E-1
3.52740116E+4	2.30350069E+1	6.38667513E-8	2.08213694E+1	-6.78902181E+0	2.19002369E+1	-3.15190568E-1
3.78231664E+4	2.26171201E+1	5.61531399E-8	2.07288085E+1	-6.25638304E+0	2.16523888E+1	-2.93126303E-1
4.05565415E+4	2.22352631E+1	4.91365216E-8	2.06357184E+1	-5.74522381E+0	2.14205652E+1	-2.71535197E-1
4.34874501E+4	2.18965624E+1	4.27580555E-8	2.05515663E+1	-5.25753841E+0	2.12134074E+1	-2.50450475E-1
4.66301673E+4	2.15898582E+1	3.69245337E-8	2.04729815E+1	-4.78181450E+0	2.10240045E+1	-2.29453581E-1
5.00000000E+4	2.13118658E+1	3.16791647E-8	2.03943726E+1	-4.32569083E+0	2.08480725E+1	-2.09004703E-1
5.36133611E+4	2.10620047E+1	2.69455403E-8	2.03193461E+1	-3.88462633E+0	2.06873430E+1	-1.88899334E-1
5.74878498E+4	2.08380436E+1	2.26477959E-8	2.02496134E+1	-3.45187868E+0	2.05417216E+1	-1.68843425E-1
6.16423370E+4	2.06392912E+1	1.88031929E-8	2.01832928E+1	-3.03373316E+0	2.04100186E+1	-1.49192256E-1
6.60970574E+4	2.04615790E+1	1.53450988E-8	2.01194746E+1	-2.62353857E+0	2.02898058E+1	-1.29666337E-1
7.08737081E+4	2.03051068E+1	1.22399558E-8	2.00593988E+1	-2.22007698E+0	2.01818789E+1	-1.10226559E-1
7.59955541E+4	2.01661694E+1	9.46006655E-9	2.00002078E+1	-1.82188180E+0	2.00830172E+1	-9.08424231E-2
8.14875417E+4	2.00476688E+1	6.97241951E-9	1.99455082E+1	-1.42745841E+0	1.99965233E+1	-7.14461071E-2
8.73764200E+4	1.99461366E+1	4.75658041E-9	1.98921679E+1	-1.03611952E+0	1.99191340E+1	-5.20397791E-2
9.36908711E+4	1.98596723E+1	2.77684866E-9	1.98387636E+1	-6.44044814E-1	1.98492152E+1	-3.24525595E-2
1.00461650E+5	1.97908852E+1	1.02376035E-9	1.97876483E+1	-2.53068370E-1	1.97892667E+1	-1.27885119E-2
1.07721735E+5	1.97385668E+1	-5.51446828E-10	1.97374954E+1	1.45410055E-1	1.97380311E+1	7.36706616E-3
1.15506485E+5	1.97058180E+1	-1.93909203E-9	1.96906746E+1	5.46059172E-1	1.96982449E+1	2.77247617E-2
1.23853818E+5	1.96893890E+1	-3.16969377E-9	1.96430561E+1	9.53998985E-1	1.96662089E+1	4.85285950E-2
1.32804389E+5	1.96906620E+1	-4.25579865E-9	1.95948461E+1	1.37017125E+0	1.96426956E+1	6.98114940E-2
1.42401793E+5	1.97124698E+1	-5.20892640E-9	1.95474786E+1	1.79587170E+0	1.96298008E+1	9.16151145E-2
1.52692775E+5	1.97585346E+1	-6.04718590E-9	1.95022642E+1	2.23558621E+0	1.96299812E+1	1.14133951E-1
1.63727458E+5	1.98266854E+1	-6.77101615E-9	1.94556153E+1	2.68689266E+0	1.96402741E+1	1.37235622E-1
1.75559587E+5	1.99226210E+1	-7.40696218E-9	1.94083743E+1	3.15922221E+0	1.96638166E+1	1.61361026E-1
1.88246790E+5	2.00688349E+1	-7.97700523E-9	1.93640111E+1	3.66448776E+0	1.97130812E+1	1.87034361E-1
2.01850863E+5	2.02043513E+1	-8.39755121E-9	1.93102156E+1	4.15523096E+0	1.97522247E+1	2.11951108E-1
2.16438064E+5	2.03986850E+1	-8.76761550E-9	1.92593880E+1	4.68424551E+0	1.98208524E+1	2.38586258E-1
2.32079442E+5	2.06373237E+1	-9.06977644E-9	1.92065143E+1	5.24221774E+0	1.99090696E+1	2.66449633E-1
2.48851178E+5	2.09236124E+1	-9.29848910E-9	1.91513175E+1	5.82595693E+0	2.00178606E+1	2.95311566E-1
2.66834962E+5	2.12651078E+1	-9.46285851E-9	1.90920185E+1	6.44116409E+0	2.01492885E+1	3.25383352E-1
2.86118383E+5	2.16689695E+1	-9.56441503E-9	1.90276018E+1	7.08934857E+0	2.03053815E+1	3.56649402E-1
3.06795364E+5	2.21467624E+1	-9.60384945E-9	1.89596404E+1	7.77345925E+0	2.04913310E+1	3.89097536E-1
3.28966612E+5	2.27097339E+1	-9.58496780E-9	1.88865768E+1	8.49742949E+0	2.07101213E+1	4.22786569E-1
3.52740116E+5	2.33648403E+1	-9.51308390E-9	1.88019428E+1	9.26235932E+0	2.09595893E+1	4.57732412E-1
3.78231664E+5	2.41338101E+1	-9.38443034E-9	1.87127816E+1	1.00718645E+1	2.12511341E+1	4.93765327E-1
4.05565415E+5	2.50351044E+1	-9.19556703E-9	1.86253284E+1	1.09262883E+1	2.15936781E+1	5.30534884E-1
4.34874501E+5	2.60913447E+1	-8.98345081E-9	1.85022330E+1	1.18496960E+1	2.19715288E+1	5.69630158E-1
4.66301673E+5	2.73200712E+1	-8.71661730E-9	1.83750435E+1	1.28204908E+1	2.24055217E+1	6.09188815E-1
NaN	NaN	NaN	NaN	NaN	NaN	NaN
