Start time:20240904_07-36-34	sweep/start:500.000	sweep/stop:500000.000	sweep/samplecount:100.000	sweep/xmapping:1.000	sweep/scan:0.000	sweep/averaging/sample:10.000	sweep/settling/time:0.100	sweep/settling/inaccuracy:0.010	sweep/awgcontrol:0.000	sweep/averaging/time:0.100	sweep/averaging/tc:15.000	sweep/bandwidthcontrol:2.000	sweep/sincfilter:0.000	sweep/omegasuppression:80.000	sweep/maxbandwidth:100.000	sweep/bandwidth:1250000.000	sweep/order:8.000	sweep/bandwidthoverlap:1.000																				
Frequency	Param0		Param1		RealZ		ImagZ		AbsZ		PhaseZ		
5.00000000E+2	1.01312269E+3	7.57804150E-7	1.48605818E+2	-3.58430194E+2	3.88015333E+2	-1.17776587E+0
5.36133611E+2	9.23062124E+2	7.40670995E-7	1.46420688E+2	-3.37218436E+2	3.67634747E+2	-1.16115794E+0
5.74878498E+2	8.42873542E+2	7.22853667E-7	1.44247291E+2	-3.17450488E+2	3.48686271E+2	-1.14429516E+0
6.16423370E+2	7.70764546E+2	7.04163649E-7	1.42237891E+2	-2.98998730E+2	3.31107038E+2	-1.12676556E+0
6.60970574E+2	7.06905217E+2	6.84726706E-7	1.40233248E+2	-2.81897500E+2	3.14851671E+2	-1.10918130E+0
7.08737081E+2	6.49894188E+2	6.64723123E-7	1.38251545E+2	-2.65961156E+2	2.99747955E+2	-1.09141987E+0
7.59955541E+2	5.99108835E+2	6.44200681E-7	1.36279637E+2	-2.51145681E+2	2.85738171E+2	-1.07362765E+0
8.14875417E+2	5.53740485E+2	6.23299332E-7	1.34310870E+2	-2.37347690E+2	2.72714765E+2	-1.05584119E+0
8.73764200E+2	5.13260127E+2	6.02108406E-7	1.32333261E+2	-2.24520102E+2	2.60617292E+2	-1.03820370E+0
9.36908711E+2	4.77115964E+2	5.80691521E-7	1.30357051E+2	-2.12608699E+2	2.49390101E+2	-1.02077736E+0
1.00461650E+3	4.44707776E+2	5.59198541E-7	1.28379609E+2	-2.01519426E+2	2.38938078E+2	-1.00357288E+0
1.07721735E+3	4.15776359E+2	5.37799760E-7	1.26357227E+2	-1.91233345E+2	2.29208078E+2	-9.86901836E-1
1.15506485E+3	3.89710374E+2	5.16530381E-7	1.24338729E+2	-1.81647923E+2	2.20127438E+2	-9.70546264E-1
1.23853818E+3	3.66427315E+2	4.95569032E-7	1.22267622E+2	-1.72779690E+2	2.11665287E+2	-9.54954287E-1
1.32804389E+3	3.45402988E+2	4.74988249E-7	1.20176036E+2	-1.64520149E+2	2.03737969E+2	-9.39915979E-1
1.42401793E+3	3.26457474E+2	4.54909038E-7	1.18042069E+2	-1.56849554E+2	1.96305154E+2	-9.25645109E-1
1.52692775E+3	3.09340888E+2	4.35427789E-7	1.15860151E+2	-1.49722095E+2	1.89315295E+2	-9.12214697E-1
1.63727458E+3	2.93787920E+2	4.16575184E-7	1.13646515E+2	-1.43081939E+2	1.82723759E+2	-8.99555539E-1
1.75559587E+3	2.79661612E+2	3.98471696E-7	1.11373818E+2	-1.36904538E+2	1.76485072E+2	-8.87869022E-1
1.88246790E+3	2.66717750E+2	3.81132164E-7	1.09057016E+2	-1.31125924E+2	1.70550407E+2	-8.77024629E-1
2.01850863E+3	2.54876703E+2	3.64572369E-7	1.06695254E+2	-1.25738841E+2	1.64906440E+2	-8.67146696E-1
2.16438064E+3	2.43953054E+2	3.48828559E-7	1.04286600E+2	-1.20686945E+2	1.59502457E+2	-8.58168430E-1
2.32079442E+3	2.33853644E+2	3.33899841E-7	1.01832937E+2	-1.15948503E+2	1.54317863E+2	-8.50122913E-1
2.48851178E+3	2.24443734E+2	3.19782915E-7	9.93376403E+1	-1.11479790E+2	1.49317482E+2	-8.42930164E-1
2.66834962E+3	2.15663024E+2	3.06430488E-7	9.68136229E+1	-1.07267145E+2	1.44496084E+2	-8.36575908E-1
2.86118383E+3	2.07405534E+2	2.93824471E-7	9.42649888E+1	-1.03272412E+2	1.39825176E+2	-8.30965178E-1
3.06795364E+3	1.99616625E+2	2.81938272E-7	9.16954598E+1	-9.94780387E+1	1.35292046E+2	-8.26085209E-1
3.28966612E+3	1.92209058E+2	2.70739893E-7	8.91113955E+1	-9.58497578E+1	1.30874051E+2	-8.21813293E-1
3.52740116E+3	1.85148915E+2	2.60126986E-7	8.65417705E+1	-9.23776821E+1	1.26582442E+2	-8.18004137E-1
3.78231664E+3	1.78401179E+2	2.50120799E-7	8.39721197E+1	-8.90472218E+1	1.22395771E+2	-8.14722328E-1
4.05565415E+3	1.71892899E+2	2.40694491E-7	8.14059547E+1	-8.58264219E+1	1.18292455E+2	-8.11825085E-1
4.34874501E+3	1.65680051E+2	2.31733798E-7	7.88748859E+1	-8.27450721E+1	1.14315331E+2	-8.09339802E-1
4.66301673E+3	1.59613759E+2	2.23190903E-7	7.63921537E+1	-7.97337869E+1	1.10422997E+2	-8.06798336E-1
5.00000000E+3	1.53784135E+2	2.15037489E-7	7.39587755E+1	-7.68360932E+1	1.06647485E+2	-8.04476852E-1
5.36133611E+3	1.48092645E+2	2.07328723E-7	7.15501783E+1	-7.40042360E+1	1.02937141E+2	-8.02256635E-1
5.74878498E+3	1.42568589E+2	1.99940337E-7	6.92035794E+1	-7.12539183E+1	9.93290313E+1	-7.99994700E-1
6.16423370E+3	1.37216059E+2	1.92823229E-7	6.69301460E+1	-6.85875061E+1	9.58326179E+1	-7.97627405E-1
6.60970574E+3	1.32006145E+2	1.85987168E-7	6.47206754E+1	-6.59906119E+1	9.24312003E+1	-7.95113440E-1
7.08737081E+3	1.26946373E+2	1.79400723E-7	6.25803255E+1	-6.34669048E+1	8.91310566E+1	-7.92431755E-1
7.59955541E+3	1.22022456E+2	1.73051590E-7	6.05078288E+1	-6.10091491E+1	8.59262111E+1	-7.89523655E-1
8.14875417E+3	1.17245573E+2	1.66904566E-7	5.85099739E+1	-5.86226761E+1	8.28253301E+1	-7.86360342E-1
8.73764200E+3	1.12600424E+2	1.60943518E-7	5.65870132E+1	-5.62994801E+1	7.98230644E+1	-7.82851074E-1
9.36908711E+3	1.08089978E+2	1.55127792E-7	5.47477816E+1	-5.40404182E+1	7.69265002E+1	-7.78896048E-1
1.00461650E+4	1.03713879E+2	1.49488190E-7	5.29763145E+1	-5.18448551E+1	7.41240784E+1	-7.74604394E-1
1.07721735E+4	9.94738806E+1	1.43999428E-7	5.12764424E+1	-4.97131072E+1	7.14189515E+1	-7.69919231E-1
1.15506485E+4	9.53755592E+1	1.38623129E-7	4.96566705E+1	-4.76471157E+1	6.88188393E+1	-7.64748717E-1
1.23853818E+4	9.14036018E+1	1.33379286E-7	4.81050916E+1	-4.56385650E+1	6.63097169E+1	-7.59092837E-1
1.32804389E+4	8.75757803E+1	1.28237381E-7	4.66280845E+1	-4.36956805E+1	6.39021973E+1	-7.52944092E-1
1.42401793E+4	8.38751532E+1	1.23200793E-7	4.52196420E+1	-4.18089499E+1	6.15857480E+1	-7.46227727E-1
1.52692775E+4	8.03050211E+1	1.18270569E-7	4.38753098E+1	-3.99795484E+1	5.93582970E+1	-7.38973146E-1
1.63727458E+4	7.68713894E+1	1.13418631E-7	4.26009219E+1	-3.82093270E+1	5.72257956E+1	-7.31107049E-1
1.75559587E+4	7.35752323E+1	1.08690430E-7	4.13777762E+1	-3.65001157E+1	5.51758932E+1	-7.22847801E-1
1.88246790E+4	7.03932947E+1	1.03981613E-7	4.02354866E+1	-3.48340848E+1	5.32194344E+1	-7.13570038E-1
2.01850863E+4	6.73664849E+1	9.93894957E-8	3.91417371E+1	-3.32379952E+1	5.13501770E+1	-7.04012013E-1
2.16438064E+4	6.44691904E+1	9.48488780E-8	3.81134902E+1	-3.16939644E+1	4.95696048E+1	-6.93695610E-1
2.32079442E+4	6.16644261E+1	9.03627006E-8	3.71425816E+1	-3.01795218E+1	4.78578682E+1	-6.82335606E-1
2.48851178E+4	5.90216129E+1	8.59993460E-8	3.62124352E+1	-2.87397644E+1	4.62311111E+1	-6.70852913E-1
2.66834962E+4	5.64945480E+1	8.16680802E-8	3.53453118E+1	-2.73409185E+1	4.46857608E+1	-6.58395672E-1
2.86118383E+4	5.40857705E+1	7.74231706E-8	3.45219237E+1	-2.59881015E+1	4.32104706E+1	-6.45290639E-1
3.06795364E+4	5.18107593E+1	7.32546133E-8	3.37471559E+1	-2.46899802E+1	4.18146593E+1	-6.31631569E-1
3.28966612E+4	4.96453096E+1	6.91778024E-8	3.30108145E+1	-2.34332693E+1	4.04824909E+1	-6.17317085E-1
3.52740116E+4	4.75996124E+1	6.51637522E-8	3.23236441E+1	-2.22210446E+1	3.92249013E+1	-6.02256670E-1
3.78231664E+4	4.56682356E+1	6.12467940E-8	3.16734518E+1	-2.10538087E+1	3.80324938E+1	-5.86650028E-1
4.05565415E+4	4.38446947E+1	5.74316701E-8	3.10572954E+1	-1.99284194E+1	3.69011869E+1	-5.70494406E-1
4.34874501E+4	4.21252877E+1	5.37087567E-8	3.04775085E+1	-1.88413152E+1	3.58311844E+1	-5.53697312E-1
4.66301673E+4	4.05168365E+1	5.00830651E-8	2.99356336E+1	-1.77976100E+1	3.48266730E+1	-5.36387193E-1
5.00000000E+4	3.89965760E+1	4.65639384E-8	2.94219210E+1	-1.67840600E+1	3.38726166E+1	-5.18416464E-1
5.36133611E+4	3.75744694E+1	4.31609122E-8	2.89379228E+1	-1.58089751E+1	3.29746431E+1	-5.00003085E-1
5.74878498E+4	3.62387268E+1	3.98715618E-8	2.84809300E+1	-1.48643617E+1	3.21265099E+1	-4.81018260E-1
6.16423370E+4	3.49877981E+1	3.67050607E-8	2.80485360E+1	-1.39512048E+1	3.13266102E+1	-4.61561528E-1
6.60970574E+4	3.38222459E+1	3.36632334E-8	2.76419504E+1	-1.30704020E+1	3.05763445E+1	-4.41689880E-1
7.08737081E+4	3.27287190E+1	3.07470919E-8	2.72554210E+1	-1.22138043E+1	2.98669552E+1	-4.21292631E-1
7.59955541E+4	3.17046651E+1	2.79595241E-8	2.68874908E+1	-1.13807603E+1	2.91968986E+1	-4.00407309E-1
8.14875417E+4	3.07513926E+1	2.52968985E-8	2.65409913E+1	-1.05711026E+1	2.85687319E+1	-3.79034334E-1
8.73764200E+4	2.98610992E+1	2.27614233E-8	2.62114605E+1	-9.78071316E+0	2.79768300E+1	-3.57144645E-1
9.36908711E+4	2.90307435E+1	2.03587826E-8	2.58959683E+1	-9.00988515E+0	2.74185925E+1	-3.34826120E-1
1.00461650E+5	2.82556081E+1	1.80715662E-8	2.55964671E+1	-8.25012756E+0	2.68931914E+1	-3.11801570E-1
1.07721735E+5	2.75371692E+1	1.59150137E-8	2.53101978E+1	-7.50766786E+0	2.64002121E+1	-2.88358699E-1
1.15506485E+5	2.68690276E+1	1.38767085E-8	2.50358219E+1	-6.77464441E+0	2.59362331E+1	-2.64269157E-1
1.23853818E+5	2.62507660E+1	1.19506814E-8	2.47742171E+1	-6.04816801E+0	2.55018073E+1	-2.39447837E-1
1.32804389E+5	2.56804618E+1	1.01377479E-8	2.45231468E+1	-5.32736811E+0	2.50951335E+1	-2.13914633E-1
1.42401793E+5	2.51568906E+1	8.43319842E-9	2.42819610E+1	-4.60922977E+0	2.47155545E+1	-1.87589323E-1
1.52692775E+5	2.46803724E+1	6.83399383E-9	2.40506116E+1	-3.89180228E+0	2.43634573E+1	-1.60426585E-1
1.63727458E+5	2.42466924E+1	5.33851337E-9	2.38242495E+1	-3.17244024E+0	2.40345429E+1	-1.32381354E-1
1.75559587E+5	2.38615209E+1	3.93871425E-9	2.36077922E+1	-2.44744184E+0	2.37343175E+1	-1.03301904E-1
1.88246790E+5	2.35237977E+1	2.62216595E-9	2.33919648E+1	-1.70582157E+0	2.34577687E+1	-7.27995914E-2
2.01850863E+5	2.32341139E+1	1.42358844E-9	2.31933000E+1	-9.72934570E-1	2.32136980E+1	-4.19243670E-2
2.16438064E+5	2.29956433E+1	3.02768079E-10	2.29935817E+1	-2.17708884E-1	2.29946125E+1	-9.46795881E-3
2.32079442E+5	2.28121231E+1	-7.31573522E-10	2.27986210E+1	5.54815827E-1	2.28053710E+1	2.43306959E-2
2.48851178E+5	2.26873203E+1	-1.67898487E-9	2.26071255E+1	1.34646453E+0	2.26471874E+1	5.94890211E-2
2.66834962E+5	2.26259960E+1	-2.53761998E-9	2.24182560E+1	2.15803600E+0	2.25218864E+1	9.59667436E-2
2.86118383E+5	2.26347263E+1	-3.31354011E-9	2.22305809E+1	2.99739409E+0	2.24317435E+1	1.34023758E-1
3.06795364E+5	2.27187613E+1	-3.99867287E-9	2.20427946E+1	3.86007592E+0	2.23782258E+1	1.73359530E-1
3.28966612E+5	2.28920458E+1	-4.60050248E-9	2.18563745E+1	4.75772847E+0	2.23682168E+1	2.14337775E-1
3.52740116E+5	2.31596007E+1	-5.11700919E-9	2.16650073E+1	5.69037423E+0	2.23998419E+1	2.56851245E-1
3.78231664E+5	2.35364259E+1	-5.54822288E-9	2.14687981E+1	6.66254004E+0	2.24788516E+1	3.00912159E-1
4.05565415E+5	2.40439513E+1	-5.89804304E-9	2.12667336E+1	7.68519206E+0	2.26127461E+1	3.46769381E-1
4.34874501E+5	2.46841228E+1	-6.14815796E-9	2.10623550E+1	8.73400313E+0	2.28014416E+1	3.93091705E-1
4.66301673E+5	2.54977391E+1	-6.32434285E-9	2.08448126E+1	9.84830746E+0	2.30541874E+1	4.41372635E-1
5.00000000E+5	2.65044999E+1	-6.41625327E-9	2.06191341E+1	1.10159272E+1	2.33773337E+1	4.90676622E-1
