Start time:20240904_05-07-47	sweep/start:500.000	sweep/stop:500000.000	sweep/samplecount:100.000	sweep/xmapping:1.000	sweep/scan:0.000	sweep/averaging/sample:10.000	sweep/settling/time:0.100	sweep/settling/inaccuracy:0.010	sweep/awgcontrol:0.000	sweep/averaging/time:0.100	sweep/averaging/tc:15.000	sweep/bandwidthcontrol:2.000	sweep/sincfilter:0.000	sweep/omegasuppression:80.000	sweep/maxbandwidth:100.000	sweep/bandwidth:1250000.000	sweep/order:8.000	sweep/bandwidthoverlap:1.000																				
Frequency	Param0		Param1		RealZ		ImagZ		AbsZ		PhaseZ		
5.00000000E+2	9.58153512E+2	7.35206709E-7	1.62463317E+2	-3.59541929E+2	3.94543711E+2	-1.14639506E+0
5.36133611E+2	8.76358873E+2	7.16173323E-7	1.60212382E+2	-3.38726165E+2	3.74704476E+2	-1.12899339E+0
5.74878498E+2	8.03727113E+2	6.96344719E-7	1.58004248E+2	-3.19416480E+2	3.56359710E+2	-1.11142562E+0
6.16423370E+2	7.39237088E+2	6.76063594E-7	1.55733828E+2	-3.01448389E+2	3.39299529E+2	-1.09394243E+0
6.60970574E+2	6.81653414E+2	6.55260139E-7	1.53492652E+2	-2.84725760E+2	3.23463693E+2	-1.07636834E+0
7.08737081E+2	6.30370602E+2	6.34004294E-7	1.51261446E+2	-2.69203841E+2	3.08789154E+2	-1.05887460E+0
7.59955541E+2	5.84666317E+2	6.12539751E-7	1.48986454E+2	-2.54775105E+2	2.95139507E+2	-1.04164591E+0
8.14875417E+2	5.43770695E+2	5.90901994E-7	1.46708177E+2	-2.41355101E+2	2.82445717E+2	-1.02462330E+0
8.73764200E+2	5.07224638E+2	5.69141205E-7	1.44433466E+2	-2.28908656E+2	2.70666220E+2	-1.00791873E+0
9.36908711E+2	4.74521648E+2	5.47639860E-7	1.42063058E+2	-2.17324799E+2	2.59638182E+2	-9.91831419E-1
1.00461650E+3	4.45122312E+2	5.26228615E-7	1.39708037E+2	-2.06564311E+2	2.49373524E+2	-9.76125570E-1
1.07721735E+3	4.18697762E+2	5.05227652E-7	1.37280510E+2	-1.96553036E+2	2.39747861E+2	-9.61118082E-1
1.15506485E+3	3.94859529E+2	4.84685539E-7	1.34801036E+2	-1.87232862E+2	2.30710787E+2	-9.46796581E-1
1.23853818E+3	3.73399612E+2	4.64596942E-7	1.32291686E+2	-1.78596105E+2	2.22255845E+2	-9.33253766E-1
1.32804389E+3	3.53951010E+2	4.45129321E-7	1.29728598E+2	-1.70552206E+2	2.14283844E+2	-9.20521184E-1
1.42401793E+3	3.36254341E+2	4.26340310E-7	1.27114945E+2	-1.63048271E+2	2.06743681E+2	-9.08609191E-1
1.52692775E+3	3.20115516E+2	4.08308424E-7	1.24438188E+2	-1.56044000E+2	1.99586055E+2	-8.97608675E-1
1.63727458E+3	3.05338954E+2	3.91055348E-7	1.21705156E+2	-1.49496414E+2	1.92772725E+2	-8.87516260E-1
1.75559587E+3	2.91766625E+2	3.74574228E-7	1.18928138E+2	-1.43371396E+2	1.86277374E+2	-8.78318149E-1
1.88246790E+3	2.79193720E+2	3.58890555E-7	1.16108555E+2	-1.37606618E+2	1.80046601E+2	-8.69929305E-1
2.01850863E+3	2.67540474E+2	3.43991076E-7	1.13250993E+2	-1.32187122E+2	1.74066721E+2	-8.62397977E-1
2.16438064E+3	2.56682203E+2	3.29897582E-7	1.10348664E+2	-1.27073637E+2	1.68298952E+2	-8.55725970E-1
2.32079442E+3	2.46515436E+2	3.16537871E-7	1.07427685E+2	-1.22236958E+2	1.62734698E+2	-8.49791178E-1
2.48851178E+3	2.36944481E+2	3.03934202E-7	1.04476611E+2	-1.17642650E+2	1.57337712E+2	-8.44603532E-1
2.66834962E+3	2.27889066E+2	2.91969917E-7	1.01535657E+2	-1.13266833E+2	1.52114646E+2	-8.39957742E-1
2.86118383E+3	2.19291727E+2	2.80685828E-7	9.85829897E+1	-1.09086326E+2	1.47032082E+2	-8.35932322E-1
3.06795364E+3	2.11104511E+2	2.70002316E-7	9.56426060E+1	-1.05086043E+2	1.42093578E+2	-8.32409290E-1
3.28966612E+3	2.03275535E+2	2.59879698E-7	9.27233393E+1	-1.01246077E+2	1.37289424E+2	-8.29308486E-1
3.52740116E+3	1.95742149E+2	2.50275197E-7	8.98356650E+1	-9.75406512E+1	1.32607035E+2	-8.26495396E-1
3.78231664E+3	1.88505329E+2	2.41155009E-7	8.69842792E+1	-9.39719871E+1	1.28050770E+2	-8.23994444E-1
4.05565415E+3	1.81505093E+2	2.32475864E-7	8.41801021E+1	-9.05142320E+1	1.23608723E+2	-8.21640656E-1
4.34874501E+3	1.74778890E+2	2.24217744E-7	8.14219083E+1	-8.71854516E+1	1.19293044E+2	-8.19568080E-1
4.66301673E+3	1.68243025E+2	2.16280299E-7	7.87439147E+1	-8.39494473E+1	1.15100452E+2	-8.17383231E-1
5.00000000E+3	1.61953279E+2	2.08689522E-7	7.61270975E+1	-8.08312889E+1	1.11036177E+2	-8.15360144E-1
5.36133611E+3	1.55799890E+2	2.01418656E-7	7.35779990E+1	-7.77799577E+1	1.07067474E+2	-8.13152763E-1
5.74878498E+3	1.49832241E+2	1.94416673E-7	7.11080503E+1	-7.48192718E+1	1.03219564E+2	-8.10824662E-1
6.16423370E+3	1.44087466E+2	1.87678531E-7	6.87118257E+1	-7.19666420E+1	9.95013200E+1	-8.08530598E-1
6.60970574E+3	1.38493764E+2	1.81197584E-7	6.63872968E+1	-6.91878105E+1	9.58865291E+1	-8.06051773E-1
7.08737081E+3	1.33066949E+2	1.74901624E-7	6.41554510E+1	-6.64909624E+1	9.23957254E+1	-8.03272845E-1
7.59955541E+3	1.27792636E+2	1.68823914E-7	6.19977881E+1	-6.38681038E+1	8.90104522E+1	-8.00256661E-1
8.14875417E+3	1.22699576E+2	1.62925406E-7	5.99228707E+1	-6.13331889E+1	8.57467821E+1	-7.97028550E-1
8.73764200E+3	1.17738976E+2	1.57194468E-7	5.79299715E+1	-5.88619888E+1	8.25870173E+1	-7.93378141E-1
9.36908711E+3	1.12943268E+2	1.51620027E-7	5.60173082E+1	-5.64698047E+1	7.95410446E+1	-7.89420797E-1
1.00461650E+4	1.08304454E+2	1.46196241E-7	5.41818156E+1	-5.41522174E+1	7.66037328E+1	-7.85124949E-1
1.07721735E+4	1.03818373E+2	1.40889248E-7	5.24308637E+1	-5.19065634E+1	7.37786344E+1	-7.80373157E-1
1.15506485E+4	9.94819880E+1	1.35713555E-7	5.07540209E+1	-4.97306764E+1	7.10570957E+1	-7.75214432E-1
1.23853818E+4	9.52854449E+1	1.30669270E-7	4.91463060E+1	-4.76189866E+1	6.84319185E+1	-7.69615721E-1
1.32804389E+4	9.12246327E+1	1.25712278E-7	4.76188991E+1	-4.55681562E+1	6.59091533E+1	-7.63394979E-1
1.42401793E+4	8.73262166E+1	1.20853446E-7	4.61638650E+1	-4.35914323E+1	6.34926417E+1	-7.56745507E-1
1.52692775E+4	8.35504441E+1	1.16082451E-7	4.47794890E+1	-4.16670488E+1	6.11665424E+1	-7.49409484E-1
1.63727458E+4	7.99169005E+1	1.11410614E-7	4.34580276E+1	-3.98048965E+1	5.89324227E+1	-7.41551627E-1
1.75559587E+4	7.64491582E+1	1.06819420E-7	4.22036079E+1	-3.80169001E+1	5.68016709E+1	-7.33255523E-1
1.88246790E+4	7.31225495E+1	1.02297734E-7	4.10156100E+1	-3.62889079E+1	5.47646381E+1	-7.24330205E-1
2.01850863E+4	6.99069833E+1	9.78451621E-8	3.98885093E+1	-3.46033470E+1	5.28061087E+1	-7.14567319E-1
2.16438064E+4	6.68330814E+1	9.34344859E-8	3.88305224E+1	-3.29750390E+1	5.09427437E+1	-7.04031811E-1
2.32079442E+4	6.38900141E+1	8.91060077E-8	3.78237946E+1	-3.13993988E+1	4.91585428E+1	-6.92856321E-1
2.48851178E+4	6.11045659E+1	8.48392107E-8	3.68761344E+1	-2.98906070E+1	4.74689286E+1	-6.81151635E-1
2.66834962E+4	5.84499145E+1	8.06517007E-8	3.59768088E+1	-2.84342967E+1	4.58567428E+1	-6.68829458E-1
2.86118383E+4	5.59220686E+1	7.65197295E-8	3.51316528E+1	-2.70259399E+1	4.43241989E+1	-6.55724079E-1
3.06795364E+4	5.35224203E+1	7.24659304E-8	3.43316834E+1	-2.56680767E+1	4.28662424E+1	-6.41995300E-1
3.28966612E+4	5.12484123E+1	6.84812637E-8	3.35786423E+1	-2.43583003E+1	4.14831541E+1	-6.27577220E-1
3.52740116E+4	4.91002149E+1	6.45812660E-8	3.28668778E+1	-2.30984628E+1	4.01717652E+1	-6.12594973E-1
3.78231664E+4	4.70601071E+1	6.07415669E-8	3.22002979E+1	-2.18744179E+1	3.89274894E+1	-5.96713861E-1
4.05565415E+4	4.51641320E+1	5.69975232E-8	3.15764737E+1	-2.07135269E+1	3.77640568E+1	-5.80567407E-1
4.34874501E+4	4.33580788E+1	5.33514257E-8	3.09810554E+1	-1.95819556E+1	3.66507703E+1	-5.63661654E-1
4.66301673E+4	4.16691764E+1	4.98069638E-8	3.04210936E+1	-1.84980793E+1	3.56036782E+1	-5.46330398E-1
5.00000000E+4	4.00785109E+1	4.63585921E-8	2.98935230E+1	-1.74489279E+1	3.46134059E+1	-5.28349948E-1
5.36133611E+4	3.85906565E+1	4.30038872E-8	2.94018316E+1	-1.64367961E+1	3.36843581E+1	-5.09757104E-1
5.74878498E+4	3.71984734E+1	3.97715560E-8	2.89354715E+1	-1.54626594E+1	3.28078552E+1	-4.90775134E-1
6.16423370E+4	3.58925569E+1	3.66566833E-8	2.84934664E+1	-1.45198387E+1	3.19797336E+1	-4.71286056E-1
6.60970574E+4	3.46710021E+1	3.36622679E-8	2.80752149E+1	-1.36080171E+1	3.11992922E+1	-4.51331719E-1
7.08737081E+4	3.35294820E+1	3.07880954E-8	2.76800209E+1	-1.27245112E+1	3.04646806E+1	-4.30891268E-1
7.59955541E+4	3.24660175E+1	2.80437997E-8	2.73052522E+1	-1.18708037E+1	2.97740288E+1	-4.10095145E-1
8.14875417E+4	3.14707548E+1	2.54176298E-8	2.69502278E+1	-1.10376273E+1	2.91229121E+1	-3.88717062E-1
8.73764200E+4	3.05403415E+1	2.29170670E-8	2.66113505E+1	-1.02252501E+1	2.85082397E+1	-3.66850216E-1
9.36908711E+4	2.96766477E+1	2.05403510E-8	2.62912411E+1	-9.43432733E+0	2.79327031E+1	-3.44527555E-1
1.00461650E+5	2.88737457E+1	1.82889527E-8	2.59864500E+1	-8.66201812E+0	2.73920818E+1	-3.21745986E-1
1.07721735E+5	2.81204578E+1	1.61580215E-8	2.56906972E+1	-7.90077445E+0	2.68781355E+1	-2.98354719E-1
1.15506485E+5	2.74215058E+1	1.41416858E-8	2.54089660E+1	-7.15098229E+0	2.63960624E+1	-2.74339245E-1
1.23853818E+5	2.67741783E+1	1.22402142E-8	2.51390996E+1	-6.41127117E+0	2.59437610E+1	-2.49708891E-1
1.32804389E+5	2.61760855E+1	1.04494495E-8	2.48800026E+1	-5.67859490E+0	2.55198172E+1	-2.24395487E-1
1.42401793E+5	2.56247105E+1	8.76337979E-9	2.46303968E+1	-4.94877060E+0	2.51226350E+1	-1.98281241E-1
1.52692775E+5	2.51190786E+1	7.17881433E-9	2.43891075E+1	-4.21939991E+0	2.47514022E+1	-1.71307795E-1
1.63727458E+5	2.46608361E+1	5.69690238E-9	2.41562610E+1	-3.49122364E+0	2.44072447E+1	-1.43532794E-1
1.75559587E+5	2.42485560E+1	4.30622746E-9	2.39310610E+1	-2.75644427E+0	2.40892855E+1	-1.14677340E-1
1.88246790E+5	2.38838818E+1	2.98609722E-9	2.37074355E+1	-1.99958024E+0	2.37954670E+1	-8.41371329E-2
2.01850863E+5	2.35668299E+1	1.79990990E-9	2.34988198E+1	-1.26417853E+0	2.35328003E+1	-5.37457260E-2
2.16438064E+5	2.33011114E+1	6.78516567E-10	2.32903445E+1	-5.00756485E-1	2.32957273E+1	-2.14972905E-2
2.32079442E+5	2.30895704E+1	-3.59197772E-10	2.30861933E+1	2.79201820E-1	2.30878818E+1	1.20932991E-2
2.48851178E+5	2.29370148E+1	-1.31184200E-9	2.28863559E+1	1.07674950E+0	2.29116713E+1	4.70129911E-2
2.66834962E+5	2.28468589E+1	-2.18460248E-9	2.26879889E+1	1.89853036E+0	2.27672854E+1	8.34854671E-2
2.86118383E+5	2.28235604E+1	-2.96905110E-9	2.24897961E+1	2.73975800E+0	2.26560636E+1	1.21224938E-1
3.06795364E+5	2.28786324E+1	-3.67381970E-9	2.22933985E+1	3.61204231E+0	2.25841198E+1	1.60627098E-1
3.28966612E+5	2.30188026E+1	-4.29690255E-9	2.20952953E+1	4.51720277E+0	2.25523223E+1	2.01662914E-1
3.52740116E+5	2.32557061E+1	-4.83433919E-9	2.18962275E+1	5.45595294E+0	2.25657313E+1	2.44200350E-1
3.78231664E+5	2.36024635E+1	-5.28867467E-9	2.16934338E+1	6.43532104E+0	2.26278252E+1	2.88379043E-1
4.05565415E+5	2.40791119E+1	-5.65113766E-9	2.14946669E+1	7.45329238E+0	2.27502190E+1	3.33777071E-1
4.34874501E+5	2.46840055E+1	-5.94249856E-9	2.12675559E+1	8.52404143E+0	2.29121896E+1	3.81196154E-1
4.66301673E+5	2.54527347E+1	-6.14174554E-9	2.10392896E+1	9.63615014E+0	2.31410327E+1	4.29492966E-1
5.00000000E+5	2.64267631E+1	-6.26701724E-9	2.07967981E+1	1.08205754E+1	2.34433780E+1	4.79755762E-1
