Start time:20240903_09-30-27	sweep/start:500.000	sweep/stop:500000.000	sweep/samplecount:100.000	sweep/xmapping:1.000	sweep/scan:0.000	sweep/averaging/sample:10.000	sweep/settling/time:0.100	sweep/settling/inaccuracy:0.010	sweep/awgcontrol:0.000	sweep/averaging/time:0.100	sweep/averaging/tc:15.000	sweep/bandwidthcontrol:2.000	sweep/sincfilter:0.000	sweep/omegasuppression:80.000	sweep/maxbandwidth:100.000	sweep/bandwidth:1250000.000	sweep/order:8.000	sweep/bandwidthoverlap:1.000																				
Frequency	Param0		Param1		RealZ		ImagZ		AbsZ		PhaseZ		
5.00000000E+2	1.80699355E+3	8.99757665E-7	6.67049668E+1	-3.40713372E+2	3.47181747E+2	-1.37746140E+0
5.36133611E+2	1.62713152E+3	8.92859244E-7	6.52142012E+1	-3.19153347E+2	3.25748007E+2	-1.36923598E+0
5.74878498E+2	1.46846958E+3	8.85614437E-7	6.36629408E+1	-2.99054869E+2	3.05756109E+2	-1.36104695E+0
6.16423370E+2	1.32465979E+3	8.77827382E-7	6.22386281E+1	-2.80305614E+2	2.87132182E+2	-1.35230251E+0
6.60970574E+2	1.19515192E+3	8.69628473E-7	6.08807088E+1	-2.62783457E+2	2.69743602E+2	-1.34313641E+0
7.08737081E+2	1.07915103E+3	8.61045662E-7	5.95502581E+1	-2.46409078E+2	2.53502801E+2	-1.33367069E+0
7.59955541E+2	9.74873588E+2	8.51866278E-7	5.82903664E+1	-2.31144772E+2	2.38381367E+2	-1.32376582E+0
8.14875417E+2	8.81714565E+2	8.42229358E-7	5.70454654E+1	-2.16895341E+2	2.24271658E+2	-1.31361170E+0
8.73764200E+2	7.97873944E+2	8.32061075E-7	5.58581099E+1	-2.03586776E+2	2.11110648E+2	-1.30301590E+0
9.36908711E+2	7.22518336E+2	8.21490736E-7	5.47016149E+1	-1.91129879E+2	1.98803669E+2	-1.29204649E+0
1.00461650E+3	6.55067011E+2	8.10292614E-7	5.35809234E+1	-1.79522041E+2	1.87347485E+2	-1.28074901E+0
1.07721735E+3	5.94763885E+2	7.98693158E-7	5.24598934E+1	-1.68668906E+2	1.76638731E+2	-1.26925771E+0
1.15506485E+3	5.40461426E+2	7.86537683E-7	5.13849469E+1	-1.58528115E+2	1.66648062E+2	-1.25734450E+0
1.23853818E+3	4.91923439E+2	7.73888651E-7	5.03159825E+1	-1.49063434E+2	1.57326432E+2	-1.24525787E+0
1.32804389E+3	4.48391248E+2	7.60822232E-7	4.92555725E+1	-1.40212884E+2	1.48612801E+2	-1.23297155E+0
1.42401793E+3	4.09092585E+2	7.47246694E-7	4.82361484E+1	-1.31933025E+2	1.40474373E+2	-1.22028252E+0
1.52692775E+3	3.73866178E+2	7.33317039E-7	4.72142072E+1	-1.24187808E+2	1.32860051E+2	-1.20748862E+0
1.63727458E+3	3.42126619E+2	7.18961524E-7	4.62141984E+1	-1.16941668E+2	1.25742221E+2	-1.19444322E+0
1.75559587E+3	3.13601279E+2	7.04249641E-7	4.52203507E+1	-1.10164779E+2	1.19084671E+2	-1.18128892E+0
1.88246790E+3	2.87798739E+2	6.89211484E-7	4.42478409E+1	-1.03810405E+2	1.12847117E+2	-1.16787836E+0
2.01850863E+3	2.64557457E+2	6.73841404E-7	4.32861338E+1	-9.78671513E+1	1.07012470E+2	-1.15436848E+0
2.16438064E+3	2.43514810E+2	6.58275840E-7	4.23342946E+1	-9.22866970E+1	1.01533379E+2	-1.14070971E+0
2.32079442E+3	2.24449536E+2	6.42426121E-7	4.14039983E+1	-8.70563981E+1	9.64007658E+1	-1.12685879E+0
2.48851178E+3	2.07124899E+2	6.26438442E-7	4.04868228E+1	-8.21379687E+1	9.15741710E+1	-1.11283486E+0
2.66834962E+3	1.91428050E+2	6.10273158E-7	3.95820650E+1	-7.75266207E+1	8.70466366E+1	-1.09873569E+0
2.86118383E+3	1.77101879E+2	5.94009042E-7	3.86963326E+1	-7.31832390E+1	8.27840127E+1	-1.08440670E+0
3.06795364E+3	1.64066489E+2	5.77604970E-7	3.78293064E+1	-6.91047356E+1	7.87814765E+1	-1.06993617E+0
3.28966612E+3	1.52142309E+2	5.61110228E-7	3.69853961E+1	-6.52619618E+1	7.50136206E+1	-1.05520536E+0
3.52740116E+3	1.41258746E+2	5.44569117E-7	3.61577068E+1	-6.16458613E+1	7.14674196E+1	-1.04033336E+0
3.78231664E+3	1.31285245E+2	5.27980615E-7	3.53527054E+1	-5.82363684E+1	6.81270023E+1	-1.02520513E+0
4.05565415E+3	1.22115383E+2	5.11402582E-7	3.45691877E+1	-5.50127313E+1	6.49725282E+1	-1.00976639E+0
4.34874501E+3	1.13707807E+2	4.94756649E-7	3.38120924E+1	-5.19753857E+1	6.20056326E+1	-9.94041252E-1
4.66301673E+3	1.05995103E+2	4.78149594E-7	3.30726195E+1	-4.91094419E+1	5.92075630E+1	-9.78114132E-1
5.00000000E+3	9.88457602E+1	4.61556856E-7	3.23627016E+1	-4.63850300E+1	5.65589568E+1	-9.61617606E-1
5.36133611E+3	9.23193306E+1	4.44837203E-7	3.16836381E+1	-4.38310308E+1	5.40833820E+1	-9.44893177E-1
5.74878498E+3	8.62918452E+1	4.28180490E-7	3.10271853E+1	-4.14090180E+1	5.17435313E+1	-9.27752521E-1
6.16423370E+3	8.07310110E+1	4.11563081E-7	3.03952237E+1	-3.91147981E+1	4.95362199E+1	-9.10189725E-1
6.60970574E+3	7.56033367E+1	3.94962100E-7	2.97901941E+1	-3.69429608E+1	4.74577500E+1	-8.92175110E-1
7.08737081E+3	7.08850952E+1	3.78344308E-7	2.92151698E+1	-3.48911719E+1	4.55073626E+1	-8.73708289E-1
7.59955541E+3	6.65201185E+1	3.61827397E-7	2.86622821E+1	-3.29407338E+1	4.36648414E+1	-8.54738802E-1
8.14875417E+3	6.25081982E+1	3.45360416E-7	2.81354198E+1	-3.10981093E+1	4.19367895E+1	-8.35373627E-1
8.73764200E+3	5.88055559E+1	3.28935478E-7	2.76376546E+1	-2.93497471E+1	4.03143600E+1	-8.15432480E-1
9.36908711E+3	5.53998486E+1	3.12663794E-7	2.71601898E+1	-2.76946642E+1	3.87900808E+1	-7.95141283E-1
1.00461650E+4	5.22681834E+1	2.96468041E-7	2.67119597E+1	-2.61277013E+1	3.73655669E+1	-7.74341421E-1
1.07721735E+4	4.93820877E+1	2.80464316E-7	2.62846808E+1	-2.46395604E+1	3.60276616E+1	-7.53104147E-1
1.15506485E+4	4.67297735E+1	2.64636689E-7	2.58820505E+1	-2.32288994E+1	3.47773250E+1	-7.31427005E-1
1.23853818E+4	4.42924297E+1	2.49071113E-7	2.54989650E+1	-2.18909525E+1	3.36067118E+1	-7.09410153E-1
1.32804389E+4	4.20531514E+1	2.33783764E-7	2.51364813E+1	-2.06209964E+1	3.25125857E+1	-6.87033644E-1
1.42401793E+4	4.00043207E+1	2.18747388E-7	2.48005450E+1	-1.94180799E+1	3.14980780E+1	-6.64270123E-1
1.52692775E+4	3.81230110E+1	2.04126807E-7	2.44785380E+1	-1.82755731E+1	3.05482489E+1	-6.41318838E-1
1.63727458E+4	3.63994940E+1	1.89898602E-7	2.41755089E+1	-1.71907180E+1	2.96643928E+1	-6.18123474E-1
1.75559587E+4	3.48229283E+1	1.76153125E-7	2.38865259E+1	-1.61626556E+1	2.88409153E+1	-5.94877649E-1
1.88246790E+4	3.33826310E+1	1.62792656E-7	2.36225686E+1	-1.51841214E+1	2.80817278E+1	-5.71283132E-1
2.01850863E+4	3.20680377E+1	1.49965132E-7	2.33731483E+1	-1.42557582E+1	2.73775624E+1	-5.47681832E-1
2.16438064E+4	3.08689149E+1	1.37644197E-7	2.31422611E+1	-1.33720585E+1	2.67278210E+1	-5.23950967E-1
2.32079442E+4	2.97671794E+1	1.25953049E-7	2.29172154E+1	-1.25292326E+1	2.61185904E+1	-5.00319240E-1
2.48851178E+4	2.87678433E+1	1.14892876E-7	2.27040407E+1	-1.17333576E+1	2.55567221E+1	-4.76994111E-1
2.66834962E+4	2.78609460E+1	1.04338449E-7	2.25132648E+1	-1.09723846E+1	2.50447749E+1	-4.53496104E-1
2.86118383E+4	2.70389183E+1	9.44106663E-8	2.23350135E+1	-1.02499596E+1	2.45746737E+1	-4.30246076E-1
3.06795364E+4	2.62870442E+1	8.50939354E-8	2.21658529E+1	-9.55770075E+0	2.41386566E+1	-4.07102167E-1
3.28966612E+4	2.56058012E+1	7.64459095E-8	2.20037800E+1	-8.90269695E+0	2.37365626E+1	-3.84464313E-1
3.52740116E+4	2.49786845E+1	6.83527492E-8	2.18499309E+1	-8.26818743E+0	2.33619887E+1	-3.61755085E-1
3.78231664E+4	2.44161557E+1	6.08254082E-8	2.17116189E+1	-7.66288224E+0	2.30242102E+1	-3.39290904E-1
4.05565415E+4	2.39077615E+1	5.38935509E-8	2.15812244E+1	-7.08585985E+0	2.27147255E+1	-3.17244823E-1
4.34874501E+4	2.34429644E+1	4.75104456E-8	2.14557908E+1	-6.52964904E+0	2.24273791E+1	-2.95424894E-1
4.66301673E+4	2.30248087E+1	4.16135552E-8	2.13428753E+1	-5.99143111E+0	2.21678961E+1	-2.73678803E-1
5.00000000E+4	2.26411683E+1	3.62727073E-8	2.12280815E+1	-5.47695750E+0	2.19232425E+1	-2.52498756E-1
5.36133611E+4	2.22962422E+1	3.13639501E-8	2.11240264E+1	-4.97613357E+0	2.17022213E+1	-2.31349666E-1
5.74878498E+4	2.19870302E+1	2.68935150E-8	2.10277759E+1	-4.49121068E+0	2.15020544E+1	-2.10422967E-1
6.16423370E+4	2.17043745E+1	2.28430994E-8	2.09325047E+1	-4.01959646E+0	2.13149459E+1	-1.89717149E-1
6.60970574E+4	2.14519666E+1	1.91650509E-8	2.08442996E+1	-3.55898677E+0	2.11459504E+1	-1.69110733E-1
7.08737081E+4	2.12266676E+1	1.58483414E-8	2.07607544E+1	-3.11009605E+0	2.09924185E+1	-1.48700701E-1
7.59955541E+4	2.10246202E+1	1.28487364E-8	2.06805274E+1	-2.66758427E+0	2.08518640E+1	-1.28281818E-1
8.14875417E+4	2.08465148E+1	1.01478312E-8	2.06047882E+1	-2.23175202E+0	2.07252991E+1	-1.07891699E-1
8.73764200E+4	2.06898384E+1	7.72347575E-9	2.05318169E+1	-1.80123914E+0	2.06106762E+1	-8.75051316E-2
9.36908711E+4	2.05536776E+1	5.53993873E-9	2.04617411E+1	-1.37155809E+0	2.05076578E+1	-6.69302512E-2
1.00461650E+5	2.04392158E+1	3.58490705E-9	2.03955858E+1	-9.43318698E-1	2.04173892E+1	-4.62181851E-2
1.07721735E+5	2.03414104E+1	1.83291446E-9	2.03284645E+1	-5.12992744E-1	2.03349364E+1	-2.52298337E-2
1.15506485E+5	2.02660140E+1	2.74377746E-10	2.02656838E+1	-8.17832783E-2	2.02658489E+1	-4.03553386E-3
1.23853818E+5	2.02100943E+1	-1.12545224E-9	2.02037641E+1	3.57616075E-1	2.02069289E+1	1.76986181E-2
1.32804389E+5	2.01759996E+1	-2.36118664E-9	2.01441588E+1	8.00767768E-1	2.01600729E+1	3.97309426E-2
1.42401793E+5	2.01608276E+1	-3.46242428E-9	2.00824870E+1	1.25429999E+0	2.01216192E+1	6.23763817E-2
1.52692775E+5	2.01708876E+1	-4.43190553E-9	2.00235985E+1	1.71733885E+0	2.00971081E+1	8.55563767E-2
1.63727458E+5	2.02074924E+1	-5.29119401E-9	1.99659321E+1	2.19612519E+0	2.00863491E+1	1.09553224E-1
1.75559587E+5	2.02692866E+1	-6.03511239E-9	1.99068277E+1	2.68615031E+0	2.00872396E+1	1.34125999E-1
1.88246790E+5	2.03888389E+1	-6.69874040E-9	1.98600219E+1	3.20629509E+0	2.01225535E+1	1.60070216E-1
2.01850863E+5	2.04897125E+1	-7.24492332E-9	1.97883069E+1	3.72553592E+0	2.01359559E+1	1.86091277E-1
2.16438064E+5	2.06532420E+1	-7.71519798E-9	1.97269300E+1	4.27472634E+0	2.01847730E+1	2.13395667E-1
2.32079442E+5	2.08606733E+1	-8.10673440E-9	1.96648361E+1	4.84932309E+0	2.02539310E+1	2.41774891E-1
2.48851178E+5	2.11158222E+1	-8.42345519E-9	1.95998584E+1	5.45093215E+0	2.03437244E+1	2.71255978E-1
2.66834962E+5	2.14271984E+1	-8.66824114E-9	1.95330716E+1	6.08260380E+0	2.04582257E+1	3.01882639E-1
2.86118383E+5	2.17977133E+1	-8.84585542E-9	1.94594981E+1	6.74540429E+0	2.05954500E+1	3.33676724E-1
3.06795364E+5	2.22383530E+1	-8.95950512E-9	1.93796065E+1	7.44320936E+0	2.07598297E+1	3.66702415E-1
3.28966612E+5	2.27606943E+1	-9.00599248E-9	1.92966755E+1	8.17581808E+0	2.09572356E+1	4.00760967E-1
3.52740116E+5	2.33864091E+1	-8.99816360E-9	1.92081916E+1	8.95856851E+0	2.11945893E+1	4.36402494E-1
3.78231664E+5	2.41145041E+1	-8.92944174E-9	1.91101768E+1	9.77923953E+0	2.14670078E+1	4.72987023E-1
4.05565415E+5	2.49563310E+1	-8.80642017E-9	1.89977350E+1	1.06395210E+1	2.17741513E+1	5.10520178E-1
4.34874501E+5	2.59840064E+1	-8.63711650E-9	1.88831193E+1	1.15795608E+1	2.21508219E+1	5.50085531E-1
4.66301673E+5	2.71510140E+1	-8.41358418E-9	1.87513805E+1	1.25500551E+1	2.25636596E+1	5.89814996E-1
5.00000000E+5	2.85337391E+1	-8.15374239E-9	1.85980293E+1	1.35935305E+1	2.30363001E+1	6.31172566E-1
