Start time:20240903_07-02-40	sweep/start:500.000	sweep/stop:500000.000	sweep/samplecount:100.000	sweep/xmapping:1.000	sweep/scan:0.000	sweep/averaging/sample:10.000	sweep/settling/time:0.100	sweep/settling/inaccuracy:0.010	sweep/awgcontrol:0.000	sweep/averaging/time:0.100	sweep/averaging/tc:15.000	sweep/bandwidthcontrol:2.000	sweep/sincfilter:0.000	sweep/omegasuppression:80.000	sweep/maxbandwidth:100.000	sweep/bandwidth:1250000.000	sweep/order:8.000	sweep/bandwidthoverlap:1.000																				
Frequency	Param0		Param1		RealZ		ImagZ		AbsZ		PhaseZ		
5.00000000E+2	2.12762137E+3	9.13187533E-7	5.56139980E+1	-3.39458788E+2	3.43984294E+2	-1.40840756E+0
5.36133611E+2	1.91792237E+3	9.08036566E-7	5.41525870E+1	-3.17691022E+2	3.22273329E+2	-1.40196225E+0
5.74878498E+2	1.73139047E+3	9.02502047E-7	5.26956244E+1	-2.97421651E+2	3.02053761E+2	-1.39544121E+0
6.16423370E+2	1.56219748E+3	8.96670289E-7	5.13300847E+1	-2.78482957E+2	2.83174048E+2	-1.38852177E+0
6.60970574E+2	1.40844892E+3	8.90521395E-7	5.00643578E+1	-2.60780582E+2	2.65542759E+2	-1.38112517E+0
7.08737081E+2	1.26978264E+3	8.84063057E-7	4.88578395E+1	-2.44236880E+2	2.49075783E+2	-1.37335957E+0
7.59955541E+2	1.14462116E+3	8.77278979E-7	4.77129166E+1	-2.28771925E+2	2.33694502E+2	-1.36518268E+0
8.14875417E+2	1.03198433E+3	8.70054338E-7	4.66245080E+1	-2.14340513E+2	2.19352919E+2	-1.35660760E+0
8.73764200E+2	9.30692910E+2	8.62544070E-7	4.55701317E+1	-2.00836060E+2	2.05941161E+2	-1.34767215E+0
9.36908711E+2	8.39248466E+2	8.54522586E-7	4.45861960E+1	-1.88231077E+2	1.93439574E+2	-1.33821347E+0
1.00461650E+3	7.57198939E+2	8.46134162E-7	4.36292580E+1	-1.76444032E+2	1.81758108E+2	-1.32838904E+0
1.07721735E+3	6.83462451E+2	8.37230401E-7	4.27169341E+1	-1.65440833E+2	1.70866634E+2	-1.31811441E+0
1.15506485E+3	6.17246667E+2	8.27905938E-7	4.18338377E+1	-1.55150630E+2	1.60691595E+2	-1.30742594E+0
1.23853818E+3	5.57818606E+2	8.18119133E-7	4.09787296E+1	-1.45531563E+2	1.51190914E+2	-1.29632340E+0
1.32804389E+3	5.04512130E+2	8.07816936E-7	4.01514956E+1	-1.36545857E+2	1.42326786E+2	-1.28480589E+0
1.42401793E+3	4.56599731E+2	7.96989666E-7	3.93569601E+1	-1.28146027E+2	1.34053626E+2	-1.27281493E+0
1.52692775E+3	4.13693609E+2	7.85665065E-7	3.85776981E+1	-1.20295912E+2	1.26330303E+2	-1.26046759E+0
1.63727458E+3	3.75100185E+2	7.73829254E-7	3.78264000E+1	-1.12950659E+2	1.19116280E+2	-1.24764261E+0
1.75559587E+3	3.40441819E+2	7.61449818E-7	3.70985693E+1	-1.06082982E+2	1.12382842E+2	-1.23437745E+0
1.88246790E+3	3.09387403E+2	7.48635648E-7	3.63763490E+1	-9.96551276E+1	1.06086678E+2	-1.22080175E+0
2.01850863E+3	2.81426863E+2	7.35246222E-7	3.56832644E+1	-9.36425820E+1	1.00210921E+2	-1.20672505E+0
2.16438064E+3	2.56323972E+2	7.21403191E-7	3.49999204E+1	-8.80132005E+1	9.47170417E+1	-1.19230302E+0
2.32079442E+3	2.33734357E+2	7.07047149E-7	3.43357948E+1	-8.27436260E+1	8.95849012E+1	-1.17745514E+0
2.48851178E+3	2.13366706E+2	6.92269406E-7	3.36866077E+1	-7.77998236E+1	8.47797154E+1	-1.16217692E+0
2.66834962E+3	1.95045249E+2	6.76970045E-7	3.30548029E+1	-7.31748719E+1	8.02943456E+1	-1.14651013E+0
2.86118383E+3	1.78516834E+2	6.61240710E-7	3.24382736E+1	-6.88370231E+1	7.60971579E+1	-1.13042605E+0
3.06795364E+3	1.63580240E+2	6.45116311E-7	3.18370696E+1	-6.47635394E+1	7.21658861E+1	-1.11389981E+0
3.28966612E+3	1.50105059E+2	6.28559314E-7	3.12512022E+1	-6.09452673E+1	6.84906074E+1	-1.09698112E+0
3.52740116E+3	1.37902475E+2	6.11606105E-7	3.06840275E+1	-5.73575933E+1	6.50492361E+1	-1.07957330E+0
3.78231664E+3	1.26872957E+2	5.94315277E-7	3.01285638E+1	-5.39886037E+1	6.18263678E+1	-1.06179056E+0
4.05565415E+3	1.16890526E+2	5.76673991E-7	2.95885253E+1	-5.08245712E+1	5.88100159E+1	-1.04359052E+0
4.34874501E+3	1.07802678E+2	5.58642580E-7	2.90746555E+1	-4.78433885E+1	5.59850471E+1	-1.02473081E+0
4.66301673E+3	9.95822506E+1	5.40267253E-7	2.85769532E+1	-4.50456975E+1	5.33456388E+1	-1.00546659E+0
5.00000000E+3	9.21209269E+1	5.21606119E-7	2.80961316E+1	-4.24128383E+1	5.08747632E+1	-9.85722792E-1
5.36133611E+3	8.53409967E+1	5.02771209E-7	2.76263720E+1	-3.99305093E+1	4.85557622E+1	-9.65553524E-1
5.74878498E+3	7.91767301E+1	4.83605614E-7	2.71815178E+1	-3.75939984E+1	4.63912023E+1	-9.44781857E-1
6.16423370E+3	7.35735934E+1	4.64310978E-7	2.67484790E+1	-3.53906838E+1	4.43619394E+1	-9.23589942E-1
6.60970574E+3	6.84819383E+1	4.44747466E-7	2.63398395E+1	-3.33169034E+1	4.24712047E+1	-9.01822744E-1
7.08737081E+3	6.38524167E+1	4.25082812E-7	2.59463726E+1	-3.13611907E+1	4.07030534E+1	-8.79605447E-1
7.59955541E+3	5.96364507E+1	4.05347359E-7	2.55693871E+1	-2.95139609E+1	3.90495514E+1	-8.56887126E-1
8.14875417E+3	5.58131310E+1	3.85516575E-7	2.52129269E+1	-2.77762604E+1	3.75128292E+1	-8.33735130E-1
8.73764200E+3	5.23371527E+1	3.65729896E-7	2.48714579E+1	-2.61364079E+1	3.60790973E+1	-8.10192195E-1
9.36908711E+3	4.91700370E+1	3.45995802E-7	2.45483069E+1	-2.45849903E+1	3.47424976E+1	-7.86144775E-1
1.00461650E+4	4.62976885E+1	3.26451229E-7	2.42376544E+1	-2.31232226E+1	3.34984678E+1	-7.61871861E-1
1.07721735E+4	4.36842415E+1	3.07104655E-7	2.39431767E+1	-2.17408317E+1	3.23409879E+1	-7.37227235E-1
1.15506485E+4	4.13115816E+1	2.87951924E-7	2.36696086E+1	-2.04347392E+1	3.12702567E+1	-7.12183450E-1
1.23853818E+4	3.91643743E+1	2.69196055E-7	2.34078624E+1	-1.92048488E+1	3.02779502E+1	-6.87083287E-1
1.32804389E+4	3.72085408E+1	2.50815453E-7	2.31622996E+1	-1.80372728E+1	2.93570325E+1	-6.61638768E-1
1.42401793E+4	3.54370598E+1	2.32967849E-7	2.29272636E+1	-1.69356237E+1	2.85039435E+1	-6.36208740E-1
1.52692775E+4	3.38375748E+1	2.15693270E-7	2.27050990E+1	-1.58985480E+1	2.77179624E+1	-6.10873148E-1
1.63727458E+4	3.23775456E+1	1.99016969E-7	2.24936040E+1	-1.49105753E+1	2.69868046E+1	-5.85376927E-1
1.75559587E+4	3.10528658E+1	1.82877623E-7	2.23016069E+1	-1.39702040E+1	2.63159392E+1	-5.59620534E-1
1.88246790E+4	2.98679132E+1	1.67504726E-7	2.21215973E+1	-1.30904800E+1	2.57045889E+1	-5.34332155E-1
2.01850863E+4	2.87862811E+1	1.52860828E-7	2.19500073E+1	-1.22497337E+1	2.51368059E+1	-5.09021125E-1
2.16438064E+4	2.78180644E+1	1.39059291E-7	2.17882549E+1	-1.14620576E+1	2.46192409E+1	-4.84282272E-1
2.32079442E+4	2.69328821E+1	1.26075899E-7	2.16299154E+1	-1.07099091E+1	2.41361938E+1	-4.59754715E-1
2.48851178E+4	2.61408535E+1	1.13850537E-7	2.14877298E+1	-9.99919464E+0	2.37003668E+1	-4.35540457E-1
2.66834962E+4	2.54091175E+1	1.02367202E-7	2.13491040E+1	-9.31006425E+0	2.32908101E+1	-4.11223610E-1
2.86118383E+4	2.47606222E+1	9.17285480E-8	2.12224471E+1	-8.66536888E+0	2.29233719E+1	-3.87650869E-1
3.06795364E+4	2.41735597E+1	8.18631297E-8	2.11027390E+1	-8.05001046E+0	2.25860203E+1	-3.64428754E-1
3.28966612E+4	2.36442176E+1	7.27421961E-8	2.09912888E+1	-7.46246165E+0	2.22782987E+1	-3.41568636E-1
3.52740116E+4	2.31620264E+1	6.43347596E-8	2.08841455E+1	-6.89721120E+0	2.19936155E+1	-3.18982606E-1
3.78231664E+4	2.27263732E+1	5.66987145E-8	2.07779400E+1	-6.36272938E+0	2.17303293E+1	-2.97158198E-1
4.05565415E+4	2.23373763E+1	4.96433048E-8	2.06856508E+1	-5.84524657E+0	2.14956544E+1	-2.75394806E-1
4.34874501E+4	2.19859419E+1	4.32224625E-8	2.05972472E+1	-5.34819828E+0	2.12802697E+1	-2.54045791E-1
4.66301673E+4	2.16729529E+1	3.73879455E-8	2.05165772E+1	-4.87081210E+0	2.10868397E+1	-2.33093289E-1
5.00000000E+4	2.13887227E+1	3.21049235E-8	2.04375853E+1	-4.40895778E+0	2.09077460E+1	-2.12471807E-1
5.36133611E+4	2.11295531E+1	2.73353469E-8	2.03588466E+1	-3.96114711E+0	2.07406203E+1	-1.92165508E-1
5.74878498E+4	2.08998467E+1	2.30393143E-8	2.02861726E+1	-3.52832646E+0	2.05907236E+1	-1.72204983E-1
6.16423370E+4	2.06966483E+1	1.91557939E-8	2.02198910E+1	-3.10483092E+0	2.04568808E+1	-1.52363227E-1
6.60970574E+4	2.05131938E+1	1.56761542E-8	2.01537541E+1	-2.69147718E+0	2.03326797E+1	-1.32761653E-1
7.08737081E+4	2.03509763E+1	1.25442378E-8	2.00913204E+1	-2.28403653E+0	2.02207316E+1	-1.13196772E-1
7.59955541E+4	2.02106309E+1	9.74738578E-9	2.00333636E+1	-1.88447311E+0	2.01218021E+1	-9.37907470E-2
8.14875417E+4	2.01084042E+1	7.23099022E-9	1.99975707E+1	-1.48875656E+0	2.00529109E+1	-7.43097909E-2
8.73764200E+4	1.99827626E+1	4.99340402E-9	1.99229752E+1	-1.09139122E+0	1.99528465E+1	-5.47258405E-2
9.36908711E+4	1.98939295E+1	2.99689606E-9	1.98694536E+1	-6.97357560E-1	1.98816878E+1	-3.50825590E-2
1.00461650E+5	1.98212224E+1	1.21074635E-9	1.98166746E+1	-3.00188880E-1	1.98189483E+1	-1.51471380E-2
1.07721735E+5	1.97671344E+1	-3.70329495E-10	1.97666489E+1	9.79374991E-2	1.97668917E+1	4.95463921E-3
1.15506485E+5	1.97302878E+1	-1.77043827E-9	1.97176151E+1	4.99867204E-1	1.97239504E+1	2.53458777E-2
1.23853818E+5	1.97097438E+1	-3.01551801E-9	1.96676691E+1	9.09672459E-1	1.96886952E+1	4.62192351E-2
1.32804389E+5	1.97129900E+1	-4.11473831E-9	1.96230864E+1	1.32817238E+0	1.96679868E+1	6.75810792E-2
1.42401793E+5	1.97313548E+1	-5.07981344E-9	1.95739279E+1	1.75540761E+0	1.96524837E+1	8.94416358E-2
1.52692775E+5	1.97725286E+1	-5.92837078E-9	1.95255858E+1	2.19583639E+0	1.96486692E+1	1.11988908E-1
1.63727458E+5	1.98395097E+1	-6.67121009E-9	1.94784095E+1	2.65210298E+0	1.96581305E+1	1.35323902E-1
1.75559587E+5	1.99330253E+1	-7.30886751E-9	1.94311969E+1	3.12267828E+0	1.96805117E+1	1.59341981E-1
1.88246790E+5	2.00747922E+1	-7.84565707E-9	1.93927855E+1	3.61073367E+0	1.97306819E+1	1.84084796E-1
2.01850863E+5	2.02104474E+1	-8.31736584E-9	1.93317958E+1	4.12139652E+0	1.97662399E+1	2.10048012E-1
2.16438064E+5	2.04053992E+1	-8.69866600E-9	1.92819005E+1	4.65437214E+0	1.98356970E+1	2.36854651E-1
2.32079442E+5	2.06404016E+1	-9.00783304E-9	1.92271330E+1	5.21278166E+0	1.99212386E+1	2.64751629E-1
2.48851178E+5	2.09243660E+1	-9.24385933E-9	1.91709161E+1	5.79786408E+0	2.00284613E+1	2.93684855E-1
2.66834962E+5	2.12604913E+1	-9.41161612E-9	1.91098074E+1	6.41085927E+0	2.01564851E+1	3.23676687E-1
2.86118383E+5	2.16663403E+1	-9.51875913E-9	1.90479661E+1	7.06220128E+0	2.03150120E+1	3.55047201E-1
3.06795364E+5	2.21390670E+1	-9.56561886E-9	1.89766333E+1	7.74676178E+0	2.04969498E+1	3.87577880E-1
3.28966612E+5	2.27003897E+1	-9.55260505E-9	1.89028582E+1	8.47255284E+0	2.07147831E+1	4.21368872E-1
3.52740116E+5	2.33546525E+1	-9.48099654E-9	1.88216830E+1	9.23677753E+0	2.09660167E+1	4.56221859E-1
3.78231664E+5	2.41219345E+1	-9.35786332E-9	1.87314802E+1	1.00484401E+1	2.12565173E+1	4.92378066E-1
4.05565415E+5	2.50029076E+1	-9.18281577E-9	1.86268378E+1	1.08979766E+1	2.15806643E+1	5.29368234E-1
4.34874501E+5	2.60569628E+1	-8.96160704E-9	1.85181297E+1	1.18154528E+1	2.19664783E+1	5.67927124E-1
4.66301673E+5	2.72871438E+1	-8.69718498E-9	1.83941556E+1	1.27897866E+1	2.24036570E+1	6.07576564E-1
5.00000000E+5	2.87168616E+1	-8.39595818E-9	1.82475391E+1	1.38216896E+1	2.28913075E+1	6.48255344E-1
