Start time:20240904_03-22-41	sweep/start:500.000	sweep/stop:500000.000	sweep/samplecount:100.000	sweep/xmapping:1.000	sweep/scan:0.000	sweep/averaging/sample:10.000	sweep/settling/time:0.100	sweep/settling/inaccuracy:0.010	sweep/awgcontrol:0.000	sweep/averaging/time:0.100	sweep/averaging/tc:15.000	sweep/bandwidthcontrol:2.000	sweep/sincfilter:0.000	sweep/omegasuppression:80.000	sweep/maxbandwidth:100.000	sweep/bandwidth:1250000.000	sweep/order:8.000	sweep/bandwidthoverlap:1.000																				
Frequency	Param0		Param1		RealZ		ImagZ		AbsZ		PhaseZ		
5.00000000E+2	9.31428426E+2	7.20904577E-7	1.70906171E+2	-3.60524481E+2	3.98982242E+2	-1.12812441E+0
5.36133611E+2	8.55226089E+2	7.01070143E-7	1.68373331E+2	-3.40069936E+2	3.79469583E+2	-1.11106531E+0
5.74878498E+2	7.86912305E+2	6.80430128E-7	1.65997233E+2	-3.21045187E+2	3.61420987E+2	-1.09359992E+0
6.16423370E+2	7.26268429E+2	6.59327899E-7	1.63586660E+2	-3.03392753E+2	3.44685035E+2	-1.07628957E+0
6.60970574E+2	6.72179268E+2	6.37789551E-7	1.61197005E+2	-2.86999564E+2	3.29170532E+2	-1.05904302E+0
7.08737081E+2	6.23919809E+2	6.16147837E-7	1.58733781E+2	-2.71736398E+2	3.14701605E+2	-1.04211561E+0
7.59955541E+2	5.80850489E+2	5.94427074E-7	1.56223335E+2	-2.57558994E+2	3.01234751E+2	-1.02557194E+0
8.14875417E+2	5.42279190E+2	5.72638675E-7	1.53714288E+2	-2.44393028E+2	2.88714463E+2	-1.00935194E+0
8.73764200E+2	5.07795649E+2	5.51039353E-7	1.51134713E+2	-2.32171983E+2	2.77029848E+2	-9.93746442E-1
9.36908711E+2	4.76797437E+2	5.29729359E-7	1.48502565E+2	-2.20799947E+2	2.66093278E+2	-9.78720598E-1
1.00461650E+3	4.48891209E+2	5.08797219E-7	1.45819011E+2	-2.10222909E+2	2.55845385E+2	-9.64351611E-1
1.07721735E+3	4.23689431E+2	4.88376245E-7	1.43069668E+2	-2.00370066E+2	2.46205397E+2	-9.50718081E-1
1.15506485E+3	4.00889535E+2	4.68525463E-7	1.40260314E+2	-1.91196043E+2	2.37126308E+2	-9.37877850E-1
1.23853818E+3	3.80225881E+2	4.49257394E-7	1.37411298E+2	-1.82662154E+2	2.28576746E+2	-9.25843864E-1
1.32804389E+3	3.61373430E+2	4.30717281E-7	1.34496064E+2	-1.74682882E+2	2.20461566E+2	-9.14652672E-1
1.42401793E+3	3.44136726E+2	4.12911887E-7	1.31527140E+2	-1.67224177E+2	2.12751771E+2	-9.04321799E-1
1.52692775E+3	3.28300907E+2	3.95917062E-7	1.28490100E+2	-1.60230172E+2	2.05386014E+2	-8.94892135E-1
1.63727458E+3	3.13700516E+2	3.79665288E-7	1.25420617E+2	-1.53669056E+2	1.98354508E+2	-8.86270978E-1
1.75559587E+3	3.00201741E+2	3.64215863E-7	1.22300133E+2	-1.47503859E+2	1.91610834E+2	-8.78542804E-1
1.88246790E+3	2.87559170E+2	3.49557145E-7	1.19144532E+2	-1.41653383E+2	1.85097546E+2	-8.71492435E-1
2.01850863E+3	2.75812716E+2	3.35624621E-7	1.15968461E+2	-1.36150250E+2	1.78845115E+2	-8.65276598E-1
2.16438064E+3	2.64736772E+2	3.22414896E-7	1.12780331E+2	-1.30911026E+2	1.72792072E+2	-8.59661577E-1
2.32079442E+3	2.54316683E+2	3.09933390E-7	1.09569634E+2	-1.25936017E+2	1.66929283E+2	-8.54781264E-1
2.48851178E+3	2.44401019E+2	2.98052442E-7	1.06387568E+2	-1.21173076E+2	1.61248967E+2	-8.50280883E-1
2.66834962E+3	2.35039031E+2	2.86812093E-7	1.03205893E+2	-1.16644570E+2	1.55747913E+2	-8.46448643E-1
2.86118383E+3	2.26062517E+2	2.76131539E-7	1.00057217E+2	-1.12284185E+2	1.50396760E+2	-8.42916301E-1
3.06795364E+3	2.17479987E+2	2.65999826E-7	9.69362282E+1	-1.08097440E+2	1.45195349E+2	-8.39780489E-1
3.28966612E+3	2.09255840E+2	2.56338453E-7	9.38675721E+1	-1.04073128E+2	1.40151123E+2	-8.36911204E-1
3.52740116E+3	2.01342515E+2	2.47116810E-7	9.08572231E+1	-1.00191746E+2	1.35253175E+2	-8.34218657E-1
3.78231664E+3	1.93733489E+2	2.38353476E-7	8.78896471E+1	-9.64498683E+1	1.30488189E+2	-8.31802085E-1
4.05565415E+3	1.86380941E+2	2.29977044E-7	8.49876371E+1	-9.28287453E+1	1.25857360E+2	-8.29466272E-1
4.34874501E+3	1.79300310E+2	2.21900500E-7	8.21777108E+1	-8.93381899E+1	1.21385702E+2	-8.27122129E-1
4.66301673E+3	1.72438805E+2	2.14178622E-7	7.94323253E+1	-8.59518461E+1	1.17035100E+2	-8.24798230E-1
5.00000000E+3	1.65780992E+2	2.06781639E-7	7.67566142E+1	-8.26632273E+1	1.12804199E+2	-8.22431907E-1
5.36133611E+3	1.59408923E+2	1.99615458E-7	7.41782437E+1	-7.95126515E+1	1.08741316E+2	-8.20092912E-1
5.74878498E+3	1.53194731E+2	1.92726008E-7	7.16763050E+1	-7.64391214E+1	1.04787557E+2	-8.17543202E-1
6.16423370E+3	1.47200121E+2	1.86099164E-7	6.92477970E+1	-7.34712628E+1	1.00961795E+2	-8.14982393E-1
6.60970574E+3	1.41385103E+2	1.79680463E-7	6.69089511E+1	-7.05912247E+1	9.72621655E+1	-8.12171902E-1
7.08737081E+3	1.35777433E+2	1.73468629E-7	6.46532345E+1	-6.78115718E+1	9.36933835E+1	-8.09236487E-1
7.59955541E+3	1.30322303E+2	1.67448250E-7	6.24818516E+1	-6.51060420E+1	9.02373460E+1	-8.05962968E-1
8.14875417E+3	1.25069586E+2	1.61608046E-7	6.03922040E+1	-6.24980735E+1	8.69093074E+1	-8.02532663E-1
8.73764200E+3	1.19973628E+2	1.55932568E-7	5.83853982E+1	-5.99654306E+1	8.36941324E+1	-7.98747789E-1
9.36908711E+3	1.15030789E+2	1.50428987E-7	5.64530257E+1	-5.75055801E+1	8.05843408E+1	-7.94634188E-1
1.00461650E+4	1.10265021E+2	1.45047478E-7	5.46084728E+1	-5.51300188E+1	7.75977083E+1	-7.90150756E-1
1.07721735E+4	1.05664142E+2	1.39813828E-7	5.28368200E+1	-5.28320696E+1	7.47191889E+1	-7.85353207E-1
1.15506485E+4	1.01213410E+2	1.34685178E-7	5.11492190E+1	-5.06037964E+1	7.19512811E+1	-7.80037954E-1
1.23853818E+4	9.69094341E+1	1.29683329E-7	4.95323757E+1	-4.84427291E+1	6.92831464E+1	-7.74276962E-1
1.32804389E+4	9.27578624E+1	1.24792830E-7	4.79873482E+1	-4.63510306E+1	6.67173421E+1	-7.68054703E-1
1.42401793E+4	8.87662719E+1	1.19997091E-7	4.65159531E+1	-4.43318575E+1	6.42576658E+1	-7.61361533E-1
1.52692775E+4	8.49035280E+1	1.15284360E-7	4.51173354E+1	-4.23679886E+1	6.18920084E+1	-7.53982132E-1
1.63727458E+4	8.11904561E+1	1.10654052E-7	4.37878894E+1	-4.04694779E+1	5.96251486E+1	-7.46034260E-1
1.75559587E+4	7.76559535E+1	1.06141459E-7	4.25124601E+1	-3.86527440E+1	5.74573306E+1	-7.37880098E-1
1.88246790E+4	7.42209445E+1	1.01613921E-7	4.13315443E+1	-3.68696208E+1	5.53865139E+1	-7.28402947E-1
2.01850863E+4	7.09253958E+1	9.72385757E-8	4.01827472E+1	-3.51471644E+1	5.33851745E+1	-7.18650431E-1
2.16438064E+4	6.77948948E+1	9.28773363E-8	3.91147610E+1	-3.34935235E+1	5.14954455E+1	-7.08133608E-1
2.32079442E+4	6.48035404E+1	8.85888365E-8	3.81019957E+1	-3.18964124E+1	4.96904800E+1	-6.96976121E-1
2.48851178E+4	6.19099158E+1	8.43751407E-8	3.71363760E+1	-3.03314578E+1	4.79490255E+1	-6.84876549E-1
2.66834962E+4	5.92328731E+1	8.02324984E-8	3.62313669E+1	-2.88682402E+1	4.63258857E+1	-6.72771222E-1
2.86118383E+4	5.66540004E+1	7.61426264E-8	3.53776483E+1	-2.74355073E+1	4.47692440E+1	-6.59624841E-1
3.06795364E+4	5.42076311E+1	7.21196654E-8	3.45730015E+1	-2.60543267E+1	4.32911130E+1	-6.45803207E-1
3.28966612E+4	5.18846853E+1	6.81709552E-8	3.38123063E+1	-2.47198045E+1	4.18848522E+1	-6.31287786E-1
3.52740116E+4	4.96905602E+1	6.43000476E-8	3.30947386E+1	-2.34357477E+1	4.05523867E+1	-6.16168993E-1
3.78231664E+4	4.76291948E+1	6.04982634E-8	3.24244194E+1	-2.22037339E+1	3.92982051E+1	-6.00440957E-1
4.05565415E+4	4.56727836E+1	5.67661845E-8	3.17946736E+1	-2.10059470E+1	3.81071017E+1	-5.83843084E-1
4.34874501E+4	4.38480418E+1	5.31428817E-8	3.11998002E+1	-1.98651072E+1	3.69871614E+1	-5.66973015E-1
4.66301673E+4	4.21255404E+1	4.96049915E-8	3.06405228E+1	-1.87591802E+1	3.59269892E+1	-5.49366798E-1
5.00000000E+4	4.05105497E+1	4.61720847E-8	3.01126785E+1	-1.76948492E+1	3.49267969E+1	-5.31267729E-1
5.36133611E+4	3.89974829E+1	4.28496179E-8	2.96139035E+1	-1.66698650E+1	3.39833443E+1	-5.12698360E-1
5.74878498E+4	3.75829076E+1	3.96304521E-8	2.91468081E+1	-1.56807320E+1	3.30971568E+1	-4.93576828E-1
6.16423370E+4	3.62584006E+1	3.65317942E-8	2.87037291E+1	-1.47257330E+1	3.22606773E+1	-4.74013297E-1
6.60970574E+4	3.50210392E+1	3.35546338E-8	2.82845159E+1	-1.38035968E+1	3.14730542E+1	-4.54023111E-1
7.08737081E+4	3.38633485E+1	3.06970538E-8	2.78875763E+1	-1.29092907E+1	3.07305501E+1	-4.33533522E-1
7.59955541E+4	3.27844325E+1	2.79587093E-8	2.75138652E+1	-1.20421614E+1	3.00337552E+1	-4.12558242E-1
8.14875417E+4	3.17805920E+1	2.53547845E-8	2.71580159E+1	-1.12044625E+1	2.93785265E+1	-3.91291618E-1
8.73764200E+4	3.08424019E+1	2.28708998E-8	2.68201248E+1	-1.03864313E+1	2.87610338E+1	-3.69477865E-1
9.36908711E+4	2.99651160E+1	2.05140144E-8	2.64956534E+1	-9.58778695E+0	2.81770354E+1	-3.47203539E-1
1.00461650E+5	2.91490970E+1	1.82748420E-8	2.61881987E+1	-8.80571296E+0	2.76290127E+1	-3.24370895E-1
1.07721735E+5	2.83900979E+1	1.61655471E-8	2.58918049E+1	-8.04271763E+0	2.71121905E+1	-3.01178440E-1
1.15506485E+5	2.76857490E+1	1.41643735E-8	2.56112616E+1	-7.28904874E+0	2.66283112E+1	-2.77272190E-1
1.23853818E+5	2.70297388E+1	1.22808082E-8	2.53388938E+1	-6.54554343E+0	2.61706645E+1	-2.52793808E-1
1.32804389E+5	2.64231575E+1	1.05063327E-8	2.50774776E+1	-5.80914119E+0	2.57415255E+1	-2.27632783E-1
1.42401793E+5	2.58652763E+1	8.83742705E-9	2.48267981E+1	-5.07760617E+0	2.53407181E+1	-2.01739046E-1
1.52692775E+5	2.53525003E+1	7.26872930E-9	2.45840618E+1	-4.34641597E+0	2.49653247E+1	-1.74989823E-1
1.63727458E+5	2.48850127E+1	5.79927907E-9	2.43483563E+1	-3.61478861E+0	2.46152220E+1	-1.47384767E-1
1.75559587E+5	2.44626375E+1	4.42371111E-9	2.41189624E+1	-2.87907571E+0	2.42901921E+1	-1.18807624E-1
1.88246790E+5	2.41342298E+1	3.16697066E-9	2.39291590E+1	-2.16213798E+0	2.40314368E+1	-9.01170697E-2
2.01850863E+5	2.37602774E+1	1.94014509E-9	2.36793371E+1	-1.38441310E+0	2.37197727E+1	-5.83985517E-2
2.16438064E+5	2.34833999E+1	8.28108631E-10	2.34669867E+1	-6.20610620E-1	2.34751919E+1	-2.64399491E-2
2.32079442E+5	2.32591223E+1	-2.03070021E-10	2.32580186E+1	1.60187367E-1	2.32585705E+1	6.88729590E-3
2.48851178E+5	2.30939795E+1	-1.15140359E-9	2.30541281E+1	9.58505592E-1	2.30740452E+1	4.15523780E-2
2.66834962E+5	2.29900494E+1	-2.02118991E-9	2.28513545E+1	1.78025279E+0	2.29205970E+1	7.77487362E-2
2.86118383E+5	2.29542927E+1	-2.80938938E-9	2.26498750E+1	2.62583404E+0	2.28015758E+1	1.15416275E-1
3.06795364E+5	2.29922903E+1	-3.51705817E-9	2.24468630E+1	3.49901739E+0	2.27179398E+1	1.54635555E-1
3.28966612E+5	2.31160164E+1	-4.14549538E-9	2.22433599E+1	4.40576566E+0	2.26754905E+1	1.95540135E-1
3.52740116E+5	2.33330923E+1	-4.69150291E-9	2.20359993E+1	5.34628024E+0	2.26752729E+1	2.38016791E-1
3.78231664E+5	2.36617942E+1	-5.15152611E-9	2.18299220E+1	6.32373217E+0	2.27274089E+1	2.81963933E-1
4.05565415E+5	2.41133441E+1	-5.52316604E-9	2.16228413E+1	7.33835535E+0	2.28341627E+1	3.27182474E-1
4.34874501E+5	2.47031314E+1	-5.82655383E-9	2.13940318E+1	8.41395339E+0	2.29891176E+1	3.74704268E-1
4.66301673E+5	2.54530797E+1	-6.04504714E-9	2.11540758E+1	9.53629519E+0	2.32042300E+1	4.23520769E-1
NaN	NaN	NaN	NaN	NaN	NaN	NaN
