Start time:20240903_03-33-37	sweep/start:500.000	sweep/stop:500000.000	sweep/samplecount:100.000	sweep/xmapping:1.000	sweep/scan:0.000	sweep/averaging/sample:10.000	sweep/settling/time:0.100	sweep/settling/inaccuracy:0.010	sweep/awgcontrol:0.000	sweep/averaging/time:0.100	sweep/averaging/tc:15.000	sweep/bandwidthcontrol:2.000	sweep/sincfilter:0.000	sweep/omegasuppression:80.000	sweep/maxbandwidth:100.000	sweep/bandwidth:1250000.000	sweep/order:8.000	sweep/bandwidthoverlap:1.000																				
Frequency	Param0		Param1		RealZ		ImagZ		AbsZ		PhaseZ		
5.00000000E+2	2.38455198E+3	9.14020422E-7	4.97986532E+1	-3.40979580E+2	3.44596852E+2	-1.42577575E+0
5.36133611E+2	2.15503439E+3	9.09832372E-7	4.82920658E+1	-3.18964896E+2	3.22599963E+2	-1.42053507E+0
5.74878498E+2	1.94806762E+3	9.05238378E-7	4.68582570E+1	-2.98474309E+2	3.02130138E+2	-1.41507481E+0
6.16423370E+2	1.75947438E+3	9.00448263E-7	4.55196975E+1	-2.79317803E+2	2.83002623E+2	-1.40924907E+0
6.60970574E+2	1.58777983E+3	8.95508314E-7	4.42657591E+1	-2.61389817E+2	2.65111484E+2	-1.40304022E+0
7.08737081E+2	1.43219451E+3	8.90298015E-7	4.30856258E+1	-2.44643582E+2	2.48408650E+2	-1.39646812E+0
7.59955541E+2	1.29060366E+3	8.84883234E-7	4.19890018E+1	-2.28971527E+2	2.32789692E+2	-1.38943056E+0
8.14875417E+2	1.16276462E+3	8.79207388E-7	4.09463041E+1	-2.14322755E+2	2.18199096E+2	-1.38202142E+0
8.73764200E+2	1.04722486E+3	8.73194214E-7	3.99660883E+1	-2.00639365E+2	2.04581144E+2	-1.37417621E+0
9.36908711E+2	9.42783959E+2	8.66963594E-7	3.90361711E+1	-1.87826577E+2	1.91840160E+2	-1.36588250E+0
1.00461650E+3	8.48532858E+2	8.60332952E-7	3.81638702E+1	-1.75860132E+2	1.79953518E+2	-1.35709726E+0
1.07721735E+3	7.63720815E+2	8.53324312E-7	3.73339884E+1	-1.64678149E+2	1.68857102E+2	-1.34785601E+0
1.15506485E+3	6.87392826E+2	8.45964297E-7	3.65422271E+1	-1.54219050E+2	1.58489276E+2	-1.33813708E+0
1.23853818E+3	6.18475763E+2	8.38223908E-7	3.58000020E+1	-1.44429181E+2	1.48799963E+2	-1.32782115E+0
1.32804389E+3	5.56697550E+2	8.29951138E-7	3.50924473E+1	-1.35293737E+2	1.39770796E+2	-1.31700939E+0
1.42401793E+3	5.01114874E+2	8.21231739E-7	3.44218861E+1	-1.26745609E+2	1.31336651E+2	-1.30561013E+0
1.52692775E+3	4.51303244E+2	8.11923410E-7	3.37841263E+1	-1.18766643E+2	1.23478269E+2	-1.29365849E+0
1.63727458E+3	4.06547447E+2	8.02178397E-7	3.31724899E+1	-1.11291396E+2	1.16130053E+2	-1.28111224E+0
1.75559587E+3	3.66408537E+2	7.91826615E-7	3.25917733E+1	-1.04305700E+2	1.09279014E+2	-1.26794428E+0
1.88246790E+3	3.30563008E+2	7.80914571E-7	3.20236735E+1	-9.77769142E+1	1.02887515E+2	-1.25428891E+0
2.01850863E+3	2.98405259E+2	7.69300504E-7	3.14883680E+1	-9.16775684E+1	9.69344827E+1	-1.23995192E+0
2.16438064E+3	2.69611269E+2	7.57107109E-7	3.09691553E+1	-8.59682747E+1	9.13763256E+1	-1.22502887E+0
2.32079442E+3	2.43825880E+2	7.44243171E-7	3.04706012E+1	-8.06291700E+1	8.61946672E+1	-1.20947652E+0
2.48851178E+3	2.20721897E+2	7.30721985E-7	2.99907508E+1	-7.56318016E+1	8.13610144E+1	-1.19327950E+0
2.66834962E+3	2.00061782E+2	7.16473879E-7	2.95281296E+1	-7.09615336E+1	7.68599360E+1	-1.17647571E+0
2.86118383E+3	1.81546445E+2	7.01582692E-7	2.90797426E+1	-6.65859738E+1	7.26589528E+1	-1.15903678E+0
3.06795364E+3	1.64964733E+2	6.85948632E-7	2.86497532E+1	-6.24931197E+1	6.87473524E+1	-1.14094051E+0
3.28966612E+3	1.50134591E+2	6.69708879E-7	2.82253655E+1	-5.86594589E+1	6.50968774E+1	-1.12232320E+0
3.52740116E+3	1.36830097E+2	6.52669694E-7	2.78245944E+1	-5.50729842E+1	6.17028501E+1	-1.10297246E+0
3.78231664E+3	1.24892802E+2	6.35068335E-7	2.74310799E+1	-5.17057002E+1	5.85315622E+1	-1.08302928E+0
4.05565415E+3	1.14168698E+2	6.16789527E-7	2.70544917E+1	-4.85471945E+1	5.55767553E+1	-1.06237931E+0
4.34874501E+3	1.04611182E+2	5.97836019E-7	2.66853761E+1	-4.56013044E+1	5.28354841E+1	-1.04133855E+0
4.66301673E+3	9.60082106E+1	5.78267768E-7	2.63334205E+1	-4.28342773E+1	5.02814520E+1	-1.01958400E+0
5.00000000E+3	8.82708930E+1	5.58216185E-7	2.59903771E+1	-4.02329951E+1	4.78977417E+1	-9.97240612E-1
5.36133611E+3	8.13266160E+1	5.37606162E-7	2.56615567E+1	-3.77948661E+1	4.56833389E+1	-9.74324752E-1
5.74878498E+3	7.50846327E+1	5.16513058E-7	2.53463025E+1	-3.55060940E+1	4.36247381E+1	-9.50830241E-1
6.16423370E+3	6.94775169E+1	4.95081195E-7	2.50383812E+1	-3.33569175E+1	4.17085663E+1	-9.26898311E-1
6.60970574E+3	6.44336401E+1	4.73325416E-7	2.47418340E+1	-3.13376454E+1	3.99275142E+1	-9.02475697E-1
7.08737081E+3	5.98978875E+1	4.51237575E-7	2.44615931E+1	-2.94419455E+1	3.82779011E+1	-8.77530389E-1
7.59955541E+3	5.58126794E+1	4.29078079E-7	2.41864745E+1	-2.76573018E+1	3.67411475E+1	-8.52246220E-1
8.14875417E+3	5.21336579E+1	4.06788881E-7	2.39254103E+1	-2.59787187E+1	3.53174053E+1	-8.26520029E-1
8.73764200E+3	4.88305314E+1	3.84487151E-7	2.36763687E+1	-2.44040808E+1	3.40019062E+1	-8.00532325E-1
9.36908711E+3	4.58476929E+1	3.62333171E-7	2.34356231E+1	-2.29181324E+1	3.27790976E+1	-7.74234681E-1
1.00461650E+4	4.31620017E+1	3.40350564E-7	2.32074027E+1	-2.15196272E+1	3.16492958E+1	-7.47681035E-1
1.07721735E+4	4.07429336E+1	3.18699622E-7	2.29876257E+1	-2.02027802E+1	3.06036483E+1	-7.21008969E-1
1.15506485E+4	3.85679413E+1	2.97416787E-7	2.27803315E+1	-1.89643593E+1	2.96410267E+1	-6.94239368E-1
1.23853818E+4	3.66022961E+1	2.76599598E-7	2.25839211E+1	-1.77929710E+1	2.87510582E+1	-6.67294620E-1
1.32804389E+4	3.48332546E+1	2.56408069E-7	2.23944893E+1	-1.66901094E+1	2.79297857E+1	-6.40471858E-1
1.42401793E+4	3.32416170E+1	2.36878810E-7	2.22148059E+1	-1.56511478E+1	2.71745480E+1	-6.13764284E-1
1.52692775E+4	3.18048983E+1	2.18043810E-7	2.20459772E+1	-1.46678158E+1	2.64796152E+1	-5.87075525E-1
1.63727458E+4	3.05118291E+1	1.99980201E-7	2.18877248E+1	-1.37390626E+1	2.58424935E+1	-5.60543076E-1
1.75559587E+4	2.93454102E+1	1.82900613E-7	2.17288687E+1	-1.28646032E+1	2.52515812E+1	-5.34554327E-1
1.88246790E+4	2.82882362E+1	1.66522582E-7	2.15868694E+1	-1.20275154E+1	2.47114218E+1	-5.08329895E-1
2.01850863E+4	2.73456392E+1	1.51229467E-7	2.14460966E+1	-1.12481914E+1	2.42168773E+1	-4.83044691E-1
2.16438064E+4	2.65021070E+1	1.36832473E-7	2.13176219E+1	-1.05128778E+1	2.37689259E+1	-4.58156102E-1
2.32079442E+4	2.57256384E+1	1.23251553E-7	2.11947644E+1	-9.79950167E+0	2.33505620E+1	-4.33080223E-1
2.48851178E+4	2.50337835E+1	1.10634628E-7	2.10804945E+1	-9.12887941E+0	2.29722528E+1	-4.08667949E-1
2.66834962E+4	2.44179922E+1	9.90452087E-8	2.09702293E+1	-8.50294154E+0	2.26285405E+1	-3.85218744E-1
2.86118383E+4	2.38513822E+1	8.82560032E-8	2.08635524E+1	-7.89535705E+0	2.23074999E+1	-3.61772782E-1
3.06795364E+4	2.33457507E+1	7.83524773E-8	2.07641294E+1	-7.32154806E+0	2.20171339E+1	-3.38994173E-1
3.28966612E+4	2.28894739E+1	6.92043662E-8	2.06732625E+1	-6.76877155E+0	2.17531629E+1	-3.16416209E-1
3.52740116E+4	2.24779715E+1	6.08538446E-8	2.05859315E+1	-6.24094116E+0	2.15111594E+1	-2.94358323E-1
3.78231664E+4	2.21048636E+1	5.33147476E-8	2.04970414E+1	-5.74068969E+0	2.12857769E+1	-2.73077372E-1
4.05565415E+4	2.17733840E+1	4.64498918E-8	2.04172539E+1	-5.26197500E+0	2.10844186E+1	-2.52233069E-1
4.34874501E+4	2.14793730E+1	4.01803088E-8	2.03478174E+1	-4.79840060E+0	2.09059407E+1	-2.31587880E-1
4.66301673E+4	2.12071036E+1	3.45053479E-8	2.02751492E+1	-4.34688883E+0	2.07358913E+1	-2.11197754E-1
5.00000000E+4	2.09654412E+1	2.93987209E-8	2.02077635E+1	-3.91291602E+0	2.05831163E+1	-1.91267262E-1
5.36133611E+4	2.07498238E+1	2.48082930E-8	2.01440974E+1	-3.49310791E+0	2.04447175E+1	-1.71698639E-1
5.74878498E+4	2.05557664E+1	2.06933142E-8	2.00816988E+1	-3.08546106E+0	2.03173499E+1	-1.52453235E-1
6.16423370E+4	2.03834831E+1	1.69775971E-8	2.00237559E+1	-2.68385572E+0	2.02028188E+1	-1.33239478E-1
6.60970574E+4	2.02297792E+1	1.36688410E-8	1.99664668E+1	-2.29290507E+0	2.00976918E+1	-1.14336934E-1
7.08737081E+4	2.00946684E+1	1.07047482E-8	1.99119595E+1	-1.90737625E+0	2.00031053E+1	-9.54990961E-2
7.59955541E+4	1.99774282E+1	8.06229571E-9	1.98599621E+1	-1.52737147E+0	1.99186085E+1	-7.67559839E-2
8.14875417E+4	1.98761567E+1	5.69568627E-9	1.98096023E+1	-1.14822062E+0	1.98428516E+1	-5.78980461E-2
8.73764200E+4	1.97912781E+1	3.58808165E-9	1.97612422E+1	-7.70414571E-1	1.97762545E+1	-3.89664078E-2
9.36908711E+4	1.97208623E+1	1.71860898E-9	1.97130148E+1	-3.93308254E-1	1.97169382E+1	-1.99490606E-2
1.00461650E+5	1.96663775E+1	5.78412867E-11	1.96663670E+1	-1.41210309E-2	1.96663723E+1	-7.18029516E-4
1.07721735E+5	1.96278322E+1	-1.42066849E-9	1.96208430E+1	3.70310434E-1	1.96243373E+1	1.88710787E-2
1.15506485E+5	1.96070689E+1	-2.73116116E-9	1.95774988E+1	7.60857691E-1	1.95922783E+1	3.88443377E-2
1.23853818E+5	1.96015960E+1	-3.88610279E-9	1.95329588E+1	1.15787877E+0	1.95672473E+1	5.92089148E-2
1.32804389E+5	1.96161498E+1	-4.90056255E-9	1.94907339E+1	1.56343566E+0	1.95533413E+1	8.00429294E-2
1.42401793E+5	1.96486173E+1	-5.79514803E-9	1.94467660E+1	1.98124980E+0	1.95474311E+1	1.01530366E-1
1.52692775E+5	1.97050774E+1	-6.57482582E-9	1.94052704E+1	2.41201731E+0	1.95545994E+1	1.23662774E-1
1.63727458E+5	1.97807905E+1	-7.24736227E-9	1.93597251E+1	2.85511883E+0	1.95691253E+1	1.46421791E-1
1.75559587E+5	1.98865512E+1	-7.83062697E-9	1.93165821E+1	3.31810936E+0	1.95994948E+1	1.70114969E-1
1.88246790E+5	2.00290897E+1	-8.35455189E-9	1.92652107E+1	3.81101282E+0	1.96432532E+1	1.95296788E-1
2.01850863E+5	2.01857531E+1	-8.74133971E-9	1.92230566E+1	4.30185604E+0	1.96985247E+1	2.20158892E-1
2.16438064E+5	2.03906366E+1	-9.07536640E-9	1.91761871E+1	4.82581567E+0	1.97740907E+1	2.46537282E-1
2.32079442E+5	2.06370905E+1	-9.34344610E-9	1.91251035E+1	5.37744366E+0	1.98667181E+1	2.74095171E-1
2.48851178E+5	2.09312559E+1	-9.54250394E-9	1.90711743E+1	5.95599952E+0	1.99795803E+1	3.02706074E-1
2.66834962E+5	2.12836612E+1	-9.68017657E-9	1.90148525E+1	6.56818081E+0	2.01172978E+1	3.32592145E-1
2.86118383E+5	2.16962850E+1	-9.75180459E-9	1.89541075E+1	7.20940311E+0	2.02788982E+1	3.63462413E-1
3.06795364E+5	2.21820047E+1	-9.76856389E-9	1.88868233E+1	7.88894798E+0	2.04682095E+1	3.95667744E-1
3.28966612E+5	2.27511784E+1	-9.72828583E-9	1.88136999E+1	8.60688640E+0	2.06889786E+1	4.29056647E-1
3.52740116E+5	2.34235764E+1	-9.63572111E-9	1.87353701E+1	9.37204597E+0	2.09487319E+1	4.63833791E-1
3.78231664E+5	2.41979680E+1	-9.48687977E-9	1.86477844E+1	1.01734261E+1	2.12423747E+1	4.99425558E-1
4.05565415E+5	2.51039508E+1	-9.29878135E-9	1.85426428E+1	1.10301267E+1	2.15752987E+1	5.36625396E-1
4.34874501E+5	2.61800836E+1	-9.05704652E-9	1.84397683E+1	1.19469411E+1	2.19716774E+1	5.74890458E-1
4.66301673E+5	2.74081438E+1	-8.77756835E-9	1.83108592E+1	1.29065246E+1	2.24023754E+1	6.13977433E-1
5.00000000E+5	2.88594065E+1	-8.45932342E-9	1.81708142E+1	1.39362757E+1	2.28997527E+1	6.54267102E-1
