Start time:20240903_07-35-53	sweep/start:500.000	sweep/stop:500000.000	sweep/samplecount:100.000	sweep/xmapping:1.000	sweep/scan:0.000	sweep/averaging/sample:10.000	sweep/settling/time:0.100	sweep/settling/inaccuracy:0.010	sweep/awgcontrol:0.000	sweep/averaging/time:0.100	sweep/averaging/tc:15.000	sweep/bandwidthcontrol:2.000	sweep/sincfilter:0.000	sweep/omegasuppression:80.000	sweep/maxbandwidth:100.000	sweep/bandwidth:1250000.000	sweep/order:8.000	sweep/bandwidthoverlap:1.000																				
Frequency	Param0		Param1		RealZ		ImagZ		AbsZ		PhaseZ		
5.00000000E+2	2.06547815E+3	9.10687072E-7	5.75016230E+1	-3.39796546E+2	3.44627531E+2	-1.40316075E+0
5.36133611E+2	1.86304439E+3	9.04957706E-7	5.60216990E+1	-3.18169951E+2	3.23064327E+2	-1.39650804E+0
5.74878498E+2	1.68026103E+3	8.99120896E-7	5.45922506E+1	-2.97907422E+2	3.02868204E+2	-1.38955488E+0
6.16423370E+2	1.51452125E+3	8.92968753E-7	5.32583680E+1	-2.78970153E+2	2.84008459E+2	-1.38215563E+0
6.60970574E+2	1.36645745E+3	8.86527126E-7	5.19359606E+1	-2.61286831E+2	2.66398493E+2	-1.37458383E+0
7.08737081E+2	1.23171993E+3	8.79664178E-7	5.07293629E+1	-2.44766790E+2	2.49968507E+2	-1.36643377E+0
7.59955541E+2	1.11082436E+3	8.72424995E-7	4.95610686E+1	-2.29340928E+2	2.34634960E+2	-1.35796696E+0
8.14875417E+2	1.00229704E+3	8.64799658E-7	4.84308357E+1	-2.14933641E+2	2.20322534E+2	-1.34916853E+0
8.73764200E+2	9.04021027E+2	8.56761848E-7	4.73777895E+1	-2.01459253E+2	2.06955278E+2	-1.33982037E+0
9.36908711E+2	8.15935008E+2	8.48385583E-7	4.63454949E+1	-1.88857012E+2	1.94460479E+2	-1.33015183E+0
1.00461650E+3	7.36681601E+2	8.39506915E-7	4.53638005E+1	-1.77089757E+2	1.82807707E+2	-1.32002589E+0
1.07721735E+3	6.65875883E+2	8.30099122E-7	4.44027368E+1	-1.66117692E+2	1.71949678E+2	-1.30960567E+0
1.15506485E+3	6.01840291E+2	8.20210745E-7	4.35022260E+1	-1.55849091E+2	1.61806623E+2	-1.29859414E+0
1.23853818E+3	5.44721067E+2	8.09925487E-7	4.25983651E+1	-1.46251842E+2	1.52329323E+2	-1.28737040E+0
1.32804389E+3	4.93257396E+2	7.99121108E-7	4.17369316E+1	-1.37277360E+2	1.43481864E+2	-1.27564309E+0
1.42401793E+3	4.47168548E+2	7.87741789E-7	4.08990616E+1	-1.28903212E+2	1.35235984E+2	-1.26355808E+0
1.52692775E+3	4.05813069E+2	7.75958657E-7	4.00725678E+1	-1.21062625E+2	1.27522430E+2	-1.25114100E+0
1.63727458E+3	3.68626151E+2	7.63611758E-7	3.92768393E+1	-1.13735651E+2	1.20326508E+2	-1.23828392E+0
1.75559587E+3	3.35220753E+2	7.50814155E-7	3.84962101E+1	-1.06877355E+2	1.13598976E+2	-1.22507209E+0
1.88246790E+3	3.05210619E+2	7.37563520E-7	3.77294305E+1	-1.00458508E+2	1.07309934E+2	-1.21152403E+0
2.01850863E+3	2.78207978E+2	7.23791190E-7	3.69854706E+1	-9.44548955E+1	1.01437924E+2	-1.19758038E+0
2.16438064E+3	2.53897261E+2	7.09563740E-7	3.62585407E+1	-8.88327722E+1	9.59476072E+1	-1.18326995E+0
2.32079442E+3	2.32023520E+2	6.94961051E-7	3.55393551E+1	-8.35638686E+1	9.08073012E+1	-1.16867523E+0
2.48851178E+3	2.12240371E+2	6.79888021E-7	3.48471406E+1	-7.86234476E+1	8.59998243E+1	-1.15359859E+0
2.66834962E+3	1.94432733E+2	6.64437805E-7	3.41631887E+1	-7.39953925E+1	8.15011760E+1	-1.13826078E+0
2.86118383E+3	1.78343360E+2	6.48629225E-7	3.34934626E+1	-6.96528825E+1	7.72873612E+1	-1.12257556E+0
3.06795364E+3	1.63771494E+2	6.32450450E-7	3.28432670E+1	-6.55752272E+1	7.33402391E+1	-1.10646999E+0
3.28966612E+3	1.50571577E+2	6.15925230E-7	3.22108548E+1	-6.17454442E+1	6.96422220E+1	-1.08996200E+0
3.52740116E+3	1.38623657E+2	5.99057690E-7	3.15950167E+1	-5.81512799E+1	6.61801822E+1	-1.07309268E+0
3.78231664E+3	1.27769893E+2	5.81872597E-7	3.09994716E+1	-5.47707187E+1	6.29348786E+1	-1.05576254E+0
4.05565415E+3	1.17918964E+2	5.64386028E-7	3.04222019E+1	-5.15930567E+1	5.98945243E+1	-1.03801676E+0
4.34874501E+3	1.08954744E+2	5.46683608E-7	2.98602909E+1	-4.85981800E+1	5.70387600E+1	-1.01983237E+0
4.66301673E+3	1.00815594E+2	5.28747731E-7	2.93137381E+1	-4.57819430E+1	5.43625023E+1	-1.00127716E+0
5.00000000E+3	9.33706741E+1	5.10571348E-7	2.87912523E+1	-4.31198584E+1	5.18484182E+1	-9.82076706E-1
5.36133611E+3	8.66456681E+1	4.92082581E-7	2.82888863E+1	-4.06306323E+1	4.95086800E+1	-9.62594753E-1
5.74878498E+3	8.04971160E+1	4.73456050E-7	2.78046183E+1	-3.82765545E+1	4.73095284E+1	-9.42562040E-1
6.16423370E+3	7.48940481E+1	4.54682078E-7	2.73384323E+1	-3.60568426E+1	4.52491526E+1	-9.22065477E-1
6.60970574E+3	6.97717899E+1	4.35708771E-7	2.68978313E+1	-3.39590406E+1	4.33210087E+1	-9.00911406E-1
7.08737081E+3	6.51124534E+1	4.16667448E-7	2.64726563E+1	-3.19827763E+1	4.15174608E+1	-8.79382355E-1
7.59955541E+3	6.08667574E+1	3.97571798E-7	2.60655444E+1	-3.01183084E+1	3.98312081E+1	-8.57407404E-1
8.14875417E+3	5.69918681E+1	3.78400275E-7	2.56814009E+1	-2.83565973E+1	3.82574305E+1	-8.34863619E-1
8.73764200E+3	5.34657504E+1	3.59315862E-7	2.53106943E+1	-2.66950180E+1	3.67866177E+1	-8.12010563E-1
9.36908711E+3	5.02513015E+1	3.40250190E-7	2.49623412E+1	-2.51251194E+1	3.54173703E+1	-7.88648033E-1
1.00461650E+4	4.73228628E+1	3.21309326E-7	2.46320625E+1	-2.36415136E+1	3.41417587E+1	-7.64881556E-1
1.07721735E+4	4.46563815E+1	3.02576740E-7	2.43175914E+1	-2.22393875E+1	3.29535374E+1	-7.40789906E-1
1.15506485E+4	4.22311962E+1	2.84111168E-7	2.40187979E+1	-2.09150629E+1	3.18487448E+1	-7.16434292E-1
1.23853818E+4	4.00230706E+1	2.65905465E-7	2.37400380E+1	-1.96611224E+1	3.08244900E+1	-6.91691695E-1
1.32804389E+4	3.80160159E+1	2.48129040E-7	2.34732670E+1	-1.84760858E+1	2.98723963E+1	-6.66832763E-1
1.42401793E+4	3.61940277E+1	2.30820878E-7	2.32199609E+1	-1.73567649E+1	2.89900654E+1	-6.41894886E-1
1.52692775E+4	3.45426249E+1	2.13968511E-7	2.29852992E+1	-1.62987250E+1	2.81775179E+1	-6.16802934E-1
1.63727458E+4	3.30374487E+1	1.97631419E-7	2.27662770E+1	-1.52917024E+1	2.74251646E+1	-5.91466825E-1
1.75559587E+4	3.16747925E+1	1.81984955E-7	2.25555125E+1	-1.43418795E+1	2.67290297E+1	-5.66362123E-1
1.88246790E+4	3.04315427E+1	1.67014075E-7	2.23533888E+1	-1.34377769E+1	2.60815650E+1	-5.41266025E-1
2.01850863E+4	2.93144582E+1	1.52615985E-7	2.21752073E+1	-1.25822892E+1	2.54961585E+1	-5.16106663E-1
2.16438064E+4	2.83044900E+1	1.39017168E-7	2.20039766E+1	-1.17743835E+1	2.49561873E+1	-4.91333726E-1
2.32079442E+4	2.73815833E+1	1.26178035E-7	2.18386031E+1	-1.10022945E+1	2.44535363E+1	-4.66683257E-1
2.48851178E+4	2.65547286E+1	1.14239178E-7	2.16775632E+1	-1.02822132E+1	2.39925321E+1	-4.42897280E-1
2.66834962E+4	2.58004264E+1	1.02829012E-7	2.15389832E+1	-9.58053825E+0	2.35736055E+1	-4.18521278E-1
2.86118383E+4	2.51243377E+1	9.23495886E-8	2.14009109E+1	-8.92662665E+0	2.31880077E+1	-3.95172520E-1
3.06795364E+4	2.45075193E+1	8.25461300E-8	2.12725559E+1	-8.29553388E+0	2.28328178E+1	-3.71824946E-1
3.28966612E+4	2.39536471E+1	7.34816680E-8	2.11536922E+1	-7.69605988E+0	2.25101771E+1	-3.48930005E-1
3.52740116E+4	2.34484759E+1	6.51173467E-8	2.10390245E+1	-7.11986268E+0	2.22111020E+1	-3.26314539E-1
3.78231664E+4	2.29989723E+1	5.74820562E-8	2.09327143E+1	-6.57664240E+0	2.19415337E+1	-3.04414658E-1
4.05565415E+4	2.25842929E+1	5.04278892E-8	2.08299109E+1	-6.04512444E+0	2.16893707E+1	-2.82454521E-1
4.34874501E+4	2.22186796E+1	4.40096050E-8	2.07382358E+1	-5.54091101E+0	2.14656984E+1	-2.61084729E-1
4.66301673E+4	2.18835055E+1	3.81319990E-8	2.06492310E+1	-5.04843911E+0	2.12574118E+1	-2.39781925E-1
5.00000000E+4	2.15875949E+1	3.28661375E-8	2.05658267E+1	-4.58404436E+0	2.10705181E+1	-2.19311135E-1
5.36133611E+4	2.13177593E+1	2.80404567E-8	2.04870688E+1	-4.12533643E+0	2.08982870E+1	-1.98705733E-1
5.74878498E+4	2.10747406E+1	2.37066260E-8	2.04100490E+1	-3.68325653E+0	2.07397321E+1	-1.78541268E-1
6.16423370E+4	2.08572735E+1	1.97808140E-8	2.03379606E+1	-3.24988535E+0	2.05959804E+1	-1.58454460E-1
6.60970574E+4	2.06648598E+1	1.62582100E-8	2.02702269E+1	-2.82830216E+0	2.04665922E+1	-1.38634818E-1
7.08737081E+4	2.04931395E+1	1.30953926E-8	2.02045805E+1	-2.41458137E+0	2.03483485E+1	-1.18942536E-1
7.59955541E+4	2.03423508E+1	1.02606841E-8	2.01422721E+1	-2.00749277E+0	2.02420643E+1	-9.93376048E-2
8.14875417E+4	2.02090717E+1	7.71417941E-9	2.00811324E+1	-1.60285933E+0	2.01450005E+1	-7.96503008E-2
8.73764200E+4	2.00975964E+1	5.44295585E-9	2.00253711E+1	-1.20263435E+0	2.00614513E+1	-5.99834899E-2
9.36908711E+4	2.00009810E+1	3.41529924E-9	1.99686908E+1	-8.02983818E-1	1.99848294E+1	-4.01904876E-2
1.00461650E+5	1.99218377E+1	1.59705259E-9	1.99138055E+1	-3.99929240E-1	1.99178212E+1	-2.00803124E-2
1.07721735E+5	1.98619636E+1	-6.90998863E-12	1.98619632E+1	1.84501334E-3	1.98619634E+1	9.28923660E-5
1.15506485E+5	1.98186045E+1	-1.44462916E-9	1.98100513E+1	4.11624519E-1	1.98143274E+1	2.07755805E-2
1.23853818E+5	1.97937466E+1	-2.71079876E-9	1.97592955E+1	8.25060762E-1	1.97765136E+1	4.17313371E-2
1.32804389E+5	1.97900951E+1	-3.83757615E-9	1.97109281E+1	1.24912071E+0	1.97504719E+1	6.32873331E-2
1.42401793E+5	1.98044283E+1	-4.82288391E-9	1.96608358E+1	1.68022104E+0	1.97325014E+1	8.52531602E-2
1.52692775E+5	1.98406894E+1	-5.69233690E-9	1.96104501E+1	2.12487435E+0	1.97252338E+1	1.07933101E-1
1.63727458E+5	1.99031290E+1	-6.45194822E-9	1.95617510E+1	2.58417151E+0	1.97317018E+1	1.31342773E-1
1.75559587E+5	1.99924533E+1	-7.10604921E-9	1.95132420E+1	3.05793411E+0	1.97513944E+1	1.55446448E-1
1.88246790E+5	2.01298074E+1	-7.72177250E-9	1.94626288E+1	3.57619990E+0	1.97932466E+1	1.81723844E-1
2.01850863E+5	2.02617079E+1	-8.14842918E-9	1.94106464E+1	4.06443694E+0	1.98316123E+1	2.06409951E-1
2.16438064E+5	2.04504579E+1	-8.54593534E-9	1.93570275E+1	4.60060343E+0	1.98962327E+1	2.33341633E-1
2.32079442E+5	2.06826828E+1	-8.86589887E-9	1.93025906E+1	5.16133189E+0	1.99807247E+1	2.61278166E-1
2.48851178E+5	2.09628291E+1	-9.11347683E-9	1.92455621E+1	5.74889184E+0	2.00858515E+1	2.90275277E-1
2.66834962E+5	2.12973071E+1	-9.29514276E-9	1.91840712E+1	6.36713491E+0	2.02130910E+1	3.20457269E-1
2.86118383E+5	2.16940110E+1	-9.41232211E-9	1.91178979E+1	7.01782176E+0	2.03652616E+1	3.51810212E-1
3.06795364E+5	2.21653158E+1	-9.46863621E-9	1.90476996E+1	7.70606258E+0	2.05474640E+1	3.84436870E-1
3.28966612E+5	2.27196766E+1	-9.46285175E-9	1.89729877E+1	8.43124212E+0	2.07619878E+1	4.18171640E-1
3.52740116E+5	2.33702892E+1	-9.40600115E-9	1.88872177E+1	9.20177851E+0	2.10095153E+1	4.53352119E-1
3.78231664E+5	2.41378061E+1	-9.28866479E-9	1.88002602E+1	1.00173454E+1	2.13025122E+1	4.89565489E-1
4.05565415E+5	2.50073653E+1	-9.11817708E-9	1.86953493E+1	1.08630019E+1	2.16222407E+1	5.26371965E-1
4.34874501E+5	2.60706909E+1	-8.91317681E-9	1.85802159E+1	1.17972124E+1	2.20090651E+1	5.65711028E-1
4.66301673E+5	2.72851430E+1	-8.65413953E-9	1.84530592E+1	1.27662865E+1	2.24386735E+1	6.05218421E-1
5.00000000E+5	2.87090460E+1	-8.35949840E-9	1.83040031E+1	1.38004833E+1	2.29235741E+1	6.46030744E-1
