Start time:20240907_09-42-58	sweep/start:500.000	sweep/stop:500000.000	sweep/samplecount:100.000	sweep/xmapping:1.000	sweep/scan:0.000	sweep/averaging/sample:10.000	sweep/settling/time:0.100	sweep/settling/inaccuracy:0.010	sweep/awgcontrol:0.000	sweep/averaging/time:0.100	sweep/averaging/tc:15.000	sweep/bandwidthcontrol:2.000	sweep/sincfilter:0.000	sweep/omegasuppression:80.000	sweep/maxbandwidth:100.000	sweep/bandwidth:1250000.000	sweep/order:8.000	sweep/bandwidthoverlap:1.000																				
Frequency	Param0		Param1		RealZ		ImagZ		AbsZ		PhaseZ		
5.00000000E+2	9.24573999E+2	7.37509328E-7	1.65427443E+2	-3.54377821E+2	3.91088078E+2	-1.13405070E+0
5.36133611E+2	8.39472196E+2	7.18052951E-7	1.63857944E+2	-3.32723210E+2	3.70882954E+2	-1.11318662E+0
5.74878498E+2	7.63762255E+2	6.97531568E-7	1.62398301E+2	-3.12506709E+2	3.52184128E+2	-1.09154202E+0
6.16423370E+2	6.96921798E+2	6.76213237E-7	1.60892340E+2	-2.93671597E+2	3.34857221E+2	-1.06959388E+0
6.60970574E+2	6.37792743E+2	6.54028279E-7	1.59405543E+2	-2.76147687E+2	3.18853695E+2	-1.04727468E+0
7.08737081E+2	5.85321266E+2	6.31213088E-7	1.57900900E+2	-2.59788471E+2	3.04011097E+2	-1.02465715E+0
7.59955541E+2	5.38780420E+2	6.07823244E-7	1.56385838E+2	-2.44542609E+2	2.90271633E+2	-1.00183549E+0
8.14875417E+2	4.97477740E+2	5.84038227E-7	1.54835097E+2	-2.30332581E+2	2.77537399E+2	-9.78956177E-1
8.73764200E+2	4.60641030E+2	5.59865400E-7	1.53308874E+2	-2.17063909E+2	2.65744903E+2	-9.55865018E-1
9.36908711E+2	4.27799547E+2	5.35531541E-7	1.51762020E+2	-2.04675365E+2	2.54801331E+2	-9.32772471E-1
1.00461650E+3	3.98537986E+2	5.11188610E-7	1.50180841E+2	-1.93128147E+2	2.44648253E+2	-9.09849754E-1
1.07721735E+3	3.72388511E+2	4.86904493E-7	1.48594337E+2	-1.82358283E+2	2.35233547E+2	-8.87066893E-1
1.15506485E+3	3.48966236E+2	4.62826100E-7	1.46997350E+2	-1.72304639E+2	2.26488654E+2	-8.64490984E-1
1.23853818E+3	3.27899250E+2	4.39128206E-7	1.45372913E+2	-1.62893776E+2	2.18329263E+2	-8.42173787E-1
1.32804389E+3	3.08925024E+2	4.15836997E-7	1.43749913E+2	-1.54090580E+2	2.10731926E+2	-8.20103032E-1
1.42401793E+3	2.91788388E+2	3.93106778E-7	1.42107772E+2	-1.45845048E+2	2.03630542E+2	-7.98376211E-1
1.52692775E+3	2.76306049E+2	3.70963358E-7	1.40468719E+2	-1.38133613E+2	1.97008518E+2	-7.77016862E-1
1.63727458E+3	2.62241282E+2	3.49550759E-7	1.38806853E+2	-1.30895162E+2	1.90790164E+2	-7.56071637E-1
1.75559587E+3	2.49457504E+2	3.28832663E-7	1.37158684E+2	-1.24107846E+2	1.84973681E+2	-7.35487447E-1
1.88246790E+3	2.37791373E+2	3.08884776E-7	1.35513370E+2	-1.17728654E+2	1.79510195E+2	-7.15285144E-1
2.01850863E+3	2.27128810E+2	2.89753516E-7	1.33867946E+2	-1.11734685E+2	1.74371061E+2	-6.95522765E-1
2.16438064E+3	2.17331969E+2	2.71437247E-7	1.32229580E+2	-1.06080407E+2	1.69522019E+2	-6.76107828E-1
2.32079442E+3	2.08354198E+2	2.53922959E-7	1.30615614E+2	-1.00766425E+2	1.64967607E+2	-6.57102818E-1
2.48851178E+3	2.00066270E+2	2.37253420E-7	1.29006536E+2	-9.57453380E+1	1.60654463E+2	-6.38473829E-1
2.66834962E+3	1.92431091E+2	2.21357777E-7	1.27436314E+2	-9.10093108E+1	1.56597283E+2	-6.20163082E-1
2.86118383E+3	1.85357492E+2	2.06282055E-7	1.25880137E+2	-8.65275529E+1	1.52750864E+2	-6.02206206E-1
3.06795364E+3	1.78809720E+2	1.91985899E-7	1.24354480E+2	-8.22906603E+1	1.49116698E+2	-5.84585901E-1
3.28966612E+3	1.72726615E+2	1.78449946E-7	1.22858744E+2	-7.82732631E+1	1.45674208E+2	-5.67252913E-1
3.52740116E+3	1.67094117E+2	1.65645138E-7	1.21407066E+2	-7.44763760E+1	1.42430357E+2	-5.50245831E-1
3.78231664E+3	1.61841973E+2	1.53581663E-7	1.19978161E+2	-7.08713133E+1	1.39346698E+2	-5.33554519E-1
4.05565415E+3	1.56950945E+2	1.42212906E-7	1.18586914E+2	-6.74497725E+1	1.36427007E+2	-5.17146633E-1
4.34874501E+3	1.52396962E+2	1.31505714E-7	1.17240376E+2	-6.42010225E+1	1.33667786E+2	-5.00999997E-1
4.66301673E+3	1.48152536E+2	1.21452652E-7	1.15932206E+2	-6.11177047E+1	1.31055906E+2	-4.85158242E-1
5.00000000E+3	1.44205469E+2	1.12018276E-7	1.14672870E+2	-5.81943965E+1	1.28594148E+2	-4.69615133E-1
5.36133611E+3	1.40518073E+2	1.03198781E-7	1.13446655E+2	-5.54180635E+1	1.26258882E+2	-4.54400892E-1
5.74878498E+3	1.37067069E+2	9.49466600E-8	1.12260604E+2	-5.27710970E+1	1.24045282E+2	-4.39423728E-1
6.16423370E+3	1.33845115E+2	8.72520853E-8	1.11113016E+2	-5.02576567E+1	1.21950541E+2	-4.24774224E-1
6.60970574E+3	1.30829725E+2	8.00705147E-8	1.10008417E+2	-4.78593671E+1	1.19968208E+2	-4.10353770E-1
7.08737081E+3	1.28018858E+2	7.33959184E-8	1.08945354E+2	-4.55847518E+1	1.18097671E+2	-3.96282879E-1
7.59955541E+3	1.25381632E+2	6.72031123E-8	1.07913083E+2	-4.34175644E+1	1.16319897E+2	-3.82520511E-1
8.14875417E+3	1.22913771E+2	6.14537328E-8	1.06921670E+2	-4.13509625E+1	1.14639198E+2	-3.69023958E-1
8.73764200E+3	1.20608423E+2	5.61308293E-8	1.05970146E+2	-3.93855340E+1	1.13052608E+2	-3.55844794E-1
9.36908711E+3	1.18439785E+2	5.12132739E-8	1.05046251E+2	-3.75092043E+1	1.11542169E+2	-3.42962189E-1
1.00461650E+4	1.16415704E+2	4.66623869E-8	1.04168074E+2	-3.57185093E+1	1.10121749E+2	-3.30329490E-1
1.07721735E+4	1.14517547E+2	4.24744740E-8	1.03319348E+2	-3.40145642E+1	1.08774438E+2	-3.18041974E-1
1.15506485E+4	1.12740334E+2	3.86128523E-8	1.02508472E+2	-3.23859910E+1	1.07502741E+2	-3.06010991E-1
1.23853818E+4	1.11066992E+2	3.50622048E-8	1.01724700E+2	-3.08276143E+1	1.06293257E+2	-2.94252101E-1
1.32804389E+4	1.09499031E+2	3.18000546E-8	1.00974462E+2	-2.93387758E+1	1.05150396E+2	-2.82770578E-1
1.42401793E+4	1.08030608E+2	2.88050969E-8	1.00258411E+2	-2.79146573E+1	1.04071980E+2	-2.71549547E-1
1.52692775E+4	1.06655331E+2	2.60687054E-8	9.95704692E+1	-2.65601752E+1	1.03052032E+2	-2.60677872E-1
1.63727458E+4	1.05362794E+2	2.35553080E-8	9.89149166E+1	-2.52545272E+1	1.02087962E+2	-2.49975346E-1
1.75559587E+4	1.04149185E+2	2.12669441E-8	9.82823186E+1	-2.40126874E+1	1.01173234E+2	-2.39629053E-1
1.88246790E+4	1.03017402E+2	1.91722372E-8	9.76863190E+1	-2.28204691E+1	1.00316453E+2	-2.29493991E-1
2.01850863E+4	1.01953298E+2	1.72600679E-8	9.71160373E+1	-2.16743063E+1	9.95052779E+1	-2.19580968E-1
2.16438064E+4	1.00960260E+2	1.55217969E-8	9.65742146E+1	-2.05810319E+1	9.87428876E+1	-2.09969967E-1
2.32079442E+4	1.00027900E+2	1.39410689E-8	9.60560539E+1	-1.95325300E+1	9.80218614E+1	-2.00609944E-1
2.48851178E+4	9.91487838E+1	1.25019146E-8	9.55592356E+1	-1.85206467E+1	9.73374645E+1	-1.91439754E-1
2.66834962E+4	9.83337394E+1	1.11991021E-8	9.50921249E+1	-1.75571050E+1	9.66993496E+1	-1.82576489E-1
2.86118383E+4	9.75684325E+1	1.00173418E-8	9.46464389E+1	-1.66299802E+1	9.60963302E+1	-1.73930943E-1
3.06795364E+4	9.68599671E+1	8.94629840E-9	9.42307558E+1	-1.57401560E+1	9.55363172E+1	-1.65510355E-1
3.28966612E+4	9.61876819E+1	7.97936794E-9	9.38263120E+1	-1.48848442E+1	9.49996603E+1	-1.57331402E-1
3.52740116E+4	9.55634524E+1	7.10534176E-9	9.34470950E+1	-1.40629791E+1	9.44993493E+1	-1.49370446E-1
3.78231664E+4	9.49803166E+1	6.31820502E-9	9.30870171E+1	-1.32756003E+1	9.40289017E+1	-1.41659701E-1
4.05565415E+4	9.44336303E+1	5.60809507E-9	9.27445349E+1	-1.25161615E+1	9.35852719E+1	-1.34142657E-1
4.34874501E+4	9.39215092E+1	4.97003096E-9	9.24180458E+1	-1.17875825E+1	9.31667448E+1	-1.26861359E-1
4.66301673E+4	9.34454415E+1	4.39504938E-9	9.21117584E+1	-1.10836751E+1	9.27762035E+1	-1.19752808E-1
5.00000000E+4	9.29978087E+1	3.88011728E-9	9.18178624E+1	-1.04086550E+1	9.24059522E+1	-1.12880092E-1
5.36133611E+4	9.25750638E+1	3.41637493E-9	9.15360598E+1	-9.75224639E+0	9.20540959E+1	-1.06139561E-1
5.74878498E+4	9.21835851E+1	3.00060738E-9	9.12724614E+1	-9.11923635E+0	9.17268920E+1	-9.95817624E-2
6.16423370E+4	9.18160415E+1	2.62758587E-9	9.10213250E+1	-8.50506422E+0	9.14178197E+1	-9.31698175E-2
6.60970574E+4	9.14648033E+1	2.29438668E-9	9.07753049E+1	-7.91134500E+0	9.11194019E+1	-8.69333923E-2
7.08737081E+4	9.11383949E+1	1.99449004E-9	9.05451119E+1	-7.32931306E+0	9.08412691E+1	-8.07704309E-2
7.59955541E+4	9.08310863E+1	1.72751276E-9	9.03240354E+1	-6.76748291E+0	9.05772061E+1	-7.47847656E-2
8.14875417E+4	9.05363517E+1	1.48750901E-9	9.01079307E+1	-6.21321939E+0	9.03218871E+1	-6.88441117E-2
8.73764200E+4	9.02596250E+1	1.27271831E-9	8.99020476E+1	-5.66982308E+0	9.00806588E+1	-6.29832589E-2
9.36908711E+4	8.99984519E+1	1.08087234E-9	8.97042897E+1	-5.13688451E+0	8.98512504E+1	-5.72021749E-2
1.00461650E+5	8.97502544E+1	9.09516999E-10	8.95126042E+1	-4.61222935E+0	8.96313505E+1	-5.14805044E-2
1.07721735E+5	8.95093306E+1	7.56072248E-10	8.93219225E+1	-4.09140878E+0	8.94155775E+1	-4.57732082E-2
1.15506485E+5	8.92845409E+1	6.18487410E-10	8.91413660E+1	-3.57250332E+0	8.92129247E+1	-4.00553940E-2
1.23853818E+5	8.90705237E+1	4.95058672E-10	8.89657663E+1	-3.05283150E+0	8.90181296E+1	-3.43012189E-2
1.32804389E+5	8.88601342E+1	3.85335814E-10	8.87876448E+1	-2.53682918E+0	8.88238821E+1	-2.85640976E-2
1.42401793E+5	8.86612339E+1	2.86858602E-10	8.86153451E+1	-2.01653557E+0	8.86382865E+1	-2.27521276E-2
1.52692775E+5	8.84701248E+1	1.97936757E-10	8.84451602E+1	-1.48592039E+0	8.84576416E+1	-1.67988906E-2
1.63727458E+5	8.82814468E+1	1.18871189E-10	8.82711586E+1	-9.52941488E-1	8.82763026E+1	-1.07951965E-2
1.75559587E+5	8.81118136E+1	4.78448210E-11	8.81099078E+1	-4.09730333E-1	8.81108607E+1	-4.65018573E-3
1.88246790E+5	8.79677387E+1	-2.06639888E-11	8.79616925E+1	1.89281088E-1	8.79647155E+1	2.15087129E-3
2.01850863E+5	8.77809628E+1	-7.36277101E-11	8.77750649E+1	7.19487317E-1	8.77780138E+1	8.19676191E-3
2.16438064E+5	8.76208046E+1	-1.24870680E-10	8.76014098E+1	1.30344399E+0	8.76111067E+1	1.48781593E-2
2.32079442E+5	8.74676555E+1	-1.71098563E-10	8.74260197E+1	1.90788009E+0	8.74468351E+1	2.18193319E-2
2.48851178E+5	8.73248847E+1	-2.13120707E-10	8.72510022E+1	2.53894700E+0	8.72879356E+1	2.90911363E-2
2.66834962E+5	8.71879659E+1	-2.50566967E-10	8.70711531E+1	3.18916763E+0	8.71295399E+1	3.66107732E-2
2.86118383E+5	8.70465212E+1	-2.84132639E-10	8.68747732E+1	3.86270746E+0	8.69606048E+1	4.44336720E-2
3.06795364E+5	8.69182348E+1	-3.14770693E-10	8.66771482E+1	4.57128638E+0	8.67976078E+1	5.26904203E-2
3.28966612E+5	8.67908822E+1	-3.42100912E-10	8.64652200E+1	5.30641753E+0	8.66278980E+1	6.12936726E-2
3.52740116E+5	8.66682023E+1	-3.68159867E-10	8.62369240E+1	6.09851488E+0	8.64522942E+1	7.06006133E-2
3.78231664E+5	8.65611629E+1	-3.90094528E-10	8.60073039E+1	6.90185741E+0	8.62837890E+1	8.00757516E-2
4.05565415E+5	8.64394805E+1	-4.10727863E-10	8.57377220E+1	7.75673752E+0	8.60878862E+1	9.02248995E-2
4.34874501E+5	8.63437232E+1	-4.29692315E-10	8.54653962E+1	8.66407902E+0	8.59034372E+1	1.01030143E-1
4.66301673E+5	8.62424862E+1	-4.46908737E-10	8.51565771E+1	9.61623774E+0	8.56978117E+1	1.12447827E-1
NaN	NaN	NaN	NaN	NaN	NaN	NaN
