Start time:20240907_23-33-47	sweep/start:500.000	sweep/stop:500000.000	sweep/samplecount:100.000	sweep/xmapping:1.000	sweep/scan:0.000	sweep/averaging/sample:10.000	sweep/settling/time:0.100	sweep/settling/inaccuracy:0.010	sweep/awgcontrol:0.000	sweep/averaging/time:0.100	sweep/averaging/tc:15.000	sweep/bandwidthcontrol:2.000	sweep/sincfilter:0.000	sweep/omegasuppression:80.000	sweep/maxbandwidth:100.000	sweep/bandwidth:1250000.000	sweep/order:8.000	sweep/bandwidthoverlap:1.000																				
Frequency	Param0		Param1		RealZ		ImagZ		AbsZ		PhaseZ		
5.00000000E+2	9.49433671E+2	7.67832135E-7	1.52026300E+2	-3.48176485E+2	3.79919551E+2	-1.15911152E+0
5.36133611E+2	8.57848492E+2	7.49303347E-7	1.50801598E+2	-3.26532971E+2	3.59673334E+2	-1.13815107E+0
5.74878498E+2	7.77225566E+2	7.29708177E-7	1.49562365E+2	-3.06389877E+2	3.40945252E+2	-1.11667849E+0
6.16423370E+2	7.05829739E+2	7.09192329E-7	1.48321869E+2	-2.87559697E+2	3.23558283E+2	-1.09459267E+0
6.60970574E+2	6.42802180E+2	6.87681681E-7	1.47088152E+2	-2.70025268E+2	3.07487517E+2	-1.07201593E+0
7.08737081E+2	5.87025404E+2	6.65297113E-7	1.45857523E+2	-2.53668360E+2	2.92612471E+2	-1.04896732E+0
7.59955541E+2	5.37709057E+2	6.42259753E-7	1.44573854E+2	-2.38405239E+2	2.78816536E+2	-1.02566915E+0
8.14875417E+2	4.94009947E+2	6.18451880E-7	1.43317931E+2	-2.24188419E+2	2.66083593E+2	-1.00199802E+0
8.73764200E+2	4.55292062E+2	5.94077512E-7	1.42055457E+2	-2.10943031E+2	2.54316176E+2	-9.78125718E-1
9.36908711E+2	4.20877276E+2	5.69339402E-7	1.40771418E+2	-1.98572138E+2	2.43408068E+2	-9.54109983E-1
1.00461650E+3	3.90318332E+2	5.44340730E-7	1.39468042E+2	-1.87044366E+2	2.33317233E+2	-9.30090493E-1
1.07721735E+3	3.63026929E+2	5.19165066E-7	1.38177391E+2	-1.76264345E+2	2.23968998E+2	-9.05936592E-1
1.15506485E+3	3.38715257E+2	4.94014321E-7	1.36867974E+2	-1.66211988E+2	2.15312026E+2	-8.81916703E-1
1.23853818E+3	3.17003288E+2	4.69046197E-7	1.35537141E+2	-1.56829205E+2	2.07281734E+2	-8.58096480E-1
1.32804389E+3	2.97494152E+2	4.44318392E-7	1.34214939E+2	-1.48035496E+2	1.99820316E+2	-8.34324671E-1
1.42401793E+3	2.80037967E+2	4.20037081E-7	1.32867848E+2	-1.39836248E+2	1.92893861E+2	-8.10945578E-1
1.52692775E+3	2.64323528E+2	3.96247864E-7	1.31522372E+2	-1.32160214E+2	1.86452291E+2	-7.87817137E-1
1.63727458E+3	2.50126715E+2	3.73080135E-7	1.30168055E+2	-1.24959130E+2	1.80439761E+2	-7.64984024E-1
1.75559587E+3	2.37312937E+2	3.50593338E-7	1.28814466E+2	-1.18220861E+2	1.74840896E+2	-7.42541467E-1
1.88246790E+3	2.25700083E+2	3.28875346E-7	1.27456657E+2	-1.11900751E+2	1.69608307E+2	-7.20499149E-1
2.01850863E+3	2.15153534E+2	3.07934809E-7	1.26112087E+2	-1.05967931E+2	1.64722376E+2	-6.98816838E-1
2.16438064E+3	2.05536192E+2	2.87845395E-7	1.24769687E+2	-1.00385314E+2	1.60139584E+2	-6.77518242E-1
2.32079442E+3	1.96772324E+2	2.68607133E-7	1.23444590E+2	-9.51415347E+1	1.55854030E+2	-6.56632194E-1
2.48851178E+3	1.88742296E+2	2.50267120E-7	1.22124724E+2	-9.01978508E+1	1.51822596E+2	-6.36146712E-1
2.66834962E+3	1.81398797E+2	2.32823486E-7	1.20821322E+2	-8.55514487E+1	1.48043380E+2	-6.16129806E-1
2.86118383E+3	1.74649484E+2	2.16246232E-7	1.19542616E+2	-8.11641482E+1	1.44492409E+2	-5.96462256E-1
3.06795364E+3	1.68454330E+2	2.00551694E-7	1.18287780E+2	-7.70330426E+1	1.41159798E+2	-5.77242327E-1
3.28966612E+3	1.62723358E+2	1.85712290E-7	1.17053560E+2	-7.31150624E+1	1.38012131E+2	-5.58332574E-1
3.52740116E+3	1.57458978E+2	1.71726611E-7	1.15850811E+2	-6.94286668E+1	1.35062024E+2	-5.39900036E-1
3.78231664E+3	1.52581700E+2	1.58585935E-7	1.14664338E+2	-6.59376144E+1	1.32271235E+2	-5.21871114E-1
4.05565415E+3	1.48069954E+2	1.46222211E-7	1.13515910E+2	-6.26293354E+1	1.29646811E+2	-5.04165069E-1
4.34874501E+3	1.43897863E+2	1.34657378E-7	1.12391963E+2	-5.95063846E+1	1.27172966E+2	-4.86932291E-1
4.66301673E+3	1.40029062E+2	1.23823090E-7	1.11304887E+2	-5.65432656E+1	1.24843578E+2	-4.70029844E-1
5.00000000E+3	1.36452475E+2	1.13704299E-7	1.10257183E+2	-5.37421533E+1	1.22657513E+2	-4.53537434E-1
5.36133611E+3	1.33121958E+2	1.04286946E-7	1.09232018E+2	-5.10837184E+1	1.20586816E+2	-4.37444592E-1
5.74878498E+3	1.30025475E+2	9.55305246E-8	1.08236915E+2	-4.85626025E+1	1.18632020E+2	-4.21746927E-1
6.16423370E+3	1.27155762E+2	8.73828715E-8	1.07286269E+2	-4.61705936E+1	1.16799260E+2	-4.06392995E-1
6.60970574E+3	1.24483929E+2	7.98462531E-8	1.06360512E+2	-4.39046218E+1	1.15065957E+2	-3.91483913E-1
7.08737081E+3	1.21997914E+2	7.28743087E-8	1.05466885E+2	-4.17549526E+1	1.13431653E+2	-3.76971928E-1
7.59955541E+3	1.19675573E+2	6.64341420E-8	1.04600374E+2	-3.97098396E+1	1.11884358E+2	-3.62826997E-1
8.14875417E+3	1.17511505E+2	6.04870003E-8	1.03768195E+2	-3.77639818E+1	1.10426250E+2	-3.49027110E-1
8.73764200E+3	1.15501432E+2	5.50203135E-8	1.02967965E+2	-3.59241632E+1	1.09054791E+2	-3.35682759E-1
9.36908711E+3	1.13612192E+2	4.99863052E-8	1.02190824E+2	-3.41637094E+1	1.07750283E+2	-3.22631895E-1
1.00461650E+4	1.11859162E+2	4.53666749E-8	1.01449702E+2	-3.24967147E+1	1.06527361E+2	-3.09996287E-1
1.07721735E+4	1.10219564E+2	4.11271582E-8	1.00736911E+2	-3.09071690E+1	1.05371621E+2	-2.97693432E-1
1.15506485E+4	1.08676510E+2	3.72514170E-8	1.00040644E+2	-2.93928158E+1	1.04269210E+2	-2.85767109E-1
1.23853818E+4	1.07243525E+2	3.37024905E-8	9.93812345E+1	-2.79528909E+1	1.03237561E+2	-2.74185341E-1
1.32804389E+4	1.05890655E+2	3.04609681E-8	9.87379336E+1	-2.65752691E+1	1.02251770E+2	-2.62918987E-1
1.42401793E+4	1.04629769E+2	2.75019629E-8	9.81253315E+1	-2.52636112E+1	1.01325371E+2	-2.51989936E-1
1.52692775E+4	1.03446829E+2	2.48050863E-8	9.75356254E+1	-2.40115139E+1	1.00447753E+2	-2.41382024E-1
1.63727458E+4	1.02338266E+2	2.23430401E-8	9.69727299E+1	-2.28103175E+1	9.96193807E+1	-2.31024266E-1
1.75559587E+4	1.01308095E+2	2.01110029E-8	9.64371942E+1	-2.16733903E+1	9.88426448E+1	-2.21067899E-1
1.88246790E+4	1.00333009E+2	1.80748020E-8	9.59197662E+1	-2.05746732E+1	9.81015738E+1	-2.11297039E-1
2.01850863E+4	9.94176295E+1	1.62301018E-8	9.54215262E+1	-1.95272677E+1	9.73990859E+1	-2.01855170E-1
2.16438064E+4	9.85664382E+1	1.45543656E-8	9.49525205E+1	-1.85243229E+1	9.67426056E+1	-1.92670342E-1
2.32079442E+4	9.77635090E+1	1.30369899E-8	9.44993578E+1	-1.75630326E+1	9.61175781E+1	-1.83756856E-1
2.48851178E+4	9.70193140E+1	1.16631175E-8	9.40745065E+1	-1.66442549E+1	9.55355645E+1	-1.75114120E-1
2.66834962E+4	9.63148038E+1	1.04203009E-8	9.36628893E+1	-1.57602627E+1	9.49795915E+1	-1.66704204E-1
2.86118383E+4	9.56546746E+1	9.29490336E-9	9.32717853E+1	-1.49082613E+1	9.44557159E+1	-1.58496107E-1
3.06795364E+4	9.50444073E+1	8.28247560E-9	9.29051128E+1	-1.40979188E+1	9.39686723E+1	-1.50596453E-1
3.28966612E+4	9.44674174E+1	7.36767999E-9	9.25519503E+1	-1.33146596E+1	9.35047791E+1	-1.42881155E-1
3.52740116E+4	9.39292543E+1	6.54351861E-9	9.22180187E+1	-1.25621135E+1	9.30697036E+1	-1.35388562E-1
3.78231664E+4	9.34234687E+1	5.80177196E-9	9.18986504E+1	-1.18375965E+1	9.26579230E+1	-1.28106008E-1
4.05565415E+4	9.29561033E+1	5.13419898E-9	9.16012741E+1	-1.11401978E+1	9.22762022E+1	-1.21021865E-1
4.34874501E+4	9.25150321E+1	4.53429929E-9	9.13153216E+1	-1.04667042E+1	9.19132194E+1	-1.14123506E-1
4.66301673E+4	9.21045978E+1	3.99746591E-9	9.10451419E+1	-9.82131646E+0	9.15733377E+1	-1.07457514E-1
5.00000000E+4	9.17175030E+1	3.51484410E-9	9.07863158E+1	-9.19450891E+0	9.12507216E+1	-1.00932231E-1
5.36133611E+4	9.13550069E+1	3.08395559E-9	9.05395048E+1	-8.59273635E+0	9.09463418E+1	-9.46225214E-2
5.74878498E+4	9.10161781E+1	2.69618044E-9	9.03066544E+1	-8.00466616E+0	9.06607222E+1	-8.84076687E-2
6.16423370E+4	9.06966501E+1	2.34891927E-9	9.00833383E+1	-7.43297665E+0	9.03894740E+1	-8.23257309E-2
6.60970574E+4	9.03988273E+1	2.04004381E-9	8.98716561E+1	-6.88314664E+0	9.01348563E+1	-7.64393996E-2
7.08737081E+4	9.01150461E+1	1.76305675E-9	8.96662112E+1	-6.34391628E+0	8.98903485E+1	-7.06326587E-2
7.59955541E+4	8.98515197E+1	1.51506003E-9	8.94734764E+1	-5.81590941E+0	8.96622988E+1	-6.49101747E-2
8.14875417E+4	8.96040263E+1	1.29381739E-9	8.92894370E+1	-5.29994861E+0	8.94465933E+1	-5.92873880E-2
8.73764200E+4	8.93642799E+1	1.09540299E-9	8.91069227E+1	-4.78876413E+0	8.92355085E+1	-5.36901247E-2
9.36908711E+4	8.91410356E+1	9.18951536E-10	8.89342288E+1	-4.28860822E+0	8.90375722E+1	-4.81849189E-2
1.00461650E+5	8.89312722E+1	7.62024532E-10	8.87688412E+1	-3.79720606E+0	8.88500196E+1	-4.27502777E-2
1.07721735E+5	8.87238009E+1	6.21093567E-10	8.86005475E+1	-3.30458395E+0	8.86621528E+1	-3.72802758E-2
1.15506485E+5	8.85354111E+1	4.95206721E-10	8.84458626E+1	-2.81427976E+0	8.84906255E+1	-3.18085047E-2
1.23853818E+5	8.83507681E+1	3.82686792E-10	8.82896460E+1	-2.32301921E+0	8.83202018E+1	-2.63052757E-2
1.32804389E+5	8.81751824E+1	2.81928345E-10	8.81372515E+1	-1.82825536E+0	8.81562149E+1	-2.07403024E-2
1.42401793E+5	8.80047407E+1	1.92325718E-10	8.79845618E+1	-1.33243270E+0	8.79946507E+1	-1.51427790E-2
1.52692775E+5	8.78468004E+1	1.12097170E-10	8.78389599E+1	-8.29862410E-1	8.78428801E+1	-9.44726307E-3
1.63727458E+5	8.76875743E+1	3.98992149E-11	8.76864381E+1	-3.15599327E-1	8.76870062E+1	-3.59916570E-3
1.75559587E+5	8.75422866E+1	-2.44916752E-11	8.75417965E+1	2.07040990E-1	8.75420415E+1	2.36504837E-3
1.88246790E+5	8.73870063E+1	-8.56572782E-11	8.73745483E+1	7.73721523E-1	8.73807768E+1	8.85390294E-3
2.01850863E+5	8.72625594E+1	-1.33929858E-10	8.72433915E+1	1.29314824E+0	8.72529749E+1	1.48212216E-2
2.16438064E+5	8.71285433E+1	-1.80160488E-10	8.70888575E+1	1.85907133E+0	8.71086982E+1	2.13435930E-2
2.32079442E+5	8.70035989E+1	-2.21838360E-10	8.69347374E+1	2.44671720E+0	8.69691613E+1	2.81368701E-2
2.48851178E+5	8.68799583E+1	-2.59159739E-10	8.67724114E+1	3.05484007E+0	8.68261682E+1	3.51906616E-2
2.66834962E+5	8.67656620E+1	-2.92778696E-10	8.66085574E+1	3.68867784E+0	8.66870741E+1	4.25645009E-2
2.86118383E+5	8.66503950E+1	-3.23041794E-10	8.64315263E+1	4.34937708E+0	8.65408915E+1	5.02792396E-2
3.06795364E+5	8.65425042E+1	-3.50420521E-10	8.62477608E+1	5.04191443E+0	8.63950068E+1	5.83920411E-2
3.28966612E+5	8.64381405E+1	-3.75184006E-10	8.60514831E+1	5.76819223E+0	8.62445951E+1	6.69317504E-2
3.52740116E+5	8.63437502E+1	-3.97642256E-10	8.58466535E+1	6.53253210E+0	8.60948431E+1	7.59489896E-2
3.78231664E+5	8.62452387E+1	-4.17957912E-10	8.56169296E+1	7.33441058E+0	8.59305099E+1	8.54567722E-2
4.05565415E+5	8.61670797E+1	-4.36040152E-10	8.53843755E+1	8.17498501E+0	8.57748348E+1	9.54523902E-2
4.34874501E+5	8.60764470E+1	-4.52988155E-10	8.51103645E+1	9.06770431E+0	8.55920427E+1	1.06140163E-1
4.66301673E+5	8.59975482E+1	-4.68294727E-10	8.48167184E+1	1.00076847E+1	8.54050925E+1	1.17448855E-1
5.00000000E+5	8.59364624E+1	-4.82391715E-10	8.45031888E+1	1.10052601E+1	8.52168123E+1	1.29505936E-1
