Start time:20240908_00-20-12	sweep/start:500.000	sweep/stop:500000.000	sweep/samplecount:100.000	sweep/xmapping:1.000	sweep/scan:0.000	sweep/averaging/sample:10.000	sweep/settling/time:0.100	sweep/settling/inaccuracy:0.010	sweep/awgcontrol:0.000	sweep/averaging/time:0.100	sweep/averaging/tc:15.000	sweep/bandwidthcontrol:2.000	sweep/sincfilter:0.000	sweep/omegasuppression:80.000	sweep/maxbandwidth:100.000	sweep/bandwidth:1250000.000	sweep/order:8.000	sweep/bandwidthoverlap:1.000																				
Frequency	Param0		Param1		RealZ		ImagZ		AbsZ		PhaseZ		
5.00000000E+2	9.51206363E+2	7.69857958E-7	1.51162306E+2	-3.47759225E+2	3.79191938E+2	-1.16075932E+0
5.36133611E+2	8.59244961E+2	7.51344868E-7	1.49967689E+2	-3.26142060E+2	3.58969297E+2	-1.13980352E+0
5.74878498E+2	7.77914748E+2	7.31826453E-7	1.48781966E+2	-3.05947013E+2	3.40205314E+2	-1.11816883E+0
6.16423370E+2	7.06277833E+2	7.11390736E-7	1.47543463E+2	-2.87119461E+2	3.22810567E+2	-1.09611057E+0
6.60970574E+2	6.42923480E+2	6.89931409E-7	1.46333466E+2	-2.69569493E+2	3.06726590E+2	-1.07346580E+0
7.08737081E+2	5.87065381E+2	6.67615439E-7	1.45091236E+2	-2.53232226E+2	2.91852755E+2	-1.05049861E+0
7.59955541E+2	5.37550455E+2	6.44509502E-7	1.43855549E+2	-2.37981478E+2	2.78082014E+2	-1.02708766E+0
8.14875417E+2	4.93699810E+2	6.20661592E-7	1.42631124E+2	-2.23770672E+2	2.65361929E+2	-1.00333078E+0
8.73764200E+2	4.54875150E+2	5.96294298E-7	1.41377512E+2	-2.10526746E+2	2.53592416E+2	-9.79426218E-1
9.36908711E+2	4.20327975E+2	5.71539633E-7	1.40110711E+2	-1.98144986E+2	2.42677663E+2	-9.55313101E-1
1.00461650E+3	3.89603304E+2	5.46476808E-7	1.38840061E+2	-1.86590408E+2	2.32578039E+2	-9.31088341E-1
1.07721735E+3	3.62341200E+2	5.21221206E-7	1.37564287E+2	-1.75844449E+2	2.23260398E+2	-9.06937489E-1
1.15506485E+3	3.37978898E+2	4.96018753E-7	1.36265690E+2	-1.65790793E+2	2.14604115E+2	-8.82835590E-1
1.23853818E+3	3.16191462E+2	4.70915611E-7	1.34971318E+2	-1.56395397E+2	2.06583585E+2	-8.58795677E-1
1.32804389E+3	2.96687417E+2	4.46107900E-7	1.33659411E+2	-1.47615127E+2	1.99135794E+2	-8.34973504E-1
1.42401793E+3	2.79212957E+2	4.21678023E-7	1.32344325E+2	-1.39417461E+2	1.92229679E+2	-8.11419262E-1
1.52692775E+3	2.63499649E+2	3.97779642E-7	1.31015400E+2	-1.31747772E+2	1.85802344E+2	-7.88185357E-1
1.63727458E+3	2.49312155E+2	3.74494240E-7	1.29679277E+2	-1.24554825E+2	1.79807174E+2	-7.65244459E-1
1.75559587E+3	2.36496582E+2	3.51861443E-7	1.28352026E+2	-1.17815840E+2	1.74226333E+2	-7.42623452E-1
1.88246790E+3	2.24910280E+2	3.29986065E-7	1.27025442E+2	-1.11507238E+2	1.69024636E+2	-7.20432786E-1
2.01850863E+3	2.14367769E+2	3.08935940E-7	1.25694457E+2	-1.05573404E+2	1.64148836E+2	-6.98613457E-1
2.16438064E+3	2.04779215E+2	2.88709433E-7	1.24377812E+2	-1.00000751E+2	1.59593203E+2	-6.77180047E-1
2.32079442E+3	1.96033914E+2	2.69389174E-7	1.23059467E+2	-9.47638965E+1	1.55318475E+2	-6.56220075E-1
2.48851178E+3	1.88034186E+2	2.50925307E-7	1.21763762E+2	-8.98294825E+1	1.51313415E+2	-6.35605687E-1
2.66834962E+3	1.80729043E+2	2.33350556E-7	1.20490765E+2	-8.51948121E+1	1.47567546E+2	-6.15451903E-1
2.86118383E+3	1.74005156E+2	2.16688458E-7	1.19225767E+2	-8.08153102E+1	1.44034364E+2	-5.95694220E-1
3.06795364E+3	1.67827622E+2	2.00912528E-7	1.17983051E+2	-7.66864680E+1	1.40715368E+2	-5.76360235E-1
3.28966612E+3	1.62147567E+2	1.86001853E-7	1.16769332E+2	-7.27927607E+1	1.37600375E+2	-5.57440273E-1
3.52740116E+3	1.56900164E+2	1.71956455E-7	1.15574823E+2	-6.91098312E+1	1.34661459E+2	-5.38922679E-1
3.78231664E+3	1.52055420E+2	1.58746698E-7	1.14407354E+2	-6.56293796E+1	1.31894876E+2	-5.20816500E-1
4.05565415E+3	1.47575064E+2	1.46327523E-7	1.13275078E+2	-6.23324433E+1	1.29292602E+2	-5.03054316E-1
4.34874501E+3	1.43420438E+2	1.34715008E-7	1.12160866E+2	-5.92123347E+1	1.26831228E+2	-4.85735907E-1
4.66301673E+3	1.39583931E+2	1.23834947E-7	1.11091379E+2	-5.62607920E+1	1.24525384E+2	-4.68783991E-1
5.00000000E+3	1.36023987E+2	1.13691756E-7	1.10048058E+2	-5.34658808E+1	1.22348582E+2	-4.52256547E-1
5.36133611E+3	1.32726823E+2	1.04240872E-7	1.09040972E+2	-5.08205485E+1	1.20302376E+2	-4.36135748E-1
5.74878498E+3	1.29659193E+2	9.54573098E-8	1.08061478E+2	-4.83102567E+1	1.18368763E+2	-4.20408583E-1
6.16423370E+3	1.26810905E+2	8.73033354E-8	1.07116257E+2	-4.59305653E+1	1.16548314E+2	-4.05077888E-1
6.60970574E+3	1.24152997E+2	7.97540485E-8	1.06195352E+2	-4.36694220E+1	1.14823653E+2	-3.90139359E-1
7.08737081E+3	1.21691319E+2	7.27674006E-8	1.05315100E+2	-4.15290621E+1	1.13207479E+2	-3.75610214E-1
7.59955541E+3	1.19382952E+2	6.63214431E-8	1.04453265E+2	-3.94899292E+1	1.11668882E+2	-3.61453453E-1
8.14875417E+3	1.17243280E+2	6.03735394E-8	1.03631826E+2	-3.75576859E+1	1.10227651E+2	-3.47691500E-1
8.73764200E+3	1.15247373E+2	5.49008900E-8	1.02838692E+2	-3.57224370E+1	1.08866382E+2	-3.34324367E-1
9.36908711E+3	1.13378596E+2	4.98725660E-8	1.02069313E+2	-3.39754424E+1	1.07575440E+2	-3.21330236E-1
1.00461650E+4	1.11638911E+2	4.52578417E-8	1.01332058E+2	-3.23174040E+1	1.06360710E+2	-3.08728189E-1
1.07721735E+4	1.10007246E+2	4.10175768E-8	1.00622073E+2	-3.07303677E+1	1.05210062E+2	-2.96407045E-1
1.15506485E+4	1.08489243E+2	3.71433978E-8	9.99414356E+1	-2.92280694E+1	1.04127665E+2	-2.84517687E-1
1.23853818E+4	1.07060621E+2	3.36003753E-8	9.92804345E+1	-2.77924494E+1	1.03097163E+2	-2.72951985E-1
1.32804389E+4	1.05725349E+2	3.03601247E-8	9.86484917E+1	-2.64219838E+1	1.02125639E+2	-2.61697240E-1
1.42401793E+4	1.04477883E+2	2.74057219E-8	9.80430300E+1	-2.51175721E+1	1.01209329E+2	-2.50795321E-1
1.52692775E+4	1.03304969E+2	2.47127556E-8	9.74584033E+1	-2.38704183E+1	1.00339112E+2	-2.40200573E-1
1.63727458E+4	1.02206833E+2	2.22589872E-8	9.68992829E+1	-2.26781324E+1	9.95176809E+1	-2.29900285E-1
1.75559587E+4	1.01178207E+2	2.00330023E-8	9.63612021E+1	-2.15446596E+1	9.87403347E+1	-2.19964652E-1
1.88246790E+4	1.00216150E+2	1.80067594E-8	9.58494710E+1	-2.04583421E+1	9.80084943E+1	-2.10286914E-1
2.01850863E+4	9.93098359E+1	1.61610173E-8	9.53588634E+1	-1.94103117E+1	9.73143005E+1	-2.00806829E-1
2.16438064E+4	9.84690892E+1	1.44925872E-8	9.48950257E+1	-1.84163176E+1	9.66655406E+1	-1.91687595E-1
2.32079442E+4	9.76711579E+1	1.29774521E-8	9.44447267E+1	-1.74562124E+1	9.60443950E+1	-1.82767321E-1
2.48851178E+4	9.69295411E+1	1.16118808E-8	9.40177084E+1	-1.65458065E+1	9.54625231E+1	-1.74202272E-1
2.66834962E+4	9.62343736E+1	1.03709936E-8	9.36132716E+1	-1.56642862E+1	9.49147752E+1	-1.65793780E-1
2.86118383E+4	9.55814205E+1	9.24992469E-9	9.32262994E+1	-1.48175276E+1	9.43965154E+1	-1.57623012E-1
3.06795364E+4	9.49714162E+1	8.24217186E-9	9.28572343E+1	-1.40113179E+1	9.39083758E+1	-1.49761195E-1
3.28966612E+4	9.44054882E+1	7.33047280E-9	9.25126088E+1	-1.32331077E+1	9.34542562E+1	-1.42077353E-1
3.52740116E+4	9.38670896E+1	6.51038692E-9	9.21761487E+1	-1.24845654E+1	9.30177768E+1	-1.34623254E-1
3.78231664E+4	9.33676925E+1	5.77118650E-9	9.18613217E+1	-1.17633812E+1	9.26114444E+1	-1.27362708E-1
4.05565415E+4	9.29047926E+1	5.10596646E-9	9.15668054E+1	-1.10686565E+1	9.22333729E+1	-1.20297002E-1
4.34874501E+4	9.24635171E+1	4.51106827E-9	9.12778767E+1	-1.04030130E+1	9.18687842E+1	-1.13481147E-1
4.66301673E+4	9.20569070E+1	3.97491059E-9	9.10108519E+1	-9.75716760E+0	9.15323851E+1	-1.06800903E-1
5.00000000E+4	9.16735635E+1	3.49601236E-9	9.07535427E+1	-9.13756615E+0	9.12123931E+1	-1.00347322E-1
5.36133611E+4	9.13133010E+1	3.06454755E-9	9.05090366E+1	-8.53189026E+0	9.09102794E+1	-9.39878811E-2
5.74878498E+4	9.09781721E+1	2.67947020E-9	9.02782215E+1	-7.94922980E+0	9.06275211E+1	-8.78260635E-2
6.16423370E+4	9.06582534E+1	2.33500042E-9	9.00529062E+1	-7.38330829E+0	9.03550729E+1	-8.18055873E-2
6.60970574E+4	9.03620699E+1	2.02623622E-9	8.98426014E+1	-6.83157028E+0	9.01019613E+1	-7.58932747E-2
7.08737081E+4	9.00837986E+1	1.75107456E-9	8.96414731E+1	-6.29687871E+0	8.98623637E+1	-7.01299526E-2
7.59955541E+4	8.98260993E+1	1.50432028E-9	8.94536902E+1	-5.77177188E+0	8.96397014E+1	-6.44331417E-2
8.14875417E+4	8.95720024E+1	1.28430050E-9	8.92623397E+1	-5.25748781E+0	8.94170370E+1	-5.88313155E-2
8.73764200E+4	8.93348982E+1	1.08647765E-9	8.90819552E+1	-4.74685305E+0	8.92083371E+1	-5.32360110E-2
9.36908711E+4	8.91141135E+1	9.10956174E-10	8.89110656E+1	-4.24890397E+0	8.90125316E+1	-4.77519196E-2
1.00461650E+5	8.89026234E+1	7.54414047E-10	8.87435687E+1	-3.75700174E+0	8.88230605E+1	-4.23102170E-2
1.07721735E+5	8.87013268E+1	6.14487827E-10	8.85807691E+1	-3.26787975E+0	8.86410274E+1	-3.68748027E-2
1.15506485E+5	8.85145242E+1	4.89372958E-10	8.84271328E+1	-2.77988170E+0	8.84708177E+1	-3.14266254E-2
1.23853818E+5	8.83297520E+1	3.77062468E-10	8.82704542E+1	-2.28783624E+0	8.83000981E+1	-2.59126816E-2
1.32804389E+5	8.81519529E+1	2.76772440E-10	8.81154252E+1	-1.79390229E+0	8.81336871E+1	-2.03557427E-2
1.42401793E+5	8.79861443E+1	1.87389207E-10	8.79670000E+1	-1.29769902E+0	8.79765716E+1	-1.47510416E-2
1.52692775E+5	8.78283096E+1	1.07396560E-10	8.78211173E+1	-7.94734833E-1	8.78247134E+1	-9.04922561E-3
1.63727458E+5	8.76729358E+1	3.61906131E-11	8.76720013E+1	-2.86169684E-1	8.76724685E+1	-3.26408341E-3
1.75559587E+5	8.75269064E+1	-2.78451509E-11	8.75262735E+1	2.35306677E-1	8.75265900E+1	2.68840469E-3
1.88246790E+5	8.74082300E+1	-8.55035587E-11	8.73946146E+1	7.72537439E-1	8.74014218E+1	8.83916306E-3
2.01850863E+5	8.72469716E+1	-1.36529648E-10	8.72270632E+1	1.31776833E+0	8.72370168E+1	1.51061841E-2
2.16438064E+5	8.71175538E+1	-1.82630172E-10	8.70767884E+1	1.88405729E+0	8.70971687E+1	2.16333584E-2
2.32079442E+5	8.69908075E+1	-2.24233560E-10	8.69204830E+1	2.47236546E+0	8.69556382E+1	2.84363232E-2
2.48851178E+5	8.68721206E+1	-2.61490161E-10	8.67626627E+1	3.08168471E+0	8.68173744E+1	3.55036339E-2
2.66834962E+5	8.67546418E+1	-2.94988486E-10	8.65952219E+1	3.71547457E+0	8.66748952E+1	4.28799306E-2
2.86118383E+5	8.66408038E+1	-3.25070710E-10	8.64192579E+1	4.37558844E+0	8.65299600E+1	5.05888991E-2
3.06795364E+5	8.65359053E+1	-3.52199874E-10	8.62382395E+1	5.06657031E+0	8.63869442E+1	5.86833989E-2
3.28966612E+5	8.64277171E+1	-3.76838026E-10	8.60377997E+1	5.79200372E+0	8.62325380E+1	6.72178651E-2
3.52740116E+5	8.63309253E+1	-3.98935146E-10	8.58308302E+1	6.55159189E+0	8.60805146E+1	7.61837093E-2
3.78231664E+5	8.62400347E+1	-4.19244707E-10	8.56079945E+1	7.35577631E+0	8.59234335E+1	8.57134222E-2
4.05565415E+5	8.61573703E+1	-4.37199163E-10	8.53708026E+1	8.19449028E+0	8.57631847E+1	9.56938561E-2
4.34874501E+5	8.60759985E+1	-4.54081920E-10	8.51053130E+1	9.08901419E+0	8.55892796E+1	1.06393981E-1
4.66301673E+5	8.60069541E+1	-4.69231394E-10	8.48210765E+1	1.00293142E+1	8.54119572E+1	1.17694366E-1
NaN	NaN	NaN	NaN	NaN	NaN	NaN
