Start time:20240905_22-12-26	sweep/start:500.000	sweep/stop:500000.000	sweep/samplecount:100.000	sweep/xmapping:1.000	sweep/scan:0.000	sweep/averaging/sample:10.000	sweep/settling/time:0.100	sweep/settling/inaccuracy:0.010	sweep/awgcontrol:0.000	sweep/averaging/time:0.100	sweep/averaging/tc:15.000	sweep/bandwidthcontrol:2.000	sweep/sincfilter:0.000	sweep/omegasuppression:80.000	sweep/maxbandwidth:100.000	sweep/bandwidth:1250000.000	sweep/order:8.000	sweep/bandwidthoverlap:1.000																				
Frequency	Param0		Param1		RealZ		ImagZ		AbsZ		PhaseZ		
5.00000000E+2	8.66909373E+2	6.23335935E-7	2.23316111E+2	-3.79110406E+2	4.39994088E+2	-1.03846501E+0
5.36133611E+2	7.96637208E+2	6.00775315E-7	2.21333097E+2	-3.56838646E+2	4.19907329E+2	-1.01561208E+0
5.74878498E+2	7.34436869E+2	5.77687338E-7	2.19327468E+2	-3.36121437E+2	4.01350426E+2	-9.92648467E-1
6.16423370E+2	6.79598963E+2	5.54166257E-7	2.17286284E+2	-3.16945078E+2	3.84275316E+2	-9.69824468E-1
6.60970574E+2	6.30608959E+2	5.30335997E-7	2.15293743E+2	-2.99022986E+2	3.68464584E+2	-9.46779449E-1
7.08737081E+2	5.87299515E+2	5.06460316E-7	2.13218698E+2	-2.82419924E+2	3.53868945E+2	-9.24121710E-1
7.59955541E+2	5.48629188E+2	4.82704681E-7	2.11089889E+2	-2.66929059E+2	3.40308783E+2	-9.01684877E-1
8.14875417E+2	5.14154229E+2	4.59065351E-7	2.08970040E+2	-2.52535818E+2	3.27784720E+2	-8.79518449E-1
8.73764200E+2	4.83345695E+2	4.35828830E-7	2.06778345E+2	-2.39140400E+2	3.16141453E+2	-8.57845035E-1
9.36908711E+2	4.55793740E+2	4.13017227E-7	2.04567766E+2	-2.26699648E+2	3.05353408E+2	-8.36671416E-1
1.00461650E+3	4.30974541E+2	3.90797825E-7	2.02313363E+2	-2.15084186E+2	2.95282757E+2	-8.15984922E-1
1.07721735E+3	4.08693131E+2	3.69297442E-7	1.99991646E+2	-2.04300143E+2	2.85893703E+2	-7.96054662E-1
1.15506485E+3	3.88560256E+2	3.48557017E-7	1.97626650E+2	-1.94251295E+2	2.77109834E+2	-7.76785101E-1
1.23853818E+3	3.70323111E+2	3.28648792E-7	1.95212629E+2	-1.84888547E+2	2.68871246E+2	-7.58243443E-1
1.32804389E+3	3.53738814E+2	3.09610311E-7	1.92754130E+2	-1.76154645E+2	2.61121840E+2	-7.40432319E-1
1.42401793E+3	3.38583562E+2	2.91465263E-7	1.90253601E+2	-1.67989009E+2	2.53804533E+2	-7.23328520E-1
1.52692775E+3	3.24673243E+2	2.74260685E-7	1.87691728E+2	-1.60344301E+2	2.46857208E+2	-7.06982859E-1
1.63727458E+3	3.11915604E+2	2.57925207E-7	1.85117625E+2	-1.53207504E+2	2.40293727E+2	-6.91358447E-1
1.75559587E+3	3.00120157E+2	2.42486863E-7	1.82507128E+2	-1.46510121E+2	2.34038603E+2	-6.76423929E-1
1.88246790E+3	2.89158625E+2	2.27956819E-7	1.79842426E+2	-1.40213013E+2	2.28041637E+2	-6.62204732E-1
2.01850863E+3	2.78975672E+2	2.14237404E-7	1.77175594E+2	-1.34299993E+2	2.22323368E+2	-6.48604685E-1
2.16438064E+3	2.69420164E+2	2.01297460E-7	1.74499893E+2	-1.28699558E+2	2.16826634E+2	-6.35474844E-1
2.32079442E+3	2.60475228E+2	1.89149472E-7	1.71800397E+2	-1.23427592E+2	2.11541361E+2	-6.22992266E-1
2.48851178E+3	2.52041212E+2	1.77711324E-7	1.69101833E+2	-1.18428039E+2	2.06447646E+2	-6.10951188E-1
2.66834962E+3	2.44082446E+2	1.66938557E-7	1.66416822E+2	-1.13687579E+2	2.01542613E+2	-5.99327199E-1
2.86118383E+3	2.36528161E+2	1.56808337E-7	1.63734279E+2	-1.09173500E+2	1.96793718E+2	-5.88075814E-1
3.06795364E+3	2.29384656E+2	1.47256713E-7	1.61087999E+2	-1.04889328E+2	1.92226728E+2	-5.77169624E-1
3.28966612E+3	2.22569546E+2	1.38271353E-7	1.58454089E+2	-1.00793631E+2	1.87795247E+2	-5.66545974E-1
3.52740116E+3	2.16093645E+2	1.29787411E-7	1.55868592E+2	-9.68875323E+1	1.83527142E+2	-5.56148855E-1
3.78231664E+3	2.09898685E+2	1.21807430E-7	1.53302063E+2	-9.31470799E+1	1.79381999E+2	-5.45992558E-1
4.05565415E+3	2.03993354E+2	1.14266975E-7	1.50791031E+2	-8.95680328E+1	1.75386339E+2	-5.35987038E-1
4.34874501E+3	1.98346518E+2	1.07163517E-7	1.48317402E+2	-8.61405134E+1	1.71517463E+2	-5.26170947E-1
4.66301673E+3	1.92958368E+2	1.00444825E-7	1.45908643E+2	-8.28550611E+1	1.67792412E+2	-5.16448604E-1
5.00000000E+3	1.87801666E+2	9.41100899E-8	1.43546527E+2	-7.97036463E+1	1.64189759E+2	-5.06861985E-1
5.36133611E+3	1.82851141E+2	8.81187035E-8	1.41241078E+2	-7.66619205E+1	1.60704985E+2	-4.97278146E-1
5.74878498E+3	1.78126605E+2	8.24670648E-8	1.38994857E+2	-7.37503331E+1	1.57348918E+2	-4.87824989E-1
6.16423370E+3	1.73591616E+2	7.71270723E-8	1.36804917E+2	-7.09408288E+1	1.54104466E+2	-4.78380925E-1
6.60970574E+3	1.69242916E+2	7.20918708E-8	1.34666678E+2	-6.82368443E+1	1.50968146E+2	-4.69000549E-1
7.08737081E+3	1.65075868E+2	6.73306573E-8	1.32593650E+2	-6.56272478E+1	1.47945976E+2	-4.59599579E-1
7.59955541E+3	1.61081242E+2	6.28433339E-8	1.30574100E+2	-6.31145195E+1	1.45027715E+2	-4.50248594E-1
8.14875417E+3	1.57264306E+2	5.86112453E-8	1.28618133E+2	-6.06993997E+1	1.42221803E+2	-4.40944609E-1
8.73764200E+3	1.53592877E+2	5.46109948E-8	1.26720941E+2	-5.83544076E+1	1.39511412E+2	-4.31547526E-1
9.36908711E+3	1.50076415E+2	5.08368041E-8	1.24885319E+2	-5.60891962E+1	1.36902670E+2	-4.22126553E-1
1.00461650E+4	1.46711483E+2	4.72762335E-8	1.23113268E+2	-5.39004016E+1	1.34395424E+2	-4.12671852E-1
1.07721735E+4	1.43496623E+2	4.39267152E-8	1.21399998E+2	-5.17931463E+1	1.31986703E+2	-4.03252307E-1
1.15506485E+4	1.40413467E+2	4.07648036E-8	1.19748659E+2	-4.97451803E+1	1.29670060E+2	-3.93722650E-1
1.23853818E+4	1.37462516E+2	3.77884125E-8	1.18155378E+2	-4.77623512E+1	1.27443852E+2	-3.84150531E-1
1.32804389E+4	1.34633616E+2	3.49905958E-8	1.16614019E+2	-4.58403480E+1	1.25300307E+2	-3.74539358E-1
1.42401793E+4	1.31938709E+2	3.23610174E-8	1.15135618E+2	-4.39844758E+1	1.23251145E+2	-3.64913722E-1
1.52692775E+4	1.29362712E+2	2.98882818E-8	1.13715514E+2	-4.21820940E+1	1.21287045E+2	-3.55210041E-1
1.63727458E+4	1.26906938E+2	2.75651337E-8	1.12356029E+2	-4.04336766E+1	1.19410048E+2	-3.45441377E-1
1.75559587E+4	1.24568301E+2	2.53888226E-8	1.11052621E+2	-3.87421154E+1	1.17616480E+2	-3.35661260E-1
1.88246790E+4	1.22342381E+2	2.33482296E-8	1.09807799E+2	-3.70997948E+1	1.15905770E+2	-3.25820087E-1
2.01850863E+4	1.20220891E+2	2.14473837E-8	1.08606768E+2	-3.55158024E+1	1.14266366E+2	-3.16051320E-1
2.16438064E+4	1.18206244E+2	1.96667309E-8	1.07465344E+2	-3.39746145E+1	1.12707918E+2	-3.06201983E-1
2.32079442E+4	1.16300676E+2	1.80040241E-8	1.06383020E+2	-3.24818438E+1	1.11231368E+2	-2.96338783E-1
2.48851178E+4	1.14488893E+2	1.64614148E-8	1.05341454E+2	-3.10419778E+1	1.09819973E+2	-2.86568578E-1
2.66834962E+4	1.12769688E+2	1.50222834E-8	1.04351824E+2	-2.96381419E+1	1.08479135E+2	-2.76733758E-1
2.86118383E+4	1.11150862E+2	1.36890484E-8	1.03413371E+2	-2.82870994E+1	1.07212338E+2	-2.67003010E-1
3.06795364E+4	1.09618157E+2	1.24514070E-8	1.02521189E+2	-2.69738672E+1	1.06010300E+2	-2.57274518E-1
3.28966612E+4	1.08177715E+2	1.13079757E-8	1.01677417E+2	-2.57086259E+1	1.04877217E+2	-2.47654507E-1
3.52740116E+4	1.06808779E+2	1.02529945E-8	1.00866775E+2	-2.44816411E+1	1.03795265E+2	-2.38108299E-1
3.78231664E+4	1.05526428E+2	9.27902074E-9	1.00105658E+2	-2.32948416E+1	1.02780312E+2	-2.28633632E-1
4.05565415E+4	1.04312876E+2	8.38382615E-9	9.93773935E+1	-2.21466767E+1	1.01815233E+2	-2.19271171E-1
4.34874501E+4	1.03179439E+2	7.56012645E-9	9.86957984E+1	-2.10360741E+1	1.00912720E+2	-2.09998163E-1
4.66301673E+4	1.02107499E+2	6.80502281E-9	9.80440983E+1	-1.99597694E+1	1.00055173E+2	-2.00835015E-1
5.00000000E+4	1.01099825E+2	6.11415565E-9	9.74257554E+1	-1.89195390E+1	9.92457899E+1	-1.91807099E-1
5.36133611E+4	1.00152538E+2	5.48347523E-9	9.68382630E+1	-1.79150378E+1	9.84814591E+1	-1.82931360E-1
5.74878498E+4	9.92675174E+1	4.90690514E-9	9.62868829E+1	-1.69409551E+1	9.77658418E+1	-1.74160013E-1
6.16423370E+4	9.84295510E+1	4.38154529E-9	9.57577895E+1	-1.59950602E+1	9.70844798E+1	-1.65508639E-1
6.60970574E+4	9.76458082E+1	3.90337343E-9	9.52590003E+1	-1.50786242E+1	9.64450210E+1	-1.56988291E-1
7.08737081E+4	9.69036220E+1	3.46825875E-9	9.47806090E+1	-1.41852181E+1	9.58362369E+1	-1.48561047E-1
7.59955541E+4	9.62131315E+1	3.07398764E-9	9.43317915E+1	-1.33217909E+1	9.52678175E+1	-1.40294940E-1
8.14875417E+4	9.55605872E+1	2.71599627E-9	9.39023950E+1	-1.24783089E+1	9.47278629E+1	-1.32111937E-1
8.73764200E+4	9.49467974E+1	2.39208058E-9	9.34932116E+1	-1.16576312E+1	9.42172013E+1	-1.24049359E-1
9.36908711E+4	9.43726605E+1	2.09888715E-9	9.31067408E+1	-1.08565930E+1	9.37375636E+1	-1.16079532E-1
1.00461650E+5	9.38302980E+1	1.83306581E-9	9.27372058E+1	-1.00682811E+1	9.32821508E+1	-1.08144301E-1
1.07721735E+5	9.33166776E+1	1.59342191E-9	9.23809935E+1	-9.29727948E+0	9.28476569E+1	-1.00302879E-1
1.15506485E+5	9.28380895E+1	1.37707420E-9	9.20456918E+1	-8.54030211E+0	9.24410416E+1	-9.25184082E-2
1.23853818E+5	9.23779058E+1	1.18195117E-9	9.17157533E+1	-7.79293127E+0	9.20462341E+1	-8.47646981E-2
1.32804389E+5	9.19473030E+1	1.00593379E-9	9.14028436E+1	-7.05440494E+0	9.16746691E+1	-7.70265734E-2
1.42401793E+5	9.15385619E+1	8.47280214E-10	9.10998587E+1	-6.32184969E+0	9.13189468E+1	-6.92836542E-2
1.52692775E+5	9.11538776E+1	7.04260922E-10	9.08094123E+1	-5.59291163E+0	9.09814819E+1	-6.15118603E-2
1.63727458E+5	9.07847905E+1	5.76016724E-10	9.05228168E+1	-4.86976079E+0	9.06537090E+1	-5.37441435E-2
1.75559587E+5	9.04364004E+1	4.60056935E-10	9.02463149E+1	-4.14179616E+0	9.03413077E+1	-4.58621717E-2
1.88246790E+5	9.01083973E+1	3.59857876E-10	8.99724601E+1	-3.45050643E+0	9.00404004E+1	-3.83324700E-2
2.01850863E+5	8.97914516E+1	2.61839488E-10	8.97116867E+1	-2.67503606E+0	8.97515603E+1	-2.98093119E-2
2.16438064E+5	8.94899359E+1	1.77391999E-10	8.94482473E+1	-1.93105031E+0	8.94690892E+1	-2.15851110E-2
2.32079442E+5	8.92020647E+1	1.01161006E-10	8.91866223E+1	-1.17355736E+0	8.91943432E+1	-1.31576864E-2
2.48851178E+5	8.89292808E+1	3.26754383E-11	8.89274445E+1	-4.04036974E-1	8.89283626E+1	-4.54341644E-3
2.66834962E+5	8.86703281E+1	-2.92353158E-11	8.86686516E+1	3.85370022E-1	8.86694898E+1	4.34615814E-3
2.86118383E+5	8.84142663E+1	-8.48195135E-11	8.83981987E+1	1.19175553E+0	8.84062322E+1	1.34808553E-2
3.06795364E+5	8.81776759E+1	-1.35044415E-10	8.81312390E+1	2.02298999E+0	8.81544544E+1	2.29502614E-2
3.28966612E+5	8.79403055E+1	-1.79887875E-10	8.78463815E+1	2.87240376E+0	8.78933309E+1	3.26863835E-2
3.52740116E+5	8.77208236E+1	-2.21271669E-10	8.75587805E+1	3.76671605E+0	8.76397646E+1	4.29927778E-2
3.78231664E+5	8.75114344E+1	-2.58323049E-10	8.72595813E+1	4.68790565E+0	8.73854171E+1	5.36720788E-2
4.05565415E+5	8.73027312E+1	-2.92344024E-10	8.69350059E+1	5.65402303E+0	8.71186746E+1	6.49458843E-2
4.34874501E+5	8.71141467E+1	-3.22411482E-10	8.66040786E+1	6.64631977E+0	8.68587382E+1	7.65936028E-2
4.66301673E+5	8.69295064E+1	-3.50402810E-10	8.62426160E+1	7.69668270E+0	8.65853801E+1	8.90087316E-2
5.00000000E+5	8.67527963E+1	-3.75889765E-10	8.58517672E+1	8.79514718E+0	8.63011058E+1	1.02089576E-1
