Start time:20240909_00-26-40	sweep/start:500.000	sweep/stop:500000.000	sweep/samplecount:100.000	sweep/xmapping:1.000	sweep/scan:0.000	sweep/averaging/sample:10.000	sweep/settling/time:0.100	sweep/settling/inaccuracy:0.010	sweep/awgcontrol:0.000	sweep/averaging/time:0.100	sweep/averaging/tc:15.000	sweep/bandwidthcontrol:2.000	sweep/sincfilter:0.000	sweep/omegasuppression:80.000	sweep/maxbandwidth:100.000	sweep/bandwidth:1250000.000	sweep/order:8.000	sweep/bandwidthoverlap:1.000																				
Frequency	Param0		Param1		RealZ		ImagZ		AbsZ		PhaseZ		
5.00000000E+2	1.00994206E+3	8.24202151E-7	1.28843992E+2	-3.36933476E+2	3.60728352E+2	-1.20555219E+0
5.36133611E+2	9.05199929E+2	8.08346956E-7	1.27932308E+2	-3.15337297E+2	3.40300295E+2	-1.18538593E+0
5.74878498E+2	8.12590022E+2	7.91226131E-7	1.27099897E+2	-2.95170646E+2	3.21372209E+2	-1.16419366E+0
6.16423370E+2	7.31295278E+2	7.72776050E-7	1.26285072E+2	-2.76412249E+2	3.03894152E+2	-1.14224220E+0
6.60970574E+2	6.59552835E+2	7.53195939E-7	1.25476953E+2	-2.58871007E+2	2.87678061E+2	-1.11945667E+0
7.08737081E+2	5.96471663E+2	7.32315865E-7	1.24690662E+2	-2.42542111E+2	2.72716774E+2	-1.09593323E+0
7.59955541E+2	5.40920128E+2	7.10362765E-7	1.23883062E+2	-2.27296761E+2	2.58864508E+2	-1.07177853E+0
8.14875417E+2	4.91983420E+2	6.87195945E-7	1.23105707E+2	-2.13098431E+2	2.46101522E+2	-1.04693972E+0
8.73764200E+2	4.48795989E+2	6.63029239E-7	1.22328660E+2	-1.99840696E+2	2.34308786E+2	-1.02150477E+0
9.36908711E+2	4.10779122E+2	6.37954835E-7	1.21537425E+2	-1.87493167E+2	2.23439107E+2	-9.95671165E-1
1.00461650E+3	3.77111807E+2	6.12129152E-7	1.20746117E+2	-1.75940781E+2	2.13388810E+2	-9.69332177E-1
1.07721735E+3	3.47455611E+2	5.85574051E-7	1.19961422E+2	-1.65198435E+2	2.04159905E+2	-9.42724538E-1
1.15506485E+3	3.21230308E+2	5.58532784E-7	1.19171940E+2	-1.55176306E+2	1.95656939E+2	-9.15888430E-1
1.23853818E+3	2.97975170E+2	5.31147442E-7	1.18387795E+2	-1.45811354E+2	1.87820717E+2	-8.88826590E-1
1.32804389E+3	2.77380454E+2	5.03682548E-7	1.17579137E+2	-1.37074064E+2	1.80593890E+2	-8.61803958E-1
1.42401793E+3	2.59125268E+2	4.76124117E-7	1.16798323E+2	-1.28932318E+2	1.73969519E+2	-8.34737331E-1
1.52692775E+3	2.42883017E+2	4.48804160E-7	1.16005687E+2	-1.21319789E+2	1.67856519E+2	-8.07786045E-1
1.63727458E+3	2.28399899E+2	4.21890483E-7	1.15199935E+2	-1.14195567E+2	1.62208671E+2	-7.81019869E-1
1.75559587E+3	2.15516107E+2	3.95473052E-7	1.14399038E+2	-1.07553219E+2	1.57018582E+2	-7.54564282E-1
1.88246790E+3	2.03984864E+2	3.69744237E-7	1.13588847E+2	-1.01331037E+2	1.52218282E+2	-7.28425566E-1
2.01850863E+3	1.93679190E+2	3.44767652E-7	1.12787829E+2	-9.55173317E+1	1.47799375E+2	-7.02677755E-1
2.16438064E+3	1.84427772E+2	3.20704593E-7	1.11979449E+2	-9.00706559E+1	1.43708455E+2	-6.77387686E-1
2.32079442E+3	1.76134985E+2	2.97586806E-7	1.11183223E+2	-8.49796799E+1	1.39940185E+2	-6.52603766E-1
2.48851178E+3	1.68659667E+2	2.75523305E-7	1.10384249E+2	-8.02040401E+1	1.36445486E+2	-6.28349298E-1
2.66834962E+3	1.61920361E+2	2.54529895E-7	1.09594655E+2	-7.57272577E+1	1.33212635E+2	-6.04643765E-1
2.86118383E+3	1.55819347E+2	2.34652038E-7	1.08807938E+2	-7.15207262E+1	1.30208993E+2	-5.81498067E-1
3.06795364E+3	1.50318489E+2	2.15895471E-7	1.08037599E+2	-6.75864313E+1	1.27436449E+2	-5.59018080E-1
3.28966612E+3	1.45322043E+2	1.98272529E-7	1.07273118E+2	-6.38876090E+1	1.24856512E+2	-5.37148607E-1
3.52740116E+3	1.40775246E+2	1.81767973E-7	1.06516369E+2	-6.04080377E+1	1.22453534E+2	-5.15895458E-1
3.78231664E+3	1.36641081E+2	1.66355302E-7	1.05774290E+2	-5.71394164E+1	1.20221102E+2	-4.95289161E-1
4.05565415E+3	1.32881645E+2	1.52006196E-7	1.05050439E+2	-5.40710670E+1	1.18149377E+2	-4.75350415E-1
4.34874501E+3	1.29436427E+2	1.38691339E-7	1.04333557E+2	-5.11768655E+1	1.16209134E+2	-4.56028467E-1
4.66301673E+3	1.26286454E+2	1.26361277E-7	1.03633048E+2	-4.84524660E+1	1.14400394E+2	-4.37343051E-1
5.00000000E+3	1.23404350E+2	1.14966247E-7	1.02952276E+2	-4.58866808E+1	1.12715388E+2	-4.19279194E-1
5.36133611E+3	1.20758023E+2	1.04476483E-7	1.02283238E+2	-4.34702275E+1	1.11137400E+2	-4.01869413E-1
5.74878498E+3	1.18332235E+2	9.48297253E-8	1.01634811E+2	-4.11951392E+1	1.09666195E+2	-3.85088529E-1
6.16423370E+3	1.16092146E+2	8.59604130E-8	1.01003296E+2	-3.90387441E+1	1.08285222E+2	-3.68822908E-1
6.60970574E+3	1.14033938E+2	7.78603196E-8	1.00385150E+2	-3.70153426E+1	1.06992121E+2	-3.53265244E-1
7.08737081E+3	1.12130795E+2	7.04399680E-8	9.97859014E+1	-3.50976677E+1	1.05778412E+2	-3.38214945E-1
7.59955541E+3	1.10370117E+2	6.36822260E-8	9.91970046E+1	-3.32917292E+1	1.04634531E+2	-3.23800167E-1
8.14875417E+3	1.08748156E+2	5.75100841E-8	9.86346128E+1	-3.15839418E+1	1.03568008E+2	-3.09894828E-1
8.73764200E+3	1.07237329E+2	5.18900525E-8	9.80834687E+1	-2.99640162E+1	1.02558321E+2	-2.96490489E-1
9.36908711E+3	1.05831795E+2	4.67870831E-8	9.75439975E+1	-2.84328130E+1	1.01603427E+2	-2.83628574E-1
1.00461650E+4	1.04532765E+2	4.21477311E-8	9.70284225E+1	-2.69839662E+1	1.00710721E+2	-2.71249427E-1
1.07721735E+4	1.03321338E+2	3.79367208E-8	9.65274721E+1	-2.56084887E+1	9.98666492E+1	-2.59323609E-1
1.15506485E+4	1.02194416E+2	3.41283782E-8	9.60410197E+1	-2.43100477E+1	9.90699548E+1	-2.47914389E-1
1.23853818E+4	1.01141122E+2	3.06791381E-8	9.55687962E+1	-2.30768384E+1	9.83154887E+1	-2.36932884E-1
1.32804389E+4	1.00154386E+2	2.75542448E-8	9.51108882E+1	-2.19018609E+1	9.76000646E+1	-2.26331564E-1
1.42401793E+4	9.92335798E+1	2.47292173E-8	9.46696441E+1	-2.07861998E+1	9.69247527E+1	-2.16135948E-1
1.52692775E+4	9.83710864E+1	2.21816277E-8	9.42410062E+1	-1.97287311E+1	9.62839040E+1	-2.06363227E-1
1.63727458E+4	9.75594313E+1	1.98743947E-8	9.38264608E+1	-1.87150018E+1	9.56747415E+1	-1.96880133E-1
1.75559587E+4	9.67990834E+1	1.77968592E-8	9.34254089E+1	-1.77535010E+1	9.50972868E+1	-1.87789568E-1
1.88246790E+4	9.60858825E+1	1.59179922E-8	9.30409006E+1	-1.68317480E+1	9.45511345E+1	-1.78971311E-1
2.01850863E+4	9.54221897E+1	1.42284563E-8	9.26743284E+1	-1.59579495E+1	9.40382228E+1	-1.70521611E-1
2.16438064E+4	9.47971465E+1	1.27056082E-8	9.23202628E+1	-1.51217226E+1	9.35505076E+1	-1.62354648E-1
2.32079442E+4	9.42080197E+1	1.13303832E-8	9.19796366E+1	-1.43166267E+1	9.30871603E+1	-1.54410947E-1
2.48851178E+4	9.36488801E+1	1.00972433E-8	9.16455085E+1	-1.35499018E+1	9.26417791E+1	-1.46787810E-1
2.66834962E+4	9.31270408E+1	8.98386409E-9	9.13300858E+1	-1.28107763E+1	9.22241868E+1	-1.39359722E-1
2.86118383E+4	9.26359061E+1	7.98307461E-9	9.10270363E+1	-1.21016777E+1	9.18279478E+1	-1.32170915E-1
3.06795364E+4	9.21773788E+1	7.08537766E-9	9.07391533E+1	-1.14238037E+1	9.14554389E+1	-1.25238277E-1
3.28966612E+4	9.17454118E+1	6.27800199E-9	9.04632370E+1	-1.07698488E+1	9.11020687E+1	-1.18494493E-1
3.52740116E+4	9.13388056E+1	5.55248676E-9	9.01991908E+1	-1.01386523E+1	9.07672096E+1	-1.11933092E-1
3.78231664E+4	9.09547228E+1	4.90148392E-9	8.99451004E+1	-9.52945567E+0	9.04485029E+1	-1.05553702E-1
4.05565415E+4	9.05967867E+1	4.31988986E-9	8.97045760E+1	-8.94624640E+0	9.01495776E+1	-9.94014172E-2
4.34874501E+4	9.02626669E+1	3.79653200E-9	8.94781625E+1	-8.37830378E+0	8.98695586E+1	-9.33629584E-2
4.66301673E+4	8.99436632E+1	3.32830812E-9	8.92570303E+1	-7.82858663E+0	8.95996890E+1	-8.74844744E-2
5.00000000E+4	8.96474197E+1	2.90898317E-9	8.90497096E+1	-7.29560619E+0	8.93480648E+1	-8.17447772E-2
5.36133611E+4	8.93683732E+1	2.53279938E-9	8.88517885E+1	-6.77491281E+0	8.91097065E+1	-7.61023365E-2
5.74878498E+4	8.91048018E+1	2.19827615E-9	8.86609770E+1	-6.27294985E+0	8.88826123E+1	-7.06343887E-2
6.16423370E+4	8.88584937E+1	1.89815293E-9	8.84808971E+1	-5.78014341E+0	8.86694944E+1	-6.52337660E-2
6.60970574E+4	8.86277133E+1	1.63077652E-9	8.83095425E+1	-5.30070490E+0	8.84684849E+1	-5.99522143E-2
7.08737081E+4	8.84083270E+1	1.39233140E-9	8.81434817E+1	-4.83160030E+0	8.82758050E+1	-5.47603727E-2
7.59955541E+4	8.82028941E+1	1.17941566E-9	8.79857997E+1	-4.37049214E+0	8.80942800E+1	-4.96319067E-2
8.14875417E+4	8.80118782E+1	9.88738722E-10	8.78375093E+1	-3.91357708E+0	8.79246505E+1	-4.45252910E-2
8.73764200E+4	8.78233558E+1	8.19221310E-10	8.76865499E+1	-3.46352532E+0	8.77549262E+1	-3.94784123E-2
9.36908711E+4	8.76529355E+1	6.67998337E-10	8.75489216E+1	-3.01765655E+0	8.76009131E+1	-3.44545910E-2
1.00461650E+5	8.74927226E+1	5.33219004E-10	8.74169151E+1	-2.57426474E+0	8.74548107E+1	-2.94396225E-2
1.07721735E+5	8.73370908E+1	4.12986917E-10	8.72850696E+1	-2.13087621E+0	8.73110763E+1	-2.44079881E-2
1.15506485E+5	8.71881294E+1	3.05978852E-10	8.71554580E+1	-1.68744488E+0	8.71717922E+1	-1.93589032E-2
1.23853818E+5	8.70497532E+1	2.09839152E-10	8.70321669E+1	-1.23715227E+0	8.70409596E+1	-1.42139275E-2
1.32804389E+5	8.69156420E+1	1.24781776E-10	8.69085174E+1	-7.86509044E-1	8.69120796E+1	-9.04960281E-3
1.42401793E+5	8.67885994E+1	4.85009603E-11	8.67873681E+1	-3.26862374E-1	8.67879837E+1	-3.76622554E-3
1.52692775E+5	8.66694743E+1	-1.94353089E-11	8.66692476E+1	1.40061870E-1	8.66693610E+1	1.61605096E-3
1.63727458E+5	8.65495016E+1	-7.98973399E-11	8.65451217E+1	6.15659762E-1	8.65473116E+1	7.11362392E-3
1.75559587E+5	8.64382335E+1	-1.34335054E-10	8.64240545E+1	1.10696609E+0	8.64311437E+1	1.28078407E-2
1.88246790E+5	8.63097764E+1	-1.77681636E-10	8.62749020E+1	1.56461448E+0	8.62923363E+1	1.81343718E-2
2.01850863E+5	8.62328672E+1	-2.25721667E-10	8.61803470E+1	2.12747658E+0	8.62066031E+1	2.46813182E-2
2.16438064E+5	8.61375197E+1	-2.64233779E-10	8.60550742E+1	2.66361064E+0	8.60962871E+1	3.09425141E-2
2.32079442E+5	8.60390003E+1	-2.99245780E-10	8.59178943E+1	3.22569693E+0	8.59784260E+1	3.75263222E-2
2.48851178E+5	8.59533235E+1	-3.30136128E-10	8.57844502E+1	3.80613220E+0	8.58688453E+1	4.43394763E-2
2.66834962E+5	8.58742442E+1	-3.58050597E-10	8.56466434E+1	4.41509718E+0	8.57603683E+1	5.15045575E-2
2.86118383E+5	8.57907646E+1	-3.83124979E-10	8.54922660E+1	5.05165274E+0	8.56413852E+1	5.90203746E-2
3.06795364E+5	8.57159356E+1	-4.05508896E-10	8.53328481E+1	5.71750899E+0	8.55241773E+1	6.69024433E-2
3.28966612E+5	8.56457178E+1	-4.25617657E-10	8.51622547E+1	6.41658773E+0	8.54036441E+1	7.52033453E-2
3.52740116E+5	8.55741845E+1	-4.44080792E-10	8.49714117E+1	7.15669283E+0	8.52722655E+1	8.40263920E-2
3.78231664E+5	8.55144069E+1	-4.60888392E-10	8.47707148E+1	7.93996571E+0	8.51417489E+1	9.33915489E-2
4.05565415E+5	8.54618035E+1	-4.75715057E-10	8.45542835E+1	8.75982290E+0	8.50068324E+1	1.03231714E-1
4.34874501E+5	8.54047218E+1	-4.89466867E-10	8.43048268E+1	9.62944941E+0	8.48529921E+1	1.13728916E-1
4.66301673E+5	8.53629639E+1	-5.02350711E-10	8.40364400E+1	1.05582280E+1	8.46971050E+1	1.24983799E-1
5.00000000E+5	8.53204711E+1	-5.13731584E-10	8.37327455E+1	1.15301433E+1	8.45228802E+1	1.36841135E-1
