Start time:20240908_13-15-29	sweep/start:500.000	sweep/stop:500000.000	sweep/samplecount:100.000	sweep/xmapping:1.000	sweep/scan:0.000	sweep/averaging/sample:10.000	sweep/settling/time:0.100	sweep/settling/inaccuracy:0.010	sweep/awgcontrol:0.000	sweep/averaging/time:0.100	sweep/averaging/tc:15.000	sweep/bandwidthcontrol:2.000	sweep/sincfilter:0.000	sweep/omegasuppression:80.000	sweep/maxbandwidth:100.000	sweep/bandwidth:1250000.000	sweep/order:8.000	sweep/bandwidthoverlap:1.000																				
Frequency	Param0		Param1		RealZ		ImagZ		AbsZ		PhaseZ		
5.00000000E+2	9.79218514E+2	7.98595323E-7	1.39182724E+2	-3.41933410E+2	3.69175148E+2	-1.18423036E+0
5.36133611E+2	8.80377970E+2	7.81327575E-7	1.38224064E+2	-3.20286557E+2	3.48840047E+2	-1.16337930E+0
5.74878498E+2	7.93579982E+2	7.62934319E-7	1.37234944E+2	-3.00122389E+2	3.30010429E+2	-1.14191870E+0
6.16423370E+2	7.17119454E+2	7.43395483E-7	1.36250344E+2	-2.81324686E+2	3.12582377E+2	-1.11977362E+0
6.60970574E+2	6.49698545E+2	7.22871066E-7	1.35234050E+2	-2.63767101E+2	2.96414134E+2	-1.09703844E+0
7.08737081E+2	5.90067087E+2	7.01075853E-7	1.34300996E+2	-2.47406184E+2	2.81507694E+2	-1.07346990E+0
7.59955541E+2	5.37715040E+2	6.78451996E-7	1.33281178E+2	-2.32171084E+2	2.67707466E+2	-1.04966538E+0
8.14875417E+2	4.91320633E+2	6.54812510E-7	1.32311906E+2	-2.17947512E+2	2.54965805E+2	-1.02518609E+0
8.73764200E+2	4.50483363E+2	6.30378996E-7	1.31314210E+2	-2.04722837E+2	2.43217728E+2	-1.00047333E+0
9.36908711E+2	4.14215555E+2	6.05305810E-7	1.30318101E+2	-1.92345973E+2	2.32335494E+2	-9.75317979E-1
1.00461650E+3	3.82148180E+2	5.79698909E-7	1.29306387E+2	-1.80814975E+2	2.22293046E+2	-9.49987379E-1
1.07721735E+3	3.53735073E+2	5.53648880E-7	1.28300626E+2	-1.70068742E+2	2.13036215E+2	-9.24482280E-1
1.15506485E+3	3.28472665E+2	5.27344696E-7	1.27296494E+2	-1.60028177E+2	2.04483291E+2	-8.98827979E-1
1.23853818E+3	3.06037654E+2	5.01004036E-7	1.26270112E+2	-1.50662754E+2	1.96579265E+2	-8.73252854E-1
1.32804389E+3	2.86052456E+2	4.74759514E-7	1.25232432E+2	-1.41915050E+2	1.89269765E+2	-8.47764399E-1
1.42401793E+3	2.68180593E+2	4.48700452E-7	1.24203687E+2	-1.33725322E+2	1.82507584E+2	-8.22297131E-1
1.52692775E+3	2.52244248E+2	4.23006804E-7	1.23170102E+2	-1.26087569E+2	1.76263863E+2	-7.97102247E-1
1.63727458E+3	2.37970025E+2	3.97849106E-7	1.22123459E+2	-1.18943610E+2	1.70474990E+2	-7.72208202E-1
1.75559587E+3	2.25175671E+2	3.73294568E-7	1.21080664E+2	-1.12267057E+2	1.65119410E+2	-7.47645839E-1
1.88246790E+3	2.13649539E+2	3.49490994E-7	1.20028292E+2	-1.06005651E+2	1.60137407E+2	-7.23439799E-1
2.01850863E+3	2.03271864E+2	3.26443996E-7	1.18993499E+2	-1.00142784E+2	1.55525014E+2	-6.99586622E-1
2.16438064E+3	1.93902684E+2	3.04311743E-7	1.17951393E+2	-9.46496715E+1	1.51231913E+2	-6.76230874E-1
2.32079442E+3	1.85404535E+2	2.83087091E-7	1.16918983E+2	-8.94832985E+1	1.47232162E+2	-6.53249463E-1
2.48851178E+3	1.77718632E+2	2.62869290E-7	1.15886185E+2	-8.46494308E+1	1.43510049E+2	-6.30873322E-1
2.66834962E+3	1.70727540E+2	2.43619525E-7	1.14869882E+2	-8.01022004E+1	1.40040895E+2	-6.08931684E-1
2.86118383E+3	1.64355013E+2	2.25374501E-7	1.13864074E+2	-7.58228454E+1	1.36799603E+2	-5.87476262E-1
3.06795364E+3	1.58546469E+2	2.08136953E-7	1.12873380E+2	-7.18002493E+1	1.33774720E+2	-5.66550962E-1
3.28966612E+3	1.53229147E+2	1.91899432E-7	1.11895332E+2	-6.80078000E+1	1.30941308E+2	-5.46120821E-1
3.52740116E+3	1.48374401E+2	1.76642120E-7	1.10940436E+2	-6.44433096E+1	1.28299340E+2	-5.26243569E-1
3.78231664E+3	1.43916031E+2	1.62365133E-7	1.09995997E+2	-6.10824679E+1	1.25818072E+2	-5.06914948E-1
4.05565415E+3	1.39822046E+2	1.49005830E-7	1.09077142E+2	-5.79099839E+1	1.23496515E+2	-4.88067595E-1
4.34874501E+3	1.36054989E+2	1.36562351E-7	1.08174344E+2	-5.49178509E+1	1.21316359E+2	-4.69771982E-1
4.66301673E+3	1.32592346E+2	1.24963325E-7	1.07304413E+2	-5.20913305E+1	1.19280107E+2	-4.51943042E-1
5.00000000E+3	1.29399692E+2	1.14195143E-7	1.06457375E+2	-4.94204281E+1	1.17369296E+2	-4.34622221E-1
5.36133611E+3	1.26452802E+2	1.04244056E-7	1.05625456E+2	-4.69030684E+1	1.15570909E+2	-4.17895570E-1
5.74878498E+3	1.23725396E+2	9.50214864E-8	1.04822523E+2	-4.45134455E+1	1.13882431E+2	-4.01578693E-1
6.16423370E+3	1.21208957E+2	8.65344205E-8	1.04039268E+2	-4.22649005E+1	1.12296443E+2	-3.85873990E-1
6.60970574E+3	1.18871247E+2	7.87107621E-8	1.03277465E+2	-4.01308628E+1	1.10800366E+2	-3.70617106E-1
7.08737081E+3	1.16711414E+2	7.15084007E-8	1.02547137E+2	-3.81117558E+1	1.09400280E+2	-3.55831416E-1
7.59955541E+3	1.14696725E+2	6.49006981E-8	1.01831457E+2	-3.61951514E+1	1.08072821E+2	-3.41514455E-1
8.14875417E+3	1.12829834E+2	5.88567384E-8	1.01137658E+2	-3.43877778E+1	1.06823897E+2	-3.27747141E-1
8.73764200E+3	1.11096600E+2	5.33079158E-8	1.00474972E+2	-3.26681452E+1	1.05652391E+2	-3.14355934E-1
9.36908711E+3	1.09475754E+2	4.82492347E-8	9.98240048E+1	-3.10399140E+1	1.04538549E+2	-3.01468855E-1
1.00461650E+4	1.07974342E+2	4.36206195E-8	9.92058953E+1	-2.94937535E+1	1.03497301E+2	-2.88976419E-1
1.07721735E+4	1.06573153E+2	3.94038820E-8	9.86070143E+1	-2.80270790E+1	1.02512733E+2	-2.76926927E-1
1.15506485E+4	1.05260909E+2	3.55590011E-8	9.80273330E+1	-2.66287080E+1	1.01579753E+2	-2.65245119E-1
1.23853818E+4	1.04032723E+2	3.20693723E-8	9.74631117E+1	-2.53040455E+1	1.00694354E+2	-2.54018552E-1
1.32804389E+4	1.02881980E+2	2.88938017E-8	9.69187649E+1	-2.40405369E+1	9.98558684E+1	-2.43140948E-1
1.42401793E+4	1.01807849E+2	2.60029683E-8	9.63993922E+1	-2.28335696E+1	9.90667188E+1	-2.32577908E-1
1.52692775E+4	1.00804921E+2	2.33811445E-8	9.59013065E+1	-2.16855475E+1	9.83225490E+1	-2.22383628E-1
1.63727458E+4	9.98565773E+1	2.10112324E-8	9.54116892E+1	-2.05935475E+1	9.76088352E+1	-2.12577792E-1
1.75559587E+4	9.89742859E+1	1.88607440E-8	9.49484217E+1	-1.95511976E+1	9.69404572E+1	-2.03075458E-1
1.88246790E+4	9.81405657E+1	1.69100473E-8	9.44994783E+1	-1.85494155E+1	9.63028154E+1	-1.93826872E-1
2.01850863E+4	9.73652747E+1	1.51499916E-8	9.40728320E+1	-1.75991288E+1	9.57048961E+1	-1.84942015E-1
2.16438064E+4	9.66353554E+1	1.35554963E-8	9.36630172E+1	-1.66852658E+1	9.51375791E+1	-1.76292133E-1
2.32079442E+4	9.59455251E+1	1.21143535E-8	9.32663078E+1	-1.58076130E+1	9.45964316E+1	-1.67893464E-1
2.48851178E+4	9.53057914E+1	1.08155055E-8	9.28928115E+1	-1.49715853E+1	9.40915667E+1	-1.59796382E-1
2.66834962E+4	9.47021032E+1	9.64359949E-9	9.25327103E+1	-1.41682646E+1	9.36111226E+1	-1.51936256E-1
2.86118383E+4	9.41358938E+1	8.58571247E-9	9.21896524E+1	-1.33948975E+1	9.31576907E+1	-1.44287480E-1
3.06795364E+4	9.36052244E+1	7.63499610E-9	9.18617721E+1	-1.26552983E+1	9.27294009E+1	-1.36902822E-1
3.28966612E+4	9.31076512E+1	6.77722350E-9	9.15502610E+1	-1.19406634E+1	9.23256723E+1	-1.29695287E-1
3.52740116E+4	9.26359601E+1	6.00639746E-9	9.12483044E+1	-1.12526081E+1	9.19395143E+1	-1.22699067E-1
3.78231664E+4	9.22011172E+1	5.31513916E-9	9.09672668E+1	-1.05943354E+1	9.15821141E+1	-1.15940849E-1
4.05565415E+4	9.17900838E+1	4.69251471E-9	9.06974373E+1	-9.95490681E+0	9.12421250E+1	-1.09321912E-1
4.34874501E+4	9.14073456E+1	4.13398302E-9	9.04431543E+1	-9.33833217E+0	9.09239718E+1	-1.02886262E-1
4.66301673E+4	9.10424212E+1	3.63503379E-9	9.01944552E+1	-8.74538502E+0	9.06174463E+1	-9.66592889E-2
5.00000000E+4	9.07091947E+1	3.18549896E-9	8.99678082E+1	-8.16706070E+0	9.03377409E+1	-9.05294621E-2
5.36133611E+4	9.03883431E+1	2.78424212E-9	8.97433615E+1	-7.60807275E+0	9.00652749E+1	-8.45736615E-2
5.74878498E+4	9.00926648E+1	2.42478795E-9	8.95351809E+1	-7.06501092E+0	8.98134903E+1	-7.87444914E-2
6.16423370E+4	8.98115989E+1	2.10420816E-9	8.93329993E+1	-6.53870883E+0	8.95719795E+1	-7.30644817E-2
6.60970574E+4	8.95499501E+1	1.81756919E-9	8.91426426E+1	-6.02564849E+0	8.93460643E+1	-6.74929084E-2
7.08737081E+4	8.93068113E+1	1.56021022E-9	8.89642945E+1	-5.52011954E+0	8.91353884E+1	-6.19692600E-2
7.59955541E+4	8.90744478E+1	1.33168737E-9	8.87896021E+1	-5.02904550E+0	8.89319109E+1	-5.65795760E-2
8.14875417E+4	8.88546968E+1	1.12735927E-9	8.86215829E+1	-4.54520338E+0	8.87380633E+1	-5.12428709E-2
8.73764200E+4	8.86478146E+1	9.45128640E-10	8.84606528E+1	-4.06895792E+0	8.85541842E+1	-4.59649781E-2
9.36908711E+4	8.84493049E+1	7.81844989E-10	8.83029657E+1	-3.59474051E+0	8.83761050E+1	-4.06867034E-2
1.00461650E+5	8.82659675E+1	6.36477260E-10	8.81551109E+1	-3.12610706E+0	8.82105218E+1	-3.54465855E-2
1.07721735E+5	8.80902769E+1	5.07123925E-10	8.80098161E+1	-2.66107038E+0	8.80500373E+1	-3.02268554E-2
1.15506485E+5	8.79256358E+1	3.91283657E-10	8.78708538E+1	-2.19400894E+0	8.78982405E+1	-2.49633737E-2
1.23853818E+5	8.77652709E+1	2.88352971E-10	8.77312434E+1	-1.72778870E+0	8.77482555E+1	-1.96915648E-2
1.32804389E+5	8.76084886E+1	1.95939654E-10	8.75905134E+1	-1.25463606E+0	8.75995005E+1	-1.43229028E-2
1.42401793E+5	8.74643309E+1	1.14073961E-10	8.74573605E+1	-7.80744979E-1	8.74608456E+1	-8.92691279E-3
1.52692775E+5	8.73252699E+1	4.03738624E-11	8.73242705E+1	-2.95375024E-1	8.73247702E+1	-3.38249405E-3
1.63727458E+5	8.71892305E+1	-2.53629730E-11	8.71887788E+1	1.98346817E-1	8.71890046E+1	2.27490763E-3
1.75559587E+5	8.70616296E+1	-8.42359084E-11	8.70559321E+1	7.04250187E-1	8.70587808E+1	8.08945127E-3
1.88246790E+5	8.69682472E+1	-1.39145824E-10	8.69417425E+1	1.24493547E+0	8.69549929E+1	1.43145000E-2
2.01850863E+5	8.68262236E+1	-1.83790961E-10	8.67906727E+1	1.75654211E+0	8.68084464E+1	2.02360730E-2
2.16438064E+5	8.67115806E+1	-2.25909985E-10	8.66500879E+1	2.30831494E+0	8.66808288E+1	2.66331995E-2
2.32079442E+5	8.66032754E+1	-2.63494096E-10	8.65074901E+1	2.87856146E+0	8.65553695E+1	3.32630107E-2
2.48851178E+5	8.65000217E+1	-2.97922089E-10	8.63598079E+1	3.47976648E+0	8.64298864E+1	4.02720360E-2
2.66834962E+5	8.64055280E+1	-3.27890786E-10	8.62110105E+1	4.09502080E+0	8.63082144E+1	4.74642961E-2
2.86118383E+5	8.63042405E+1	-3.55320227E-10	8.60427411E+1	4.74342388E+0	8.61733916E+1	5.50729460E-2
3.06795364E+5	8.62164293E+1	-3.80046742E-10	8.58738407E+1	5.42396153E+0	8.60449645E+1	6.30781830E-2
3.28966612E+5	8.61279609E+1	-4.02604176E-10	8.56877799E+1	6.14147998E+0	8.59075885E+1	7.15504105E-2
3.52740116E+5	8.60470758E+1	-4.22643669E-10	8.54916618E+1	6.89078947E+0	8.57689192E+1	8.04280163E-2
3.78231664E+5	8.59786692E+1	-4.40448507E-10	8.52878948E+1	7.67557723E+0	8.56325855E+1	8.97542919E-2
4.05565415E+5	8.59047511E+1	-4.57875718E-10	8.50502985E+1	8.52474519E+0	8.54764571E+1	9.98981596E-2
4.34874501E+5	8.58377356E+1	-4.72356717E-10	8.47969390E+1	9.39446885E+0	8.53157502E+1	1.10337882E-1
4.66301673E+5	8.57806605E+1	-4.86395417E-10	8.45176716E+1	1.03317324E+1	8.51468243E+1	1.21639955E-1
NaN	NaN	NaN	NaN	NaN	NaN	NaN
