Start time:20240909_03-28-05	sweep/start:500.000	sweep/stop:500000.000	sweep/samplecount:100.000	sweep/xmapping:1.000	sweep/scan:0.000	sweep/averaging/sample:10.000	sweep/settling/time:0.100	sweep/settling/inaccuracy:0.010	sweep/awgcontrol:0.000	sweep/averaging/time:0.100	sweep/averaging/tc:15.000	sweep/bandwidthcontrol:2.000	sweep/sincfilter:0.000	sweep/omegasuppression:80.000	sweep/maxbandwidth:100.000	sweep/bandwidth:1250000.000	sweep/order:8.000	sweep/bandwidthoverlap:1.000																				
Frequency	Param0		Param1		RealZ		ImagZ		AbsZ		PhaseZ		
5.00000000E+2	1.02134219E+3	8.30549491E-7	1.26062393E+2	-3.35948036E+2	3.58821423E+2	-1.21181199E+0
5.36133611E+2	9.14094400E+2	8.15139027E-7	1.25215765E+2	-3.14292886E+2	3.38317912E+2	-1.19166597E+0
5.74878498E+2	8.19871342E+2	7.98347628E-7	1.24417404E+2	-2.94153955E+2	3.19384163E+2	-1.17064897E+0
6.16423370E+2	7.36706223E+2	7.80380799E-7	1.23646803E+2	-2.75323118E+2	3.01813443E+2	-1.14869354E+0
6.60970574E+2	6.63693162E+2	7.61097767E-7	1.22886118E+2	-2.57793845E+2	2.85584781E+2	-1.12597516E+0
7.08737081E+2	5.99376591E+2	7.40567534E-7	1.22143794E+2	-2.41435315E+2	2.70573687E+2	-1.10243436E+0
7.59955541E+2	5.42813057E+2	7.18799355E-7	1.21408097E+2	-2.26190107E+2	2.56713639E+2	-1.07818083E+0
8.14875417E+2	4.93038463E+2	6.95901426E-7	1.20664626E+2	-2.11972495E+2	2.43910421E+2	-1.05329660E+0
8.73764200E+2	4.49118218E+2	6.71860205E-7	1.19948031E+2	-1.98704070E+2	2.32100926E+2	-1.02769615E+0
9.36908711E+2	4.10503839E+2	6.46886096E-7	1.19204985E+2	-1.86344495E+2	2.21210534E+2	-1.00169442E+0
1.00461650E+3	3.76328441E+2	6.20971073E-7	1.18495385E+2	-1.74791375E+2	2.11170978E+2	-9.75040167E-1
1.07721735E+3	3.46257387E+2	5.94424054E-7	1.17746795E+2	-1.64031665E+2	2.01917547E+2	-9.48204105E-1
1.15506485E+3	3.19658514E+2	5.67212175E-7	1.17024406E+2	-1.53990698E+2	1.93411083E+2	-9.20960966E-1
1.23853818E+3	2.96165950E+2	5.39606783E-7	1.16294415E+2	-1.44630750E+2	1.85586759E+2	-8.93573692E-1
1.32804389E+3	2.75324864E+2	5.11835238E-7	1.15550414E+2	-1.35874951E+2	1.78364518E+2	-8.66060027E-1
1.42401793E+3	2.56901312E+2	4.83928752E-7	1.14824866E+2	-1.27725909E+2	1.71751734E+2	-8.38537133E-1
1.52692775E+3	2.40537162E+2	4.56196684E-7	1.14089472E+2	-1.20109739E+2	1.65658557E+2	-8.11098259E-1
1.63727458E+3	2.25995597E+2	4.28765335E-7	1.13356586E+2	-1.12997227E+2	1.60056519E+2	-7.83810563E-1
1.75559587E+3	2.13037171E+2	4.01860290E-7	1.12610547E+2	-1.06344236E+2	1.54887805E+2	-7.56786773E-1
1.88246790E+3	2.01514877E+2	3.75578612E-7	1.11867824E+2	-1.00143001E+2	1.50143368E+2	-7.30151491E-1
2.01850863E+3	1.91207837E+2	3.50040457E-7	1.11131309E+2	-9.43345601E+1	1.45770975E+2	-7.03829967E-1
2.16438064E+3	1.81977025E+2	3.25413762E-7	1.10387261E+2	-8.88965557E+1	1.41731948E+2	-6.77973618E-1
2.32079442E+3	1.73714937E+2	3.01776897E-7	1.09643704E+2	-8.38153151E+1	1.38009960E+2	-6.52674705E-1
2.48851178E+3	1.66286352E+2	2.79146767E-7	1.08914120E+2	-7.90483775E+1	1.34576861E+2	-6.27823402E-1
2.66834962E+3	1.59615891E+2	2.57663504E-7	1.08181286E+2	-7.45939778E+1	1.31405679E+2	-6.03662847E-1
2.86118383E+3	1.53587939E+2	2.37290836E-7	1.07459241E+2	-7.04056439E+1	1.28469620E+2	-5.80011325E-1
3.06795364E+3	1.48162084E+2	2.18091108E-7	1.06746688E+2	-6.64902714E+1	1.25760931E+2	-5.57072652E-1
3.28966612E+3	1.43243006E+2	2.00054469E-7	1.06040099E+2	-6.28092341E+1	1.23245700E+2	-5.34750249E-1
3.52740116E+3	1.38780805E+2	1.83169459E-7	1.05342866E+2	-5.93502171E+1	1.20911405E+2	-5.13073213E-1
3.78231664E+3	1.34732917E+2	1.67435358E-7	1.04653413E+2	-5.61063518E+1	1.18744514E+2	-4.92121131E-1
4.05565415E+3	1.31050537E+2	1.52793662E-7	1.03978872E+2	-5.30554526E+1	1.16732545E+2	-4.71815723E-1
4.34874501E+3	1.27689184E+2	1.39230891E-7	1.03310442E+2	-5.01854408E+1	1.14854804E+2	-4.52201504E-1
4.66301673E+3	1.24618167E+2	1.26693309E-7	1.02652962E+2	-4.74846630E+1	1.13103598E+2	-4.33261703E-1
5.00000000E+3	1.21828696E+2	1.15101912E-7	1.02027888E+2	-4.49470195E+1	1.11489572E+2	-4.14956356E-1
5.36133611E+3	1.19262066E+2	1.04460872E-7	1.01402657E+2	-4.25557463E+1	1.09970407E+2	-3.97348225E-1
5.74878498E+3	1.16904772E+2	9.46888295E-8	1.00791051E+2	-4.03003567E+1	1.08549320E+2	-3.80368977E-1
6.16423370E+3	1.14747350E+2	8.57319393E-8	1.00200807E+2	-3.81782035E+1	1.07227688E+2	-3.64035321E-1
6.60970574E+3	1.12756480E+2	7.75403918E-8	9.96218563E+1	-3.61731326E+1	1.05985894E+2	-3.48301072E-1
7.08737081E+3	1.10929032E+2	7.00633916E-8	9.90627855E+1	-3.42856144E+1	1.04828140E+2	-3.33196075E-1
7.59955541E+3	1.09234035E+2	6.32547184E-8	9.85108903E+1	-3.25014847E+1	1.03733997E+2	-3.18682481E-1
8.14875417E+3	1.07670780E+2	5.70552422E-8	9.79778126E+1	-3.08171330E+1	1.02710017E+2	-3.04734788E-1
8.73764200E+3	1.06221754E+2	5.14237813E-8	9.74574351E+1	-2.92258107E+1	1.01745269E+2	-2.91349288E-1
9.36908711E+3	1.04879707E+2	4.63053520E-8	9.69552258E+1	-2.77185825E+1	1.00839653E+2	-2.78462611E-1
1.00461650E+4	1.03632272E+2	4.16685787E-8	9.64652511E+1	-2.62938862E+1	9.99845646E+1	-2.66109063E-1
1.07721735E+4	1.02477840E+2	3.74655684E-8	9.59953585E+1	-2.49457020E+1	9.91836527E+1	-2.54240315E-1
1.15506485E+4	1.01398413E+2	3.36669933E-8	9.55342943E+1	-2.36690608E+1	9.84226898E+1	-2.42864231E-1
1.23853818E+4	1.00391942E+2	3.02284880E-8	9.50887395E+1	-2.24560638E+1	9.77043665E+1	-2.31910043E-1
1.32804389E+4	9.94508663E+1	2.71252774E-8	9.46547200E+1	-2.13067556E+1	9.70231617E+1	-2.21409403E-1
1.42401793E+4	9.85711086E+1	2.43222811E-8	9.42348981E+1	-2.02144084E+1	9.63786199E+1	-2.11308578E-1
1.52692775E+4	9.77487726E+1	2.17898474E-8	9.38306967E+1	-1.91738268E+1	9.57697000E+1	-2.01569860E-1
1.63727458E+4	9.69817222E+1	1.95101963E-8	9.34413807E+1	-1.81883019E+1	9.51950945E+1	-1.92245430E-1
1.75559587E+4	9.62550015E+1	1.74526266E-8	9.30595077E+1	-1.72444467E+1	9.46437692E+1	-1.83227225E-1
1.88246790E+4	9.55759198E+1	1.56000850E-8	9.26931269E+1	-1.63467125E+1	9.41234873E+1	-1.74558175E-1
2.01850863E+4	9.49459804E+1	1.39321988E-8	9.23468057E+1	-1.54927534E+1	9.36373750E+1	-1.66219151E-1
2.16438064E+4	9.43455253E+1	1.24341742E-8	9.20039396E+1	-1.46777058E+1	9.31673763E+1	-1.58200325E-1
2.32079442E+4	9.37818567E+1	1.10797404E-8	9.16771518E+1	-1.38907618E+1	9.27235327E+1	-1.50374458E-1
2.48851178E+4	9.32538788E+1	9.86391798E-9	9.13639435E+1	-1.31404661E+1	9.23040742E+1	-1.42845926E-1
2.66834962E+4	9.27568903E+1	8.77305635E-9	9.10618652E+1	-1.24238515E+1	9.19054701E+1	-1.35595895E-1
2.86118383E+4	9.22863763E+1	7.79225174E-9	9.07693547E+1	-1.17345232E+1	9.15247225E+1	-1.28565398E-1
3.06795364E+4	9.18503438E+1	6.90713580E-9	9.04968737E+1	-1.10672828E+1	9.11710972E+1	-1.21690378E-1
3.28966612E+4	9.14379150E+1	6.11694277E-9	9.02319208E+1	-1.04316411E+1	9.08329164E+1	-1.15098242E-1
3.52740116E+4	9.10459545E+1	5.40885801E-9	8.99741397E+1	-9.82016191E+0	9.05084606E+1	-1.08713951E-1
3.78231664E+4	9.06798858E+1	4.76979582E-9	8.97318086E+1	-9.22348224E+0	9.02046016E+1	-1.02429704E-1
4.05565415E+4	9.03340217E+1	4.20158911E-9	8.94968404E+1	-8.65592336E+0	8.99144567E+1	-9.64177484E-2
4.34874501E+4	9.00135774E+1	3.68815788E-9	8.92789418E+1	-8.09860778E+0	8.96455071E+1	-9.04637022E-2
4.66301673E+4	8.97121511E+1	3.23024606E-9	8.90700557E+1	-7.56250116E+0	8.93905269E+1	-8.47019437E-2
5.00000000E+4	8.94240258E+1	2.82009833E-9	8.88662320E+1	-7.04052579E+0	8.91446926E+1	-7.90609701E-2
5.36133611E+4	8.91554208E+1	2.45426116E-9	8.86736529E+1	-6.53606003E+0	8.89142105E+1	-7.35761000E-2
5.74878498E+4	8.89059220E+1	2.12689230E-9	8.84930893E+1	-6.04423687E+0	8.86992655E+1	-6.81958794E-2
6.16423370E+4	8.86663952E+1	1.83458918E-9	8.83158430E+1	-5.56410676E+0	8.84909455E+1	-6.29192026E-2
6.60970574E+4	8.84426913E+1	1.57307701E-9	8.81484100E+1	-5.09317280E+0	8.82954280E+1	-5.77153496E-2
7.08737081E+4	8.82359101E+1	1.33940675E-9	8.79921905E+1	-4.63091728E+0	8.81139661E+1	-5.25802197E-2
7.59955541E+4	8.80371110E+1	1.13152347E-9	8.78383736E+1	-4.17812743E+0	8.79376862E+1	-4.75302592E-2
8.14875417E+4	8.78458425E+1	9.46080293E-10	8.76870693E+1	-3.73126280E+0	8.77664200E+1	-4.25263755E-2
8.73764200E+4	8.76737902E+1	7.80397823E-10	8.75502584E+1	-3.28864784E+0	8.76120026E+1	-3.75453196E-2
9.36908711E+4	8.75077224E+1	6.33012236E-10	8.74147706E+1	-2.85049602E+0	8.74612342E+1	-3.25973098E-2
1.00461650E+5	8.73499411E+1	5.01554197E-10	8.72831906E+1	-2.41374445E+0	8.73165594E+1	-2.76471262E-2
1.07721735E+5	8.71979066E+1	3.84115434E-10	8.71531159E+1	-1.97575905E+0	8.71755084E+1	-2.26660926E-2
1.15506485E+5	8.70607908E+1	2.79727326E-10	8.70336025E+1	-1.53826334E+0	8.70471956E+1	-1.76725214E-2
1.23853818E+5	8.69259815E+1	1.86698474E-10	8.69121187E+1	-1.09763998E+0	8.69190498E+1	-1.26286381E-2
1.32804389E+5	8.67989564E+1	1.02892859E-10	8.67941286E+1	-6.46820033E-1	8.67965425E+1	-7.45220030E-3
1.42401793E+5	8.66736726E+1	2.93886361E-11	8.66732220E+1	-1.97536373E-1	8.66734473E+1	-2.27908904E-3
1.52692775E+5	8.65581416E+1	-3.69869015E-11	8.65573247E+1	2.65863131E-1	8.65577332E+1	3.07151679E-3
1.63727458E+5	8.64439919E+1	-9.59953153E-11	8.64376924E+1	7.37885880E-1	8.64408421E+1	8.53641634E-3
1.75559587E+5	8.63373473E+1	-1.48498917E-10	8.63200818E+1	1.22078224E+0	8.63287141E+1	1.41415635E-2
1.88246790E+5	8.62841157E+1	-1.96427366E-10	8.62436593E+1	1.72870281E+0	8.62638839E+1	2.00421243E-2
2.01850863E+5	8.61420219E+1	-2.37946134E-10	8.60838473E+1	2.23782348E+0	8.61129297E+1	2.59900056E-2
2.16438064E+5	8.60471914E+1	-2.75296126E-10	8.59579864E+1	2.76908669E+0	8.60025774E+1	3.22032829E-2
2.32079442E+5	8.59598604E+1	-3.09198517E-10	8.58309332E+1	3.32654520E+0	8.58953726E+1	3.87375640E-2
2.48851178E+5	8.58761989E+1	-3.39232001E-10	8.56983905E+1	3.90356855E+0	8.57872486E+1	4.55186191E-2
2.66834962E+5	8.57979065E+1	-3.66316186E-10	8.55603364E+1	4.50845833E+0	8.56790391E+1	5.26446215E-2
2.86118383E+5	8.57214062E+1	-3.90728125E-10	8.54117371E+1	5.14288896E+0	8.55664316E+1	6.01402950E-2
3.06795364E+5	8.56486560E+1	-4.12591684E-10	8.52530618E+1	5.80737208E+0	8.54506300E+1	6.80141504E-2
3.28966612E+5	8.55763178E+1	-4.32260196E-10	8.50789394E+1	6.50508058E+0	8.53272661E+1	7.63108699E-2
3.52740116E+5	8.55257156E+1	-4.50196798E-10	8.49073929E+1	7.24568421E+0	8.52159934E+1	8.51300634E-2
3.78231664E+5	8.54620743E+1	-4.66363483E-10	8.47021558E+1	8.02287655E+0	8.50812666E+1	9.44369430E-2
4.05565415E+5	8.54043952E+1	-4.81273542E-10	8.44776313E+1	8.84819599E+0	8.49397493E+1	1.04359586E-1
4.34874501E+5	8.53589488E+1	-4.94257808E-10	8.42394854E+1	9.71095747E+0	8.47973698E+1	1.14771373E-1
4.66301673E+5	8.53119888E+1	-5.06247880E-10	8.39675130E+1	1.06250612E+1	8.46370813E+1	1.25868806E-1
5.00000000E+5	8.52815189E+1	-5.17895201E-10	8.36706226E+1	1.16096678E+1	8.44722308E+1	1.37874066E-1
