Start time:20240907_00-35-33	sweep/start:500.000	sweep/stop:500000.000	sweep/samplecount:100.000	sweep/xmapping:1.000	sweep/scan:0.000	sweep/averaging/sample:10.000	sweep/settling/time:0.100	sweep/settling/inaccuracy:0.010	sweep/awgcontrol:0.000	sweep/averaging/time:0.100	sweep/averaging/tc:15.000	sweep/bandwidthcontrol:2.000	sweep/sincfilter:0.000	sweep/omegasuppression:80.000	sweep/maxbandwidth:100.000	sweep/bandwidth:1250000.000	sweep/order:8.000	sweep/bandwidthoverlap:1.000																				
Frequency	Param0		Param1		RealZ		ImagZ		AbsZ		PhaseZ		
5.00000000E+2	9.13881146E+2	7.16760272E-7	1.74579976E+2	-3.59259186E+2	3.99431264E+2	-1.11845631E+0
5.36133611E+2	8.31818092E+2	6.96495796E-7	1.72974756E+2	-3.37584416E+2	3.79319799E+2	-1.09728622E+0
5.74878498E+2	7.58912020E+2	6.75517314E-7	1.71350602E+2	-3.17299507E+2	3.60610610E+2	-1.07564141E+0
6.16423370E+2	6.94565550E+2	6.53820527E-7	1.69671891E+2	-2.98428678E+2	3.43290303E+2	-1.05382223E+0
6.60970574E+2	6.37337299E+2	6.31382431E-7	1.68036519E+2	-2.80819607E+2	3.27255142E+2	-1.03156970E+0
7.08737081E+2	5.86683298E+2	6.08381825E-7	1.66372256E+2	-2.64439154E+2	3.12422474E+2	-1.00921734E+0
7.59955541E+2	5.41622033E+2	5.85095967E-7	1.64640626E+2	-2.49131372E+2	2.98618453E+2	-9.86825439E-1
8.14875417E+2	5.01510801E+2	5.61390085E-7	1.62937362E+2	-2.34874975E+2	2.85858078E+2	-9.64297882E-1
8.73764200E+2	4.65800082E+2	5.37461539E-7	1.61229822E+2	-2.21598290E+2	2.74045361E+2	-9.41801043E-1
9.36908711E+2	4.33901717E+2	5.13594636E-7	1.59464737E+2	-2.09196121E+2	2.63043762E+2	-9.19486110E-1
1.00461650E+3	4.05313228E+2	4.89687558E-7	1.57735963E+2	-1.97615368E+2	2.52848709E+2	-8.97155835E-1
1.07721735E+3	3.79698270E+2	4.66126613E-7	1.55933681E+2	-1.86795159E+2	2.43326419E+2	-8.75202309E-1
1.15506485E+3	3.56693296E+2	4.42817700E-7	1.54142348E+2	-1.76696562E+2	2.34481428E+2	-8.53465638E-1
1.23853818E+3	3.35995412E+2	4.19945182E-7	1.52332207E+2	-1.67265713E+2	2.26236428E+2	-8.32090120E-1
1.32804389E+3	3.17247737E+2	3.97633310E-7	1.50495678E+2	-1.58415474E+2	2.18504948E+2	-8.11030325E-1
1.42401793E+3	3.00296945E+2	3.75862454E-7	1.48670463E+2	-1.50141194E+2	2.11294309E+2	-7.90320060E-1
1.52692775E+3	2.84909682E+2	3.54830896E-7	1.46807222E+2	-1.42388331E+2	2.04516010E+2	-7.70119412E-1
1.63727458E+3	2.70903494E+2	3.34442353E-7	1.44968228E+2	-1.35117027E+2	1.98172649E+2	-7.50240507E-1
1.75559587E+3	2.58087023E+2	3.14827180E-7	1.43118141E+2	-1.28273659E+2	1.92189839E+2	-7.30755008E-1
1.88246790E+3	2.46343635E+2	2.95979341E-7	1.41273250E+2	-1.21834454E+2	1.86552314E+2	-7.11650637E-1
2.01850863E+3	2.35582309E+2	2.77943066E-7	1.39428100E+2	-1.15786865E+2	1.81236844E+2	-6.93029128E-1
2.16438064E+3	2.25650515E+2	2.60682142E-7	1.37598915E+2	-1.10071813E+2	1.76208018E+2	-6.74708506E-1
2.32079442E+3	2.16494404E+2	2.44214686E-7	1.35785275E+2	-1.04685773E+2	1.71454811E+2	-6.56784610E-1
2.48851178E+3	2.08040263E+2	2.28502606E-7	1.34005151E+2	-9.96046481E+1	1.66968460E+2	-6.39192666E-1
2.66834962E+3	2.00191507E+2	2.13589463E-7	1.32233808E+2	-9.47961232E+1	1.62702444E+2	-6.21966967E-1
2.86118383E+3	1.92894895E+2	1.99394278E-7	1.30501985E+2	-9.02352380E+1	1.58660539E+2	-6.04962767E-1
3.06795364E+3	1.86132922E+2	1.85923794E-7	1.28810464E+2	-8.59286459E+1	1.54841428E+2	-5.88298168E-1
3.28966612E+3	1.79816997E+2	1.73176359E-7	1.27143150E+2	-8.18359250E+1	1.51203503E+2	-5.71899604E-1
3.52740116E+3	1.73940578E+2	1.61105038E-7	1.25522215E+2	-7.79588349E+1	1.47761316E+2	-5.55772585E-1
3.78231664E+3	1.68447810E+2	1.49710014E-7	1.23933725E+2	-7.42751389E+1	1.44486555E+2	-5.39914474E-1
4.05565415E+3	1.63316234E+2	1.38946814E-7	1.22391298E+2	-7.07732706E+1	1.41380641E+2	-5.24276391E-1
4.34874501E+3	1.58521685E+2	1.28812277E-7	1.20888928E+2	-6.74491173E+1	1.38432353E+2	-5.08920937E-1
4.66301673E+3	1.54036565E+2	1.19260220E-7	1.19436951E+2	-6.42843086E+1	1.35637965E+2	-4.93760289E-1
5.00000000E+3	1.49854642E+2	1.10283410E-7	1.18036382E+2	-6.12838655E+1	1.32997368E+2	-4.78885196E-1
5.36133611E+3	1.45916165E+2	1.01861500E-7	1.16668760E+2	-5.84145389E+1	1.30475507E+2	-4.64197110E-1
5.74878498E+3	1.42237633E+2	9.39653966E-8	1.15352920E+2	-5.56886882E+1	1.28091866E+2	-4.49767148E-1
6.16423370E+3	1.38786782E+2	8.65868312E-8	1.14074801E+2	-5.30943899E+1	1.25825572E+2	-4.35615168E-1
6.60970574E+3	1.35559418E+2	7.96813484E-8	1.12850336E+2	-5.06233891E+1	1.23684784E+2	-4.21679696E-1
7.08737081E+3	1.32532846E+2	7.32274095E-8	1.11674557E+2	-4.82632382E+1	1.21657498E+2	-4.07934368E-1
7.59955541E+3	1.29680098E+2	6.72262337E-8	1.10527388E+2	-4.60097705E+1	1.19721353E+2	-3.94457209E-1
8.14875417E+3	1.27014708E+2	6.16482011E-8	1.09426780E+2	-4.38701509E+1	1.17893217E+2	-3.81289513E-1
8.73764200E+3	1.24515530E+2	5.64604745E-8	1.08371906E+2	-4.18272076E+1	1.16163615E+2	-3.68344539E-1
9.36908711E+3	1.22156384E+2	5.16510007E-8	1.07347089E+2	-3.98714766E+1	1.14512585E+2	-3.55633436E-1
1.00461650E+4	1.19953078E+2	4.71928854E-8	1.06371187E+2	-3.80094958E+1	1.12958184E+2	-3.43188898E-1
1.07721735E+4	1.17874641E+2	4.30688815E-8	1.05427021E+2	-3.62258943E+1	1.11477227E+2	-3.30971847E-1
1.15506485E+4	1.15932038E+2	3.92531189E-8	1.04530326E+2	-3.45228130E+1	1.10083667E+2	-3.18987423E-1
1.23853818E+4	1.14100785E+2	3.57353412E-8	1.03663718E+2	-3.28929336E+1	1.08757122E+2	-3.07255648E-1
1.32804389E+4	1.12377727E+2	3.24953273E-8	1.02829864E+2	-3.13337747E+1	1.07497844E+2	-2.95776606E-1
1.42401793E+4	1.10763862E+2	2.95114957E-8	1.02035725E+2	-2.98426158E+1	1.06310258E+2	-2.84536354E-1
1.52692775E+4	1.09244424E+2	2.67665262E-8	1.01274070E+2	-2.84110905E+1	1.05183779E+2	-2.73506290E-1
1.63727458E+4	1.07817488E+2	2.42489859E-8	1.00544284E+2	-2.70421717E+1	1.04117396E+2	-2.62740214E-1
1.75559587E+4	1.06478655E+2	2.19366106E-8	9.98500616E+1	-2.57267436E+1	1.03111106E+2	-2.52169131E-1
1.88246790E+4	1.05234033E+2	1.98257081E-8	9.91935948E+1	-2.44780036E+1	1.02169183E+2	-2.41936363E-1
2.01850863E+4	1.04052818E+2	1.78901723E-8	9.85592421E+1	-2.32689186E+1	1.01268785E+2	-2.31845309E-1
2.16438064E+4	1.02948540E+2	1.61261044E-8	9.79556074E+1	-2.21152811E+1	1.00421047E+2	-2.22045701E-1
2.32079442E+4	1.01919539E+2	1.45122005E-8	9.73892525E+1	-2.10047866E+1	9.96286489E+1	-2.12424779E-1
2.48851178E+4	1.00948126E+2	1.30449749E-8	9.68424184E+1	-1.99400708E+1	9.88739633E+1	-2.03064295E-1
2.66834962E+4	1.00040396E+2	1.17108669E-8	9.63241095E+1	-1.89200395E+1	9.81646679E+1	-1.93951474E-1
2.86118383E+4	9.91899010E+1	1.04977485E-8	9.58318414E+1	-1.79390349E+1	9.74964146E+1	-1.85051210E-1
3.06795364E+4	9.83999263E+1	9.39979105E-9	9.53682202E+1	-1.70037732E+1	9.68722140E+1	-1.76441937E-1
3.28966612E+4	9.76537824E+1	8.40181305E-9	9.49237821E+1	-1.60978849E+1	9.62791065E+1	-1.67989193E-1
3.52740116E+4	9.69563191E+1	7.49864082E-9	9.45025682E+1	-1.52277943E+1	9.57215815E+1	-1.59763003E-1
3.78231664E+4	9.63091755E+1	6.68314995E-9	9.41072803E+1	-1.43949394E+1	9.52018622E+1	-1.51786557E-1
4.05565415E+4	9.56975099E+1	5.94821367E-9	9.37254788E+1	-1.35952013E+1	9.47063616E+1	-1.44048742E-1
4.34874501E+4	9.51268095E+1	5.28388183E-9	9.33656968E+1	-1.28229271E+1	9.42421394E+1	-1.36486994E-1
4.66301673E+4	9.45938064E+1	4.68584451E-9	9.30249100E+1	-1.20808270E+1	9.38060783E+1	-1.29143801E-1
5.00000000E+4	9.40945390E+1	4.14858393E-9	9.27003874E+1	-1.13683050E+1	9.33948618E+1	-1.22025631E-1
5.36133611E+4	9.36263165E+1	3.66363134E-9	9.23927480E+1	-1.06758018E+1	9.30074871E+1	-1.15037887E-1
5.74878498E+4	9.31865467E+1	3.22804250E-9	9.20992377E+1	-1.00070124E+1	9.26412971E+1	-1.08230087E-1
6.16423370E+4	9.27671521E+1	2.83889399E-9	9.18119307E+1	-9.36486394E+0	9.22883056E+1	-1.01648964E-1
6.60970574E+4	9.23792978E+1	2.48746644E-9	9.15455683E+1	-8.73637373E+0	9.19614882E+1	-9.51438328E-2
7.08737081E+4	9.20121939E+1	2.17294012E-9	9.12885367E+1	-8.12782608E+0	9.16496511E+1	-8.88003166E-2
7.59955541E+4	9.16665589E+1	1.89084041E-9	9.10429472E+1	-7.53494630E+0	9.13542209E+1	-8.25743568E-2
8.14875417E+4	9.13325974E+1	1.63784450E-9	9.07999680E+1	-6.95432915E+0	9.10658933E+1	-7.64403239E-2
8.73764200E+4	9.10222949E+1	1.41073851E-9	9.05721712E+1	-6.38503379E+0	9.07969541E+1	-7.03802028E-2
9.36908711E+4	9.07256927E+1	1.20774345E-9	9.03497758E+1	-5.82786128E+0	9.05375392E+1	-6.44140922E-2
1.00461650E+5	9.04411015E+1	1.02500541E-9	9.01324799E+1	-5.27416242E+0	9.02866588E+1	-5.84490188E-2
1.07721735E+5	9.01687052E+1	8.62545332E-10	8.99195347E+1	-4.73341984E+0	9.00440338E+1	-5.25920747E-2
1.15506485E+5	8.99167777E+1	7.15562594E-10	8.97211434E+1	-4.18956948E+0	8.98189073E+1	-4.66615587E-2
1.23853818E+5	8.96720394E+1	5.84642145E-10	8.95230318E+1	-3.65234014E+0	8.95975046E+1	-4.07751579E-2
1.32804389E+5	8.94346300E+1	4.67070706E-10	8.93260949E+1	-3.11357272E+0	8.93803460E+1	-3.48421421E-2
1.42401793E+5	8.92114175E+1	3.61212950E-10	8.91373171E+1	-2.57003270E+0	8.91743596E+1	-2.88243010E-2
1.52692775E+5	8.89958740E+1	2.66291820E-10	8.89498907E+1	-2.02242037E+0	8.89728794E+1	-2.27327100E-2
1.63727458E+5	8.87841605E+1	1.81672925E-10	8.87597218E+1	-1.47279760E+0	8.87719403E+1	-1.65915614E-2
1.75559587E+5	8.85845531E+1	1.04632148E-10	8.85752936E+1	-9.05607573E-1	8.85799232E+1	-1.02238005E-2
1.88246790E+5	8.84199554E+1	2.92056690E-11	8.84138765E+1	-2.70101477E-1	8.84169159E+1	-3.05458249E-3
2.01850863E+5	8.82081553E+1	-2.57494493E-11	8.82074230E+1	2.54092653E-1	8.82077891E+1	2.88061930E-3
2.16438064E+5	8.80262112E+1	-8.12580994E-11	8.80178823E+1	8.56176101E-1	8.80220467E+1	9.72699032E-3
2.32079442E+5	8.78544083E+1	-1.31010391E-10	8.78296673E+1	1.47410055E+0	8.78420369E+1	1.67820527E-2
2.48851178E+5	8.76924549E+1	-1.76362049E-10	8.76412056E+1	2.11931384E+0	8.76668265E+1	2.41769939E-2
2.66834962E+5	8.75359601E+1	-2.16915504E-10	8.74473341E+1	2.78385164E+0	8.74916359E+1	3.18238668E-2
2.86118383E+5	8.73737037E+1	-2.53607548E-10	8.72352735E+1	3.47504704E+0	8.73044612E+1	3.98142915E-2
3.06795364E+5	8.72255961E+1	-2.86875239E-10	8.70231230E+1	4.19759261E+0	8.71243007E+1	4.81980166E-2
3.28966612E+5	8.70828279E+1	-3.17090972E-10	8.68000644E+1	4.95414143E+0	8.69413312E+1	5.70134459E-2
3.52740116E+5	8.69430860E+1	-3.44039345E-10	8.65626433E+1	5.73863247E+0	8.67526561E+1	6.61976935E-2
3.78231664E+5	8.68169628E+1	-3.68720947E-10	8.63174103E+1	6.56656896E+0	8.65668262E+1	7.59284284E-2
4.05565415E+5	8.66969630E+1	-3.91221924E-10	8.60541143E+1	7.43771275E+0	8.63749406E+1	8.62163942E-2
4.34874501E+5	8.65695929E+1	-4.11547872E-10	8.57568937E+1	8.34830994E+0	8.61622851E+1	9.70427806E-2
4.66301673E+5	8.64483687E+1	-4.30429870E-10	8.54329651E+1	9.31389771E+0	8.59391672E+1	1.08591098E-1
NaN	NaN	NaN	NaN	NaN	NaN	NaN
