Start time:20240904_12-15-47	sweep/start:500.000	sweep/stop:500000.000	sweep/samplecount:100.000	sweep/xmapping:1.000	sweep/scan:0.000	sweep/averaging/sample:10.000	sweep/settling/time:0.100	sweep/settling/inaccuracy:0.010	sweep/awgcontrol:0.000	sweep/averaging/time:0.100	sweep/averaging/tc:15.000	sweep/bandwidthcontrol:2.000	sweep/sincfilter:0.000	sweep/omegasuppression:80.000	sweep/maxbandwidth:100.000	sweep/bandwidth:1250000.000	sweep/order:8.000	sweep/bandwidthoverlap:1.000																				
Frequency	Param0		Param1		RealZ		ImagZ		AbsZ		PhaseZ		
5.00000000E+2	8.60871607E+2	6.21118832E-7	2.25253052E+2	-3.78384730E+2	4.40356612E+2	-1.03383866E+0
5.36133611E+2	7.90446665E+2	5.98354107E-7	2.23388255E+2	-3.55913113E+2	4.20210030E+2	-1.01029487E+0
5.74878498E+2	7.27906970E+2	5.75266811E-7	2.21401996E+2	-3.34874859E+2	4.01447415E+2	-9.86623776E-1
6.16423370E+2	6.72661197E+2	5.51614693E-7	2.19444131E+2	-3.15366138E+2	3.84202467E+2	-9.62868285E-1
6.60970574E+2	6.23596275E+2	5.27516603E-7	2.17554302E+2	-2.97214010E+2	3.68328719E+2	-9.38929019E-1
7.08737081E+2	5.79934236E+2	5.03255949E-7	2.15657963E+2	-2.80283901E+2	3.53648734E+2	-9.14977498E-1
7.59955541E+2	5.41004339E+2	4.78975898E-7	2.13754285E+2	-2.64482682E+2	3.40061742E+2	-8.91076771E-1
8.14875417E+2	5.06516963E+2	4.54685828E-7	2.11892575E+2	-2.49857385E+2	3.27608271E+2	-8.67433065E-1
8.73764200E+2	4.75821605E+2	4.30719820E-7	2.09985073E+2	-2.36266159E+2	3.16094023E+2	-8.44223250E-1
9.36908711E+2	4.48408842E+2	4.07072076E-7	2.08113463E+2	-2.23626247E+2	3.05483083E+2	-8.21313583E-1
1.00461650E+3	4.23926210E+2	3.84040314E-7	2.06182333E+2	-2.11884257E+2	2.95645216E+2	-7.99036113E-1
1.07721735E+3	4.02003311E+2	3.61607919E-7	2.04263918E+2	-2.00975171E+2	2.86556748E+2	-7.77282772E-1
1.15506485E+3	3.82377309E+2	3.39969353E-7	2.02305896E+2	-1.90865147E+2	2.78131591E+2	-7.56307718E-1
1.23853818E+3	3.64758571E+2	3.19180152E-7	2.00323763E+2	-1.81494346E+2	2.70314278E+2	-7.36122938E-1
1.32804389E+3	3.48842300E+2	2.99364479E-7	1.98278802E+2	-1.72781791E+2	2.62998160E+2	-7.16792136E-1
1.42401793E+3	3.34513750E+2	2.80509300E-7	1.96209935E+2	-1.64731840E+2	2.56193130E+2	-6.98407249E-1
1.52692775E+3	3.21517197E+2	2.62671079E-7	1.94095193E+2	-1.57264098E+2	2.49809811E+2	-6.80955002E-1
1.63727458E+3	3.09678366E+2	2.45909376E-7	1.91902664E+2	-1.50337852E+2	2.43778799E+2	-6.64540924E-1
1.75559587E+3	2.98865910E+2	2.30155563E-7	1.89670508E+2	-1.43913676E+2	2.38088321E+2	-6.49081578E-1
1.88246790E+3	2.88928826E+2	2.15453402E-7	1.87356994E+2	-1.37949962E+2	2.32664642E+2	-6.34671857E-1
2.01850863E+3	2.79757361E+2	2.01710108E-7	1.85000273E+2	-1.32401233E+2	2.27497666E+2	-6.21172967E-1
2.16438064E+3	2.71215669E+2	1.88926409E-7	1.82568102E+2	-1.27217205E+2	2.22520403E+2	-6.08588914E-1
2.32079442E+3	2.63277076E+2	1.77058155E-7	1.80073649E+2	-1.22404019E+2	2.17736684E+2	-5.97001721E-1
2.48851178E+3	2.55778499E+2	1.66019483E-7	1.77519861E+2	-1.17866287E+2	2.13086281E+2	-5.86127195E-1
2.66834962E+3	2.48741329E+2	1.55786975E-7	1.74912709E+2	-1.13637861E+2	2.08585760E+2	-5.76152534E-1
2.86118383E+3	2.42016120E+2	1.46276651E-7	1.72249481E+2	-1.09623295E+2	2.04174315E+2	-5.66770492E-1
3.06795364E+3	2.35610716E+2	1.37436654E-7	1.69549225E+2	-1.05833237E+2	1.99868993E+2	-5.58026418E-1
3.28966612E+3	2.29461541E+2	1.29197364E-7	1.66822498E+2	-1.02223292E+2	1.95651086E+2	-5.49754022E-1
3.52740116E+3	2.23549175E+2	1.21543101E-7	1.64055880E+2	-9.87938475E+1	1.91506022E+2	-5.42032880E-1
3.78231664E+3	2.17818158E+2	1.14385204E-7	1.61275928E+2	-9.54929327E+1	1.87426854E+2	-5.34597110E-1
4.05565415E+3	2.12279423E+2	1.07687438E-7	1.58496247E+2	-9.23278465E+1	1.83427075E+2	-5.27470279E-1
4.34874501E+3	2.06900854E+2	1.01400485E-7	1.55726285E+2	-8.92705164E+1	1.79499029E+2	-5.20520161E-1
4.66301673E+3	2.01665116E+2	9.55023922E-8	1.52961102E+2	-8.63123362E+1	1.75632908E+2	-5.13737850E-1
5.00000000E+3	1.96591895E+2	8.99259274E-8	1.50246614E+2	-8.34459186E+1	1.71864094E+2	-5.06974282E-1
5.36133611E+3	1.91633800E+2	8.46733034E-8	1.47549747E+2	-8.06510415E+1	1.68153259E+2	-5.00230926E-1
5.74878498E+3	1.86809928E+2	7.96971379E-8	1.44903839E+2	-7.79253029E+1	1.64528039E+2	-4.93407069E-1
6.16423370E+3	1.82125615E+2	7.49837453E-8	1.42311702E+2	-7.52727408E+1	1.60992566E+2	-4.86521830E-1
6.60970574E+3	1.77568927E+2	7.05154063E-8	1.39772708E+2	-7.26834206E+1	1.57541391E+2	-4.79528370E-1
7.08737081E+3	1.73157263E+2	6.62632500E-8	1.37309796E+2	-7.01584506E+1	1.54195293E+2	-4.72369245E-1
7.59955541E+3	1.68853809E+2	6.22237471E-8	1.34900399E+2	-6.76781235E+1	1.50925300E+2	-4.64998353E-1
8.14875417E+3	1.64711565E+2	5.83875011E-8	1.32569501E+2	-6.52767743E+1	1.47769178E+2	-4.57546426E-1
8.73764200E+3	1.60693422E+2	5.47248142E-8	1.30318277E+2	-6.29161059E+1	1.44711056E+2	-4.49783475E-1
9.36908711E+3	1.56819014E+2	5.12480248E-8	1.28138570E+2	-6.06223641E+1	1.41755297E+2	-4.41897008E-1
1.00461650E+4	1.53083304E+2	4.79386673E-8	1.26038125E+2	-5.83842749E+1	1.38904041E+2	-4.33798976E-1
1.07721735E+4	1.49475620E+2	4.47957628E-8	1.24005938E+2	-5.61995696E+1	1.36146482E+2	-4.25512382E-1
1.15506485E+4	1.46007205E+2	4.18037029E-8	1.22056815E+2	-5.40676265E+1	1.33495971E+2	-4.16993236E-1
1.23853818E+4	1.42671040E+2	3.89655312E-8	1.20178514E+2	-5.19915212E+1	1.30942711E+2	-4.08306357E-1
1.32804389E+4	1.39470530E+2	3.62724604E-8	1.18376109E+2	-4.99707452E+1	1.28491162E+2	-3.99441797E-1
1.42401793E+4	1.36398177E+2	3.37154080E-8	1.16649129E+2	-4.79969690E+1	1.26137736E+2	-3.90350282E-1
1.52692775E+4	1.33459198E+2	3.12949632E-8	1.14995324E+2	-4.60788353E+1	1.23883751E+2	-3.81111245E-1
1.63727458E+4	1.30648138E+2	2.90043553E-8	1.13413560E+2	-4.42112512E+1	1.21726211E+2	-3.71702716E-1
1.75559587E+4	1.27956409E+2	2.68410696E-8	1.11896306E+2	-4.23918161E+1	1.19657216E+2	-3.62140957E-1
1.88246790E+4	1.25392549E+2	2.47957015E-8	1.10454478E+2	-4.06199054E+1	1.17686739E+2	-3.52401566E-1
2.01850863E+4	1.22953309E+2	2.28695978E-8	1.09080467E+2	-3.89005916E+1	1.15809345E+2	-3.42562722E-1
2.16438064E+4	1.20630494E+2	2.10597182E-8	1.07767709E+2	-3.72316103E+1	1.14017859E+2	-3.32642615E-1
2.32079442E+4	1.18416903E+2	1.93595129E-8	1.06513923E+2	-3.56066439E+1	1.12307831E+2	-3.22612190E-1
2.48851178E+4	1.16327941E+2	1.77655248E-8	1.05329907E+2	-3.40355941E+1	1.10692417E+2	-3.12542557E-1
2.66834962E+4	1.14340573E+2	1.62684362E-8	1.04205472E+2	-3.24981988E+1	1.09155455E+2	-3.02307652E-1
2.86118383E+4	1.12457025E+2	1.48733027E-8	1.03132340E+2	-3.10109095E+1	1.07693807E+2	-2.92090113E-1
3.06795364E+4	1.10677385E+2	1.35706117E-8	1.02117387E+2	-2.95655979E+1	1.06311266E+2	-2.81819770E-1
3.28966612E+4	1.09004348E+2	1.23598589E-8	1.01159496E+2	-2.81705731E+1	1.05008690E+2	-2.71595684E-1
3.52740116E+4	1.07425198E+2	1.12344644E-8	1.00252512E+2	-2.68156613E+1	1.03776904E+2	-2.61362686E-1
3.78231664E+4	1.05941414E+2	1.01917557E-8	9.93968929E+1	-2.55050001E+1	1.02616994E+2	-2.51178426E-1
4.05565415E+4	1.04536846E+2	9.22706461E-9	9.85810356E+1	-2.42307642E+1	1.01515272E+2	-2.41017486E-1
4.34874501E+4	1.03228927E+2	8.33645711E-9	9.78203536E+1	-2.30014901E+1	1.00488259E+2	-2.30944748E-1
4.66301673E+4	1.01997304E+2	7.51665623E-9	9.70980389E+1	-2.18107542E+1	9.95175271E+1	-2.20958534E-1
5.00000000E+4	1.00839371E+2	6.76265848E-9	9.64141424E+1	-2.06556185E+1	9.86019346E+1	-2.11048163E-1
5.36133611E+4	9.97570166E+1	6.07030364E-9	9.57718059E+1	-1.95363957E+1	9.77441028E+1	-2.01228186E-1
5.74878498E+4	9.87453003E+1	5.43630141E-9	9.51673061E+1	-1.84528592E+1	9.69397969E+1	-1.91522529E-1
6.16423370E+4	9.78009274E+1	4.85652818E-9	9.45994934E+1	-1.74027009E+1	9.61868919E+1	-1.81927817E-1
6.60970574E+4	9.69117211E+1	4.32862742E-9	9.40569714E+1	-1.63862469E+1	9.54736769E+1	-1.72485043E-1
7.08737081E+4	9.60816718E+1	3.84733942E-9	9.35467709E+1	-1.53990836E+1	9.48057495E+1	-1.63150570E-1
7.59955541E+4	9.53076943E+1	3.40967436E-9	9.30668437E+1	-1.44412208E+1	9.41806046E+1	-1.53942713E-1
8.14875417E+4	9.45826636E+1	3.01222969E-9	9.26120166E+1	-1.35094621E+1	9.35921536E+1	-1.44849956E-1
8.73764200E+4	9.39041093E+1	2.65211626E-9	9.21808782E+1	-1.26035273E+1	9.30385042E+1	-1.35883494E-1
9.36908711E+4	9.32714097E+1	2.32519638E-9	9.17755267E+1	-1.17168861E+1	9.25204450E+1	-1.26982025E-1
1.00461650E+5	9.26793753E+1	2.02961799E-9	9.13909524E+1	-1.08512753E+1	9.20329092E+1	-1.18181380E-1
1.07721735E+5	9.21196978E+1	1.76279265E-9	9.10201565E+1	-1.00040191E+1	9.15682768E+1	-1.09470534E-1
1.15506485E+5	9.16025542E+1	1.52225851E-9	9.06739149E+1	-9.17623648E+0	9.11370518E+1	-1.00857026E-1
1.23853818E+5	9.11135040E+1	1.30446934E-9	9.03406542E+1	-8.35582079E+0	9.07262562E+1	-9.22299590E-2
1.32804389E+5	9.06602122E+1	1.10883805E-9	9.00267369E+1	-7.55176784E+0	9.03429193E+1	-8.36876899E-2
1.42401793E+5	9.02289115E+1	9.32332700E-10	8.97206156E+1	-6.75311597E+0	8.99744046E+1	-7.51266164E-2
1.52692775E+5	8.98259721E+1	7.74334739E-10	8.94277452E+1	-5.96762189E+0	8.96266375E+1	-6.66324245E-2
1.63727458E+5	8.94469616E+1	6.31759179E-10	8.91457040E+1	-5.18225709E+0	8.92962058E+1	-5.80670866E-2
1.75559587E+5	8.90925843E+1	5.03573625E-10	8.88749145E+1	-4.39833336E+0	8.89836828E+1	-4.94486877E-2
1.88246790E+5	8.87931345E+1	3.90556110E-10	8.86413654E+1	-3.63578633E+0	8.87172153E+1	-4.09936145E-2
2.01850863E+5	8.84464656E+1	2.85217454E-10	8.83560234E+1	-2.82685305E+0	8.84012329E+1	-3.19829816E-2
2.16438064E+5	8.81503779E+1	1.92474102E-10	8.81034732E+1	-2.03283895E+0	8.81269224E+1	-2.30692202E-2
2.32079442E+5	8.78739292E+1	1.09125549E-10	8.78567505E+1	-1.22850865E+0	8.78653394E+1	-1.39821756E-2
2.48851178E+5	8.76126155E+1	3.45438237E-11	8.76106529E+1	-4.14584629E-1	8.76116342E+1	-4.73209231E-3
2.66834962E+5	8.73748802E+1	-3.25190149E-11	8.73728964E+1	4.16220584E-1	8.73738883E+1	4.76368908E-3
2.86118383E+5	8.71384868E+1	-9.24264578E-11	8.71202225E+1	1.26139433E+0	8.71293542E+1	1.44777669E-2
3.06795364E+5	8.69200261E+1	-1.46659520E-10	8.68675715E+1	2.13460005E+0	8.68937949E+1	2.45680908E-2
3.28966612E+5	8.67127833E+1	-1.95211762E-10	8.66067606E+1	3.03020863E+0	8.66597557E+1	3.49738661E-2
3.52740116E+5	8.65237418E+1	-2.38499705E-10	8.63431306E+1	3.94898631E+0	8.64333890E+1	4.57041149E-2
3.78231664E+5	8.63471205E+1	-2.77598483E-10	8.60678347E+1	4.90279336E+0	8.62073645E+1	5.69027962E-2
4.05565415E+5	8.61727869E+1	-3.12894519E-10	8.57678905E+1	5.89296124E+0	8.59701004E+1	6.86004316E-2
4.34874501E+5	8.60187983E+1	-3.44742401E-10	8.54577292E+1	6.92441743E+0	8.57378048E+1	8.08507650E-2
4.66301673E+5	8.58780962E+1	-3.73699666E-10	8.51254961E+1	8.00408370E+0	8.55009681E+1	9.37512266E-2
NaN	NaN	NaN	NaN	NaN	NaN	NaN
