Start time:20240908_19-08-25	sweep/start:500.000	sweep/stop:500000.000	sweep/samplecount:100.000	sweep/xmapping:1.000	sweep/scan:0.000	sweep/averaging/sample:10.000	sweep/settling/time:0.100	sweep/settling/inaccuracy:0.010	sweep/awgcontrol:0.000	sweep/averaging/time:0.100	sweep/averaging/tc:15.000	sweep/bandwidthcontrol:2.000	sweep/sincfilter:0.000	sweep/omegasuppression:80.000	sweep/maxbandwidth:100.000	sweep/bandwidth:1250000.000	sweep/order:8.000	sweep/bandwidthoverlap:1.000																				
Frequency	Param0		Param1		RealZ		ImagZ		AbsZ		PhaseZ		
5.00000000E+2	9.93740992E+2	8.12576629E-7	1.33650186E+2	-3.39044631E+2	3.64436056E+2	-1.19530301E+0
5.36133611E+2	8.91923521E+2	7.95859352E-7	1.32768987E+2	-3.17477748E+2	3.44121684E+2	-1.17469996E+0
5.74878498E+2	8.02292731E+2	7.78145654E-7	1.31845505E+2	-2.97313682E+2	3.25236325E+2	-1.15339780E+0
6.16423370E+2	7.23395891E+2	7.59151227E-7	1.30954119E+2	-2.78536638E+2	3.07785064E+2	-1.13131222E+0
6.60970574E+2	6.53950698E+2	7.39028429E-7	1.30050583E+2	-2.61023920E+2	2.91627582E+2	-1.10856378E+0
7.08737081E+2	5.92622686E+2	7.17633414E-7	1.29205340E+2	-2.44695688E+2	2.76712853E+2	-1.08498122E+0
7.59955541E+2	5.38675570E+2	6.95314545E-7	1.28300356E+2	-2.29458664E+2	2.62892111E+2	-1.06096015E+0
8.14875417E+2	4.90960207E+2	6.71889960E-7	1.27438211E+2	-2.15236111E+2	2.50134131E+2	-1.03621652E+0
8.73764200E+2	4.49029113E+2	6.47611763E-7	1.26531747E+2	-2.02005324E+2	2.38361983E+2	-1.01120650E+0
9.36908711E+2	4.11918697E+2	6.22413651E-7	1.25665256E+2	-1.89663143E+2	2.27516737E+2	-9.85634692E-1
1.00461650E+3	3.79048599E+2	5.96675504E-7	1.24764812E+2	-1.78116999E+2	2.17467066E+2	-9.59758014E-1
1.07721735E+3	3.50030511E+2	5.70271067E-7	1.23890228E+2	-1.67381503E+2	2.08243505E+2	-9.33618241E-1
1.15506485E+3	3.24272987E+2	5.43536863E-7	1.23004986E+2	-1.57343463E+2	1.99717783E+2	-9.07276074E-1
1.23853818E+3	3.01465632E+2	5.16590912E-7	1.22112697E+2	-1.47990773E+2	1.91866569E+2	-8.80914630E-1
1.32804389E+3	2.81203885E+2	4.89653323E-7	1.21203696E+2	-1.39257364E+2	1.84615681E+2	-8.54601744E-1
1.42401793E+3	2.63155465E+2	4.62811410E-7	1.20301155E+2	-1.31093623E+2	1.77926687E+2	-8.28302179E-1
1.52692775E+3	2.47087893E+2	4.36259707E-7	1.19393684E+2	-1.23474213E+2	1.71757776E+2	-8.02198014E-1
1.63727458E+3	2.32739336E+2	4.10172898E-7	1.18476032E+2	-1.16350599E+2	1.66054306E+2	-7.76347339E-1
1.75559587E+3	2.19892043E+2	3.84638668E-7	1.17562307E+2	-1.09681900E+2	1.60782510E+2	-7.50733911E-1
1.88246790E+3	2.08396067E+2	3.59806844E-7	1.16646444E+2	-1.03451761E+2	1.55912347E+2	-7.25520749E-1
2.01850863E+3	1.98082721E+2	3.35785987E-7	1.15729193E+2	-9.76253397E+1	1.51406583E+2	-7.00747559E-1
2.16438064E+3	1.88800418E+2	3.12647741E-7	1.14815413E+2	-9.21662552E+1	1.47231783E+2	-6.76405895E-1
2.32079442E+3	1.80418493E+2	2.90447730E-7	1.13908462E+2	-8.70405361E+1	1.43356872E+2	-6.52481279E-1
2.48851178E+3	1.72851976E+2	2.69271298E-7	1.13002890E+2	-8.22381873E+1	1.39759697E+2	-6.29110310E-1
2.66834962E+3	1.66013068E+2	2.49135263E-7	1.12107399E+2	-7.77381774E+1	1.36423214E+2	-6.06300195E-1
2.86118383E+3	1.59796664E+2	2.30053454E-7	1.11220046E+2	-7.35030163E+1	1.33313886E+2	-5.83985193E-1
3.06795364E+3	1.54158721E+2	2.12052311E-7	1.10343407E+2	-6.95322285E+1	1.30423918E+2	-5.62289779E-1
3.28966612E+3	1.49026778E+2	1.95116676E-7	1.09479701E+2	-6.57997116E+1	1.27731778E+2	-5.41170651E-1
3.52740116E+3	1.44342912E+2	1.79227382E-7	1.08630396E+2	-6.22853492E+1	1.25219917E+2	-5.20608008E-1
3.78231664E+3	1.40054394E+2	1.64367489E-7	1.07792528E+2	-5.89710772E+1	1.22869106E+2	-5.00598184E-1
4.05565415E+3	1.36137374E+2	1.50507588E-7	1.06974339E+2	-5.58542413E+1	1.20678107E+2	-4.81192479E-1
4.34874501E+3	1.32549747E+2	1.37626089E-7	1.06171062E+2	-5.29211946E+1	1.18629454E+2	-4.62408568E-1
4.66301673E+3	1.29250403E+2	1.25661471E-7	1.05386263E+2	-5.01493018E+1	1.16709969E+2	-4.44151292E-1
5.00000000E+3	1.26227584E+2	1.14582761E-7	1.04625964E+2	-4.75404066E+1	1.14920332E+2	-4.26494016E-1
5.36133611E+3	1.23444944E+2	1.04362803E-7	1.03880105E+2	-4.50821190E+1	1.13240778E+2	-4.09454006E-1
5.74878498E+3	1.20875893E+2	9.49211905E-8	1.03157705E+2	-4.27523974E+1	1.11665929E+2	-3.92890011E-1
6.16423370E+3	1.18505086E+2	8.62470436E-8	1.02450650E+2	-4.05559788E+1	1.10185857E+2	-3.76931182E-1
6.60970574E+3	1.16316411E+2	7.82737107E-8	1.01767018E+2	-3.84791932E+1	1.08798779E+2	-3.61495023E-1
7.08737081E+3	1.14295560E+2	7.09588725E-8	1.01107375E+2	-3.65160609E+1	1.07499414E+2	-3.46583175E-1
7.59955541E+3	1.12413586E+2	6.42787779E-8	1.00454983E+2	-3.46597919E+1	1.06266198E+2	-3.32238661E-1
8.14875417E+3	1.10674572E+2	5.81609900E-8	9.98311235E+1	-3.29015744E+1	1.05113115E+2	-3.18361828E-1
8.73764200E+3	1.09061455E+2	5.25904665E-8	9.92231998E+1	-3.12439296E+1	1.04026086E+2	-3.05056499E-1
9.36908711E+3	1.07555672E+2	4.74959108E-8	9.86356243E+1	-2.96620037E+1	1.02999131E+2	-2.92119990E-1
1.00461650E+4	1.06161693E+2	4.28682121E-8	9.80689056E+1	-2.81718073E+1	1.02035097E+2	-2.79733156E-1
1.07721735E+4	1.04857708E+2	3.86582060E-8	9.75171108E+1	-2.67550697E+1	1.01120822E+2	-2.67773734E-1
1.15506485E+4	1.03641207E+2	3.48315487E-8	9.69841286E+1	-2.54092677E+1	1.00257429E+2	-2.56234967E-1
1.23853818E+4	1.02508432E+2	3.13583603E-8	9.64716677E+1	-2.41324819E+1	9.94442529E+1	-2.45120753E-1
1.32804389E+4	1.01445939E+2	2.82109403E-8	9.59727911E+1	-2.29188406E+1	9.86714242E+1	-2.34415334E-1
1.42401793E+4	1.00450215E+2	2.53529997E-8	9.54920787E+1	-2.17591987E+1	9.79397768E+1	-2.24038678E-1
1.52692775E+4	9.95143275E+1	2.27692507E-8	9.50237950E+1	-2.06568962E+1	9.72431440E+1	-2.14056158E-1
1.63727458E+4	9.86418683E+1	2.04315718E-8	9.45763895E+1	-1.96086268E+1	9.65877413E+1	-2.04434654E-1
1.75559587E+4	9.78256182E+1	1.83121429E-8	9.41493285E+1	-1.86043033E+1	9.59698716E+1	-1.95090854E-1
1.88246790E+4	9.70591989E+1	1.64031384E-8	9.37353174E+1	-1.76512041E+1	9.53827805E+1	-1.86129365E-1
2.01850863E+4	9.63407967E+1	1.46789303E-8	9.33382486E+1	-1.67407440E+1	9.48276396E+1	-1.77468760E-1
2.16438064E+4	9.56647694E+1	1.31180942E-8	9.29573449E+1	-1.58642661E+1	9.43013413E+1	-1.69033281E-1
2.32079442E+4	9.50243587E+1	1.17146501E-8	9.25848535E+1	-1.50286770E+1	9.37966754E+1	-1.60919724E-1
2.48851178E+4	9.44269113E+1	1.04487838E-8	9.22318653E+1	-1.42285979E+1	9.33229348E+1	-1.53063217E-1
2.66834962E+4	9.38676501E+1	9.30592260E-9	9.18966094E+1	-1.34585249E+1	9.28769012E+1	-1.45419109E-1
2.86118383E+4	9.33448199E+1	8.27817994E-9	9.15775993E+1	-1.27215480E+1	9.24569874E+1	-1.38032132E-1
3.06795364E+4	9.28440751E+1	7.35194461E-9	9.12640281E+1	-1.20083875E+1	9.20506614E+1	-1.30826997E-1
3.28966612E+4	9.23850391E+1	6.52210299E-9	9.09739346E+1	-1.13302104E+1	9.16767719E+1	-1.23905471E-1
3.52740116E+4	9.19493195E+1	5.77518469E-9	9.06930797E+1	-1.06739029E+1	9.13190394E+1	-1.17153650E-1
3.78231664E+4	9.15405778E+1	5.10212637E-9	9.04265365E+1	-1.00368746E+1	9.09818521E+1	-1.10542320E-1
4.05565415E+4	9.11586965E+1	4.50023415E-9	9.01732659E+1	-9.42652895E+0	9.06646424E+1	-1.04159630E-1
4.34874501E+4	9.07953476E+1	3.96052360E-9	8.99271646E+1	-8.83590247E+0	9.03602134E+1	-9.79418322E-2
4.66301673E+4	9.04605904E+1	3.47820228E-9	8.96983241E+1	-8.26885563E+0	9.00786510E+1	-9.19253658E-2
5.00000000E+4	9.01440800E+1	3.04368933E-9	8.94792702E+1	-7.71276056E+0	8.98110600E+1	-8.59835336E-2
5.36133611E+4	8.98462921E+1	2.65636050E-9	8.92692832E+1	-7.17698631E+0	8.95573229E+1	-8.02244907E-2
5.74878498E+4	8.95690264E+1	2.30915507E-9	8.90718909E+1	-6.65437935E+0	8.93201128E+1	-7.45694359E-2
6.16423370E+4	8.93061872E+1	1.99850447E-9	8.88814670E+1	-6.14407987E+0	8.90935740E+1	-6.90168773E-2
6.60970574E+4	8.90578239E+1	1.72159529E-9	8.86982025E+1	-5.64780819E+0	8.88778313E+1	-6.35885933E-2
7.08737081E+4	8.88277465E+1	1.47426619E-9	8.85266859E+1	-5.16254417E+0	8.86770884E+1	-5.82502755E-2
7.59955541E+4	8.86112457E+1	1.25317670E-9	8.83628129E+1	-4.68531435E+0	8.84869421E+1	-5.29739908E-2
8.14875417E+4	8.84053788E+1	1.05599086E-9	8.82038633E+1	-4.21597078E+0	8.83045636E+1	-4.77616749E-2
8.73764200E+4	8.82088078E+1	8.80498312E-10	8.80487218E+1	-3.75437509E+0	8.81287284E+1	-4.26139314E-2
9.36908711E+4	8.80264487E+1	7.23096129E-10	8.79030309E+1	-3.29374676E+0	8.79647182E+1	-3.74527084E-2
1.00461650E+5	8.78531746E+1	5.83531842E-10	8.77612759E+1	-2.83991352E+0	8.78072132E+1	-3.23482409E-2
1.07721735E+5	8.76885393E+1	4.58721377E-10	8.76235902E+1	-2.38559132E+0	8.76560588E+1	-2.72187227E-2
1.15506485E+5	8.75275530E+1	3.47276219E-10	8.74849786E+1	-1.92992135E+0	8.75062632E+1	-2.20564523E-2
1.23853818E+5	8.73803945E+1	2.47483607E-10	8.73556547E+1	-1.47007928E+0	8.73680237E+1	-1.68270787E-2
1.32804389E+5	8.72342864E+1	1.59303015E-10	8.72225530E+1	-1.01142142E+0	8.72284195E+1	-1.15953524E-2
1.42401793E+5	8.71000099E+1	8.02806624E-11	8.70966005E+1	-5.44910984E-1	8.70983052E+1	-6.25631708E-3
1.52692775E+5	8.69724252E+1	9.59620969E-12	8.69723690E+1	-6.96405843E-2	8.69723971E+1	-8.00719293E-4
1.63727458E+5	8.68474849E+1	-5.35574334E-11	8.68454960E+1	4.15552081E-1	8.68464904E+1	4.78492308E-3
1.75559587E+5	8.67291237E+1	-1.09718318E-10	8.67195686E+1	9.10260389E-1	8.67243460E+1	1.04962115E-2
1.88246790E+5	8.66176122E+1	-1.59116116E-10	8.65858012E+1	1.41132275E+0	8.66017040E+1	1.62983746E-2
2.01850863E+5	8.65019393E+1	-2.04987641E-10	8.64582134E+1	1.94433136E+0	8.64800736E+1	2.24848923E-2
2.16438064E+5	8.64034310E+1	-2.45533589E-10	8.63315718E+1	2.49072063E+0	8.63674939E+1	2.88426351E-2
2.32079442E+5	8.63019384E+1	-2.81792002E-10	8.61935437E+1	3.05661324E+0	8.62477240E+1	3.54473521E-2
2.48851178E+5	8.62081234E+1	-3.14371159E-10	8.60536010E+1	3.64652775E+0	8.61308276E+1	4.23497372E-2
2.66834962E+5	8.61102680E+1	-3.43323518E-10	8.58992297E+1	4.25765265E+0	8.60046841E+1	4.95251437E-2
2.86118383E+5	8.60308892E+1	-3.69591438E-10	8.57507057E+1	4.90162000E+0	8.58906832E+1	5.70991445E-2
3.06795364E+5	8.59432223E+1	-3.93163068E-10	8.55801444E+1	5.57424434E+0	8.57614912E+1	6.50429084E-2
3.28966612E+5	8.58705185E+1	-4.14268521E-10	8.54087543E+1	6.28000579E+0	8.56393252E+1	7.33967506E-2
3.52740116E+5	8.57880567E+1	-4.33694587E-10	8.52086596E+1	7.02634229E+0	8.54978674E+1	8.22742787E-2
3.78231664E+5	8.57224785E+1	-4.51056635E-10	8.50047316E+1	7.81100066E+0	8.53628507E+1	9.16316833E-2
4.05565415E+5	8.56526753E+1	-4.66901941E-10	8.47722954E+1	8.63895773E+0	8.52113483E+1	1.01557196E-1
4.34874501E+5	8.55988641E+1	-4.81475368E-10	8.45269293E+1	9.51877412E+0	8.50612081E+1	1.12139875E-1
4.66301673E+5	8.55477238E+1	-4.94665467E-10	8.42525776E+1	1.04460021E+1	8.48976810E+1	1.23354853E-1
NaN	NaN	NaN	NaN	NaN	NaN	NaN
