Start time:20240905_08-35-23	sweep/start:500.000	sweep/stop:500000.000	sweep/samplecount:100.000	sweep/xmapping:1.000	sweep/scan:0.000	sweep/averaging/sample:10.000	sweep/settling/time:0.100	sweep/settling/inaccuracy:0.010	sweep/awgcontrol:0.000	sweep/averaging/time:0.100	sweep/averaging/tc:15.000	sweep/bandwidthcontrol:2.000	sweep/sincfilter:0.000	sweep/omegasuppression:80.000	sweep/maxbandwidth:100.000	sweep/bandwidth:1250000.000	sweep/order:8.000	sweep/bandwidthoverlap:1.000																				
Frequency	Param0		Param1		RealZ		ImagZ		AbsZ		PhaseZ		
5.00000000E+2	9.51998897E+2	6.32000255E-7	2.08187898E+2	-3.93512937E+2	4.45190562E+2	-1.08417994E+0
5.36133611E+2	8.68183291E+2	6.12266205E-7	2.06398889E+2	-3.69582907E+2	4.23310803E+2	-1.06147778E+0
5.74878498E+2	7.94038336E+2	5.91811344E-7	2.04590007E+2	-3.47268197E+2	4.03053695E+2	-1.03839948E+0
6.16423370E+2	7.28734722E+2	5.70585380E-7	2.02788479E+2	-3.26582014E+2	3.84420325E+2	-1.01512047E+0
6.60970574E+2	6.70630181E+2	5.48766485E-7	2.01030679E+2	-3.07252165E+2	3.67174660E+2	-9.91414263E-1
7.08737081E+2	6.19177352E+2	5.26348203E-7	1.99333839E+2	-2.89290506E+2	3.51316073E+2	-9.67461410E-1
7.59955541E+2	5.73525788E+2	5.03599174E-7	1.97630769E+2	-2.72559005E+2	3.36669475E+2	-9.43426837E-1
8.14875417E+2	5.33080525E+2	4.80661345E-7	1.95906241E+2	-2.57010773E+2	3.23162182E+2	-9.19501753E-1
8.73764200E+2	4.97114325E+2	4.57556492E-7	1.94232802E+2	-2.42547974E+2	3.10734459E+2	-8.95566797E-1
9.36908711E+2	4.65217837E+2	4.34464093E-7	1.92580041E+2	-2.29138803E+2	2.99318669E+2	-8.71871865E-1
1.00461650E+3	4.36783870E+2	4.11725330E-7	1.90854324E+2	-2.16648822E+2	2.88724933E+2	-8.48612717E-1
1.07721735E+3	4.11435832E+2	3.89267046E-7	1.89159297E+2	-2.05050398E+2	2.78974746E+2	-8.25687638E-1
1.15506485E+3	3.88807275E+2	3.67323906E-7	1.87437092E+2	-1.94278758E+2	2.69957223E+2	-8.03319697E-1
1.23853818E+3	3.68648307E+2	3.46038921E-7	1.85671051E+2	-1.84319229E+2	2.61624383E+2	-7.81744509E-1
1.32804389E+3	3.50568143E+2	3.25495537E-7	1.83870062E+2	-1.75073654E+2	2.53887741E+2	-7.60896693E-1
1.42401793E+3	3.34291623E+2	3.05759663E-7	1.82038679E+2	-1.66480998E+2	2.46686045E+2	-7.40788460E-1
1.52692775E+3	3.19668160E+2	2.86919178E-7	1.80164813E+2	-1.58535774E+2	2.39985318E+2	-7.21625879E-1
1.63727458E+3	3.06419657E+2	2.69056319E-7	1.78221374E+2	-1.51154466E+2	2.33688963E+2	-7.03406033E-1
1.75559587E+3	2.94413496E+2	2.52147899E-7	1.76236843E+2	-1.44315901E+2	2.27786094E+2	-6.86144440E-1
1.88246790E+3	2.83446225E+2	2.36242110E-7	1.74182593E+2	-1.37955870E+2	2.22196755E+2	-6.69855307E-1
2.01850863E+3	2.73394775E+2	2.21301014E-7	1.72076210E+2	-1.32039817E+2	2.16897986E+2	-6.54502482E-1
2.16438064E+3	2.64155267E+2	2.07315924E-7	1.69914148E+2	-1.26542083E+2	2.11857775E+2	-6.40127034E-1
2.32079442E+3	2.55588434E+2	1.94280498E-7	1.67676730E+2	-1.21411474E+2	2.07017469E+2	-6.26705319E-1
2.48851178E+3	2.47611590E+2	1.82127025E-7	1.65383266E+2	-1.16615557E+2	2.02363073E+2	-6.14155999E-1
2.66834962E+3	2.40147334E+2	1.70827984E-7	1.63025864E+2	-1.12128469E+2	1.97864162E+2	-6.02488028E-1
2.86118383E+3	2.33104196E+2	1.60295336E-7	1.60625806E+2	-1.07897633E+2	1.93500773E+2	-5.91501779E-1
3.06795364E+3	2.26428305E+2	1.50493077E-7	1.58178737E+2	-1.03902019E+2	1.89251534E+2	-5.81185855E-1
3.28966612E+3	2.20086168E+2	1.41375421E-7	1.55690273E+2	-1.00128988E+2	1.85108820E+2	-5.71530083E-1
3.52740116E+3	2.13989596E+2	1.32863893E-7	1.53170111E+2	-9.65180140E+1	1.81043669E+2	-5.62284155E-1
3.78231664E+3	2.08142613E+2	1.24934257E-7	1.50619556E+2	-9.30811307E+1	1.77060294E+2	-5.53541334E-1
4.05565415E+3	2.02496456E+2	1.17497055E-7	1.48067488E+2	-8.97728255E+1	1.73156407E+2	-5.45036548E-1
4.34874501E+3	1.97037643E+2	1.10537235E-7	1.45505113E+2	-8.65924159E+1	1.69322132E+2	-5.36820563E-1
4.66301673E+3	1.91757827E+2	1.03978311E-7	1.42968422E+2	-8.35185258E+1	1.65575704E+2	-5.28701928E-1
5.00000000E+3	1.86645516E+2	9.78019639E-8	1.40453846E+2	-8.05468650E+1	1.61910718E+2	-5.20687957E-1
5.36133611E+3	1.81673007E+2	9.19610380E-8	1.37972468E+2	-7.76496680E+1	1.58322055E+2	-5.12610514E-1
5.74878498E+3	1.76837459E+2	8.64377695E-8	1.35524571E+2	-7.48258725E+1	1.54808982E+2	-5.04469654E-1
6.16423370E+3	1.72168300E+2	8.12000096E-8	1.33135455E+2	-7.20878316E+1	1.51399158E+2	-4.96264743E-1
6.60970574E+3	1.67625095E+2	7.62262027E-8	1.30795070E+2	-6.94059476E+1	1.48069362E+2	-4.87863176E-1
7.08737081E+3	1.63245782E+2	7.14819075E-8	1.28537312E+2	-6.67932135E+1	1.44855701E+2	-4.79236394E-1
7.59955541E+3	1.59001669E+2	6.69832688E-8	1.26329562E+2	-6.42452553E+1	1.41727242E+2	-4.70466434E-1
8.14875417E+3	1.54905470E+2	6.26849699E-8	1.24205193E+2	-6.17505758E+1	1.38708557E+2	-4.61377690E-1
8.73764200E+3	1.50962194E+2	5.85915722E-8	1.22156866E+2	-5.93192082E+1	1.35797895E+2	-4.52060289E-1
9.36908711E+3	1.47175960E+2	5.46870131E-8	1.20193708E+2	-5.69481940E+1	1.33002347E+2	-4.42471610E-1
1.00461650E+4	1.43547969E+2	5.09754121E-8	1.18307940E+2	-5.46451799E+1	1.30318320E+2	-4.32697024E-1
1.07721735E+4	1.40065576E+2	4.74419583E-8	1.16499895E+2	-5.23965574E+1	1.27740459E+2	-4.22651217E-1
1.15506485E+4	1.36746687E+2	4.40830379E-8	1.14777843E+2	-5.02149024E+1	1.25281642E+2	-4.12407487E-1
1.23853818E+4	1.33574760E+2	4.08962978E-8	1.13130354E+2	-4.80924396E+1	1.22928271E+2	-4.01960780E-1
1.32804389E+4	1.30550280E+2	3.78735546E-8	1.11560393E+2	-4.60273748E+1	1.20682395E+2	-3.91302320E-1
1.42401793E+4	1.27676647E+2	3.50105760E-8	1.10069845E+2	-4.40224700E+1	1.18546821E+2	-3.80463550E-1
1.52692775E+4	1.24946885E+2	3.23084716E-8	1.08649819E+2	-4.20793675E+1	1.16513761E+2	-3.69504728E-1
1.63727458E+4	1.22368310E+2	2.97613866E-8	1.07306625E+2	-4.02022203E+1	1.14590271E+2	-3.58462098E-1
1.75559587E+4	1.19912918E+2	2.73656145E-8	1.06021540E+2	-3.83768824E+1	1.12753502E+2	-3.47300682E-1
1.88246790E+4	1.17604669E+2	2.51122093E-8	1.04815052E+2	-3.66134443E+1	1.11025851E+2	-3.36064227E-1
2.01850863E+4	1.15430917E+2	2.30002470E-8	1.03676269E+2	-3.49095686E+1	1.09395826E+2	-3.24792811E-1
2.16438064E+4	1.13382679E+2	2.10240852E-8	1.02600553E+2	-3.32603670E+1	1.07856968E+2	-3.13484056E-1
2.32079442E+4	1.11456779E+2	1.91834271E-8	1.01582252E+2	-3.16713854E+1	1.06405031E+2	-3.02229426E-1
2.48851178E+4	1.09634804E+2	1.74695250E-8	1.00611875E+2	-3.01299457E+1	1.05026488E+2	-2.90967816E-1
2.66834962E+4	1.07935628E+2	1.58777756E-8	9.97043321E+1	-2.86477887E+1	1.03738371E+2	-2.79790413E-1
2.86118383E+4	1.06343120E+2	1.44004724E-8	9.88510006E+1	-2.72140287E+1	1.02528649E+2	-2.68648369E-1
3.06795364E+4	1.04851258E+2	1.30352490E-8	9.80455808E+1	-2.58315016E+1	1.01391333E+2	-2.57610171E-1
3.28966612E+4	1.03460368E+2	1.17739033E-8	9.72925443E+1	-2.44965957E+1	1.00329071E+2	-2.46655949E-1
3.52740116E+4	1.02160432E+2	1.06162479E-8	9.65800437E+1	-2.32153851E+1	9.93310575E+1	-2.35899106E-1
3.78231664E+4	1.00944023E+2	9.55271112E-9	9.59073696E+1	-2.19784461E+1	9.83934740E+1	-2.25273548E-1
4.05565415E+4	9.98139503E+1	8.57869553E-9	9.52776913E+1	-2.07895216E+1	9.75194481E+1	-2.14832050E-1
4.34874501E+4	9.87555301E+1	7.68490915E-9	9.46839376E+1	-1.96345197E+1	9.66983063E+1	-2.04471055E-1
4.66301673E+4	9.77827167E+1	6.87082118E-9	9.41352810E+1	-1.85297691E+1	9.59416672E+1	-1.94357105E-1
5.00000000E+4	9.68656491E+1	6.12944984E-9	9.36087896E+1	-1.74605447E+1	9.52232964E+1	-1.84407603E-1
5.36133611E+4	9.60206583E+1	5.45457411E-9	9.31219211E+1	-1.64297272E+1	9.45601828E+1	-1.74635197E-1
5.74878498E+4	9.52354768E+1	4.84131645E-9	9.26653544E+1	-1.54324740E+1	9.39416266E+1	-1.65025284E-1
6.16423370E+4	9.45023616E+1	4.28658586E-9	9.22319338E+1	-1.44708640E+1	9.33602461E+1	-1.55627735E-1
6.60970574E+4	9.38221205E+1	3.78587527E-9	9.18239924E+1	-1.35453337E+1	9.28176798E+1	-1.46457869E-1
7.08737081E+4	9.31925684E+1	3.33129307E-9	9.14448254E+1	-1.26420729E+1	9.23145608E+1	-1.37377300E-1
7.59955541E+4	9.26097119E+1	2.92247820E-9	9.10884117E+1	-1.17716948E+1	9.18459121E+1	-1.28521391E-1
8.14875417E+4	9.20591701E+1	2.55402838E-9	9.07441080E+1	-1.09240151E+1	9.13992739E+1	-1.19806115E-1
8.73764200E+4	9.15591935E+1	2.22303404E-9	9.04300291E+1	-1.01049660E+1	9.09928598E+1	-1.11281833E-1
9.36908711E+4	9.10897720E+1	1.92515145E-9	9.01292892E+1	-9.30416940E+0	9.06082579E+1	-1.02866988E-1
1.00461650E+5	9.06508753E+1	1.65748132E-9	8.98427388E+1	-8.52086710E+0	9.02459025E+1	-9.45591808E-2
1.07721735E+5	9.02420917E+1	1.41795924E-9	8.95702357E+1	-7.75746492E+0	8.99055361E+1	-8.63920450E-2
1.15506485E+5	8.98658970E+1	1.20323634E-9	8.93158585E+1	-7.00907420E+0	8.95904556E+1	-7.83146374E-2
1.23853818E+5	8.95122706E+1	1.01105075E-9	8.90704728E+1	-6.27304726E+0	8.92910984E+1	-7.03118122E-2
1.32804389E+5	8.91766145E+1	8.38839012E-10	8.88305042E+1	-5.54477628E+0	8.90033911E+1	-6.23388517E-2
1.42401793E+5	8.88790890E+1	6.84842967E-10	8.86162525E+1	-4.82613329E+0	8.87475734E+1	-5.44072911E-2
1.52692775E+5	8.85902702E+1	5.47191027E-10	8.83990671E+1	-4.11122311E+0	8.84946170E+1	-4.64740510E-2
1.63727458E+5	8.83182135E+1	4.24637791E-10	8.81869493E+1	-3.40231570E+0	8.82525570E+1	-3.85615921E-2
1.75559587E+5	8.80650137E+1	3.14899894E-10	8.79826833E+1	-2.69139563E+0	8.80238389E+1	-3.05805245E-2
1.88246790E+5	8.78150563E+1	2.17950247E-10	8.77665360E+1	-1.98677762E+0	8.77907919E+1	-2.26331032E-2
2.01850863E+5	8.76141441E+1	1.29046779E-10	8.75961323E+1	-1.25607827E+0	8.76051378E+1	-1.43384451E-2
2.16438064E+5	8.73986363E+1	5.11189438E-11	8.73954098E+1	-5.30992690E-1	8.73970230E+1	-6.07567639E-3
2.32079442E+5	8.72068940E+1	-1.84612230E-11	8.72064129E+1	2.04727405E-1	8.72066535E+1	2.34761510E-3
2.48851178E+5	8.70209831E+1	-8.06284834E-11	8.70105104E+1	9.54560979E-1	8.70157466E+1	1.09702009E-2
2.66834962E+5	8.68507838E+1	-1.36355442E-10	8.68165565E+1	1.72373837E+0	8.68336685E+1	1.98523416E-2
2.86118383E+5	8.66807261E+1	-1.85892152E-10	8.66080519E+1	2.50880878E+0	8.66443814E+1	2.89592845E-2
3.06795364E+5	8.65317697E+1	-2.30301633E-10	8.64042613E+1	3.31922300E+0	8.64679920E+1	3.83961580E-2
3.28966612E+5	8.63796127E+1	-2.69886359E-10	8.61795090E+1	4.15267501E+0	8.62795028E+1	4.81490922E-2
3.52740116E+5	8.62499489E+1	-3.05524945E-10	8.59567495E+1	5.02019128E+0	8.61032244E+1	5.83374169E-2
3.78231664E+5	8.61276623E+1	-3.37655570E-10	8.57182284E+1	5.92417022E+0	8.59227015E+1	6.90024148E-2
4.05565415E+5	8.59967250E+1	-3.66385221E-10	8.54458987E+1	6.86043869E+0	8.57208694E+1	8.01179862E-2
4.34874501E+5	8.58931072E+1	-3.91991613E-10	8.51722377E+1	7.83568371E+0	8.55319130E+1	9.17398656E-2
4.66301673E+5	8.57886786E+1	-4.15444674E-10	8.48633399E+1	8.86155899E+0	8.53247548E+1	1.04044451E-1
NaN	NaN	NaN	NaN	NaN	NaN	NaN
