Start time:20240906_23-44-31	sweep/start:500.000	sweep/stop:500000.000	sweep/samplecount:100.000	sweep/xmapping:1.000	sweep/scan:0.000	sweep/averaging/sample:10.000	sweep/settling/time:0.100	sweep/settling/inaccuracy:0.010	sweep/awgcontrol:0.000	sweep/averaging/time:0.100	sweep/averaging/tc:15.000	sweep/bandwidthcontrol:2.000	sweep/sincfilter:0.000	sweep/omegasuppression:80.000	sweep/maxbandwidth:100.000	sweep/bandwidth:1250000.000	sweep/order:8.000	sweep/bandwidthoverlap:1.000																				
Frequency	Param0		Param1		RealZ		ImagZ		AbsZ		PhaseZ		
5.00000000E+2	9.12096637E+2	7.14809918E-7	1.75562035E+2	-3.59593497E+2	4.00161864E+2	-1.11661412E+0
5.36133611E+2	8.30310369E+2	6.94761100E-7	1.73842460E+2	-3.37819448E+2	3.79925235E+2	-1.09553572E+0
5.74878498E+2	7.57954503E+2	6.73763591E-7	1.72159976E+2	-3.17569437E+2	3.61233180E+2	-1.07402503E+0
6.16423370E+2	6.93710714E+2	6.51966551E-7	1.70507975E+2	-2.98680782E+2	3.43923227E+2	-1.05207119E+0
6.60970574E+2	6.36961588E+2	6.29496172E-7	1.68824782E+2	-2.81128181E+2	3.27925101E+2	-1.02999014E+0
7.08737081E+2	5.86396952E+2	6.06462848E-7	1.67161483E+2	-2.64726264E+2	3.13086193E+2	-1.00757203E+0
7.59955541E+2	5.41542927E+2	5.83036462E-7	1.65459289E+2	-2.49452448E+2	2.99338107E+2	-9.85135135E-1
8.14875417E+2	5.01627199E+2	5.59359067E-7	1.63722552E+2	-2.35207580E+2	2.86579276E+2	-9.62708208E-1
8.73764200E+2	4.65987512E+2	5.35482599E-7	1.61988622E+2	-2.21910692E+2	2.74744738E+2	-9.40236753E-1
9.36908711E+2	4.34175094E+2	5.11629594E-7	1.60212374E+2	-2.09504682E+2	2.63742713E+2	-9.17940924E-1
1.00461650E+3	4.05752169E+2	4.87818371E-7	1.58436067E+2	-1.97948945E+2	2.53546395E+2	-8.95818519E-1
1.07721735E+3	3.80162141E+2	4.64227604E-7	1.56650987E+2	-1.87118245E+2	2.44034366E+2	-8.73794266E-1
1.15506485E+3	3.57242780E+2	4.40998397E-7	1.54831898E+2	-1.77030101E+2	2.35186256E+2	-8.52188526E-1
1.23853818E+3	3.36570791E+2	4.18215696E-7	1.52996182E+2	-1.67589414E+2	2.26922992E+2	-8.30887313E-1
1.32804389E+3	3.17847480E+2	3.95945584E-7	1.51155063E+2	-1.58733742E+2	2.19189997E+2	-8.09849412E-1
1.42401793E+3	3.00959929E+2	3.74275792E-7	1.49303387E+2	-1.50475359E+2	2.11977206E+2	-7.89307599E-1
1.52692775E+3	2.85581448E+2	3.53302217E-7	1.47433310E+2	-1.42715228E+2	2.05193123E+2	-7.69138675E-1
1.63727458E+3	2.71589190E+2	3.33024162E-7	1.45567758E+2	-1.35442447E+2	1.98833169E+2	-7.49381919E-1
1.75559587E+3	2.58771200E+2	3.13495973E-7	1.43700768E+2	-1.28591246E+2	1.92835733E+2	-7.29964874E-1
1.88246790E+3	2.47060962E+2	2.94754462E-7	1.41834384E+2	-1.22166879E+2	1.87194389E+2	-7.11037760E-1
2.01850863E+3	2.36292565E+2	2.76799298E-7	1.39975522E+2	-1.16112135E+2	1.81865816E+2	-6.92482035E-1
2.16438064E+3	2.26372641E+2	2.59624890E-7	1.38132845E+2	-1.10402960E+2	1.76831832E+2	-6.74284715E-1
2.32079442E+3	2.17222006E+2	2.43227683E-7	1.36312166E+2	-1.05019023E+2	1.72075571E+2	-6.56448799E-1
2.48851178E+3	2.08742686E+2	2.27629112E-7	1.34501553E+2	-9.99277102E+1	1.67559587E+2	-6.38972771E-1
2.66834962E+3	2.00887119E+2	2.12769064E-7	1.32727489E+2	-9.51139125E+1	1.63288832E+2	-6.21787181E-1
2.86118383E+3	1.93590026E+2	1.98682342E-7	1.30970551E+2	-9.05610667E+1	1.59231254E+2	-6.04972271E-1
3.06795364E+3	1.86786686E+2	1.85287341E-7	1.29256750E+2	-8.62330118E+1	1.55381595E+2	-5.88333778E-1
3.28966612E+3	1.80478658E+2	1.72614018E-7	1.27579555E+2	-8.21513465E+1	1.51741184E+2	-5.72090943E-1
3.52740116E+3	1.74589739E+2	1.60606768E-7	1.25946646E+2	-7.82715409E+1	1.48286857E+2	-5.56053873E-1
3.78231664E+3	1.69069266E+2	1.49282338E-7	1.24336910E+2	-7.45780312E+1	1.44988103E+2	-5.40276879E-1
4.05565415E+3	1.63922391E+2	1.38577668E-7	1.22781225E+2	-7.10729383E+1	1.41868220E+2	-5.24729104E-1
4.34874501E+3	1.59102047E+2	1.28495366E-7	1.21262852E+2	-6.77383828E+1	1.38899848E+2	-5.09427905E-1
4.66301673E+3	1.54601068E+2	1.18985476E-7	1.19801811E+2	-6.45679009E+1	1.36093673E+2	-4.94324583E-1
5.00000000E+3	1.50386901E+2	1.10048155E-7	1.18384639E+2	-6.15514097E+1	1.33429753E+2	-4.79462087E-1
5.36133611E+3	1.46445959E+2	1.01676626E-7	1.17007420E+2	-5.86900958E+1	1.30901733E+2	-4.64921151E-1
5.74878498E+3	1.42744211E+2	9.38134927E-8	1.15678868E+2	-5.59543394E+1	1.28500929E+2	-4.50526081E-1
6.16423370E+3	1.39282894E+2	8.64658103E-8	1.14394001E+2	-5.33585977E+1	1.26226493E+2	-4.36445750E-1
6.60970574E+3	1.36025487E+2	7.95894421E-8	1.13151765E+2	-5.08743736E+1	1.24062581E+2	-4.22531086E-1
7.08737081E+3	1.32981279E+2	7.31757695E-8	1.11957986E+2	-4.85152085E+1	1.22017688E+2	-4.08908440E-1
7.59955541E+3	1.30115824E+2	6.71993544E-8	1.10801777E+2	-4.62604653E+1	1.20071081E+2	-3.95506527E-1
8.14875417E+3	1.27427476E+2	6.16439213E-8	1.09685637E+2	-4.41137711E+1	1.18224210E+2	-3.82387424E-1
8.73764200E+3	1.24907294E+2	5.64719882E-8	1.08618341E+2	-4.20627979E+1	1.16478423E+2	-3.69469673E-1
9.36908711E+3	1.22535561E+2	5.16660811E-8	1.07591531E+2	-4.00980168E+1	1.14820680E+2	-3.56741717E-1
1.00461650E+4	1.20310406E+2	4.72225859E-8	1.06600751E+2	-3.82290404E+1	1.13248310E+2	-3.44332368E-1
1.07721735E+4	1.18223818E+2	4.31046900E-8	1.05654455E+2	-3.64418589E+1	1.11762574E+2	-3.32138034E-1
1.15506485E+4	1.16254478E+2	3.93009477E-8	1.04738418E+2	-3.47300141E+1	1.10346319E+2	-3.20179032E-1
1.23853818E+4	1.14413140E+2	3.57941264E-8	1.03863958E+2	-3.31010528E+1	1.09011016E+2	-3.08519839E-1
1.32804389E+4	1.12675835E+2	3.25554910E-8	1.03023528E+2	-3.15343401E+1	1.07741645E+2	-2.97033375E-1
1.42401793E+4	1.11045016E+2	2.95709086E-8	1.02221150E+2	-3.00330770E+1	1.06541772E+2	-2.85763591E-1
1.52692775E+4	1.09514883E+2	2.68333248E-8	1.01450928E+2	-2.86023697E+1	1.05405818E+2	-2.74800317E-1
1.63727458E+4	1.08073061E+2	2.43140807E-8	1.00713670E+2	-2.72248264E+1	1.04328494E+2	-2.64009206E-1
1.75559587E+4	1.06719953E+2	2.20054767E-8	1.00008759E+2	-2.59071028E+1	1.03309874E+2	-2.53476451E-1
1.88246790E+4	1.05458783E+2	1.98909474E-8	9.93433104E+1	-2.46481483E+1	1.02355384E+2	-2.43199805E-1
2.01850863E+4	1.04270999E+2	1.79525869E-8	9.87074478E+1	-2.34342449E+1	1.01451092E+2	-2.33095658E-1
2.16438064E+4	1.03160471E+2	1.61846744E-8	9.81028831E+1	-2.22747364E+1	1.00599899E+2	-2.23269422E-1
2.32079442E+4	1.02118174E+2	1.45744084E-8	9.75247561E+1	-2.11653464E+1	9.97950401E+1	-2.13711238E-1
2.48851178E+4	1.01132908E+2	1.30997464E-8	9.69719246E+1	-2.00872724E+1	9.90305647E+1	-2.04256444E-1
2.66834962E+4	1.00216837E+2	1.17646481E-8	9.64482470E+1	-1.90649894E+1	9.83144864E+1	-1.95154818E-1
2.86118383E+4	9.93561545E+1	1.05496875E-8	9.59492373E+1	-1.80801291E+1	9.76378372E+1	-1.86250383E-1
3.06795364E+4	9.85555809E+1	9.44708010E-9	9.54799973E+1	-1.71364107E+1	9.70056009E+1	-1.77585773E-1
3.28966612E+4	9.78021060E+1	8.44624003E-9	9.50316268E+1	-1.62260001E+1	9.64069148E+1	-1.69112354E-1
3.52740116E+4	9.71020717E+1	7.54130777E-9	9.46100203E+1	-1.53549008E+1	9.58479471E+1	-1.60893898E-1
3.78231664E+4	9.64435784E+1	6.72247270E-9	9.42071038E+1	-1.45152248E+1	9.53187820E+1	-1.52875626E-1
4.05565415E+4	9.58243076E+1	5.98517064E-9	9.38203743E+1	-1.37116638E+1	9.48170470E+1	-1.45120639E-1
4.34874501E+4	9.52482816E+1	5.31869189E-9	9.34575675E+1	-1.29366029E+1	9.43486762E+1	-1.37548149E-1
4.66301673E+4	9.47093777E+1	4.71818824E-9	9.31133436E+1	-1.21906543E+1	9.39079700E+1	-1.30182303E-1
5.00000000E+4	9.42032266E+1	4.17724419E-9	9.27851820E+1	-1.14705469E+1	9.34915158E+1	-1.23000696E-1
5.36133611E+4	9.37288433E+1	3.69138918E-9	9.24726814E+1	-1.07777832E+1	9.30986437E+1	-1.16027509E-1
5.74878498E+4	9.32821364E+1	3.25448088E-9	9.21737790E+1	-1.01074951E+1	9.27263017E+1	-1.09220560E-1
6.16423370E+4	9.28622037E+1	2.86161907E-9	9.18888236E+1	-9.45741528E+0	9.23742315E+1	-1.02561241E-1
6.60970574E+4	9.24686652E+1	2.50950174E-9	9.16177856E+1	-8.82925120E+0	9.20422422E+1	-9.60738051E-2
7.08737081E+4	9.20940372E+1	2.19237040E-9	9.13555280E+1	-8.21382201E+0	9.17240393E+1	-8.96694023E-2
7.59955541E+4	9.17396024E+1	1.91026521E-9	9.11016858E+1	-7.62333485E+0	9.14200877E+1	-8.34849059E-2
8.14875417E+4	9.14068686E+1	1.65439619E-9	9.08621625E+1	-7.03513591E+0	9.11341086E+1	-7.72722985E-2
8.73764200E+4	9.10867375E+1	1.42667195E-9	9.06254650E+1	-6.46552249E+0	9.08558085E+1	-7.12226562E-2
9.36908711E+4	9.07911252E+1	1.22226593E-9	9.04053209E+1	-5.90582046E+0	9.05980177E+1	-6.52333384E-2
1.00461650E+5	9.05051384E+1	1.03913643E-9	9.01873061E+1	-5.35391400E+0	9.03460824E+1	-5.92947968E-2
1.07721735E+5	9.02288814E+1	8.74482154E-10	8.99722741E+1	-4.80494499E+0	9.01004864E+1	-5.33540456E-2
1.15506485E+5	8.99702537E+1	7.27168192E-10	8.97678763E+1	-4.26227044E+0	8.98690080E+1	-4.74453883E-2
1.23853818E+5	8.97218242E+1	5.95117527E-10	8.95671811E+1	-3.72167977E+0	8.96444693E+1	-4.15279354E-2
1.32804389E+5	8.95086448E+1	4.76272684E-10	8.93955213E+1	-3.18001252E+0	8.94520652E+1	-3.55573940E-2
1.42401793E+5	8.92506770E+1	3.70063447E-10	8.91728013E+1	-2.63521131E+0	8.92117306E+1	-2.95431404E-2
1.52692775E+5	8.90323737E+1	2.74509217E-10	8.89834500E+1	-2.08647169E+0	8.90079085E+1	-2.34435661E-2
1.63727458E+5	8.88204547E+1	1.88719817E-10	8.87940518E+1	-1.53114320E+0	8.88072523E+1	-1.72420488E-2
1.75559587E+5	8.86197017E+1	1.11994145E-10	8.86090808E+1	-9.70081557E-1	8.86143911E+1	-1.09474424E-2
1.88246790E+5	8.83784568E+1	3.98664604E-11	8.83716938E+1	-3.68203471E-1	8.83750752E+1	-4.16679749E-3
2.01850863E+5	8.82388362E+1	-2.00437148E-11	8.82383919E+1	1.97927193E-1	8.82386140E+1	2.24309384E-3
2.16438064E+5	8.80569128E+1	-7.57732254E-11	8.80496627E+1	7.98951648E-1	8.80532877E+1	9.07362547E-3
2.32079442E+5	8.78765953E+1	-1.26478606E-10	8.78535180E+1	1.42385558E+0	8.78650559E+1	1.62057369E-2
2.48851178E+5	8.77127019E+1	-1.71880153E-10	8.76639892E+1	2.06646996E+0	8.76883422E+1	2.35682538E-2
2.66834962E+5	8.75498030E+1	-2.12976428E-10	8.74643234E+1	2.73426412E+0	8.75070528E+1	3.12512935E-2
2.86118383E+5	8.73918889E+1	-2.49868749E-10	8.72574198E+1	3.42539827E+0	8.73246284E+1	3.92360935E-2
3.06795364E+5	8.72398049E+1	-2.83641894E-10	8.70417632E+1	4.15184761E+0	8.71407278E+1	4.76633619E-2
3.28966612E+5	8.70918111E+1	-3.13489361E-10	8.68153290E+1	4.89923570E+0	8.69534601E+1	5.63730417E-2
3.52740116E+5	8.69589276E+1	-3.41344515E-10	8.65841923E+1	5.69613731E+0	8.67713576E+1	6.56926015E-2
3.78231664E+5	8.68186703E+1	-3.65726684E-10	8.63271219E+1	6.51410530E+0	8.65725472E+1	7.53156543E-2
4.05565415E+5	8.66823447E+1	-3.88800150E-10	8.60476907E+1	7.38987577E+0	8.63644347E+1	8.56709444E-2
4.34874501E+5	8.65626007E+1	-4.09724925E-10	8.57572130E+1	8.31069126E+0	8.61589658E+1	9.66078543E-2
4.66301673E+5	8.64500357E+1	-4.28700396E-10	8.54426219E+1	9.27770363E+0	8.59448527E+1	1.08160259E-1
NaN	NaN	NaN	NaN	NaN	NaN	NaN
