Start time:20240907_19-13-26	sweep/start:500.000	sweep/stop:500000.000	sweep/samplecount:100.000	sweep/xmapping:1.000	sweep/scan:0.000	sweep/averaging/sample:10.000	sweep/settling/time:0.100	sweep/settling/inaccuracy:0.010	sweep/awgcontrol:0.000	sweep/averaging/time:0.100	sweep/averaging/tc:15.000	sweep/bandwidthcontrol:2.000	sweep/sincfilter:0.000	sweep/omegasuppression:80.000	sweep/maxbandwidth:100.000	sweep/bandwidth:1250000.000	sweep/order:8.000	sweep/bandwidthoverlap:1.000																				
Frequency	Param0		Param1		RealZ		ImagZ		AbsZ		PhaseZ		
5.00000000E+2	9.41182435E+2	7.58101125E-7	1.56223193E+2	-3.50183994E+2	3.83450802E+2	-1.15117581E+0
5.36133611E+2	8.51971733E+2	7.39352235E-7	1.54832066E+2	-3.28541537E+2	3.63197627E+2	-1.13039500E+0
5.74878498E+2	7.72949560E+2	7.19502921E-7	1.53505196E+2	-3.08363257E+2	3.44458632E+2	-1.10890514E+0
6.16423370E+2	7.03000562E+2	6.98712863E-7	1.52187111E+2	-2.89528395E+2	3.27089608E+2	-1.08684937E+0
6.60970574E+2	6.41262562E+2	6.76981410E-7	1.50867834E+2	-2.72001405E+2	3.11039987E+2	-1.06438375E+0
7.08737081E+2	5.86502174E+2	6.54488633E-7	1.49543328E+2	-2.55625241E+2	2.96154478E+2	-1.04147178E+0
7.59955541E+2	5.38051063E+2	6.31261944E-7	1.48211930E+2	-2.40372208E+2	2.82392596E+2	-1.01826502E+0
8.14875417E+2	4.95132158E+2	6.07416789E-7	1.46873614E+2	-2.26163627E+2	2.69669884E+2	-9.94833823E-1
8.73764200E+2	4.57023124E+2	5.83190696E-7	1.45495791E+2	-2.12898823E+2	2.57866121E+2	-9.71296046E-1
9.36908711E+2	4.23119747E+2	5.58510499E-7	1.44149763E+2	-2.00532925E+2	2.46966818E+2	-9.47542007E-1
1.00461650E+3	3.92923310E+2	5.33714377E-7	1.42764888E+2	-1.88981046E+2	2.36845203E+2	-9.23819178E-1
1.07721735E+3	3.65974392E+2	5.08872781E-7	1.41364954E+2	-1.78190627E+2	2.27455382E+2	-9.00132318E-1
1.15506485E+3	3.41935768E+2	4.84051397E-7	1.39969680E+2	-1.68134241E+2	2.18770740E+2	-8.76557353E-1
1.23853818E+3	3.20399996E+2	4.59491079E-7	1.38548020E+2	-1.58730050E+2	2.10691205E+2	-8.53183554E-1
1.32804389E+3	3.01089088E+2	4.35261025E-7	1.37117764E+2	-1.49944587E+2	2.03186273E+2	-8.30051525E-1
1.42401793E+3	2.83731544E+2	4.11437202E-7	1.35693709E+2	-1.41731442E+2	1.96215659E+2	-8.07158196E-1
1.52692775E+3	2.68067613E+2	3.88187806E-7	1.34254597E+2	-1.34033620E+2	1.89708484E+2	-7.84574508E-1
1.63727458E+3	2.53920223E+2	3.65566837E-7	1.32812784E+2	-1.26825137E+2	1.83640550E+2	-7.62340724E-1
1.75559587E+3	2.41087438E+2	3.43671250E-7	1.31361059E+2	-1.20057373E+2	1.77959268E+2	-7.40468765E-1
1.88246790E+3	2.29458134E+2	3.22495824E-7	1.29925641E+2	-1.13718171E+2	1.72662952E+2	-7.18974855E-1
2.01850863E+3	2.18860887E+2	3.02140604E-7	1.28488017E+2	-1.07758204E+2	1.67693176E+2	-6.97875689E-1
2.16438064E+3	2.09203953E+2	2.82626876E-7	1.27056903E+2	-1.02163346E+2	1.63036211E+2	-6.77221085E-1
2.32079442E+3	2.00346646E+2	2.63958198E-7	1.25636091E+2	-9.68831339E+1	1.58652984E+2	-6.56894592E-1
2.48851178E+3	1.92242438E+2	2.46163684E-7	1.24227594E+2	-9.19201838E+1	1.54537424E+2	-6.37027492E-1
2.66834962E+3	1.84810025E+2	2.29210822E-7	1.22847148E+2	-8.72465609E+1	1.50676422E+2	-6.17541643E-1
2.86118383E+3	1.77955372E+2	2.13122967E-7	1.21481805E+2	-8.28281988E+1	1.47031764E+2	-5.98417182E-1
3.06795364E+3	1.71642274E+2	1.97874347E-7	1.20144477E+2	-7.86586017E+1	1.43603173E+2	-5.79672244E-1
3.28966612E+3	1.65801707E+2	1.83452274E-7	1.18831757E+2	-7.47095809E+1	1.40365623E+2	-5.61255899E-1
3.52740116E+3	1.60411906E+2	1.69856289E-7	1.17545873E+2	-7.09839781E+1	1.37316268E+2	-5.43269905E-1
3.78231664E+3	1.55418778E+2	1.57047800E-7	1.16290520E+2	-6.74555058E+1	1.34438575E+2	-5.25628863E-1
4.05565415E+3	1.50784764E+2	1.45007982E-7	1.15064060E+2	-6.41106001E+1	1.31719046E+2	-5.08333709E-1
4.34874501E+3	1.46491706E+2	1.33711192E-7	1.13872810E+2	-6.09459207E+1	1.29156580E+2	-4.91417630E-1
4.66301673E+3	1.42507835E+2	1.23117402E-7	1.12721513E+2	-5.79444492E+1	1.26742648E+2	-4.74824012E-1
5.00000000E+3	1.38808781E+2	1.13210833E-7	1.11606814E+2	-5.50992271E+1	1.24466886E+2	-4.58587305E-1
5.36133611E+3	1.35370492E+2	1.03969576E-7	1.10525967E+2	-5.24019560E+1	1.22319068E+2	-4.42725547E-1
5.74878498E+3	1.32169948E+2	9.53592293E-8	1.09479824E+2	-4.98408535E+1	1.20291074E+2	-4.27212481E-1
6.16423370E+3	1.29191092E+2	8.73635416E-8	1.08464369E+2	-4.74142470E+1	1.18374956E+2	-4.12109264E-1
6.60970574E+3	1.26412671E+2	7.99293648E-8	1.07486163E+2	-4.51036324E+1	1.16565917E+2	-3.97307213E-1
7.08737081E+3	1.23826627E+2	7.30451278E-8	1.06541949E+2	-4.29132053E+1	1.14859611E+2	-3.82902560E-1
7.59955541E+3	1.21410871E+2	6.66757750E-8	1.05628618E+2	-4.08296162E+1	1.13245143E+2	-3.68848776E-1
8.14875417E+3	1.19156162E+2	6.07939844E-8	1.04747021E+2	-3.88498975E+1	1.11719528E+2	-3.55164830E-1
8.73764200E+3	1.17049542E+2	5.53644731E-8	1.03898523E+2	-3.69644610E+1	1.10278169E+2	-3.41809984E-1
9.36908711E+3	1.15082582E+2	5.03645652E-8	1.03081896E+2	-3.51717699E+1	1.08917082E+2	-3.28815741E-1
1.00461650E+4	1.13248493E+2	4.57601651E-8	1.02301783E+2	-3.34644268E+1	1.07636066E+2	-3.16143468E-1
1.07721735E+4	1.11527588E+2	4.15407087E-8	1.01543027E+2	-3.18412068E+1	1.06418273E+2	-3.03862602E-1
1.15506485E+4	1.09921719E+2	3.76619253E-8	1.00820618E+2	-3.02915588E+1	1.05272863E+2	-2.91869623E-1
1.23853818E+4	1.08413617E+2	3.41144479E-8	1.00120004E+2	-2.88159075E+1	1.04184316E+2	-2.80239537E-1
1.32804389E+4	1.07001665E+2	3.08640168E-8	9.94494719E+1	-2.74055019E+1	1.03156478E+2	-2.68898029E-1
1.42401793E+4	1.05681427E+2	2.78985879E-8	9.88054653E+1	-2.60649674E+1	1.02185628E+2	-2.57924947E-1
1.52692775E+4	1.04435838E+2	2.51848220E-8	9.81839098E+1	-2.47757679E+1	1.01261636E+2	-2.47180183E-1
1.63727458E+4	1.03276329E+2	2.27093906E-8	9.75950871E+1	-2.35470015E+1	1.00395530E+2	-2.36747741E-1
1.75559587E+4	1.02186208E+2	2.04534667E-8	9.70288394E+1	-2.23699210E+1	9.95741389E+1	-2.26589932E-1
1.88246790E+4	1.01169782E+2	1.84066346E-8	9.64887455E+1	-2.12524649E+1	9.88015453E+1	-2.16796844E-1
2.01850863E+4	1.00213416E+2	1.65379342E-8	9.59732253E+1	-2.01728698E+1	9.80704069E+1	-2.07176733E-1
2.16438064E+4	9.93222399E+1	1.48449017E-8	9.54833775E+1	-1.91454292E+1	9.73838946E+1	-1.97886472E-1
2.32079442E+4	9.84861441E+1	1.33065713E-8	9.50162698E+1	-1.81574894E+1	9.67356503E+1	-1.88822192E-1
2.48851178E+4	9.76976641E+1	1.19159359E-8	9.45644372E+1	-1.72131264E+1	9.61182845E+1	-1.80054045E-1
2.66834962E+4	9.69546326E+1	1.06510272E-8	9.41329567E+1	-1.62976264E+1	9.55333776E+1	-1.71434656E-1
2.86118383E+4	9.62688870E+1	9.51282664E-9	9.37284189E+1	-1.54309425E+1	9.49901604E+1	-1.63170900E-1
3.06795364E+4	9.56282304E+1	8.48025299E-9	9.33471101E+1	-1.45923234E+1	9.44807861E+1	-1.55068246E-1
3.28966612E+4	9.50207515E+1	7.55237149E-9	9.29750904E+1	-1.37911379E+1	9.39923559E+1	-1.47257800E-1
3.52740116E+4	9.44595040E+1	6.71069961E-9	9.26311778E+1	-1.30138370E+1	9.35408740E+1	-1.39577367E-1
3.78231664E+4	9.39287343E+1	5.95653274E-9	9.22970082E+1	-1.22720574E+1	9.31092968E+1	-1.32187334E-1
4.05565415E+4	9.34369159E+1	5.27602839E-9	9.19853006E+1	-1.15553961E+1	9.27082671E+1	-1.24967577E-1
4.34874501E+4	9.29782813E+1	4.66444297E-9	9.16906970E+1	-1.08655170E+1	9.23322447E+1	-1.17951779E-1
4.66301673E+4	9.25451215E+1	4.11644156E-9	9.14063900E+1	-1.02023185E+1	9.19739935E+1	-1.11154876E-1
5.00000000E+4	9.21397942E+1	3.62397143E-9	9.11368930E+1	-9.56040062E+0	9.16369716E+1	-1.04519273E-1
5.36133611E+4	9.17602325E+1	3.18251501E-9	9.08807487E+1	-8.94025224E+0	9.13194318E+1	-9.80579420E-2
5.74878498E+4	9.14051925E+1	2.78687304E-9	9.06378348E+1	-8.33975879E+0	9.10207050E+1	-9.17535427E-2
6.16423370E+4	9.10718903E+1	2.43290079E-9	9.04061061E+1	-7.75828067E+0	9.07383876E+1	-8.56061574E-2
6.60970574E+4	9.07586699E+1	2.11661085E-9	9.01846654E+1	-7.19488453E+0	9.04712124E+1	-7.96108515E-2
7.08737081E+4	9.04597361E+1	1.83211804E-9	8.99696820E+1	-6.64002896E+0	9.02143763E+1	-7.36693992E-2
7.59955541E+4	9.01822235E+1	1.57906713E-9	8.97671767E+1	-6.10389620E+0	8.99744608E+1	-6.78924661E-2
8.14875417E+4	8.99221233E+1	1.35200669E-9	8.95750506E+1	-5.57575297E+0	8.97484191E+1	-6.21665112E-2
8.73764200E+4	8.96710370E+1	1.14859832E-9	8.93852412E+1	-5.05429152E+0	8.95280250E+1	-5.64848857E-2
9.36908711E+4	8.94366436E+1	9.67771474E-10	8.92050529E+1	-4.54522003E+0	8.93207732E+1	-5.09084700E-2
1.00461650E+5	8.92120217E+1	8.06525337E-10	8.90283794E+1	-4.04343124E+0	8.91201532E+1	-4.53861389E-2
1.07721735E+5	8.89991377E+1	6.61776090E-10	8.88579304E+1	-3.54222597E+0	8.89285060E+1	-3.98428301E-2
1.15506485E+5	8.87953716E+1	5.31911382E-10	8.86911607E+1	-3.04015807E+0	8.87432509E+1	-3.42646127E-2
1.23853818E+5	8.86033748E+1	4.16533304E-10	8.85303496E+1	-2.54261970E+0	8.85668547E+1	-2.87124252E-2
1.32804389E+5	8.84155360E+1	3.13354289E-10	8.83683012E+1	-2.04292752E+0	8.83919154E+1	-2.31142137E-2
1.42401793E+5	8.82412958E+1	2.20738115E-10	8.82145019E+1	-1.53739178E+0	8.82278979E+1	-1.74261155E-2
1.52692775E+5	8.80669116E+1	1.37742879E-10	8.80549847E+1	-1.02478850E+0	8.80609479E+1	-1.16375265E-2
1.63727458E+5	8.79029997E+1	6.33543668E-11	8.79001141E+1	-5.03583095E-1	8.79015569E+1	-5.72897488E-3
1.75559587E+5	8.77443391E+1	-3.00432601E-12	8.77443311E+1	2.55147639E-2	8.77443351E+1	2.90784680E-4
1.88246790E+5	8.76367685E+1	-6.27280855E-11	8.76259587E+1	5.69455018E-1	8.76313632E+1	6.50007895E-3
2.01850863E+5	8.74518230E+1	-1.15735334E-10	8.74374153E+1	1.12238707E+0	8.74446188E+1	1.28357567E-2
2.16438064E+5	8.73102925E+1	-1.63696805E-10	8.72773201E+1	1.69636956E+0	8.72938047E+1	1.94340999E-2
2.32079442E+5	8.71773902E+1	-2.06751725E-10	8.71172109E+1	2.28967327E+0	8.71472954E+1	2.62766246E-2
2.48851178E+5	8.70471715E+1	-2.45013738E-10	8.69504763E+1	2.89959026E+0	8.69988105E+1	3.33352531E-2
2.66834962E+5	8.69278462E+1	-2.80328489E-10	8.67829874E+1	3.54554896E+0	8.68553866E+1	4.08326299E-2
2.86118383E+5	8.68051093E+1	-3.11555274E-10	8.66004019E+1	4.21042519E+0	8.67026952E+1	4.85807471E-2
3.06795364E+5	8.66906315E+1	-3.39941310E-10	8.64117733E+1	4.90882672E+0	8.65510901E+1	5.67463929E-2
3.28966612E+5	8.65851748E+1	-3.64976350E-10	8.62173186E+1	5.63163440E+0	8.64010509E+1	6.52264031E-2
3.52740116E+5	8.64722362E+1	-3.88466041E-10	8.59955786E+1	6.40236701E+0	8.62335781E+1	7.43128589E-2
3.78231664E+5	8.63772597E+1	-4.09766530E-10	8.57704031E+1	7.21458104E+0	8.60732966E+1	8.39174971E-2
4.05565415E+5	8.62840963E+1	-4.28989449E-10	8.55232066E+1	8.06681703E+0	8.59028090E+1	9.40448820E-2
4.34874501E+5	8.61937988E+1	-4.46098582E-10	8.52527515E+1	8.95692734E+0	8.57219838E+1	1.04679176E-1
4.66301673E+5	8.61112955E+1	-4.61577677E-10	8.49591298E+1	9.89377161E+0	8.55332726E+1	1.15931116E-1
5.00000000E+5	8.60399878E+1	-4.76401665E-10	8.46365090E+1	1.08988632E+1	8.53353631E+1	1.28067814E-1
