Start time:20240906_06-18-38	sweep/start:500.000	sweep/stop:500000.000	sweep/samplecount:100.000	sweep/xmapping:1.000	sweep/scan:0.000	sweep/averaging/sample:10.000	sweep/settling/time:0.100	sweep/settling/inaccuracy:0.010	sweep/awgcontrol:0.000	sweep/averaging/time:0.100	sweep/averaging/tc:15.000	sweep/bandwidthcontrol:2.000	sweep/sincfilter:0.000	sweep/omegasuppression:80.000	sweep/maxbandwidth:100.000	sweep/bandwidth:1250000.000	sweep/order:8.000	sweep/bandwidthoverlap:1.000																				
Frequency	Param0		Param1		RealZ		ImagZ		AbsZ		PhaseZ		
5.00000000E+2	9.01060604E+2	6.79653932E-7	1.91651907E+2	-3.68726861E+2	4.15559813E+2	-1.09146078E+0
5.36133611E+2	8.23029162E+2	6.58922057E-7	1.89753065E+2	-3.46649745E+2	3.95186385E+2	-1.06995814E+0
5.74878498E+2	7.54027205E+2	6.37296059E-7	1.87906150E+2	-3.26155758E+2	3.76412423E+2	-1.04811777E+0
6.16423370E+2	6.92767576E+2	6.15087687E-7	1.86040362E+2	-3.07036958E+2	3.59002389E+2	-1.02603400E+0
6.60970574E+2	6.38430191E+2	5.92283584E-7	1.84192813E+2	-2.89252888E+2	3.42920156E+2	-1.00376500E+0
7.08737081E+2	5.90136353E+2	5.69188826E-7	1.82286014E+2	-2.72663537E+2	3.27984143E+2	-9.81499113E-1
7.59955541E+2	5.47203713E+2	5.45780216E-7	1.80379802E+2	-2.57230662E+2	3.14172707E+2	-9.59240272E-1
8.14875417E+2	5.08773576E+2	5.22305875E-7	1.78445187E+2	-2.42786941E+2	3.01310783E+2	-9.36973135E-1
8.73764200E+2	4.74636904E+2	4.98823015E-7	1.76476220E+2	-2.29386719E+2	2.89416870E+2	-9.15032516E-1
9.36908711E+2	4.44014093E+2	4.75479742E-7	1.74493713E+2	-2.16863105E+2	2.78348099E+2	-8.93240956E-1
1.00461650E+3	4.16520331E+2	4.52439123E-7	1.72472971E+2	-2.05162294E+2	2.68027042E+2	-8.71746129E-1
1.07721735E+3	3.91867589E+2	4.29705214E-7	1.70456380E+2	-1.94270298E+2	2.58449856E+2	-8.50598123E-1
1.15506485E+3	3.69597507E+2	4.07495599E-7	1.68400869E+2	-1.84069783E+2	2.49480539E+2	-8.29823426E-1
1.23853818E+3	3.49476807E+2	3.85854782E-7	1.66323125E+2	-1.74535641E+2	2.41093494E+2	-8.09487111E-1
1.32804389E+3	3.31225072E+2	3.64850833E-7	1.64227995E+2	-1.65606743E+2	2.33230419E+2	-7.89578257E-1
1.42401793E+3	3.14655355E+2	3.44541499E-7	1.62118179E+2	-1.57254723E+2	2.25856930E+2	-7.70171197E-1
1.52692775E+3	2.99573149E+2	3.24978235E-7	1.59994998E+2	-1.49438296E+2	2.18929680E+2	-7.51295147E-1
1.63727458E+3	2.85711510E+2	3.06203008E-7	1.57852941E+2	-1.42066357E+2	2.12368552E+2	-7.32810587E-1
1.75559587E+3	2.73036381E+2	2.88203040E-7	1.55714956E+2	-1.35161753E+2	2.06193714E+2	-7.14855904E-1
1.88246790E+3	2.61354810E+2	2.70994529E-7	1.53577910E+2	-1.28655161E+2	2.00345515E+2	-6.97321072E-1
2.01850863E+3	2.50572747E+2	2.54580322E-7	1.51445275E+2	-1.22525045E+2	1.94802614E+2	-6.80227917E-1
2.16438064E+3	2.40575992E+2	2.38919352E-7	1.49334235E+2	-1.16728391E+2	1.89542163E+2	-6.63456683E-1
2.32079442E+3	2.31318758E+2	2.24049337E-7	1.47229938E+2	-1.11267206E+2	1.84545513E+2	-6.47163093E-1
2.48851178E+3	2.22697482E+2	2.09915252E-7	1.45149176E+2	-1.06094639E+2	1.79789755E+2	-6.31187559E-1
2.66834962E+3	2.14667976E+2	1.96484069E-7	1.43104909E+2	-1.01197953E+2	1.75271335E+2	-6.15514658E-1
2.86118383E+3	2.07171747E+2	1.83757418E-7	1.41088258E+2	-9.65588094E+1	1.70966373E+2	-6.00169632E-1
3.06795364E+3	2.00153381E+2	1.71693842E-7	1.39108789E+2	-9.21511736E+1	1.66862501E+2	-5.85070479E-1
3.28966612E+3	1.93592532E+2	1.60269111E-7	1.37174897E+2	-8.79720582E+1	1.62960227E+2	-5.70244179E-1
3.52740116E+3	1.87432367E+2	1.49469777E-7	1.35277835E+2	-8.39961420E+1	1.59233931E+2	-5.55656951E-1
3.78231664E+3	1.81661474E+2	1.39254455E-7	1.33434704E+2	-8.02192277E+1	1.55691827E+2	-5.41291936E-1
4.05565415E+3	1.76236496E+2	1.29627266E-7	1.31628255E+2	-7.66270503E+1	1.52307920E+2	-5.27189176E-1
4.34874501E+3	1.71130555E+2	1.20548120E-7	1.29867303E+2	-7.32034635E+1	1.49078045E+2	-5.13284581E-1
4.66301673E+3	1.66340819E+2	1.11969969E-7	1.28173428E+2	-6.99431569E+1	1.46015317E+2	-4.99529366E-1
5.00000000E+3	1.61840097E+2	1.03903274E-7	1.26528406E+2	-6.68425906E+1	1.43099159E+2	-4.86015833E-1
5.36133611E+3	1.57595191E+2	9.63267731E-8	1.24925987E+2	-6.38845238E+1	1.40312988E+2	-4.72709298E-1
5.74878498E+3	1.53599208E+2	8.92162930E-8	1.23372181E+2	-6.10669633E+1	1.37658524E+2	-4.59624859E-1
6.16423370E+3	1.49840043E+2	8.25411055E-8	1.21874297E+2	-5.83806944E+1	1.35135672E+2	-4.46726309E-1
6.60970574E+3	1.46289960E+2	7.62974548E-8	1.20416273E+2	-5.58176751E+1	1.32724119E+2	-4.34055992E-1
7.08737081E+3	1.42955037E+2	7.04521313E-8	1.19015269E+2	-5.33778770E+1	1.30437081E+2	-4.21602532E-1
7.59955541E+3	1.39787787E+2	6.49901833E-8	1.17648806E+2	-5.10355224E+1	1.28241437E+2	-4.09296865E-1
8.14875417E+3	1.36815078E+2	5.99000044E-8	1.16333291E+2	-4.88130463E+1	1.26159218E+2	-3.97284980E-1
8.73764200E+3	1.34002865E+2	5.51521524E-8	1.15060747E+2	-4.66850528E+1	1.24171131E+2	-3.85447115E-1
9.36908711E+3	1.31345727E+2	5.07235875E-8	1.13835777E+2	-4.46459252E+1	1.22277729E+2	-3.73760656E-1
1.00461650E+4	1.28836480E+2	4.66116333E-8	1.12649821E+2	-4.27015711E+1	1.20471600E+2	-3.62329475E-1
1.07721735E+4	1.26464445E+2	4.27874770E-8	1.11507565E+2	-4.08387704E+1	1.18750757E+2	-3.51070536E-1
1.15506485E+4	1.24221470E+2	3.92374885E-8	1.10406135E+2	-3.90550598E+1	1.17110257E+2	-3.40002723E-1
1.23853818E+4	1.22103982E+2	3.59483394E-8	1.09345558E+2	-3.73507279E+1	1.15548812E+2	-3.29157969E-1
1.32804389E+4	1.20089775E+2	3.28981390E-8	1.08318048E+2	-3.57084074E+1	1.14052137E+2	-3.18443248E-1
1.42401793E+4	1.18186672E+2	3.00769083E-8	1.07329580E+2	-3.41363001E+1	1.12627376E+2	-3.07934153E-1
1.52692775E+4	1.16385759E+2	2.74673949E-8	1.06379130E+2	-3.26266210E+1	1.11270013E+2	-2.97593412E-1
1.63727458E+4	1.14684436E+2	2.50578389E-8	1.05466894E+2	-3.11792480E+1	1.09979140E+2	-2.87443426E-1
1.75559587E+4	1.13069426E+2	2.28339160E-8	1.04586681E+2	-2.97856023E+1	1.08745372E+2	-2.77448118E-1
1.88246790E+4	1.11547844E+2	2.07807227E-8	1.03748795E+2	-2.84454193E+1	1.07577667E+2	-2.67599890E-1
2.01850863E+4	1.10103885E+2	1.88926876E-8	1.02939239E+2	-2.71573771E+1	1.06461308E+2	-2.57942354E-1
2.16438064E+4	1.08741086E+2	1.71565795E-8	1.02164851E+2	-2.59202621E+1	1.05401693E+2	-2.48467531E-1
2.32079442E+4	1.07456546E+2	1.55619090E-8	1.01425773E+2	-2.47320775E+1	1.04397621E+2	-2.39176549E-1
2.48851178E+4	1.06232995E+2	1.40960401E-8	1.00711805E+2	-2.35806887E+1	1.03435568E+2	-2.29997066E-1
2.66834962E+4	1.05086042E+2	1.27526225E-8	1.00036048E+2	-2.24762397E+1	1.02529958E+2	-2.21011179E-1
2.86118383E+4	1.03997774E+2	1.15235350E-8	9.93847005E+1	-2.14118864E+1	1.01665076E+2	-2.12200975E-1
3.06795364E+4	1.02971550E+2	1.03983544E-8	9.87640883E+1	-2.03849470E+1	1.00845879E+2	-2.03542143E-1
3.28966612E+4	1.02009572E+2	9.37050911E-9	9.81770752E+1	-1.93975061E+1	1.00074979E+2	-1.95064415E-1
3.52740116E+4	1.01098437E+2	8.43293417E-9	9.76132610E+1	-1.84444917E+1	9.93405661E+1	-1.86752945E-1
3.78231664E+4	1.00233484E+2	7.57742649E-9	9.70709583E+1	-1.75211103E+1	9.86395474E+1	-1.78575232E-1
4.05565415E+4	9.94228690E+1	6.80037885E-9	9.65566934E+1	-1.66357567E+1	9.79793013E+1	-1.70615030E-1
4.34874501E+4	9.86583905E+1	6.09239489E-9	9.60671557E+1	-1.57775951E+1	9.73541522E+1	-1.62781862E-1
4.66301673E+4	9.79366666E+1	5.44966813E-9	9.55990244E+1	-1.49491217E+1	9.67607863E+1	-1.55116965E-1
5.00000000E+4	9.72596123E+1	4.86607512E-9	9.51560331E+1	-1.41480812E+1	9.62020732E+1	-1.47601646E-1
5.36133611E+4	9.66119472E+1	4.33808831E-9	9.47238528E+1	-1.33733891E+1	9.56632420E+1	-1.40255922E-1
5.74878498E+4	9.60082591E+1	3.85797990E-9	9.43199473E+1	-1.26190902E+1	9.51603591E+1	-1.33000449E-1
6.16423370E+4	9.54325235E+1	3.42469048E-9	9.39274898E+1	-1.18896591E+1	9.46770161E+1	-1.25913711E-1
6.60970574E+4	9.48896889E+1	3.03229015E-9	9.35538161E+1	-1.11792658E+1	9.42193850E+1	-1.18931618E-1
7.08737081E+4	9.43774721E+1	2.67802096E-9	9.31968898E+1	-1.04893544E+1	9.37853233E+1	-1.12078808E-1
7.59955541E+4	9.38955760E+1	2.35734567E-9	9.28583013E+1	-9.81425164E+0	9.33754984E+1	-1.05299700E-1
8.14875417E+4	9.34337101E+1	2.06830858E-9	9.25278675E+1	-9.15508891E+0	9.29796857E+1	-9.86231228E-2
8.73764200E+4	9.29949048E+1	1.80626850E-9	9.22107301E+1	-8.50348650E+0	9.26019874E+1	-9.19578865E-2
9.36908711E+4	9.25799686E+1	1.57193523E-9	9.19054419E+1	-7.87354006E+0	9.22420887E+1	-8.54613404E-2
1.00461650E+5	9.21866016E+1	1.35923457E-9	9.16134831E+1	-7.24605773E+0	9.18995955E+1	-7.89294751E-2
1.07721735E+5	9.18106805E+1	1.16771480E-9	9.13297973E+1	-6.62713269E+0	9.15699232E+1	-7.24357033E-2
1.15506485E+5	9.14535292E+1	9.95127882E-10	9.10562997E+1	-6.01416854E+0	9.12546983E+1	-6.59531068E-2
1.23853818E+5	9.11123844E+1	8.39596877E-10	9.07906359E+1	-5.40478673E+0	9.09513679E+1	-5.94600485E-2
1.32804389E+5	9.07881849E+1	7.00061774E-10	9.05335384E+1	-4.80139289E+0	9.06607722E+1	-5.29847854E-2
1.42401793E+5	9.04764975E+1	5.73576667E-10	9.02818510E+1	-4.19201691E+0	9.03791218E+1	-4.63992282E-2
1.52692775E+5	9.01797910E+1	4.59585381E-10	9.00374363E+1	-3.58011448E+0	9.01085855E+1	-3.97415741E-2
1.63727458E+5	8.98897703E+1	3.57143948E-10	8.97918330E+1	-2.96545825E+0	8.98407883E+1	-3.30139236E-2
1.75559587E+5	8.96213049E+1	2.64511939E-10	8.95600645E+1	-2.34193777E+0	8.95906795E+1	-2.61433957E-2
1.88246790E+5	8.93647333E+1	1.81489856E-10	8.93283653E+1	-1.71360754E+0	8.93465468E+1	-1.91806140E-2
2.01850863E+5	8.91075616E+1	1.06361409E-10	8.90946884E+1	-1.07092986E+0	8.91011248E+1	-1.20195512E-2
2.16438064E+5	8.88629998E+1	3.90034541E-11	8.88610253E+1	-4.18840557E-1	8.88620125E+1	-4.71339961E-3
2.32079442E+5	8.86348638E+1	-2.23909473E-11	8.86341209E+1	2.56503944E-1	8.86344924E+1	2.89395740E-3
2.48851178E+5	8.84132919E+1	-7.75154069E-11	8.84031402E+1	9.47311277E-1	8.84082159E+1	1.07154019E-2
2.66834962E+5	8.81988813E+1	-1.27428063E-10	8.81675738E+1	1.66134559E+0	8.81832261E+1	1.88408081E-2
2.86118383E+5	8.79885475E+1	-1.72267574E-10	8.79232617E+1	2.39584725E+0	8.79558985E+1	2.72425569E-2
3.06795364E+5	8.77876245E+1	-2.12968672E-10	8.76737498E+1	3.15971030E+0	8.77306687E+1	3.60238198E-2
3.28966612E+5	8.75969544E+1	-2.49770023E-10	8.74181705E+1	3.95332554E+0	8.75075168E+1	4.51923717E-2
3.52740116E+5	8.74092754E+1	-2.83259231E-10	8.71468498E+1	4.78220246E+0	8.72779640E+1	5.48202388E-2
3.78231664E+5	8.72402222E+1	-3.13382028E-10	8.68734921E+1	5.64437522E+0	8.70566640E+1	6.48811586E-2
4.05565415E+5	8.70710521E+1	-3.40605894E-10	8.65765864E+1	6.54285399E+0	8.68234673E+1	7.54296328E-2
4.34874501E+5	8.68919291E+1	-3.66268362E-10	8.62397682E+1	7.49946138E+0	8.65652345E+1	8.67423944E-2
4.66301673E+5	8.67479385E+1	-3.89050769E-10	8.59079767E+1	8.49465396E+0	8.63269360E+1	9.85604706E-2
5.00000000E+5	8.65889831E+1	-4.10201454E-10	8.55240826E+1	9.54328943E+0	8.60548856E+1	1.11126286E-1
