Start time:20240908_05-17-33	sweep/start:500.000	sweep/stop:500000.000	sweep/samplecount:100.000	sweep/xmapping:1.000	sweep/scan:0.000	sweep/averaging/sample:10.000	sweep/settling/time:0.100	sweep/settling/inaccuracy:0.010	sweep/awgcontrol:0.000	sweep/averaging/time:0.100	sweep/averaging/tc:15.000	sweep/bandwidthcontrol:2.000	sweep/sincfilter:0.000	sweep/omegasuppression:80.000	sweep/maxbandwidth:100.000	sweep/bandwidth:1250000.000	sweep/order:8.000	sweep/bandwidthoverlap:1.000																				
Frequency	Param0		Param1		RealZ		ImagZ		AbsZ		PhaseZ		
5.00000000E+2	9.61287887E+2	7.80914812E-7	1.46497993E+2	-3.45492504E+2	3.75268883E+2	-1.16975049E+0
5.36133611E+2	8.66750952E+2	7.62811088E-7	1.45414997E+2	-3.23871961E+2	3.55019114E+2	-1.14878335E+0
5.74878498E+2	7.83464113E+2	7.43757411E-7	1.44281952E+2	-3.03681470E+2	3.36213800E+2	-1.12725866E+0
6.16423370E+2	7.10104457E+2	7.23619573E-7	1.43143122E+2	-2.84879967E+2	3.18820565E+2	-1.10517611E+0
6.60970574E+2	6.45282241E+2	7.02442258E-7	1.42020052E+2	-2.67344927E+2	3.02725962E+2	-1.08248262E+0
7.08737081E+2	5.88015943E+2	6.80289377E-7	1.40903352E+2	-2.50997310E+2	2.87842678E+2	-1.05926268E+0
7.59955541E+2	5.37420507E+2	6.57380295E-7	1.39743730E+2	-2.35738896E+2	2.74045871E+2	-1.03569495E+0
8.14875417E+2	4.92608530E+2	6.33605828E-7	1.38615177E+2	-2.21514869E+2	2.61310177E+2	-1.01165057E+0
8.73764200E+2	4.53016299E+2	6.09164562E-7	1.37472212E+2	-2.08275140E+2	2.49553894E+2	-9.87387788E-1
9.36908711E+2	4.17911901E+2	5.84299371E-7	1.36291661E+2	-1.95914484E+2	2.38658550E+2	-9.62982903E-1
1.00461650E+3	3.86661346E+2	5.58921712E-7	1.35153585E+2	-1.84369660E+2	2.28601541E+2	-9.38226803E-1
1.07721735E+3	3.58950621E+2	5.33413569E-7	1.33964899E+2	-1.73609291E+2	2.19286984E+2	-9.13585155E-1
1.15506485E+3	3.34262271E+2	5.07797391E-7	1.32775589E+2	-1.63561945E+2	2.10670045E+2	-8.88916300E-1
1.23853818E+3	3.12235592E+2	4.82209102E-7	1.31588304E+2	-1.54178688E+2	2.02698176E+2	-8.64285867E-1
1.32804389E+3	2.92585604E+2	4.56843721E-7	1.30384836E+2	-1.45425303E+2	1.95316986E+2	-8.39876166E-1
1.42401793E+3	2.74963114E+2	4.31819063E-7	1.29175077E+2	-1.37230388E+2	1.88463208E+2	-8.15625986E-1
1.52692775E+3	2.59164253E+2	4.07256729E-7	1.27958546E+2	-1.29571950E+2	1.82105135E+2	-7.91662995E-1
1.63727458E+3	2.44946426E+2	3.83250548E-7	1.26742370E+2	-1.22398782E+2	1.76196170E+2	-7.67965684E-1
1.75559587E+3	2.32129017E+2	3.59952161E-7	1.25509877E+2	-1.15679534E+2	1.70688266E+2	-7.44662941E-1
1.88246790E+3	2.20563053E+2	3.37351677E-7	1.24292796E+2	-1.09387837E+2	1.65572940E+2	-7.21700991E-1
2.01850863E+3	2.10093905E+2	3.15577952E-7	1.23072957E+2	-1.03488767E+2	1.60800740E+2	-6.99171641E-1
2.16438064E+3	2.00588688E+2	2.94660034E-7	1.21858841E+2	-9.79485963E+1	1.56344188E+2	-6.77046048E-1
2.32079442E+3	1.91932890E+2	2.74645680E-7	1.20647992E+2	-9.27382312E+1	1.52172001E+2	-6.55341864E-1
2.48851178E+3	1.84050993E+2	2.55519716E-7	1.19458566E+2	-8.78414387E+1	1.48278345E+2	-6.34045854E-1
2.66834962E+3	1.76858245E+2	2.37341235E-7	1.18278450E+2	-8.32389763E+1	1.44632358E+2	-6.13241235E-1
2.86118383E+3	1.70255036E+2	2.20088503E-7	1.17111921E+2	-7.88903809E+1	1.41205150E+2	-5.92809525E-1
3.06795364E+3	1.64215819E+2	2.03783386E-7	1.15961305E+2	-7.48041189E+1	1.37995219E+2	-5.72907527E-1
3.28966612E+3	1.58668090E+2	1.88384642E-7	1.14834580E+2	-7.09478861E+1	1.34983641E+2	-5.53424455E-1
3.52740116E+3	1.53572971E+2	1.73867069E-7	1.13739714E+2	-6.73099034E+1	1.32164087E+2	-5.34360069E-1
3.78231664E+3	1.48878503E+2	1.60252479E-7	1.12660741E+2	-6.38773803E+1	1.29509700E+2	-5.15792824E-1
4.05565415E+3	1.44539140E+2	1.47495522E-7	1.11602219E+2	-6.06286521E+1	1.27007436E+2	-4.97651268E-1
4.34874501E+3	1.40530750E+2	1.35550757E-7	1.10574403E+2	-5.75534979E+1	1.24655942E+2	-4.79909381E-1
4.66301673E+3	1.36830045E+2	1.24406865E-7	1.09574503E+2	-5.46489931E+1	1.22446250E+2	-4.62637682E-1
5.00000000E+3	1.33415765E+2	1.14015217E-7	1.08612004E+2	-5.19036224E+1	1.20376715E+2	-4.45796414E-1
5.36133611E+3	1.30244783E+2	1.04357519E-7	1.07672359E+2	-4.92993513E+1	1.18421970E+2	-4.29374773E-1
5.74878498E+3	1.27305126E+2	9.54067953E-8	1.06757539E+2	-4.68359876E+1	1.16579509E+2	-4.13428643E-1
6.16423370E+3	1.24581506E+2	8.71144341E-8	1.05874778E+2	-4.45036021E+1	1.14847896E+2	-3.97918565E-1
6.60970574E+3	1.22053904E+2	7.94447398E-8	1.05022853E+2	-4.22924287E+1	1.13218591E+2	-3.82829548E-1
7.08737081E+3	1.19703931E+2	7.23664710E-8	1.04198522E+2	-4.01950330E+1	1.11682464E+2	-3.68165645E-1
7.59955541E+3	1.17512434E+2	6.58540976E-8	1.03394624E+2	-3.82060938E+1	1.10227737E+2	-3.53955204E-1
8.14875417E+3	1.15476064E+2	5.98546006E-8	1.02624072E+2	-3.63169890E+1	1.08860571E+2	-3.40130511E-1
8.73764200E+3	1.13583312E+2	5.43462704E-8	1.01882491E+2	-3.45269281E+1	1.07573931E+2	-3.26742933E-1
9.36908711E+3	1.11813337E+2	4.92920445E-8	1.01164031E+2	-3.28226552E+1	1.06355479E+2	-3.13734231E-1
1.00461650E+4	1.10159484E+2	4.46660045E-8	1.00468085E+2	-3.12037864E+1	1.05202245E+2	-3.01138442E-1
1.07721735E+4	1.08620743E+2	4.04307811E-8	9.98029554E+1	-2.96654889E+1	1.04118544E+2	-2.88923302E-1
1.15506485E+4	1.07182935E+2	3.65628901E-8	9.91615709E+1	-2.82030315E+1	1.03094268E+2	-2.77097959E-1
1.23853818E+4	1.05836955E+2	3.30302190E-8	9.85439560E+1	-2.68082245E+1	1.02125375E+2	-2.65615330E-1
1.32804389E+4	1.04573850E+2	2.98095631E-8	9.79466272E+1	-2.54777159E+1	1.01206007E+2	-2.54478918E-1
1.42401793E+4	1.03395920E+2	2.68790302E-8	9.73748787E+1	-2.42135936E+1	1.00340247E+2	-2.43720536E-1
1.52692775E+4	1.02288223E+2	2.42135949E-8	9.68213647E+1	-2.30067071E+1	9.95172615E+1	-2.33293529E-1
1.63727458E+4	1.01251883E+2	2.17843826E-8	9.62939716E+1	-2.18498694E+1	9.87418144E+1	-2.23129730E-1
1.75559587E+4	1.00279868E+2	1.95809470E-8	9.57861429E+1	-2.07469632E+1	9.80072534E+1	-2.13301820E-1
1.88246790E+4	9.93749984E+1	1.75816814E-8	9.53048962E+1	-1.96951913E+1	9.73186719E+1	-2.03785908E-1
2.01850863E+4	9.85190018E+1	1.57680682E-8	9.48377195E+1	-1.86848697E+1	9.66608372E+1	-1.94527952E-1
2.16438064E+4	9.77240496E+1	1.41300319E-8	9.43954069E+1	-1.77259275E+1	9.60453092E+1	-1.85622090E-1
2.32079442E+4	9.69715417E+1	1.26424492E-8	9.39684656E+1	-1.67986423E+1	9.54581949E+1	-1.76900251E-1
2.48851178E+4	9.62708011E+1	1.13016188E-8	9.35630172E+1	-1.59169190E+1	9.49072527E+1	-1.68506564E-1
2.66834962E+4	9.56136048E+1	1.00865830E-8	9.31775659E+1	-1.50659915E+1	9.43877267E+1	-1.60303802E-1
2.86118383E+4	9.49919494E+1	8.99134076E-9	9.28039837E+1	-1.42496273E+1	9.38915935E+1	-1.52355541E-1
3.06795364E+4	9.44143040E+1	8.00268257E-9	9.24530870E+1	-1.34655301E+1	9.34285495E+1	-1.44630204E-1
3.28966612E+4	9.38721717E+1	7.11089643E-9	9.21185616E+1	-1.27098391E+1	9.29912331E+1	-1.37106982E-1
3.52740116E+4	9.33690615E+1	6.31097836E-9	9.18032940E+1	-1.19892676E+1	9.25828678E+1	-1.29862391E-1
3.78231664E+4	9.28938734E+1	5.59081567E-9	9.15000066E+1	-1.12933068E+1	9.21943059E+1	-1.22803047E-1
4.05565415E+4	9.24516739E+1	4.94116077E-9	9.12156170E+1	-1.06182692E+1	9.18315658E+1	-1.15886878E-1
4.34874501E+4	9.20350453E+1	4.36070073E-9	9.09414199E+1	-9.97275298E+0	9.14865985E+1	-1.09224848E-1
4.66301673E+4	9.16487814E+1	3.83921779E-9	9.06850226E+1	-9.34871370E+0	9.11656284E+1	-1.02727054E-1
5.00000000E+4	9.12827266E+1	3.37150897E-9	9.04373047E+1	-8.74400529E+0	9.08590323E+1	-9.63862237E-2
5.36133611E+4	9.09399392E+1	2.95228420E-9	9.02021227E+1	-8.15797704E+0	9.05702796E+1	-9.01956891E-2
5.74878498E+4	9.06235726E+1	2.57715894E-9	8.99831916E+1	-7.59101285E+0	9.03028145E+1	-8.41610692E-2
6.16423370E+4	9.03199240E+1	2.24082700E-9	8.97683227E+1	-7.03677944E+0	9.00437010E+1	-7.82282585E-2
6.60970574E+4	9.00380922E+1	1.94130179E-9	8.95661303E+1	-6.50167346E+0	8.98018012E+1	-7.24636568E-2
7.08737081E+4	8.97714009E+1	1.67377695E-9	8.93712723E+1	-5.97996372E+0	8.95711132E+1	-6.68118856E-2
7.59955541E+4	8.95229719E+1	1.43371035E-9	8.91879795E+1	-5.46600819E+0	8.93553187E+1	-6.12098199E-2
8.14875417E+4	8.92842818E+1	1.22046270E-9	8.90072261E+1	-4.96587613E+0	8.91456463E+1	-5.57340500E-2
8.73764200E+4	8.90593145E+1	1.02939567E-9	8.88342779E+1	-4.47112048E+0	8.89467251E+1	-5.02885922E-2
9.36908711E+4	8.88519250E+1	8.58132302E-10	8.86732802E+1	-3.98007257E+0	8.87625576E+1	-4.48545838E-2
1.00461650E+5	8.86537721E+1	7.06719230E-10	8.85153300E+1	-3.50060263E+0	8.85845240E+1	-3.95273816E-2
1.07721735E+5	8.84558946E+1	5.70704813E-10	8.83527458E+1	-3.01885030E+0	8.84043052E+1	-3.41548672E-2
1.15506485E+5	8.82755530E+1	4.48800847E-10	8.82026332E+1	-2.53607403E+0	8.82390856E+1	-2.87448949E-2
1.23853818E+5	8.81088047E+1	3.40495064E-10	8.80608066E+1	-2.05590026E+0	8.80848024E+1	-2.33421310E-2
1.32804389E+5	8.79411135E+1	2.43783459E-10	8.79129748E+1	-1.57268339E+0	8.79270430E+1	-1.78871883E-2
1.42401793E+5	8.77829729E+1	1.57581587E-10	8.77695273E+1	-1.08631273E+0	8.77762499E+1	-1.23762456E-2
1.52692775E+5	8.76326487E+1	8.01112558E-11	8.76286730E+1	-5.90206370E-1	8.76306608E+1	-6.73521057E-3
1.63727458E+5	8.74865094E+1	1.08691253E-11	8.74864252E+1	-8.55810335E-2	8.74864673E+1	-9.78220647E-4
1.75559587E+5	8.73493630E+1	-5.10125327E-11	8.73472523E+1	4.29329049E-1	8.73483076E+1	4.91515862E-3
1.88246790E+5	8.72223135E+1	-1.07376177E-10	8.72047048E+1	9.65767709E-1	8.72135083E+1	1.10752442E-2
2.01850863E+5	8.70861518E+1	-1.55940639E-10	8.70603253E+1	1.49947476E+0	8.70732376E+1	1.72216969E-2
2.16438064E+5	8.69646824E+1	-2.00332531E-10	8.69158937E+1	2.05924068E+0	8.69402847E+1	2.36879055E-2
2.32079442E+5	8.68449253E+1	-2.40483985E-10	8.67644544E+1	2.64234182E+0	8.68046805E+1	3.04447871E-2
2.48851178E+5	8.67292653E+1	-2.76109175E-10	8.66078448E+1	3.24282370E+0	8.66685338E+1	3.74251250E-2
2.66834962E+5	8.66216212E+1	-3.08505535E-10	8.64480864E+1	3.87317456E+0	8.65348103E+1	4.47735394E-2
2.86118383E+5	8.65143674E+1	-3.37514407E-10	8.62766252E+1	4.52896895E+0	8.63954145E+1	5.24454423E-2
3.06795364E+5	8.64205544E+1	-3.63683202E-10	8.61044981E+1	5.21668695E+0	8.62623815E+1	6.05115684E-2
3.28966612E+5	8.63215859E+1	-3.87003070E-10	8.59119600E+1	5.93224562E+0	8.61165294E+1	6.89408590E-2
3.52740116E+5	8.62358051E+1	-4.08502638E-10	8.57133061E+1	6.69214650E+0	8.59741587E+1	7.79178666E-2
3.78231664E+5	8.61437065E+1	-4.27845458E-10	8.54878585E+1	7.48777199E+0	8.58151560E+1	8.73657613E-2
4.05565415E+5	8.60745702E+1	-4.45135221E-10	8.52617926E+1	8.32457551E+0	8.56672175E+1	9.73269884E-2
4.34874501E+5	8.59864612E+1	-4.61547838E-10	8.49870705E+1	9.21602173E+0	8.54853054E+1	1.08018189E-1
4.66301673E+5	8.59265541E+1	-4.76473942E-10	8.47077031E+1	1.01609965E+1	8.53149520E+1	1.19383212E-1
NaN	NaN	NaN	NaN	NaN	NaN	NaN
