Start time:20240908_05-59-16	sweep/start:500.000	sweep/stop:500000.000	sweep/samplecount:100.000	sweep/xmapping:1.000	sweep/scan:0.000	sweep/averaging/sample:10.000	sweep/settling/time:0.100	sweep/settling/inaccuracy:0.010	sweep/awgcontrol:0.000	sweep/averaging/time:0.100	sweep/averaging/tc:15.000	sweep/bandwidthcontrol:2.000	sweep/sincfilter:0.000	sweep/omegasuppression:80.000	sweep/maxbandwidth:100.000	sweep/bandwidth:1250000.000	sweep/order:8.000	sweep/bandwidthoverlap:1.000																				
Frequency	Param0		Param1		RealZ		ImagZ		AbsZ		PhaseZ		
5.00000000E+2	9.62268315E+2	7.82663848E-7	1.45839656E+2	-3.45061804E+2	3.74615613E+2	-1.17091958E+0
5.36133611E+2	8.67282832E+2	7.64755084E-7	1.44740842E+2	-3.23390346E+2	3.54303868E+2	-1.14996239E+0
5.74878498E+2	7.83830331E+2	7.45769841E-7	1.43604382E+2	-3.03214818E+2	3.35501787E+2	-1.12848590E+0
6.16423370E+2	7.10250496E+2	7.25694552E-7	1.42472194E+2	-2.84416250E+2	3.18105223E+2	-1.10640623E+0
6.60970574E+2	6.45130864E+2	7.04516614E-7	1.41386560E+2	-2.66875739E+2	3.02014606E+2	-1.08360623E+0
7.08737081E+2	5.87892576E+2	6.82427142E-7	1.40247534E+2	-2.50561572E+2	2.87141907E+2	-1.06051142E+0
7.59955541E+2	5.37050620E+2	6.59453326E-7	1.39139739E+2	-2.35298107E+2	2.73358868E+2	-1.03677335E+0
8.14875417E+2	4.92238092E+2	6.35674587E-7	1.38012333E+2	-2.21105212E+2	2.60643283E+2	-1.01277752E+0
8.73764200E+2	4.52498394E+2	6.11227098E-7	1.36887658E+2	-2.07853802E+2	2.48880367E+2	-9.88415452E-1
9.36908711E+2	4.17324393E+2	5.86259461E-7	1.35744047E+2	-1.95506649E+2	2.38011130E+2	-9.63893067E-1
1.00461650E+3	3.86051445E+2	5.60902809E-7	1.34596597E+2	-1.83970006E+2	2.27950013E+2	-9.39160932E-1
1.07721735E+3	3.58276099E+2	5.35306581E-7	1.33434748E+2	-1.73209835E+2	2.18646929E+2	-9.14388672E-1
1.15506485E+3	3.33558265E+2	5.09592369E-7	1.32269154E+2	-1.63169662E+2	2.10046348E+2	-8.89611157E-1
1.23853818E+3	3.11547899E+2	4.83940744E-7	1.31088913E+2	-1.53805626E+2	2.02090263E+2	-8.64967084E-1
1.32804389E+3	2.91841296E+2	4.58494672E-7	1.29900296E+2	-1.45038554E+2	1.94705598E+2	-8.40403074E-1
1.42401793E+3	2.74236953E+2	4.33324650E-7	1.28719711E+2	-1.36861009E+2	1.87882145E+2	-8.16043268E-1
1.52692775E+3	2.58430649E+2	4.08637508E-7	1.27525274E+2	-1.29204267E+2	1.81539083E+2	-7.91937997E-1
1.63727458E+3	2.44223301E+2	3.84544749E-7	1.26317629E+2	-1.22039192E+2	1.75640849E+2	-7.68172893E-1
1.75559587E+3	2.31433733E+2	3.61137535E-7	1.25100839E+2	-1.15335743E+2	1.70154500E+2	-7.44806455E-1
1.88246790E+3	2.19860085E+2	3.38433603E-7	1.23895602E+2	-1.09039337E+2	1.65044532E+2	-7.21705825E-1
2.01850863E+3	2.09416887E+2	3.16517045E-7	1.22702403E+2	-1.03150739E+2	1.60299579E+2	-6.99045400E-1
2.16438064E+3	1.99929588E+2	2.95501563E-7	1.21500321E+2	-9.76175230E+1	1.55857336E+2	-6.76831510E-1
2.32079442E+3	1.91293815E+2	2.75383740E-7	1.20304457E+2	-9.24139376E+1	1.51702005E+2	-6.55027089E-1
2.48851178E+3	1.83440268E+2	2.56174368E-7	1.19126090E+2	-8.75299737E+1	1.47825985E+2	-6.33680792E-1
2.66834962E+3	1.76257268E+2	2.37898892E-7	1.17959040E+2	-8.29264898E+1	1.44191325E+2	-6.12743836E-1
2.86118383E+3	1.69690541E+2	2.20566582E-7	1.16807478E+2	-7.85947644E+1	1.40787514E+2	-5.92276194E-1
3.06795364E+3	1.63673563E+2	2.04187704E-7	1.15668372E+2	-7.45163206E+1	1.37593076E+2	-5.72303912E-1
3.28966612E+3	1.58158745E+2	1.88712008E-7	1.14559426E+2	-7.06732818E+1	1.34605256E+2	-5.52763321E-1
3.52740116E+3	1.53082544E+2	1.74134691E-7	1.13474076E+2	-6.70412872E+1	1.31798711E+2	-5.33632577E-1
3.78231664E+3	1.48399319E+2	1.60458474E-7	1.12403976E+2	-6.36083290E+1	1.29153682E+2	-5.14961212E-1
4.05565415E+3	1.44086562E+2	1.47649179E-7	1.11358868E+2	-6.03698503E+1	1.26670109E+2	-4.96773050E-1
4.34874501E+3	1.40101512E+2	1.35662150E-7	1.10341692E+2	-5.73040033E+1	1.24334379E+2	-4.78993557E-1
4.66301673E+3	1.36423325E+2	1.24481178E-7	1.09352222E+2	-5.44085018E+1	1.22140058E+2	-4.61687916E-1
5.00000000E+3	1.33023387E+2	1.14044684E-7	1.08400585E+2	-5.16635857E+1	1.20082526E+2	-4.44751982E-1
5.36133611E+3	1.29881647E+2	1.04371374E-7	1.07470954E+2	-4.90764559E+1	1.18146115E+2	-4.28369094E-1
5.74878498E+3	1.26959026E+2	9.53973550E-8	1.06564080E+2	-4.66194012E+1	1.16315398E+2	-4.12391663E-1
6.16423370E+3	1.24249515E+2	8.70771599E-8	1.05690613E+2	-4.42888426E+1	1.14594971E+2	-3.96813661E-1
6.60970574E+3	1.21741526E+2	7.93967781E-8	1.04846423E+2	-4.20878971E+1	1.12978598E+2	-3.81733580E-1
7.08737081E+3	1.19410960E+2	7.23118486E-8	1.04029613E+2	-4.00014431E+1	1.11455264E+2	-3.67090538E-1
7.59955541E+3	1.17234462E+2	6.57758036E-8	1.03237990E+2	-3.80127291E+1	1.10013864E+2	-3.52800014E-1
8.14875417E+3	1.15215993E+2	5.97767641E-8	1.02473769E+2	-3.61350750E+1	1.08658258E+2	-3.39013708E-1
8.73764200E+3	1.13333742E+2	5.42586596E-8	1.01738252E+2	-3.43468308E+1	1.07379592E+2	-3.25585600E-1
9.36908711E+3	1.11573810E+2	4.92046532E-8	1.01022436E+2	-3.26485141E+1	1.06167123E+2	-3.12585637E-1
1.00461650E+4	1.09941648E+2	4.45786594E-8	1.00338645E+2	-3.10411390E+1	1.05030452E+2	-3.00025096E-1
1.07721735E+4	1.08417566E+2	4.03442785E-8	9.96809765E+1	-2.95105359E+1	1.03957534E+2	-2.87828854E-1
1.15506485E+4	1.06990026E+2	3.64733792E-8	9.90458751E+1	-2.80505850E+1	1.02941346E+2	-2.75981003E-1
1.23853818E+4	1.05654993E+2	3.29496732E-8	9.84307612E+1	-2.66662069E+1	1.01978926E+2	-2.64562927E-1
1.32804389E+4	1.04404218E+2	2.97330838E-8	9.78395170E+1	-2.53433835E+1	1.01068582E+2	-2.53459392E-1
1.42401793E+4	1.03235867E+2	2.68068095E-8	9.72719733E+1	-2.40856729E+1	1.00209563E+2	-2.42729537E-1
1.52692775E+4	1.02137574E+2	2.41413529E-8	9.67246936E+1	-2.28814146E+1	9.93942935E+1	-2.32291966E-1
1.63727458E+4	1.01109959E+2	2.17196337E-8	9.62000764E+1	-2.17331774E+1	9.86244684E+1	-2.22186540E-1
1.75559587E+4	1.00148142E+2	1.95174632E-8	9.56992690E+1	-2.06338042E+1	9.78984373E+1	-2.12359980E-1
1.88246790E+4	9.92475831E+1	1.75277267E-8	9.52165308E+1	-1.95913938E+1	9.72111647E+1	-2.02924213E-1
2.01850863E+4	9.83968170E+1	1.57141697E-8	9.47529800E+1	-1.85812892E+1	9.65577114E+1	-1.93645098E-1
2.16438064E+4	9.76068322E+1	1.40811661E-8	9.43120118E+1	-1.76278505E+1	9.59452798E+1	-1.84777848E-1
2.32079442E+4	9.68668467E+1	1.25956643E-8	9.38947228E+1	-1.67052873E+1	9.53692073E+1	-1.76072722E-1
2.48851178E+4	9.61685341E+1	1.12576037E-8	9.34896085E+1	-1.58256616E+1	9.48196108E+1	-1.67687598E-1
2.66834962E+4	9.55116261E+1	1.00473795E-8	9.31016065E+1	-1.49792068E+1	9.42989175E+1	-1.59523862E-1
2.86118383E+4	9.49011118E+1	8.95612026E-9	9.27359910E+1	-1.41698469E+1	9.38123054E+1	-1.51624964E-1
3.06795364E+4	9.43279293E+1	7.96904048E-9	9.23880885E+1	-1.33872378E+1	9.33529704E+1	-1.43900639E-1
3.28966612E+4	9.37923428E+1	7.08211524E-9	9.20570163E+1	-1.26391817E+1	9.29206286E+1	-1.36444239E-1
3.52740116E+4	9.32860460E+1	6.28384361E-9	9.17375824E+1	-1.19185677E+1	9.25085744E+1	-1.29196557E-1
3.78231664E+4	9.28165663E+1	5.56608359E-9	9.14382340E+1	-1.12264076E+1	9.21248225E+1	-1.22164473E-1
4.05565415E+4	9.23767434E+1	4.91854889E-9	9.11547736E+1	-1.05540666E+1	9.17637244E+1	-1.15268585E-1
4.34874501E+4	9.19609633E+1	4.34105237E-9	9.08796499E+1	-9.91308857E+0	9.14187078E+1	-1.08649744E-1
4.66301673E+4	9.15791379E+1	3.82040266E-9	9.06268631E+1	-9.28986658E+0	9.11017563E+1	-1.02149977E-1
5.00000000E+4	9.12141907E+1	3.35525508E-9	9.03786991E+1	-8.68968271E+0	9.07954839E+1	-9.58528221E-2
5.36133611E+4	9.08735517E+1	2.93723366E-9	9.01447682E+1	-8.10530623E+0	9.05084264E+1	-8.96731894E-2
5.74878498E+4	9.05596861E+1	2.56385357E-9	8.99271877E+1	-7.54180113E+0	9.02428827E+1	-8.36698432E-2
6.16423370E+4	9.02568726E+1	2.22912173E-9	8.97121219E+1	-6.99075647E+0	8.99840850E+1	-7.77671707E-2
6.60970574E+4	8.99803394E+1	1.93014910E-9	8.95146510E+1	-6.45646189E+0	8.97471931E+1	-7.20027438E-2
7.08737081E+4	8.97157974E+1	1.66354683E-9	8.93212553E+1	-5.93640884E+0	8.95183090E+1	-6.63637255E-2
7.59955541E+4	8.94695441E+1	1.42447857E-9	8.91394263E+1	-5.42461657E+0	8.93043327E+1	-6.07804544E-2
8.14875417E+4	8.92327648E+1	1.21199407E-9	8.89600006E+1	-4.92595814E+0	8.90962783E+1	-5.53162400E-2
8.73764200E+4	8.90118022E+1	1.02135599E-9	8.87906123E+1	-4.43165462E+0	8.89011385E+1	-4.98699130E-2
9.36908711E+4	8.88038787E+1	8.51253026E-10	8.86283659E+1	-3.94403239E+0	8.87160789E+1	-4.44714514E-2
1.00461650E+5	8.86048079E+1	6.99479278E-10	8.84694079E+1	-3.46103064E+0	8.85370820E+1	-3.91012740E-2
1.07721735E+5	8.84114955E+1	5.65134421E-10	8.83105001E+1	-2.98645568E+0	8.83609834E+1	-3.38047898E-2
1.15506485E+5	8.82314644E+1	4.44323191E-10	8.81600983E+1	-2.50830755E+0	8.81957741E+1	-2.84440586E-2
1.23853818E+5	8.80611231E+1	3.36135613E-10	8.80144214E+1	-2.02741115E+0	8.80377692E+1	-2.30309157E-2
1.32804389E+5	8.78979915E+1	2.39379280E-10	8.78708997E+1	-1.54277518E+0	8.78844445E+1	-1.75554940E-2
1.42401793E+5	8.77406885E+1	1.53261166E-10	8.77279883E+1	-1.05552038E+0	8.77343382E+1	-1.20311603E-2
1.52692775E+5	8.75922307E+1	7.62983207E-11	8.75886292E+1	-5.61599503E-1	8.75904299E+1	-6.41169717E-3
1.63727458E+5	8.74457128E+1	7.81376365E-12	8.74456691E+1	-6.14663843E-2	8.74456909E+1	-7.02909963E-4
1.75559587E+5	8.73091898E+1	-5.39380595E-11	8.73068333E+1	4.53532135E-1	8.73080115E+1	5.19464477E-3
1.88246790E+5	8.71692239E+1	-1.11706186E-10	8.71499247E+1	1.00350938E+0	8.71595732E+1	1.15149689E-2
2.01850863E+5	8.70481174E+1	-1.58565527E-10	8.70214494E+1	1.52336832E+0	8.70347824E+1	1.75038775E-2
2.16438064E+5	8.69290817E+1	-2.02490575E-10	8.68792980E+1	2.07969532E+0	8.69041863E+1	2.39331840E-2
2.32079442E+5	8.68089796E+1	-2.42505374E-10	8.67272527E+1	2.66230724E+0	8.67681065E+1	3.06878320E-2
2.48851178E+5	8.66974855E+1	-2.78320437E-10	8.65742509E+1	3.26632889E+0	8.66358463E+1	3.77107552E-2
2.66834962E+5	8.65977925E+1	-3.09946657E-10	8.64227795E+1	3.88905918E+0	8.65102417E+1	4.49700577E-2
2.86118383E+5	8.64859851E+1	-3.39125779E-10	8.62462092E+1	4.54749393E+0	8.63660139E+1	5.26781069E-2
3.06795364E+5	8.63841669E+1	-3.64986129E-10	8.60662507E+1	5.23084754E+0	8.62250623E+1	6.07023196E-2
3.28966612E+5	8.62929922E+1	-3.88489334E-10	8.58806382E+1	5.95088588E+0	8.60865683E+1	6.91819332E-2
3.52740116E+5	8.62024668E+1	-4.09982570E-10	8.56768068E+1	6.71093544E+0	8.59392349E+1	7.81688932E-2
3.78231664E+5	8.61178083E+1	-4.28504560E-10	8.54605445E+1	7.49465779E+0	8.57885470E+1	8.74734970E-2
4.05565415E+5	8.60303897E+1	-4.46911536E-10	8.52124263E+1	8.34866995E+0	8.56204312E+1	9.76630833E-2
4.34874501E+5	8.59567898E+1	-4.62369026E-10	8.49549111E+1	9.22574016E+0	8.54543821E+1	1.08171829E-1
4.66301673E+5	8.58956954E+1	-4.77029709E-10	8.46753428E+1	1.01653107E+1	8.52833363E+1	1.19478628E-1
5.00000000E+5	8.58350170E+1	-4.90738788E-10	8.43577611E+1	1.11632300E+1	8.50931834E+1	1.31567531E-1
