Start time:20240906_13-42-09	sweep/start:500.000	sweep/stop:500000.000	sweep/samplecount:100.000	sweep/xmapping:1.000	sweep/scan:0.000	sweep/averaging/sample:10.000	sweep/settling/time:0.100	sweep/settling/inaccuracy:0.010	sweep/awgcontrol:0.000	sweep/averaging/time:0.100	sweep/averaging/tc:15.000	sweep/bandwidthcontrol:2.000	sweep/sincfilter:0.000	sweep/omegasuppression:80.000	sweep/maxbandwidth:100.000	sweep/bandwidth:1250000.000	sweep/order:8.000	sweep/bandwidthoverlap:1.000																				
Frequency	Param0		Param1		RealZ		ImagZ		AbsZ		PhaseZ		
5.00000000E+2	9.06901101E+2	7.03127403E-7	1.80903710E+2	-3.62402516E+2	4.05045360E+2	-1.10780577E+0
5.36133611E+2	8.26919878E+2	6.82517414E-7	1.79196496E+2	-3.40690066E+2	3.84943001E+2	-1.08658062E+0
5.74878498E+2	7.55800148E+2	6.61307583E-7	1.77444404E+2	-3.20352862E+2	3.66213709E+2	-1.06496154E+0
6.16423370E+2	6.92864255E+2	6.39404600E-7	1.75667103E+2	-3.01420807E+2	3.48874533E+2	-1.04312223E+0
6.60970574E+2	6.37200343E+2	6.16849865E-7	1.73879079E+2	-2.83834194E+2	3.32860017E+2	-1.02115783E+0
7.08737081E+2	5.87505152E+2	5.93863241E-7	1.72090118E+2	-2.67373911E+2	3.17968271E+2	-9.98911525E-1
7.59955541E+2	5.43384695E+2	5.70508335E-7	1.70277908E+2	-2.52055199E+2	3.04181517E+2	-9.76663423E-1
8.14875417E+2	5.04096001E+2	5.46955435E-7	1.68433968E+2	-2.37774854E+2	2.91387860E+2	-9.54471067E-1
8.73764200E+2	4.68965014E+2	5.23193988E-7	1.66625216E+2	-2.24449167E+2	2.79537821E+2	-9.32193780E-1
9.36908711E+2	4.37554986E+2	4.99604245E-7	1.64739377E+2	-2.11998742E+2	2.68481902E+2	-9.10189862E-1
1.00461650E+3	4.09353651E+2	4.76084982E-7	1.62874603E+2	-2.00362603E+2	2.58211756E+2	-8.88239356E-1
1.07721735E+3	3.84114475E+2	4.52919126E-7	1.60951079E+2	-1.89521463E+2	2.48643594E+2	-8.66737907E-1
1.15506485E+3	3.61370010E+2	4.30085214E-7	1.59033486E+2	-1.79383051E+2	2.39728868E+2	-8.45457553E-1
1.23853818E+3	3.40837374E+2	4.07739968E-7	1.57096451E+2	-1.69897160E+2	2.31396501E+2	-8.24524845E-1
1.32804389E+3	3.22250123E+2	3.85906221E-7	1.55166794E+2	-1.61014852E+2	2.23612427E+2	-8.03891931E-1
1.42401793E+3	3.05393035E+2	3.64759420E-7	1.53202474E+2	-1.52695676E+2	2.16302954E+2	-7.83741410E-1
1.52692775E+3	2.90040244E+2	3.44275458E-7	1.51239698E+2	-1.44886684E+2	2.09441157E+2	-7.63947725E-1
1.63727458E+3	2.76050936E+2	3.24503898E-7	1.49279526E+2	-1.37565892E+2	2.02999390E+2	-7.44584786E-1
1.75559587E+3	2.63242606E+2	3.05475201E-7	1.47324975E+2	-1.30681143E+2	1.96931993E+2	-7.25600958E-1
1.88246790E+3	2.51485974E+2	2.87180266E-7	1.45391800E+2	-1.24198318E+2	1.91217149E+2	-7.06945793E-1
2.01850863E+3	2.40659332E+2	2.69720382E-7	1.43443794E+2	-1.18088800E+2	1.85798512E+2	-6.88752452E-1
2.16438064E+3	2.30705777E+2	2.53018887E-7	1.41523521E+2	-1.12344945E+2	1.80693923E+2	-6.70964499E-1
2.32079442E+3	2.21473446E+2	2.37096905E-7	1.39615384E+2	-1.06904837E+2	1.75843965E+2	-6.53479663E-1
2.48851178E+3	2.12949574E+2	2.21920362E-7	1.37742917E+2	-1.01780076E+2	1.71266737E+2	-6.36367789E-1
2.66834962E+3	2.05013504E+2	2.07492077E-7	1.35892645E+2	-9.69175734E+1	1.66912633E+2	-6.19525021E-1
2.86118383E+3	1.97654943E+2	1.93788728E-7	1.34079833E+2	-9.23262677E+1	1.62792941E+2	-6.03028318E-1
3.06795364E+3	1.90794450E+2	1.80804052E-7	1.32295302E+2	-8.79725087E+1	1.58874823E+2	-5.86827601E-1
3.28966612E+3	1.84401945E+2	1.68483470E-7	1.30560142E+2	-8.38426688E+1	1.55162959E+2	-5.70855795E-1
3.52740116E+3	1.78433752E+2	1.56853638E-7	1.28853488E+2	-7.99286540E+1	1.51630509E+2	-5.55217082E-1
3.78231664E+3	1.72858339E+2	1.45837843E-7	1.27202813E+2	-7.62070287E+1	1.48283738E+2	-5.39756452E-1
4.05565415E+3	1.67644168E+2	1.35469086E-7	1.25583842E+2	-7.26780373E+1	1.45097893E+2	-5.24626397E-1
4.34874501E+3	1.62748791E+2	1.25682619E-7	1.24011069E+2	-6.93102162E+1	1.42065660E+2	-5.09653176E-1
4.66301673E+3	1.58181494E+2	1.16486320E-7	1.22484222E+2	-6.61237664E+1	1.39193165E+2	-4.95021292E-1
5.00000000E+3	1.53891880E+2	1.07831235E-7	1.21004942E+2	-6.30831340E+1	1.36461269E+2	-4.80563216E-1
5.36133611E+3	1.49880327E+2	9.97067110E-8	1.19576934E+2	-6.01962359E+1	1.33873933E+2	-4.66371964E-1
5.74878498E+3	1.46114068E+2	9.21001430E-8	1.18189033E+2	-5.74493934E+1	1.31411873E+2	-4.52450192E-1
6.16423370E+3	1.42579097E+2	8.49719171E-8	1.16850744E+2	-5.48304382E+1	1.29075457E+2	-4.38733972E-1
6.60970574E+3	1.39256606E+2	7.83097955E-8	1.15555056E+2	-5.23338688E+1	1.26853478E+2	-4.25255653E-1
7.08737081E+3	1.36135166E+2	7.20949152E-8	1.14301279E+2	-4.99563927E+1	1.24741427E+2	-4.12040159E-1
7.59955541E+3	1.33193195E+2	6.63001723E-8	1.13086517E+2	-4.76843177E+1	1.22728784E+2	-3.99040170E-1
8.14875417E+3	1.30434237E+2	6.09036511E-8	1.11919491E+2	-4.55209941E+1	1.20822735E+2	-3.86294448E-1
8.73764200E+3	1.27835290E+2	5.58882924E-8	1.10790421E+2	-4.34558179E+1	1.19008090E+2	-3.73794048E-1
9.36908711E+3	1.25388944E+2	5.12314262E-8	1.09701308E+2	-4.14843833E+1	1.17283124E+2	-3.61536098E-1
1.00461650E+4	1.23087124E+2	4.69101099E-8	1.08653886E+2	-3.96008504E+1	1.15645555E+2	-3.49505204E-1
1.07721735E+4	1.20918518E+2	4.29023770E-8	1.07647107E+2	-3.77972090E+1	1.14090002E+2	-3.37673543E-1
1.15506485E+4	1.18874860E+2	3.91955132E-8	1.06676688E+2	-3.60729892E+1	1.12610729E+2	-3.26081520E-1
1.23853818E+4	1.16954749E+2	3.57718557E-8	1.05745906E+2	-3.44280291E+1	1.11209199E+2	-3.14750217E-1
1.32804389E+4	1.15137715E+2	3.26103903E-8	1.04846088E+2	-3.28486957E+1	1.09871466E+2	-3.03617144E-1
1.42401793E+4	1.13424187E+2	2.96955465E-8	1.03980600E+2	-3.13360785E+1	1.08599793E+2	-2.92708307E-1
1.52692775E+4	1.11812894E+2	2.70057631E-8	1.03155525E+2	-2.98840318E+1	1.07397010E+2	-2.81979565E-1
1.63727458E+4	1.10293234E+2	2.45329736E-8	1.02362018E+2	-2.84930728E+1	1.06253649E+2	-2.71483490E-1
1.75559587E+4	1.08861731E+2	2.22608623E-8	1.01601609E+2	-2.71595280E+1	1.05169040E+2	-2.61206610E-1
1.88246790E+4	1.07519359E+2	2.01773891E-8	1.00877172E+2	-2.58852275E+1	1.04145326E+2	-2.51182064E-1
2.01850863E+4	1.06245855E+2	1.82619510E-8	1.00179627E+2	-2.46518239E+1	1.03168165E+2	-2.41282297E-1
2.16438064E+4	1.05056764E+2	1.65097832E-8	9.95198524E+1	-2.34740824E+1	1.02250837E+2	-2.31639454E-1
2.32079442E+4	1.03937294E+2	1.49093816E-8	9.88879098E+1	-2.23455357E+1	1.01381171E+2	-2.22235921E-1
2.48851178E+4	1.02879756E+2	1.34441260E-8	9.82830893E+1	-2.12549878E+1	1.00555160E+2	-2.12982967E-1
2.66834962E+4	1.01890381E+2	1.21100171E-8	9.77088523E+1	-2.02131710E+1	9.97777136E+1	-2.03993899E-1
2.86118383E+4	1.00951505E+2	1.08955536E-8	9.71528394E+1	-1.92107017E+1	9.90339605E+1	-1.95218561E-1
3.06795364E+4	1.00080893E+2	9.78710505E-9	9.66357591E+1	-1.82461792E+1	9.83432410E+1	-1.86616972E-1
3.28966612E+4	9.92564511E+1	8.78093273E-9	9.61364804E+1	-1.73188602E+1	9.76840103E+1	-1.78236948E-1
3.52740116E+4	9.84810592E+1	7.86595703E-9	9.56612854E+1	-1.64238590E+1	9.70609330E+1	-1.70029923E-1
3.78231664E+4	9.77565178E+1	7.03838637E-9	9.52108613E+1	-1.55683672E+1	9.64752935E+1	-1.62080257E-1
4.05565415E+4	9.70738294E+1	6.28725656E-9	9.47812170E+1	-1.47409813E+1	9.59206740E+1	-1.54290309E-1
4.34874501E+4	9.64333832E+1	5.60865206E-9	9.43722599E+1	-1.39467838E+1	9.53972552E+1	-1.46722774E-1
4.66301673E+4	9.58301948E+1	4.99522961E-9	9.39815560E+1	-1.31809675E+1	9.49013742E+1	-1.39341695E-1
5.00000000E+4	9.52575319E+1	4.44020526E-9	9.36047988E+1	-1.24379942E+1	9.44275495E+1	-1.32103872E-1
5.36133611E+4	9.47279320E+1	3.93888308E-9	9.32546740E+1	-1.17212694E+1	9.39884164E+1	-1.25035267E-1
5.74878498E+4	9.42223627E+1	3.48883132E-9	9.29124159E+1	-1.10322384E+1	9.35650968E+1	-1.18184699E-1
6.16423370E+4	9.37442359E+1	3.08118451E-9	9.25854968E+1	-1.03577210E+1	9.31630649E+1	-1.11408728E-1
6.60970574E+4	9.32950519E+1	2.71494020E-9	9.22740153E+1	-9.70644722E+0	9.27831291E+1	-1.04806120E-1
7.08737081E+4	9.28711851E+1	2.38495467E-9	9.19763793E+1	-9.07198762E+0	9.24226993E+1	-9.83158812E-2
7.59955541E+4	9.24700723E+1	2.08869744E-9	9.16902192E+1	-8.45605499E+0	9.20793201E+1	-9.19640382E-2
8.14875417E+4	9.20829936E+1	1.82239560E-9	9.14081988E+1	-7.85377255E+0	9.17449758E+1	-8.57092882E-2
8.73764200E+4	9.17187650E+1	1.58145797E-9	9.11408111E+1	-7.25776446E+0	9.14293314E+1	-7.94647433E-2
9.36908711E+4	9.13728433E+1	1.36564791E-9	9.08824479E+1	-6.67594947E+0	9.11273157E+1	-7.33252759E-2
1.00461650E+5	9.10458862E+1	1.17175645E-9	9.06348771E+1	-6.10341940E+0	9.08401492E+1	-6.72392206E-2
1.07721735E+5	9.07326772E+1	9.96813011E-10	9.03939414E+1	-5.53350051E+0	9.05631509E+1	-6.11390981E-2
1.15506485E+5	9.04328757E+1	8.39652395E-10	9.01590751E+1	-4.96845737E+0	9.02958716E+1	-5.50519949E-2
1.23853818E+5	9.01432930E+1	6.98708490E-10	8.99272553E+1	-4.40767995E+0	9.00352094E+1	-4.89746447E-2
1.32804389E+5	8.98698560E+1	5.71528914E-10	8.97050702E+1	-3.84469195E+0	8.97874253E+1	-4.28330333E-2
1.42401793E+5	8.96034254E+1	4.57443572E-10	8.94830722E+1	-3.28169596E+0	8.95432286E+1	-3.66575022E-2
1.52692775E+5	8.93514242E+1	3.54650500E-10	8.92689151E+1	-2.71394252E+0	8.93101601E+1	-3.03925158E-2
1.63727458E+5	8.91064531E+1	2.62252133E-10	8.90549869E+1	-2.14085782E+0	8.90807163E+1	-2.40351002E-2
1.75559587E+5	8.88743696E+1	1.78835130E-10	8.88470599E+1	-1.55767476E+0	8.88607137E+1	-1.75302965E-2
1.88246790E+5	8.87046502E+1	1.09219598E-10	8.86880590E+1	-1.01618745E+0	8.86963538E+1	-1.14577749E-2
2.01850863E+5	8.84333052E+1	3.62935487E-11	8.84318393E+1	-3.59968444E-1	8.84325722E+1	-4.07055261E-3
2.16438064E+5	8.82255784E+1	-2.45016697E-11	8.82248157E+1	2.59355015E-1	8.82251971E+1	2.93969684E-3
2.32079442E+5	8.80209245E+1	-7.93676521E-11	8.80117904E+1	8.96574988E-1	8.80163573E+1	1.01866376E-2
2.48851178E+5	8.78263207E+1	-1.29069906E-10	8.77987383E+1	1.55617179E+0	8.78125284E+1	1.77224510E-2
2.66834962E+5	8.76384385E+1	-1.73534699E-10	8.75814962E+1	2.23314005E+0	8.76099627E+1	2.54923269E-2
2.86118383E+5	8.74586446E+1	-2.14247986E-10	8.73595146E+1	2.94276328E+0	8.74090655E+1	3.36729316E-2
3.06795364E+5	8.72863715E+1	-2.50822254E-10	8.71311836E+1	3.67717921E+0	8.72087430E+1	4.21777622E-2
3.28966612E+5	8.71215344E+1	-2.83916657E-10	8.68943944E+1	4.44262867E+0	8.70078903E+1	5.10822687E-2
3.52740116E+5	8.69546405E+1	-3.14133518E-10	8.66371061E+1	5.24500317E+0	8.67957281E+1	6.04661128E-2
3.78231664E+5	8.67948933E+1	-3.41588844E-10	8.63661293E+1	6.08525963E+0	8.65802459E+1	7.03426113E-2
4.05565415E+5	8.66542670E+1	-3.66405847E-10	8.60907013E+1	6.96545182E+0	8.63720245E+1	8.07324452E-2
4.34874501E+5	8.65047761E+1	-3.89169121E-10	8.57789607E+1	7.89047342E+0	8.61411040E+1	9.17279779E-2
4.66301673E+5	8.63668411E+1	-4.10164514E-10	8.54463947E+1	8.86840915E+0	8.59053851E+1	1.03418864E-1
NaN	NaN	NaN	NaN	NaN	NaN	NaN
