Start time:20240905_15-57-31	sweep/start:500.000	sweep/stop:500000.000	sweep/samplecount:100.000	sweep/xmapping:1.000	sweep/scan:0.000	sweep/averaging/sample:10.000	sweep/settling/time:0.100	sweep/settling/inaccuracy:0.010	sweep/awgcontrol:0.000	sweep/averaging/time:0.100	sweep/averaging/tc:15.000	sweep/bandwidthcontrol:2.000	sweep/sincfilter:0.000	sweep/omegasuppression:80.000	sweep/maxbandwidth:100.000	sweep/bandwidth:1250000.000	sweep/order:8.000	sweep/bandwidthoverlap:1.000																				
Frequency	Param0		Param1		RealZ		ImagZ		AbsZ		PhaseZ		
5.00000000E+2	8.75679491E+2	5.91690439E-7	2.39938935E+2	-3.90562257E+2	4.58377115E+2	-1.01989767E+0
5.36133611E+2	8.07084865E+2	5.68946353E-7	2.37889238E+2	-3.67974825E+2	4.38174365E+2	-9.96897930E-1
5.74878498E+2	7.46020464E+2	5.45976350E-7	2.35745460E+2	-3.46835692E+2	4.19369676E+2	-9.73822384E-1
6.16423370E+2	6.91816687E+2	5.22644339E-7	2.33630491E+2	-3.27179216E+2	4.02031659E+2	-9.50686397E-1
6.60970574E+2	6.43821238E+2	4.99162535E-7	2.31481634E+2	-3.08948248E+2	3.86047634E+2	-9.27770922E-1
7.08737081E+2	6.01068629E+2	4.75660044E-7	2.29331737E+2	-2.91977830E+2	3.71273624E+2	-9.04995284E-1
7.59955541E+2	5.63169862E+2	4.52242738E-7	2.27179365E+2	-2.76279007E+2	3.57687798E+2	-8.82615460E-1
8.14875417E+2	5.29367317E+2	4.29174773E-7	2.24967448E+2	-2.61686938E+2	3.45094784E+2	-8.60708371E-1
8.73764200E+2	4.99227076E+2	4.06595149E-7	2.22685399E+2	-2.48156776E+2	3.33422519E+2	-8.39442975E-1
9.36908711E+2	4.72128485E+2	3.84536285E-7	2.20392256E+2	-2.35543415E+2	3.22573176E+2	-8.18616842E-1
1.00461650E+3	4.48005862E+2	3.63213422E-7	2.18007964E+2	-2.23922688E+2	3.12520150E+2	-7.98781192E-1
1.07721735E+3	4.26220964E+2	3.42617865E-7	2.15599221E+2	-2.13095937E+2	3.03138425E+2	-7.79558926E-1
1.15506485E+3	4.06667436E+2	3.22937738E-7	2.13090653E+2	-2.03099483E+2	2.94375658E+2	-7.61396504E-1
1.23853818E+3	3.88935017E+2	3.04154166E-7	2.10523975E+2	-1.93803502E+2	2.86147066E+2	-7.44067926E-1
1.32804389E+3	3.72776484E+2	2.86308057E-7	2.07890574E+2	-1.85143791E+2	2.78382320E+2	-7.27587861E-1
1.42401793E+3	3.58118595E+2	2.69503289E-7	2.05141568E+2	-1.77149499E+2	2.71044294E+2	-7.12306725E-1
1.52692775E+3	3.44635409E+2	2.53628220E-7	2.02339517E+2	-1.69682292E+2	2.64070751E+2	-6.97839518E-1
1.63727458E+3	3.32187763E+2	2.38712734E-7	1.99457198E+2	-1.62708525E+2	2.57404816E+2	-6.84275050E-1
1.75559587E+3	3.20708157E+2	2.24737833E-7	1.96501107E+2	-1.56226826E+2	2.51036864E+2	-6.71711045E-1
1.88246790E+3	3.09979236E+2	2.11679957E-7	1.93454452E+2	-1.50140724E+2	2.44881324E+2	-6.59999270E-1
2.01850863E+3	2.99950878E+2	1.99482262E-7	1.90339005E+2	-1.44441731E+2	2.38940058E+2	-6.49151017E-1
2.16438064E+3	2.90512219E+2	1.88072740E-7	1.87175214E+2	-1.39075968E+2	2.33188092E+2	-6.39022505E-1
2.32079442E+3	2.81542628E+2	1.77421587E-7	1.83947489E+2	-1.33986490E+2	2.27572096E+2	-6.29530137E-1
2.48851178E+3	2.73042518E+2	1.67456555E-7	1.80691493E+2	-1.29178342E+2	2.22118122E+2	-6.20663426E-1
2.66834962E+3	2.64878443E+2	1.58153679E-7	1.77379814E+2	-1.24581256E+2	2.16758134E+2	-6.12295904E-1
2.86118383E+3	2.57069176E+2	1.49424257E-7	1.74064353E+2	-1.20200583E+2	2.11533873E+2	-6.04357214E-1
3.06795364E+3	2.49542530E+2	1.41221381E-7	1.70747138E+2	-1.15991755E+2	2.06418683E+2	-5.96710755E-1
3.28966612E+3	2.42283376E+2	1.33512864E-7	1.67432530E+2	-1.11948494E+2	2.01410323E+2	-5.89352682E-1
3.52740116E+3	2.35242356E+2	1.26256162E-7	1.64124452E+2	-1.08037894E+2	1.96491788E+2	-5.82165662E-1
3.78231664E+3	2.28434836E+2	1.19384991E-7	1.60864088E+2	-1.04257885E+2	1.91694970E+2	-5.75046569E-1
4.05565415E+3	2.21822185E+2	1.12882539E-7	1.57640317E+2	-1.00586529E+2	1.86997645E+2	-5.67947192E-1
4.34874501E+3	2.15421826E+2	1.06719358E-7	1.54468905E+2	-9.70326259E+1	1.82417032E+2	-5.60875125E-1
4.66301673E+3	2.09198754E+2	1.00852215E-7	1.51362414E+2	-9.35641366E+1	1.77946139E+2	-5.53655723E-1
5.00000000E+3	2.03184245E+2	9.52540437E-8	1.48342410E+2	-9.01962851E+1	1.73611176E+2	-5.46301277E-1
5.36133611E+3	1.97351969E+2	8.99230027E-8	1.45391827E+2	-8.69170860E+1	1.69391155E+2	-5.38809666E-1
5.74878498E+3	1.91691351E+2	8.48373112E-8	1.42515422E+2	-8.37157574E+1	1.65284524E+2	-5.31114742E-1
6.16423370E+3	1.86217637E+2	7.99689299E-8	1.39733669E+2	-8.05938899E+1	1.61309868E+2	-5.23161863E-1
6.60970574E+3	1.80923077E+2	7.53117452E-8	1.37040947E+2	-7.75477169E+1	1.57460693E+2	-5.14947742E-1
7.08737081E+3	1.75838621E+2	7.08641399E-8	1.34443333E+2	-7.46010743E+1	1.53754123E+2	-5.06588714E-1
7.59955541E+3	1.70912960E+2	6.65937347E-8	1.31942360E+2	-7.17068530E+1	1.50168769E+2	-4.97816768E-1
8.14875417E+3	1.66182893E+2	6.25114968E-8	1.29536794E+2	-6.88986066E+1	1.46720139E+2	-4.88828625E-1
8.73764200E+3	1.61633664E+2	5.86037422E-8	1.27227044E+2	-6.61623189E+1	1.43402139E+2	-4.79545622E-1
9.36908711E+3	1.57272053E+2	5.48697953E-8	1.25011367E+2	-6.35055298E+1	1.40216954E+2	-4.70025552E-1
1.00461650E+4	1.53092453E+2	5.12961868E-8	1.22894889E+2	-6.09190131E+1	1.37165156E+2	-4.60201804E-1
1.07721735E+4	1.49090594E+2	4.78880255E-8	1.20866147E+2	-5.84070210E+1	1.34238614E+2	-4.50147683E-1
1.15506485E+4	1.45268285E+2	4.46327163E-8	1.18933740E+2	-5.59648617E+1	1.31443145E+2	-4.39815344E-1
1.23853818E+4	1.41617584E+2	4.15296206E-8	1.17090286E+2	-5.35901873E+1	1.28771283E+2	-4.29224386E-1
1.32804389E+4	1.38137867E+2	3.85817459E-8	1.15328620E+2	-5.12889742E+1	1.26219054E+2	-4.18454628E-1
1.42401793E+4	1.34827086E+2	3.57742488E-8	1.13658661E+2	-4.90507360E+1	1.23791219E+2	-4.07415395E-1
1.52692775E+4	1.31683855E+2	3.31170062E-8	1.12066527E+2	-4.68875859E+1	1.21479843E+2	-3.96259166E-1
1.63727458E+4	1.28716303E+2	3.05967002E-8	1.10567550E+2	-4.47957923E+1	1.19297302E+2	-3.84933077E-1
1.75559587E+4	1.25899819E+2	2.82151660E-8	1.09142043E+2	-4.27665494E+1	1.17221856E+2	-3.73454791E-1
1.88246790E+4	1.23237531E+2	2.59674620E-8	1.07793754E+2	-4.08012562E+1	1.15257260E+2	-3.61846341E-1
2.01850863E+4	1.20728282E+2	2.38515002E-8	1.06521154E+2	-3.89019224E+1	1.13402451E+2	-3.50154617E-1
2.16438064E+4	1.18367627E+2	2.18642467E-8	1.05321570E+2	-3.70679263E+1	1.11654218E+2	-3.38410954E-1
2.32079442E+4	1.16145080E+2	2.00038856E-8	1.04186617E+2	-3.52974756E+1	1.10003468E+2	-3.26654281E-1
2.48851178E+4	1.14051572E+2	1.82637050E-8	1.03113631E+2	-3.35834878E+1	1.08444786E+2	-3.14859444E-1
2.66834962E+4	1.12088887E+2	1.66423879E-8	1.02101880E+2	-3.19326188E+1	1.06978905E+2	-3.03114891E-1
2.86118383E+4	1.10258528E+2	1.51331019E-8	1.01156746E+2	-3.03431469E+1	1.05609630E+2	-2.91421634E-1
3.06795364E+4	1.08538830E+2	1.37333441E-8	1.00261074E+2	-2.88086197E+1	1.04317878E+2	-2.79798370E-1
3.28966612E+4	1.06943252E+2	1.24392792E-8	9.94259765E+1	-2.73388443E+1	1.03116135E+2	-2.68335361E-1
3.52740116E+4	1.05448896E+2	1.12411453E-8	9.86407183E+1	-2.59145416E+1	1.01988013E+2	-2.56910841E-1
3.78231664E+4	1.04056248E+2	1.01383764E-8	9.79024634E+1	-2.45452773E+1	1.00932468E+2	-2.45648235E-1
4.05565415E+4	1.02759286E+2	9.12674798E-9	9.72072225E+1	-2.32314569E+1	9.99447084E+1	-2.34588824E-1
4.34874501E+4	1.01552553E+2	8.19744420E-9	9.65567105E+1	-2.19631983E+1	9.90231309E+1	-2.23658696E-1
4.66301673E+4	1.00432864E+2	7.34825107E-9	9.59470130E+1	-2.07461794E+1	9.81643178E+1	-2.12947105E-1
5.00000000E+4	9.93883020E+1	6.57206593E-9	9.53722780E+1	-1.95708279E+1	9.73595848E+1	-2.02394917E-1
5.36133611E+4	9.84158653E+1	5.86563209E-9	9.48298610E+1	-1.84407231E+1	9.66062256E+1	-1.92064107E-1
5.74878498E+4	9.75196800E+1	5.22260963E-9	9.43273397E+1	-1.73529513E+1	9.59102288E+1	-1.81931061E-1
6.16423370E+4	9.66788557E+1	4.63947719E-9	9.38465673E+1	-1.63033894E+1	9.52521850E+1	-1.72007194E-1
6.60970574E+4	9.59039093E+1	4.11096760E-9	9.33999262E+1	-1.52928666E+1	9.46436371E+1	-1.62295204E-1
7.08737081E+4	9.51798705E+1	3.63224925E-9	9.29762161E+1	-1.43138890E+1	9.40715909E+1	-1.52752878E-1
7.59955541E+4	9.45119514E+1	3.20004566E-9	9.25811195E+1	-1.33700608E+1	9.35415537E+1	-1.43422981E-1
8.14875417E+4	9.38824049E+1	2.81048211E-9	9.21997233E+1	-1.24556310E+1	9.30372600E+1	-1.34281061E-1
8.73764200E+4	9.33033712E+1	2.45954191E-9	9.18455323E+1	-1.15713414E+1	9.25715820E+1	-1.25326674E-1
9.36908711E+4	9.27639482E+1	2.14335823E-9	9.15103094E+1	-1.07107815E+1	9.21349966E+1	-1.16514403E-1
1.00461650E+5	9.22565934E+1	1.85892350E-9	9.11879914E+1	-9.87135466E+0	9.17207362E+1	-1.07832881E-1
1.07721735E+5	9.17894394E+1	1.60359126E-9	9.08873638E+1	-9.05468002E+0	9.13372880E+1	-9.92976393E-2
1.15506485E+5	9.13528199E+1	1.37482367E-9	9.06000900E+1	-8.25816991E+0	9.09756765E+1	-9.08985075E-2
1.23853818E+5	9.09421282E+1	1.16879068E-9	9.03241315E+1	-7.47127827E+0	9.06326031E+1	-8.25284260E-2
1.32804389E+5	9.05569677E+1	9.80720114E-10	9.00623584E+1	-6.67425024E+0	9.03093245E+1	-7.39717790E-2
1.42401793E+5	9.01991804E+1	8.19750376E-10	8.98061145E+1	-5.94135419E+0	9.00024329E+1	-6.60613017E-2
1.52692775E+5	8.98545145E+1	6.71866972E-10	8.95540943E+1	-5.18688942E+0	8.97041787E+1	-5.78544301E-2
1.63727458E+5	8.95399320E+1	5.39557522E-10	8.93193055E+1	-4.43916446E+0	8.94295507E+1	-4.96590833E-2
1.75559587E+5	8.92436381E+1	4.21198084E-10	8.90904698E+1	-3.69402050E+0	8.91670210E+1	-4.14399632E-2
1.88246790E+5	8.89224276E+1	3.11046868E-10	8.88242364E+1	-2.90553677E+0	8.88733168E+1	-3.27007374E-2
2.01850863E+5	8.86949500E+1	2.20453564E-10	8.86404385E+1	-2.19815547E+0	8.86676901E+1	-2.47934806E-2
2.16438064E+5	8.84365686E+1	1.35520295E-10	8.84130818E+1	-1.44100759E+0	8.84248244E+1	-1.62971357E-2
2.32079442E+5	8.82008850E+1	5.96780895E-11	8.81956890E+1	-6.76942294E-1	8.81982870E+1	-7.67530801E-3
2.48851178E+5	8.79780098E+1	-8.27482948E-12	8.79778953E+1	1.00144492E-1	8.79779526E+1	1.13829005E-3
2.66834962E+5	8.77695390E+1	-6.90832702E-11	8.77604675E+1	8.92150673E-1	8.77650031E+1	1.01653966E-2
2.86118383E+5	8.75555200E+1	-1.23879507E-10	8.75222425E+1	1.70658150E+0	8.75388796E+1	1.94963621E-2
3.06795364E+5	8.73598121E+1	-1.72490395E-10	8.72861644E+1	2.53542472E+0	8.73229805E+1	2.90391024E-2
3.28966612E+5	8.71750851E+1	-2.16377735E-10	8.70427693E+1	3.39366662E+0	8.71089021E+1	3.89687650E-2
3.52740116E+5	8.70015017E+1	-2.56138756E-10	8.67897892E+1	4.28652612E+0	8.68955810E+1	4.93496458E-2
3.78231664E+5	8.68405167E+1	-2.91361897E-10	8.65276607E+1	5.20292845E+0	8.66839476E+1	6.00579211E-2
4.05565415E+5	8.66712179E+1	-3.23644909E-10	8.62306301E+1	6.16376307E+0	8.64506433E+1	7.13586105E-2
4.34874501E+5	8.65216396E+1	-3.52135948E-10	8.59261357E+1	7.15326238E+0	8.62233736E+1	8.30574542E-2
4.66301673E+5	8.63839302E+1	-3.78525950E-10	8.55983013E+1	8.20050580E+0	8.59902185E+1	9.55107082E-2
5.00000000E+5	8.62541546E+1	-4.02210569E-10	8.52415981E+1	9.29041195E+0	8.57463817E+1	1.08560680E-1
