Start time:20240905_15-05-34	sweep/start:500.000	sweep/stop:500000.000	sweep/samplecount:100.000	sweep/xmapping:1.000	sweep/scan:0.000	sweep/averaging/sample:10.000	sweep/settling/time:0.100	sweep/settling/inaccuracy:0.010	sweep/awgcontrol:0.000	sweep/averaging/time:0.100	sweep/averaging/tc:15.000	sweep/bandwidthcontrol:2.000	sweep/sincfilter:0.000	sweep/omegasuppression:80.000	sweep/maxbandwidth:100.000	sweep/bandwidth:1250000.000	sweep/order:8.000	sweep/bandwidthoverlap:1.000																				
Frequency	Param0		Param1		RealZ		ImagZ		AbsZ		PhaseZ		
5.00000000E+2	8.75328738E+2	5.88010527E-7	2.42161932E+2	-3.91572308E+2	4.60403389E+2	-1.01693201E+0
5.36133611E+2	8.06813716E+2	5.65555387E-7	2.39932645E+2	-3.68799726E+2	4.39978322E+2	-9.94015542E-1
5.74878498E+2	7.46064741E+2	5.42505513E-7	2.37801839E+2	-3.47657614E+2	4.21207245E+2	-9.70881610E-1
6.16423370E+2	6.92090528E+2	5.19090908E-7	2.35716634E+2	-3.27986114E+2	4.03902503E+2	-9.47643995E-1
6.60970574E+2	6.44318706E+2	4.95573941E-7	2.33575757E+2	-3.09741148E+2	3.87939711E+2	-9.24676472E-1
7.08737081E+2	6.01943823E+2	4.72082723E-7	2.31399357E+2	-2.92820310E+2	3.73214956E+2	-9.02032821E-1
7.59955541E+2	5.64147472E+2	4.48681317E-7	2.29251612E+2	-2.77083726E+2	3.59627172E+2	-8.79585914E-1
8.14875417E+2	5.30496136E+2	4.25672707E-7	2.27020659E+2	-2.62478935E+2	3.47035410E+2	-8.57709665E-1
8.73764200E+2	5.00459665E+2	4.03093053E-7	2.24765760E+2	-2.48930796E+2	3.35389612E+2	-8.36367734E-1
9.36908711E+2	4.73623504E+2	3.81126388E-7	2.22445282E+2	-2.36375553E+2	3.24584826E+2	-8.15749885E-1
1.00461650E+3	4.49646806E+2	3.59906209E-7	2.20040277E+2	-2.24772505E+2	3.14547938E+2	-7.96036459E-1
1.07721735E+3	4.27922181E+2	3.39435616E-7	2.17603779E+2	-2.13930063E+2	3.05151569E+2	-7.76885207E-1
1.15506485E+3	4.08405881E+2	3.19837819E-7	2.15097322E+2	-2.03912112E+2	2.96389962E+2	-7.58710090E-1
1.23853818E+3	3.90781197E+2	3.01218699E-7	2.12485912E+2	-1.94641292E+2	2.88158806E+2	-7.41595621E-1
1.32804389E+3	3.74756490E+2	2.83521888E-7	2.09822925E+2	-1.86029139E+2	2.80414874E+2	-7.25362624E-1
1.42401793E+3	3.60103921E+2	2.66816971E-7	2.07069441E+2	-1.78013370E+2	2.73068702E+2	-7.10086782E-1
1.52692775E+3	3.46691508E+2	2.51109352E-7	2.04224028E+2	-1.70573385E+2	2.66087833E+2	-6.95854705E-1
1.63727458E+3	3.34331138E+2	2.36355622E-7	2.01303911E+2	-1.63642593E+2	2.59426607E+2	-6.82565351E-1
1.75559587E+3	3.22881841E+2	2.22552807E-7	1.98294680E+2	-1.57178149E+2	2.53033103E+2	-6.70242739E-1
1.88246790E+3	3.12186056E+2	2.09653392E-7	1.95201447E+2	-1.51114405E+2	2.46858602E+2	-6.58776259E-1
2.01850863E+3	3.02158927E+2	1.97609716E-7	1.92033855E+2	-1.45422629E+2	2.40883256E+2	-6.48141508E-1
2.16438064E+3	2.92723946E+2	1.86336162E-7	1.88827134E+2	-1.40066184E+2	2.35104707E+2	-6.38212661E-1
2.32079442E+3	2.83744750E+2	1.75837498E-7	1.85537514E+2	-1.34985647E+2	2.29445626E+2	-6.28969962E-1
2.48851178E+3	2.75218096E+2	1.66024810E-7	1.82211340E+2	-1.30180202E+2	2.23937174E+2	-6.20355756E-1
2.66834962E+3	2.67065625E+2	1.56833241E-7	1.78863487E+2	-1.25603111E+2	2.18559577E+2	-6.12220308E-1
2.86118383E+3	2.59207569E+2	1.48217798E-7	1.75492204E+2	-1.21208055E+2	2.13281287E+2	-6.04440033E-1
3.06795364E+3	2.51651443E+2	1.40147749E-7	1.72104855E+2	-1.17005784E+2	2.08111592E+2	-5.97075264E-1
3.28966612E+3	2.44362075E+2	1.32556756E-7	1.68727471E+2	-1.12967405E+2	2.03053182E+2	-5.89979434E-1
3.52740116E+3	2.37282670E+2	1.25381917E-7	1.65378930E+2	-1.09047527E+2	1.98094810E+2	-5.82940875E-1
3.78231664E+3	2.30426920E+2	1.18617528E-7	1.62052305E+2	-1.05262830E+2	1.93238747E+2	-5.76066431E-1
4.05565415E+3	2.23755312E+2	1.12198559E-7	1.58774663E+2	-1.01574014E+2	1.88485210E+2	-5.69126532E-1
4.34874501E+3	2.17296903E+2	1.06117147E-7	1.55547897E+2	-9.80047331E+1	1.83847970E+2	-5.62230733E-1
4.66301673E+3	2.11030392E+2	1.00326112E-7	1.52392801E+2	-9.45301343E+1	1.79330735E+2	-5.55216567E-1
5.00000000E+3	2.04942553E+2	9.48003298E-8	1.49315260E+2	-9.11372779E+1	1.74931559E+2	-5.48008275E-1
5.36133611E+3	1.99038356E+2	8.95383050E-8	1.46307600E+2	-8.78345602E+1	1.70648247E+2	-5.40670745E-1
5.74878498E+3	1.93327566E+2	8.45060806E-8	1.43392827E+2	-8.46184565E+1	1.66498607E+2	-5.33120437E-1
6.16423370E+3	1.87794220E+2	7.96929884E-8	1.40565894E+2	-8.14781671E+1	1.62472959E+2	-5.25317314E-1
6.60970574E+3	1.82442571E+2	7.50899116E-8	1.37827979E+2	-7.84164453E+1	1.58573928E+2	-5.17271366E-1
7.08737081E+3	1.77275941E+2	7.06769405E-8	1.35190542E+2	-7.54290910E+1	1.54809659E+2	-5.08923698E-1
7.59955541E+3	1.72285952E+2	6.64580848E-8	1.32639497E+2	-7.25167956E+1	1.51168522E+2	-5.00322244E-1
8.14875417E+3	1.67498164E+2	6.24117688E-8	1.30198745E+2	-6.96874256E+1	1.47675491E+2	-4.91439680E-1
8.73764200E+3	1.62888926E+2	5.85481827E-8	1.27843151E+2	-6.69355072E+1	1.44306041E+2	-4.82329427E-1
9.36908711E+3	1.58460124E+2	5.48404780E-8	1.25592972E+2	-6.42486049E+1	1.41072598E+2	-4.72854451E-1
1.00461650E+4	1.54219019E+2	5.12940133E-8	1.23441660E+2	-6.16377167E+1	1.37974823E+2	-4.63108824E-1
1.07721735E+4	1.50162684E+2	4.79070470E-8	1.21385082E+2	-5.91030569E+1	1.35009295E+2	-4.53117191E-1
1.15506485E+4	1.46275612E+2	4.46714426E-8	1.19419076E+2	-5.66319926E+1	1.32166934E+2	-4.42819105E-1
1.23853818E+4	1.42577109E+2	4.15843312E-8	1.17552398E+2	-5.42375771E+1	1.29461504E+2	-4.32285914E-1
1.32804389E+4	1.39041597E+2	3.86514950E-8	1.15762122E+2	-5.19122461E+1	1.26869028E+2	-4.21555008E-1
1.42401793E+4	1.35678323E+2	3.58574485E-8	1.14064949E+2	-4.96520729E+1	1.24403139E+2	-4.10559450E-1
1.52692775E+4	1.32485805E+2	3.32061107E-8	1.12452971E+2	-4.74631606E+1	1.22059094E+2	-3.99387313E-1
1.63727458E+4	1.29465412E+2	3.06921854E-8	1.10929535E+2	-4.53450773E+1	1.19839634E+2	-3.88046961E-1
1.75559587E+4	1.26604201E+2	2.83133383E-8	1.09486419E+2	-4.32916217E+1	1.17734619E+2	-3.76540047E-1
1.88246790E+4	1.23895348E+2	2.60750627E-8	1.08110401E+2	-4.13100086E+1	1.15734073E+2	-3.64989019E-1
2.01850863E+4	1.21340604E+2	2.39609130E-8	1.06816823E+2	-3.93876119E+1	1.13847344E+2	-3.53270992E-1
2.16438064E+4	1.18947701E+2	2.19722205E-8	1.05606970E+2	-3.75349711E+1	1.12079018E+2	-3.41496336E-1
2.32079442E+4	1.16679979E+2	2.01128120E-8	1.04448635E+2	-3.57427899E+1	1.10395039E+2	-3.29713215E-1
2.48851178E+4	1.14560833E+2	1.83699667E-8	1.03368597E+2	-3.40136096E+1	1.08820920E+2	-3.17892120E-1
2.66834962E+4	1.12568604E+2	1.67463335E-8	1.02345388E+2	-3.23465442E+1	1.07335350E+2	-3.06118282E-1
2.86118383E+4	1.10703952E+2	1.52350479E-8	1.01383588E+2	-3.07397434E+1	1.05941323E+2	-2.94392145E-1
3.06795364E+4	1.08959833E+2	1.38301011E-8	1.00481202E+2	-2.91880621E+1	1.04634674E+2	-2.82702723E-1
3.28966612E+4	1.07331428E+2	1.25328176E-8	9.96294475E+1	-2.77009741E+1	1.03408756E+2	-2.71190294E-1
3.52740116E+4	1.05809534E+2	1.13313134E-8	9.88308721E+1	-2.62622782E+1	1.02260689E+2	-2.59727240E-1
3.78231664E+4	1.04386667E+2	1.02236803E-8	9.80778073E+1	-2.48748682E+1	1.01183079E+2	-2.48386399E-1
4.05565415E+4	1.03070843E+2	9.20719355E-9	9.73762728E+1	-2.35481625E+1	1.00183105E+2	-2.37271281E-1
4.34874501E+4	1.01843695E+2	8.27449335E-9	9.67158328E+1	-2.22698323E+1	9.92466513E+1	-2.26315749E-1
4.66301673E+4	1.00695380E+2	7.42023549E-9	9.60903954E+1	-2.10355585E+1	9.83659437E+1	-2.15514462E-1
5.00000000E+4	9.96334067E+1	6.64005236E-9	9.55077655E+1	-1.98502069E+1	9.75487777E+1	-2.04921255E-1
5.36133611E+4	9.86444177E+1	5.92979075E-9	9.49575374E+1	-1.87108805E+1	9.67834231E+1	-1.94552328E-1
5.74878498E+4	9.77281340E+1	5.28286277E-9	9.44436836E+1	-1.76123694E+1	9.60718740E+1	-1.84367641E-1
6.16423370E+4	9.68732573E+1	4.69464720E-9	9.39580740E+1	-1.65500737E+1	9.54045318E+1	-1.74354659E-1
6.60970574E+4	9.60791771E+1	4.16191265E-9	9.35005840E+1	-1.55273931E+1	9.47811119E+1	-1.64565491E-1
7.08737081E+4	9.53468455E+1	3.67970591E-9	9.30748812E+1	-1.45417593E+1	9.42040143E+1	-1.54984252E-1
7.59955541E+4	9.46601006E+1	3.24397889E-9	9.26677991E+1	-1.35875726E+1	9.36586525E+1	-1.45589246E-1
8.14875417E+4	9.40242684E+1	2.85048717E-9	9.22864738E+1	-1.26639209E+1	9.31513187E+1	-1.36372293E-1
8.73764200E+4	9.34297435E+1	2.49585977E-9	9.19231915E+1	-1.17680512E+1	9.26734061E+1	-1.27327892E-1
9.36908711E+4	9.28810231E+1	2.17708032E-9	9.15833250E+1	-1.09017192E+1	9.22298917E+1	-1.18478573E-1
1.00461650E+5	9.23662667E+1	1.88926001E-9	9.12590145E+1	-1.00521990E+1	9.18109714E+1	-1.09707931E-1
1.07721735E+5	9.18832482E+1	1.63139652E-9	9.09470946E+1	-9.22715665E+0	9.14139730E+1	-1.01110336E-1
1.15506485E+5	9.14342540E+1	1.39969650E-9	9.06522003E+1	-8.41990887E+0	9.10423874E+1	-9.26157403E-2
1.23853818E+5	9.10184414E+1	1.19138738E-9	9.03748780E+1	-7.62639638E+0	9.06960889E+1	-8.41867885E-2
1.32804389E+5	9.06323482E+1	1.00157699E-9	9.01153144E+1	-6.82587734E+0	9.03734616E+1	-7.56016615E-2
1.42401793E+5	9.02575126E+1	8.38491292E-10	8.98455561E+1	-6.08378468E+0	9.00512988E+1	-6.76105990E-2
1.52692775E+5	8.99125141E+1	6.88546703E-10	8.95964355E+1	-5.32160463E+0	8.97543357E+1	-5.93255761E-2
1.63727458E+5	8.95871166E+1	5.54746331E-10	8.93535582E+1	-4.56828557E+0	8.94702612E+1	-5.10814740E-2
1.75559587E+5	8.92828379E+1	4.34923411E-10	8.91193283E+1	-3.81730703E+0	8.92010456E+1	-4.28074930E-2
1.88246790E+5	8.89959272E+1	3.27196498E-10	8.88879440E+1	-3.06142404E+0	8.89419177E+1	-3.44274862E-2
2.01850863E+5	8.87238972E+1	2.31559436E-10	8.86637002E+1	-2.31025259E+0	8.86937936E+1	-2.60504563E-2
2.16438064E+5	8.84683338E+1	1.45713307E-10	8.84411529E+1	-1.55043984E+0	8.84547423E+1	-1.75289564E-2
2.32079442E+5	8.82225578E+1	6.85299295E-11	8.82157009E+1	-7.77718398E-1	8.82191292E+1	-8.81587096E-3
2.48851178E+5	8.79969692E+1	-1.96950937E-13	8.79969684E+1	2.38468295E-3	8.79969688E+1	2.70990543E-5
2.66834962E+5	8.77731101E+1	-6.17356598E-11	8.77658646E+1	7.97344204E-1	8.77694873E+1	9.08465087E-3
2.86118383E+5	8.75673637E+1	-1.17285987E-10	8.75375214E+1	1.61624901E+0	8.75524413E+1	1.84614022E-2
3.06795364E+5	8.73708658E+1	-1.66727494E-10	8.73020268E+1	2.45147161E+0	8.73364395E+1	2.80729739E-2
3.28966612E+5	8.71820921E+1	-2.11529077E-10	8.70555990E+1	3.31837687E+0	8.71188226E+1	3.80994594E-2
3.52740116E+5	8.70068157E+1	-2.51395538E-10	8.68028169E+1	4.20803528E+0	8.69047564E+1	4.84401727E-2
3.78231664E+5	8.68365213E+1	-2.87365982E-10	8.65322006E+1	5.13160530E+0	8.66842274E+1	5.92334680E-2
4.05565415E+5	8.66670895E+1	-3.19376308E-10	8.62380499E+1	6.08270273E+0	8.64523036E+1	7.04172417E-2
4.34874501E+5	8.65193125E+1	-3.49103283E-10	8.59340006E+1	7.09211538E+0	8.62261599E+1	8.23431849E-2
4.66301673E+5	8.63732469E+1	-3.75597083E-10	8.55999054E+1	8.13619734E+0	8.59857067E+1	9.47644557E-2
NaN	NaN	NaN	NaN	NaN	NaN	NaN
