Start time:20240905_22-02-59	sweep/start:500.000	sweep/stop:500000.000	sweep/samplecount:100.000	sweep/xmapping:1.000	sweep/scan:0.000	sweep/averaging/sample:10.000	sweep/settling/time:0.100	sweep/settling/inaccuracy:0.010	sweep/awgcontrol:0.000	sweep/averaging/time:0.100	sweep/averaging/tc:15.000	sweep/bandwidthcontrol:2.000	sweep/sincfilter:0.000	sweep/omegasuppression:80.000	sweep/maxbandwidth:100.000	sweep/bandwidth:1250000.000	sweep/order:8.000	sweep/bandwidthoverlap:1.000																				
Frequency	Param0		Param1		RealZ		ImagZ		AbsZ		PhaseZ		
5.00000000E+2	8.66608293E+2	6.20963538E-7	2.24620427E+2	-3.79741418E+2	4.41200512E+2	-1.03664369E+0
5.36133611E+2	7.96413689E+2	5.98396104E-7	2.22631396E+2	-3.57410003E+2	4.21077975E+2	-1.01370711E+0
5.74878498E+2	7.34435622E+2	5.75194728E-7	2.20660281E+2	-3.36704295E+2	4.02567697E+2	-9.90666988E-1
6.16423370E+2	6.79610538E+2	5.51617206E-7	2.18650189E+2	-3.17472905E+2	3.85482759E+2	-9.67680479E-1
6.60970574E+2	6.30808802E+2	5.27841889E-7	2.16611052E+2	-2.99532620E+2	3.69648678E+2	-9.44692992E-1
7.08737081E+2	5.87618490E+2	5.03932314E-7	2.14548344E+2	-2.82916172E+2	3.55066980E+2	-9.21975155E-1
7.59955541E+2	5.49027861E+2	4.80096426E-7	2.12464092E+2	-2.67409251E+2	3.41538726E+2	-8.99400982E-1
8.14875417E+2	5.14706416E+2	4.56497146E-7	2.10322080E+2	-2.53019244E+2	3.29019936E+2	-8.77289218E-1
8.73764200E+2	4.84017709E+2	4.33272477E-7	2.08131292E+2	-2.39625936E+2	3.17394435E+2	-8.55621161E-1
9.36908711E+2	4.56536688E+2	4.10481368E-7	2.05924922E+2	-2.27172190E+2	3.06614219E+2	-8.34417760E-1
1.00461650E+3	4.31813441E+2	3.88332768E-7	2.03650231E+2	-2.15558542E+2	2.96544944E+2	-8.13797169E-1
1.07721735E+3	4.09634276E+2	3.66848485E-7	2.01343496E+2	-2.04787669E+2	2.87188431E+2	-7.93878409E-1
1.15506485E+3	3.89582031E+2	3.46128931E-7	1.98996130E+2	-1.94745605E+2	2.78433679E+2	-7.74603359E-1
1.23853818E+3	3.71417117E+2	3.26306329E-7	1.96567416E+2	-1.85390806E+2	2.70200854E+2	-7.56145166E-1
1.32804389E+3	3.54897793E+2	3.07321386E-7	1.94115754E+2	-1.76664441E+2	2.62471430E+2	-7.38366410E-1
1.42401793E+3	3.39841935E+2	2.89282685E-7	1.91597325E+2	-1.68532693E+2	2.55172108E+2	-7.21440225E-1
1.52692775E+3	3.26006312E+2	2.72174996E-7	1.89024432E+2	-1.60912774E+2	2.48240120E+2	-7.05236872E-1
1.63727458E+3	3.13303836E+2	2.55944592E-7	1.86435239E+2	-1.53794589E+2	2.41683419E+2	-6.89753815E-1
1.75559587E+3	3.01564837E+2	2.40634656E-7	1.83797278E+2	-1.47123605E+2	2.35428961E+2	-6.75025465E-1
1.88246790E+3	2.90665850E+2	2.26188711E-7	1.81133317E+2	-1.40854499E+2	2.29454286E+2	-6.60950383E-1
2.01850863E+3	2.80499001E+2	2.12606786E-7	1.78428227E+2	-1.34952978E+2	2.23716202E+2	-6.47548417E-1
2.16438064E+3	2.70997087E+2	1.99818478E-7	1.75711424E+2	-1.29393890E+2	2.18213848E+2	-6.34740129E-1
2.32079442E+3	2.62062489E+2	1.87793209E-7	1.72979169E+2	-1.24135240E+2	2.12911604E+2	-6.22461199E-1
2.48851178E+3	2.53628862E+2	1.76467141E-7	1.70250601E+2	-1.19143605E+2	2.07799100E+2	-6.10600534E-1
2.66834962E+3	2.45693013E+2	1.65834865E-7	1.67520943E+2	-1.14435389E+2	2.02876133E+2	-5.99300866E-1
2.86118383E+3	2.38149846E+2	1.55830502E-7	1.64798267E+2	-1.09946407E+2	1.98107753E+2	-5.88342360E-1
3.06795364E+3	2.30975259E+2	1.46409287E-7	1.62094961E+2	-1.05665267E+2	1.93493993E+2	-5.77690525E-1
3.28966612E+3	2.24158391E+2	1.37538655E-7	1.59419594E+2	-1.01590514E+2	1.89037667E+2	-5.67361532E-1
3.52740116E+3	2.17646768E+2	1.29171475E-7	1.56778229E+2	-9.76875704E+1	1.84722155E+2	-5.57227521E-1
3.78231664E+3	2.11439821E+2	1.21302461E-7	1.54164005E+2	-9.39673819E+1	1.80544758E+2	-5.47396435E-1
4.05565415E+3	2.05493925E+2	1.13857270E-7	1.51603619E+2	-9.03878597E+1	1.76503888E+2	-5.37629370E-1
4.34874501E+3	1.99800526E+2	1.06856482E-7	1.49069694E+2	-8.69622292E+1	1.72581005E+2	-5.28099014E-1
4.66301673E+3	1.94358481E+2	1.00227846E-7	1.46603239E+2	-8.36724141E+1	1.68800423E+2	-5.18627302E-1
5.00000000E+3	1.89146260E+2	9.39620626E-8	1.44194314E+2	-8.05097180E+1	1.65147858E+2	-5.09225123E-1
5.36133611E+3	1.84145040E+2	8.80534357E-8	1.41830613E+2	-7.74692247E+1	1.61608799E+2	-4.99928362E-1
5.74878498E+3	1.79352722E+2	8.24634721E-8	1.39530877E+2	-7.45411078E+1	1.58193687E+2	-4.90652528E-1
6.16423370E+3	1.74756372E+2	7.71773074E-8	1.37292678E+2	-7.17181337E+1	1.54895998E+2	-4.81386226E-1
6.60970574E+3	1.70343293E+2	7.21863209E-8	1.35108833E+2	-6.89962803E+1	1.51706570E+2	-4.72148612E-1
7.08737081E+3	1.66116522E+2	6.74720676E-8	1.32987136E+2	-6.63760656E+1	1.48631627E+2	-4.62940508E-1
7.59955541E+3	1.62054636E+2	6.30130036E-8	1.30926857E+2	-6.38393468E+1	1.45661608E+2	-4.53674859E-1
8.14875417E+3	1.58160488E+2	5.87993962E-8	1.28929900E+2	-6.13897113E+1	1.42799215E+2	-4.44384567E-1
8.73764200E+3	1.54438034E+2	5.48255969E-8	1.26996143E+2	-5.90340085E+1	1.40046544E+2	-4.35133373E-1
9.36908711E+3	1.50861507E+2	5.10730437E-8	1.25120618E+2	-5.67513507E+1	1.37389537E+2	-4.25821371E-1
1.00461650E+4	1.47427543E+2	4.75203734E-8	1.23312668E+2	-5.45313620E+1	1.34832057E+2	-4.16365499E-1
1.07721735E+4	1.44151146E+2	4.41738399E-8	1.21569414E+2	-5.23951129E+1	1.32379645E+2	-4.06932655E-1
1.15506485E+4	1.41010951E+2	4.10153758E-8	1.19888303E+2	-5.03225434E+1	1.30021396E+2	-3.97411405E-1
1.23853818E+4	1.37999376E+2	3.80404825E-8	1.18262754E+2	-4.83125982E+1	1.27750484E+2	-3.87828817E-1
1.32804389E+4	1.35121892E+2	3.52407458E-8	1.16697697E+2	-4.63687500E+1	1.25572344E+2	-3.78211816E-1
1.42401793E+4	1.32372718E+2	3.26049179E-8	1.15194242E+2	-4.44843957E+1	1.23485120E+2	-3.68526161E-1
1.52692775E+4	1.29742211E+2	3.01205049E-8	1.13752366E+2	-4.26483596E+1	1.21484499E+2	-3.58703019E-1
1.63727458E+4	1.27240612E+2	2.77917176E-8	1.12369800E+2	-4.08782340E+1	1.19574253E+2	-3.48900597E-1
1.75559587E+4	1.24853101E+2	2.56055663E-8	1.11043831E+2	-3.91590883E+1	1.17746196E+2	-3.39029513E-1
1.88246790E+4	1.22588185E+2	2.35505111E-8	1.09786642E+2	-3.74891767E+1	1.16010970E+2	-3.29058300E-1
2.01850863E+4	1.20435876E+2	2.16354060E-8	1.08578055E+2	-3.58817367E+1	1.14353370E+2	-3.19170904E-1
2.16438064E+4	1.18386383E+2	1.98421948E-8	1.07423855E+2	-3.43167144E+1	1.12771989E+2	-3.09205337E-1
2.32079442E+4	1.16442129E+2	1.81683936E-8	1.06323627E+2	-3.27999352E+1	1.11267918E+2	-2.99228840E-1
2.48851178E+4	1.14611516E+2	1.66099545E-8	1.05283428E+2	-3.13383611E+1	1.09848502E+2	-2.89305972E-1
2.66834962E+4	1.12864645E+2	1.51574227E-8	1.04285651E+2	-2.99109656E+1	1.08490382E+2	-2.79319456E-1
2.86118383E+4	1.11218474E+2	1.38110111E-8	1.03338610E+2	-2.85358394E+1	1.07206168E+2	-2.69424991E-1
3.06795364E+4	1.09666380E+2	1.25631710E-8	1.02440751E+2	-2.72065948E+1	1.05992010E+2	-2.59591062E-1
3.28966612E+4	1.08201418E+2	1.14096355E-8	1.01586723E+2	-2.59222899E+1	1.04841916E+2	-2.49842345E-1
3.52740116E+4	1.06818268E+2	1.03424405E-8	1.00776476E+2	-2.46753003E+1	1.03753403E+2	-2.40127449E-1
3.78231664E+4	1.05519873E+2	9.36040472E-9	1.00009577E+2	-2.34751419E+1	1.02727785E+2	-2.30555070E-1
4.05565415E+4	1.04296250E+2	8.45445181E-9	9.92835998E+1	-2.23086061E+1	1.01759064E+2	-2.21024866E-1
4.34874501E+4	1.03145532E+2	7.62251649E-9	9.85952210E+1	-2.11810978E+1	1.00844715E+2	-2.11612566E-1
4.66301673E+4	1.02072197E+2	6.85963105E-9	9.79501291E+1	-2.00937075E+1	9.99899241E+1	-2.02335082E-1
5.00000000E+4	1.01055936E+2	6.16163500E-9	9.73314318E+1	-1.90397298E+1	9.91762016E+1	-1.93178073E-1
5.36133611E+4	1.00103736E+2	5.52404798E-9	9.67466892E+1	-1.80217410E+1	9.84108990E+1	-1.84166803E-1
5.74878498E+4	9.92063800E+1	4.94192849E-9	9.61898119E+1	-1.70341737E+1	9.76864527E+1	-1.75272032E-1
6.16423370E+4	9.83682624E+1	4.41186749E-9	9.56653761E+1	-1.60801914E+1	9.70074060E+1	-1.66531170E-1
6.60970574E+4	9.75765184E+1	3.92835247E-9	9.51648795E+1	-1.51493658E+1	9.63631549E+1	-1.57866085E-1
7.08737081E+4	9.68407602E+1	3.48945252E-9	9.46964154E+1	-1.42499731E+1	9.57625859E+1	-1.49359936E-1
7.59955541E+4	9.61444224E+1	3.09143714E-9	9.42461059E+1	-1.33756832E+1	9.51905321E+1	-1.40981405E-1
8.14875417E+4	9.54924915E+1	2.73019143E-9	9.38207626E+1	-1.25236915E+1	9.46529364E+1	-1.32700830E-1
8.73764200E+4	9.48802740E+1	2.40343065E-9	9.34161249E+1	-1.16950875E+1	9.41453532E+1	-1.24545471E-1
9.36908711E+4	9.43026155E+1	2.10718959E-9	9.30296100E+1	-1.08824255E+1	9.36639501E+1	-1.16448850E-1
1.00461650E+5	9.37607472E+1	1.84083607E-9	9.26609075E+1	-1.00951530E+1	9.32092052E+1	-1.08519264E-1
1.07721735E+5	9.32479084E+1	1.59954495E-9	9.23071610E+1	-9.31867457E+0	9.27763423E+1	-1.00612018E-1
1.15506485E+5	9.27670424E+1	1.38171516E-9	9.19711602E+1	-8.55559329E+0	9.23682441E+1	-9.27577922E-2
1.23853818E+5	9.23159345E+1	1.18537498E-9	9.16513006E+1	-7.80477400E+0	9.19830172E+1	-8.49523075E-2
1.32804389E+5	9.18856783E+1	1.00813996E-9	9.13399353E+1	-7.06027593E+0	9.16124004E+1	-7.71433054E-2
1.42401793E+5	9.14759562E+1	8.48813957E-10	9.10365705E+1	-6.32456562E+0	9.12559989E+1	-6.93613534E-2
1.52692775E+5	9.10929376E+1	7.04880975E-10	9.07485577E+1	-5.59034476E+0	9.09205846E+1	-6.15248259E-2
1.63727458E+5	9.07265952E+1	5.75770599E-10	9.04653468E+1	-4.86147137E+0	9.05958769E+1	-5.36868531E-2
1.75559587E+5	9.03810099E+1	4.59703927E-10	9.01915635E+1	-4.13357425E+0	9.02862370E+1	-4.57990030E-2
1.88246790E+5	9.00505541E+1	3.55924669E-10	8.99176815E+1	-3.40869281E+0	8.99840907E+1	-3.78905212E-2
2.01850863E+5	8.97407264E+1	2.60728562E-10	8.96617700E+1	-2.66070026E+0	8.97012395E+1	-2.96661525E-2
2.16438064E+5	8.94425636E+1	1.76235406E-10	8.94014817E+1	-1.91644182E+0	8.94220203E+1	-2.14330713E-2
2.32079442E+5	8.91607887E+1	9.97915221E-11	8.91457819E+1	-1.15660431E+0	8.91532850E+1	-1.29735754E-2
2.48851178E+5	8.88884696E+1	3.11929623E-11	8.88867984E+1	-3.85352990E-1	8.88876340E+1	-4.33529667E-3
2.66834962E+5	8.86301325E+1	-3.08004296E-11	8.86282732E+1	4.05632130E-1	8.86292028E+1	4.57675199E-3
2.86118383E+5	8.83825170E+1	-8.60541531E-11	8.83659964E+1	1.20822863E+0	8.83742563E+1	1.36721503E-2
3.06795364E+5	8.81417018E+1	-1.36414185E-10	8.80943764E+1	2.04182202E+0	8.81180359E+1	2.31735147E-2
3.28966612E+5	8.79144849E+1	-1.81692289E-10	8.78187543E+1	2.89945204E+0	8.78666066E+1	3.30043288E-2
3.52740116E+5	8.76949423E+1	-2.22716852E-10	8.75309250E+1	3.78899364E+0	8.76128953E+1	4.32604776E-2
3.78231664E+5	8.74841383E+1	-2.59583316E-10	8.72300660E+1	4.70771427E+0	8.73570098E+1	5.39166312E-2
4.05565415E+5	8.72819410E+1	-2.92811214E-10	8.69133080E+1	5.66029600E+0	8.70974295E+1	6.50339288E-2
4.34874501E+5	8.70922281E+1	-3.24000614E-10	8.65775389E+1	6.67535270E+0	8.68345022E+1	7.69503532E-2
4.66301673E+5	8.69118158E+1	-3.51587344E-10	8.62207292E+1	7.71916897E+0	8.65655828E+1	8.92899439E-2
NaN	NaN	NaN	NaN	NaN	NaN	NaN
