Start time:20240905_19-50-52	sweep/start:500.000	sweep/stop:500000.000	sweep/samplecount:100.000	sweep/xmapping:1.000	sweep/scan:0.000	sweep/averaging/sample:10.000	sweep/settling/time:0.100	sweep/settling/inaccuracy:0.010	sweep/awgcontrol:0.000	sweep/averaging/time:0.100	sweep/averaging/tc:15.000	sweep/bandwidthcontrol:2.000	sweep/sincfilter:0.000	sweep/omegasuppression:80.000	sweep/maxbandwidth:100.000	sweep/bandwidth:1250000.000	sweep/order:8.000	sweep/bandwidthoverlap:1.000																				
Frequency	Param0		Param1		RealZ		ImagZ		AbsZ		PhaseZ		
5.00000000E+2	8.86130573E+2	6.11894631E-7	2.27115557E+2	-3.86875333E+2	4.48613430E+2	-1.03995256E+0
5.36133611E+2	8.13793109E+2	5.89893977E-7	2.25111912E+2	-3.64031744E+2	4.28012259E+2	-1.01696773E+0
5.74878498E+2	7.49850644E+2	5.67264819E-7	2.23126147E+2	-3.42820610E+2	4.09036990E+2	-9.93821026E-1
6.16423370E+2	6.93305412E+2	5.44095796E-7	2.21177822E+2	-3.23147221E+2	3.91591322E+2	-9.70583649E-1
6.60970574E+2	6.43006221E+2	5.20709776E-7	2.19193687E+2	-3.04790117E+2	3.75423618E+2	-9.47324925E-1
7.08737081E+2	5.98409842E+2	4.97138915E-7	2.17206782E+2	-2.87749681E+2	3.60525546E+2	-9.24200800E-1
7.59955541E+2	5.58825217E+2	4.73551095E-7	2.15206393E+2	-2.71935557E+2	3.46789196E+2	-9.01329043E-1
8.14875417E+2	5.23567341E+2	4.50147605E-7	2.13168474E+2	-2.57229945E+2	3.34077904E+2	-8.78794063E-1
8.73764200E+2	4.92166951E+2	4.27042281E-7	2.11101855E+2	-2.43584389E+2	3.22331121E+2	-8.56716450E-1
9.36908711E+2	4.64141909E+2	4.04354866E-7	2.09014372E+2	-2.30922747E+2	3.11468018E+2	-8.35155948E-1
1.00461650E+3	4.39050598E+2	3.82335284E-7	2.06832255E+2	-2.19158019E+2	3.01346681E+2	-8.14324476E-1
1.07721735E+3	4.16538793E+2	3.60905954E-7	2.04657386E+2	-2.08238059E+2	2.91972152E+2	-7.94070042E-1
1.15506485E+3	3.96332855E+2	3.40308391E-7	2.02400672E+2	-1.98121174E+2	2.83227883E+2	-7.74713765E-1
1.23853818E+3	3.78067013E+2	3.20593541E-7	2.00071110E+2	-1.88710980E+2	2.75027790E+2	-7.56186692E-1
1.32804389E+3	3.61564517E+2	3.01786664E-7	1.97683901E+2	-1.79990435E+2	2.67348991E+2	-7.38583921E-1
1.42401793E+3	3.46515751E+2	2.83910213E-7	1.95240367E+2	-1.71857671E+2	2.60103559E+2	-7.21788046E-1
1.52692775E+3	3.32831863E+2	2.66982384E-7	1.92745479E+2	-1.64319854E+2	2.53282127E+2	-7.05956672E-1
1.63727458E+3	3.20240311E+2	2.51045802E-7	1.90165635E+2	-1.57275972E+2	2.46776622E+2	-6.91016988E-1
1.75559587E+3	3.08672252E+2	2.36090539E-7	1.87506898E+2	-1.50729355E+2	2.40578835E+2	-6.77090355E-1
1.88246790E+3	2.97956094E+2	2.22057606E-7	1.84787919E+2	-1.44610202E+2	2.34645874E+2	-6.64024585E-1
2.01850863E+3	2.87956770E+2	2.08913113E-7	1.82007769E+2	-1.38865188E+2	2.28933110E+2	-6.51745924E-1
2.16438064E+3	2.78598030E+2	1.96614720E-7	1.79174179E+2	-1.33469796E+2	2.23422410E+2	-6.40239699E-1
2.32079442E+3	2.69789554E+2	1.85142873E-7	1.76273752E+2	-1.28391513E+2	2.18075255E+2	-6.29509877E-1
2.48851178E+3	2.61461861E+2	1.74390546E-7	1.73351186E+2	-1.23588387E+2	2.12896039E+2	-6.19355515E-1
2.66834962E+3	2.53540893E+2	1.64360849E-7	1.70375181E+2	-1.19035174E+2	2.07839061E+2	-6.09829425E-1
2.86118383E+3	2.45978693E+2	1.54945560E-7	1.67393204E+2	-1.14693835E+2	2.02916636E+2	-6.00707648E-1
3.06795364E+3	2.38734100E+2	1.46128165E-7	1.64392006E+2	-1.10549743E+2	1.98105975E+2	-5.92013943E-1
3.28966612E+3	2.31775901E+2	1.37835532E-7	1.61399788E+2	-1.06577153E+2	1.93412981E+2	-5.83602975E-1
3.52740116E+3	2.25076230E+2	1.30052854E-7	1.58405118E+2	-1.02766944E+2	1.88820620E+2	-5.75503200E-1
3.78231664E+3	2.18594685E+2	1.22700631E-7	1.55439431E+2	-9.90798490E+1	1.84331856E+2	-5.67479127E-1
4.05565415E+3	2.12322794E+2	1.15767680E-7	1.52494793E+2	-9.55167957E+1	1.79939213E+2	-5.59577433E-1
4.34874501E+3	2.06253592E+2	1.09202248E-7	1.49594515E+2	-9.20645794E+1	1.75654223E+2	-5.51686093E-1
4.66301673E+3	2.00388801E+2	1.02976648E-7	1.46748450E+2	-8.87222525E+1	1.71483952E+2	-5.43785705E-1
5.00000000E+3	1.94717654E+2	9.70521905E-8	1.43971976E+2	-8.54748815E+1	1.67433227E+2	-5.35767691E-1
5.36133611E+3	1.89235726E+2	9.14287467E-8	1.41253794E+2	-8.23263608E+1	1.63493927E+2	-5.27695714E-1
5.74878498E+3	1.83921308E+2	8.60717351E-8	1.38603313E+2	-7.92541743E+1	1.59662465E+2	-5.19430420E-1
6.16423370E+3	1.78790631E+2	8.09569030E-8	1.36037055E+2	-7.62631650E+1	1.55955605E+2	-5.10949395E-1
6.60970574E+3	1.73837776E+2	7.60826045E-8	1.33546177E+2	-7.33538605E+1	1.52365909E+2	-5.02288055E-1
7.08737081E+3	1.69079330E+2	7.14230524E-8	1.31151285E+2	-7.05288003E+1	1.48912630E+2	-4.93402592E-1
7.59955541E+3	1.64475791E+2	6.69854268E-8	1.28822960E+2	-6.77709596E+1	1.45561871E+2	-4.84291912E-1
8.14875417E+3	1.60063181E+2	6.27449408E-8	1.26590920E+2	-6.50944250E+1	1.42346568E+2	-4.74951552E-1
8.73764200E+3	1.55822745E+2	5.86933429E-8	1.24448269E+2	-6.24859914E+1	1.39254698E+2	-4.65329509E-1
9.36908711E+3	1.51757519E+2	5.48344281E-8	1.22387816E+2	-5.99540968E+1	1.36283790E+2	-4.55510668E-1
1.00461650E+4	1.47868506E+2	5.11540920E-8	1.20417302E+2	-5.74943452E+1	1.33438849E+2	-4.45452884E-1
1.07721735E+4	1.44150262E+2	4.76482015E-8	1.18533151E+2	-5.51042356E+1	1.30715664E+2	-4.35162778E-1
1.15506485E+4	1.40605500E+2	4.43126945E-8	1.16736233E+2	-5.27864402E+1	1.28116183E+2	-4.24669962E-1
1.23853818E+4	1.37218149E+2	4.11413796E-8	1.15019316E+2	-5.05301343E+1	1.25629366E+2	-4.13935922E-1
1.32804389E+4	1.34002231E+2	3.81361638E-8	1.13384681E+2	-4.83499144E+1	1.23263134E+2	-4.03075909E-1
1.42401793E+4	1.30938299E+2	3.52877331E-8	1.11825946E+2	-4.62304754E+1	1.21005368E+2	-3.92016907E-1
1.52692775E+4	1.28027634E+2	3.25917932E-8	1.10344074E+2	-4.41732488E+1	1.18857439E+2	-3.80784623E-1
1.63727458E+4	1.25286631E+2	3.00439364E-8	1.08950305E+2	-4.21882393E+1	1.16833286E+2	-3.69444828E-1
1.75559587E+4	1.22684397E+2	2.76482859E-8	1.07618016E+2	-4.02667836E+1	1.14904532E+2	-3.58037507E-1
1.88246790E+4	1.20231088E+2	2.53900736E-8	1.06364401E+2	-3.84047095E+1	1.13085400E+2	-3.46500125E-1
2.01850863E+4	1.17919444E+2	2.32761473E-8	1.05174852E+2	-3.66116162E+1	1.11364985E+2	-3.34983291E-1
2.16438064E+4	1.15739134E+2	2.12914944E-8	1.04053398E+2	-3.48703375E+1	1.09740832E+2	-3.23357368E-1
2.32079442E+4	1.13690822E+2	1.94394750E-8	1.02993774E+2	-3.31923073E+1	1.08210198E+2	-3.11765162E-1
2.48851178E+4	1.11765700E+2	1.77126770E-8	1.01993400E+2	-3.15707124E+1	1.06767803E+2	-3.00183039E-1
2.66834962E+4	1.09964765E+2	1.61080778E-8	1.01052524E+2	-3.00100716E+1	1.05414501E+2	-2.88679244E-1
2.86118383E+4	1.08280587E+2	1.46197195E-8	1.00167996E+2	-2.85065237E+1	1.04145328E+2	-2.77257271E-1
3.06795364E+4	1.06708301E+2	1.32392516E-8	9.93409880E+1	-2.70532080E+1	1.02958769E+2	-2.65879213E-1
3.28966612E+4	1.05240302E+2	1.19672338E-8	9.85611563E+1	-2.56574413E+1	1.01845991E+2	-2.54667782E-1
3.52740116E+4	1.03870278E+2	1.07967369E-8	9.78266950E+1	-2.43150917E+1	1.00803204E+2	-2.43616060E-1
3.78231664E+4	1.02590422E+2	9.71914011E-9	9.71362815E+1	-2.30172742E+1	9.98261096E+1	-2.32667214E-1
4.05565415E+4	1.01404619E+2	8.73334688E-9	9.64905282E+1	-2.17752883E+1	9.89170626E+1	-2.21954736E-1
4.34874501E+4	1.00300061E+2	7.83071941E-9	9.58839565E+1	-2.05775000E+1	9.80671537E+1	-2.11401808E-1
4.66301673E+4	9.92747739E+1	7.00611499E-9	9.53166022E+1	-1.94236818E+1	9.72755577E+1	-2.01028171E-1
5.00000000E+4	9.83208687E+1	6.25677407E-9	9.47807933E+1	-1.83175079E+1	9.65346048E+1	-1.90908219E-1
5.36133611E+4	9.74323457E+1	5.57351577E-9	9.42774958E+1	-1.72461965E+1	9.58419405E+1	-1.80929675E-1
5.74878498E+4	9.66091484E+1	4.95358269E-9	9.38061768E+1	-1.62153018E+1	9.51973469E+1	-1.71168154E-1
6.16423370E+4	9.58442968E+1	4.39362088E-9	9.33608186E+1	-1.52269341E+1	9.45944079E+1	-1.61674165E-1
6.60970574E+4	9.51330036E+1	3.88563788E-9	9.29425909E+1	-1.42682369E+1	9.40314194E+1	-1.52327443E-1
7.08737081E+4	9.44761845E+1	3.42704081E-9	9.25522062E+1	-1.33442270E+1	9.35092472E+1	-1.43193742E-1
7.59955541E+4	9.38618036E+1	3.01387968E-9	9.21798963E+1	-1.24514255E+1	9.30170485E+1	-1.34264793E-1
8.14875417E+4	9.32892000E+1	2.64137976E-9	9.18275621E+1	-1.15852751E+1	9.25554958E+1	-1.25500307E-1
8.73764200E+4	9.27572859E+1	2.30598342E-9	9.14955836E+1	-1.07443083E+1	9.21242748E+1	-1.16894448E-1
9.36908711E+4	9.22604948E+1	2.00442875E-9	9.11798914E+1	-9.92619061E+0	9.17186017E+1	-1.08436786E-1
1.00461650E+5	9.18009225E+1	1.73398630E-9	9.08833711E+1	-9.13181916E+0	9.13409947E+1	-1.00142332E-1
1.07721735E+5	9.13659914E+1	1.49136206E-9	9.05954284E+1	-8.35520568E+0	9.09798941E+1	-9.19653178E-2
1.15506485E+5	9.09648874E+1	1.27326179E-9	9.03266655E+1	-7.59265559E+0	9.06452148E+1	-8.38606022E-2
1.23853818E+5	9.05873277E+1	1.07843535E-9	9.00667728E+1	-6.84723841E+0	9.03266753E+1	-7.58780631E-2
1.32804389E+5	9.02252657E+1	9.03797100E-10	8.98094409E+1	-6.11101626E+0	9.00171132E+1	-6.79395222E-2
1.42401793E+5	8.98943548E+1	7.47041465E-10	8.95709750E+1	-5.38195127E+0	8.97325192E+1	-6.00137308E-2
1.52692775E+5	8.95851016E+1	6.06913329E-10	8.93420053E+1	-4.66032817E+0	8.94634709E+1	-5.21155564E-2
1.63727458E+5	8.92842915E+1	4.81332735E-10	8.91101221E+1	-3.93957040E+0	8.91971643E+1	-4.41813646E-2
1.75559587E+5	8.90054640E+1	3.69733673E-10	8.88883345E+1	-3.22667240E+0	8.89468799E+1	-3.62843584E-2
1.88246790E+5	8.87626741E+1	2.71128302E-10	8.86870725E+1	-2.52441449E+0	8.87248637E+1	-2.84564102E-2
2.01850863E+5	8.84936389E+1	1.79460342E-10	8.84577532E+1	-1.78166865E+0	8.84756942E+1	-2.01387407E-2
2.16438064E+5	8.82607271E+1	9.90108389E-11	8.82482633E+1	-1.04874490E+0	8.82544950E+1	-1.18834701E-2
2.32079442E+5	8.80339674E+1	2.70789815E-11	8.80329032E+1	-3.06015856E-1	8.80334353E+1	-3.47614010E-3
2.48851178E+5	8.78177100E+1	-3.70946348E-11	8.78154311E+1	4.47284477E-1	8.78165705E+1	5.09341574E-3
2.66834962E+5	8.76195011E+1	-9.48496369E-11	8.76024910E+1	1.22060650E+0	8.76109956E+1	1.39325634E-2
2.86118383E+5	8.74265947E+1	-1.46573077E-10	8.73802215E+1	2.01296645E+0	8.74034050E+1	2.30327920E-2
3.06795364E+5	8.72405862E+1	-1.93040226E-10	8.71487414E+1	2.82915116E+0	8.71946517E+1	3.24520806E-2
3.28966612E+5	8.70700465E+1	-2.34332737E-10	8.69154603E+1	3.66547716E+0	8.69927191E+1	4.21479232E-2
3.52740116E+5	8.68971749E+1	-2.71893758E-10	8.66595462E+1	4.53791084E+0	8.67782792E+1	5.23170314E-2
3.78231664E+5	8.67431029E+1	-3.05858831E-10	8.63996223E+1	5.44760429E+0	8.65711922E+1	6.29678982E-2
4.05565415E+5	8.65926489E+1	-3.35783874E-10	8.61198591E+1	6.38094359E+0	8.63559304E+1	7.39586124E-2
4.34874501E+5	8.64442698E+1	-3.63660067E-10	8.58111355E+1	7.37087827E+0	8.61271209E+1	8.56862037E-2
4.66301673E+5	8.63181177E+1	-3.88569740E-10	8.54925265E+1	8.40129036E+0	8.59043303E+1	9.79547818E-2
5.00000000E+5	8.61883496E+1	-4.11365465E-10	8.51321470E+1	9.48243564E+0	8.56586204E+1	1.10927653E-1
