Start time:20240904_22-32-06	sweep/start:500.000	sweep/stop:500000.000	sweep/samplecount:100.000	sweep/xmapping:1.000	sweep/scan:0.000	sweep/averaging/sample:10.000	sweep/settling/time:0.100	sweep/settling/inaccuracy:0.010	sweep/awgcontrol:0.000	sweep/averaging/time:0.100	sweep/averaging/tc:15.000	sweep/bandwidthcontrol:2.000	sweep/sincfilter:0.000	sweep/omegasuppression:80.000	sweep/maxbandwidth:100.000	sweep/bandwidth:1250000.000	sweep/order:8.000	sweep/bandwidthoverlap:1.000																				
Frequency	Param0		Param1		RealZ		ImagZ		AbsZ		PhaseZ		
5.00000000E+2	9.48271829E+2	6.33203054E-7	2.08028594E+2	-3.92417813E+2	4.44148219E+2	-1.08334393E+0
5.36133611E+2	8.65342698E+2	6.13381093E-7	2.06181194E+2	-3.68655222E+2	4.22394798E+2	-1.06085690E+0
5.74878498E+2	7.91773001E+2	5.92945903E-7	2.04291706E+2	-3.46435427E+2	4.02184807E+2	-1.03798751E+0
6.16423370E+2	7.26897674E+2	5.71774709E-7	2.02406295E+2	-3.25822541E+2	3.83573519E+2	-1.01492245E+0
6.60970574E+2	6.69141121E+2	5.49962318E-7	2.00597257E+2	-3.06575573E+2	3.66371193E+2	-9.91393096E-1
7.08737081E+2	6.17921412E+2	5.27630849E-7	1.98820683E+2	-2.88662220E+2	3.50507556E+2	-9.67649923E-1
7.59955541E+2	5.72399967E+2	5.04950732E-7	1.97057929E+2	-2.71963439E+2	3.35851074E+2	-9.43766728E-1
8.14875417E+2	5.32042255E+2	4.82013011E-7	1.95312367E+2	-2.56451760E+2	3.22357609E+2	-9.19915652E-1
8.73764200E+2	4.96090623E+2	4.59000418E-7	1.93575579E+2	-2.41990735E+2	3.09888729E+2	-8.96098246E-1
9.36908711E+2	4.64168935E+2	4.36025480E-7	1.91846339E+2	-2.28569653E+2	2.98410969E+2	-8.72526955E-1
1.00461650E+3	4.35732934E+2	4.13259848E-7	1.90114048E+2	-2.16091634E+2	2.87817561E+2	-8.49262998E-1
1.07721735E+3	4.10338585E+2	3.90816012E-7	1.88389701E+2	-2.04481977E+2	2.78035179E+2	-8.26335922E-1
1.15506485E+3	3.87678232E+2	3.68914234E-7	1.86619453E+2	-1.93704607E+2	2.68976388E+2	-8.04025259E-1
1.23853818E+3	3.67409133E+2	3.47588165E-7	1.84844864E+2	-1.83701021E+2	2.60602552E+2	-7.82294508E-1
1.32804389E+3	3.49234454E+2	3.26975763E-7	1.83044140E+2	-1.74413766E+2	2.52834570E+2	-7.61259102E-1
1.42401793E+3	3.32933313E+2	3.07183397E-7	1.81204202E+2	-1.65812997E+2	2.45619450E+2	-7.41074352E-1
1.52692775E+3	3.18210281E+2	2.88212154E-7	1.79354853E+2	-1.57811258E+2	2.38898634E+2	-7.21588813E-1
1.63727458E+3	3.04893365E+2	2.70246976E-7	1.77419395E+2	-1.50387345E+2	2.32581160E+2	-7.03120950E-1
1.75559587E+3	2.92866295E+2	2.53204387E-7	1.75463754E+2	-1.43526616E+2	2.26687933E+2	-6.85611250E-1
1.88246790E+3	2.81867695E+2	2.37139145E-7	1.73452128E+2	-1.37130996E+2	2.21112078E+2	-6.68981983E-1
2.01850863E+3	2.71808569E+2	2.22046148E-7	1.71389244E+2	-1.31189905E+2	2.15835736E+2	-6.53316036E-1
2.16438064E+3	2.62561256E+2	2.07911437E-7	1.69272198E+2	-1.25663213E+2	2.10818217E+2	-6.38602326E-1
2.32079442E+3	2.53996443E+2	1.94729720E-7	1.67083246E+2	-1.20506176E+2	2.06006189E+2	-6.24835508E-1
2.48851178E+3	2.46033501E+2	1.82422330E-7	1.64849398E+2	-1.15685566E+2	2.01391347E+2	-6.11909660E-1
2.66834962E+3	2.38603547E+2	1.70941363E-7	1.62578532E+2	-1.11175695E+2	1.96956377E+2	-5.99789374E-1
2.86118383E+3	2.31592591E+2	1.60277821E-7	1.60239017E+2	-1.06928135E+2	1.92639999E+2	-5.88443692E-1
3.06795364E+3	2.24989503E+2	1.50354423E-7	1.57862937E+2	-1.02940743E+2	1.88460881E+2	-5.77842621E-1
3.28966612E+3	2.18713815E+2	1.41121064E-7	1.55446391E+2	-9.91700174E+1	1.84386206E+2	-5.67871203E-1
3.52740116E+3	2.12717908E+2	1.32509564E-7	1.53004069E+2	-9.55848310E+1	1.80407055E+2	-5.58398546E-1
3.78231664E+3	2.06952684E+2	1.24481452E-7	1.50530355E+2	-9.21589544E+1	1.76501164E+2	-5.49362466E-1
4.05565415E+3	2.01408802E+2	1.16980783E-7	1.48043690E+2	-8.88840129E+1	1.72676872E+2	-5.40706519E-1
4.34874501E+3	1.96055471E+2	1.09955314E-7	1.45554162E+2	-8.57360808E+1	1.68928061E+2	-5.32315869E-1
4.66301673E+3	1.90884084E+2	1.03357303E-7	1.43077574E+2	-8.27045290E+1	1.65261101E+2	-5.24115751E-1
5.00000000E+3	1.85869598E+2	9.71402582E-8	1.40624150E+2	-7.97659223E+1	1.61671748E+2	-5.15973622E-1
5.36133611E+3	1.81015231E+2	9.12919689E-8	1.38191649E+2	-7.69276363E+1	1.58160657E+2	-5.07952419E-1
5.74878498E+3	1.76287964E+2	8.57673656E-8	1.35787418E+2	-7.41583740E+1	1.54718091E+2	-4.99871633E-1
6.16423370E+3	1.71715521E+2	8.05223114E-8	1.33444491E+2	-7.14636829E+1	1.51375329E+2	-4.91666874E-1
6.60970574E+3	1.67278175E+2	7.55573930E-8	1.31144863E+2	-6.88382024E+1	1.48113718E+2	-4.83370183E-1
7.08737081E+3	1.62992240E+2	7.08429765E-8	1.28909008E+2	-6.62845047E+1	1.44952295E+2	-4.74939857E-1
7.59955541E+3	1.58832317E+2	6.63592632E-8	1.26732357E+2	-6.37816860E+1	1.41877391E+2	-4.66267063E-1
8.14875417E+3	1.54818715E+2	6.20988076E-8	1.24622524E+2	-6.13443181E+1	1.38902480E+2	-4.57421179E-1
8.73764200E+3	1.50951451E+2	5.80440005E-8	1.22586600E+2	-5.89673676E+1	1.36031706E+2	-4.48353687E-1
9.36908711E+3	1.47237544E+2	5.41795520E-8	1.20634377E+2	-5.66502988E+1	1.33273814E+2	-4.39035894E-1
1.00461650E+4	1.43665979E+2	5.05075972E-8	1.18752973E+2	-5.43920350E+1	1.30616853E+2	-4.29508868E-1
1.07721735E+4	1.40242219E+2	4.70187196E-8	1.16947543E+2	-5.21943954E+1	1.28066322E+2	-4.19777790E-1
1.15506485E+4	1.36965341E+2	4.37033934E-8	1.15220597E+2	-5.00543930E+1	1.25623359E+2	-4.09824246E-1
1.23853818E+4	1.33837274E+2	4.05548326E-8	1.13574505E+2	-4.79722199E+1	1.23290317E+2	-3.99654027E-1
1.32804389E+4	1.30843951E+2	3.75786898E-8	1.11991782E+2	-4.59487536E+1	1.21051424E+2	-3.89342761E-1
1.42401793E+4	1.28000433E+2	3.47578190E-8	1.10491926E+2	-4.39835041E+1	1.18924406E+2	-3.78841346E-1
1.52692775E+4	1.25300545E+2	3.20967525E-8	1.09063589E+2	-4.20815951E+1	1.16900501E+2	-3.68244190E-1
1.63727458E+4	1.22731570E+2	2.95886177E-8	1.07700726E+2	-4.02347197E+1	1.14970776E+2	-3.57524200E-1
1.75559587E+4	1.20293742E+2	2.72245967E-8	1.06407349E+2	-3.84397478E+1	1.13137695E+2	-3.46662498E-1
1.88246790E+4	1.17999458E+2	2.50102877E-8	1.05183266E+2	-3.67157833E+1	1.11407219E+2	-3.35841500E-1
2.01850863E+4	1.15820228E+2	2.29250105E-8	1.04024018E+2	-3.50298324E+1	1.09763771E+2	-3.24820190E-1
2.16438064E+4	1.13772704E+2	2.09776471E-8	1.02929523E+2	-3.34078341E+1	1.08215387E+2	-3.13842920E-1
2.32079442E+4	1.11835640E+2	1.91599091E-8	1.01888346E+2	-3.18357227E+1	1.06746187E+2	-3.02845657E-1
2.48851178E+4	1.10011061E+2	1.74719854E-8	1.00897717E+2	-3.03235134E+1	1.05355897E+2	-2.91949527E-1
2.66834962E+4	1.08293460E+2	1.58951309E-8	9.99674574E+1	-2.88501171E+1	1.04047210E+2	-2.80961010E-1
2.86118383E+4	1.06687288E+2	1.44369502E-8	9.90900197E+1	-2.74374457E+1	1.02818507E+2	-2.70126323E-1
3.06795364E+4	1.05178473E+2	1.30852469E-8	9.82623597E+1	-2.60690157E+1	1.01661620E+2	-2.59326134E-1
3.28966612E+4	1.03765520E+2	1.18381052E-8	9.74812477E+1	-2.47507311E+1	1.00574313E+2	-2.48648205E-1
3.52740116E+4	1.02442165E+2	1.06870709E-8	9.67460643E+1	-2.34749926E+1	9.95533839E+1	-2.38044848E-1
3.78231664E+4	1.01201439E+2	9.63019906E-9	9.60490065E+1	-2.22460331E+1	9.85915701E+1	-2.27598172E-1
4.05565415E+4	1.00043182E+2	8.65746236E-9	9.53962215E+1	-2.10547479E+1	9.76920751E+1	-2.17225909E-1
4.34874501E+4	9.89682973E+1	7.76834638E-9	9.47853883E+1	-1.99117706E+1	9.68542641E+1	-2.07061300E-1
4.66301673E+4	9.79622295E+1	6.95688753E-9	9.42062706E+1	-1.88104983E+1	9.60658956E+1	-1.97081622E-1
5.00000000E+4	9.70248522E+1	6.21457405E-9	9.36639117E+1	-1.77425698E+1	9.53295715E+1	-1.87209842E-1
5.36133611E+4	9.61510488E+1	5.53799959E-9	9.31538165E+1	-1.67093865E+1	9.46405682E+1	-1.77486660E-1
5.74878498E+4	9.53356520E+1	4.92462752E-9	9.26705661E+1	-1.57154376E+1	9.39936639E+1	-1.67985733E-1
6.16423370E+4	9.45784709E+1	4.36729828E-9	9.22182898E+1	-1.47530280E+1	9.33909248E+1	-1.58635191E-1
6.60970574E+4	9.38733646E+1	3.86194731E-9	9.17925706E+1	-1.38203248E+1	9.28271374E+1	-1.49437957E-1
7.08737081E+4	9.32171120E+1	3.40431262E-9	9.13920044E+1	-1.29151157E+1	9.23000472E+1	-1.40386016E-1
7.59955541E+4	9.26086481E+1	2.99123307E-9	9.10162246E+1	-1.20389514E+1	9.18089838E+1	-1.31509169E-1
8.14875417E+4	9.20384790E+1	2.61840736E-9	9.06582132E+1	-1.11862594E+1	9.13457391E+1	-1.22768825E-1
8.73764200E+4	9.15090730E+1	2.28283044E-9	9.03210821E+1	-1.03585998E+1	9.09131371E+1	-1.14187510E-1
9.36908711E+4	9.10182254E+1	1.97980686E-9	9.00054211E+1	-9.54766117E+0	9.05104066E+1	-1.05683509E-1
1.00461650E+5	9.05608310E+1	1.70859848E-9	8.97050976E+1	-8.76148455E+0	9.01319487E+1	-9.73610588E-2
1.07721735E+5	9.01334488E+1	1.46422271E-9	8.94199599E+1	-7.98749858E+0	8.97759955E+1	-8.90892315E-2
1.15506485E+5	8.97378970E+1	1.24527594E-9	8.91515099E+1	-7.23030171E+0	8.94442229E+1	-8.09241677E-2
1.23853818E+5	8.93652930E+1	1.04837309E-9	8.88927788E+1	-6.48097717E+0	8.91287228E+1	-7.27790316E-2
1.32804389E+5	8.90217633E+1	8.72650936E-10	8.86492520E+1	-5.74650977E+0	8.88353123E+1	-6.47324210E-2
1.42401793E+5	8.86975245E+1	7.14927501E-10	8.84129122E+1	-5.01631174E+0	8.85551040E+1	-5.66765567E-2
1.52692775E+5	8.83974894E+1	5.73838733E-10	8.81886224E+1	-4.29181242E+0	8.82929941E+1	-4.86279150E-2
1.63727458E+5	8.81176958E+1	4.47541069E-10	8.79729037E+1	-3.56899846E+0	8.80452700E+1	-4.05470562E-2
1.75559587E+5	8.78518566E+1	3.35043722E-10	8.77593421E+1	-2.84937902E+0	8.78055872E+1	-3.24566965E-2
1.88246790E+5	8.76216367E+1	2.36527232E-10	8.75652696E+1	-2.14647643E+0	8.75934475E+1	-2.45075876E-2
2.01850863E+5	8.73772319E+1	1.44229890E-10	8.73549154E+1	-1.39621211E+0	8.73660729E+1	-1.59818505E-2
2.16438064E+5	8.71616962E+1	6.40826312E-11	8.71566671E+1	-6.62033624E-1	8.71591816E+1	-7.59575805E-3
2.32079442E+5	8.69569027E+1	-7.75697677E-12	8.69568181E+1	8.55295659E-2	8.69568604E+1	9.83586862E-4
2.48851178E+5	8.67657848E+1	-7.13736947E-11	8.67576500E+1	8.40067472E-1	8.67617174E+1	9.68261680E-3
2.66834962E+5	8.65912067E+1	-1.28815875E-10	8.65609317E+1	1.61877972E+0	8.65760679E+1	1.86988621E-2
2.86118383E+5	8.64229203E+1	-1.79933089E-10	8.63554324E+1	2.41409988E+0	8.63891698E+1	2.79481130E-2
3.06795364E+5	8.62657440E+1	-2.25715798E-10	8.61443806E+1	3.23337416E+0	8.62050409E+1	3.75167471E-2
3.28966612E+5	8.61177452E+1	-2.66174244E-10	8.59248574E+1	4.07107503E+0	8.60212472E+1	4.73440788E-2
3.52740116E+5	8.59811198E+1	-3.02911389E-10	8.56955795E+1	4.94665770E+0	8.58382309E+1	5.76596180E-2
3.78231664E+5	8.58521712E+1	-3.36003426E-10	8.54505823E+1	5.85797848E+0	8.56511414E+1	6.84468987E-2
4.05565415E+5	8.57278695E+1	-3.65598454E-10	8.51844984E+1	6.80342840E+0	8.54557521E+1	7.96977985E-2
4.34874501E+5	8.56218774E+1	-3.92120039E-10	8.49073132E+1	7.78919671E+0	8.52638467E+1	9.14815870E-2
4.66301673E+5	8.55185007E+1	-4.15918036E-10	8.45997472E+1	8.81624627E+0	8.50578834E+1	1.03836457E-1
NaN	NaN	NaN	NaN	NaN	NaN	NaN
