Start time:20240908_00-01-41	sweep/start:500.000	sweep/stop:500000.000	sweep/samplecount:100.000	sweep/xmapping:1.000	sweep/scan:0.000	sweep/averaging/sample:10.000	sweep/settling/time:0.100	sweep/settling/inaccuracy:0.010	sweep/awgcontrol:0.000	sweep/averaging/time:0.100	sweep/averaging/tc:15.000	sweep/bandwidthcontrol:2.000	sweep/sincfilter:0.000	sweep/omegasuppression:80.000	sweep/maxbandwidth:100.000	sweep/bandwidth:1250000.000	sweep/order:8.000	sweep/bandwidthoverlap:1.000																				
Frequency	Param0		Param1		RealZ		ImagZ		AbsZ		PhaseZ		
5.00000000E+2	9.49713934E+2	7.68898472E-7	1.51641777E+2	-3.47880811E+2	3.79494783E+2	-1.15972834E+0
5.36133611E+2	8.58359749E+2	7.50596941E-7	1.50315119E+2	-3.26235764E+2	3.59199688E+2	-1.13903371E+0
5.74878498E+2	7.77293977E+2	7.31095137E-7	1.49096100E+2	-3.06042158E+2	3.40428347E+2	-1.11746121E+0
6.16423370E+2	7.05877734E+2	7.10581619E-7	1.47858004E+2	-2.87241436E+2	3.23062905E+2	-1.09541718E+0
6.60970574E+2	6.42676418E+2	6.89063468E-7	1.46648867E+2	-2.69706987E+2	3.06997970E+2	-1.07277656E+0
7.08737081E+2	5.86878848E+2	6.66738467E-7	1.45401898E+2	-2.53360559E+2	2.92118620E+2	-1.04979424E+0
7.59955541E+2	5.37454559E+2	6.43571530E-7	1.44174561E+2	-2.38119635E+2	2.78365349E+2	-1.02636366E+0
8.14875417E+2	4.93651615E+2	6.19751854E-7	1.42934725E+2	-2.23896439E+2	2.65631235E+2	-1.00262145E+0
8.73764200E+2	4.54862762E+2	5.95361511E-7	1.41684227E+2	-2.10647695E+2	2.53863888E+2	-9.78688812E-1
9.36908711E+2	4.20451109E+2	5.70585417E-7	1.40409384E+2	-1.98293928E+2	2.42971765E+2	-9.54663338E-1
1.00461650E+3	3.89822093E+2	5.45510584E-7	1.39134174E+2	-1.86759878E+2	2.32889613E+2	-9.30509572E-1
1.07721735E+3	3.62554088E+2	5.20362522E-7	1.37826427E+2	-1.75992630E+2	2.23538658E+2	-9.06422306E-1
1.15506485E+3	3.38213052E+2	4.95126217E-7	1.36540552E+2	-1.65941170E+2	2.14894847E+2	-8.82291795E-1
1.23853818E+3	3.16478060E+2	4.70110632E-7	1.35218307E+2	-1.56555532E+2	2.06866204E+2	-8.58397548E-1
1.32804389E+3	2.97026150E+2	4.45327952E-7	1.33901548E+2	-1.47792543E+2	1.99429839E+2	-8.34670592E-1
1.42401793E+3	2.79532730E+2	4.20971229E-7	1.32570184E+2	-1.39580983E+2	1.92503779E+2	-8.11153148E-1
1.52692775E+3	2.63807230E+2	3.97137630E-7	1.31227516E+2	-1.31901879E+2	1.86061192E+2	-7.87961020E-1
1.63727458E+3	2.49641020E+2	3.73888992E-7	1.29887630E+2	-1.24717614E+2	1.80070208E+2	-7.65094951E-1
1.75559587E+3	2.36829854E+2	3.51333799E-7	1.28543773E+2	-1.17980934E+2	1.74479233E+2	-7.42577378E-1
1.88246790E+3	2.25224183E+2	3.29508683E-7	1.27208599E+2	-1.11662101E+2	1.69264446E+2	-7.20406504E-1
2.01850863E+3	2.14689349E+2	3.08487964E-7	1.25878028E+2	-1.05732651E+2	1.64391824E+2	-6.98637039E-1
2.16438064E+3	2.05082442E+2	2.88353966E-7	1.24537757E+2	-1.00154150E+2	1.59813977E+2	-6.77300995E-1
2.32079442E+3	1.96337208E+2	2.69073935E-7	1.23215440E+2	-9.49196013E+1	1.55537055E+2	-6.56401398E-1
2.48851178E+3	1.88336347E+2	2.50651659E-7	1.21915192E+2	-8.99874860E+1	1.51529079E+2	-6.35851503E-1
2.66834962E+3	1.81002968E+2	2.33137572E-7	1.20625002E+2	-8.53410331E+1	1.47761576E+2	-6.15735419E-1
2.86118383E+3	1.74270429E+2	2.16527982E-7	1.19348682E+2	-8.09619535E+1	1.44218397E+2	-5.96057698E-1
3.06795364E+3	1.68085858E+2	2.00790528E-7	1.18099282E+2	-7.68334461E+1	1.40892935E+2	-5.76785314E-1
3.28966612E+3	1.62382464E+2	1.85909362E-7	1.16876270E+2	-7.29286914E+1	1.37763046E+2	-5.57866949E-1
3.52740116E+3	1.57121704E+2	1.71891533E-7	1.15674979E+2	-6.92412368E+1	1.34814872E+2	-5.39377957E-1
3.78231664E+3	1.52269174E+2	1.58694665E-7	1.14507052E+2	-6.57573501E+1	1.32045046E+2	-5.21281455E-1
4.05565415E+3	1.47777693E+2	1.46319071E-7	1.13361259E+2	-6.24619096E+1	1.29430543E+2	-5.03609665E-1
4.34874501E+3	1.43613658E+2	1.34705436E-7	1.12249492E+2	-5.93347416E+1	1.26966767E+2	-4.86262600E-1
4.66301673E+3	1.39759856E+2	1.23856869E-7	1.11166103E+2	-5.63795704E+1	1.24645732E+2	-4.69363263E-1
5.00000000E+3	1.36191598E+2	1.13722644E-7	1.10120348E+2	-5.35814800E+1	1.22464142E+2	-4.52847635E-1
5.36133611E+3	1.32882221E+2	1.04280943E-7	1.09108010E+2	-5.09309016E+1	1.20409778E+2	-4.36731244E-1
5.74878498E+3	1.29799631E+2	9.55046735E-8	1.08121572E+2	-4.84134871E+1	1.18465777E+2	-4.20997068E-1
6.16423370E+3	1.26939672E+2	8.73550343E-8	1.07171448E+2	-4.60281341E+1	1.16637509E+2	-4.05660228E-1
6.60970574E+3	1.24281399E+2	7.98073490E-8	1.06252784E+2	-4.37674581E+1	1.14914075E+2	-3.90738300E-1
7.08737081E+3	1.21803787E+2	7.28191216E-8	1.05366011E+2	-4.16170974E+1	1.13287154E+2	-3.76168279E-1
7.59955541E+3	1.19493249E+2	6.63725374E-8	1.04505426E+2	-3.95766182E+1	1.11748346E+2	-3.62014012E-1
8.14875417E+3	1.17342965E+2	6.04338959E-8	1.03675343E+2	-3.76429990E+1	1.10297652E+2	-3.48284262E-1
8.73764200E+3	1.15339886E+2	5.49525346E-8	1.02882568E+2	-3.58000110E+1	1.08933299E+2	-3.34864897E-1
9.36908711E+3	1.13463898E+2	4.99211736E-8	1.02110881E+2	-3.40480037E+1	1.07637812E+2	-3.21847887E-1
1.00461650E+4	1.11716401E+2	4.53043384E-8	1.01370130E+2	-3.23852244E+1	1.06417603E+2	-3.09226655E-1
1.07721735E+4	1.10082415E+2	4.10670533E-8	1.00658331E+2	-3.07995535E+1	1.05264962E+2	-2.96935029E-1
1.15506485E+4	1.08556833E+2	3.71880593E-8	9.99749051E+1	-2.92912502E+1	1.04177536E+2	-2.85009601E-1
1.23853818E+4	1.07131820E+2	3.36426686E-8	9.93186511E+1	-2.78566570E+1	1.03151286E+2	-2.73451527E-1
1.32804389E+4	1.05783574E+2	3.03975414E-8	9.86792336E+1	-2.64773646E+1	1.02169673E+2	-2.62142986E-1
1.42401793E+4	1.04532192E+2	2.74405162E-8	9.80723491E+1	-2.51700596E+1	1.01250766E+2	-2.51225627E-1
1.52692775E+4	1.03347758E+2	2.47457499E-8	9.74794461E+1	-2.39173518E+1	1.00370724E+2	-2.40604873E-1
1.63727458E+4	1.02253143E+2	2.22934616E-8	9.69230101E+1	-2.27291107E+1	9.95524103E+1	-2.30344579E-1
1.75559587E+4	1.01218372E+2	2.00610987E-8	9.63829197E+1	-2.15883052E+1	9.87710595E+1	-2.20347914E-1
1.88246790E+4	1.00254620E+2	1.80300628E-8	9.58722301E+1	-2.04975466E+1	9.80389413E+1	-2.10629539E-1
2.01850863E+4	9.93522010E+1	1.61856215E-8	9.53847311E+1	-1.94534311E+1	9.73482562E+1	-2.01187868E-1
2.16438064E+4	9.85064171E+1	1.45154896E-8	9.49174811E+1	-1.84567793E+1	9.66952997E+1	-1.92054134E-1
2.32079442E+4	9.77069922E+1	1.29995354E-8	9.44664497E+1	-1.74963559E+1	9.60730590E+1	-1.83137109E-1
2.48851178E+4	9.69564955E+1	1.16294331E-8	9.40337297E+1	-1.65782501E+1	9.54839300E+1	-1.74507824E-1
2.66834962E+4	9.62548842E+1	1.03881556E-8	9.36236865E+1	-1.56952975E+1	9.49301696E+1	-1.66097869E-1
2.86118383E+4	9.56065866E+1	9.26651617E-9	9.32413822E+1	-1.48504166E+1	9.44165784E+1	-1.57941955E-1
3.06795364E+4	9.49964398E+1	8.25630626E-9	9.28735102E+1	-1.40415047E+1	9.39289775E+1	-1.50053122E-1
3.28966612E+4	9.44274325E+1	7.34290326E-9	9.25269506E+1	-1.32606840E+1	9.34723616E+1	-1.42347675E-1
3.52740116E+4	9.38878932E+1	6.52070466E-9	9.21905707E+1	-1.25090792E+1	9.30353613E+1	-1.34863554E-1
3.78231664E+4	9.33857494E+1	5.78109295E-9	9.18734188E+1	-1.17874049E+1	9.26264977E+1	-1.27603377E-1
4.05565415E+4	9.29176986E+1	5.11647336E-9	9.15737245E+1	-1.10938125E+1	9.22432639E+1	-1.20558742E-1
4.34874501E+4	9.24802222E+1	4.51991847E-9	9.12893454E+1	-1.04266157E+1	9.18828545E+1	-1.13722238E-1
4.66301673E+4	9.20724220E+1	3.98238078E-9	9.10219495E+1	-9.77834433E+0	9.15456790E+1	-1.07017987E-1
5.00000000E+4	9.16872580E+1	3.50174115E-9	9.07638390E+1	-9.15494512E+0	9.12243801E+1	-1.00525566E-1
5.36133611E+4	9.13256291E+1	3.07049497E-9	9.05179424E+1	-8.55044308E+0	9.09208889E+1	-9.41818452E-2
5.74878498E+4	9.09885871E+1	2.68594011E-9	9.02850381E+1	-7.96993823E+0	9.06361300E+1	-8.80470644E-2
6.16423370E+4	9.06742152E+1	2.33997438E-9	9.00659839E+1	-7.40141343E+0	9.03695878E+1	-8.19934376E-2
6.60970574E+4	9.03759121E+1	2.03053730E-9	8.98540100E+1	-6.84799016E+0	9.01145832E+1	-7.60653603E-2
7.08737081E+4	9.00954170E+1	1.75392454E-9	8.96514863E+1	-6.30864551E+0	8.98731775E+1	-7.02527492E-2
7.59955541E+4	8.98323831E+1	1.50795047E-9	8.94581035E+1	-5.78639039E+0	8.96450480E+1	-6.45927044E-2
8.14875417E+4	8.95821693E+1	1.28741451E-9	8.92709025E+1	-5.27133955E+0	8.94264005E+1	-5.89803116E-2
8.73764200E+4	8.93441902E+1	1.09004435E-9	8.90895093E+1	-4.76333566E+0	8.92167589E+1	-5.34159898E-2
9.36908711E+4	8.91244641E+1	9.14407253E-10	8.89198070E+1	-4.26591579E+0	8.90220767E+1	-4.79381086E-2
1.00461650E+5	8.89142415E+1	7.57284952E-10	8.87539131E+1	-3.77223133E+0	8.88340411E+1	-4.24765774E-2
1.07721735E+5	8.87076096E+1	6.16448601E-10	8.85862569E+1	-3.27874231E+0	8.86469125E+1	-3.69949760E-2
1.15506485E+5	8.85186389E+1	4.90827967E-10	8.84307153E+1	-2.78838929E+0	8.84746662E+1	-3.15214650E-2
1.23853818E+5	8.83396745E+1	3.79164641E-10	8.82796940E+1	-2.30109056E+0	8.83096792E+1	-2.60600090E-2
1.32804389E+5	8.81639644E+1	2.78769456E-10	8.81268933E+1	-1.80732809E+0	8.81454269E+1	-2.05053730E-2
1.42401793E+5	8.79934150E+1	1.89191067E-10	8.79738960E+1	-1.31038809E+0	8.79836549E+1	-1.48940910E-2
1.52692775E+5	8.78341708E+1	1.09257595E-10	8.78267256E+1	-8.08611980E-1	8.78304482E+1	-9.20664120E-3
1.63727458E+5	8.76761493E+1	3.74603682E-11	8.76751482E+1	-2.96231581E-1	8.76756488E+1	-3.37872791E-3
1.75559587E+5	8.75296990E+1	-2.68049289E-11	8.75291123E+1	2.26530687E-1	8.75294056E+1	2.58805526E-3
1.88246790E+5	8.74343364E+1	-8.09961415E-11	8.74218431E+1	7.32224434E-1	8.74280893E+1	8.37554388E-3
2.01850863E+5	8.72514341E+1	-1.35722695E-10	8.72317568E+1	1.31011721E+0	8.72415949E+1	1.50176811E-2
2.16438064E+5	8.71217088E+1	-1.82158792E-10	8.70811477E+1	1.87937783E+0	8.71014259E+1	2.15785658E-2
2.32079442E+5	8.69944071E+1	-2.23312089E-10	8.69246503E+1	2.46242495E+0	8.69595217E+1	2.83206975E-2
2.48851178E+5	8.68776979E+1	-2.60763690E-10	8.67688254E+1	3.07353899E+0	8.68232446E+1	3.54073527E-2
2.66834962E+5	8.67584199E+1	-2.94397140E-10	8.65996160E+1	3.70837569E+0	8.66789816E+1	4.27959362E-2
2.86118383E+5	8.66453595E+1	-3.24430433E-10	8.64246486E+1	4.36747201E+0	8.65349337E+1	5.04920757E-2
3.06795364E+5	8.65394433E+1	-3.51418854E-10	8.62430551E+1	5.05582370E+0	8.63911221E+1	5.85559503E-2
3.28966612E+5	8.64324092E+1	-3.76346240E-10	8.60434418E+1	5.78513575E+0	8.62377062E+1	6.71340253E-2
3.52740116E+5	8.63406286E+1	-3.98190722E-10	8.58422211E+1	6.54096786E+0	8.60910642E+1	7.60506012E-2
3.78231664E+5	8.62484336E+1	-4.18443358E-10	8.56186062E+1	7.34334252E+0	8.59329429E+1	8.55586846E-2
4.05565415E+5	8.61636614E+1	-4.37124185E-10	8.53771895E+1	8.19429506E+0	8.57695240E+1	9.56844825E-2
4.34874501E+5	8.60777140E+1	-4.53443336E-10	8.51096696E+1	9.07687699E+0	8.55923232E+1	1.06247578E-1
4.66301673E+5	8.59966583E+1	-4.68828335E-10	8.48132106E+1	1.00185703E+1	8.54028846E+1	1.17580250E-1
5.00000000E+5	8.59324169E+1	-4.83138360E-10	8.44949792E+1	1.10207042E+1	8.52106670E+1	1.29698107E-1
