Start time:20240905_17-03-45	sweep/start:500.000	sweep/stop:500000.000	sweep/samplecount:100.000	sweep/xmapping:1.000	sweep/scan:0.000	sweep/averaging/sample:10.000	sweep/settling/time:0.100	sweep/settling/inaccuracy:0.010	sweep/awgcontrol:0.000	sweep/averaging/time:0.100	sweep/averaging/tc:15.000	sweep/bandwidthcontrol:2.000	sweep/sincfilter:0.000	sweep/omegasuppression:80.000	sweep/maxbandwidth:100.000	sweep/bandwidth:1250000.000	sweep/order:8.000	sweep/bandwidthoverlap:1.000																				
Frequency	Param0		Param1		RealZ		ImagZ		AbsZ		PhaseZ		
5.00000000E+2	8.80660310E+2	6.01081045E-7	2.33872517E+2	-3.88929136E+2	4.53830619E+2	-1.02940369E+0
5.36133611E+2	8.09993265E+2	5.78948450E-7	2.31728076E+2	-3.66060432E+2	4.33241449E+2	-1.00644181E+0
5.74878498E+2	7.47629643E+2	5.56051139E-7	2.29698329E+2	-3.44917283E+2	4.14402295E+2	-9.83288713E-1
6.16423370E+2	6.92450530E+2	5.32805274E-7	2.27638218E+2	-3.25282985E+2	3.97024164E+2	-9.60193899E-1
6.60970574E+2	6.43338480E+2	5.09281013E-7	2.25615992E+2	-3.06993245E+2	3.80982199E+2	-9.37015406E-1
7.08737081E+2	5.99784362E+2	4.85781257E-7	2.23511892E+2	-2.90002343E+2	3.66140587E+2	-9.14162965E-1
7.59955541E+2	5.61005921E+2	4.62312049E-7	2.21417353E+2	-2.74209382E+2	3.52443521E+2	-8.91513744E-1
8.14875417E+2	5.26477906E+2	4.39034706E-7	2.19315082E+2	-2.59548511E+2	3.39800735E+2	-8.69219863E-1
8.73764200E+2	4.95648741E+2	4.16234094E-7	2.17119618E+2	-2.45914884E+2	3.28047346E+2	-8.47506344E-1
9.36908711E+2	4.68148473E+2	3.93865521E-7	2.14924892E+2	-2.33289614E+2	3.17201444E+2	-8.26348327E-1
1.00461650E+3	4.43607804E+2	3.72223268E-7	2.12624893E+2	-2.21613879E+2	3.07118966E+2	-8.06095770E-1
1.07721735E+3	4.21416994E+2	3.51164637E-7	2.10365948E+2	-2.10708204E+2	2.97744492E+2	-7.86210981E-1
1.15506485E+3	4.01508102E+2	3.31040159E-7	2.07980001E+2	-2.00623954E+2	2.88973448E+2	-7.67397232E-1
1.23853818E+3	3.83563094E+2	3.11800748E-7	2.05534185E+2	-1.91287802E+2	2.80776292E+2	-7.49512383E-1
1.32804389E+3	3.67225737E+2	2.93490291E-7	2.03022346E+2	-1.82584106E+2	2.73047669E+2	-7.32444869E-1
1.42401793E+3	3.52366333E+2	2.76163311E-7	2.00427505E+2	-1.74507069E+2	2.65751582E+2	-7.16374758E-1
1.52692775E+3	3.38841850E+2	2.59760822E-7	1.97796890E+2	-1.67027697E+2	2.58885811E+2	-7.01257597E-1
1.63727458E+3	3.26365613E+2	2.44392950E-7	1.95046653E+2	-1.60041625E+2	2.52302437E+2	-6.87134457E-1
1.75559587E+3	3.14837010E+2	2.29937020E-7	1.92246536E+2	-1.53517401E+2	2.46020983E+2	-6.73852772E-1
1.88246790E+3	3.04129225E+2	2.16399831E-7	1.89375163E+2	-1.47416308E+2	2.39988585E+2	-6.61452714E-1
2.01850863E+3	2.94134951E+2	2.03723029E-7	1.86449709E+2	-1.41696441E+2	2.34182356E+2	-6.49852301E-1
2.16438064E+3	2.84757209E+2	1.91917165E-7	1.83437754E+2	-1.36329792E+2	2.28550263E+2	-6.39130859E-1
2.32079442E+3	2.75908143E+2	1.80881312E-7	1.80379054E+2	-1.31268601E+2	2.23087538E+2	-6.29100200E-1
2.48851178E+3	2.67499597E+2	1.70545185E-7	1.77290574E+2	-1.26464258E+2	2.17773177E+2	-6.19607292E-1
2.66834962E+3	2.59463390E+2	1.60889817E-7	1.74155172E+2	-1.21888748E+2	2.12572084E+2	-6.10649380E-1
2.86118383E+3	2.51793032E+2	1.51862559E-7	1.70992129E+2	-1.17542833E+2	2.07496087E+2	-6.02230738E-1
3.06795364E+3	2.44422980E+2	1.43363834E-7	1.67841959E+2	-1.13373312E+2	2.02544888E+2	-5.94077000E-1
3.28966612E+3	2.37326283E+2	1.35406370E-7	1.64672953E+2	-1.09380245E+2	1.97689706E+2	-5.86311799E-1
3.52740116E+3	2.30469754E+2	1.27905139E-7	1.61523684E+2	-1.05529252E+2	1.92941244E+2	-5.78716875E-1
3.78231664E+3	2.23818144E+2	1.20837407E-7	1.58386584E+2	-1.01801184E+2	1.88281150E+2	-5.71253653E-1
4.05565415E+3	2.17391936E+2	1.14146631E-7	1.55296844E+2	-9.81996502E+1	1.83739711E+2	-5.63856631E-1
4.34874501E+3	2.11149056E+2	1.07806643E-7	1.52249419E+2	-9.46965423E+1	1.79296740E+2	-5.56426805E-1
4.66301673E+3	2.05126699E+2	1.01784813E-7	1.49269878E+2	-9.13112294E+1	1.74983534E+2	-5.48991923E-1
5.00000000E+3	1.99269996E+2	9.60550856E-8	1.46350248E+2	-8.80046475E+1	1.70772402E+2	-5.41396128E-1
5.36133611E+3	1.93600839E+2	9.06071375E-8	1.43495553E+2	-8.47931926E+1	1.66675911E+2	-5.33710081E-1
5.74878498E+3	1.88110795E+2	8.54011137E-8	1.40725859E+2	-8.16595708E+1	1.62702345E+2	-5.25788868E-1
6.16423370E+3	1.82799601E+2	8.04270945E-8	1.38040629E+2	-7.86037945E+1	1.58851414E+2	-5.17634478E-1
6.60970574E+3	1.77666508E+2	7.56801711E-8	1.35435470E+2	-7.56279063E+1	1.55120427E+2	-5.09273631E-1
7.08737081E+3	1.72720743E+2	7.11432020E-8	1.32921057E+2	-7.27338721E+1	1.51519714E+2	-5.00687890E-1
7.59955541E+3	1.67954848E+2	6.68076959E-8	1.30494862E+2	-6.99166325E+1	1.48044739E+2	-4.91860802E-1
8.14875417E+3	1.63366254E+2	6.26535214E-8	1.28166961E+2	-6.71668538E+1	1.44700229E+2	-4.82707841E-1
8.73764200E+3	1.58963442E+2	5.86894040E-8	1.25927739E+2	-6.44989247E+1	1.41484652E+2	-4.73351961E-1
9.36908711E+3	1.54732371E+2	5.48976543E-8	1.23781095E+2	-6.18965484E+1	1.38394155E+2	-4.63686392E-1
1.00461650E+4	1.50683197E+2	5.12826785E-8	1.21722863E+2	-5.93728448E+1	1.35431127E+2	-4.53816384E-1
1.07721735E+4	1.46808600E+2	4.78265874E-8	1.19761260E+2	-5.69141755E+1	1.32597070E+2	-4.43636197E-1
1.15506485E+4	1.43113215E+2	4.45356868E-8	1.17888814E+2	-5.45314099E+1	1.29890135E+2	-4.33254905E-1
1.23853818E+4	1.39576938E+2	4.14063215E-8	1.16094156E+2	-5.22131555E+1	1.27295196E+2	-4.22644635E-1
1.32804389E+4	1.36218873E+2	3.84330984E-8	1.14388872E+2	-4.99710816E+1	1.24827574E+2	-4.11866961E-1
1.42401793E+4	1.33022472E+2	3.56087307E-8	1.12767263E+2	-4.77925135E+1	1.22476855E+2	-4.00866934E-1
1.52692775E+4	1.29985240E+2	3.29313662E-8	1.11226171E+2	-4.56782156E+1	1.20240428E+2	-3.89678093E-1
1.63727458E+4	1.27114196E+2	3.04017264E-8	1.09765969E+2	-4.36376548E+1	1.18122025E+2	-3.78394051E-1
1.75559587E+4	1.24392952E+2	2.80088613E-8	1.08384206E+2	-4.16544728E+1	1.16113011E+2	-3.66918537E-1
1.88246790E+4	1.21819298E+2	2.57549504E-8	1.07074030E+2	-3.97345592E+1	1.14208945E+2	-3.55342082E-1
2.01850863E+4	1.19396316E+2	2.36371210E-8	1.05837229E+2	-3.78821345E+1	1.12412522E+2	-3.43720317E-1
2.16438064E+4	1.17114312E+2	2.16491461E-8	1.04670516E+2	-3.60901441E+1	1.10717729E+2	-3.32032679E-1
2.32079442E+4	1.14961802E+2	1.97912866E-8	1.03562204E+2	-3.43593866E+1	1.09113233E+2	-3.20347719E-1
2.48851178E+4	1.12949074E+2	1.80548148E-8	1.02525373E+2	-3.26908817E+1	1.07611086E+2	-3.08665320E-1
2.66834962E+4	1.11055406E+2	1.64398894E-8	1.01541357E+2	-3.10816564E+1	1.06191886E+2	-2.97042308E-1
2.86118383E+4	1.09286403E+2	1.49364597E-8	1.00621390E+2	-2.95277085E+1	1.04864435E+2	-2.85440149E-1
3.06795364E+4	1.07630262E+2	1.35427807E-8	9.97548064E+1	-2.80288148E+1	1.03617739E+2	-2.73914523E-1
3.28966612E+4	1.06090043E+2	1.22561926E-8	9.89432688E+1	-2.65918255E+1	1.02454359E+2	-2.62554148E-1
3.52740116E+4	1.04649159E+2	1.10661045E-8	9.81813183E+1	-2.51996254E+1	1.01363664E+2	-2.51240911E-1
3.78231664E+4	1.03304729E+2	9.97561009E-9	9.74592772E+1	-2.38682511E+1	1.00339445E+2	-2.40177524E-1
4.05565415E+4	1.02053422E+2	8.97253919E-9	9.67839068E+1	-2.25832715E+1	9.93837454E+1	-2.29235462E-1
4.34874501E+4	1.00892345E+2	8.05295887E-9	9.61534199E+1	-2.13462819E+1	9.84943855E+1	-2.18459379E-1
4.66301673E+4	9.98127124E+1	7.21259379E-9	9.55613262E+1	-2.01560923E+1	9.76638888E+1	-2.07876152E-1
5.00000000E+4	9.88083968E+1	6.44411963E-9	9.50067719E+1	-1.90047376E+1	9.68889406E+1	-1.97429800E-1
5.36133611E+4	9.78758309E+1	5.74643014E-9	9.44841724E+1	-1.79013406E+1	9.61650502E+1	-1.87244483E-1
5.74878498E+4	9.70078285E+1	5.11306395E-9	9.39908410E+1	-1.68395111E+1	9.54874200E+1	-1.77280335E-1
6.16423370E+4	9.62006840E+1	4.53782511E-9	9.35270196E+1	-1.58132801E+1	9.48544320E+1	-1.67493074E-1
6.60970574E+4	9.54520950E+1	4.01757902E-9	9.30909043E+1	-1.48258339E+1	9.42641069E+1	-1.57935500E-1
7.08737081E+4	9.47588365E+1	3.54633691E-9	9.26832967E+1	-1.38696726E+1	9.37153209E+1	-1.48543592E-1
7.59955541E+4	9.41179114E+1	3.12078816E-9	9.23023043E+1	-1.29454502E+1	9.32056870E+1	-1.39341681E-1
8.14875417E+4	9.35147768E+1	2.73809136E-9	9.19347005E+1	-1.20525440E+1	9.27213730E+1	-1.30355552E-1
8.73764200E+4	9.29557947E+1	2.39310299E-9	9.15897314E+1	-1.11855864E+1	9.22702350E+1	-1.21525279E-1
9.36908711E+4	9.24388744E+1	2.08263208E-9	9.12666763E+1	-1.03432394E+1	9.18509054E+1	-1.12848373E-1
1.00461650E+5	9.19499801E+1	1.80416301E-9	9.09526687E+1	-9.52408000E+0	9.14499649E+1	-1.04334445E-1
1.07721735E+5	9.15016229E+1	1.55388688E-9	9.06619922E+1	-8.72482365E+0	9.10808400E+1	-9.59391947E-2
1.15506485E+5	9.10821194E+1	1.32830371E-9	9.03852819E+1	-7.93623439E+0	9.07330317E+1	-8.75798880E-2
1.23853818E+5	9.06873824E+1	1.12753105E-9	9.01167778E+1	-7.17084438E+0	9.04016299E+1	-7.94054883E-2
1.32804389E+5	9.03210148E+1	9.48356270E-10	8.98619373E+1	-6.42285732E+0	9.00911836E+1	-7.13533919E-2
1.42401793E+5	8.99698249E+1	7.85602927E-10	8.96114359E+1	-5.66707239E+0	8.97904516E+1	-6.31563966E-2
1.52692775E+5	8.96464842E+1	6.41203045E-10	8.93746715E+1	-4.92880501E+0	8.95104747E+1	-5.50918678E-2
1.63727458E+5	8.93385273E+1	5.11696819E-10	8.91413822E+1	-4.19210601E+0	8.92399003E+1	-4.69929856E-2
1.75559587E+5	8.90505064E+1	3.96269139E-10	8.89157832E+1	-3.46106677E+0	8.89831193E+1	-3.89055796E-2
1.88246790E+5	8.87731396E+1	2.90825534E-10	8.86867875E+1	-2.70810866E+0	8.87299513E+1	-3.05260332E-2
2.01850863E+5	8.85233743E+1	1.99817231E-10	8.84788451E+1	-1.98491000E+0	8.85011069E+1	-2.24299618E-2
2.16438064E+5	8.82792369E+1	1.16926741E-10	8.82618446E+1	-1.23896465E+0	8.82705403E+1	-1.40364536E-2
2.32079442E+5	8.80475647E+1	4.28411101E-11	8.80449004E+1	-4.84282340E-1	8.80462326E+1	-5.50034757E-3
2.48851178E+5	8.78304276E+1	-2.31827670E-11	8.78295368E+1	2.79621485E-1	8.78299822E+1	3.18367276E-3
2.66834962E+5	8.76279105E+1	-8.23286650E-11	8.76150906E+1	1.05972936E+0	8.76215003E+1	1.20946947E-2
2.86118383E+5	8.74260542E+1	-1.35834065E-10	8.73862250E+1	1.86559838E+0	8.74061373E+1	2.13456420E-2
3.06795364E+5	8.72355820E+1	-1.83368346E-10	8.71527158E+1	2.68737042E+0	8.71941391E+1	3.08254241E-2
3.28966612E+5	8.70615924E+1	-2.26433277E-10	8.69172788E+1	3.54164149E+0	8.69894057E+1	4.07247402E-2
3.52740116E+5	8.68912331E+1	-2.64941558E-10	8.66656166E+1	4.42188685E+0	8.67783515E+1	5.09781815E-2
3.78231664E+5	8.67347774E+1	-2.99555084E-10	8.64053510E+1	5.33517149E+0	8.65699075E+1	6.16675523E-2
4.05565415E+5	8.65707775E+1	-3.30568058E-10	8.61128285E+1	6.27972757E+0	8.63414994E+1	7.27955578E-2
4.34874501E+5	8.64271276E+1	-3.58895810E-10	8.58107217E+1	7.27283652E+0	8.61183732E+1	8.45523347E-2
4.66301673E+5	8.62909915E+1	-3.84677304E-10	8.54824614E+1	8.31353888E+0	8.58857750E+1	9.69494205E-2
5.00000000E+5	8.61586779E+1	-4.07671181E-10	8.51221965E+1	9.39294265E+0	8.56388691E+1	1.09901949E-1
