Start time:20240909_07-20-16	sweep/start:500.000	sweep/stop:500000.000	sweep/samplecount:100.000	sweep/xmapping:1.000	sweep/scan:0.000	sweep/averaging/sample:10.000	sweep/settling/time:0.100	sweep/settling/inaccuracy:0.010	sweep/awgcontrol:0.000	sweep/averaging/time:0.100	sweep/averaging/tc:15.000	sweep/bandwidthcontrol:2.000	sweep/sincfilter:0.000	sweep/omegasuppression:80.000	sweep/maxbandwidth:100.000	sweep/bandwidth:1250000.000	sweep/order:8.000	sweep/bandwidthoverlap:1.000																				
Frequency	Param0		Param1		RealZ		ImagZ		AbsZ		PhaseZ		
5.00000000E+2	1.03737350E+3	8.38188617E-7	1.22592434E+2	-3.34880897E+2	3.56614810E+2	-1.21987078E+0
5.36133611E+2	9.26774339E+2	8.23349461E-7	1.21827434E+2	-3.13152669E+2	3.36015655E+2	-1.19977789E+0
5.74878498E+2	8.29957813E+2	8.07193695E-7	1.21060871E+2	-2.92949928E+2	3.16978545E+2	-1.17892199E+0
6.16423370E+2	7.44968828E+2	7.89594585E-7	1.20342243E+2	-2.74169547E+2	2.99418102E+2	-1.15718318E+0
6.60970574E+2	6.69867988E+2	7.70859785E-7	1.19642978E+2	-2.56574612E+2	2.83098885E+2	-1.13446316E+0
7.08737081E+2	6.04033898E+2	7.50818962E-7	1.18934460E+2	-2.40197898E+2	2.68030666E+2	-1.11103466E+0
7.59955541E+2	5.45911836E+2	7.29466090E-7	1.18273054E+2	-2.24895820E+2	2.54099682E+2	-1.08664287E+0
8.14875417E+2	4.94938182E+2	7.06878280E-7	1.17597956E+2	-2.10652399E+2	2.41254459E+2	-1.06163668E+0
8.73764200E+2	4.50030058E+2	6.83069416E-7	1.16947504E+2	-1.97365573E+2	2.29412051E+2	-1.03587828E+0
9.36908711E+2	4.10586130E+2	6.58302246E-7	1.16257122E+2	-1.84980641E+2	2.18480108E+2	-1.00969656E+0
1.00461650E+3	3.75682328E+2	6.32390092E-7	1.15633360E+2	-1.73407995E+2	2.08426024E+2	-9.82681822E-1
1.07721735E+3	3.45045304E+2	6.05774148E-7	1.14960354E+2	-1.62636544E+2	1.99164578E+2	-9.55484898E-1
1.15506485E+3	3.18002876E+2	5.78405540E-7	1.14308682E+2	-1.52590998E+2	1.90658040E+2	-9.27859858E-1
1.23853818E+3	2.94070459E+2	5.50539584E-7	1.13659298E+2	-1.43197081E+2	1.82821883E+2	-8.99892500E-1
1.32804389E+3	2.72950712E+2	5.22371496E-7	1.12999350E+2	-1.34441060E+2	1.75622471E+2	-8.71836277E-1
1.42401793E+3	2.54276050E+2	4.94044273E-7	1.12343608E+2	-1.26274312E+2	1.69015646E+2	-8.43712768E-1
1.52692775E+3	2.37742598E+2	4.65755047E-7	1.11691590E+2	-1.18654274E+2	1.62953516E+2	-8.15616048E-1
1.63727458E+3	2.23072790E+2	4.37754442E-7	1.11028264E+2	-1.11535235E+2	1.57376569E+2	-7.87676032E-1
1.75559587E+3	2.10053079E+2	4.10137923E-7	1.10375259E+2	-1.04890251E+2	1.52265107E+2	-7.59923476E-1
1.88246790E+3	1.98468235E+2	3.83163158E-7	1.09709779E+2	-9.86796344E+1	1.47559839E+2	-7.32517066E-1
2.01850863E+3	1.88152323E+2	3.56915482E-7	1.09049227E+2	-9.28769675E+1	1.43240585E+2	-7.05478802E-1
2.16438064E+3	1.78941121E+2	3.31528234E-7	1.08392591E+2	-8.74467703E+1	1.39269134E+2	-6.78849119E-1
2.32079442E+3	1.70710787E+2	3.07143907E-7	1.07732984E+2	-8.23698153E+1	1.35614094E+2	-6.52763272E-1
2.48851178E+3	1.63345231E+2	2.83822898E-7	1.07078711E+2	-7.76205273E+1	1.32252775E+2	-6.27237561E-1
2.66834962E+3	1.56744303E+2	2.61652714E-7	1.06425923E+2	-7.31790943E+1	1.29157490E+2	-6.02359264E-1
2.86118383E+3	1.50807447E+2	2.40662206E-7	1.05777173E+2	-6.90157583E+1	1.26301169E+2	-5.78105173E-1
3.06795364E+3	1.45463700E+2	2.20870350E-7	1.05136711E+2	-6.51141070E+1	1.23667194E+2	-5.54510162E-1
3.28966612E+3	1.40636535E+2	2.02294691E-7	1.04500095E+2	-6.14512918E+1	1.21229251E+2	-5.31586472E-1
3.52740116E+3	1.36290040E+2	1.84920371E-7	1.03878887E+2	-5.80244296E+1	1.18985956E+2	-5.09404915E-1
3.78231664E+3	1.32344953E+2	1.68752714E-7	1.03257097E+2	-5.48044477E+1	1.16899767E+2	-4.87949544E-1
4.05565415E+3	1.28763778E+2	1.53735061E-7	1.02645010E+2	-5.17779982E+1	1.14965035E+2	-4.67191350E-1
4.34874501E+3	1.25505937E+2	1.39843609E-7	1.02038508E+2	-4.89344600E+1	1.13165536E+2	-4.47169265E-1
4.66301673E+3	1.22551497E+2	1.27009032E-7	1.01452456E+2	-4.62660721E+1	1.11504037E+2	-4.27862929E-1
5.00000000E+3	1.19860138E+2	1.15193706E-7	1.00879540E+2	-4.37579013E+1	1.09961064E+2	-4.09270260E-1
5.36133611E+3	1.17396724E+2	1.04356658E-7	1.00311899E+2	-4.13982031E+1	1.08518608E+2	-3.91402076E-1
5.74878498E+3	1.15140684E+2	9.44167374E-8	9.97585193E+1	-3.91727191E+1	1.07173990E+2	-3.74176186E-1
6.16423370E+3	1.13076850E+2	8.53366710E-8	9.92179998E+1	-3.70816310E+1	1.05921003E+2	-3.57664634E-1
6.60970574E+3	1.11181711E+2	7.70402927E-8	9.86931201E+1	-3.51075198E+1	1.04751468E+2	-3.41765097E-1
7.08737081E+3	1.09443169E+2	6.94915757E-8	9.81815324E+1	-3.32518368E+1	1.03659529E+2	-3.26552213E-1
7.59955541E+3	1.07835578E+2	6.26226407E-8	9.76794909E+1	-3.14966879E+1	1.02631985E+2	-3.11923193E-1
8.14875417E+3	1.06347990E+2	5.63980690E-8	9.71832405E+1	-2.98439278E+1	1.01662394E+2	-2.97947930E-1
8.73764200E+3	1.04982247E+2	5.07443916E-8	9.67099304E+1	-2.82845387E+1	1.00761232E+2	-2.84532257E-1
9.36908711E+3	1.03711698E+2	4.56284932E-8	9.62428992E+1	-2.68107963E+1	9.99075297E+1	-2.71686144E-1
1.00461650E+4	1.02538196E+2	4.09932731E-8	9.57945068E+1	-2.54166932E+1	9.91090100E+1	-2.59349533E-1
1.07721735E+4	1.01451603E+2	3.68040620E-8	9.53611805E+1	-2.40995808E+1	9.83592628E+1	-2.47536066E-1
1.15506485E+4	1.00436158E+2	3.30208384E-8	9.49361839E+1	-2.28505257E+1	9.76474557E+1	-2.36200640E-1
1.23853818E+4	9.94917239E+1	2.96074962E-8	9.45246467E+1	-2.16682063E+1	9.69763891E+1	-2.25340184E-1
1.32804389E+4	9.86095560E+1	2.65340468E-8	9.41228787E+1	-2.05499130E+1	9.63401021E+1	-2.14957503E-1
1.42401793E+4	9.77835410E+1	2.37596913E-8	9.37331493E+1	-1.94847612E+1	9.57369273E+1	-2.04955905E-1
1.52692775E+4	9.70078791E+1	2.12635052E-8	9.33518999E+1	-1.84741040E+1	9.51623340E+1	-1.95373073E-1
1.63727458E+4	9.62909384E+1	1.90141891E-8	9.29919949E+1	-1.75150014E+1	9.46270915E+1	-1.86168532E-1
1.75559587E+4	9.56150780E+1	1.69892035E-8	9.26406110E+1	-1.65998906E+1	9.41160945E+1	-1.77304268E-1
1.88246790E+4	9.49761583E+1	1.51691224E-8	9.22960745E+1	-1.57277184E+1	9.36265271E+1	-1.68783817E-1
2.01850863E+4	9.43824256E+1	1.35348796E-8	9.19683520E+1	-1.49002794E+1	9.31675702E+1	-1.60619630E-1
2.16438064E+4	9.38213298E+1	1.20635839E-8	9.16500505E+1	-1.41066582E+1	9.27293352E+1	-1.52720214E-1
2.32079442E+4	9.32922773E+1	1.07417790E-8	9.13417747E+1	-1.33477445E+1	9.23118745E+1	-1.45102664E-1
2.48851178E+4	9.27982652E+1	9.55274763E-9	9.10490189E+1	-1.26201051E+1	9.19194811E+1	-1.37730257E-1
2.66834962E+4	9.23266228E+1	8.49015587E-9	9.07590756E+1	-1.19276606E+1	9.15394939E+1	-1.30672265E-1
2.86118383E+4	9.18911276E+1	7.53068178E-9	9.04906668E+1	-1.12573793E+1	9.11882087E+1	-1.23767885E-1
3.06795364E+4	9.14745159E+1	6.67270802E-9	9.02254339E+1	-1.06159747E+1	9.08478282E+1	-1.17122057E-1
3.28966612E+4	9.10858749E+1	5.90374454E-9	8.99742988E+1	-1.00006619E+1	9.05283808E+1	-1.10695840E-1
3.52740116E+4	9.07202259E+1	5.21418714E-9	8.97339287E+1	-9.40767126E+0	9.02257296E+1	-1.04458027E-1
3.78231664E+4	9.03764867E+1	4.59413211E-9	8.95050394E+1	-8.83169721E+0	8.99397076E+1	-9.83542481E-2
4.05565415E+4	9.00504566E+1	4.04102061E-9	8.92827358E+1	-8.27914085E+0	8.96657746E+1	-9.24650460E-2
4.34874501E+4	8.97450163E+1	3.54587080E-9	8.90715846E+1	-7.74490763E+0	8.94076664E+1	-8.67333512E-2
4.66301673E+4	8.94610454E+1	3.10212830E-9	8.88734832E+1	-7.22624620E+0	8.91667803E+1	-8.11308860E-2
5.00000000E+4	8.91873361E+1	2.70567166E-9	8.86776872E+1	-6.72268046E+0	8.89321465E+1	-7.56655521E-2
5.36133611E+4	8.89322113E+1	2.35024439E-9	8.84935173E+1	-6.23069489E+0	8.87125931E+1	-7.02924869E-2
5.74878498E+4	8.86962785E+1	2.03362035E-9	8.83213671E+1	-5.75435927E+0	8.85086243E+1	-6.50605638E-2
6.16423370E+4	8.84698195E+1	1.74964929E-9	8.81529739E+1	-5.28496457E+0	8.83112546E+1	-5.98805246E-2
6.60970574E+4	8.82527401E+1	1.49703877E-9	8.79878476E+1	-4.82776284E+0	8.81201943E+1	-5.48135565E-2
7.08737081E+4	8.80571438E+1	1.27136572E-9	8.78388270E+1	-4.37911809E+0	8.79479177E+1	-4.98127717E-2
7.59955541E+4	8.78679611E+1	1.06932280E-9	8.76914495E+1	-3.93427466E+0	8.77796609E+1	-4.48349087E-2
8.14875417E+4	8.76914478E+1	8.90810566E-10	8.75513950E+1	-3.50168245E+0	8.76213934E+1	-3.99744293E-2
8.73764200E+4	8.75247113E+1	7.30375884E-10	8.74170399E+1	-3.06794319E+0	8.74708590E+1	-3.50810845E-2
9.36908711E+4	8.73649337E+1	5.87768265E-10	8.72851742E+1	-2.63852329E+0	8.73250449E+1	-3.02195650E-2
1.00461650E+5	8.72158825E+1	4.60550100E-10	8.71598520E+1	-2.20988174E+0	8.71878627E+1	-2.53489255E-2
1.07721735E+5	8.70728309E+1	3.47195276E-10	8.70363903E+1	-1.78090421E+0	8.70546087E+1	-2.04587495E-2
1.15506485E+5	8.69407450E+1	2.46245449E-10	8.69197613E+1	-1.35050553E+0	8.69302525E+1	-1.55361311E-2
1.23853818E+5	8.68135409E+1	1.56241734E-10	8.68038693E+1	-9.16247543E-1	8.68087050E+1	-1.05549853E-2
1.32804389E+5	8.66876737E+1	7.61527787E-11	8.66850364E+1	-4.77507234E-1	8.66863551E+1	-5.50847265E-3
1.42401793E+5	8.65717789E+1	4.00127709E-12	8.65717703E+1	-2.68316675E-2	8.65717746E+1	-3.09935138E-4
1.52692775E+5	8.64602823E+1	-5.97380898E-11	8.64581590E+1	4.28422411E-1	8.64592206E+1	4.95521739E-3
1.63727458E+5	8.63542476E+1	-1.16672003E-10	8.63449718E+1	8.94929391E-1	8.63496096E+1	1.03642095E-2
1.75559587E+5	8.62537985E+1	-1.67448038E-10	8.62319107E+1	1.37382291E+0	8.62428539E+1	1.59303746E-2
1.88246790E+5	8.61065232E+1	-2.12662102E-10	8.60602218E+1	1.86382892E+0	8.60833680E+1	2.16538755E-2
2.01850863E+5	8.60682013E+1	-2.53410324E-10	8.60023949E+1	2.37896502E+0	8.60352918E+1	2.76545615E-2
2.16438064E+5	8.59806066E+1	-2.90110012E-10	8.58817836E+1	2.91325036E+0	8.59311809E+1	3.39086302E-2
2.32079442E+5	8.58946105E+1	-3.22322643E-10	8.57548429E+1	3.46203889E+0	8.58246983E+1	4.03494389E-2
2.48851178E+5	8.58176102E+1	-3.51268693E-10	8.56273776E+1	4.03597155E+0	8.57224411E+1	4.70992657E-2
2.66834962E+5	8.57401274E+1	-3.77422097E-10	8.54884874E+1	4.63811659E+0	8.56142150E+1	5.42011443E-2
2.86118383E+5	8.56714609E+1	-4.00674008E-10	8.53464542E+1	5.26669849E+0	8.55088031E+1	6.16314810E-2
3.06795364E+5	8.56017499E+1	-4.22090299E-10	8.51884979E+1	5.93331762E+0	8.53948739E+1	6.95369868E-2
3.28966612E+5	8.55463101E+1	-4.41138059E-10	8.50289599E+1	6.63245469E+0	8.52872427E+1	7.78446850E-2
3.52740116E+5	8.54809427E+1	-4.57859921E-10	8.48425489E+1	7.35953409E+0	8.51611476E+1	8.65268494E-2
3.78231664E+5	8.54246507E+1	-4.73252346E-10	8.46433433E+1	8.13217153E+0	8.50330997E+1	9.57817528E-2
4.05565415E+5	8.53910005E+1	-4.87611014E-10	8.44403863E+1	8.95935162E+0	8.49143631E+1	1.05707193E-1
4.34874501E+5	8.53434138E+1	-5.00470850E-10	8.41966317E+1	9.82623836E+0	8.47680835E+1	1.16180274E-1
4.66301673E+5	8.53045333E+1	-5.12007057E-10	8.39301471E+1	1.07402112E+1	8.46145497E+1	1.27274368E-1
5.00000000E+5	8.52776926E+1	-5.22925426E-10	8.36361746E+1	1.17170772E+1	8.44529454E+1	1.39189891E-1
