Start time:20240907_06-41-50	sweep/start:500.000	sweep/stop:500000.000	sweep/samplecount:100.000	sweep/xmapping:1.000	sweep/scan:0.000	sweep/averaging/sample:10.000	sweep/settling/time:0.100	sweep/settling/inaccuracy:0.010	sweep/awgcontrol:0.000	sweep/averaging/time:0.100	sweep/averaging/tc:15.000	sweep/bandwidthcontrol:2.000	sweep/sincfilter:0.000	sweep/omegasuppression:80.000	sweep/maxbandwidth:100.000	sweep/bandwidth:1250000.000	sweep/order:8.000	sweep/bandwidthoverlap:1.000																				
Frequency	Param0		Param1		RealZ		ImagZ		AbsZ		PhaseZ		
5.00000000E+2	9.12155053E+2	7.38079105E-7	1.66650760E+2	-3.52475284E+2	3.89886275E+2	-1.12914349E+0
5.36133611E+2	8.28749960E+2	7.18017569E-7	1.65151484E+2	-3.31050224E+2	3.69958467E+2	-1.10805202E+0
5.74878498E+2	7.54888083E+2	6.97118276E-7	1.63637172E+2	-3.11047540E+2	3.51465088E+2	-1.08649985E+0
6.16423370E+2	6.89401989E+2	6.75451085E-7	1.62107323E+2	-2.92366734E+2	3.34300906E+2	-1.06453103E+0
6.60970574E+2	6.31384535E+2	6.52871492E-7	1.60630166E+2	-2.74986075E+2	3.18464118E+2	-1.04212076E+0
7.08737081E+2	5.80142246E+2	6.29787767E-7	1.59064925E+2	-2.58802275E+2	3.03776682E+2	-1.01969649E+0
7.59955541E+2	5.34472342E+2	6.06146447E-7	1.57522322E+2	-2.43676075E+2	2.90157398E+2	-9.96926782E-1
8.14875417E+2	4.93878626E+2	5.82026598E-7	1.55992100E+2	-2.29581405E+2	2.77562892E+2	-9.73986866E-1
8.73764200E+2	4.57911624E+2	5.57741628E-7	1.54388303E+2	-2.16472732E+2	2.65887559E+2	-9.51266274E-1
9.36908711E+2	4.25705748E+2	5.33306809E-7	1.52791383E+2	-2.04203230E+2	2.55037580E+2	-9.28427734E-1
1.00461650E+3	3.96922442E+2	5.08871885E-7	1.51179412E+2	-1.92746681E+2	2.44962240E+2	-9.05675830E-1
1.07721735E+3	3.71211798E+2	4.84587213E-7	1.49539842E+2	-1.82068081E+2	2.35607622E+2	-8.83177819E-1
1.15506485E+3	3.48155641E+2	4.60554302E-7	1.47887377E+2	-1.72096323E+2	2.26909282E+2	-8.60911118E-1
1.23853818E+3	3.27366208E+2	4.36861866E-7	1.46236389E+2	-1.62750633E+2	2.18798654E+2	-8.38793760E-1
1.32804389E+3	3.08702286E+2	4.13671327E-7	1.44559506E+2	-1.54040247E+2	2.11248312E+2	-8.17138163E-1
1.42401793E+3	2.91804402E+2	3.91060447E-7	1.42868636E+2	-1.45870657E+2	2.04180548E+2	-7.95794787E-1
1.52692775E+3	2.76483791E+2	3.69029892E-7	1.41192349E+2	-1.38210402E+2	1.97578833E+2	-7.74725992E-1
1.63727458E+3	2.62584292E+2	3.47730176E-7	1.39500513E+2	-1.31035300E+2	1.91391335E+2	-7.54117825E-1
1.75559587E+3	2.49894672E+2	3.27191858E-7	1.37801131E+2	-1.24284416E+2	1.85568770E+2	-7.33870142E-1
1.88246790E+3	2.38339189E+2	3.07462532E-7	1.36095842E+2	-1.17961408E+2	1.80102671E+2	-7.14139702E-1
2.01850863E+3	2.27739451E+2	2.88491054E-7	1.34413161E+2	-1.12001254E+2	1.74960507E+2	-6.94695624E-1
2.16438064E+3	2.18003395E+2	2.70349007E-7	1.32734944E+2	-1.06386571E+2	1.70107813E+2	-6.75652670E-1
2.32079442E+3	2.09055540E+2	2.53045831E-7	1.31065044E+2	-1.01103054E+2	1.65529072E+2	-6.57054534E-1
2.48851178E+3	2.00785993E+2	2.36532293E-7	1.29420325E+2	-9.61049826E+1	1.61201080E+2	-6.38735561E-1
2.66834962E+3	1.93152619E+2	2.20811712E-7	1.27804135E+2	-9.13882174E+1	1.57116846E+2	-6.20765070E-1
2.86118383E+3	1.86078308E+2	2.05909962E-7	1.26201187E+2	-8.69284962E+1	1.53242629E+2	-6.03175582E-1
3.06795364E+3	1.79527015E+2	1.91743931E-7	1.24644560E+2	-8.27091243E+1	1.49589658E+2	-5.85848637E-1
3.28966612E+3	1.73437321E+2	1.78351967E-7	1.23110508E+2	-7.87131457E+1	1.46123087E+2	-5.68866014E-1
3.52740116E+3	1.67772309E+2	1.65689198E-7	1.21611528E+2	-7.49245146E+1	1.42839234E+2	-5.52171629E-1
3.78231664E+3	1.62485734E+2	1.53736670E-7	1.20144406E+2	-7.13237235E+1	1.39720263E+2	-5.35737281E-1
4.05565415E+3	1.57560332E+2	1.42466712E-7	1.18717094E+2	-6.79069658E+1	1.36766607E+2	-5.19581776E-1
4.34874501E+3	1.52971309E+2	1.31853296E-7	1.17333462E+2	-6.46646102E+1	1.33972584E+2	-5.03701335E-1
4.66301673E+3	1.48697261E+2	1.21878818E-7	1.15993967E+2	-6.15904591E+1	1.31331585E+2	-4.88123239E-1
5.00000000E+3	1.44711237E+2	1.12513352E-7	1.14700443E+2	-5.86707015E+1	1.28834945E+2	-4.72815074E-1
5.36133611E+3	1.40970959E+2	1.03731243E-7	1.13443613E+2	-5.58820309E+1	1.26460487E+2	-4.57708029E-1
5.74878498E+3	1.37474885E+2	9.55300435E-8	1.12221736E+2	-5.32348768E+1	1.24208173E+2	-4.42936019E-1
6.16423370E+3	1.34210116E+2	8.78602229E-8	1.11047755E+2	-5.07161523E+1	1.22080842E+2	-4.28416447E-1
6.60970574E+3	1.31158378E+2	8.07078945E-8	1.09915758E+2	-4.83207878E+1	1.20068200E+2	-4.14185585E-1
7.08737081E+3	1.28297515E+2	7.40506337E-8	1.08820027E+2	-4.60384694E+1	1.18158110E+2	-4.00234632E-1
7.59955541E+3	1.25615680E+2	6.78564253E-8	1.07763986E+2	-4.38607978E+1	1.16347954E+2	-3.86533067E-1
8.14875417E+3	1.23107159E+2	6.21100988E-8	1.06746955E+2	-4.17899739E+1	1.14635572E+2	-3.73145535E-1
8.73764200E+3	1.20755110E+2	5.67787680E-8	1.05768979E+2	-3.98129089E+1	1.13013914E+2	-3.60009635E-1
9.36908711E+3	1.18550971E+2	5.18500519E-8	1.04825427E+2	-3.79313322E+1	1.11477155E+2	-3.47194482E-1
1.00461650E+4	1.16481204E+2	4.72866482E-8	1.03919561E+2	-3.61303244E+1	1.10021251E+2	-3.34602830E-1
1.07721735E+4	1.14551539E+2	4.30782836E-8	1.03055309E+2	-3.44201607E+1	1.08651481E+2	-3.22347706E-1
1.15506485E+4	1.12729165E+2	3.91915437E-8	1.02220055E+2	-3.27756270E+1	1.07346083E+2	-3.10281511E-1
1.23853818E+4	1.11025895E+2	3.56168583E-8	1.01421533E+2	-3.12103991E+1	1.06115109E+2	-2.98532921E-1
1.32804389E+4	1.09420286E+2	3.23302794E-8	1.00650014E+2	-2.97107377E+1	1.04943572E+2	-2.87036852E-1
1.42401793E+4	1.07917242E+2	2.93150728E-8	9.99120427E+1	-2.82810138E+1	1.03837527E+2	-2.75843156E-1
1.52692775E+4	1.06508046E+2	2.65429819E-8	9.92098455E+1	-2.69082381E+1	1.02794196E+2	-2.64853693E-1
1.63727458E+4	1.05184316E+2	2.40039897E-8	9.85366458E+1	-2.55937302E+1	1.01806236E+2	-2.54122809E-1
1.75559587E+4	1.03943696E+2	2.16795217E-8	9.78949561E+1	-2.43339480E+1	1.00873998E+2	-2.43634242E-1
1.88246790E+4	1.02788536E+2	1.95591857E-8	9.72872791E+1	-2.31344380E+1	1.00000085E+2	-2.33459123E-1
2.01850863E+4	1.01696198E+2	1.76230883E-8	9.67002046E+1	-2.19798435E+1	9.91667443E+1	-2.23501425E-1
2.16438064E+4	1.00684529E+2	1.58588189E-8	9.61508838E+1	-2.08785519E+1	9.83915974E+1	-2.13824173E-1
2.32079442E+4	9.97289434E+1	1.42494585E-8	9.56228031E+1	-1.98151602E+1	9.76542939E+1	-2.04330165E-1
2.48851178E+4	9.88352510E+1	1.27900349E-8	9.51192577E+1	-1.88005955E+1	9.69594539E+1	-1.95137703E-1
2.66834962E+4	9.79922404E+1	1.14636794E-8	9.46354024E+1	-1.78234576E+1	9.62991958E+1	-1.86157520E-1
2.86118383E+4	9.72109537E+1	1.02607311E-8	9.41825834E+1	-1.68884479E+1	9.56847885E+1	-1.77430364E-1
3.06795364E+4	9.64774471E+1	9.17005013E-9	9.37508093E+1	-1.59882599E+1	9.51043571E+1	-1.68914910E-1
3.28966612E+4	9.57963804E+1	8.18642600E-9	9.33437308E+1	-1.51307441E+1	9.45621042E+1	-1.60699303E-1
3.52740116E+4	9.51542055E+1	7.29336359E-9	9.29550584E+1	-1.42976147E+1	9.40482043E+1	-1.52616084E-1
3.78231664E+4	9.45601884E+1	6.49058179E-9	9.25903739E+1	-1.35050296E+1	9.35700978E+1	-1.44836470E-1
4.05565415E+4	9.40012712E+1	5.76445955E-9	9.22425475E+1	-1.27369195E+1	9.31177573E+1	-1.37213083E-1
4.34874501E+4	9.34757947E+1	5.11336899E-9	9.19081261E+1	-1.20033927E+1	9.26886461E+1	-1.29867036E-1
4.66301673E+4	9.29867703E+1	4.52474587E-9	9.15949092E+1	-1.12910292E+1	9.22882158E+1	-1.22652590E-1
5.00000000E+4	9.25272414E+1	3.99732543E-9	9.12946379E+1	-1.06080176E+1	9.19088733E+1	-1.15676674E-1
5.36133611E+4	9.21002096E+1	3.52363962E-9	9.10125043E+1	-9.94961016E+0	9.15547417E+1	-1.08888945E-1
5.74878498E+4	9.16949067E+1	3.09813930E-9	9.07394728E+1	-9.31104321E+0	9.12159388E+1	-1.02255037E-1
6.16423370E+4	9.13165155E+1	2.71641222E-9	9.04813601E+1	-8.69286833E+0	9.08979787E+1	-9.57796158E-2
6.60970574E+4	9.09587565E+1	2.37305837E-9	9.02336553E+1	-8.08878855E+0	9.05954804E+1	-8.94037340E-2
7.08737081E+4	9.06257712E+1	2.06751000E-9	8.99992039E+1	-7.50936168E+0	9.03119442E+1	-8.32452655E-2
7.59955541E+4	9.03081666E+1	1.79268905E-9	8.97717035E+1	-6.93968136E+0	9.00395355E+1	-7.71502241E-2
8.14875417E+4	9.00082021E+1	1.54742505E-9	8.95527894E+1	-6.38619117E+0	8.97802070E+1	-7.11915132E-2
8.73764200E+4	8.97240302E+1	1.32737038E-9	8.93420803E+1	-5.84158980E+0	8.95328516E+1	-6.52915917E-2
9.36908711E+4	8.94532582E+1	1.13042739E-9	8.91373996E+1	-5.30610641E+0	8.92951892E+1	-5.94571106E-2
1.00461650E+5	8.91994451E+1	9.53354998E-10	8.89431694E+1	-4.77429873E+0	8.90712151E+1	-5.36266151E-2
1.07721735E+5	8.89539186E+1	7.95525498E-10	8.87503198E+1	-4.25081611E+0	8.88520609E+1	-4.78597717E-2
1.15506485E+5	8.87226058E+1	6.54399166E-10	8.85653555E+1	-3.73187548E+0	8.86439458E+1	-4.21120546E-2
1.23853818E+5	8.85006755E+1	5.27898096E-10	8.83838478E+1	-3.21335599E+0	8.84422423E+1	-3.63408179E-2
1.32804389E+5	8.82786494E+1	4.14318604E-10	8.81964921E+1	-2.69174324E+0	8.82375612E+1	-3.05103759E-2
1.42401793E+5	8.80824931E+1	3.12699391E-10	8.80290300E+1	-2.16939107E+0	8.80557575E+1	-2.46390551E-2
1.52692775E+5	8.78861348E+1	2.21448247E-10	8.78555043E+1	-1.64043843E+0	8.78708182E+1	-1.86698359E-2
1.63727458E+5	8.76994080E+1	1.39787549E-10	8.76854613E+1	-1.10584452E+0	8.76924344E+1	-1.26108246E-2
1.75559587E+5	8.75175545E+1	6.62409077E-11	8.75139753E+1	-5.59633044E-1	8.75157649E+1	-6.39469715E-3
1.88246790E+5	8.73776977E+1	-9.64210006E-13	8.73720882E+1	8.81965704E-3	8.73748929E+1	1.00296826E-4
2.01850863E+5	8.71785699E+1	-5.88266196E-11	8.71748815E+1	5.67002962E-1	8.71767257E+1	6.50411051E-3
2.16438064E+5	8.70146373E+1	-1.11931979E-10	8.69993741E+1	1.15232813E+0	8.70070054E+1	1.32444713E-2
2.32079442E+5	8.68598439E+1	-1.59724991E-10	8.68243083E+1	1.75650654E+0	8.68420743E+1	2.02278259E-2
2.48851178E+5	8.67116451E+1	-2.02407176E-10	8.66463920E+1	2.37778894E+0	8.66790124E+1	2.74355628E-2
2.66834962E+5	8.65684969E+1	-2.41327688E-10	8.64624205E+1	3.02842600E+0	8.65154424E+1	3.50116106E-2
2.86118383E+5	8.64232092E+1	-2.76419931E-10	8.62641046E+1	3.70472096E+0	8.63436202E+1	4.29198889E-2
3.06795364E+5	8.62912248E+1	-3.07751208E-10	8.60656858E+1	4.40580332E+0	8.61783816E+1	5.11465251E-2
3.28966612E+5	8.61637741E+1	-3.36476809E-10	8.58554598E+1	5.14492934E+0	8.60094788E+1	5.98539005E-2
3.52740116E+5	8.60371020E+1	-3.62318820E-10	8.56283660E+1	5.91601198E+0	8.58324907E+1	6.89797784E-2
3.78231664E+5	8.59130409E+1	-3.85540644E-10	8.53839708E+1	6.72114560E+0	8.56480974E+1	7.85547340E-2
4.05565415E+5	8.58068221E+1	-4.07340505E-10	8.51314663E+1	7.58246519E+0	8.54684771E+1	8.88332904E-2
4.34874501E+5	8.56932337E+1	-4.26408584E-10	8.48474241E+1	8.47139459E+0	8.52692802E+1	9.95128945E-2
4.66301673E+5	8.55993761E+1	-4.44462505E-10	8.45488334E+1	9.42453913E+0	8.50724831E+1	1.11010332E-1
NaN	NaN	NaN	NaN	NaN	NaN	NaN
