Start time:20240908_07-32-08	sweep/start:500.000	sweep/stop:500000.000	sweep/samplecount:100.000	sweep/xmapping:1.000	sweep/scan:0.000	sweep/averaging/sample:10.000	sweep/settling/time:0.100	sweep/settling/inaccuracy:0.010	sweep/awgcontrol:0.000	sweep/averaging/time:0.100	sweep/averaging/tc:15.000	sweep/bandwidthcontrol:2.000	sweep/sincfilter:0.000	sweep/omegasuppression:80.000	sweep/maxbandwidth:100.000	sweep/bandwidth:1250000.000	sweep/order:8.000	sweep/bandwidthoverlap:1.000																				
Frequency	Param0		Param1		RealZ		ImagZ		AbsZ		PhaseZ		
5.00000000E+2	9.64802742E+2	7.86355183E-7	1.44412911E+2	-3.44201773E+2	3.73269276E+2	-1.17354337E+0
5.36133611E+2	8.69333253E+2	7.68640781E-7	1.43295914E+2	-3.22549452E+2	3.52947409E+2	-1.15272579E+0
5.74878498E+2	7.85298851E+2	7.49763568E-7	1.42186000E+2	-3.02393129E+2	3.34153363E+2	-1.13126962E+0
6.16423370E+2	7.11141053E+2	7.29782036E-7	1.41090467E+2	-2.83599529E+2	3.16757344E+2	-1.10915156E+0
6.60970574E+2	6.45592191E+2	7.08763844E-7	1.40007256E+2	-2.66055530E+2	3.00645273E+2	-1.08638307E+0
7.08737081E+2	5.87780011E+2	6.86597495E-7	1.38964488E+2	-2.49738671E+2	2.85798070E+2	-1.06302254E+0
7.59955541E+2	5.36791646E+2	6.63750910E-7	1.37836976E+2	-2.34500950E+2	2.72010533E+2	-1.03940422E+0
8.14875417E+2	4.91710395E+2	6.39993401E-7	1.36736511E+2	-2.20313130E+2	2.59296651E+2	-1.01533395E+0
8.73764200E+2	4.51684261E+2	6.15498135E-7	1.35659347E+2	-2.07054883E+2	2.47538251E+2	-9.90784438E-1
9.36908711E+2	4.16360193E+2	5.90435758E-7	1.34557347E+2	-1.94727086E+2	2.36694569E+2	-9.66132977E-1
1.00461650E+3	3.84968876E+2	5.65035216E-7	1.33427797E+2	-1.83200900E+2	2.26639686E+2	-9.41319268E-1
1.07721735E+3	3.57085714E+2	5.39282261E-7	1.32312511E+2	-1.72453776E+2	2.17363535E+2	-9.16355980E-1
1.15506485E+3	3.32284801E+2	5.13446183E-7	1.31174797E+2	-1.62420939E+2	2.08775932E+2	-8.91424802E-1
1.23853818E+3	3.10166122E+2	4.87637512E-7	1.30029268E+2	-1.53045946E+2	2.00824981E+2	-8.66529096E-1
1.32804389E+3	2.90435702E+2	4.62016527E-7	1.28869625E+2	-1.44294691E+2	1.93464051E+2	-8.41806344E-1
1.42401793E+3	2.72795528E+2	4.36663807E-7	1.27716202E+2	-1.36121195E+2	1.86655855E+2	-8.17244107E-1
1.52692775E+3	2.56991870E+2	4.11743421E-7	1.26559768E+2	-1.28481343E+2	1.80346419E+2	-7.92932395E-1
1.63727458E+3	2.42788506E+2	3.87437331E-7	1.25381303E+2	-1.21328758E+2	1.74473892E+2	-7.68973287E-1
1.75559587E+3	2.29993301E+2	3.63759719E-7	1.24208963E+2	-1.14627056E+2	1.69018428E+2	-7.45300475E-1
1.88246790E+3	2.18458700E+2	3.40805780E-7	1.23042435E+2	-1.08352430E+2	1.63950267E+2	-7.21998667E-1
2.01850863E+3	2.08019889E+2	3.18691615E-7	1.21868368E+2	-1.02465335E+2	1.59220112E+2	-6.99121046E-1
2.16438064E+3	1.98555359E+2	2.97446954E-7	1.20696942E+2	-9.69395299E+1	1.54806410E+2	-6.76667695E-1
2.32079442E+3	1.89959702E+2	2.77071743E-7	1.19544124E+2	-9.17483968E+1	1.50693617E+2	-6.54598311E-1
2.48851178E+3	1.82138053E+2	2.57657584E-7	1.18392435E+2	-8.68734635E+1	1.46846068E+2	-6.33036284E-1
2.66834962E+3	1.75019037E+2	2.39188812E-7	1.17257555E+2	-8.22980561E+1	1.43256079E+2	-6.11971306E-1
2.86118383E+3	1.68488779E+2	2.21664554E-7	1.16134932E+2	-7.79750621E+1	1.39883640E+2	-5.91284650E-1
3.06795364E+3	1.62516130E+2	2.05081438E-7	1.15034077E+2	-7.39057102E+1	1.36729269E+2	-5.71062062E-1
3.28966612E+3	1.57042880E+2	1.89449302E-7	1.13950380E+2	-7.00742933E+1	1.33772552E+2	-5.51342914E-1
3.52740116E+3	1.52016341E+2	1.74723530E-7	1.12894078E+2	-6.64580435E+1	1.31002842E+2	-5.32051476E-1
3.78231664E+3	1.47389321E+2	1.60926610E-7	1.11850613E+2	-6.30478085E+1	1.28396207E+2	-5.13284407E-1
4.05565415E+3	1.43121381E+2	1.47988290E-7	1.10834835E+2	-5.98203470E+1	1.25947745E+2	-4.94920435E-1
4.34874501E+3	1.39186034E+2	1.35907379E-7	1.09841272E+2	-5.67738127E+1	1.23646152E+2	-4.77053454E-1
4.66301673E+3	1.35554074E+2	1.24642732E-7	1.08874498E+2	-5.38955040E+1	1.21484080E+2	-4.59658999E-1
5.00000000E+3	1.32207770E+2	1.14136130E-7	1.07948551E+2	-5.11736986E+1	1.19463958E+2	-4.42678142E-1
5.36133611E+3	1.29102503E+2	1.04400975E-7	1.07036817E+2	-4.85987729E+1	1.17553056E+2	-4.26206778E-1
5.74878498E+3	1.26225796E+2	9.53644229E-8	1.06156681E+2	-4.61570207E+1	1.15757123E+2	-4.10142724E-1
6.16423370E+3	1.23561437E+2	8.70152633E-8	1.05301142E+2	-4.38500842E+1	1.14066473E+2	-3.94585640E-1
6.60970574E+3	1.21086117E+2	7.92971550E-8	1.04473632E+2	-4.16601320E+1	1.12473581E+2	-3.79438827E-1
7.08737081E+3	1.18791848E+2	7.21809518E-8	1.03676174E+2	-3.95870578E+1	1.10976954E+2	-3.64748363E-1
7.59955541E+3	1.16644803E+2	6.56302865E-8	1.02895745E+2	-3.76127565E+1	1.09554799E+2	-3.50453396E-1
8.14875417E+3	1.14667158E+2	5.96162465E-8	1.02153024E+2	-3.57541114E+1	1.08229372E+2	-3.36679640E-1
8.73764200E+3	1.12814984E+2	5.40952777E-8	1.01429186E+2	-3.39831158E+1	1.06970706E+2	-3.23288261E-1
9.36908711E+3	1.11091177E+2	4.90333160E-8	1.00733337E+2	-3.23013891E+1	1.05785562E+2	-3.10303658E-1
1.00461650E+4	1.09480382E+2	4.44032304E-8	1.00058928E+2	-3.07034297E+1	1.04663698E+2	-2.97732466E-1
1.07721735E+4	1.07981831E+2	4.01711668E-8	9.94126676E+1	-2.91870410E+1	1.03608696E+2	-2.85570142E-1
1.15506485E+4	1.06581692E+2	3.63105137E-8	9.87886077E+1	-2.77464933E+1	1.02611193E+2	-2.73812804E-1
1.23853818E+4	1.05266204E+2	3.27807604E-8	9.81860255E+1	-2.63661626E+1	1.01664498E+2	-2.62343768E-1
1.32804389E+4	1.04036363E+2	2.95734213E-8	9.76032340E+1	-2.50578171E+1	1.00768475E+2	-2.51304017E-1
1.42401793E+4	1.02885936E+2	2.66540502E-8	9.70434798E+1	-2.38111798E+1	9.99220160E+1	-2.40612609E-1
1.52692775E+4	1.01809981E+2	2.39954687E-8	9.65084505E+1	-2.26195150E+1	9.91237789E+1	-2.30222996E-1
1.63727458E+4	1.00797484E+2	2.15816825E-8	9.59902007E+1	-2.14814343E+1	9.83644792E+1	-2.20160339E-1
1.75559587E+4	9.98551079E+1	1.93956243E-8	9.54965313E+1	-2.04016862E+1	9.76515050E+1	-2.10473955E-1
1.88246790E+4	9.89660111E+1	1.74065216E-8	9.50211525E+1	-1.93609111E+1	9.69735244E+1	-2.01002266E-1
2.01850863E+4	9.81354639E+1	1.56051681E-8	9.45680436E+1	-1.83674688E+1	9.63352419E+1	-1.91836462E-1
2.16438064E+4	9.73573549E+1	1.39771539E-8	9.41337090E+1	-1.74199213E+1	9.57319639E+1	-1.82985026E-1
2.32079442E+4	9.66289906E+1	1.25013954E-8	9.37209417E+1	-1.65089367E+1	9.51638586E+1	-1.74361204E-1
2.48851178E+4	9.59357759E+1	1.11719551E-8	9.33151145E+1	-1.56380034E+1	9.46163723E+1	-1.66039873E-1
2.66834962E+4	9.52943417E+1	9.96684849E-9	9.29377338E+1	-1.47992478E+1	9.41086614E+1	-1.57912498E-1
2.86118383E+4	9.46920571E+1	8.88218730E-9	9.25755744E+1	-1.39976628E+1	9.36278355E+1	-1.50065826E-1
3.06795364E+4	9.41319056E+1	7.90564968E-9	9.22339027E+1	-1.32310297E+1	9.31780716E+1	-1.42478820E-1
3.28966612E+4	9.36028036E+1	7.02291172E-9	9.19060462E+1	-1.24876820E+1	9.27505449E+1	-1.35047412E-1
3.52740116E+4	9.31065535E+1	6.23001457E-9	9.15927508E+1	-1.17751145E+1	9.23465503E+1	-1.27858143E-1
3.78231664E+4	9.26442245E+1	5.51591280E-9	9.12977223E+1	-1.10874950E+1	9.19685092E+1	-1.20851475E-1
4.05565415E+4	9.22064241E+1	4.87542387E-9	9.10120842E+1	-1.04258962E+1	9.16073078E+1	-1.14057888E-1
4.34874501E+4	9.18018882E+1	4.29939962E-9	9.07464418E+1	-9.78662243E+0	9.12726395E+1	-1.07430585E-1
4.66301673E+4	9.14253349E+1	3.78298642E-9	9.04960981E+1	-9.17018361E+0	9.09595299E+1	-1.00987651E-1
5.00000000E+4	9.10659188E+1	3.31994783E-9	9.02517214E+1	-8.57220400E+0	9.06579061E+1	-9.46969734E-2
5.36133611E+4	9.07310239E+1	2.90649027E-9	9.00206329E+1	-7.99686296E+0	9.03751304E+1	-8.86010924E-2
5.74878498E+4	9.04175014E+1	2.53542275E-9	8.98017537E+1	-7.43607282E+0	9.01091016E+1	-8.26169463E-2
6.16423370E+4	9.01255493E+1	2.20381227E-9	8.95953384E+1	-6.89234316E+0	8.98600528E+1	-7.67762641E-2
6.60970574E+4	8.98477804E+1	1.90680354E-9	8.93952318E+1	-6.36047617E+0	8.96212205E+1	-7.10303639E-2
7.08737081E+4	8.95880473E+1	1.64235327E-9	8.92050874E+1	-5.84482227E+0	8.93963623E+1	-6.54276548E-2
7.59955541E+4	8.93432568E+1	1.40491685E-9	8.90234661E+1	-5.33562074E+0	8.91832181E+1	-5.98633802E-2
8.14875417E+4	8.91114506E+1	1.19328806E-9	8.88480913E+1	-4.83724416E+0	8.89796735E+1	-5.43902863E-2
8.73764200E+4	8.88934178E+1	1.00540945E-9	8.86799172E+1	-4.35122912E+0	8.87866033E+1	-4.90273605E-2
9.36908711E+4	8.86871671E+1	8.37233525E-10	8.85180444E+1	-3.86915714E+0	8.86025654E+1	-4.36825707E-2
1.00461650E+5	8.84942690E+1	6.86634434E-10	8.83642762E+1	-3.38920325E+0	8.84292487E+1	-3.83361122E-2
1.07721735E+5	8.83014080E+1	5.52275670E-10	8.82053110E+1	-2.91139755E+0	8.82533464E+1	-3.29950748E-2
1.15506485E+5	8.81310363E+1	4.32698490E-10	8.80635835E+1	-2.43723169E+0	8.80973034E+1	-2.76687559E-2
1.23853818E+5	8.79596823E+1	3.25402451E-10	8.79160650E+1	-1.95822193E+0	8.79378709E+1	-2.22700862E-2
1.32804389E+5	8.77981501E+1	2.30055739E-10	8.77732132E+1	-1.47935555E+0	8.77856808E+1	-1.68527013E-2
1.42401793E+5	8.76443297E+1	1.44337155E-10	8.76331024E+1	-9.91894511E-1	8.76387159E+1	-1.13182361E-2
1.52692775E+5	8.74992514E+1	6.83425530E-11	8.74963712E+1	-5.01977231E-1	8.74978113E+1	-5.73705706E-3
1.63727458E+5	8.73568787E+1	3.70929788E-13	8.73568783E+1	-2.91191088E-3	8.73568785E+1	-3.33338587E-5
1.75559587E+5	8.72208068E+1	-6.07410201E-11	8.72178277E+1	5.09696753E-1	8.72193173E+1	5.84388493E-3
1.88246790E+5	8.71017054E+1	-1.16005476E-10	8.70815717E+1	1.04072098E+0	8.70916374E+1	1.19500786E-2
2.01850863E+5	8.69679168E+1	-1.63934761E-10	8.69394914E+1	1.57201850E+0	8.69537029E+1	1.80797847E-2
2.16438064E+5	8.68469249E+1	-2.07928498E-10	8.67945816E+1	2.13144717E+0	8.68207493E+1	2.45524414E-2
2.32079442E+5	8.67330476E+1	-2.47254263E-10	8.66483146E+1	2.70959926E+0	8.66906707E+1	3.12610408E-2
2.48851178E+5	8.66230438E+1	-2.82417588E-10	8.64964856E+1	3.30859186E+0	8.65597416E+1	3.82325321E-2
2.66834962E+5	8.65133980E+1	-3.14416709E-10	8.63338360E+1	3.93724850E+0	8.64235704E+1	4.55733410E-2
2.86118383E+5	8.64148203E+1	-3.42899006E-10	8.61702977E+1	4.59026465E+0	8.62924724E+1	5.32193811E-2
3.06795364E+5	8.63170628E+1	-3.68620886E-10	8.59935605E+1	5.27437692E+0	8.61551598E+1	6.12578192E-2
3.28966612E+5	8.62347803E+1	-3.91688911E-10	8.58164843E+1	5.99137058E+0	8.60253780E+1	6.97029726E-2
3.52740116E+5	8.61340808E+1	-4.12502405E-10	8.56032399E+1	6.74103186E+0	8.58682501E+1	7.85852233E-2
3.78231664E+5	8.60571169E+1	-4.32450949E-10	8.53891925E+1	7.55203937E+0	8.57225041E+1	8.82130455E-2
4.05565415E+5	8.59758079E+1	-4.49371502E-10	8.51504671E+1	8.38319527E+0	8.55621423E+1	9.81352986E-2
4.34874501E+5	8.59079661E+1	-4.64510880E-10	8.48986017E+1	9.25706989E+0	8.54017927E+1	1.08607735E-1
4.66301673E+5	8.58394138E+1	-4.79230504E-10	8.46103336E+1	1.01976791E+1	8.52226580E+1	1.19946671E-1
NaN	NaN	NaN	NaN	NaN	NaN	NaN
