Start time:20240907_07-51-24	sweep/start:500.000	sweep/stop:500000.000	sweep/samplecount:100.000	sweep/xmapping:1.000	sweep/scan:0.000	sweep/averaging/sample:10.000	sweep/settling/time:0.100	sweep/settling/inaccuracy:0.010	sweep/awgcontrol:0.000	sweep/averaging/time:0.100	sweep/averaging/tc:15.000	sweep/bandwidthcontrol:2.000	sweep/sincfilter:0.000	sweep/omegasuppression:80.000	sweep/maxbandwidth:100.000	sweep/bandwidth:1250000.000	sweep/order:8.000	sweep/bandwidthoverlap:1.000																				
Frequency	Param0		Param1		RealZ		ImagZ		AbsZ		PhaseZ		
5.00000000E+2	9.23135545E+2	7.33489342E-7	1.67083465E+2	-3.55420538E+2	3.92734835E+2	-1.13135291E+0
5.36133611E+2	8.37810200E+2	7.13805283E-7	1.65626988E+2	-3.33663988E+2	3.72510350E+2	-1.11004203E+0
5.74878498E+2	7.62833093E+2	6.93274571E-7	1.64083186E+2	-3.13440213E+2	3.53790990E+2	-1.08853289E+0
6.16423370E+2	6.96464621E+2	6.71819132E-7	1.62568403E+2	-2.94609278E+2	3.36486433E+2	-1.06656437E+0
6.60970574E+2	6.37632184E+2	6.49592510E-7	1.61058505E+2	-2.77049150E+2	3.20462286E+2	-1.04421380E+0
7.08737081E+2	5.85498860E+2	6.26742892E-7	1.59523205E+2	-2.60677931E+2	3.05615186E+2	-1.02163263E+0
7.59955541E+2	5.39320356E+2	6.03349999E-7	1.57965163E+2	-2.45440049E+2	2.91879796E+2	-9.98933533E-1
8.14875417E+2	4.98184898E+2	5.79505676E-7	1.56419142E+2	-2.31211374E+2	2.79151660E+2	-9.76003095E-1
8.73764200E+2	4.61627011E+2	5.55381889E-7	1.54849415E+2	-2.17954864E+2	2.67362426E+2	-9.53080997E-1
9.36908711E+2	4.28922327E+2	5.31116189E-7	1.53273135E+2	-2.05547095E+2	2.56402545E+2	-9.30063318E-1
1.00461650E+3	3.99910268E+2	5.06855833E-7	1.51652265E+2	-1.94033203E+2	2.46266716E+2	-9.07389097E-1
1.07721735E+3	3.73816276E+2	4.82740349E-7	1.50018692E+2	-1.83231597E+2	2.36810952E+2	-8.84733678E-1
1.15506485E+3	3.50432216E+2	4.58823869E-7	1.48383098E+2	-1.73149276E+2	2.28031175E+2	-8.62271831E-1
1.23853818E+3	3.29422149E+2	4.35262132E-7	1.46732824E+2	-1.63726962E+2	2.19856864E+2	-8.40082202E-1
1.32804389E+3	3.10538304E+2	4.12140280E-7	1.45075718E+2	-1.54934184E+2	2.12253543E+2	-8.18246811E-1
1.42401793E+3	2.93440236E+2	3.89623052E-7	1.43389755E+2	-1.46682312E+2	2.05125140E+2	-7.96748495E-1
1.52692775E+3	2.77970546E+2	3.67716988E-7	1.41701677E+2	-1.38958720E+2	1.98466349E+2	-7.75625253E-1
1.63727458E+3	2.63924238E+2	3.46496521E-7	1.40010465E+2	-1.31716454E+2	1.92229433E+2	-7.54884308E-1
1.75559587E+3	2.51141353E+2	3.25993903E-7	1.38326020E+2	-1.24921156E+2	1.86385041E+2	-7.34520902E-1
1.88246790E+3	2.39456484E+2	3.06270628E-7	1.36640823E+2	-1.18527700E+2	1.80885407E+2	-7.14532091E-1
2.01850863E+3	2.28788565E+2	2.87357540E-7	1.34959391E+2	-1.12530563E+2	1.75718995E+2	-6.95019841E-1
2.16438064E+3	2.18968938E+2	2.69252674E-7	1.33285725E+2	-1.06866031E+2	1.70837447E+2	-6.75826290E-1
2.32079442E+3	2.09944638E+2	2.51962731E-7	1.31626923E+2	-1.01531864E+2	1.66235876E+2	-6.57032517E-1
2.48851178E+3	2.01629955E+2	2.35479518E-7	1.29988919E+2	-9.65015053E+1	1.61893977E+2	-6.38608090E-1
2.66834962E+3	1.93946889E+2	2.19777306E-7	1.28381067E+2	-9.17464435E+1	1.57794513E+2	-6.20485061E-1
2.86118383E+3	1.86835510E+2	2.04887737E-7	1.26789391E+2	-8.72537146E+1	1.53911534E+2	-6.02747838E-1
3.06795364E+3	1.80238021E+2	1.90756851E-7	1.25230635E+2	-8.29976483E+1	1.50237551E+2	-5.85291963E-1
3.28966612E+3	1.74113318E+2	1.77387380E-7	1.23700229E+2	-7.89690475E+1	1.46757818E+2	-5.68170525E-1
3.52740116E+3	1.68428445E+2	1.64729099E-7	1.22215221E+2	-7.51529056E+1	1.43473062E+2	-5.51319828E-1
3.78231664E+3	1.63133860E+2	1.52805613E-7	1.20755129E+2	-7.15363469E+1	1.40354018E+2	-5.34818703E-1
4.05565415E+3	1.58193547E+2	1.41558538E-7	1.19334155E+2	-6.80973756E+1	1.37396846E+2	-5.18554822E-1
4.34874501E+3	1.53593941E+2	1.30969131E-7	1.17957190E+2	-6.48352596E+1	1.34601299E+2	-5.02575045E-1
4.66301673E+3	1.49305971E+2	1.21027067E-7	1.16618547E+2	-6.17410697E+1	1.31953952E+2	-4.86911547E-1
5.00000000E+3	1.45308152E+2	1.11685113E-7	1.15329577E+2	-5.87997984E+1	1.29453960E+2	-4.71489734E-1
5.36133611E+3	1.41569428E+2	1.02933322E-7	1.14079971E+2	-5.59999670E+1	1.27083580E+2	-4.56327786E-1
5.74878498E+3	1.38071964E+2	9.47660316E-8	1.12861821E+2	-5.33410031E+1	1.24832100E+2	-4.41506487E-1
6.16423370E+3	1.34810425E+2	8.71262318E-8	1.11695238E+2	-5.08119698E+1	1.22709749E+2	-4.26934686E-1
6.60970574E+3	1.31750412E+2	8.00098481E-8	1.10561085E+2	-4.84015994E+1	1.20691626E+2	-4.12646704E-1
7.08737081E+3	1.28897135E+2	7.33833748E-8	1.09473863E+2	-4.61122601E+1	1.18789171E+2	-3.98662116E-1
7.59955541E+3	1.26212446E+2	6.72207182E-8	1.08419277E+2	-4.39217759E+1	1.16978041E+2	-3.84904109E-1
8.14875417E+3	1.23713248E+2	6.15022332E-8	1.07412381E+2	-4.18439351E+1	1.15275039E+2	-3.71477081E-1
8.73764200E+3	1.21359869E+2	5.62005467E-8	1.06436403E+2	-3.98547361E+1	1.13653455E+2	-3.58285303E-1
9.36908711E+3	1.19163181E+2	5.13048769E-8	1.05498428E+2	-3.79685375E+1	1.12122827E+2	-3.45464141E-1
1.00461650E+4	1.17098872E+2	4.67780005E-8	1.04594601E+2	-3.61646117E+1	1.10670275E+2	-3.32892404E-1
1.07721735E+4	1.15169632E+2	4.25985541E-8	1.03731793E+2	-3.44451375E+1	1.09301200E+2	-3.20603757E-1
1.15506485E+4	1.13359617E+2	3.87408973E-8	1.02905941E+2	-3.27985564E+1	1.08006380E+2	-3.08544717E-1
1.23853818E+4	1.11660536E+2	3.51965031E-8	1.02109648E+2	-3.12287980E+1	1.06778359E+2	-2.96802212E-1
1.32804389E+4	1.10058566E+2	3.19394342E-8	1.01339582E+2	-2.97250415E+1	1.05609134E+2	-2.85318191E-1
1.42401793E+4	1.08562165E+2	2.89479050E-8	1.00607663E+2	-2.82892877E+1	1.04509261E+2	-2.74106498E-1
1.52692775E+4	1.07154233E+2	2.62036224E-8	9.99044827E+1	-2.69124968E+1	1.03465880E+2	-2.63135994E-1
1.63727458E+4	1.05837521E+2	2.36918071E-8	9.92345211E+1	-2.55977628E+1	1.02482856E+2	-2.52448967E-1
1.75559587E+4	1.04601999E+2	2.13925998E-8	9.85948258E+1	-2.43367228E+1	1.01554005E+2	-2.41998285E-1
1.88246790E+4	1.03444955E+2	1.92997147E-8	9.79813559E+1	-2.31372156E+1	1.00676099E+2	-2.31891040E-1
2.01850863E+4	1.02361950E+2	1.73819122E-8	9.74021755E+1	-2.19793694E+1	9.98512723E+1	-2.21938591E-1
2.16438064E+4	1.01346505E+2	1.56361361E-8	9.68487329E+1	-2.08711161E+1	9.90720982E+1	-2.12256131E-1
2.32079442E+4	1.00393044E+2	1.40452066E-8	9.63209533E+1	-1.98047359E+1	9.83359228E+1	-2.02785766E-1
2.48851178E+4	9.95007398E+1	1.26085192E-8	9.58139463E+1	-1.87948419E+1	9.76399433E+1	-1.93700323E-1
2.66834962E+4	9.86691436E+1	1.12936654E-8	9.53413295E+1	-1.78123031E+1	9.69909652E+1	-1.84697408E-1
2.86118383E+4	9.78876244E+1	1.01077848E-8	9.48855668E+1	-1.68775560E+1	9.63749071E+1	-1.76031680E-1
3.06795364E+4	9.71565220E+1	9.03198514E-9	9.44538855E+1	-1.59773099E+1	9.57956732E+1	-1.67568396E-1
3.28966612E+4	9.64769845E+1	8.05738788E-9	9.40489582E+1	-1.51113640E+1	9.52552355E+1	-1.59313839E-1
3.52740116E+4	9.58388136E+1	7.17741990E-9	9.36618469E+1	-1.42793099E+1	9.47440778E+1	-1.51291027E-1
3.78231664E+4	9.52422139E+1	6.38594079E-9	9.32931147E+1	-1.34847132E+1	9.42626266E+1	-1.43547191E-1
4.05565415E+4	9.46818999E+1	5.67051736E-9	9.29422018E+1	-1.27157911E+1	9.38080180E+1	-1.35969794E-1
4.34874501E+4	9.41638562E+1	5.02702179E-9	9.26144807E+1	-1.19789211E+1	9.33859553E+1	-1.28627662E-1
4.66301673E+4	9.36765676E+1	4.44693672E-9	9.23016173E+1	-1.12654378E+1	9.29865512E+1	-1.21449603E-1
5.00000000E+4	9.32178807E+1	3.92828490E-9	9.20003115E+1	-1.05837941E+1	9.26070951E+1	-1.14537342E-1
5.36133611E+4	9.27915800E+1	3.46089759E-9	9.17181936E+1	-9.92214829E+0	9.22533257E+1	-1.07761730E-1
5.74878498E+4	9.23883390E+1	3.04111095E-9	9.14464971E+1	-9.28052264E+0	9.19162117E+1	-1.01139542E-1
6.16423370E+4	9.20084701E+1	2.66583249E-9	9.11855354E+1	-8.66254650E+0	9.15960785E+1	-9.47148835E-2
6.60970574E+4	9.16537346E+1	2.32800796E-9	9.09396547E+1	-8.05842022E+0	9.12959965E+1	-8.83819819E-2
7.08737081E+4	9.13204931E+1	2.02697150E-9	9.07041970E+1	-7.47667144E+0	9.10118234E+1	-8.22432345E-2
7.59955541E+4	9.10035042E+1	1.75656872E-9	9.04763738E+1	-6.90599883E+0	9.07395562E+1	-7.61815863E-2
8.14875417E+4	9.07036081E+1	1.51383283E-9	9.02575094E+1	-6.34536929E+0	9.04802838E+1	-7.01874700E-2
8.73764200E+4	9.04222136E+1	1.29817349E-9	9.00482409E+1	-5.80306205E+0	9.02350335E+1	-6.43549344E-2
9.36908711E+4	9.01529547E+1	1.10355310E-9	8.98447821E+1	-5.26190737E+0	8.99987365E+1	-5.84998197E-2
1.00461650E+5	8.99027215E+1	9.30796535E-10	8.96525839E+1	-4.73555158E+0	8.97775656E+1	-5.27720966E-2
1.07721735E+5	8.96551367E+1	7.75114420E-10	8.94572281E+1	-4.20765016E+0	8.95561277E+1	-4.70006899E-2
1.15506485E+5	8.94211243E+1	6.35856074E-10	8.92691141E+1	-3.68371820E+0	8.93450869E+1	-4.12419177E-2
1.23853818E+5	8.92060188E+1	5.11422932E-10	8.90937199E+1	-3.16308382E+0	8.91498516E+1	-3.54879771E-2
1.32804389E+5	8.89867806E+1	3.99393688E-10	8.89085780E+1	-2.63671020E+0	8.89476707E+1	-2.96477385E-2
1.42401793E+5	8.87841756E+1	2.99858620E-10	8.87338271E+1	-2.11366721E+0	8.87589978E+1	-2.38158065E-2
1.52692775E+5	8.85919891E+1	2.09969887E-10	8.85637817E+1	-1.58054166E+0	8.85778843E+1	-1.78444723E-2
1.63727458E+5	8.83991248E+1	1.29705774E-10	8.83868272E+1	-1.04254843E+0	8.83929758E+1	-1.17947445E-2
1.75559587E+5	8.82241964E+1	5.75760198E-11	8.82214262E+1	-4.94319488E-1	8.82228113E+1	-5.60311024E-3
1.88246790E+5	8.80655119E+1	-1.39516192E-11	8.80599411E+1	1.27964054E-1	8.80627264E+1	1.45314892E-3
2.01850863E+5	8.78855733E+1	-6.51354271E-11	8.78809408E+1	6.38028583E-1	8.78832570E+1	7.26001896E-3
2.16438064E+5	8.77219343E+1	-1.16858588E-10	8.77048892E+1	1.22266127E+0	8.77134113E+1	1.39397252E-2
2.32079442E+5	8.75634704E+1	-1.64106950E-10	8.75250402E+1	1.83399747E+0	8.75442532E+1	2.09509102E-2
2.48851178E+5	8.74159135E+1	-2.06516103E-10	8.73463186E+1	2.46552037E+0	8.73811091E+1	2.82194591E-2
2.66834962E+5	8.72790451E+1	-2.44475911E-10	8.71674873E+1	3.11833943E+0	8.72232483E+1	3.57588535E-2
2.86118383E+5	8.71347961E+1	-2.78686139E-10	8.69690545E+1	3.79662199E+0	8.70518859E+1	4.36271613E-2
3.06795364E+5	8.69981245E+1	-3.09751402E-10	8.67640013E+1	4.50703989E+0	8.68809840E+1	5.18993184E-2
3.28966612E+5	8.68670845E+1	-3.37909908E-10	8.65484904E+1	5.25106120E+0	8.67076411E+1	6.05976342E-2
3.52740116E+5	8.67468674E+1	-3.62926068E-10	8.63265675E+1	6.02352985E+0	8.65364623E+1	6.96631804E-2
3.78231664E+5	8.66348504E+1	-3.85985948E-10	8.60911438E+1	6.84164210E+0	8.63625692E+1	7.93030891E-2
4.05565415E+5	8.65274178E+1	-4.07023048E-10	8.58360671E+1	7.70341436E+0	8.61810492E+1	8.95058773E-2
4.34874501E+5	8.64108848E+1	-4.26116116E-10	8.55449690E+1	8.60666021E+0	8.59768368E+1	1.00272358E-1
4.66301673E+5	8.63165640E+1	-4.43796811E-10	8.52427997E+1	9.56715678E+0	8.57780017E+1	1.11766465E-1
NaN	NaN	NaN	NaN	NaN	NaN	NaN
