Start time:20240908_22-02-33	sweep/start:500.000	sweep/stop:500000.000	sweep/samplecount:100.000	sweep/xmapping:1.000	sweep/scan:0.000	sweep/averaging/sample:10.000	sweep/settling/time:0.100	sweep/settling/inaccuracy:0.010	sweep/awgcontrol:0.000	sweep/averaging/time:0.100	sweep/averaging/tc:15.000	sweep/bandwidthcontrol:2.000	sweep/sincfilter:0.000	sweep/omegasuppression:80.000	sweep/maxbandwidth:100.000	sweep/bandwidth:1250000.000	sweep/order:8.000	sweep/bandwidthoverlap:1.000																				
Frequency	Param0		Param1		RealZ		ImagZ		AbsZ		PhaseZ		
5.00000000E+2	1.00351784E+3	8.17372656E-7	1.31344715E+2	-3.38460210E+2	3.63051994E+2	-1.20062049E+0
5.36133611E+2	9.00081119E+2	8.01220004E-7	1.30415571E+2	-3.16822267E+2	3.42614322E+2	-1.18029901E+0
5.74878498E+2	8.08975433E+2	7.83775428E-7	1.29534633E+2	-2.96666623E+2	3.23713316E+2	-1.15911327E+0
6.16423370E+2	7.28554814E+2	7.65259933E-7	1.28653007E+2	-2.77811351E+2	3.06154776E+2	-1.13710625E+0
6.60970574E+2	6.57831176E+2	7.45369620E-7	1.27817633E+2	-2.60278813E+2	2.89969672E+2	-1.11431041E+0
7.08737081E+2	5.95504598E+2	7.24322318E-7	1.26987619E+2	-2.43917694E+2	2.74994000E+2	-1.09079174E+0
7.59955541E+2	5.40571579E+2	7.02150388E-7	1.26161659E+2	-2.28653946E+2	2.61150138E+2	-1.06660435E+0
8.14875417E+2	4.92198176E+2	6.78935618E-7	1.25324771E+2	-2.14425551E+2	2.48363881E+2	-1.04187606E+0
8.73764200E+2	4.49542593E+2	6.54732638E-7	1.24490270E+2	-2.01161244E+2	2.36566428E+2	-1.01662585E+0
9.36908711E+2	4.11860328E+2	6.29641109E-7	1.23664959E+2	-1.88784704E+2	2.25682715E+2	-9.90873508E-1
1.00461650E+3	3.78555676E+2	6.03862406E-7	1.22825039E+2	-1.77229014E+2	2.15629577E+2	-9.64763486E-1
1.07721735E+3	3.49160272E+2	5.77413704E-7	1.21996771E+2	-1.66472854E+2	2.06389011E+2	-9.38373048E-1
1.15506485E+3	3.23157858E+2	5.50582296E-7	1.21149731E+2	-1.56439215E+2	1.97864818E+2	-9.11848428E-1
1.23853818E+3	3.00072585E+2	5.23450198E-7	1.20312602E+2	-1.47062534E+2	1.90006610E+2	-8.85112801E-1
1.32804389E+3	2.79595656E+2	4.96238274E-7	1.19466236E+2	-1.38311452E+2	1.82762796E+2	-8.58374805E-1
1.42401793E+3	2.61417391E+2	4.69107778E-7	1.18613656E+2	-1.30147886E+2	1.76089954E+2	-8.31731589E-1
1.52692775E+3	2.45227954E+2	4.42228656E-7	1.17756165E+2	-1.22517705E+2	1.69932643E+2	-8.05212705E-1
1.63727458E+3	2.30779420E+2	4.15740415E-7	1.16898582E+2	-1.15379841E+2	1.64249160E+2	-7.78859813E-1
1.75559587E+3	2.17890724E+2	3.89807037E-7	1.16036345E+2	-1.08714347E+2	1.59007053E+2	-7.52831373E-1
1.88246790E+3	2.06373778E+2	3.64523251E-7	1.15181609E+2	-1.02487367E+2	1.54176729E+2	-7.27145118E-1
2.01850863E+3	1.96036184E+2	3.40050749E-7	1.14320544E+2	-9.66528637E+1	1.49702916E+2	-7.01849472E-1
2.16438064E+3	1.86762438E+2	3.16450626E-7	1.13465910E+2	-9.11957069E+1	1.45571871E+2	-6.77009867E-1
2.32079442E+3	1.78411210E+2	2.93837238E-7	1.12606739E+2	-8.60815117E+1	1.41740271E+2	-6.52681171E-1
2.48851178E+3	1.70872412E+2	2.72222440E-7	1.11756563E+2	-8.12808948E+1	1.38188688E+2	-6.28816149E-1
2.66834962E+3	1.64078455E+2	2.51679005E-7	1.10913395E+2	-7.67900840E+1	1.34901810E+2	-6.05568355E-1
2.86118383E+3	1.57923753E+2	2.32192144E-7	1.10085805E+2	-7.25691315E+1	1.31852810E+2	-5.82819148E-1
3.06795364E+3	1.52339908E+2	2.13837715E-7	1.09257172E+2	-6.86082914E+1	1.29012509E+2	-5.60719494E-1
3.28966612E+3	1.47264778E+2	1.96550183E-7	1.08447333E+2	-6.48818017E+1	1.26374334E+2	-5.39153368E-1
3.52740116E+3	1.42646763E+2	1.80372433E-7	1.07642716E+2	-6.13834720E+1	1.23914829E+2	-5.18258697E-1
3.78231664E+3	1.38433636E+2	1.65246075E-7	1.06853735E+2	-5.80898465E+1	1.21622987E+2	-4.97946333E-1
4.05565415E+3	1.34592273E+2	1.51157501E-7	1.06080885E+2	-5.49955746E+1	1.19489194E+2	-4.78283123E-1
4.34874501E+3	1.31070384E+2	1.38050053E-7	1.05324903E+2	-5.20734114E+1	1.17494576E+2	-4.59163526E-1
4.66301673E+3	1.27846849E+2	1.25908091E-7	1.04584728E+2	-4.93240551E+1	1.15632296E+2	-4.40685430E-1
5.00000000E+3	1.24894902E+2	1.14684799E-7	1.03863676E+2	-4.67373547E+1	1.13894880E+2	-4.22843521E-1
5.36133611E+3	1.22179648E+2	1.04321406E-7	1.03161505E+2	-4.42937928E+1	1.12268590E+2	-4.05560823E-1
5.74878498E+3	1.19681200E+2	9.47836465E-8	1.02476236E+2	-4.19892819E+1	1.10745108E+2	-3.88880214E-1
6.16423370E+3	1.17371887E+2	8.60270839E-8	1.01802393E+2	-3.98122053E+1	1.09310287E+2	-3.72787403E-1
6.60970574E+3	1.15251252E+2	7.79915321E-8	1.01155173E+2	-3.77609744E+1	1.07973424E+2	-3.57277243E-1
7.08737081E+3	1.13289151E+2	7.06259949E-8	1.00527138E+2	-3.58179927E+1	1.06717543E+2	-3.42277760E-1
7.59955541E+3	1.11470422E+2	6.39006346E-8	9.99123609E+1	-3.39822469E+1	1.05533279E+2	-3.27846558E-1
8.14875417E+3	1.09784760E+2	5.77698615E-8	9.93126639E+1	-3.22492114E+1	1.04417513E+2	-3.13982299E-1
8.73764200E+3	1.08220995E+2	5.21734521E-8	9.87338304E+1	-3.06056207E+1	1.03368628E+2	-3.00588421E-1
9.36908711E+3	1.06769694E+2	4.70847164E-8	9.81717109E+1	-2.90530318E+1	1.02380484E+2	-2.87728771E-1
1.00461650E+4	1.05418773E+2	4.24560434E-8	9.76268505E+1	-2.75808042E+1	1.01448030E+2	-2.75337007E-1
1.07721735E+4	1.04166902E+2	3.82491989E-8	9.71051433E+1	-2.61865042E+1	1.00574062E+2	-2.63405770E-1
1.15506485E+4	1.02997600E+2	3.44327831E-8	9.65981898E+1	-2.48630528E+1	9.97465875E+1	-2.51918324E-1
1.23853818E+4	1.01905097E+2	3.09745896E-8	9.61063572E+1	-2.36071114E+1	9.89632641E+1	-2.40866486E-1
1.32804389E+4	1.00879010E+2	2.78391282E-8	9.56275442E+1	-2.24094782E+1	9.82181855E+1	-2.30187593E-1
1.42401793E+4	9.99211868E+1	2.50034440E-8	9.51657938E+1	-2.12732389E+1	9.75145069E+1	-2.19923132E-1
1.52692775E+4	9.90217902E+1	2.24392927E-8	9.47174493E+1	-2.01914860E+1	9.68457092E+1	-2.10032088E-1
1.63727458E+4	9.81828568E+1	2.01179284E-8	9.42896733E+1	-1.91595118E+1	9.62165760E+1	-2.00469055E-1
1.75559587E+4	9.73967483E+1	1.80273854E-8	9.38753518E+1	-1.81816455E+1	9.56198411E+1	-1.91309957E-1
1.88246790E+4	9.66581008E+1	1.61331546E-8	9.34780087E+1	-1.72414767E+1	9.50547568E+1	-1.82394305E-1
2.01850863E+4	9.59671477E+1	1.44277018E-8	9.30964101E+1	-1.63479442E+1	9.45208810E+1	-1.73830015E-1
2.16438064E+4	9.53155385E+1	1.28892499E-8	9.27272239E+1	-1.54921649E+1	9.40124741E+1	-1.65543473E-1
2.32079442E+4	9.46999291E+1	1.15004172E-8	9.23702723E+1	-1.46693884E+1	9.35278474E+1	-1.57495442E-1
2.48851178E+4	9.41292019E+1	1.02498795E-8	9.20347164E+1	-1.38839929E+1	9.30760678E+1	-1.49727045E-1
2.66834962E+4	9.35833935E+1	9.12778267E-9	9.17025404E+1	-1.31331240E+1	9.26381936E+1	-1.42247146E-1
2.86118383E+4	9.30776862E+1	8.11530937E-9	9.13924416E+1	-1.24104224E+1	9.22312149E+1	-1.34967115E-1
3.06795364E+4	9.25994422E+1	7.20339354E-9	9.10934056E+1	-1.17128103E+1	9.18433370E+1	-1.27878569E-1
3.28966612E+4	9.21527485E+1	6.38526827E-9	9.08094595E+1	-1.10446059E+1	9.14786384E+1	-1.21029522E-1
3.52740116E+4	9.17322979E+1	5.64913143E-9	9.05380113E+1	-1.03984747E+1	9.11331983E+1	-1.14350986E-1
3.78231664E+4	9.13363127E+1	4.99085352E-9	9.02768425E+1	-9.77985503E+0	9.08050324E+1	-1.07910996E-1
4.05565415E+4	9.09658260E+1	4.39935112E-9	9.00295568E+1	-9.18105916E+0	9.04964806E+1	-1.01626957E-1
4.34874501E+4	9.06170984E+1	3.86813272E-9	8.97934242E+1	-8.60002802E+0	9.02043212E+1	-9.54844507E-2
4.66301673E+4	9.02954253E+1	3.39394096E-9	8.95733000E+1	-8.04258089E+0	8.99336378E+1	-8.95475802E-2
5.00000000E+4	8.99884138E+1	2.96803541E-9	8.93592684E+1	-7.49799516E+0	8.96732893E+1	-8.37123261E-2
5.36133611E+4	8.96996122E+1	2.58707453E-9	8.91547961E+1	-6.96942762E+0	8.94267893E+1	-7.80135598E-2
5.74878498E+4	8.94265775E+1	2.24715775E-9	8.89578755E+1	-6.45714451E+0	8.91919186E+1	-7.24594613E-2
6.16423370E+4	8.91733097E+1	1.94261348E-9	8.87736917E+1	-5.95613489E+0	8.89732763E+1	-6.69930652E-2
6.60970574E+4	8.89329141E+1	1.67167952E-9	8.85951872E+1	-5.47000439E+0	8.87638900E+1	-6.16632774E-2
7.08737081E+4	8.87105436E+1	1.42903768E-9	8.84287299E+1	-4.99203162E+0	8.85695247E+1	-5.63927440E-2
7.59955541E+4	8.84995690E+1	1.21206021E-9	8.82680050E+1	-4.52102306E+0	8.83837112E+1	-5.11745533E-2
8.14875417E+4	8.83018355E+1	1.01869791E-9	8.81149297E+1	-4.05822138E+0	8.82083331E+1	-4.60234791E-2
8.73764200E+4	8.81106262E+1	8.46322785E-10	8.79631986E+1	-3.60113541E+0	8.80368815E+1	-4.09162652E-2
9.36908711E+4	8.79318854E+1	6.92036106E-10	8.78191927E+1	-3.14587707E+0	8.78755210E+1	-3.58068925E-2
1.00461650E+5	8.77650777E+1	5.55415549E-10	8.76820635E+1	-2.69793032E+0	8.77235608E+1	-3.07597611E-2
1.07721735E+5	8.76033416E+1	4.33195408E-10	8.75455836E+1	-2.24865060E+0	8.75744578E+1	-2.56798362E-2
1.15506485E+5	8.74526078E+1	3.24331341E-10	8.74155663E+1	-1.79943710E+0	8.74340851E+1	-2.05819526E-2
1.23853818E+5	8.73095546E+1	2.27061251E-10	8.72887789E+1	-1.34664284E+0	8.72991661E+1	-1.54262223E-2
1.32804389E+5	8.71667508E+1	1.39449893E-10	8.71577770E+1	-8.84030805E-1	8.71622638E+1	-1.01425321E-2
1.42401793E+5	8.70384595E+1	6.29320783E-11	8.70363685E+1	-4.26559125E-1	8.70374140E+1	-4.90089116E-3
1.52692775E+5	8.69142013E+1	-6.11637320E-12	8.69141782E+1	4.43275637E-2	8.69141898E+1	5.10015198E-4
1.63727458E+5	8.67927070E+1	-6.77482882E-11	8.67895311E+1	5.24989185E-1	8.67911190E+1	6.04891781E-3
1.75559587E+5	8.66801947E+1	-1.23310059E-10	8.66681466E+1	1.02183867E+0	8.66741705E+1	1.17896983E-2
1.88246790E+5	8.65801215E+1	-1.69793693E-10	8.65472167E+1	1.50478281E+0	8.65636665E+1	1.73849457E-2
2.01850863E+5	8.64635035E+1	-2.16448306E-10	8.64148195E+1	2.05109467E+0	8.64391581E+1	2.37309952E-2
2.16438064E+5	8.63633320E+1	-2.55697504E-10	8.62855144E+1	2.59123771E+0	8.63244144E+1	3.00219480E-2
2.32079442E+5	8.62669874E+1	-2.91255129E-10	8.61513407E+1	3.15643459E+0	8.62091447E+1	3.66218719E-2
2.48851178E+5	8.61783936E+1	-3.22733988E-10	8.60157244E+1	3.74059370E+0	8.60970206E+1	4.34599406E-2
2.66834962E+5	8.60982832E+1	-3.51064160E-10	8.58777398E+1	4.35195316E+0	8.59879408E+1	5.06328336E-2
2.86118383E+5	8.60072062E+1	-3.76773287E-10	8.57163049E+1	4.99348800E+0	8.58616323E+1	5.81902193E-2
3.06795364E+5	8.59286954E+1	-3.99973082E-10	8.55531762E+1	5.66805113E+0	8.57407302E+1	6.61551136E-2
3.28966612E+5	8.58631401E+1	-4.19979417E-10	8.53887491E+1	6.36454365E+0	8.56256160E+1	7.43985029E-2
3.52740116E+5	8.57836244E+1	-4.39002390E-10	8.51901486E+1	7.11042221E+0	8.54863715E+1	8.32722948E-2
3.78231664E+5	8.57219529E+1	-4.56111962E-10	8.49881776E+1	7.89695530E+0	8.53542767E+1	9.26522528E-2
4.05565415E+5	8.56667606E+1	-4.71451552E-10	8.47688812E+1	8.72421886E+0	8.52166383E+1	1.02556639E-1
4.34874501E+5	8.56050131E+1	-4.85341892E-10	8.45157808E+1	9.59463687E+0	8.50586534E+1	1.13040841E-1
4.66301673E+5	8.55530722E+1	-4.98263582E-10	8.42390658E+1	1.05209545E+1	8.48935267E+1	1.24250629E-1
5.00000000E+5	8.55215227E+1	-5.09939078E-10	8.39457720E+1	1.15011821E+1	8.47299843E+1	1.36159543E-1
