Start time:20240909_12-36-03	sweep/start:500.000	sweep/stop:500000.000	sweep/samplecount:100.000	sweep/xmapping:1.000	sweep/scan:0.000	sweep/averaging/sample:10.000	sweep/settling/time:0.100	sweep/settling/inaccuracy:0.010	sweep/awgcontrol:0.000	sweep/averaging/time:0.100	sweep/averaging/tc:15.000	sweep/bandwidthcontrol:2.000	sweep/sincfilter:0.000	sweep/omegasuppression:80.000	sweep/maxbandwidth:100.000	sweep/bandwidth:1250000.000	sweep/order:8.000	sweep/bandwidthoverlap:1.000																				
Frequency	Param0		Param1		RealZ		ImagZ		AbsZ		PhaseZ		
5.00000000E+2	1.05946533E+3	8.49709515E-7	1.17736648E+2	-3.32980409E+2	3.53182494E+2	-1.23093194E+0
5.36133611E+2	9.44545044E+2	8.35610024E-7	1.17058426E+2	-3.11230217E+2	3.32516056E+2	-1.21104828E+0
5.74878498E+2	8.44121303E+2	8.20096586E-7	1.16390907E+2	-2.91034646E+2	3.13445391E+2	-1.19035792E+0
6.16423370E+2	7.56052308E+2	8.03424423E-7	1.15694149E+2	-2.72186817E+2	2.95754635E+2	-1.16887978E+0
6.60970574E+2	6.78361527E+2	7.85298469E-7	1.15082175E+2	-2.54604357E+2	2.79405246E+2	-1.14627716E+0
7.08737081E+2	6.10339330E+2	7.65821547E-7	1.14458803E+2	-2.38239123E+2	2.64307963E+2	-1.12292154E+0
7.59955541E+2	5.50488425E+2	7.45146840E-7	1.13823551E+2	-2.22941090E+2	2.50316867E+2	-1.09874092E+0
8.14875417E+2	4.97809533E+2	7.23049050E-7	1.13234145E+2	-2.08679325E+2	2.37421636E+2	-1.07363468E+0
8.73764200E+2	4.51503575E+2	6.99655640E-7	1.12658103E+2	-1.95380865E+2	2.25533882E+2	-1.04775469E+0
9.36908711E+2	4.10751596E+2	6.75121175E-7	1.12078041E+2	-1.82961036E+2	2.14560550E+2	-1.02117906E+0
1.00461650E+3	3.74845392E+2	6.49491452E-7	1.11507089E+2	-1.71359509E+2	2.04445381E+2	-9.93915008E-1
1.07721735E+3	3.43403610E+2	6.22791619E-7	1.10940898E+2	-1.60591466E+2	1.95185816E+2	-9.66253400E-1
1.15506485E+3	3.15657305E+2	5.95291529E-7	1.10377850E+2	-1.50526752E+2	1.86658976E+2	-9.38083931E-1
1.23853818E+3	2.91200897E+2	5.67118705E-7	1.09819719E+2	-1.41135495E+2	1.78828408E+2	-9.09542756E-1
1.32804389E+3	2.69636182E+2	5.38455263E-7	1.09265761E+2	-1.32374449E+2	1.71644988E+2	-8.80740842E-1
1.42401793E+3	2.50603476E+2	5.09521453E-7	1.08710446E+2	-1.24198443E+2	1.65055188E+2	-8.51798499E-1
1.52692775E+3	2.33786772E+2	4.80480643E-7	1.08163633E+2	-1.16566952E+2	1.59019578E+2	-8.22773609E-1
1.63727458E+3	2.18919920E+2	4.51600622E-7	1.07609853E+2	-1.09444321E+2	1.53485961E+2	-7.93849621E-1
1.75559587E+3	2.05774188E+2	4.23051227E-7	1.07057137E+2	-1.02802551E+2	1.48423701E+2	-7.65127461E-1
1.88246790E+3	1.94111765E+2	3.94999020E-7	1.06511308E+2	-9.65941955E+1	1.43788378E+2	-7.36609519E-1
2.01850863E+3	1.83768819E+2	3.67679585E-7	1.05958268E+2	-9.08001696E+1	1.39541483E+2	-7.08510907E-1
2.16438064E+3	1.74565313E+2	3.41197516E-7	1.05408951E+2	-8.53797358E+1	1.35649351E+2	-6.80800153E-1
2.32079442E+3	1.66385592E+2	3.15709200E-7	1.04860621E+2	-8.03215184E+1	1.32088215E+2	-6.53652395E-1
2.48851178E+3	1.59094943E+2	2.91297895E-7	1.04318989E+2	-7.55921428E+1	1.28827883E+2	-6.27062320E-1
2.66834962E+3	1.52581735E+2	2.68090303E-7	1.03773051E+2	-7.11689951E+1	1.25832715E+2	-6.01141470E-1
2.86118383E+3	1.46751663E+2	2.46116671E-7	1.03230011E+2	-6.70279078E+1	1.23081988E+2	-5.75887480E-1
3.06795364E+3	1.41530878E+2	2.25412113E-7	1.02693028E+2	-6.31535934E+1	1.20558013E+2	-5.51357464E-1
3.28966612E+3	1.36851556E+2	2.06002883E-7	1.02161993E+2	-5.95311243E+1	1.18241396E+2	-5.27611504E-1
3.52740116E+3	1.32637674E+2	1.87861660E-7	1.01639174E+2	-5.61307569E+1	1.16108499E+2	-5.04572961E-1
3.78231664E+3	1.28833579E+2	1.71027023E-7	1.01109602E+2	-5.29448783E+1	1.14132869E+2	-4.82379069E-1
4.05565415E+3	1.25406009E+2	1.55422066E-7	1.00591536E+2	-4.99612437E+1	1.12315551E+2	-4.60983615E-1
4.34874501E+3	1.22302054E+2	1.41000254E-7	1.00081758E+2	-4.71576742E+1	1.10635458E+2	-4.40336366E-1
4.66301673E+3	1.19490805E+2	1.27732157E-7	9.95782252E+1	-4.45293087E+1	1.09081081E+2	-4.20505653E-1
5.00000000E+3	1.16946839E+2	1.15553170E-7	9.90877108E+1	-4.20668524E+1	1.07647548E+2	-4.01482290E-1
5.36133611E+3	1.14629103E+2	1.04379327E-7	9.86097663E+1	-3.97449740E+1	1.06318150E+2	-3.83135603E-1
5.74878498E+3	1.12515612E+2	9.41948470E-8	9.81338941E+1	-3.75677249E+1	1.05078995E+2	-3.65609830E-1
6.16423370E+3	1.10584542E+2	8.49016365E-8	9.76694462E+1	-3.55163373E+1	1.03926565E+2	-3.48772587E-1
6.60970574E+3	1.08821117E+2	7.64674202E-8	9.72114286E+1	-3.35945587E+1	1.02852595E+2	-3.32733907E-1
7.08737081E+3	1.07203292E+2	6.87904211E-8	9.67673620E+1	-3.17782527E+1	1.01851754E+2	-3.17302612E-1
7.59955541E+3	1.05716991E+2	6.18379559E-8	9.63305688E+1	-3.00699077E+1	1.00914706E+2	-3.02569009E-1
8.14875417E+3	1.04345466E+2	5.55477847E-8	9.58996813E+1	-2.84595855E+1	1.00033479E+2	-2.88485470E-1
8.73764200E+3	1.03090355E+2	4.98629904E-8	9.54857036E+1	-2.69469010E+1	9.92151960E+1	-2.75055698E-1
9.36908711E+3	1.01926827E+2	4.47257556E-8	9.50793161E+1	-2.55158113E+1	9.84435525E+1	-2.62185837E-1
1.00461650E+4	1.00852863E+2	4.00881881E-8	9.46861177E+1	-2.41641287E+1	9.77208578E+1	-2.49869057E-1
1.07721735E+4	9.98558429E+1	3.59150551E-8	9.42996591E+1	-2.28898709E+1	9.70379922E+1	-2.38129848E-1
1.15506485E+4	9.89300273E+1	3.21574218E-8	9.39231838E+1	-2.16854477E+1	9.63941032E+1	-2.26908694E-1
1.23853818E+4	9.80714540E+1	2.87746699E-8	9.35594234E+1	-2.05461174E+1	9.57888756E+1	-2.16173511E-1
1.32804389E+4	9.72688842E+1	2.57303758E-8	9.32039003E+1	-1.94646430E+1	9.52147015E+1	-2.05880319E-1
1.42401793E+4	9.65201726E+1	2.30006739E-8	9.28564704E+1	-1.84444686E+1	9.46706002E+1	-1.96081924E-1
1.52692775E+4	9.58199667E+1	2.05433305E-8	9.25201711E+1	-1.74727653E+1	9.41556143E+1	-1.86655237E-1
1.63727458E+4	9.51660105E+1	1.83386959E-8	9.21942929E+1	-1.65522007E+1	9.36683673E+1	-1.77643526E-1
1.75559587E+4	9.45519510E+1	1.63554741E-8	9.18783926E+1	-1.56729743E+1	9.32055860E+1	-1.68957601E-1
1.88246790E+4	9.39770616E+1	1.45809067E-8	9.15716529E+1	-1.48414005E+1	9.27665612E+1	-1.60677012E-1
2.01850863E+4	9.34389203E+1	1.29907912E-8	9.12756887E+1	-1.40517043E+1	9.23509708E+1	-1.52748761E-1
2.16438064E+4	9.29327294E+1	1.15569466E-8	9.09916104E+1	-1.32900513E+1	9.19570481E+1	-1.45032465E-1
2.32079442E+4	9.24597749E+1	1.02766010E-8	9.07182385E+1	-1.25693690E+1	9.15848672E+1	-1.37677394E-1
2.48851178E+4	9.20034312E+1	9.12738440E-9	9.04441630E+1	-1.18754605E+1	9.12204655E+1	-1.30554731E-1
2.66834962E+4	9.15788389E+1	8.09982054E-9	9.01840259E+1	-1.12156056E+1	9.08787565E+1	-1.23728289E-1
2.86118383E+4	9.11814347E+1	7.17747905E-9	8.99365069E+1	-1.05813239E+1	9.05568315E+1	-1.17114867E-1
3.06795364E+4	9.08063071E+1	6.34945897E-9	8.96982883E+1	-9.96932005E+0	9.02505973E+1	-1.10688537E-1
3.28966612E+4	9.04520860E+1	5.60955742E-9	8.94680167E+1	-9.38310702E+0	8.99587058E+1	-1.04494665E-1
3.52740116E+4	9.01164701E+1	4.94656237E-9	8.92453648E+1	-8.81714616E+0	8.96798598E+1	-9.84771108E-2
3.78231664E+4	8.98008909E+1	4.35322554E-9	8.90324547E+1	-8.27137850E+0	8.94158473E+1	-9.26370557E-2
4.05565415E+4	8.95045603E+1	3.82153234E-9	8.88297128E+1	-7.74250908E+0	8.91664981E+1	-8.69415316E-2
4.34874501E+4	8.92268385E+1	3.34757300E-9	8.86364316E+1	-7.23405221E+0	8.89311451E+1	-8.14343938E-2
4.66301673E+4	8.89614463E+1	2.92368265E-9	8.84478223E+1	-6.74009554E+0	8.87042625E+1	-7.60572036E-2
5.00000000E+4	8.87108700E+1	2.54494751E-9	8.82668433E+1	-6.26041507E+0	8.84885782E+1	-7.08074378E-2
5.36133611E+4	8.84771111E+1	2.20552126E-9	8.80964407E+1	-5.79099842E+0	8.82865707E+1	-6.56403238E-2
5.74878498E+4	8.82578773E+1	1.90285901E-9	8.79342902E+1	-5.33426117E+0	8.80959352E+1	-6.05876557E-2
6.16423370E+4	8.80492269E+1	1.63216463E-9	8.77772828E+1	-4.88574285E+0	8.79131497E+1	-5.56033010E-2
6.60970574E+4	8.78549131E+1	1.39159728E-9	8.76290050E+1	-4.44927751E+0	8.77418863E+1	-5.07304632E-2
7.08737081E+4	8.76671318E+1	1.17638136E-9	8.74826207E+1	-4.01764654E+0	8.75748277E+1	-4.58928365E-2
7.59955541E+4	8.74983733E+1	9.84022389E-10	8.73507300E+1	-3.59119982E+0	8.74245205E+1	-4.10892784E-2
8.14875417E+4	8.73284988E+1	8.13541875E-10	8.72131011E+1	-3.17240564E+0	8.72707809E+1	-3.63593030E-2
8.73764200E+4	8.71695572E+1	6.61505428E-10	8.70822849E+1	-2.75678045E+0	8.71259101E+1	-3.16466211E-2
9.36908711E+4	8.70305171E+1	5.24541626E-10	8.69677088E+1	-2.33715058E+0	8.69991073E+1	-2.68673077E-2
1.00461650E+5	8.68873494E+1	4.04151384E-10	8.68446808E+1	-1.92496991E+0	8.68660125E+1	-2.21620356E-2
1.07721735E+5	8.67496065E+1	2.95521647E-10	8.67234955E+1	-1.50479330E+0	8.67365500E+1	-1.73498796E-2
1.15506485E+5	8.66305989E+1	1.99824463E-10	8.66169270E+1	-1.08820066E+0	8.66237627E+1	-1.25627108E-2
1.23853818E+5	8.65113537E+1	1.14072054E-10	8.65062514E+1	-6.64338233E-1	8.65088025E+1	-7.67950374E-3
1.32804389E+5	8.63950084E+1	3.67726952E-11	8.63943946E+1	-2.29031656E-1	8.63947015E+1	-2.65098421E-3
1.42401793E+5	8.62874399E+1	-3.08021819E-11	8.62869514E+1	2.05196540E-1	8.62871956E+1	2.37806560E-3
1.52692775E+5	8.61866228E+1	-9.15451983E-11	8.61816840E+1	6.52362196E-1	8.61841533E+1	7.56947056E-3
1.63727458E+5	8.60871609E+1	-1.45288186E-10	8.60729108E+1	1.10748162E+0	8.60800356E+1	1.28660753E-2
1.75559587E+5	8.59928874E+1	-1.93581919E-10	8.59639015E+1	1.57851233E+0	8.59783932E+1	1.83604362E-2
1.88246790E+5	8.59097051E+1	-2.34298505E-10	8.58540741E+1	2.04390602E+0	8.58818830E+1	2.38017982E-2
2.01850863E+5	8.58236657E+1	-2.75365938E-10	8.57466330E+1	2.57006932E+0	8.57851407E+1	2.99638598E-2
2.16438064E+5	8.57422410E+1	-3.09880576E-10	8.56304426E+1	3.09407507E+0	8.56863236E+1	3.61171754E-2
2.32079442E+5	8.56660497E+1	-3.40596483E-10	8.55112551E+1	3.63821814E+0	8.55886174E+1	4.25210123E-2
2.48851178E+5	8.55948463E+1	-3.68358557E-10	8.53873214E+1	4.20950815E+0	8.54910209E+1	4.92591021E-2
2.66834962E+5	8.55224156E+1	-3.93036114E-10	8.52516606E+1	4.80438479E+0	8.53869307E+1	5.62957796E-2
2.86118383E+5	8.54616033E+1	-4.15007740E-10	8.51155720E+1	5.42702534E+0	8.52884121E+1	6.36744712E-2
3.06795364E+5	8.53983616E+1	-4.35009225E-10	8.49626671E+1	6.08421845E+0	8.51802358E+1	7.14884603E-2
3.28966612E+5	8.53463210E+1	-4.53259470E-10	8.48041377E+1	6.78079286E+0	8.50747974E+1	7.97885227E-2
3.52740116E+5	8.52963606E+1	-4.69564611E-10	8.46294857E+1	7.51246320E+0	8.49622688E+1	8.85367861E-2
3.78231664E+5	8.52436584E+1	-4.83613357E-10	8.44332348E+1	8.27201655E+0	8.48374789E+1	9.76594501E-2
4.05565415E+5	8.51923579E+1	-4.97089368E-10	8.42116832E+1	9.08757846E+0	8.47006013E+1	1.07497526E-1
4.34874501E+5	8.51702240E+1	-5.09254751E-10	8.39905436E+1	9.95398723E+0	8.45783270E+1	1.17962964E-1
4.66301673E+5	8.51419217E+1	-5.20475013E-10	8.37304723E+1	1.08711089E+1	8.44332477E+1	1.29112286E-1
NaN	NaN	NaN	NaN	NaN	NaN	NaN
