Start time:20240907_02-40-49	sweep/start:500.000	sweep/stop:500000.000	sweep/samplecount:100.000	sweep/xmapping:1.000	sweep/scan:0.000	sweep/averaging/sample:10.000	sweep/settling/time:0.100	sweep/settling/inaccuracy:0.010	sweep/awgcontrol:0.000	sweep/averaging/time:0.100	sweep/averaging/tc:15.000	sweep/bandwidthcontrol:2.000	sweep/sincfilter:0.000	sweep/omegasuppression:80.000	sweep/maxbandwidth:100.000	sweep/bandwidth:1250000.000	sweep/order:8.000	sweep/bandwidthoverlap:1.000																				
Frequency	Param0		Param1		RealZ		ImagZ		AbsZ		PhaseZ		
5.00000000E+2	9.15439740E+2	7.20588594E-7	1.72897008E+2	-3.58306279E+2	3.97840131E+2	-1.12121426E+0
5.36133611E+2	8.32683499E+2	7.00442598E-7	1.71326703E+2	-3.36612597E+2	3.77704763E+2	-1.09999615E+0
5.74878498E+2	7.59490570E+2	6.79544705E-7	1.69707078E+2	-3.16370706E+2	3.59013813E+2	-1.07844018E+0
6.16423370E+2	6.94684834E+2	6.57864674E-7	1.68080636E+2	-2.97509561E+2	3.41706082E+2	-1.05654103E+0
6.60970574E+2	6.37251075E+2	6.35496512E-7	1.66444965E+2	-2.79934426E+2	3.25679621E+2	-1.03436755E+0
7.08737081E+2	5.86275638E+2	6.12496917E-7	1.64820127E+2	-2.63560869E+2	3.10853682E+2	-1.01193900E+0
7.59955541E+2	5.40986602E+2	5.89134709E-7	1.63144398E+2	-2.48279729E+2	2.97084034E+2	-9.89446684E-1
8.14875417E+2	5.00683889E+2	5.65360394E-7	1.61485529E+2	-2.34041921E+2	2.84346969E+2	-9.66823186E-1
8.73764200E+2	4.64810539E+2	5.41452058E-7	1.59780177E+2	-2.20766378E+2	2.72520647E+2	-9.44306430E-1
9.36908711E+2	4.32728159E+2	5.17462507E-7	1.58070160E+2	-2.08363211E+2	2.61536624E+2	-9.21796148E-1
1.00461650E+3	4.04046320E+2	4.93562754E-7	1.56331077E+2	-1.96788176E+2	2.51326468E+2	-8.99471416E-1
1.07721735E+3	3.78370932E+2	4.69826184E-7	1.54582699E+2	-1.85994048E+2	2.41846228E+2	-8.77367851E-1
1.15506485E+3	3.55303395E+2	4.46378550E-7	1.52826298E+2	-1.75908562E+2	2.33022962E+2	-8.55498553E-1
1.23853818E+3	3.34518682E+2	4.23397329E-7	1.51035824E+2	-1.66470663E+2	2.24776118E+2	-8.33972595E-1
1.32804389E+3	3.15781449E+2	4.00876596E-7	1.49250489E+2	-1.57654134E+2	2.17095682E+2	-8.12773268E-1
1.42401793E+3	2.98798048E+2	3.78998758E-7	1.47434576E+2	-1.49386104E+2	2.09888453E+2	-7.91972837E-1
1.52692775E+3	2.83374450E+2	3.57747817E-7	1.45622043E+2	-1.41632573E+2	2.03139277E+2	-7.71510785E-1
1.63727458E+3	2.69340845E+2	3.37172191E-7	1.43817818E+2	-1.34359394E+2	1.96814664E+2	-7.51409824E-1
1.75559587E+3	2.56541892E+2	3.17419696E-7	1.41982896E+2	-1.27535946E+2	1.90852195E+2	-7.31846664E-1
1.88246790E+3	2.44823433E+2	2.98404059E-7	1.40165597E+2	-1.21117412E+2	1.85245303E+2	-7.12624403E-1
2.01850863E+3	2.34060943E+2	2.80146322E-7	1.38367419E+2	-1.15068960E+2	1.79962242E+2	-6.93725621E-1
2.16438064E+3	2.24169280E+2	2.62725210E-7	1.36565395E+2	-1.09378512E+2	1.74967900E+2	-6.75304146E-1
2.32079442E+3	2.15047439E+2	2.46084892E-7	1.34784913E+2	-1.04010467E+2	1.70250258E+2	-6.57230890E-1
2.48851178E+3	2.06606827E+2	2.30203560E-7	1.33034245E+2	-9.89326664E+1	1.65788368E+2	-6.39433179E-1
2.66834962E+3	1.98783155E+2	2.15112195E-7	1.31299613E+2	-9.41305612E+1	1.61555412E+2	-6.21987830E-1
2.86118383E+3	1.91543241E+2	2.00775107E-7	1.29598481E+2	-8.95988089E+1	1.57555429E+2	-6.04901665E-1
3.06795364E+3	1.84788689E+2	1.87170734E-7	1.27924603E+2	-8.52895972E+1	1.53749861E+2	-5.88037934E-1
3.28966612E+3	1.78516527E+2	1.74285806E-7	1.26288119E+2	-8.12146968E+1	1.50148314E+2	-5.71502623E-1
3.52740116E+3	1.72683026E+2	1.62084227E-7	1.24697679E+2	-7.73541278E+1	1.46741857E+2	-5.55236475E-1
3.78231664E+3	1.67222001E+2	1.50573612E-7	1.23132680E+2	-7.36806354E+1	1.43493878E+2	-5.39230477E-1
4.05565415E+3	1.62129190E+2	1.39695727E-7	1.21618483E+2	-7.01915281E+1	1.40420462E+2	-5.23444986E-1
4.34874501E+3	1.57370544E+2	1.29452001E-7	1.20143907E+2	-6.68771523E+1	1.37503134E+2	-5.07928378E-1
4.66301673E+3	1.52923153E+2	1.19815231E-7	1.18712541E+2	-6.37277691E+1	1.34736395E+2	-4.92671216E-1
5.00000000E+3	1.48768253E+2	1.10751974E-7	1.17331491E+2	-6.07332039E+1	1.32118132E+2	-4.77644566E-1
5.36133611E+3	1.44879332E+2	1.02242385E-7	1.15997259E+2	-5.78812676E+1	1.29636435E+2	-4.62837869E-1
5.74878498E+3	1.41235446E+2	9.42753953E-8	1.14703322E+2	-5.51663177E+1	1.27279907E+2	-4.48290059E-1
6.16423370E+3	1.37820641E+2	8.68332528E-8	1.13447406E+2	-5.25840298E+1	1.25041570E+2	-4.34032038E-1
6.60970574E+3	1.34626655E+2	7.98650610E-8	1.12246092E+2	-5.01211590E+1	1.22928092E+2	-4.19963869E-1
7.08737081E+3	1.31630302E+2	7.33831319E-8	1.11077926E+2	-4.77798629E+1	1.20918241E+2	-4.06222316E-1
7.59955541E+3	1.28821864E+2	6.73260136E-8	1.09962550E+2	-4.55391930E+1	1.19019245E+2	-3.92630877E-1
8.14875417E+3	1.26186661E+2	6.17132019E-8	1.08877935E+2	-4.34112691E+1	1.17213237E+2	-3.79398156E-1
8.73764200E+3	1.23708712E+2	5.64895098E-8	1.07836094E+2	-4.13719847E+1	1.15500062E+2	-3.66337976E-1
9.36908711E+3	1.21391213E+2	5.16513333E-8	1.06836268E+2	-3.94334378E+1	1.13881448E+2	-3.53589473E-1
1.00461650E+4	1.19216911E+2	4.71659384E-8	1.05878589E+2	-3.75798173E+1	1.12349981E+2	-3.41062798E-1
1.07721735E+4	1.17175169E+2	4.30236277E-8	1.04955565E+2	-3.58122240E+1	1.10897187E+2	-3.28825589E-1
1.15506485E+4	1.15258154E+2	3.91919424E-8	1.04072872E+2	-3.41186801E+1	1.09522816E+2	-3.16793486E-1
1.23853818E+4	1.13455436E+2	3.56632900E-8	1.03221512E+2	-3.25017086E+1	1.08217566E+2	-3.05045651E-1
1.32804389E+4	1.11762952E+2	3.24105495E-8	1.02407102E+2	-3.09532772E+1	1.06982803E+2	-2.93526268E-1
1.42401793E+4	1.10172810E+2	2.94212577E-8	1.01624860E+2	-2.94734477E+1	1.05812553E+2	-2.82277740E-1
1.52692775E+4	1.08677116E+2	2.66691417E-8	1.00877297E+2	-2.80503921E+1	1.04704602E+2	-2.71212985E-1
1.63727458E+4	1.07280367E+2	2.41467314E-8	1.00166855E+2	-2.66934084E+1	1.03662611E+2	-2.60436915E-1
1.75559587E+4	1.05965633E+2	2.18366557E-8	9.94842791E+1	-2.53927679E+1	1.02673826E+2	-2.49908092E-1
1.88246790E+4	1.04734080E+2	1.97233212E-8	9.88340059E+1	-2.41480417E+1	1.01741283E+2	-2.39634436E-1
2.01850863E+4	1.03577950E+2	1.77886698E-8	9.82148052E+1	-2.29508210E+1	1.00860737E+2	-2.29560533E-1
2.16438064E+4	1.02501592E+2	1.60220552E-8	9.76317398E+1	-2.18048629E+1	1.00037037E+2	-2.19731824E-1
2.32079442E+4	1.01489633E+2	1.44113094E-8	9.70740641E+1	-2.07035528E+1	9.92572978E+1	-2.10127596E-1
2.48851178E+4	1.00537798E+2	1.29503521E-8	9.65369262E+1	-1.96527795E+1	9.85170543E+1	-2.00833417E-1
2.66834962E+4	9.96459698E+1	1.16203113E-8	9.60269299E+1	-1.86420273E+1	9.78197145E+1	-1.91748216E-1
2.86118383E+4	9.88148385E+1	1.04097590E-8	9.55474839E+1	-1.76688276E+1	9.71674286E+1	-1.82856302E-1
3.06795364E+4	9.80384909E+1	9.31339217E-9	9.50926230E+1	-1.67370916E+1	9.65543228E+1	-1.74223843E-1
3.28966612E+4	9.73108023E+1	8.32031589E-9	9.46596771E+1	-1.58415463E+1	9.59760862E+1	-1.65816032E-1
3.52740116E+4	9.66323380E+1	7.42214043E-9	9.42507979E+1	-1.49820560E+1	9.54341394E+1	-1.57640530E-1
3.78231664E+4	9.59973041E+1	6.61181396E-9	9.38616874E+1	-1.41581255E+1	9.49234900E+1	-1.49711661E-1
4.05565415E+4	9.54040637E+1	5.87946022E-9	9.34938870E+1	-1.33637494E+1	9.44441462E+1	-1.41975457E-1
4.34874501E+4	9.48442734E+1	5.21962662E-9	9.31400546E+1	-1.25988484E+1	9.39883014E+1	-1.34451705E-1
4.66301673E+4	9.43267626E+1	4.62550028E-9	9.28101434E+1	-1.18641307E+1	9.35653802E+1	-1.27142706E-1
5.00000000E+4	9.38333630E+1	4.09090096E-9	9.24883104E+1	-1.11535458E+1	9.31584092E+1	-1.20014566E-1
5.36133611E+4	9.33796516E+1	3.61184467E-9	9.21896414E+1	-1.04740911E+1	9.27827386E+1	-1.13129515E-1
5.74878498E+4	9.29496079E+1	3.17915969E-9	9.19025768E+1	-9.80942465E+0	9.24246097E+1	-1.06334611E-1
6.16423370E+4	9.25429028E+1	2.79235211E-9	9.16250795E+1	-9.17036495E+0	9.20828476E+1	-9.97535550E-2
6.60970574E+4	9.21645299E+1	2.44484164E-9	9.13644552E+1	-8.54975764E+0	9.17636206E+1	-9.33068703E-2
7.08737081E+4	9.18043239E+1	2.13313219E-9	9.11114328E+1	-7.94545560E+0	9.14572222E+1	-8.69858521E-2
7.59955541E+4	9.14673484E+1	1.85401324E-9	9.08715190E+1	-7.35825363E+0	9.11689470E+1	-8.07979715E-2
8.14875417E+4	9.11488242E+1	1.60455947E-9	9.06405724E+1	-6.78735553E+0	9.08943431E+1	-7.47425977E-2
8.73764200E+4	9.08436420E+1	1.37944270E-9	9.04156963E+1	-6.22036905E+0	9.06294165E+1	-6.86892120E-2
9.36908711E+4	9.05559511E+1	1.17941661E-9	9.01993958E+1	-5.67107018E+0	9.03774976E+1	-6.27899467E-2
1.00461650E+5	9.02840735E+1	9.99170192E-10	8.99922855E+1	-5.12431795E+0	9.01380614E+1	-5.68803246E-2
1.07721735E+5	9.00182103E+1	8.37760849E-10	8.97842899E+1	-4.58283240E+0	8.99011740E+1	-5.09984400E-2
1.15506485E+5	8.97716807E+1	6.93162026E-10	8.95889650E+1	-4.04589735E+0	8.96802763E+1	-4.51300030E-2
1.23853818E+5	8.95312943E+1	5.63871022E-10	8.93933214E+1	-3.51195544E+0	8.94622813E+1	-3.92663586E-2
1.32804389E+5	8.92888348E+1	4.48997665E-10	8.91890174E+1	-2.98363231E+0	8.92389121E+1	-3.34404253E-2
1.42401793E+5	8.90850349E+1	3.44232127E-10	8.90180179E+1	-2.44247080E+0	8.90515201E+1	-2.74310556E-2
1.52692775E+5	8.88753661E+1	2.50651678E-10	8.88347884E+1	-1.89859987E+0	8.88550749E+1	-2.13690031E-2
1.63727458E+5	8.86724894E+1	1.66533656E-10	8.86520305E+1	-1.34673133E+0	8.86622594E+1	-1.51900389E-2
1.75559587E+5	8.84790314E+1	9.15298935E-11	8.84719707E+1	-7.90338771E-1	8.84755010E+1	-8.93297476E-3
1.88246790E+5	8.82749968E+1	1.62708507E-11	8.82698716E+1	-1.49745242E-1	8.82724342E+1	-1.69760122E-3
2.01850863E+5	8.81109547E+1	-3.66732781E-11	8.81094745E+1	3.61087790E-1	8.81102146E+1	4.09814880E-3
2.16438064E+5	8.79350416E+1	-9.13503786E-11	8.79245486E+1	9.60496880E-1	8.79297950E+1	1.09236694E-2
2.32079442E+5	8.77708533E+1	-1.40414026E-10	8.77425153E+1	1.57683937E+0	8.77566831E+1	1.79692775E-2
2.48851178E+5	8.76125739E+1	-1.84784845E-10	8.75564694E+1	2.21636134E+0	8.75845172E+1	2.53081036E-2
2.66834962E+5	8.74524974E+1	-2.25106865E-10	8.73573317E+1	2.88325405E+0	8.74049016E+1	3.29933126E-2
2.86118383E+5	8.73047024E+1	-2.60542283E-10	8.71589559E+1	3.56412981E+0	8.72317987E+1	4.08695248E-2
3.06795364E+5	8.71602592E+1	-2.93297348E-10	8.69491161E+1	4.28470091E+0	8.70546237E+1	4.92384250E-2
3.28966612E+5	8.70164444E+1	-3.22827324E-10	8.67240621E+1	5.03550215E+0	8.68701302E+1	5.79983836E-2
3.52740116E+5	8.68831095E+1	-3.49457519E-10	8.64914528E+1	5.82019652E+0	8.66870600E+1	6.71908611E-2
3.78231664E+5	8.67622298E+1	-3.73000033E-10	8.62520452E+1	6.63356102E+0	8.65067614E+1	7.67579232E-2
4.05565415E+5	8.66340736E+1	-3.96139554E-10	8.59765096E+1	7.51895644E+0	8.63046653E+1	8.72316748E-2
4.34874501E+5	8.65207494E+1	-4.15686628E-10	8.56931738E+1	8.42124570E+0	8.61059673E+1	9.79575426E-2
4.66301673E+5	8.64076427E+1	-4.34062650E-10	8.53766791E+1	9.38189657E+0	8.58906140E+1	1.09449145E-1
5.00000000E+5	8.63026161E+1	-4.50978412E-10	8.50313416E+1	1.03970112E+1	8.56646206E+1	1.21668765E-1
