Start time:20240906_18-33-52	sweep/start:500.000	sweep/stop:500000.000	sweep/samplecount:100.000	sweep/xmapping:1.000	sweep/scan:0.000	sweep/averaging/sample:10.000	sweep/settling/time:0.100	sweep/settling/inaccuracy:0.010	sweep/awgcontrol:0.000	sweep/averaging/time:0.100	sweep/averaging/tc:15.000	sweep/bandwidthcontrol:2.000	sweep/sincfilter:0.000	sweep/omegasuppression:80.000	sweep/maxbandwidth:100.000	sweep/bandwidth:1250000.000	sweep/order:8.000	sweep/bandwidthoverlap:1.000																				
Frequency	Param0		Param1		RealZ		ImagZ		AbsZ		PhaseZ		
5.00000000E+2	9.11192932E+2	7.05871524E-7	1.79265369E+2	-3.62228171E+2	4.04160023E+2	-1.11124003E+0
5.36133611E+2	8.29628073E+2	6.85483346E-7	1.77650441E+2	-3.40329348E+2	3.83905919E+2	-1.08970744E+0
5.74878498E+2	7.58175955E+2	6.64338449E-7	1.75910088E+2	-3.20041222E+2	3.65199611E+2	-1.06822324E+0
6.16423370E+2	6.94827796E+2	6.42522365E-7	1.74149054E+2	-3.01124055E+2	3.47855707E+2	-1.04646313E+0
6.60970574E+2	6.38329029E+2	6.20071734E-7	1.72424786E+2	-2.83431497E+2	3.31758538E+2	-1.02426171E+0
7.08737081E+2	5.88401625E+2	5.97057358E-7	1.70678463E+2	-2.67013718E+2	3.16902934E+2	-1.00204213E+0
7.59955541E+2	5.43866415E+2	5.73787341E-7	1.68883973E+2	-2.51651575E+2	3.03068168E+2	-9.79729120E-1
8.14875417E+2	5.04233661E+2	5.50214932E-7	1.67088450E+2	-2.37345872E+2	2.90261288E+2	-9.57399416E-1
8.73764200E+2	4.68916896E+2	5.26480511E-7	1.65287308E+2	-2.24022564E+2	2.78399005E+2	-9.35139041E-1
9.36908711E+2	4.37331621E+2	5.02823856E-7	1.63442968E+2	-2.11577806E+2	2.67355146E+2	-9.13052662E-1
1.00461650E+3	4.09057713E+2	4.79310743E-7	1.61576544E+2	-1.99967866E+2	2.57087784E+2	-8.91188746E-1
1.07721735E+3	3.83600546E+2	4.55977797E-7	1.59729625E+2	-1.89100009E+2	2.47532560E+2	-8.69396976E-1
1.15506485E+3	3.60696081E+2	4.33084670E-7	1.57833870E+2	-1.78937203E+2	2.38600200E+2	-8.47980066E-1
1.23853818E+3	3.40091253E+2	4.10608239E-7	1.55938514E+2	-1.69459437E+2	2.30289650E+2	-8.26926231E-1
1.32804389E+3	3.21415447E+2	3.88720990E-7	1.54014914E+2	-1.60568294E+2	2.22492183E+2	-8.06227096E-1
1.42401793E+3	3.04544414E+2	3.67437419E-7	1.52086608E+2	-1.52272091E+2	2.15214141E+2	-7.86007584E-1
1.52692775E+3	2.89141260E+2	3.46813951E-7	1.50158671E+2	-1.44462588E+2	2.08367624E+2	-7.66066992E-1
1.63727458E+3	2.75113872E+2	3.26953926E-7	1.48209448E+2	-1.37143844E+2	2.01926905E+2	-7.46638971E-1
1.75559587E+3	2.62271852E+2	3.07807669E-7	1.46275749E+2	-1.30259033E+2	1.95867330E+2	-7.27543451E-1
1.88246790E+3	2.50513533E+2	2.89429026E-7	1.44349596E+2	-1.23793056E+2	1.90161844E+2	-7.08885121E-1
2.01850863E+3	2.39686664E+2	2.71839406E-7	1.42427919E+2	-1.17696049E+2	1.84764911E+2	-6.90605864E-1
2.16438064E+3	2.29696811E+2	2.55010167E-7	1.40527769E+2	-1.11940726E+2	1.79662963E+2	-6.72648243E-1
2.32079442E+3	2.20482404E+2	2.38973269E-7	1.38641211E+2	-1.06520241E+2	1.74836917E+2	-6.55120574E-1
2.48851178E+3	2.11926348E+2	2.23694686E-7	1.36776079E+2	-1.01384213E+2	1.70254089E+2	-6.37872569E-1
2.66834962E+3	2.04005059E+2	2.09158882E-7	1.34943994E+2	-9.65369127E+1	1.65919430E+2	-6.20977030E-1
2.86118383E+3	1.96635213E+2	1.95355920E-7	1.33140536E+2	-9.19440858E+1	1.61802712E+2	-6.04375260E-1
3.06795364E+3	1.89782518E+2	1.82258804E-7	1.31375861E+2	-8.75969434E+1	1.57901366E+2	-5.88071295E-1
3.28966612E+3	1.83384283E+2	1.69858928E-7	1.29642526E+2	-8.34698555E+1	1.54189499E+2	-5.72037044E-1
3.52740116E+3	1.77419327E+2	1.58108207E-7	1.27959494E+2	-7.95541013E+1	1.50673446E+2	-5.56232251E-1
3.78231664E+3	1.71843940E+2	1.47026285E-7	1.26307193E+2	-7.58394258E+1	1.47326595E+2	-5.40740261E-1
4.05565415E+3	1.66621099E+2	1.36549761E-7	1.24703088E+2	-7.23001051E+1	1.44146334E+2	-5.25417646E-1
4.34874501E+3	1.61733946E+2	1.26678232E-7	1.23141763E+2	-6.89369951E+1	1.41124778E+2	-5.10349883E-1
4.66301673E+3	1.57176638E+2	1.17392560E-7	1.21630442E+2	-6.57533217E+1	1.38265918E+2	-4.95597077E-1
5.00000000E+3	1.52893017E+2	1.08647363E-7	1.20166674E+2	-6.27105704E+1	1.35545732E+2	-4.80984831E-1
5.36133611E+3	1.48885058E+2	1.00432811E-7	1.18754380E+2	-5.98176391E+1	1.32968992E+2	-4.66610333E-1
5.74878498E+3	1.45122669E+2	9.27417689E-8	1.17381085E+2	-5.70643247E+1	1.30516881E+2	-4.52502971E-1
6.16423370E+3	1.41589678E+2	8.55414405E-8	1.16051736E+2	-5.44400803E+1	1.28186302E+2	-4.38624960E-1
6.60970574E+3	1.38276720E+2	7.88104399E-8	1.14768833E+2	-5.19420131E+1	1.25975624E+2	-4.24996912E-1
7.08737081E+3	1.35167319E+2	7.25212742E-8	1.13533703E+2	-4.95595040E+1	1.23879160E+2	-4.11585901E-1
7.59955541E+3	1.32238230E+2	6.66614739E-8	1.12335330E+2	-4.72842337E+1	1.21881193E+2	-3.98410135E-1
8.14875417E+3	1.29485790E+2	6.12098703E-8	1.11177556E+2	-4.51161236E+1	1.19982972E+2	-3.85498450E-1
8.73764200E+3	1.26907046E+2	5.61352221E-8	1.10070213E+2	-4.30492012E+1	1.18189194E+2	-3.72816336E-1
9.36908711E+3	1.24473636E+2	5.14229098E-8	1.08998238E+2	-4.10705622E+1	1.16479212E+2	-3.60348027E-1
1.00461650E+4	1.22196204E+2	4.70524594E-8	1.07974210E+2	-3.91868406E+1	1.14865306E+2	-3.48145035E-1
1.07721735E+4	1.20041667E+2	4.30006564E-8	1.06983092E+2	-3.73770872E+1	1.13324440E+2	-3.36116830E-1
1.15506485E+4	1.18015282E+2	3.92540441E-8	1.06030042E+2	-3.56482180E+1	1.11862261E+2	-3.24336108E-1
1.23853818E+4	1.16112316E+2	3.57952919E-8	1.05115804E+2	-3.39986343E+1	1.10477325E+2	-3.12820104E-1
1.32804389E+4	1.14315874E+2	3.26007008E-8	1.04235699E+2	-3.24147185E+1	1.09159494E+2	-3.01495134E-1
1.42401793E+4	1.12626753E+2	2.96507493E-8	1.03395770E+2	-3.08940850E+1	1.07912603E+2	-2.90350441E-1
1.52692775E+4	1.11038115E+2	2.69429327E-8	1.02586839E+2	-2.94446874E+1	1.06728858E+2	-2.79508329E-1
1.63727458E+4	1.09549030E+2	2.44478201E-8	1.01819863E+2	-2.80532101E+1	1.05613764E+2	-2.68847776E-1
1.75559587E+4	1.08144109E+2	2.21593166E-8	1.01080986E+2	-2.67197945E+1	1.04552920E+2	-2.58429369E-1
1.88246790E+4	1.06820884E+2	2.00546717E-8	1.00376374E+2	-2.54337661E+1	1.03548505E+2	-2.48161049E-1
2.01850863E+4	1.05582623E+2	1.81302263E-8	9.97059257E+1	-2.42062281E+1	1.02602208E+2	-2.38168342E-1
2.16438064E+4	1.04418085E+2	1.63699522E-8	9.90651236E+1	-2.30280639E+1	1.01706394E+2	-2.28397646E-1
2.32079442E+4	1.03322412E+2	1.47599479E-8	9.84535945E+1	-2.18941191E+1	1.00858628E+2	-2.18819378E-1
2.48851178E+4	1.02300140E+2	1.32905507E-8	9.78767303E+1	-2.08074192E+1	1.00063995E+2	-2.09469599E-1
2.66834962E+4	1.01329429E+2	1.19533517E-8	9.73163145E+1	-1.97621204E+1	9.93026009E+1	-2.00346685E-1
2.86118383E+4	1.00434027E+2	1.07377645E-8	9.67957389E+1	-1.87662118E+1	9.85981025E+1	-1.91498642E-1
3.06795364E+4	9.95818513E+1	9.62727253E-9	9.62931845E+1	-1.77953967E+1	9.79237130E+1	-1.82742556E-1
3.28966612E+4	9.87911227E+1	8.62571824E-9	9.58185039E+1	-1.68769617E+1	9.72934611E+1	-1.74346418E-1
3.52740116E+4	9.80483371E+1	7.71329246E-9	9.53689431E+1	-1.59853340E+1	9.66993603E+1	-1.66071938E-1
3.78231664E+4	9.73517276E+1	6.88962653E-9	9.49395922E+1	-1.51329800E+1	9.61380950E+1	-1.58066167E-1
4.05565415E+4	9.66978455E+1	6.14414661E-9	9.45310744E+1	-1.43117832E+1	9.56083219E+1	-1.50256567E-1
4.34874501E+4	9.60864609E+1	5.47105245E-9	9.41440252E+1	-1.35228939E+1	9.51102844E+1	-1.42664652E-1
4.66301673E+4	9.55111966E+1	4.86117360E-9	9.37758914E+1	-1.27565569E+1	9.46395667E+1	-1.35202480E-1
5.00000000E+4	9.49670279E+1	4.31246834E-9	9.34205638E+1	-1.20196306E+1	9.41906221E+1	-1.27958532E-1
5.36133611E+4	9.44611055E+1	3.81872467E-9	9.30866332E+1	-1.13112758E+1	9.37713510E+1	-1.20920601E-1
5.74878498E+4	9.39806259E+1	3.37503263E-9	9.27629847E+1	-1.06278876E+1	9.33698204E+1	-1.14072964E-1
6.16423370E+4	9.35338854E+1	2.97412812E-9	9.24605587E+1	-9.96194427E+0	9.29956736E+1	-1.07328608E-1
6.60970574E+4	9.31055190E+1	2.61454153E-9	9.21635742E+1	-9.31734719E+0	9.26333493E+1	-1.00753451E-1
7.08737081E+4	9.27075607E+1	2.29004809E-9	9.18862635E+1	-8.68711126E+0	9.22959986E+1	-9.42618229E-2
7.59955541E+4	9.23306433E+1	1.99957540E-9	9.16186311E+1	-8.07672873E+0	9.19739482E+1	-8.79286557E-2
8.14875417E+4	9.19695191E+1	1.73954666E-9	9.13565450E+1	-7.48325856E+0	9.16625197E+1	-8.17302014E-2
8.73764200E+4	9.16259188E+1	1.50477795E-9	9.11039229E+1	-6.89607465E+0	9.13645481E+1	-7.55505226E-2
9.36908711E+4	9.13052289E+1	1.29416697E-9	9.08655597E+1	-6.32065991E+0	9.10851290E+1	-6.94486977E-2
1.00461650E+5	9.09931342E+1	1.10589817E-9	9.06274820E+1	-5.75657068E+0	9.08101241E+1	-6.34338211E-2
1.07721735E+5	9.06990869E+1	9.36392393E-10	9.04003706E+1	-5.19653934E+0	9.05496056E+1	-5.74204154E-2
1.15506485E+5	9.04167904E+1	7.84572421E-10	9.01777691E+1	-4.64267030E+0	9.02972007E+1	-5.14381204E-2
1.23853818E+5	9.01486860E+1	6.47744867E-10	8.99629186E+1	-4.08805000E+0	9.00557544E+1	-4.54102604E-2
1.32804389E+5	8.98906436E+1	5.24657266E-10	8.97516398E+1	-3.53203519E+0	8.98211148E+1	-3.93331288E-2
1.42401793E+5	8.96453750E+1	4.14290421E-10	8.95464954E+1	-2.97561472E+0	8.95959215E+1	-3.32176060E-2
1.52692775E+5	8.94093002E+1	3.15572942E-10	8.93438323E+1	-2.41849619E+0	8.93765603E+1	-2.70629276E-2
1.63727458E+5	8.91810190E+1	2.26315426E-10	8.91425893E+1	-1.85085825E+0	8.91618021E+1	-2.07599138E-2
1.75559587E+5	8.89607681E+1	1.46174717E-10	8.89424674E+1	-1.27580501E+0	8.89516173E+1	-1.43431778E-2
1.88246790E+5	8.87377008E+1	7.35786141E-11	8.87262077E+1	-6.85158145E-1	8.87319538E+1	-7.72198981E-3
2.01850863E+5	8.85474313E+1	9.02424555E-12	8.85473399E+1	-8.97375871E-2	8.85473856E+1	-1.01343981E-3
2.16438064E+5	8.83528846E+1	-4.94287679E-11	8.83497677E+1	5.24710227E-1	8.83513262E+1	5.93894037E-3
2.32079442E+5	8.81624916E+1	-1.01913457E-10	8.81473597E+1	1.15489165E+0	8.81549254E+1	1.31010795E-2
2.48851178E+5	8.79781966E+1	-1.49516904E-10	8.79409944E+1	1.80874092E+0	8.79595935E+1	2.05647638E-2
2.66834962E+5	8.78059330E+1	-1.92279537E-10	8.77356330E+1	2.48345036E+0	8.77707759E+1	2.82985084E-2
2.86118383E+5	8.76350121E+1	-2.31058829E-10	8.75190392E+1	3.18587250E+0	8.75770065E+1	3.63859843E-2
3.06795364E+5	8.74690374E+1	-2.65998759E-10	8.72934435E+1	3.91511280E+0	8.73811963E+1	4.48199832E-2
3.28966612E+5	8.73130661E+1	-2.97969250E-10	8.70612984E+1	4.68174365E+0	8.71870914E+1	5.37235029E-2
3.52740116E+5	8.71581662E+1	-3.26207386E-10	8.68134491E+1	5.47045743E+0	8.69856369E+1	6.29307297E-2
3.78231664E+5	8.70149662E+1	-3.52842343E-10	8.65541630E+1	6.31539277E+0	8.67842587E+1	7.28355603E-2
4.05565415E+5	8.68750434E+1	-3.75976615E-10	8.62773300E+1	7.18113954E+0	8.65756709E+1	8.30417998E-2
4.34874501E+5	8.67397031E+1	-3.97910915E-10	8.59750417E+1	8.10811697E+0	8.63565260E+1	9.40296888E-2
4.66301673E+5	8.66120553E+1	-4.18103576E-10	8.56479225E+1	9.08711506E+0	8.61286398E+1	1.05703025E-1
5.00000000E+5	8.64921239E+1	-4.36408198E-10	8.52927585E+1	1.01141977E+1	8.58903477E+1	1.18030961E-1
