Start time:20240906_09-32-01	sweep/start:500.000	sweep/stop:500000.000	sweep/samplecount:100.000	sweep/xmapping:1.000	sweep/scan:0.000	sweep/averaging/sample:10.000	sweep/settling/time:0.100	sweep/settling/inaccuracy:0.010	sweep/awgcontrol:0.000	sweep/averaging/time:0.100	sweep/averaging/tc:15.000	sweep/bandwidthcontrol:2.000	sweep/sincfilter:0.000	sweep/omegasuppression:80.000	sweep/maxbandwidth:100.000	sweep/bandwidth:1250000.000	sweep/order:8.000	sweep/bandwidthoverlap:1.000																				
Frequency	Param0		Param1		RealZ		ImagZ		AbsZ		PhaseZ		
5.00000000E+2	9.07618871E+2	6.92065142E-7	1.85453824E+2	-3.65962068E+2	4.10269866E+2	-1.10175778E+0
5.36133611E+2	8.28740975E+2	6.71513744E-7	1.83576562E+2	-3.44146810E+2	3.90047932E+2	-1.08076752E+0
5.74878498E+2	7.58104912E+2	6.50222574E-7	1.81788521E+2	-3.23678321E+2	3.71234068E+2	-1.05906548E+0
6.16423370E+2	6.95634734E+2	6.28344786E-7	1.79936497E+2	-3.04619281E+2	3.53793805E+2	-1.03724827E+0
6.60970574E+2	6.40121226E+2	6.05784260E-7	1.78133636E+2	-2.86871945E+2	3.37679004E+2	-1.01511341E+0
7.08737081E+2	5.90850365E+2	5.82872067E-7	1.76269662E+2	-2.70329399E+2	3.22721215E+2	-9.92977761E-1
7.59955541E+2	5.46917232E+2	5.59548031E-7	1.74439894E+2	-2.54901726E+2	3.08875658E+2	-9.70656737E-1
8.14875417E+2	5.07788631E+2	5.36117418E-7	1.72552926E+2	-2.40511722E+2	2.96007441E+2	-9.48460770E-1
8.73764200E+2	4.72876729E+2	5.12638473E-7	1.70639972E+2	-2.27098355E+2	2.84062786E+2	-9.26404691E-1
9.36908711E+2	4.41605913E+2	4.89203160E-7	1.68722884E+2	-2.14573077E+2	2.72963403E+2	-9.04453320E-1
1.00461650E+3	4.13574165E+2	4.65934082E-7	1.66797148E+2	-2.02883461E+2	2.62646129E+2	-8.82704724E-1
1.07721735E+3	3.88403219E+2	4.43064286E-7	1.64812083E+2	-1.91964886E+2	2.53008975E+2	-8.61357546E-1
1.15506485E+3	3.65730214E+2	4.20582471E-7	1.62819932E+2	-1.81763127E+2	2.44024930E+2	-8.40317135E-1
1.23853818E+3	3.45224162E+2	3.98574084E-7	1.60826260E+2	-1.72209238E+2	2.35629177E+2	-8.19564338E-1
1.32804389E+3	3.26670777E+2	3.77188979E-7	1.58800271E+2	-1.63272409E+2	2.27761732E+2	-7.99282764E-1
1.42401793E+3	3.09828505E+2	3.56387662E-7	1.56790650E+2	-1.54902884E+2	2.20404655E+2	-7.79341760E-1
1.52692775E+3	2.94459507E+2	3.36322966E-7	1.54755809E+2	-1.47037264E+2	2.13469713E+2	-7.59828108E-1
1.63727458E+3	2.80439497E+2	3.16971046E-7	1.52726561E+2	-1.39660864E+2	2.06955453E+2	-7.40741624E-1
1.75559587E+3	2.67610178E+2	2.98400070E-7	1.50688955E+2	-1.32735587E+2	2.00813092E+2	-7.22138249E-1
1.88246790E+3	2.55807850E+2	2.80576800E-7	1.48666190E+2	-1.26207533E+2	1.95012764E+2	-7.03873892E-1
2.01850863E+3	2.44947514E+2	2.63513302E-7	1.46661971E+2	-1.20061445E+2	1.89537556E+2	-6.85996104E-1
2.16438064E+3	2.34895383E+2	2.47253669E-7	1.44655769E+2	-1.14252704E+2	1.84333860E+2	-6.68505642E-1
2.32079442E+3	2.25614732E+2	2.31738044E-7	1.42681290E+2	-1.08779824E+2	1.79418508E+2	-6.51388254E-1
2.48851178E+3	2.17002416E+2	2.16958921E-7	1.40736548E+2	-1.03602096E+2	1.74757463E+2	-6.34572888E-1
2.66834962E+3	2.09006803E+2	2.02942645E-7	1.38808271E+2	-9.87123931E+1	1.70328720E+2	-6.18164749E-1
2.86118383E+3	2.01553438E+2	1.89592716E-7	1.36931664E+2	-9.40678834E+1	1.66129611E+2	-6.01927055E-1
3.06795364E+3	1.94607814E+2	1.76973480E-7	1.35073780E+2	-8.96743371E+1	1.62130852E+2	-5.86078886E-1
3.28966612E+3	1.88114465E+2	1.64988400E-7	1.33268731E+2	-8.54939827E+1	1.58334380E+2	-5.70387720E-1
3.52740116E+3	1.82064248E+2	1.53668359E-7	1.31502532E+2	-8.15413614E+1	1.54731734E+2	-5.55049512E-1
3.78231664E+3	1.76387746E+2	1.42967516E-7	1.29777098E+2	-7.77752813E+1	1.51298017E+2	-5.39903877E-1
4.05565415E+3	1.71081678E+2	1.32872381E-7	1.28098239E+2	-7.42031181E+1	1.48038041E+2	-5.25035339E-1
4.34874501E+3	1.66107878E+2	1.23350740E-7	1.26468004E+2	-7.08037826E+1	1.44939062E+2	-5.10378162E-1
4.66301673E+3	1.61444086E+2	1.14378186E-7	1.24888950E+2	-6.75672432E+1	1.41995008E+2	-4.95921551E-1
5.00000000E+3	1.57086025E+2	1.05950753E-7	1.23360478E+2	-6.45011580E+1	1.39205629E+2	-4.81773633E-1
5.36133611E+3	1.52986301E+2	9.80382710E-8	1.21875076E+2	-6.15766403E+1	1.36547490E+2	-4.67833932E-1
5.74878498E+3	1.49127931E+2	9.06160391E-8	1.20434049E+2	-5.87853741E+1	1.34015225E+2	-4.54092526E-1
6.16423370E+3	1.45518335E+2	8.36658955E-8	1.19047354E+2	-5.61364431E+1	1.31619044E+2	-4.40627370E-1
6.60970574E+3	1.42111433E+2	7.71723237E-8	1.17695885E+2	-5.36060574E+1	1.29328771E+2	-4.27387215E-1
7.08737081E+3	1.38919954E+2	7.10955946E-8	1.16403033E+2	-5.11960719E+1	1.27164082E+2	-4.14353828E-1
7.59955541E+3	1.35910888E+2	6.54391115E-8	1.15144433E+2	-4.88993000E+1	1.25097490E+2	-4.01597823E-1
8.14875417E+3	1.33081584E+2	6.01701517E-8	1.13930993E+2	-4.67102328E+1	1.23134548E+2	-3.89086154E-1
8.73764200E+3	1.30412289E+2	5.52633863E-8	1.12759498E+2	-4.46152422E+1	1.21265099E+2	-3.76765691E-1
9.36908711E+3	1.27897375E+2	5.07103054E-8	1.11625636E+2	-4.26185775E+1	1.19484835E+2	-3.64718238E-1
1.00461650E+4	1.25539875E+2	4.64786561E-8	1.10544175E+2	-4.07147048E+1	1.17803658E+2	-3.52894035E-1
1.07721735E+4	1.23306124E+2	4.25635836E-8	1.09489991E+2	-3.88938067E+1	1.16192884E+2	-3.41323826E-1
1.15506485E+4	1.21200039E+2	3.89304234E-8	1.08479541E+2	-3.71471893E+1	1.14663528E+2	-3.29919547E-1
1.23853818E+4	1.19216551E+2	3.55755787E-8	1.07505733E+2	-3.54821082E+1	1.13209817E+2	-3.18791316E-1
1.32804389E+4	1.17337906E+2	3.24734453E-8	1.06565006E+2	-3.38823569E+1	1.11821799E+2	-3.07842373E-1
1.42401793E+4	1.15564303E+2	2.96137704E-8	1.05657661E+2	-3.23529382E+1	1.10500018E+2	-2.97139984E-1
1.52692775E+4	1.13897817E+2	2.69719442E-8	1.04794676E+2	-3.08862530E+1	1.09251475E+2	-2.86615985E-1
1.63727458E+4	1.12318681E+2	2.45433088E-8	1.03958191E+2	-2.94812032E+1	1.08057609E+2	-2.76331925E-1
1.75559587E+4	1.10827008E+2	2.23062153E-8	1.03156099E+2	-2.81300707E+1	1.06922784E+2	-2.66221273E-1
1.88246790E+4	1.09421736E+2	2.02490062E-8	1.02389629E+2	-2.68330925E+1	1.05847300E+2	-2.56304569E-1
2.01850863E+4	1.08099597E+2	1.83620228E-8	1.01657188E+2	-2.55913484E+1	1.04828913E+2	-2.46617191E-1
2.16438064E+4	1.06849772E+2	1.66333587E-8	1.00952499E+2	-2.43996802E+1	1.03859287E+2	-2.37146729E-1
2.32079442E+4	1.05671839E+2	1.50459235E-8	1.00281569E+2	-2.32496147E+1	1.02941429E+2	-2.27818418E-1
2.48851178E+4	1.04556162E+2	1.35966662E-8	9.96334052E+1	-2.21465768E+1	1.02065109E+2	-2.18724611E-1
2.66834962E+4	1.03511609E+2	1.22716106E-8	9.90205198E+1	-2.10881471E+1	1.01241164E+2	-2.09832600E-1
2.86118383E+4	1.02521144E+2	1.10618866E-8	9.84298250E+1	-2.00675791E+1	1.00454658E+2	-2.01120667E-1
3.06795364E+4	1.01592276E+2	9.95863602E-9	9.78698389E+1	-1.90870179E+1	9.97136884E+1	-1.92606895E-1
3.28966612E+4	1.00717851E+2	8.95468724E-9	9.73352757E+1	-1.81450772E+1	9.90121193E+1	-1.84302789E-1
3.52740116E+4	9.98883269E+1	8.04089677E-9	9.68201954E+1	-1.72353419E+1	9.83422967E+1	-1.76168517E-1
3.78231664E+4	9.91090571E+1	7.20951884E-9	9.63313746E+1	-1.63578089E+1	9.77103459E+1	-1.68203250E-1
4.05565415E+4	9.83772636E+1	6.45651772E-9	9.58657738E+1	-1.55166315E+1	9.71134002E+1	-1.60466247E-1
4.34874501E+4	9.76869826E+1	5.77222296E-9	9.54218420E+1	-1.47018302E+1	9.65477696E+1	-1.52869905E-1
4.66301673E+4	9.70357344E+1	5.15202296E-9	9.49976341E+1	-1.39145480E+1	9.60112763E+1	-1.45438372E-1
5.00000000E+4	9.64166394E+1	4.59173892E-9	9.45869001E+1	-1.31555815E+1	9.54973876E+1	-1.38198027E-1
5.36133611E+4	9.58396201E+1	4.08473130E-9	9.42013697E+1	-1.24227772E+1	9.50169642E+1	-1.31118102E-1
5.74878498E+4	9.52905907E+1	3.62581102E-9	9.38292197E+1	-1.17097934E+1	9.45570821E+1	-1.24157087E-1
6.16423370E+4	9.47710702E+1	3.21111952E-9	9.34724969E+1	-1.10172972E+1	9.41195440E+1	-1.17325407E-1
6.60970574E+4	9.42800578E+1	2.83767594E-9	9.31303677E+1	-1.03475125E+1	9.37034495E+1	-1.10653972E-1
7.08737081E+4	9.38155741E+1	2.49957738E-9	9.28035799E+1	-9.69105985E+0	9.33082051E+1	-1.04048385E-1
7.59955541E+4	9.33790704E+1	2.19593474E-9	9.24923632E+1	-9.05613550E+0	9.29346593E+1	-9.76011491E-2
8.14875417E+4	9.29538186E+1	1.92235840E-9	9.21822176E+1	-8.43373252E+0	9.25672141E+1	-9.12358054E-2
8.73764200E+4	9.25562277E+1	1.67474474E-9	9.18907568E+1	-7.81988248E+0	9.22228920E+1	-8.48952285E-2
9.36908711E+4	9.21800273E+1	1.45114675E-9	9.16119557E+1	-7.21402177E+0	9.18955526E+1	-7.85832599E-2
1.00461650E+5	9.18171146E+1	1.25153944E-9	9.13365610E+1	-6.62510902E+0	9.15765226E+1	-7.24083143E-2
1.07721735E+5	9.14695889E+1	1.07038082E-9	9.10696713E+1	-6.03492668E+0	9.12694111E+1	-6.61703962E-2
1.15506485E+5	9.11429412E+1	9.07351261E-10	9.08158029E+1	-5.45062264E+0	9.09792250E+1	-5.99465292E-2
1.23853818E+5	9.08275174E+1	7.60849611E-10	9.05655936E+1	-4.87044631E+0	9.06964609E+1	-5.37263552E-2
1.32804389E+5	9.05264569E+1	6.28635273E-10	9.03227794E+1	-4.28907730E+0	9.04245608E+1	-4.74504614E-2
1.42401793E+5	9.02394991E+1	5.09856518E-10	9.00868332E+1	-3.70852591E+0	9.01631338E+1	-4.11428944E-2
1.52692775E+5	8.99619749E+1	4.02364364E-10	8.98536096E+1	-3.12041498E+0	8.99077759E+1	-3.47138145E-2
1.63727458E+5	8.96959220E+1	3.05767431E-10	8.96245777E+1	-2.52867148E+0	8.96602427E+1	-2.82065585E-2
1.75559587E+5	8.94390172E+1	2.18729991E-10	8.93973869E+1	-1.92914361E+0	8.94181996E+1	-2.15760705E-2
1.88246790E+5	8.91860593E+1	1.38017537E-10	8.91639447E+1	-1.29806326E+0	8.91750010E+1	-1.45574021E-2
2.01850863E+5	8.89661131E+1	6.94111328E-11	8.89606558E+1	-6.96726232E-1	8.89633844E+1	-7.83168708E-3
2.16438064E+5	8.87338535E+1	5.56004616E-12	8.87338131E+1	-5.95345553E-2	8.87338333E+1	-6.70935147E-4
2.32079442E+5	8.85170260E+1	-5.19010891E-11	8.85130534E+1	5.92962558E-1	8.85150397E+1	6.69905262E-3
2.48851178E+5	8.83027339E+1	-1.03918802E-10	8.82845591E+1	1.26669667E+0	8.82936460E+1	1.43468998E-2
2.66834962E+5	8.81051221E+1	-1.50920791E-10	8.80613547E+1	1.96317268E+0	8.80832356E+1	2.22895369E-2
2.86118383E+5	8.79043008E+1	-1.93534944E-10	8.78221524E+1	2.68595792E+0	8.78632170E+1	3.05745292E-2
3.06795364E+5	8.77191624E+1	-2.31836138E-10	8.75845645E+1	3.43345859E+0	8.76518376E+1	3.91815787E-2
3.28966612E+5	8.75354974E+1	-2.66851208E-10	8.73319121E+1	4.21655596E+0	8.74336455E+1	4.82445043E-2
3.52740116E+5	8.73672635E+1	-2.98281679E-10	8.70767777E+1	5.02935570E+0	8.72218996E+1	5.76936188E-2
3.78231664E+5	8.71925377E+1	-3.26727197E-10	8.67947057E+1	5.87618588E+0	8.69933943E+1	6.75989719E-2
4.05565415E+5	8.70348932E+1	-3.53083165E-10	8.65044208E+1	6.77406653E+0	8.67692516E+1	7.81494242E-2
4.34874501E+5	8.68730105E+1	-3.76812354E-10	8.61835120E+1	7.70864459E+0	8.65275745E+1	8.92071470E-2
4.66301673E+5	8.67251242E+1	-3.98632330E-10	8.58443974E+1	8.69513272E+0	8.62836371E+1	1.00945184E-1
5.00000000E+5	8.65843487E+1	-4.18901754E-10	8.54745570E+1	9.73953609E+0	8.60276632E+1	1.13457266E-1
