Start time:20240907_19-45-59	sweep/start:500.000	sweep/stop:500000.000	sweep/samplecount:100.000	sweep/xmapping:1.000	sweep/scan:0.000	sweep/averaging/sample:10.000	sweep/settling/time:0.100	sweep/settling/inaccuracy:0.010	sweep/awgcontrol:0.000	sweep/averaging/time:0.100	sweep/averaging/tc:15.000	sweep/bandwidthcontrol:2.000	sweep/sincfilter:0.000	sweep/omegasuppression:80.000	sweep/maxbandwidth:100.000	sweep/bandwidth:1250000.000	sweep/order:8.000	sweep/bandwidthoverlap:1.000																				
Frequency	Param0		Param1		RealZ		ImagZ		AbsZ		PhaseZ		
5.00000000E+2	9.42587656E+2	7.59640494E-7	1.55539856E+2	-3.49881821E+2	3.82896771E+2	-1.15248410E+0
5.36133611E+2	8.52602138E+2	7.40746017E-7	1.54282604E+2	-3.28235483E+2	3.62686722E+2	-1.13140566E+0
5.74878498E+2	7.73116790E+2	7.20944507E-7	1.52993338E+2	-3.08017401E+2	3.43921050E+2	-1.10978936E+0
6.16423370E+2	7.03151434E+2	7.00152279E-7	1.51678387E+2	-2.89217057E+2	3.26577475E+2	-1.08778462E+0
6.60970574E+2	6.41170846E+2	6.78453803E-7	1.50378505E+2	-2.71670022E+2	3.10512963E+2	-1.06524417E+0
7.08737081E+2	5.86366957E+2	6.55970468E-7	1.49056863E+2	-2.55311669E+2	2.95638297E+2	-1.04235650E+0
7.59955541E+2	5.37824020E+2	6.32779781E-7	1.47724804E+2	-2.40056917E+2	2.81868663E+2	-1.01914898E+0
8.14875417E+2	4.94775276E+2	6.08974873E-7	1.46387983E+2	-2.25831142E+2	2.69126640E+2	-9.95674303E-1
8.73764200E+2	4.56616108E+2	5.84607374E-7	1.45062131E+2	-2.12590402E+2	2.57366863E+2	-9.72011043E-1
9.36908711E+2	4.22693489E+2	5.59991772E-7	1.43693145E+2	-2.00225948E+2	2.46451116E+2	-9.48319397E-1
1.00461650E+3	3.92473642E+2	5.35062143E-7	1.42351568E+2	-1.88693578E+2	2.36366742E+2	-9.24481335E-1
1.07721735E+3	3.65482743E+2	5.10181973E-7	1.40962805E+2	-1.77901532E+2	2.26979007E+2	-9.00728730E-1
1.15506485E+3	3.41432718E+2	4.85367202E-7	1.39558686E+2	-1.67848953E+2	2.18288569E+2	-8.77168176E-1
1.23853818E+3	3.19876302E+2	4.60708784E-7	1.38162876E+2	-1.58448878E+2	2.10226136E+2	-8.53684266E-1
1.32804389E+3	3.00561366E+2	4.36409328E-7	1.36746182E+2	-1.49669968E+2	2.02732875E+2	-8.30489987E-1
1.42401793E+3	2.83179379E+2	4.12539906E-7	1.35326679E+2	-1.41451100E+2	1.95759353E+2	-8.07522128E-1
1.52692775E+3	2.67509608E+2	3.89212115E-7	1.33901374E+2	-1.33754720E+2	1.89261468E+2	-7.84850242E-1
1.63727458E+3	2.53372702E+2	3.66506662E-7	1.32474701E+2	-1.26554042E+2	1.83208822E+2	-7.62544987E-1
1.75559587E+3	2.40556391E+2	3.44525033E-7	1.31038769E+2	-1.19795884E+2	1.77544961E+2	-7.40606247E-1
1.88246790E+3	2.28930722E+2	3.23294466E-7	1.29607638E+2	-1.13459373E+2	1.72253214E+2	-7.19060206E-1
2.01850863E+3	2.18350627E+2	3.02872860E-7	1.28179300E+2	-1.07508591E+2	1.67296235E+2	-6.97918264E-1
2.16438064E+3	2.08695943E+2	2.83293210E-7	1.26755973E+2	-1.01913592E+2	1.62645188E+2	-6.77183787E-1
2.32079442E+3	1.99869854E+2	2.64563123E-7	1.25345843E+2	-9.66502697E+1	1.58280937E+2	-6.56849355E-1
2.48851178E+3	1.91777084E+2	2.46689619E-7	1.23952250E+2	-9.16899143E+1	1.54179120E+2	-6.36889148E-1
2.66834962E+3	1.84351129E+2	2.29672294E-7	1.22581125E+2	-8.70162989E+1	1.50326207E+2	-6.17317480E-1
2.86118383E+3	1.77507355E+2	2.13519997E-7	1.21226680E+2	-8.25997526E+1	1.46692288E+2	-5.98110227E-1
3.06795364E+3	1.71208071E+2	1.98214286E-7	1.19899240E+2	-7.84339832E+1	1.43274972E+2	-5.79298162E-1
3.28966612E+3	1.65400645E+2	1.83759293E-7	1.18594648E+2	-7.45046347E+1	1.40055815E+2	-5.60918150E-1
3.52740116E+3	1.60023075E+2	1.70114616E-7	1.17317777E+2	-7.07819923E+1	1.37016610E+2	-5.42868543E-1
3.78231664E+3	1.55043583E+2	1.57255473E-7	1.16073742E+2	-6.72560410E+1	1.34150993E+2	-5.25153509E-1
4.05565415E+3	1.50432713E+2	1.45192057E-7	1.14853515E+2	-6.39249235E+1	1.31444763E+2	-5.07879361E-1
4.34874501E+3	1.46148038E+2	1.33854469E-7	1.13670265E+2	-6.07598298E+1	1.28890210E+2	-4.90886217E-1
4.66301673E+3	1.42175268E+2	1.23231137E-7	1.12524831E+2	-5.77616678E+1	1.26484181E+2	-4.74249700E-1
5.00000000E+3	1.38498371E+2	1.13301475E-7	1.11419958E+2	-5.49279124E+1	1.24223519E+2	-4.58016586E-1
5.36133611E+3	1.35074812E+2	1.04033497E-7	1.10348126E+2	-5.22354613E+1	1.22087069E+2	-4.42117332E-1
5.74878498E+3	1.31880323E+2	9.54122853E-8	1.09301271E+2	-4.96781533E+1	1.20061180E+2	-4.26595323E-1
6.16423370E+3	1.28914603E+2	8.73887663E-8	1.08296536E+2	-4.72532025E+1	1.18156696E+2	-4.11429345E-1
6.60970574E+3	1.26149672E+2	7.99495013E-8	1.07321266E+2	-4.49520665E+1	1.16355243E+2	-3.96654427E-1
7.08737081E+3	1.23578703E+2	7.30499098E-8	1.06386102E+2	-4.27674383E+1	1.14660615E+2	-3.82231148E-1
7.59955541E+3	1.21169881E+2	6.66673291E-8	1.05476789E+2	-4.06848474E+1	1.13051360E+2	-3.68138553E-1
8.14875417E+3	1.18921798E+2	6.07771423E-8	1.04597685E+2	-3.87074803E+1	1.11530017E+2	-3.54433205E-1
8.73764200E+3	1.16834825E+2	5.53384349E-8	1.03761586E+2	-3.68306936E+1	1.10104345E+2	-3.41082235E-1
9.36908711E+3	1.14875753E+2	5.03310266E-8	1.02949429E+2	-3.50400930E+1	1.08749222E+2	-3.28063126E-1
1.00461650E+4	1.13053443E+2	4.57305462E-8	1.02172313E+2	-3.33429163E+1	1.07475261E+2	-3.15443436E-1
1.07721735E+4	1.11339288E+2	4.15028600E-8	1.01418700E+2	-3.17196004E+1	1.06263286E+2	-3.03120711E-1
1.15506485E+4	1.09741874E+2	3.76210544E-8	1.00700951E+2	-3.01733227E+1	1.05124265E+2	-2.91120015E-1
1.23853818E+4	1.08242230E+2	3.40720884E-8	1.00004824E+2	-2.87015732E+1	1.04042035E+2	-2.79489677E-1
1.32804389E+4	1.06838561E+2	3.08236996E-8	9.93374882E+1	-2.72972104E+1	1.03019776E+2	-2.68173417E-1
1.42401793E+4	1.05526036E+2	2.78560793E-8	9.86985517E+1	-2.59588661E+1	1.02055215E+2	-2.57186910E-1
1.52692775E+4	1.04291492E+2	2.51446945E-8	9.80830687E+1	-2.46767321E+1	1.01139654E+2	-2.46474694E-1
1.63727458E+4	1.03136217E+2	2.26691412E-8	9.74961671E+1	-2.34495864E+1	1.00276547E+2	-2.36034744E-1
1.75559587E+4	1.02058057E+2	2.04169412E-8	9.69368336E+1	-2.22808229E+1	9.94644906E+1	-2.25924856E-1
1.88246790E+4	1.01042553E+2	1.83677735E-8	9.63973807E+1	-2.11608694E+1	9.86926415E+1	-2.16089611E-1
2.01850863E+4	1.00091124E+2	1.65032423E-8	9.58829651E+1	-2.00870784E+1	9.79644516E+1	-2.06509240E-1
2.16438064E+4	9.92045019E+1	1.48096991E-8	9.53963515E+1	-1.90599998E+1	9.72817945E+1	-1.97201316E-1
2.32079442E+4	9.83705933E+1	1.32748393E-8	9.49285282E+1	-1.80762296E+1	9.66342363E+1	-1.88166664E-1
2.48851178E+4	9.75872633E+1	1.18840401E-8	9.44805840E+1	-1.71324463E+1	9.60213603E+1	-1.79383789E-1
2.66834962E+4	9.68571219E+1	1.06241722E-8	9.40575459E+1	-1.62271742E+1	9.54470701E+1	-1.70842134E-1
2.86118383E+4	9.61754862E+1	9.48458696E-9	9.36569001E+1	-1.53584791E+1	9.49078390E+1	-1.62539944E-1
3.06795364E+4	9.55324455E+1	8.45496506E-9	9.32712875E+1	-1.45224319E+1	9.43950962E+1	-1.54460771E-1
3.28966612E+4	9.49363256E+1	7.52784372E-9	9.29089828E+1	-1.37243697E+1	9.39171840E+1	-1.46657847E-1
3.52740116E+4	9.43719522E+1	6.69024876E-9	9.25595229E+1	-1.29521252E+1	9.34613443E+1	-1.39030159E-1
3.78231664E+4	9.38500201E+1	5.93830146E-9	9.22321224E+1	-1.22156494E+1	9.30375544E+1	-1.31678252E-1
4.05565415E+4	9.33598429E+1	5.25988191E-9	9.19204932E+1	-1.15024201E+1	9.26373726E+1	-1.24487372E-1
4.34874501E+4	9.29015965E+1	4.65067268E-9	9.16246343E+1	-1.08167060E+1	9.22609061E+1	-1.17510663E-1
4.66301673E+4	9.24729229E+1	4.10172125E-9	9.13448442E+1	-1.01510646E+1	9.19071528E+1	-1.10674931E-1
5.00000000E+4	9.20734477E+1	3.61065438E-9	9.10799580E+1	-9.51246365E+0	9.15753556E+1	-1.04063524E-1
5.36133611E+4	9.16928846E+1	3.17009254E-9	9.08220961E+1	-8.89307565E+0	9.12564517E+1	-9.76063836E-2
5.74878498E+4	9.13413607E+1	2.77554590E-9	9.05817612E+1	-8.29492720E+0	9.09607680E+1	-9.13192304E-2
6.16423370E+4	9.10069883E+1	2.42296768E-9	9.03479944E+1	-7.71613546E+0	9.06768927E+1	-8.51978707E-2
6.60970574E+4	9.06957244E+1	2.10630727E-9	9.01284369E+1	-7.15043367E+0	9.04116357E+1	-7.91702168E-2
7.08737081E+4	9.03997815E+1	1.82312814E-9	8.99154597E+1	-6.59908883E+0	9.01572954E+1	-7.32607995E-2
7.59955541E+4	9.01286026E+1	1.57105716E-9	8.97184668E+1	-6.06602942E+0	8.99233009E+1	-6.75090829E-2
8.14875417E+4	8.98648727E+1	1.34500624E-9	8.95220249E+1	-5.54006999E+0	8.96932850E+1	-6.18061732E-2
8.73764200E+4	8.96177228E+1	1.14275187E-9	8.93353236E+1	-5.02276855E+0	8.94764118E+1	-5.61646378E-2
9.36908711E+4	8.93844084E+1	9.62357257E-10	8.91557953E+1	-4.51465791E+0	8.92700286E+1	-5.05946343E-2
1.00461650E+5	8.91620378E+1	8.01177390E-10	8.89811221E+1	-4.01223837E+0	8.90715340E+1	-4.50603718E-2
1.07721735E+5	8.89494541E+1	6.56539950E-10	8.88107012E+1	-3.51037053E+0	8.88800506E+1	-3.95058706E-2
1.15506485E+5	8.87473234E+1	5.28124999E-10	8.86447556E+1	-3.01530510E+0	8.86960247E+1	-3.40024963E-2
1.23853818E+5	8.85552693E+1	4.12052116E-10	8.84839219E+1	-2.51258164E+0	8.85195884E+1	-2.83882834E-2
1.32804389E+5	8.83717201E+1	3.09753006E-10	8.83256327E+1	-2.01747392E+0	8.83486734E+1	-2.28373458E-2
1.42401793E+5	8.81949297E+1	2.17407968E-10	8.81689789E+1	-1.51262115E+0	8.81819534E+1	-1.71542516E-2
1.52692775E+5	8.80262360E+1	1.34729893E-10	8.80148407E+1	-1.00145254E+0	8.80205381E+1	-1.13777325E-2
1.63727458E+5	8.78603212E+1	6.07042028E-11	8.78576756E+1	-4.82050638E-1	8.78589984E+1	-5.48666677E-3
1.75559587E+5	8.77098302E+1	-5.36306024E-12	8.77098062E+1	4.55107535E-2	8.77098182E+1	5.18878384E-4
1.88246790E+5	8.75640845E+1	-6.16067822E-11	8.75543496E+1	5.58773405E-1	8.75592168E+1	6.38100040E-3
2.01850863E+5	8.74130029E+1	-1.18168548E-10	8.73980029E+1	1.14495849E+0	8.74055026E+1	1.30997643E-2
2.16438064E+5	8.72748685E+1	-1.65671426E-10	8.72411376E+1	1.71542461E+0	8.72580014E+1	1.96604909E-2
2.32079442E+5	8.71436306E+1	-2.08761749E-10	8.70823476E+1	2.31011316E+0	8.71129837E+1	2.65216949E-2
2.48851178E+5	8.70152364E+1	-2.47118594E-10	8.69169831E+1	2.92230085E+0	8.69660959E+1	3.36090876E-2
2.66834962E+5	8.68912791E+1	-2.81839818E-10	8.67450429E+1	3.56160597E+0	8.68181302E+1	4.10352703E-2
2.86118383E+5	8.67688841E+1	-3.12984451E-10	8.65625569E+1	4.22612678E+0	8.66656591E+1	4.87829123E-2
3.06795364E+5	8.66558788E+1	-3.41032407E-10	8.63755701E+1	4.92054587E+0	8.65156109E+1	5.69053650E-2
3.28966612E+5	8.65444231E+1	-3.66954745E-10	8.61731088E+1	5.65659497E+0	8.63585664E+1	6.55481863E-2
3.52740116E+5	8.64424385E+1	-3.89399590E-10	8.59639931E+1	6.41318498E+0	8.62028839E+1	7.44652115E-2
3.78231664E+5	8.63427877E+1	-4.10665953E-10	8.57340067E+1	7.22446432E+0	8.60378587E+1	8.40674212E-2
4.05565415E+5	8.62501381E+1	-4.30070213E-10	8.54863411E+1	8.08047245E+0	8.58673903E+1	9.42435262E-2
4.34874501E+5	8.61563372E+1	-4.47026508E-10	8.52126380E+1	8.96743740E+0	8.56831884E+1	1.04850076E-1
4.66301673E+5	8.60775221E+1	-4.62804722E-10	8.49206562E+1	9.91169012E+0	8.54971325E+1	1.16191351E-1
NaN	NaN	NaN	NaN	NaN	NaN	NaN
