Start time:20240907_00-40-09	sweep/start:500.000	sweep/stop:500000.000	sweep/samplecount:100.000	sweep/xmapping:1.000	sweep/scan:0.000	sweep/averaging/sample:10.000	sweep/settling/time:0.100	sweep/settling/inaccuracy:0.010	sweep/awgcontrol:0.000	sweep/averaging/time:0.100	sweep/averaging/tc:15.000	sweep/bandwidthcontrol:2.000	sweep/sincfilter:0.000	sweep/omegasuppression:80.000	sweep/maxbandwidth:100.000	sweep/bandwidth:1250000.000	sweep/order:8.000	sweep/bandwidthoverlap:1.000																				
Frequency	Param0		Param1		RealZ		ImagZ		AbsZ		PhaseZ		
5.00000000E+2	9.13511838E+2	7.16585515E-7	1.74692472E+2	-3.59257787E+2	3.99479189E+2	-1.11820152E+0
5.36133611E+2	8.31805536E+2	6.96377906E-7	1.73022652E+2	-3.37615653E+2	3.79369443E+2	-1.09721138E+0
5.74878498E+2	7.59067527E+2	6.75395666E-7	1.71379145E+2	-3.17360219E+2	3.60677592E+2	-1.07565179E+0
6.16423370E+2	6.94690797E+2	6.53707764E-7	1.69700484E+2	-2.98481306E+2	3.43350185E+2	-1.05382560E+0
6.60970574E+2	6.37543446E+2	6.31314597E-7	1.68037427E+2	-2.80881757E+2	3.27308942E+2	-1.03166481E+0
7.08737081E+2	5.86859973E+2	6.08312743E-7	1.66377630E+2	-2.64497332E+2	3.12474574E+2	-1.00930190E+0
7.59955541E+2	5.41759129E+2	5.84998270E-7	1.64662560E+2	-2.49186022E+2	2.98676140E+2	-9.86865039E-1
8.14875417E+2	5.01592915E+2	5.61290548E-7	1.62967035E+2	-2.34914547E+2	2.85907507E+2	-9.64291490E-1
8.73764200E+2	4.65861489E+2	5.37396854E-7	1.61248658E+2	-2.21626712E+2	2.74079428E+2	-9.41806478E-1
9.36908711E+2	4.33985364E+2	5.13446067E-7	1.59514957E+2	-2.09241797E+2	2.63110534E+2	-9.19439543E-1
1.00461650E+3	4.05448700E+2	4.89662663E-7	1.57734072E+2	-1.97668994E+2	2.52889444E+2	-8.97293974E-1
1.07721735E+3	3.79763917E+2	4.66061998E-7	1.55954345E+2	-1.86826314E+2	2.43363577E+2	-8.75219164E-1
1.15506485E+3	3.56788793E+2	4.42770506E-7	1.54155408E+2	-1.76740005E+2	2.34522750E+2	-8.53545448E-1
1.23853818E+3	3.36056186E+2	4.19911550E-7	1.52342975E+2	-1.67294392E+2	2.26264883E+2	-8.32140282E-1
1.32804389E+3	3.17327710E+2	3.97575250E-7	1.50516835E+2	-1.58454543E+2	2.18547846E+2	-8.11083267E-1
1.42401793E+3	3.00362396E+2	3.75869321E-7	1.48667395E+2	-1.50173564E+2	2.11315154E+2	-7.90438155E-1
1.52692775E+3	2.84934733E+2	3.54769919E-7	1.46832082E+2	-1.42400486E+2	2.04542317E+2	-7.70077459E-1
1.63727458E+3	2.70923022E+2	3.34412548E-7	1.44980974E+2	-1.35126605E+2	1.98188503E+2	-7.50232009E-1
1.75559587E+3	2.58126637E+2	3.14815892E-7	1.43125111E+2	-1.28294994E+2	1.92209269E+2	-7.30813465E-1
1.88246790E+3	2.46386095E+2	2.95991680E-7	1.41271800E+2	-1.21859281E+2	1.86567432E+2	-7.11756486E-1
2.01850863E+3	2.35621426E+2	2.77939015E-7	1.39434010E+2	-1.15809311E+2	1.81255731E+2	-6.93103567E-1
2.16438064E+3	2.25685717E+2	2.60671655E-7	1.37607949E+2	-1.10091782E+2	1.76227547E+2	-6.74764976E-1
2.32079442E+3	2.16529553E+2	2.44195153E-7	1.35798981E+2	-1.04704961E+2	1.71477382E+2	-6.56824430E-1
2.48851178E+3	2.08061424E+2	2.28506980E-7	1.34007254E+2	-9.96182495E+1	1.66978262E+2	-6.39250527E-1
2.66834962E+3	2.00221302E+2	2.13570471E-7	1.32248111E+2	-9.48120553E+1	1.62723351E+2	-6.21995331E-1
2.86118383E+3	1.92941759E+2	1.99388062E-7	1.30515809E+2	-9.02639075E+1	1.58688215E+2	-6.05061824E-1
3.06795364E+3	1.86149674E+2	1.85926716E-7	1.28813668E+2	-8.59398684E+1	1.54850322E+2	-5.88346971E-1
3.28966612E+3	1.79836320E+2	1.73178006E-7	1.27148099E+2	-8.18486827E+1	1.51214569E+2	-5.71952838E-1
3.52740116E+3	1.73955900E+2	1.61106845E-7	1.25526332E+2	-7.79691341E+1	1.47770248E+2	-5.55817091E-1
3.78231664E+3	1.68458700E+2	1.49710959E-7	1.23937087E+2	-7.42824249E+1	1.44493185E+2	-5.39945764E-1
4.05565415E+3	1.63336024E+2	1.38947051E-7	1.22398591E+2	-7.07861851E+1	1.41393420E+2	-5.24329639E-1
4.34874501E+3	1.58530698E+2	1.28805761E-7	1.20895442E+2	-6.74531743E+1	1.38440019E+2	-5.08923603E-1
4.66301673E+3	1.54037939E+2	1.19260947E-7	1.19437210E+2	-6.42854135E+1	1.35638717E+2	-4.93766556E-1
5.00000000E+3	1.49852212E+2	1.10284352E-7	1.18034853E+2	-6.12826011E+1	1.32995428E+2	-4.78882057E-1
5.36133611E+3	1.45929825E+2	1.01849440E-7	1.16680841E+2	-5.84191401E+1	1.30488370E+2	-4.64187187E-1
5.74878498E+3	1.42243881E+2	9.39519326E-8	1.15362321E+2	-5.56876923E+1	1.28099899E+2	-4.49728244E-1
6.16423370E+3	1.38800299E+2	8.65682292E-8	1.14090683E+2	-5.30955441E+1	1.25840458E+2	-4.35570228E-1
6.60970574E+3	1.35563406E+2	7.96631939E-8	1.12861158E+2	-5.06181972E+1	1.23692534E+2	-4.21605591E-1
7.08737081E+3	1.32537167E+2	7.32209946E-8	1.11680131E+2	-4.82629921E+1	1.21662517E+2	-4.07914336E-1
7.59955541E+3	1.29689339E+2	6.72204145E-8	1.10535763E+2	-4.60125527E+1	1.19730155E+2	-3.94451777E-1
8.14875417E+3	1.27021592E+2	6.16441516E-8	1.09433060E+2	-4.38721640E+1	1.17899794E+2	-3.81285543E-1
8.73764200E+3	1.24523859E+2	5.64508887E-8	1.08382047E+2	-4.18268169E+1	1.16172934E+2	-3.68309972E-1
9.36908711E+3	1.22166116E+2	5.16404340E-8	1.07358892E+2	-3.98708793E+1	1.14523442E+2	-3.55592660E-1
1.00461650E+4	1.19959069E+2	4.71783003E-8	1.06382742E+2	-3.80037741E+1	1.12967140E+2	-3.43106786E-1
1.07721735E+4	1.17886606E+2	4.30599878E-8	1.05440061E+2	-3.62265704E+1	1.11489780E+2	-3.30939574E-1
1.15506485E+4	1.15937969E+2	3.92453894E-8	1.04538671E+2	-3.45205366E+1	1.10090877E+2	-3.18944016E-1
1.23853818E+4	1.14109729E+2	3.57339125E-8	1.03671116E+2	-3.28965449E+1	1.08765265E+2	-3.07266722E-1
1.32804389E+4	1.12384864E+2	3.24883772E-8	1.02839022E+2	-3.13318526E+1	1.07506044E+2	-2.95734674E-1
1.42401793E+4	1.10772847E+2	2.95042733E-8	1.02046633E+2	-2.98409228E+1	1.06320252E+2	-2.84492268E-1
1.52692775E+4	1.09254624E+2	2.67600345E-8	1.01285730E+2	-2.84101232E+1	1.05194745E+2	-2.73467493E-1
1.63727458E+4	1.07826325E+2	2.42406593E-8	1.00556071E+2	-2.70382708E+1	1.04127765E+2	-2.62674637E-1
1.75559587E+4	1.06494047E+2	2.19279843E-8	9.98675874E+1	-2.57248588E+1	1.03127608E+2	-2.52109030E-1
1.88246790E+4	1.05239683E+2	1.98203641E-8	9.92013791E+1	-2.44746398E+1	1.02175935E+2	-2.41886148E-1
2.01850863E+4	1.04060704E+2	1.78876093E-8	9.85674140E+1	-2.32692779E+1	1.01276821E+2	-2.31830220E-1
2.16438064E+4	1.02957893E+2	1.61197383E-8	9.79673949E+1	-2.21112194E+1	1.00431651E+2	-2.21980403E-1
2.32079442E+4	1.01924924E+2	1.45078545E-8	9.73965341E+1	-2.10011764E+1	9.96350056E+1	-2.12373948E-1
2.48851178E+4	1.00955975E+2	1.30441596E-8	9.68498291E+1	-1.99419002E+1	9.88815905E+1	-2.03067305E-1
2.66834962E+4	1.00049217E+2	1.17055013E-8	9.63352508E+1	-1.89152265E+1	9.81746730E+1	-1.93881494E-1
2.86118383E+4	9.91980363E+1	1.04946417E-8	9.58410897E+1	-1.79369278E+1	9.75051172E+1	-1.85012516E-1
3.06795364E+4	9.84060077E+1	9.39416073E-9	9.53772713E+1	-1.69962513E+1	9.68798044E+1	-1.76349103E-1
3.28966612E+4	9.76682577E+1	8.39883574E-9	9.49389475E+1	-1.60971367E+1	9.62939333E+1	-1.67955202E-1
3.52740116E+4	9.69694615E+1	7.49547348E-9	9.45167499E+1	-1.52257106E+1	9.57352513E+1	-1.59717947E-1
3.78231664E+4	9.63192019E+1	6.68144196E-9	9.41177295E+1	-1.43943573E+1	9.52121032E+1	-1.51763918E-1
4.05565415E+4	9.57108684E+1	5.94466400E-9	9.37403281E+1	-1.35911378E+1	9.47204741E+1	-1.43983782E-1
4.34874501E+4	9.51407834E+1	5.28181339E-9	9.33802574E+1	-1.28217897E+1	9.42564101E+1	-1.36454020E-1
4.66301673E+4	9.46093472E+1	4.68397771E-9	9.30409156E+1	-1.20800765E+1	9.38218540E+1	-1.29113897E-1
5.00000000E+4	9.41079627E+1	4.14555280E-9	9.27152272E+1	-1.13634381E+1	9.34089993E+1	-1.21954579E-1
5.36133611E+4	9.36378443E+1	3.66165839E-9	9.24051356E+1	-1.06727968E+1	9.30194480E+1	-1.14990512E-1
5.74878498E+4	9.31992776E+1	3.22681107E-9	9.21123464E+1	-1.00059853E+1	9.26542181E+1	-1.08203786E-1
6.16423370E+4	9.27820229E+1	2.83540952E-9	9.18286658E+1	-9.35657414E+0	9.23041135E+1	-1.01541219E-1
6.60970574E+4	9.23947148E+1	2.48553674E-9	9.15618520E+1	-8.73260645E+0	9.19773407E+1	-9.50862391E-2
7.08737081E+4	9.20247453E+1	2.17124478E-9	9.13019140E+1	-8.12378306E+0	9.16626171E+1	-8.87434390E-2
7.59955541E+4	9.16773005E+1	1.88954220E-9	9.10543209E+1	-7.53159635E+0	9.13652797E+1	-8.25275471E-2
8.14875417E+4	9.13490031E+1	1.63668904E-9	9.08168349E+1	-6.95196268E+0	9.10825304E+1	-7.64002754E-2
8.73764200E+4	9.10355756E+1	1.40906105E-9	9.05863205E+1	-6.37936841E+0	9.08106702E+1	-7.03070141E-2
9.36908711E+4	9.07381589E+1	1.20695398E-9	9.03625769E+1	-5.82567737E+0	9.05501732E+1	-6.43809236E-2
1.00461650E+5	9.04610619E+1	1.02468800E-9	9.01524270E+1	-5.27485987E+0	9.03066126E+1	-5.84438263E-2
1.07721735E+5	9.01862100E+1	8.61224245E-10	8.99376556E+1	-4.72804013E+0	9.00618471E+1	-5.25218472E-2
1.15506485E+5	8.99334308E+1	7.14508235E-10	8.97382632E+1	-4.18496950E+0	8.98357940E+1	-4.66015208E-2
1.23853818E+5	8.96855772E+1	5.83643109E-10	8.95370101E+1	-3.64721864E+0	8.96112629E+1	-4.07116956E-2
1.32804389E+5	8.94462752E+1	4.66081240E-10	8.93381576E+1	-3.10779977E+0	8.93922001E+1	-3.47729071E-2
1.42401793E+5	8.92212972E+1	3.60475387E-10	8.91474744E+1	-2.56536114E+0	8.91843781E+1	-2.87686602E-2
1.52692775E+5	8.90086451E+1	2.65532435E-10	8.89629038E+1	-2.01723759E+0	8.89857715E+1	-2.26711577E-2
1.63727458E+5	8.87986780E+1	1.80549801E-10	8.87745285E+1	-1.46417631E+0	8.87866024E+1	-1.64917056E-2
1.75559587E+5	8.86016484E+1	1.04339544E-10	8.85924352E+1	-9.03423942E-1	8.85970417E+1	-1.01971780E-2
1.88246790E+5	8.84152657E+1	3.95312210E-11	8.84082194E+1	-3.65198803E-1	8.84117424E+1	-4.13228454E-3
2.01850863E+5	8.82248896E+1	-2.60195581E-11	8.82241414E+1	2.56855696E-1	8.82245155E+1	2.91139017E-3
2.16438064E+5	8.80464838E+1	-8.15307609E-11	8.80380933E+1	8.59443818E-1	8.80422885E+1	9.76187283E-3
2.32079442E+5	8.78730737E+1	-1.31568531E-10	8.78481052E+1	1.48100543E+0	8.78605885E+1	1.68571122E-2
2.48851178E+5	8.77091936E+1	-1.76534546E-10	8.76578150E+1	2.12219375E+0	8.76835005E+1	2.42052493E-2
2.66834962E+5	8.75490860E+1	-2.17294682E-10	8.74601106E+1	2.78954428E+0	8.75045870E+1	3.18842395E-2
2.86118383E+5	8.73963388E+1	-2.53700663E-10	8.72576992E+1	3.47811752E+0	8.73269915E+1	3.98392021E-2
3.06795364E+5	8.72422399E+1	-2.87004268E-10	8.70394691E+1	4.20107137E+0	8.71407955E+1	4.82288509E-2
3.28966612E+5	8.71025978E+1	-3.16705398E-10	8.68203297E+1	4.95039364E+0	8.69613492E+1	5.69571547E-2
3.52740116E+5	8.69639813E+1	-3.43735667E-10	8.65839345E+1	5.73635448E+0	8.67737498E+1	6.61552751E-2
3.78231664E+5	8.68277580E+1	-3.68699371E-10	8.63280779E+1	6.56781275E+0	8.65775574E+1	7.59334064E-2
4.05565415E+5	8.66965674E+1	-3.91324061E-10	8.60533933E+1	7.43956138E+0	8.63743817E+1	8.62384179E-2
4.34874501E+5	8.65847024E+1	-4.11824119E-10	8.57704998E+1	8.35669713E+0	8.61766395E+1	9.71243513E-2
4.66301673E+5	8.64664740E+1	-4.30463571E-10	8.54502789E+1	9.31846525E+0	8.59568748E+1	1.08622095E-1
NaN	NaN	NaN	NaN	NaN	NaN	NaN
