Start time:20240909_01-03-43	sweep/start:500.000	sweep/stop:500000.000	sweep/samplecount:100.000	sweep/xmapping:1.000	sweep/scan:0.000	sweep/averaging/sample:10.000	sweep/settling/time:0.100	sweep/settling/inaccuracy:0.010	sweep/awgcontrol:0.000	sweep/averaging/time:0.100	sweep/averaging/tc:15.000	sweep/bandwidthcontrol:2.000	sweep/sincfilter:0.000	sweep/omegasuppression:80.000	sweep/maxbandwidth:100.000	sweep/bandwidth:1250000.000	sweep/order:8.000	sweep/bandwidthoverlap:1.000																				
Frequency	Param0		Param1		RealZ		ImagZ		AbsZ		PhaseZ		
5.00000000E+2	1.01405132E+3	8.23728463E-7	1.28583459E+2	-3.37426298E+2	3.61095852E+2	-1.20671358E+0
5.36133611E+2	9.08687462E+2	8.07864167E-7	1.27710538E+2	-3.15814741E+2	3.40659562E+2	-1.18651607E+0
5.74878498E+2	8.15468186E+2	7.90888297E-7	1.26882531E+2	-2.95583277E+2	3.21665436E+2	-1.16532166E+0
6.16423370E+2	7.33795556E+2	7.72552058E-7	1.26063326E+2	-2.76790028E+2	3.04145831E+2	-1.14342149E+0
6.60970574E+2	6.61660011E+2	7.53072498E-7	1.25262130E+2	-2.59210967E+2	2.87890482E+2	-1.12064320E+0
7.08737081E+2	5.98205422E+2	7.32334608E-7	1.24474861E+2	-2.42832294E+2	2.72876380E+2	-1.09712278E+0
7.59955541E+2	5.42370882E+2	7.10431470E-7	1.23684587E+2	-2.27563233E+2	2.59003679E+2	-1.07294374E+0
8.14875417E+2	4.93203190E+2	6.87314513E-7	1.22921388E+2	-2.13343725E+2	2.46221881E+2	-1.04808625E+0
8.73764200E+2	4.49801014E+2	6.63307128E-7	1.22129443E+2	-2.00045840E+2	2.34379908E+2	-1.02268668E+0
9.36908711E+2	4.11523190E+2	6.38325138E-7	1.21348170E+2	-1.87649152E+2	2.23467186E+2	-9.96761511E-1
1.00461650E+3	3.77776023E+2	6.12493348E-7	1.20571891E+2	-1.76101064E+2	2.13422508E+2	-9.70430220E-1
1.07721735E+3	3.47980467E+2	5.86024343E-7	1.19784479E+2	-1.65330986E+2	2.04163310E+2	-9.43807288E-1
1.15506485E+3	3.21592374E+2	5.58997138E-7	1.19012606E+2	-1.55272482E+2	1.95636257E+2	-9.16833799E-1
1.23853818E+3	2.98272785E+2	5.31639681E-7	1.18231228E+2	-1.45899050E+2	1.87790194E+2	-8.89768197E-1
1.32804389E+3	2.77571664E+2	5.04120094E-7	1.17449097E+2	-1.37135882E+2	1.80556198E+2	-8.62573510E-1
1.42401793E+3	2.59218524E+2	4.76638299E-7	1.16655661E+2	-1.28960320E+2	1.73894530E+2	-8.35453462E-1
1.52692775E+3	2.42926596E+2	4.49315223E-7	1.15866804E+2	-1.21334295E+2	1.67771058E+2	-8.08444107E-1
1.63727458E+3	2.28426707E+2	4.22370780E-7	1.15070112E+2	-1.14210138E+2	1.62126761E+2	-7.81647428E-1
1.75559587E+3	2.15486359E+2	3.95931775E-7	1.14273630E+2	-1.07545086E+2	1.56921663E+2	-7.55073935E-1
1.88246790E+3	2.03929874E+2	3.70129720E-7	1.13480477E+2	-1.01312587E+2	1.52125143E+2	-7.28809283E-1
2.01850863E+3	1.93597826E+2	3.45136301E-7	1.12679368E+2	-9.54873831E+1	1.47697260E+2	-7.02997604E-1
2.16438064E+3	1.84336534E+2	3.20990690E-7	1.11889151E+2	-9.00337492E+1	1.43614965E+2	-6.77581515E-1
2.32079442E+3	1.76016240E+2	2.97832847E-7	1.11095806E+2	-8.49257765E+1	1.39837999E+2	-6.52677125E-1
2.48851178E+3	1.68541319E+2	2.75713063E-7	1.10307818E+2	-8.01474277E+1	1.36350376E+2	-6.28342899E-1
2.66834962E+3	1.61800048E+2	2.54669976E-7	1.09526889E+2	-7.56658200E+1	1.33121958E+2	-6.04553453E-1
2.86118383E+3	1.55697918E+2	2.34738028E-7	1.08750248E+2	-7.14532752E+1	1.30123737E+2	-5.81308422E-1
3.06795364E+3	1.50192802E+2	2.15930057E-7	1.07988322E+2	-6.75099308E+1	1.27354107E+2	-5.58714042E-1
3.28966612E+3	1.45197814E+2	1.98287624E-7	1.07225126E+2	-6.38092936E+1	1.24775213E+2	-5.36806159E-1
3.52740116E+3	1.40668251E+2	1.81714222E-7	1.06490092E+2	-6.03293888E+1	1.22391891E+2	-5.15442404E-1
3.78231664E+3	1.36531727E+2	1.66277751E-7	1.05750090E+2	-5.70540161E+1	1.20159238E+2	-4.94759559E-1
4.05565415E+3	1.32769263E+2	1.51906916E-7	1.05027463E+2	-5.39782436E+1	1.18086489E+2	-4.74740548E-1
4.34874501E+3	1.29335762E+2	1.38567971E-7	1.04319793E+2	-5.10848372E+1	1.16156274E+2	-4.55369334E-1
4.66301673E+3	1.26199630E+2	1.26205471E-7	1.03633103E+2	-4.83594783E+1	1.14361091E+2	-4.36606268E-1
5.00000000E+3	1.23332303E+2	1.14795617E-7	1.02962644E+2	-4.57964394E+1	1.12688154E+2	-4.18510290E-1
5.36133611E+3	1.20691720E+2	1.04292781E-7	1.02299191E+2	-4.33767313E+1	1.11115549E+2	-4.01038865E-1
5.74878498E+3	1.18270480E+2	9.46282846E-8	1.01657552E+2	-4.10953706E+1	1.09649840E+2	-3.84167375E-1
6.16423370E+3	1.16044368E+2	8.57751511E-8	1.01029026E+2	-3.89484959E+1	1.08276727E+2	-3.67959789E-1
6.60970574E+3	1.13994180E+2	7.76614757E-8	1.00419800E+2	-3.69206777E+1	1.06991929E+2	-3.52323053E-1
7.08737081E+3	1.12104177E+2	7.02442744E-8	9.98283838E+1	-3.50067496E+1	1.05788368E+2	-3.37270954E-1
7.59955541E+3	1.10353975E+2	6.34809270E-8	9.92488348E+1	-3.31989774E+1	1.04654209E+2	-3.22802381E-1
8.14875417E+3	1.08731345E+2	5.73163151E-8	9.86839234E+1	-3.14883942E+1	1.03585886E+2	-3.08871194E-1
8.73764200E+3	1.07237166E+2	5.17036329E-8	9.81434318E+1	-2.98745754E+1	1.02589588E+2	-2.95485927E-1
9.36908711E+3	1.05842681E+2	4.66056303E-8	9.76116473E+1	-2.83451006E+1	1.01643881E+2	-2.82613864E-1
1.00461650E+4	1.04546620E+2	4.19792060E-8	9.70950804E+1	-2.68981006E+1	1.00751985E+2	-2.70251076E-1
1.07721735E+4	1.03347148E+2	3.77781317E-8	9.66014339E+1	-2.55273510E+1	9.99173795E+1	-2.58348898E-1
1.15506485E+4	1.02224332E+2	3.39778028E-8	9.61167316E+1	-2.42289616E+1	9.91235023E+1	-2.46933941E-1
1.23853818E+4	1.01181155E+2	3.05348489E-8	9.56519436E+1	-2.29973861E+1	9.83777117E+1	-2.35949439E-1
1.32804389E+4	1.00203961E+2	2.74166281E-8	9.52010344E+1	-2.18239265E+1	9.76704702E+1	-2.25346866E-1
1.42401793E+4	9.92902340E+1	2.46037452E-8	9.47628800E+1	-2.07129203E+1	9.70001471E+1	-2.15191932E-1
1.52692775E+4	9.84324332E+1	2.20626596E-8	9.43372607E+1	-1.96552099E+1	9.63630952E+1	-2.05411789E-1
1.63727458E+4	9.76293529E+1	1.97688475E-8	9.39266798E+1	-1.86488525E+1	9.57601220E+1	-1.95997973E-1
1.75559587E+4	9.68768108E+1	1.76931312E-8	9.35331399E+1	-1.76845685E+1	9.51902952E+1	-1.86866856E-1
1.88246790E+4	9.61701704E+1	1.58284550E-8	9.31505100E+1	-1.67714881E+1	9.46482985E+1	-1.78138651E-1
2.01850863E+4	9.55057097E+1	1.41426632E-8	9.27829437E+1	-1.58942177E+1	9.41344830E+1	-1.69658600E-1
2.16438064E+4	9.48888722E+1	1.26249033E-8	9.24355596E+1	-1.50589931E+1	9.36541830E+1	-1.61494661E-1
2.32079442E+4	9.42965409E+1	1.12641176E-8	9.20874204E+1	-1.42629636E+1	9.31854345E+1	-1.53664034E-1
2.48851178E+4	9.37493041E+1	1.00306971E-8	9.17654181E+1	-1.34926663E+1	9.27520571E+1	-1.45988277E-1
2.66834962E+4	9.32282678E+1	8.92701338E-9	9.14478316E+1	-1.27599748E+1	9.23337583E+1	-1.38637722E-1
2.86118383E+4	9.27428016E+1	7.93049904E-9	9.11492504E+1	-1.20520094E+1	9.19425736E+1	-1.31460241E-1
3.06795364E+4	9.22870589E+1	7.03793338E-9	9.08627139E+1	-1.13762811E+1	9.15721171E+1	-1.24554832E-1
3.28966612E+4	9.18583324E+1	6.23378225E-9	9.05892765E+1	-1.07220710E+1	9.12215976E+1	-1.17811068E-1
3.52740116E+4	9.14529444E+1	5.51225146E-9	9.03254019E+1	-1.00918627E+1	9.08874247E+1	-1.11266395E-1
3.78231664E+4	9.10688427E+1	4.86765543E-9	9.00692305E+1	-9.48863751E+0	9.05676575E+1	-1.04961115E-1
4.05565415E+4	9.07128958E+1	4.28806790E-9	8.98302910E+1	-8.90418711E+0	9.02705147E+1	-9.87995892E-2
4.34874501E+4	9.03778835E+1	3.76598371E-9	8.96029020E+1	-8.33309824E+0	8.99895585E+1	-9.27335761E-2
4.66301673E+4	9.00674726E+1	3.30118590E-9	8.93891215E+1	-7.78698723E+0	8.97276560E+1	-8.68940039E-2
5.00000000E+4	8.97686659E+1	2.88630955E-9	8.91777955E+1	-7.25895807E+0	8.94727429E+1	-8.12196508E-2
5.36133611E+4	8.94923836E+1	2.51339594E-9	8.89815261E+1	-6.74217060E+0	8.92365893E+1	-7.56259475E-2
5.74878498E+4	8.92314836E+1	2.17895935E-9	8.87935301E+1	-6.23597684E+0	8.90122375E+1	-7.01149575E-2
6.16423370E+4	8.89900729E+1	1.88170538E-9	8.86173179E+1	-5.74739122E+0	8.88034998E+1	-6.47655909E-2
6.60970574E+4	8.87566063E+1	1.61629757E-9	8.84426780E+1	-5.26921462E+0	8.85995031E+1	-5.95073960E-2
7.08737081E+4	8.85364445E+1	1.37840824E-9	8.82757260E+1	-4.79740374E+0	8.84059891E+1	-5.42922646E-2
7.59955541E+4	8.83371230E+1	1.16770134E-9	8.81233377E+1	-4.34044259E+0	8.82301656E+1	-4.92144066E-2
8.14875417E+4	8.81394981E+1	9.77791100E-10	8.79682199E+1	-3.88162462E+0	8.80538173E+1	-4.40967017E-2
8.73764200E+4	8.79560749E+1	8.09616078E-10	8.78218474E+1	-3.43337823E+0	8.78889356E+1	-3.90749083E-2
9.36908711E+4	8.77868531E+1	6.59758930E-10	8.76849211E+1	-2.98962579E+0	8.77358723E+1	-3.40818929E-2
1.00461650E+5	8.76258732E+1	5.26236340E-10	8.75516989E+1	-2.54834357E+0	8.75887782E+1	-2.90985123E-2
1.07721735E+5	8.74700186E+1	4.05943859E-10	8.74195259E+1	-2.10095534E+0	8.74447686E+1	-2.40283967E-2
1.15506485E+5	8.73271519E+1	2.99168201E-10	8.72957685E+1	-1.65517596E+0	8.73114588E+1	-1.89582800E-2
1.23853818E+5	8.71882452E+1	2.04559313E-10	8.71714528E+1	-1.20987548E+0	8.71798486E+1	-1.38783725E-2
1.32804389E+5	8.70522447E+1	1.19274255E-10	8.70457044E+1	-7.54164241E-1	8.70489745E+1	-8.66378976E-3
1.42401793E+5	8.69252033E+1	4.46355017E-11	8.69241554E+1	-3.01760322E-1	8.69246794E+1	-3.47152113E-3
1.52692775E+5	8.68046702E+1	-2.27988251E-11	8.68043570E+1	1.64814501E-1	8.68045136E+1	1.89868703E-3
1.63727458E+5	8.66857694E+1	-8.33204150E-11	8.66809834E+1	6.44057469E-1	8.66833763E+1	7.43006670E-3
1.75559587E+5	8.65801952E+1	-1.36735841E-10	8.65654324E+1	1.13044604E+0	8.65728135E+1	1.30581199E-2
1.88246790E+5	8.64888899E+1	-1.84345878E-10	8.64519277E+1	1.63027594E+0	8.64704057E+1	1.88550132E-2
2.01850863E+5	8.63713366E+1	-2.28123762E-10	8.63174347E+1	2.15699508E+0	8.63443815E+1	2.49839016E-2
2.16438064E+5	8.62782982E+1	-2.66318096E-10	8.61941371E+1	2.69335435E+0	8.62362074E+1	3.12373707E-2
2.32079442E+5	8.61829749E+1	-3.00889788E-10	8.60599215E+1	3.25421631E+0	8.61214262E+1	3.77953703E-2
2.48851178E+5	8.60997436E+1	-3.31561133E-10	8.59285415E+1	3.83550404E+0	8.60140999E+1	4.46063663E-2
2.66834962E+5	8.60151677E+1	-3.59083826E-10	8.57851268E+1	4.44227464E+0	8.59000703E+1	5.17375297E-2
2.86118383E+5	8.59345547E+1	-3.84180371E-10	8.56329074E+1	5.08240558E+0	8.57835985E+1	5.92815381E-2
3.06795364E+5	8.58596946E+1	-4.06486639E-10	8.54728314E+1	5.75032468E+0	8.56660446E+1	6.71754105E-2
3.28966612E+5	8.57952172E+1	-4.26988909E-10	8.53061075E+1	6.45938735E+0	8.55503128E+1	7.55758980E-2
3.52740116E+5	8.57262859E+1	-4.44763595E-10	8.51184574E+1	7.19286073E+0	8.54218310E+1	8.43038401E-2
3.78231664E+5	8.56691505E+1	-4.61038828E-10	8.49209532E+1	7.97103398E+0	8.52942314E+1	9.35899341E-2
4.05565415E+5	8.56014298E+1	-4.76467199E-10	8.46866300E+1	8.80176316E+0	8.51428013E+1	1.03561496E-1
4.34874501E+5	8.55558298E+1	-4.89837948E-10	8.44484811E+1	9.67024968E+0	8.50003522E+1	1.14014027E-1
4.66301673E+5	8.55105230E+1	-5.02412652E-10	8.41768560E+1	1.05954547E+1	8.48410689E+1	1.25212859E-1
NaN	NaN	NaN	NaN	NaN	NaN	NaN
