Start time:20240905_17-17-56	sweep/start:500.000	sweep/stop:500000.000	sweep/samplecount:100.000	sweep/xmapping:1.000	sweep/scan:0.000	sweep/averaging/sample:10.000	sweep/settling/time:0.100	sweep/settling/inaccuracy:0.010	sweep/awgcontrol:0.000	sweep/averaging/time:0.100	sweep/averaging/tc:15.000	sweep/bandwidthcontrol:2.000	sweep/sincfilter:0.000	sweep/omegasuppression:80.000	sweep/maxbandwidth:100.000	sweep/bandwidth:1250000.000	sweep/order:8.000	sweep/bandwidthoverlap:1.000																				
Frequency	Param0		Param1		RealZ		ImagZ		AbsZ		PhaseZ		
5.00000000E+2	8.81614470E+2	6.02932693E-7	2.32698539E+2	-3.88589458E+2	4.52935297E+2	-1.03123850E+0
5.36133611E+2	8.11369237E+2	5.80745214E-7	2.30535459E+2	-3.65927235E+2	4.32492024E+2	-1.00860704E+0
5.74878498E+2	7.48544241E+2	5.57940960E-7	2.28511256E+2	-3.44722144E+2	4.13582835E+2	-9.85416109E-1
6.16423370E+2	6.92997698E+2	5.34718990E-7	2.26481954E+2	-3.25049795E+2	3.96170991E+2	-9.62247623E-1
6.60970574E+2	6.43629499E+2	5.11333541E-7	2.24408275E+2	-3.06719244E+2	3.80047069E+2	-9.39149098E-1
7.08737081E+2	5.99762674E+2	4.87804316E-7	2.22349729E+2	-2.89685430E+2	3.65180855E+2	-9.16153860E-1
7.59955541E+2	5.60825160E+2	4.64309061E-7	2.20278228E+2	-2.73888782E+2	3.51479112E+2	-8.93462246E-1
8.14875417E+2	5.26179333E+2	4.41050684E-7	2.18164741E+2	-2.59225606E+2	3.38812297E+2	-8.71198097E-1
8.73764200E+2	4.95198877E+2	4.18172762E-7	2.16011472E+2	-2.45576209E+2	3.27060597E+2	-8.49360888E-1
9.36908711E+2	4.67550324E+2	3.95780553E-7	2.13821107E+2	-2.32921992E+2	3.16183687E+2	-8.28127997E-1
1.00461650E+3	4.42833841E+2	3.73975503E-7	2.11601909E+2	-2.21199264E+2	3.06111882E+2	-8.07569515E-1
1.07721735E+3	4.20610872E+2	3.52961880E-7	2.09292638E+2	-2.10302982E+2	2.96699773E+2	-7.87806054E-1
1.15506485E+3	4.00591370E+2	3.32720794E-7	2.06949351E+2	-2.00185129E+2	2.87927286E+2	-7.68785474E-1
1.23853818E+3	3.82581375E+2	3.13365428E-7	2.04543141E+2	-1.90831065E+2	2.79739869E+2	-7.50730795E-1
1.32804389E+3	3.66190967E+2	2.94946589E-7	2.02064917E+2	-1.82110170E+2	2.72019018E+2	-7.33502997E-1
1.42401793E+3	3.51337480E+2	2.77499635E-7	1.99514216E+2	-1.74042800E+2	2.64758041E+2	-7.17317382E-1
1.52692775E+3	3.37718936E+2	2.61003251E-7	1.96903020E+2	-1.66514496E+2	2.57871824E+2	-7.01973477E-1
1.63727458E+3	3.25231907E+2	2.45497756E-7	1.94207872E+2	-1.59517702E+2	2.51321698E+2	-6.87639911E-1
1.75559587E+3	3.13684677E+2	2.30964039E-7	1.91425070E+2	-1.52982198E+2	2.45045120E+2	-6.74237905E-1
1.88246790E+3	3.02966218E+2	2.17327268E-7	1.88587591E+2	-1.46868607E+2	2.39030685E+2	-6.61668526E-1
2.01850863E+3	2.92992631E+2	2.04566323E-7	1.85693008E+2	-1.41155192E+2	2.33252401E+2	-6.49967749E-1
2.16438064E+3	2.83621041E+2	1.92646203E-7	1.82732681E+2	-1.35777758E+2	2.27655075E+2	-6.39032039E-1
2.32079442E+3	2.74758388E+2	1.81506408E-7	1.79717669E+2	-1.30692369E+2	2.22213719E+2	-6.28754833E-1
2.48851178E+3	2.66382411E+2	1.71106545E-7	1.76657154E+2	-1.25899196E+2	2.16929385E+2	-6.19182339E-1
2.66834962E+3	2.58390329E+2	1.61382738E-7	1.73558639E+2	-1.21339490E+2	2.11768443E+2	-6.10139657E-1
2.86118383E+3	2.50760862E+2	1.52286869E-7	1.70435116E+2	-1.17005673E+2	2.06732814E+2	-6.01615823E-1
3.06795364E+3	2.43414491E+2	1.43739586E-7	1.67308244E+2	-1.12841490E+2	2.01804982E+2	-5.93373555E-1
3.28966612E+3	2.36352732E+2	1.35718965E-7	1.64178519E+2	-1.08855201E+2	1.96987414E+2	-5.85480334E-1
3.52740116E+3	2.29535736E+2	1.28167356E-7	1.61062665E+2	-1.05016451E+2	1.92274901E+2	-5.77795564E-1
3.78231664E+3	2.22932912E+2	1.21047412E-7	1.57965332E+2	-1.01304615E+2	1.87658390E+2	-5.70241385E-1
4.05565415E+3	2.16541513E+2	1.14319505E-7	1.54901756E+2	-9.77144116E+1	1.83146555E+2	-5.62770244E-1
4.34874501E+3	2.10339497E+2	1.07950164E-7	1.51877918E+2	-9.42285659E+1	1.78734229E+2	-5.55301275E-1
4.66301673E+3	2.04356459E+2	1.01902473E-7	1.48920241E+2	-9.08601936E+1	1.74450030E+2	-5.47832246E-1
5.00000000E+3	1.98532212E+2	9.61397601E-8	1.46027129E+2	-8.75623550E+1	1.70267698E+2	-5.40147936E-1
5.36133611E+3	1.92899641E+2	9.06567491E-8	1.43203509E+2	-8.43603009E+1	1.66204408E+2	-5.32361647E-1
5.74878498E+3	1.87441353E+2	8.54413459E-8	1.40443298E+2	-8.12438405E+1	1.62249443E+2	-5.24446731E-1
6.16423370E+3	1.82178376E+2	8.04499637E-8	1.37781363E+2	-7.82117694E+1	1.58432272E+2	-5.16294001E-1
6.60970574E+3	1.77078716E+2	7.56872137E-8	1.35193735E+2	-7.52501618E+1	1.54725347E+2	-5.07903769E-1
7.08737081E+3	1.72172101E+2	7.11306301E-8	1.32703530E+2	-7.23713932E+1	1.51155039E+2	-4.99274991E-1
7.59955541E+3	1.67423969E+2	6.67856538E-8	1.30284846E+2	-6.95605117E+1	1.47691591E+2	-4.90406957E-1
8.14875417E+3	1.62875210E+2	6.26287499E-8	1.27968892E+2	-6.68350416E+1	1.44370911E+2	-4.81308943E-1
8.73764200E+3	1.58500920E+2	5.86534035E-8	1.25745049E+2	-6.41785669E+1	1.41176152E+2	-4.71922186E-1
9.36908711E+3	1.54298847E+2	5.48586134E-8	1.23607603E+2	-6.15927839E+1	1.38103261E+2	-4.62280952E-1
1.00461650E+4	1.50274493E+2	5.12347205E-8	1.21562718E+2	-5.90786031E+1	1.35158336E+2	-4.52379171E-1
1.07721735E+4	1.46428103E+2	4.77736148E-8	1.19613484E+2	-5.66338235E+1	1.32343400E+2	-4.42202172E-1
1.15506485E+4	1.42752961E+2	4.44812062E-8	1.17746897E+2	-5.42621993E+1	1.29648441E+2	-4.31829848E-1
1.23853818E+4	1.39252819E+2	4.13455694E-8	1.15972028E+2	-5.19607593E+1	1.27080415E+2	-4.21227475E-1
1.32804389E+4	1.35906562E+2	3.83711004E-8	1.14269248E+2	-4.97240331E+1	1.24619182E+2	-4.10434585E-1
1.42401793E+4	1.32733973E+2	3.55436338E-8	1.12659415E+2	-4.75561549E+1	1.22285451E+2	-3.99431468E-1
1.52692775E+4	1.29715158E+2	3.28664562E-8	1.11124537E+2	-4.54518876E+1	1.20060555E+2	-3.88255890E-1
1.63727458E+4	1.26859473E+2	3.03352028E-8	1.09671106E+2	-4.34173593E+1	1.17952612E+2	-3.76955623E-1
1.75559587E+4	1.24152020E+2	2.79458892E-8	1.08290568E+2	-4.14444865E+1	1.15950389E+2	-3.65517790E-1
1.88246790E+4	1.21599106E+2	2.56967153E-8	1.06985546E+2	-3.95403535E+1	1.14058523E+2	-3.54015668E-1
2.01850863E+4	1.19194289E+2	2.35767835E-8	1.05759788E+2	-3.76938974E+1	1.12276278E+2	-3.42374268E-1
2.16438064E+4	1.16924823E+2	2.15945797E-8	1.04592864E+2	-3.59142697E+1	1.10587079E+2	-3.30758057E-1
2.32079442E+4	1.14792435E+2	1.97348674E-8	1.03498105E+2	-3.41897884E+1	1.08999080E+2	-3.19056094E-1
2.48851178E+4	1.12780862E+2	1.80010735E-8	1.02456865E+2	-3.25232877E+1	1.07494994E+2	-3.07373523E-1
2.66834962E+4	1.10914106E+2	1.63877843E-8	1.01489159E+2	-3.09278173E+1	1.06097028E+2	-2.95799825E-1
2.86118383E+4	1.09150626E+2	1.48873038E-8	1.00568446E+2	-2.93785019E+1	1.04771699E+2	-2.84215949E-1
3.06795364E+4	1.07510814E+2	1.34963233E-8	9.97101435E+1	-2.78891722E+1	1.03537040E+2	-2.72732771E-1
3.28966612E+4	1.05977573E+2	1.22134681E-8	9.88987638E+1	-2.64591278E+1	1.02377004E+2	-2.61415232E-1
3.52740116E+4	1.04545245E+2	1.10272807E-8	9.81382664E+1	-2.50752814E+1	1.01291111E+2	-2.50157527E-1
3.78231664E+4	1.03209044E+2	9.93675942E-9	9.74219889E+1	-2.37441847E+1	1.00273777E+2	-2.39064220E-1
4.05565415E+4	1.01969528E+2	8.93620739E-9	9.67528659E+1	-2.24661296E+1	9.93269556E+1	-2.28157969E-1
4.34874501E+4	1.00816075E+2	8.01834665E-9	9.61262267E+1	-2.12324602E+1	9.84432266E+1	-2.17390508E-1
4.66301673E+4	9.97428760E+1	7.18020333E-9	9.55365719E+1	-2.00463418E+1	9.76170704E+1	-2.06828394E-1
5.00000000E+4	9.87434073E+1	6.41672914E-9	9.49800468E+1	-1.89061922E+1	9.68434481E+1	-1.96486123E-1
5.36133611E+4	9.78164476E+1	5.72118458E-9	9.44594804E+1	-1.78072272E+1	9.61233104E+1	-1.86330324E-1
5.74878498E+4	9.69565558E+1	5.08807859E-9	9.39727146E+1	-1.67451368E+1	9.54529766E+1	-1.76340620E-1
6.16423370E+4	9.61593542E+1	4.51586238E-9	9.35141466E+1	-1.57278194E+1	9.48275274E+1	-1.66627093E-1
6.60970574E+4	9.54159674E+1	3.99656732E-9	9.30814161E+1	-1.47412111E+1	9.42414631E+1	-1.57064574E-1
7.08737081E+4	9.47232289E+1	3.52725474E-9	9.26717637E+1	-1.37881426E+1	9.36918816E+1	-1.47701201E-1
7.59955541E+4	9.40873992E+1	3.10446859E-9	9.22920945E+1	-1.28721558E+1	9.31854234E+1	-1.38577977E-1
8.14875417E+4	9.34925288E+1	2.72287628E-9	9.19307740E+1	-1.19822067E+1	9.27083628E+1	-1.29608801E-1
8.73764200E+4	9.29330699E+1	2.37869208E-9	9.15841515E+1	-1.11148333E+1	9.22561453E+1	-1.20771347E-1
9.36908711E+4	9.24180438E+1	2.07034981E-9	9.12602347E+1	-1.02791978E+1	9.18373146E+1	-1.12163370E-1
1.00461650E+5	9.19400365E+1	1.79185197E-9	9.09564607E+1	-9.45846232E+0	9.14469262E+1	-1.03616478E-1
1.07721735E+5	9.14874334E+1	1.54301658E-9	9.06597859E+1	-8.66223426E+0	9.10726695E+1	-9.52574293E-2
1.15506485E+5	9.10715420E+1	1.31958702E-9	9.03839898E+1	-7.88312597E+0	9.07271146E+1	-8.69980152E-2
1.23853818E+5	9.06805880E+1	1.11905290E-9	9.01186050E+1	-7.11653630E+0	9.03991598E+1	-7.88050195E-2
1.32804389E+5	9.03179870E+1	9.41925662E-10	8.98651304E+1	-6.37931926E+0	9.00912741E+1	-7.08688222E-2
1.42401793E+5	8.99695146E+1	7.79011346E-10	8.96170948E+1	-5.61985800E+0	8.97931318E+1	-6.26276568E-2
1.52692775E+5	8.96452543E+1	6.35036517E-10	8.93786404E+1	-4.88155396E+0	8.95118481E+1	-5.45623520E-2
1.63727458E+5	8.93382604E+1	5.06330836E-10	8.91452212E+1	-4.14831097E+0	8.92416886E+1	-4.65007610E-2
1.75559587E+5	8.90534847E+1	3.91327407E-10	8.89220828E+1	-3.41826093E+0	8.89877595E+1	-3.84221628E-2
1.88246790E+5	8.87837156E+1	2.90352198E-10	8.86976100E+1	-2.70441473E+0	8.87406507E+1	-3.04803625E-2
2.01850863E+5	8.85261188E+1	1.96203174E-10	8.84831809E+1	-1.94916545E+0	8.85046472E+1	-2.20250914E-2
2.16438064E+5	8.82903781E+1	1.13822045E-10	8.82738907E+1	-1.20638409E+0	8.82821340E+1	-1.36655232E-2
2.32079442E+5	8.80551956E+1	3.99746778E-11	8.80528754E+1	-4.51960148E-1	8.80540355E+1	-5.13278099E-3
2.48851178E+5	8.78388171E+1	-2.60400697E-11	8.78376928E+1	3.14144209E-1	8.78382549E+1	3.57640185E-3
2.66834962E+5	8.76454125E+1	-8.55599481E-11	8.76315585E+1	1.10174818E+0	8.76384852E+1	1.25718493E-2
2.86118383E+5	8.74367187E+1	-1.38103341E-10	8.73955332E+1	1.89719897E+0	8.74161235E+1	2.17047830E-2
3.06795364E+5	8.72507370E+1	-1.85686738E-10	8.71657199E+1	2.72222736E+0	8.72082181E+1	3.12203326E-2
3.28966612E+5	8.70744950E+1	-2.28166602E-10	8.69279016E+1	3.56971815E+0	8.70011674E+1	4.10422137E-2
3.52740116E+5	8.69016967E+1	-2.66435662E-10	8.66734527E+1	4.44776150E+0	8.67874997E+1	5.12713291E-2
3.78231664E+5	8.67426663E+1	-3.00804431E-10	8.64104053E+1	5.35822346E+0	8.65763764E+1	6.19297100E-2
4.05565415E+5	8.65960966E+1	-3.31324229E-10	8.61356603E+1	6.29760159E+0	8.63655716E+1	7.29827441E-2
4.34874501E+5	8.64488323E+1	-3.60217213E-10	8.58274451E+1	7.30287039E+0	8.61375783E+1	8.48833653E-2
4.66301673E+5	8.63132238E+1	-3.85386271E-10	8.55011161E+1	8.33282449E+0	8.59062103E+1	9.71518451E-2
NaN	NaN	NaN	NaN	NaN	NaN	NaN
