Start time:20240905_02-03-43	sweep/start:500.000	sweep/stop:500000.000	sweep/samplecount:100.000	sweep/xmapping:1.000	sweep/scan:0.000	sweep/averaging/sample:10.000	sweep/settling/time:0.100	sweep/settling/inaccuracy:0.010	sweep/awgcontrol:0.000	sweep/averaging/time:0.100	sweep/averaging/tc:15.000	sweep/bandwidthcontrol:2.000	sweep/sincfilter:0.000	sweep/omegasuppression:80.000	sweep/maxbandwidth:100.000	sweep/bandwidth:1250000.000	sweep/order:8.000	sweep/bandwidthoverlap:1.000																				
Frequency	Param0		Param1		RealZ		ImagZ		AbsZ		PhaseZ		
5.00000000E+2	1.00323448E+3	6.57986807E-7	1.89264598E+2	-3.92499232E+2	4.35748485E+2	-1.12148683E+0
5.36133611E+2	9.10869561E+2	6.40280416E-7	1.87431577E+2	-3.68232397E+2	4.13189665E+2	-1.09997190E+0
5.74878498E+2	8.28886134E+2	6.21526800E-7	1.85734358E+2	-3.45623142E+2	3.92367957E+2	-1.07768618E+0
6.16423370E+2	7.56283409E+2	6.01969093E-7	1.84050635E+2	-3.24530085E+2	3.73087683E+2	-1.05489694E+0
6.60970574E+2	6.92104688E+2	5.81538286E-7	1.82421543E+2	-3.04921570E+2	3.55323499E+2	-1.03165924E+0
7.08737081E+2	6.34940789E+2	5.60386903E-7	1.80865409E+2	-2.86577248E+2	3.38878766E+2	-1.00780627E+0
7.59955541E+2	5.84465931E+2	5.38703159E-7	1.79271129E+2	-2.69517550E+2	3.23694074E+2	-9.83840528E-1
8.14875417E+2	5.39645770E+2	5.16426921E-7	1.77749025E+2	-2.53627258E+2	3.09711970E+2	-9.59515029E-1
8.73764200E+2	4.99784094E+2	4.93758235E-7	1.76262916E+2	-2.38798623E+2	2.96805323E+2	-9.34939500E-1
9.36908711E+2	4.64445942E+2	4.70800922E-7	1.74806725E+2	-2.25013056E+2	2.84935553E+2	-9.10316719E-1
1.00461650E+3	4.33081744E+2	4.47776952E-7	1.73344642E+2	-2.12188669E+2	2.73993426E+2	-8.85813304E-1
1.07721735E+3	4.05200152E+2	4.24841121E-7	1.71872755E+2	-2.00256381E+2	2.63899345E+2	-8.61524361E-1
1.15506485E+3	3.80296887E+2	4.02082811E-7	1.70418923E+2	-1.89122113E+2	2.54577659E+2	-8.37370940E-1
1.23853818E+3	3.58207199E+2	3.79661449E-7	1.68961111E+2	-1.78816181E+2	2.46014400E+2	-8.13727879E-1
1.32804389E+3	3.38473904E+2	3.57738162E-7	1.67490163E+2	-1.69227932E+2	2.38098820E+2	-7.90559022E-1
1.42401793E+3	3.20832553E+2	3.36420656E-7	1.66007632E+2	-1.60318797E+2	2.30782693E+2	-7.67966974E-1
1.52692775E+3	3.05020259E+2	3.15824236E-7	1.64504894E+2	-1.52037706E+2	2.24002957E+2	-7.46033016E-1
1.63727458E+3	2.90827889E+2	2.96043362E-7	1.62975663E+2	-1.44349575E+2	2.17710513E+2	-7.24865116E-1
1.75559587E+3	2.78055228E+2	2.77146207E-7	1.61417436E+2	-1.37212872E+2	2.11855993E+2	-7.04523024E-1
1.88246790E+3	2.66516701E+2	2.59168126E-7	1.59833691E+2	-1.30581540E+2	2.06393671E+2	-6.85011480E-1
2.01850863E+3	2.56066743E+2	2.42151702E-7	1.58217582E+2	-1.24424504E+2	2.01281546E+2	-6.66401657E-1
2.16438064E+3	2.46549558E+2	2.26148471E-7	1.56545330E+2	-1.18700215E+2	1.96459109E+2	-6.48759088E-1
2.32079442E+3	2.37840623E+2	2.11082466E-7	1.54851038E+2	-1.13362352E+2	1.91911092E+2	-6.31929131E-1
2.48851178E+3	2.29855528E+2	1.96981917E-7	1.53115622E+2	-1.08397777E+2	1.87601897E+2	-6.16039772E-1
2.66834962E+3	2.22487296E+2	1.83825479E-7	1.51333047E+2	-1.03768920E+2	1.83492998E+2	-6.01063360E-1
2.86118383E+3	2.15647378E+2	1.71562462E-7	1.49509214E+2	-9.94397532E+1	1.79558542E+2	-5.86922650E-1
3.06795364E+3	2.09277095E+2	1.60158771E-7	1.47643599E+2	-9.53928225E+1	1.75779474E+2	-5.73630084E-1
3.28966612E+3	2.03288504E+2	1.49544692E-7	1.45742303E+2	-9.15801048E+1	1.72127089E+2	-5.61019085E-1
3.52740116E+3	1.97656449E+2	1.39672055E-7	1.43815188E+2	-8.79954024E+1	1.68600116E+2	-5.49097723E-1
3.78231664E+3	1.92312100E+2	1.30498060E-7	1.41853355E+2	-8.46034397E+1	1.65166935E+2	-5.37779153E-1
4.05565415E+3	1.87240599E+2	1.21956088E-7	1.39877798E+2	-8.13941281E+1	1.61835728E+2	-5.27000277E-1
4.34874501E+3	1.82389938E+2	1.14013318E-7	1.37876525E+2	-7.83412691E+1	1.58578974E+2	-5.16707937E-1
4.66301673E+3	1.77732786E+2	1.06602895E-7	1.35865414E+2	-7.54210023E+1	1.55395426E+2	-5.06762201E-1
5.00000000E+3	1.73273670E+2	9.96749271E-8	1.33864158E+2	-7.26327822E+1	1.52299487E+2	-4.97133060E-1
5.36133611E+3	1.68956856E+2	9.31965935E-8	1.31857766E+2	-6.99414249E+1	1.49259082E+2	-4.87694871E-1
5.74878498E+3	1.64801615E+2	8.71243290E-8	1.29869754E+2	-6.73542276E+1	1.46296771E+2	-4.78439539E-1
6.16423370E+3	1.60786026E+2	8.14181350E-8	1.27905060E+2	-6.48509193E+1	1.43406228E+2	-4.69250908E-1
6.60970574E+3	1.56911793E+2	7.60440431E-8	1.25976450E+2	-6.24269537E+1	1.40595841E+2	-4.60076966E-1
7.08737081E+3	1.53162100E+2	7.09818245E-8	1.24079836E+2	-6.00709780E+1	1.37856187E+2	-4.50872546E-1
7.59955541E+3	1.49534043E+2	6.62200280E-8	1.22212223E+2	-5.77846026E+1	1.35184644E+2	-4.41669618E-1
8.14875417E+3	1.46043718E+2	6.17177832E-8	1.20401262E+2	-5.55642327E+1	1.32604102E+2	-4.32369565E-1
8.73764200E+3	1.42682909E+2	5.74603579E-8	1.18645849E+2	-5.34031582E+1	1.30110471E+2	-4.22941720E-1
9.36908711E+3	1.39442264E+2	5.34362875E-8	1.16942060E+2	-5.12954195E+1	1.27697555E+2	-4.13366565E-1
1.00461650E+4	1.36338175E+2	4.96304956E-8	1.15303532E+2	-4.92480311E+1	1.25380513E+2	-4.03661902E-1
1.07721735E+4	1.33358643E+2	4.60332173E-8	1.13724751E+2	-4.72531418E+1	1.23151039E+2	-3.93800435E-1
1.15506485E+4	1.30500898E+2	4.26464725E-8	1.12196877E+2	-4.53172577E+1	1.21003278E+2	-3.83871111E-1
1.23853818E+4	1.27778788E+2	3.94443230E-8	1.10742349E+2	-4.34356443E+1	1.18955972E+2	-3.73783733E-1
1.32804389E+4	1.25169530E+2	3.64245257E-8	1.09343798E+2	-4.15986249E+1	1.16989366E+2	-3.63530400E-1
1.42401793E+4	1.22692306E+2	3.35827190E-8	1.08012180E+2	-3.98199987E+1	1.15118476E+2	-3.53202623E-1
1.52692775E+4	1.20327998E+2	3.09174620E-8	1.06731407E+2	-3.80943983E+1	1.13325974E+2	-3.42824821E-1
1.63727458E+4	1.18093242E+2	2.84114752E-8	1.05521863E+2	-3.64219055E+1	1.11630726E+2	-3.32356350E-1
1.75559587E+4	1.15967169E+2	2.60661394E-8	1.04363844E+2	-3.47989589E+1	1.10012633E+2	-3.21845505E-1
1.88246790E+4	1.13961170E+2	2.38721641E-8	1.03268634E+2	-3.32295579E+1	1.08483244E+2	-3.11314812E-1
2.01850863E+4	1.12063406E+2	2.18230992E-8	1.02228846E+2	-3.17076589E+1	1.07033231E+2	-3.00754848E-1
2.16438064E+4	1.10273936E+2	1.99185570E-8	1.01240694E+2	-3.02412242E+1	1.05660824E+2	-2.90269411E-1
2.32079442E+4	1.08587392E+2	1.81427143E-8	1.00309169E+2	-2.88163409E+1	1.04366235E+2	-2.79742211E-1
2.48851178E+4	1.06992326E+2	1.64968963E-8	9.94201068E+1	-2.74377606E+1	1.03136746E+2	-2.69275207E-1
2.66834962E+4	1.05489309E+2	1.49750185E-8	9.85747780E+1	-2.61074360E+1	1.01973453E+2	-2.58904676E-1
2.86118383E+4	1.04088077E+2	1.35663265E-8	9.77863981E+1	-2.48237465E+1	1.00888048E+2	-2.48605328E-1
3.06795364E+4	1.02765293E+2	1.22672743E-8	9.70350252E+1	-2.35804299E+1	9.98590648E+1	-2.38388596E-1
3.28966612E+4	1.01533689E+2	1.10697101E-8	9.63344716E+1	-2.23799862E+1	9.88999204E+1	-2.28266391E-1
3.52740116E+4	1.00377012E+2	9.97174990E-9	9.56688512E+1	-2.12232022E+1	9.79946603E+1	-2.18304925E-1
3.78231664E+4	9.92914897E+1	8.96416002E-9	9.50392113E+1	-2.01030615E+1	9.71420860E+1	-2.08451249E-1
4.05565415E+4	9.82764692E+1	8.04164281E-9	9.44459840E+1	-1.90203542E+1	9.63421914E+1	-1.98730493E-1
4.34874501E+4	9.73322980E+1	7.20047164E-9	9.38892783E+1	-1.79795048E+1	9.55952886E+1	-1.89206285E-1
4.66301673E+4	9.64500738E+1	6.43276995E-9	9.33649076E+1	-1.69719246E+1	9.48949536E+1	-1.79817076E-1
5.00000000E+4	9.56364788E+1	5.73146792E-9	9.28821820E+1	-1.59945256E+1	9.42492696E+1	-1.70529876E-1
5.36133611E+4	9.48730349E+1	5.09546075E-9	9.24220858E+1	-1.50506379E+1	9.36395417E+1	-1.61429734E-1
5.74878498E+4	9.41456208E+1	4.52101783E-9	9.19717235E+1	-1.41399083E+1	9.30523240E+1	-1.52547493E-1
6.16423370E+4	9.34716324E+1	4.00001727E-9	9.15517786E+1	-1.32576769E+1	9.25067251E+1	-1.43811014E-1
6.60970574E+4	9.28501996E+1	3.52769414E-9	9.11632908E+1	-1.24009725E+1	9.20028790E+1	-1.35200478E-1
7.08737081E+4	9.22735962E+1	3.10093170E-9	9.07994095E+1	-1.15695827E+1	9.15335351E+1	-1.26736204E-1
7.59955541E+4	9.17341362E+1	2.71552231E-9	9.04543588E+1	-1.07592476E+1	9.10920001E+1	-1.18390451E-1
8.14875417E+4	9.12282251E+1	2.36940054E-9	9.01243499E+1	-9.97426589E+0	9.06746077E+1	-1.10223705E-1
8.73764200E+4	9.07617444E+1	2.05709825E-9	8.98180578E+1	-9.20652299E+0	9.02886682E+1	-1.02145178E-1
9.36908711E+4	9.03290278E+1	1.77664556E-9	8.95299683E+1	-8.45811727E+0	8.99286105E+1	-9.41929090E-2
1.00461650E+5	8.99208152E+1	1.52391650E-9	8.92530459E+1	-7.72013020E+0	8.95863083E+1	-8.62823532E-2
1.07721735E+5	8.95415630E+1	1.29793048E-9	8.89909270E+1	-7.00011290E+0	8.92658204E+1	-7.84993323E-2
1.15506485E+5	8.91908812E+1	1.09486797E-9	8.87451410E+1	-6.28945518E+0	8.89677320E+1	-7.07526825E-2
1.23853818E+5	8.88622745E+1	9.13272747E-10	8.85092511E+1	-5.58979451E+0	8.86855872E+1	-6.30711540E-2
1.32804389E+5	8.85521016E+1	7.48089147E-10	8.82823471E+1	-4.87998461E+0	8.84171215E+1	-5.52208115E-2
1.42401793E+5	8.82699982E+1	6.05430040E-10	8.80686411E+1	-4.21108223E+0	8.81692622E+1	-4.77795176E-2
1.52692775E+5	8.80000951E+1	4.75330003E-10	8.78586009E+1	-3.52582721E+0	8.79293196E+1	-4.01091775E-2
1.63727458E+5	8.77495861E+1	3.59655674E-10	8.76571895E+1	-2.84590851E+0	8.77033756E+1	-3.24549440E-2
1.75559587E+5	8.75182806E+1	2.55427349E-10	8.74650969E+1	-2.15677780E+0	8.74916847E+1	-2.46537283E-2
1.88246790E+5	8.73447419E+1	1.60436170E-10	8.73175460E+1	-1.44726536E+0	8.73311424E+1	-1.65729142E-2
2.01850863E+5	8.70938781E+1	8.00533671E-11	8.70870681E+1	-7.70071796E-1	8.70904730E+1	-8.84232167E-3
2.16438064E+5	8.69013731E+1	6.51866089E-12	8.69013211E+1	-6.69461808E-2	8.69013471E+1	-7.70369172E-4
2.32079442E+5	8.67315951E+1	-6.01441103E-11	8.67265761E+1	6.59688913E-1	8.67290855E+1	7.60639026E-3
2.48851178E+5	8.65654396E+1	-1.18769539E-10	8.65430737E+1	1.39123839E+0	8.65542560E+1	1.60742900E-2
2.66834962E+5	8.63971363E+1	-1.71267350E-10	8.63439933E+1	2.14204542E+0	8.63705607E+1	2.48031852E-2
2.86118383E+5	8.62509906E+1	-2.17611386E-10	8.61529027E+1	2.90697508E+0	8.62019327E+1	3.37292455E-2
3.06795364E+5	8.61132948E+1	-2.59386516E-10	8.59539418E+1	3.70093987E+0	8.60335814E+1	4.30306670E-2
3.28966612E+5	8.59782584E+1	-2.96778751E-10	8.57397571E+1	4.52204920E+0	8.58589249E+1	5.26927515E-2
3.52740116E+5	8.58601441E+1	-3.30447507E-10	8.55219724E+1	5.37782300E+0	8.56908914E+1	6.27996688E-2
3.78231664E+5	8.57525679E+1	-3.60686294E-10	8.52917409E+1	6.26933280E+0	8.55218440E+1	7.33726321E-2
4.05565415E+5	8.56393897E+1	-3.87604903E-10	8.50309951E+1	7.19251676E+0	8.53346502E+1	8.43861206E-2
4.34874501E+5	8.55511682E+1	-4.11894745E-10	8.47653326E+1	8.16158149E+0	8.51573439E+1	9.59885239E-2
4.66301673E+5	8.54577590E+1	-4.33968447E-10	8.44605905E+1	9.17720714E+0	8.49577117E+1	1.08232078E-1
NaN	NaN	NaN	NaN	NaN	NaN	NaN
