Start time:20240905_12-07-00	sweep/start:500.000	sweep/stop:500000.000	sweep/samplecount:100.000	sweep/xmapping:1.000	sweep/scan:0.000	sweep/averaging/sample:10.000	sweep/settling/time:0.100	sweep/settling/inaccuracy:0.010	sweep/awgcontrol:0.000	sweep/averaging/time:0.100	sweep/averaging/tc:15.000	sweep/bandwidthcontrol:2.000	sweep/sincfilter:0.000	sweep/omegasuppression:80.000	sweep/maxbandwidth:100.000	sweep/bandwidth:1250000.000	sweep/order:8.000	sweep/bandwidthoverlap:1.000																				
Frequency	Param0		Param1		RealZ		ImagZ		AbsZ		PhaseZ		
5.00000000E+2	9.63719650E+2	6.35708114E-7	2.04855413E+2	-3.94280895E+2	4.44323271E+2	-1.09161779E+0
5.36133611E+2	8.78584485E+2	6.16303768E-7	2.03043559E+2	-3.70356826E+2	4.22363443E+2	-1.06930716E+0
5.74878498E+2	8.02968726E+2	5.96099581E-7	2.01288529E+2	-3.48010466E+2	4.02030305E+2	-1.04641217E+0
6.16423370E+2	7.36037545E+2	5.75207303E-7	1.99530350E+2	-3.27184113E+2	3.83225535E+2	-1.02317207E+0
6.60970574E+2	6.76591978E+2	5.53624850E-7	1.97836039E+2	-3.07758282E+2	3.65860990E+2	-9.99478569E-1
7.08737081E+2	6.23985736E+2	5.31450817E-7	1.96175785E+2	-2.89699733E+2	3.49872662E+2	-9.75557837E-1
7.59955541E+2	5.77243802E+2	5.08857233E-7	1.94542173E+2	-2.72858200E+2	3.35109322E+2	-9.51412619E-1
8.14875417E+2	5.35865996E+2	4.86018087E-7	1.92888463E+2	-2.57208857E+2	3.21500171E+2	-9.27340455E-1
8.73764200E+2	4.99187280E+2	4.63003659E-7	1.91254547E+2	-2.42679893E+2	3.08985168E+2	-9.03357473E-1
9.36908711E+2	4.66601754E+2	4.40016561E-7	1.89615318E+2	-2.29174305E+2	2.97447196E+2	-8.79578985E-1
1.00461650E+3	4.37541324E+2	4.17174582E-7	1.87987768E+2	-2.16594120E+2	2.86796818E+2	-8.55986651E-1
1.07721735E+3	4.11798853E+2	3.94712250E-7	1.86307892E+2	-2.04965215E+2	2.76986232E+2	-8.33045711E-1
1.15506485E+3	3.88817015E+2	3.72684245E-7	1.84625712E+2	-1.94162203E+2	2.67928379E+2	-8.10569177E-1
1.23853818E+3	3.68257903E+2	3.51249094E-7	1.82917866E+2	-1.84124960E+2	2.59539878E+2	-7.88686846E-1
1.32804389E+3	3.49827654E+2	3.30541878E-7	1.81164755E+2	-1.74802089E+2	2.51746778E+2	-7.67525750E-1
1.42401793E+3	3.33358248E+2	3.10648885E-7	1.79367159E+2	-1.66195492E+2	2.44527137E+2	-7.47300031E-1
1.52692775E+3	3.18494081E+2	2.91625659E-7	1.77527433E+2	-1.58194327E+2	2.37784431E+2	-7.27875010E-1
1.63727458E+3	3.05045644E+2	2.73529368E-7	1.75638189E+2	-1.50761036E+2	2.31468495E+2	-7.09328286E-1
1.75559587E+3	2.92878710E+2	2.56408756E-7	1.73691653E+2	-1.43881186E+2	2.25545088E+2	-6.91802729E-1
1.88246790E+3	2.81785779E+2	2.40254003E-7	1.71694842E+2	-1.37484707E+2	2.19957187E+2	-6.75198311E-1
2.01850863E+3	2.71630842E+2	2.25099972E-7	1.69625760E+2	-1.31539684E+2	2.14652248E+2	-6.59603624E-1
2.16438064E+3	2.62272279E+2	2.10898991E-7	1.67498009E+2	-1.25994049E+2	2.09595048E+2	-6.44915434E-1
2.32079442E+3	2.53642171E+2	1.97637109E-7	1.65310901E+2	-1.20839237E+2	2.04767711E+2	-6.31217857E-1
2.48851178E+3	2.45588138E+2	1.85276884E-7	1.63054728E+2	-1.16006301E+2	2.00110737E+2	-6.18373397E-1
2.66834962E+3	2.38068969E+2	1.73753174E-7	1.60752259E+2	-1.11484686E+2	1.95627514E+2	-6.06362794E-1
2.86118383E+3	2.30968728E+2	1.63025545E-7	1.58391449E+2	-1.07217629E+2	1.91268061E+2	-5.95064437E-1
3.06795364E+3	2.24258900E+2	1.53049644E-7	1.55979590E+2	-1.03199702E+2	1.87028904E+2	-5.84502780E-1
3.28966612E+3	2.17886157E+2	1.43728423E-7	1.53549720E+2	-9.93923627E+1	1.82910794E+2	-5.74473109E-1
3.52740116E+3	2.11780308E+2	1.35041521E-7	1.51080865E+2	-9.57628532E+1	1.78874124E+2	-5.64939227E-1
3.78231664E+3	2.05914128E+2	1.26924030E-7	1.48591179E+2	-9.22913021E+1	1.74920047E+2	-5.55796320E-1
4.05565415E+3	2.00259140E+2	1.19341137E-7	1.46079522E+2	-8.89636586E+1	1.71037304E+2	-5.47017022E-1
4.34874501E+3	1.94800154E+2	1.12224853E-7	1.43571535E+2	-8.57611296E+1	1.67235634E+2	-5.38461883E-1
4.66301673E+3	1.89527127E+2	1.05521493E-7	1.41086997E+2	-8.26696572E+1	1.63523127E+2	-5.30023137E-1
5.00000000E+3	1.84420071E+2	9.91895198E-8	1.38635263E+2	-7.96705011E+1	1.59897232E+2	-5.21591527E-1
5.36133611E+3	1.79469775E+2	9.32266850E-8	1.36202919E+2	-7.67663461E+1	1.56346753E+2	-5.13237946E-1
5.74878498E+3	1.74673332E+2	8.75785520E-8	1.33816098E+2	-7.39415685E+1	1.52885917E+2	-5.04807369E-1
6.16423370E+3	1.70010312E+2	8.22174701E-8	1.31476305E+2	-7.11780075E+1	1.49506949E+2	-4.96197356E-1
6.60970574E+3	1.65509417E+2	7.71306372E-8	1.29195661E+2	-6.84951063E+1	1.46229609E+2	-4.87487924E-1
7.08737081E+3	1.61168514E+2	7.22861060E-8	1.26988979E+2	-6.58818957E+1	1.43061613E+2	-4.78574326E-1
7.59955541E+3	1.56949875E+2	6.76644572E-8	1.24846209E+2	-6.33089322E+1	1.39980702E+2	-4.69307764E-1
8.14875417E+3	1.52902884E+2	6.32766911E-8	1.22774868E+2	-6.08191008E+1	1.37013253E+2	-4.59937501E-1
8.73764200E+3	1.49004649E+2	5.90917546E-8	1.20781679E+2	-5.83850801E+1	1.34153016E+2	-4.50274377E-1
9.36908711E+3	1.45271414E+2	5.51104645E-8	1.18868615E+2	-5.60219968E+1	1.31408568E+2	-4.40419762E-1
1.00461650E+4	1.41692662E+2	5.13187587E-8	1.17036349E+2	-5.37185700E+1	1.28775743E+2	-4.30305208E-1
1.07721735E+4	1.38271509E+2	4.77115543E-8	1.15285938E+2	-5.14773059E+1	1.26256725E+2	-4.19954951E-1
1.15506485E+4	1.35002069E+2	4.42884154E-8	1.13610109E+2	-4.92985079E+1	1.23845063E+2	-4.09407639E-1
1.23853818E+4	1.31890132E+2	4.10368556E-8	1.12018208E+2	-4.71806867E+1	1.21548740E+2	-3.98637136E-1
1.32804389E+4	1.28932754E+2	3.79606177E-8	1.10501829E+2	-4.51292681E+1	1.19362076E+2	-3.87729208E-1
1.42401793E+4	1.26115703E+2	3.50497638E-8	1.09056772E+2	-4.31322609E+1	1.17276474E+2	-3.76623497E-1
1.52692775E+4	1.23450936E+2	3.23058113E-8	1.07685562E+2	-4.12031929E+1	1.15299104E+2	-3.65438827E-1
1.63727458E+4	1.20936027E+2	2.97169888E-8	1.06393529E+2	-3.93348137E+1	1.13431965E+2	-3.54125328E-1
1.75559587E+4	1.18554180E+2	2.72905413E-8	1.05159964E+2	-3.75304568E+1	1.11656407E+2	-3.42798977E-1
1.88246790E+4	1.16306908E+2	2.50085756E-8	1.03997764E+2	-3.57788117E+1	1.09980263E+2	-3.31350430E-1
2.01850863E+4	1.14189548E+2	2.28734633E-8	1.02898212E+2	-3.40860427E+1	1.08396957E+2	-3.19883230E-1
2.16438064E+4	1.12209422E+2	2.08832219E-8	1.01865011E+2	-3.24612599E+1	1.06912179E+2	-3.08495457E-1
2.32079442E+4	1.10340231E+2	1.90281413E-8	1.00884043E+2	-3.08865407E+1	1.05506249E+2	-2.97097478E-1
2.48851178E+4	1.08587478E+2	1.72995913E-8	9.99634238E+1	-2.93613664E+1	1.04186257E+2	-2.85686428E-1
2.66834962E+4	1.06947008E+2	1.57038538E-8	9.90905426E+1	-2.79016370E+1	1.02943854E+2	-2.74470636E-1
2.86118383E+4	1.05409843E+2	1.42241323E-8	9.82700389E+1	-2.64882769E+1	1.01777352E+2	-2.63288453E-1
3.06795364E+4	1.03982041E+2	1.28558743E-8	9.75074117E+1	-2.51261670E+1	1.00692699E+2	-2.52198132E-1
3.28966612E+4	1.02641354E+2	1.15971406E-8	9.67825746E+1	-2.38123443E+1	9.96689247E+1	-2.41247753E-1
3.52740116E+4	1.01395619E+2	1.04414882E-8	9.61041671E+1	-2.25506224E+1	9.87144445E+1	-2.30478078E-1
3.78231664E+4	1.00231925E+2	9.38230485E-9	9.54638227E+1	-2.13349770E+1	9.78188261E+1	-2.19874418E-1
4.05565415E+4	9.91536914E+1	8.41254789E-9	9.48674965E+1	-2.01648340E+1	9.69869191E+1	-2.09440774E-1
4.34874501E+4	9.81450732E+1	7.52719714E-9	9.43025646E+1	-1.90357114E+1	9.62046366E+1	-1.99181298E-1
4.66301673E+4	9.72120836E+1	6.72072292E-9	9.37760442E+1	-1.79504355E+1	9.54786084E+1	-1.89130314E-1
5.00000000E+4	9.63393380E+1	5.98620868E-9	9.32774624E+1	-1.68998208E+1	9.47960388E+1	-1.79233701E-1
5.36133611E+4	9.55371811E+1	5.31973712E-9	9.28166302E+1	-1.58906363E+1	9.41670813E+1	-1.69560713E-1
5.74878498E+4	9.47864242E+1	4.71592733E-9	9.23781403E+1	-1.49155194E+1	9.35745349E+1	-1.60080024E-1
6.16423370E+4	9.40931962E+1	4.17032168E-9	9.19689025E+1	-1.39774435E+1	9.30249858E+1	-1.50825916E-1
6.60970574E+4	9.34492937E+1	3.67721911E-9	9.15840526E+1	-1.30700538E+1	9.25119724E+1	-1.41753855E-1
7.08737081E+4	9.28492513E+1	3.23165693E-9	9.12205917E+1	-1.21888171E+1	9.20313188E+1	-1.32832338E-1
7.59955541E+4	9.22936485E+1	2.83156204E-9	9.08785285E+1	-1.13403705E+1	9.15833553E+1	-1.24144306E-1
8.14875417E+4	9.17819987E+1	2.47012688E-9	9.05617712E+1	-1.05121797E+1	9.11698435E+1	-1.15560284E-1
8.73764200E+4	9.12970462E+1	2.14639042E-9	9.02524740E+1	-9.70954052E+0	9.07732576E+1	-1.07169799E-1
9.36908711E+4	9.08555299E+1	1.85506034E-9	8.99698633E+1	-8.92654895E+0	9.04116121E+1	-9.88934464E-2
1.00461650E+5	9.04428178E+1	1.59504437E-9	8.96990419E+1	-8.16798337E+0	9.00701621E+1	-9.08094301E-2
1.07721735E+5	9.00559258E+1	1.36058917E-9	8.94407761E+1	-7.41750868E+0	8.97478239E+1	-8.27427229E-2
1.15506485E+5	8.96941640E+1	1.15148398E-9	8.91930369E+1	-6.68558283E+0	8.94432495E+1	-7.48164232E-2
1.23853818E+5	8.93619987E+1	9.64213383E-10	8.89620210E+1	-5.96513036E+0	8.91617856E+1	-6.69523294E-2
1.32804389E+5	8.90471509E+1	7.96646140E-10	8.87362192E+1	-5.25265312E+0	8.88915491E+1	-5.91250197E-2
1.42401793E+5	8.87564432E+1	6.47486988E-10	8.85223944E+1	-4.55176090E+0	8.86393416E+1	-5.13740687E-2
1.52692775E+5	8.84816029E+1	5.13792432E-10	8.83136039E+1	-3.85182588E+0	8.83975635E+1	-4.35876927E-2
1.63727458E+5	8.82261495E+1	3.94159036E-10	8.81133821E+1	-3.15218762E+0	8.81697477E+1	-3.57589721E-2
1.75559587E+5	8.79851817E+1	2.87959887E-10	8.79165119E+1	-2.45706349E+0	8.79508401E+1	-2.79404183E-2
1.88246790E+5	8.77674661E+1	1.95672629E-10	8.77268223E+1	-1.78182010E+0	8.77471410E+1	-2.03086674E-2
2.01850863E+5	8.75488061E+1	1.08220701E-10	8.75361662E+1	-1.05186171E+0	8.75424859E+1	-1.20157306E-2
2.16438064E+5	8.73481702E+1	3.26438606E-11	8.73468565E+1	-3.38700587E-1	8.73475134E+1	-3.87763186E-3
2.32079442E+5	8.71644891E+1	-3.46951798E-11	8.71627936E+1	3.84376139E-1	8.71636413E+1	4.40983621E-3
2.48851178E+5	8.69859787E+1	-9.52028929E-11	8.69713963E+1	1.12614779E+0	8.69786872E+1	1.29477614E-2
2.66834962E+5	8.68197823E+1	-1.49153774E-10	8.67788769E+1	1.88403771E+0	8.67993272E+1	2.17073758E-2
2.86118383E+5	8.66656662E+1	-1.97055408E-10	8.65840527E+1	2.65826926E+0	8.66248499E+1	3.06919628E-2
3.06795364E+5	8.65136096E+1	-2.40029253E-10	8.63752065E+1	3.45753345E+0	8.64443803E+1	4.00078742E-2
3.28966612E+5	8.63742261E+1	-2.79010756E-10	8.61604367E+1	4.29185087E+0	8.62672652E+1	4.97711812E-2
3.52740116E+5	8.62446690E+1	-3.12965243E-10	8.59371237E+1	5.14095606E+0	8.60907590E+1	5.97510870E-2
3.78231664E+5	8.61219707E+1	-3.44109163E-10	8.56968980E+1	6.03549627E+0	8.59091715E+1	7.03123144E-2
4.05565415E+5	8.60103157E+1	-3.71501181E-10	8.54438346E+1	6.95716443E+0	8.57266072E+1	8.12446001E-2
4.34874501E+5	8.58922473E+1	-3.97049475E-10	8.51528379E+1	7.93490182E+0	8.55217435E+1	9.29159092E-2
4.66301673E+5	8.57923056E+1	-4.19666005E-10	8.48481531E+1	8.95038046E+0	8.53189233E+1	1.05098343E-1
NaN	NaN	NaN	NaN	NaN	NaN	NaN
