Start time:20240904_22-50-52	sweep/start:500.000	sweep/stop:500000.000	sweep/samplecount:100.000	sweep/xmapping:1.000	sweep/scan:0.000	sweep/averaging/sample:10.000	sweep/settling/time:0.100	sweep/settling/inaccuracy:0.010	sweep/awgcontrol:0.000	sweep/averaging/time:0.100	sweep/averaging/tc:15.000	sweep/bandwidthcontrol:2.000	sweep/sincfilter:0.000	sweep/omegasuppression:80.000	sweep/maxbandwidth:100.000	sweep/bandwidth:1250000.000	sweep/order:8.000	sweep/bandwidthoverlap:1.000																				
Frequency	Param0		Param1		RealZ		ImagZ		AbsZ		PhaseZ		
5.00000000E+2	9.50567401E+2	6.35139716E-7	2.06756244E+2	-3.92157581E+2	4.43323493E+2	-1.08560476E+0
5.36133611E+2	8.66850624E+2	6.15573784E-7	2.04874468E+2	-3.68268903E+2	4.21420858E+2	-1.06311570E+0
5.74878498E+2	7.93072378E+2	5.95149622E-7	2.03006763E+2	-3.46102987E+2	4.01246846E+2	-1.04032512E+0
6.16423370E+2	7.27448108E+2	5.74024162E-7	2.01193397E+2	-3.25390458E+2	3.82567301E+2	-1.01701955E+0
6.60970574E+2	6.69356321E+2	5.52256700E-7	1.99403760E+2	-3.06121376E+2	3.65338418E+2	-9.93446044E-1
7.08737081E+2	6.17891404E+2	5.29836389E-7	1.97700807E+2	-2.88222129E+2	3.49510533E+2	-9.69574441E-1
7.59955541E+2	5.72097542E+2	5.07244496E-7	1.95920933E+2	-2.71479030E+2	3.34792292E+2	-9.45667855E-1
8.14875417E+2	5.31521399E+2	4.84270220E-7	1.94210069E+2	-2.55947736E+2	3.21289277E+2	-9.21694591E-1
8.73764200E+2	4.95341891E+2	4.61137755E-7	1.92544857E+2	-2.41458079E+2	3.08829288E+2	-8.97627100E-1
9.36908711E+2	4.63272066E+2	4.38097074E-7	1.90845588E+2	-2.28016196E+2	2.97343953E+2	-8.73908255E-1
1.00461650E+3	4.34706146E+2	4.15259037E-7	1.89138774E+2	-2.15514050E+2	2.86739924E+2	-8.50486108E-1
1.07721735E+3	4.09286081E+2	3.92693166E-7	1.87454606E+2	-2.03919907E+2	2.76988374E+2	-8.27443812E-1
1.15506485E+3	3.86566098E+2	3.70632024E-7	1.85741960E+2	-1.93135874E+2	2.67958099E+2	-8.04910978E-1
1.23853818E+3	3.66260990E+2	3.49161878E-7	1.84013155E+2	-1.83128359E+2	2.59609011E+2	-7.82988208E-1
1.32804389E+3	3.48077315E+2	3.28423664E-7	1.82246721E+2	-1.73844988E+2	2.51864941E+2	-7.61808236E-1
1.42401793E+3	3.31729151E+2	3.08478293E-7	1.80452851E+2	-1.65221784E+2	2.44666038E+2	-7.41364787E-1
1.52692775E+3	3.17043202E+2	2.89409546E-7	1.78623500E+2	-1.57241884E+2	2.37973456E+2	-7.21822689E-1
1.63727458E+3	3.03749011E+2	2.71274236E-7	1.76748520E+2	-1.49823722E+2	2.31704958E+2	-7.03137533E-1
1.75559587E+3	2.91692054E+2	2.54105125E-7	1.74825593E+2	-1.42937915E+2	2.25821248E+2	-6.85382644E-1
1.88246790E+3	2.80743799E+2	2.37915374E-7	1.72857165E+2	-1.36561257E+2	2.20292026E+2	-6.68628159E-1
2.01850863E+3	2.70689495E+2	2.22725439E-7	1.70818655E+2	-1.30613176E+2	2.15032126E+2	-6.52799150E-1
2.16438064E+3	2.61500571E+2	2.08495044E-7	1.68737462E+2	-1.25110394E+2	2.10059378E+2	-6.38006625E-1
2.32079442E+3	2.52989886E+2	1.95195309E-7	1.66601278E+2	-1.19968544E+2	2.05300847E+2	-6.24084818E-1
2.48851178E+3	2.45071746E+2	1.82821393E-7	1.64392521E+2	-1.15165361E+2	2.00718613E+2	-6.11095737E-1
2.66834962E+3	2.37675773E+2	1.71277738E-7	1.62145415E+2	-1.10665716E+2	1.96311071E+2	-5.98890376E-1
2.86118383E+3	2.30721611E+2	1.60539796E-7	1.59846205E+2	-1.06438546E+2	1.92041594E+2	-5.87458466E-1
3.06795364E+3	2.24155392E+2	1.50562021E-7	1.57496564E+2	-1.02462363E+2	1.87892799E+2	-5.76775030E-1
3.28966612E+3	2.17917443E+2	1.41279715E-7	1.55106325E+2	-9.87036021E+1	1.83848779E+2	-5.66727275E-1
3.52740116E+3	2.11966180E+2	1.32628804E-7	1.52689145E+2	-9.51365302E+1	1.79902570E+2	-5.57212626E-1
3.78231664E+3	2.06243569E+2	1.24572396E-7	1.50235317E+2	-9.17301317E+1	1.76025759E+2	-5.48159956E-1
4.05565415E+3	2.00748493E+2	1.17043726E-7	1.47772774E+2	-8.84780692E+1	1.72235773E+2	-5.39495496E-1
4.34874501E+3	1.95430184E+2	1.10004619E-7	1.45294931E+2	-8.53486841E+1	1.68508205E+2	-5.31115770E-1
4.66301673E+3	1.90285379E+2	1.03388326E-7	1.42831515E+2	-8.23280458E+1	1.64859785E+2	-5.22885574E-1
5.00000000E+3	1.85319778E+2	9.71587342E-8	1.40397139E+2	-7.94166840E+1	1.61302097E+2	-5.14784740E-1
5.36133611E+3	1.80488888E+2	9.12932788E-8	1.37978446E+2	-7.65867112E+1	1.57808670E+2	-5.06721933E-1
5.74878498E+3	1.75803615E+2	8.57567862E-8	1.35592928E+2	-7.38395875E+1	1.54394711E+2	-4.98663311E-1
6.16423370E+3	1.71256102E+2	8.05132985E-8	1.33252780E+2	-7.11621257E+1	1.51064065E+2	-4.90506235E-1
6.60970574E+3	1.66841462E+2	7.55406748E-8	1.30962450E+2	-6.85478171E+1	1.47817342E+2	-4.82204300E-1
7.08737081E+3	1.62577980E+2	7.08182509E-8	1.28736732E+2	-6.60046325E+1	1.44671206E+2	-4.73763973E-1
7.59955541E+3	1.58444682E+2	6.63375739E-8	1.26564398E+2	-6.35209319E+1	1.41610225E+2	-4.65155474E-1
8.14875417E+3	1.54454285E+2	6.20699178E-8	1.24465803E+2	-6.10945202E+1	1.38651638E+2	-4.56303965E-1
8.73764200E+3	1.50608455E+2	5.80047849E-8	1.22443434E+2	-5.87249679E+1	1.35797704E+2	-4.47202111E-1
9.36908711E+3	1.46906115E+2	5.41463670E-8	1.20487269E+2	-5.64192747E+1	1.33042537E+2	-4.37934117E-1
1.00461650E+4	1.43358416E+2	5.04687205E-8	1.18618239E+2	-5.41722822E+1	1.30402925E+2	-4.28407004E-1
1.07721735E+4	1.39948420E+2	4.69743192E-8	1.16820238E+2	-5.19792233E+1	1.27862456E+2	-4.18646832E-1
1.15506485E+4	1.36691009E+2	4.36585850E-8	1.15100248E+2	-4.98507959E+1	1.25431930E+2	-4.08717795E-1
1.23853818E+4	1.33574249E+2	4.05167508E-8	1.13450864E+2	-4.77809105E+1	1.23102047E+2	-3.98613229E-1
1.32804389E+4	1.30600681E+2	3.75362590E-8	1.11879694E+2	-4.57656880E+1	1.20878303E+2	-3.88293620E-1
1.42401793E+4	1.27767771E+2	3.47157782E-8	1.10382296E+2	-4.38069455E+1	1.18757315E+2	-3.77801463E-1
1.52692775E+4	1.25078271E+2	3.20556446E-8	1.08956180E+2	-4.19118284E+1	1.16739242E+2	-3.67218649E-1
1.63727458E+4	1.22524310E+2	2.95470565E-8	1.07600188E+2	-4.00729127E+1	1.14820028E+2	-3.56510513E-1
1.75559587E+4	1.20105924E+2	2.71852457E-8	1.06314848E+2	-3.82909393E+1	1.13000190E+2	-3.45702080E-1
1.88246790E+4	1.17814220E+2	2.49653855E-8	1.05094778E+2	-3.65615475E+1	1.11272904E+2	-3.34794914E-1
2.01850863E+4	1.15651174E+2	2.28872273E-8	1.03937825E+2	-3.48921177E+1	1.09638184E+2	-3.23880681E-1
2.16438064E+4	1.13610900E+2	2.09424116E-8	1.02843805E+2	-3.32765532E+1	1.08093373E+2	-3.12932541E-1
2.32079442E+4	1.11679891E+2	1.91253367E-8	1.01804211E+2	-3.17078177E+1	1.06627779E+2	-3.01936023E-1
2.48851178E+4	1.09873649E+2	1.74335540E-8	1.00829156E+2	-3.01984863E+1	1.05254298E+2	-2.90999419E-1
2.66834962E+4	1.08164647E+2	1.58621911E-8	9.98985329E+1	-2.87362590E+1	1.03949457E+2	-2.80092487E-1
2.86118383E+4	1.06565688E+2	1.44051500E-8	9.90241040E+1	-2.73276143E+1	1.02725711E+2	-2.69267155E-1
3.06795364E+4	1.05063814E+2	1.30556075E-8	9.81984662E+1	-2.59647182E+1	1.01573153E+2	-2.58494951E-1
3.28966612E+4	1.03652637E+2	1.18091305E-8	9.74168123E+1	-2.46469896E+1	1.00486364E+2	-2.47805365E-1
3.52740116E+4	1.02336318E+2	1.06604070E-8	9.66839428E+1	-2.33772084E+1	9.94699890E+1	-2.37236781E-1
3.78231664E+4	1.01109906E+2	9.60645474E-9	9.59949979E+1	-2.21586447E+1	9.85192633E+1	-2.26857726E-1
4.05565415E+4	9.99600556E+1	8.63547208E-9	9.53467457E+1	-2.09729358E+1	9.76261543E+1	-2.16516809E-1
4.34874501E+4	9.88794231E+1	7.74787289E-9	9.47284958E+1	-1.98295502E+1	9.67817081E+1	-2.06350752E-1
4.66301673E+4	9.78847568E+1	6.93582685E-9	9.41592667E+1	-1.87293720E+1	9.60039422E+1	-1.96348819E-1
5.00000000E+4	9.69471209E+1	6.19621247E-9	9.36131700E+1	-1.76663993E+1	9.52655620E+1	-1.86523386E-1
5.36133611E+4	9.60770471E+1	5.52192317E-9	9.31033867E+1	-1.66390444E+1	9.45785307E+1	-1.76848745E-1
5.74878498E+4	9.52718232E+1	4.90889876E-9	9.26284799E+1	-1.56476462E+1	9.39408546E+1	-1.67349158E-1
6.16423370E+4	9.45118537E+1	4.35276355E-9	9.21718371E+1	-1.46861703E+1	9.33345123E+1	-1.58006484E-1
6.60970574E+4	9.38103289E+1	3.84864557E-9	9.17476289E+1	-1.37567365E+1	9.27732464E+1	-1.48832302E-1
7.08737081E+4	9.31588289E+1	3.39191303E-9	9.13500873E+1	-1.28541308E+1	9.22500252E+1	-1.39795016E-1
7.59955541E+4	9.25550557E+1	2.97994623E-9	9.09771333E+1	-1.19814366E+1	9.17627029E+1	-1.30943663E-1
8.14875417E+4	9.19865032E+1	2.60785161E-9	9.06194735E+1	-1.11301139E+1	9.13004298E+1	-1.22210462E-1
8.73764200E+4	9.14561860E+1	2.27338547E-9	9.02799029E+1	-1.03050799E+1	9.08661410E+1	-1.13653984E-1
9.36908711E+4	9.09712190E+1	1.97174158E-9	8.99681033E+1	-9.49991503E+0	9.04682708E+1	-1.05202199E-1
1.00461650E+5	9.05128624E+1	1.70033483E-9	8.96666469E+1	-8.71075610E+0	9.00887610E+1	-9.68421190E-2
1.07721735E+5	9.00928188E+1	1.45691850E-9	8.93873247E+1	-7.94117150E+0	8.97393785E+1	-8.86073935E-2
1.15506485E+5	8.96966025E+1	1.23795171E-9	8.91178448E+1	-7.18175541E+0	8.94067553E+1	-8.04133997E-2
1.23853818E+5	8.93285797E+1	1.04212485E-9	8.88622249E+1	-6.43749087E+0	8.90950971E+1	-7.23171716E-2
1.32804389E+5	8.89875226E+1	8.66561612E-10	8.86205932E+1	-5.70237165E+0	8.88038684E+1	-6.42573096E-2
1.42401793E+5	8.86644469E+1	7.09785422E-10	8.83842138E+1	-4.97675899E+0	8.85242195E+1	-5.62488365E-2
1.52692775E+5	8.83659285E+1	5.69229122E-10	8.81606156E+1	-4.25446464E+0	8.82632124E+1	-4.82207002E-2
1.63727458E+5	8.80846860E+1	4.43404604E-10	8.79427134E+1	-3.53347358E+0	8.80136711E+1	-4.01576647E-2
1.75559587E+5	8.78217999E+1	3.31480463E-10	8.77313335E+1	-2.81721129E+0	8.77765550E+1	-3.21007720E-2
1.88246790E+5	8.75672533E+1	2.30898400E-10	8.75135056E+1	-2.09280917E+0	8.75403743E+1	-2.39094963E-2
2.01850863E+5	8.73518477E+1	1.41111678E-10	8.73305042E+1	-1.36524770E+0	8.73411753E+1	-1.56318411E-2
2.16438064E+5	8.71402032E+1	6.13339355E-11	8.71355996E+1	-6.33327552E-1	8.71379014E+1	-7.26817181E-3
2.32079442E+5	8.69373632E+1	-9.93339818E-12	8.69372247E+1	1.09478471E-1	8.69372940E+1	1.25927815E-3
2.48851178E+5	8.67497038E+1	-7.40690931E-11	8.67409479E+1	8.71462341E-1	8.67453257E+1	1.00463873E-2
2.66834962E+5	8.65686015E+1	-1.31088436E-10	8.65372732E+1	1.64645833E+0	8.65529360E+1	1.90237030E-2
2.86118383E+5	8.64022196E+1	-1.81902800E-10	8.63332967E+1	2.43931670E+0	8.63677512E+1	2.82471319E-2
3.06795364E+5	8.62459908E+1	-2.27371545E-10	8.61229275E+1	3.25553563E+0	8.61844372E+1	3.77830445E-2
3.28966612E+5	8.60980708E+1	-2.68238843E-10	8.59023196E+1	4.10063982E+0	8.60001395E+1	4.76998703E-2
3.52740116E+5	8.59724392E+1	-3.04672499E-10	8.56836662E+1	4.97422308E+0	8.58279313E+1	5.79882554E-2
3.78231664E+5	8.58393905E+1	-3.37323648E-10	8.54348327E+1	5.87903719E+0	8.56368727E+1	6.87048033E-2
4.05565415E+5	8.57324050E+1	-3.66473383E-10	8.51863598E+1	6.82021818E+0	8.54589463E+1	7.98919169E-2
4.34874501E+5	8.56124453E+1	-3.93137896E-10	8.48944334E+1	7.80737167E+0	8.52526835E+1	9.17076818E-2
4.66301673E+5	8.55150319E+1	-4.17005670E-10	8.45916279E+1	8.83809633E+0	8.50520767E+1	1.04101856E-1
NaN	NaN	NaN	NaN	NaN	NaN	NaN
