Start time:20240908_05-08-16	sweep/start:500.000	sweep/stop:500000.000	sweep/samplecount:100.000	sweep/xmapping:1.000	sweep/scan:0.000	sweep/averaging/sample:10.000	sweep/settling/time:0.100	sweep/settling/inaccuracy:0.010	sweep/awgcontrol:0.000	sweep/averaging/time:0.100	sweep/averaging/tc:15.000	sweep/bandwidthcontrol:2.000	sweep/sincfilter:0.000	sweep/omegasuppression:80.000	sweep/maxbandwidth:100.000	sweep/bandwidth:1250000.000	sweep/order:8.000	sweep/bandwidthoverlap:1.000																				
Frequency	Param0		Param1		RealZ		ImagZ		AbsZ		PhaseZ		
5.00000000E+2	9.60918830E+2	7.80349809E-7	1.46716968E+2	-3.45625813E+2	3.75477130E+2	-1.16935218E+0
5.36133611E+2	8.66449416E+2	7.62445436E-7	1.45564713E+2	-3.23937267E+2	3.55140032E+2	-1.14847409E+0
5.74878498E+2	7.83352801E+2	7.43294146E-7	1.44441649E+2	-3.03785042E+2	3.36375901E+2	-1.12696196E+0
6.16423370E+2	7.09894089E+2	7.23189617E-7	1.43304346E+2	-2.84946938E+2	3.18952812E+2	-1.10481871E+0
6.60970574E+2	6.45168902E+2	7.02023824E-7	1.42166070E+2	-2.67413397E+2	3.02854947E+2	-1.08216291E+0
7.08737081E+2	5.88079416E+2	6.79882034E-7	1.41023814E+2	-2.51088577E+2	2.87981236E+2	-1.05905306E+0
7.59955541E+2	5.37427668E+2	6.56886014E-7	1.39898454E+2	-2.35825594E+2	2.74199364E+2	-1.03537078E+0
8.14875417E+2	4.92698680E+2	6.33127115E-7	1.38754714E+2	-2.21610883E+2	2.61465595E+2	-1.01139296E+0
8.73764200E+2	4.53116652E+2	6.08730965E-7	1.37596653E+2	-2.08361440E+2	2.49694474E+2	-9.87162270E-1
9.36908711E+2	4.17956560E+2	5.83767010E-7	1.36454087E+2	-1.95990192E+2	2.38813475E+2	-9.62605610E-1
1.00461650E+3	3.86796607E+2	5.58455210E-7	1.35286223E+2	-1.84461067E+2	2.28753687E+2	-9.37995403E-1
1.07721735E+3	3.59065554E+2	5.32972843E-7	1.34092884E+2	-1.73687162E+2	2.19426829E+2	-9.13340190E-1
1.15506485E+3	3.34416781E+2	5.07372931E-7	1.32896879E+2	-1.63650126E+2	2.10814954E+2	-8.88733243E-1
1.23853818E+3	3.12405275E+2	4.81814634E-7	1.31701724E+2	-1.54269137E+2	2.02840607E+2	-8.64150032E-1
1.32804389E+3	2.92740273E+2	4.56453266E-7	1.30500997E+2	-1.45507340E+2	1.95455614E+2	-8.39713854E-1
1.42401793E+3	2.75126428E+2	4.31461612E-7	1.29283922E+2	-1.37313837E+2	1.88598576E+2	-8.15509023E-1
1.52692775E+3	2.59343639E+2	4.06920950E-7	1.28064342E+2	-1.29661851E+2	1.82243441E+2	-7.91596557E-1
1.63727458E+3	2.45105678E+2	3.82938437E-7	1.26844939E+2	-1.22477653E+2	1.76324741E+2	-7.67883346E-1
1.75559587E+3	2.32298456E+2	3.59661043E-7	1.25610655E+2	-1.15763223E+2	1.70819088E+2	-7.44623355E-1
1.88246790E+3	2.20715229E+2	3.37097877E-7	1.24385380E+2	-1.09462433E+2	1.65691724E+2	-7.21669794E-1
2.01850863E+3	2.10261749E+2	3.15333087E-7	1.23168999E+2	-1.03571842E+2	1.60927713E+2	-6.99182653E-1
2.16438064E+3	2.00748272E+2	2.94463308E-7	1.21943591E+2	-9.80292066E+1	1.56460746E+2	-6.77108261E-1
2.32079442E+3	1.92083778E+2	2.74462803E-7	1.20732098E+2	-9.28139957E+1	1.52284856E+2	-6.55399731E-1
2.48851178E+3	1.84200958E+2	2.55378131E-7	1.19534064E+2	-8.79198292E+1	1.48385609E+2	-6.34170048E-1
2.66834962E+3	1.76998816E+2	2.37206219E-7	1.18354778E+2	-8.33114746E+1	1.44736504E+2	-6.13347358E-1
2.86118383E+3	1.70403620E+2	2.20001309E-7	1.17179283E+2	-7.89733461E+1	1.41307374E+2	-5.93030140E-1
3.06795364E+3	1.64355014E+2	2.03692791E-7	1.16032131E+2	-7.48799499E+1	1.38095845E+2	-5.73090945E-1
3.28966612E+3	1.58798985E+2	1.88302484E-7	1.14904646E+2	-7.10187537E+1	1.35080499E+2	-5.53598146E-1
3.52740116E+3	1.53703042E+2	1.73821553E-7	1.13801505E+2	-6.73858654E+1	1.32255954E+2	-5.34616415E-1
3.78231664E+3	1.48983885E+2	1.60212771E-7	1.12715261E+2	-6.39376830E+1	1.29586872E+2	-5.15990118E-1
4.05565415E+3	1.44641133E+2	1.47460885E-7	1.11657015E+2	-6.06869683E+1	1.27083426E+2	-4.97848662E-1
4.34874501E+3	1.40634068E+2	1.35526065E-7	1.10629612E+2	-5.76140712E+1	1.24732884E+2	-4.80135791E-1
4.66301673E+3	1.36929044E+2	1.24412031E-7	1.09620357E+2	-5.47136901E+1	1.22516165E+2	-4.62943196E-1
5.00000000E+3	1.33504975E+2	1.14016607E-7	1.08657112E+2	-5.19605324E+1	1.20441957E+2	-4.46061262E-1
5.36133611E+3	1.30333228E+2	1.04373719E-7	1.07714309E+2	-4.93597112E+1	1.18485246E+2	-4.29690564E-1
5.74878498E+3	1.27388090E+2	9.54200819E-8	1.06799830E+2	-4.68916055E+1	1.16640586E+2	-4.13719636E-1
6.16423370E+3	1.24663121E+2	8.71258629E-8	1.05919113E+2	-4.45572512E+1	1.14909561E+2	-3.98199456E-1
6.60970574E+3	1.22124548E+2	7.94713135E-8	1.05056845E+2	-4.23447633E+1	1.13269677E+2	-3.83146035E-1
7.08737081E+3	1.19772985E+2	7.23933030E-8	1.04233024E+2	-4.02464540E+1	1.11733166E+2	-3.68483885E-1
7.59955541E+3	1.17578188E+2	6.58745234E-8	1.03430850E+2	-3.82527269E+1	1.10277885E+2	-3.54237996E-1
8.14875417E+3	1.15534047E+2	5.98770693E-8	1.02655537E+2	-3.63600089E+1	1.08904589E+2	-3.40406517E-1
8.73764200E+3	1.13635585E+2	5.43771438E-8	1.01907771E+2	-3.45710174E+1	1.07612031E+2	-3.27055561E-1
9.36908711E+3	1.11860793E+2	4.93264435E-8	1.01185318E+2	-3.28664157E+1	1.06389238E+2	-3.14063728E-1
1.00461650E+4	1.10211648E+2	4.46917208E-8	1.00497091E+2	-3.12455547E+1	1.05242339E+2	-3.01435710E-1
1.07721735E+4	1.08668444E+2	4.04603798E-8	9.98277840E+1	-2.97076324E+1	1.04154356E+2	-2.89243235E-1
1.15506485E+4	1.07223945E+2	3.65877186E-8	9.91837383E+1	-2.82392931E+1	1.03125514E+2	-2.77377366E-1
1.23853818E+4	1.05878165E+2	3.30570565E-8	9.85659856E+1	-2.68464536E+1	1.02156672E+2	-2.65919820E-1
1.32804389E+4	1.04611315E+2	2.98349548E-8	9.79666808E+1	-2.55137755E+1	1.01234497E+2	-2.54773781E-1
1.42401793E+4	1.03426775E+2	2.68998831E-8	9.73917431E+1	-2.42438077E+1	1.00363907E+2	-2.43972138E-1
1.52692775E+4	1.02316991E+2	2.42313779E-8	9.68380746E+1	-2.30340533E+1	9.95398433E+1	-2.33522006E-1
1.63727458E+4	1.01286570E+2	2.18051567E-8	9.63147236E+1	-2.18829136E+1	9.87693677E+1	-2.23409502E-1
1.75559587E+4	1.00309291E+2	1.96000303E-8	9.58033501E+1	-2.07770081E+1	9.80304345E+1	-2.13564202E-1
1.88246790E+4	9.93960245E+1	1.76009677E-8	9.53148358E+1	-1.97230248E+1	9.73340421E+1	-2.04045281E-1
2.01850863E+4	9.85446514E+1	1.57855035E-8	9.48527186E+1	-1.87133591E+1	9.66810637E+1	-1.94787082E-1
2.16438064E+4	9.77445879E+1	1.41413729E-8	9.44087275E+1	-1.77463873E+1	9.60621786E+1	-1.85805822E-1
2.32079442E+4	9.69949358E+1	1.26525852E-8	9.39850591E+1	-1.68191365E+1	9.54781376E+1	-1.77080963E-1
2.48851178E+4	9.62884377E+1	1.13134686E-8	9.35736688E+1	-1.59383425E+1	9.49213483E+1	-1.68710239E-1
2.66834962E+4	9.56265851E+1	1.00974645E-8	9.31844444E+1	-1.50854058E+1	9.43976175E+1	-1.60495200E-1
2.86118383E+4	9.50111213E+1	8.99914634E-9	9.28181359E+1	-1.42670514E+1	9.39082274E+1	-1.52516065E-1
3.06795364E+4	9.44302623E+1	8.01150139E-9	9.24638278E+1	-1.34842138E+1	9.34418724E+1	-1.44811499E-1
3.28966612E+4	9.38929085E+1	7.12069339E-9	9.21334024E+1	-1.27322124E+1	9.30089948E+1	-1.37323465E-1
3.52740116E+4	9.33796501E+1	6.31836604E-9	9.18097486E+1	-1.20055078E+1	9.25913722E+1	-1.30027282E-1
3.78231664E+4	9.29069714E+1	5.59607565E-9	9.15099350E+1	-1.13067525E+1	9.22058073E+1	-1.22934582E-1
4.05565415E+4	9.24631198E+1	4.94691787E-9	9.12237633E+1	-1.06329069E+1	9.18413510E+1	-1.16034931E-1
4.34874501E+4	9.20433616E+1	4.36579986E-9	9.09469129E+1	-9.98591984E+0	9.14934948E+1	-1.09361356E-1
4.66301673E+4	9.16591484E+1	3.84504746E-9	9.06921658E+1	-9.36470572E+0	9.11743752E+1	-1.02893497E-1
5.00000000E+4	9.12948616E+1	3.37451274E-9	9.04476111E+1	-8.75395590E+0	9.08702489E+1	-9.64843070E-2
5.36133611E+4	9.09506162E+1	2.95553266E-9	9.02109291E+1	-8.16870976E+0	9.05800176E+1	-9.03049391E-2
5.74878498E+4	9.06304660E+1	2.57999637E-9	8.99885386E+1	-7.60039966E+0	9.03089319E+1	-8.42596680E-2
6.16423370E+4	9.03287084E+1	2.24458329E-9	8.97751070E+1	-7.04979364E+0	9.00514823E+1	-7.83664475E-2
6.60970574E+4	9.00427427E+1	1.94431928E-9	8.95692472E+1	-6.51234242E+0	8.98056829E+1	-7.25796326E-2
7.08737081E+4	8.97799147E+1	1.67648701E-9	8.93783813E+1	-5.99069046E+0	8.95789230E+1	-6.69260671E-2
7.59955541E+4	8.95319834E+1	1.43636523E-9	8.91956527E+1	-5.47715250E+0	8.93636598E+1	-6.13290403E-2
8.14875417E+4	8.92936151E+1	1.22137423E-9	8.90160599E+1	-4.97059765E+0	8.91547295E+1	-5.57814077E-2
8.73764200E+4	8.90687381E+1	1.03142938E-9	8.88427421E+1	-4.48085473E+0	8.89556683E+1	-5.03930990E-2
9.36908711E+4	8.88583840E+1	8.60382692E-10	8.86787640E+1	-3.99104717E+0	8.87685286E+1	-4.49753196E-2
1.00461650E+5	8.86567125E+1	7.07728741E-10	8.85178612E+1	-3.50581919E+0	8.85872596E+1	-3.95850948E-2
1.07721735E+5	8.84622941E+1	5.71599332E-10	8.83587996E+1	-3.02400770E+0	8.84105317E+1	-3.42108311E-2
1.15506485E+5	8.82869494E+1	4.50356874E-10	8.82134953E+1	-2.54550882E+0	8.82502147E+1	-2.88482225E-2
1.23853818E+5	8.81113196E+1	3.41853738E-10	8.80629337E+1	-2.06421220E+0	8.80871233E+1	-2.34359049E-2
1.32804389E+5	8.79468855E+1	2.44884402E-10	8.79184871E+1	-1.57998980E+0	8.79326851E+1	-1.79691370E-2
1.42401793E+5	8.77852498E+1	1.58734593E-10	8.77716059E+1	-1.09431532E+0	8.77784276E+1	-1.24671144E-2
1.52692775E+5	8.76362834E+1	8.08864561E-11	8.76322299E+1	-5.95966700E-1	8.76342566E+1	-6.80066572E-3
1.63727458E+5	8.74899793E+1	1.17565820E-11	8.74898811E+1	-9.25759700E-2	8.74899302E+1	-1.05813346E-3
1.75559587E+5	8.73492479E+1	-5.02285085E-11	8.73472018E+1	4.22729650E-1	8.73482249E+1	4.83961039E-3
1.88246790E+5	8.72273716E+1	-1.03878169E-10	8.72094671E+1	9.34442008E-1	8.72184184E+1	1.07152205E-2
2.01850863E+5	8.70882013E+1	-1.55379437E-10	8.70625586E+1	1.49415189E+0	8.70753790E+1	1.71601350E-2
2.16438064E+5	8.69640489E+1	-1.99930150E-10	8.69154568E+1	2.05507910E+0	8.69397495E+1	2.36401716E-2
2.32079442E+5	8.68486047E+1	-2.39801993E-10	8.67685790E+1	2.63508513E+0	8.68085827E+1	3.03597861E-2
2.48851178E+5	8.67408256E+1	-2.75704542E-10	8.66197117E+1	3.23894609E+0	8.66802475E+1	3.73753030E-2
2.66834962E+5	8.66303219E+1	-3.08562200E-10	8.64566696E+1	3.87466227E+0	8.65434521E+1	4.47862591E-2
2.86118383E+5	8.65214787E+1	-3.37199695E-10	8.62841197E+1	4.52551104E+0	8.64027177E+1	5.24009289E-2
3.06795364E+5	8.64220819E+1	-3.63193140E-10	8.61068568E+1	5.20989215E+0	8.62643254E+1	6.04312928E-2
3.28966612E+5	8.63292348E+1	-3.86862899E-10	8.59197951E+1	5.93116454E+0	8.61242716E+1	6.89220624E-2
3.52740116E+5	8.62299452E+1	-4.08478916E-10	8.57076137E+1	6.69085836E+0	8.59683827E+1	7.79080844E-2
3.78231664E+5	8.61420243E+1	-4.27596987E-10	8.54869710E+1	7.48319803E+0	8.58138726E+1	8.73135752E-2
4.05565415E+5	8.60730325E+1	-4.44718466E-10	8.52618073E+1	8.31663342E+0	8.56664597E+1	9.72347068E-2
4.34874501E+5	8.59901826E+1	-4.61172880E-10	8.49922689E+1	9.20949591E+0	8.54897697E+1	1.07935749E-1
4.66301673E+5	8.59244922E+1	-4.76153443E-10	8.47073436E+1	1.01538740E+1	8.53137473E+1	1.19300828E-1
5.00000000E+5	8.58632973E+1	-4.89726918E-10	8.43905842E+1	1.11482180E+1	8.51237559E+1	1.31342119E-1
