Start time:20240904_19-33-36	sweep/start:500.000	sweep/stop:500000.000	sweep/samplecount:100.000	sweep/xmapping:1.000	sweep/scan:0.000	sweep/averaging/sample:10.000	sweep/settling/time:0.100	sweep/settling/inaccuracy:0.010	sweep/awgcontrol:0.000	sweep/averaging/time:0.100	sweep/averaging/tc:15.000	sweep/bandwidthcontrol:2.000	sweep/sincfilter:0.000	sweep/omegasuppression:80.000	sweep/maxbandwidth:100.000	sweep/bandwidth:1250000.000	sweep/order:8.000	sweep/bandwidthoverlap:1.000																				
Frequency	Param0		Param1		RealZ		ImagZ		AbsZ		PhaseZ		
5.00000000E+2	9.64349920E+2	6.65990133E-7	1.90168354E+2	-3.83698840E+2	4.28239197E+2	-1.11065983E+0
5.36133611E+2	8.77032540E+2	6.47148752E-7	1.88386806E+2	-3.60182919E+2	4.06474269E+2	-1.08889419E+0
5.74878498E+2	7.99388178E+2	6.27472333E-7	1.86660064E+2	-3.38189035E+2	3.86282039E+2	-1.06646489E+0
6.16423370E+2	7.30860798E+2	6.07044168E-7	1.84898979E+2	-3.17722776E+2	3.67607671E+2	-1.04375414E+0
6.60970574E+2	6.69894468E+2	5.85890630E-7	1.83188082E+2	-2.98594687E+2	3.50309387E+2	-1.02050886E+0
7.08737081E+2	6.15805852E+2	5.64050599E-7	1.81519243E+2	-2.80769231E+2	3.34336060E+2	-9.96880631E-1
7.59955541E+2	5.67658085E+2	5.41595967E-7	1.79919559E+2	-2.64124460E+2	3.19582200E+2	-9.72804794E-1
8.14875417E+2	5.25018893E+2	5.18666445E-7	1.78342799E+2	-2.48650709E+2	3.05995641E+2	-9.48591857E-1
8.73764200E+2	4.87153728E+2	4.95471127E-7	1.76763100E+2	-2.34234070E+2	2.93446412E+2	-9.24330316E-1
9.36908711E+2	4.53420553E+2	4.72067798E-7	1.75222201E+2	-2.20786150E+2	2.81867602E+2	-8.99952488E-1
1.00461650E+3	4.23480310E+2	4.48607860E-7	1.73699492E+2	-2.08294975E+2	2.71216357E+2	-8.75717174E-1
1.07721735E+3	3.96765656E+2	4.25355182E-7	1.72148877E+2	-1.96640588E+2	2.61347965E+2	-8.51711884E-1
1.15506485E+3	3.72936153E+2	4.02293186E-7	1.70635732E+2	-1.85794717E+2	2.52262228E+2	-8.27902534E-1
1.23853818E+3	3.51688211E+2	3.79695883E-7	1.69092559E+2	-1.75714439E+2	2.43860326E+2	-8.04600396E-1
1.32804389E+3	3.32683082E+2	3.57586311E-7	1.67565675E+2	-1.66337033E+2	2.36106469E+2	-7.81718536E-1
1.42401793E+3	3.15638960E+2	3.36133808E-7	1.66025431E+2	-1.57605993E+2	2.28919404E+2	-7.59388518E-1
1.52692775E+3	3.00342469E+2	3.15421651E-7	1.64475408E+2	-1.49488425E+2	2.22258745E+2	-7.37699628E-1
1.63727458E+3	2.86588721E+2	2.95555982E-7	1.62901381E+2	-1.41946599E+2	2.16068734E+2	-7.16767656E-1
1.75559587E+3	2.74162938E+2	2.76570317E-7	1.61312157E+2	-1.34922948E+2	2.10299345E+2	-6.96550709E-1
1.88246790E+3	2.62923472E+2	2.58545937E-7	1.59689100E+2	-1.28395496E+2	2.04904886E+2	-6.77195978E-1
2.01850863E+3	2.52729600E+2	2.41480310E-7	1.58045267E+2	-1.22329105E+2	1.99856741E+2	-6.58693194E-1
2.16438064E+3	2.43426099E+2	2.25405443E-7	1.56364292E+2	-1.16676294E+2	1.95097795E+2	-6.41053410E-1
2.32079442E+3	2.34938722E+2	2.10293322E-7	1.54663551E+2	-1.11425500E+2	1.90621239E+2	-6.24311459E-1
2.48851178E+3	2.27110968E+2	1.96132781E-7	1.52928167E+2	-1.06511215E+2	1.86364331E+2	-6.08358783E-1
2.66834962E+3	2.19888733E+2	1.82898693E-7	1.51163165E+2	-1.01925336E+2	1.82315871E+2	-5.93250488E-1
2.86118383E+3	2.13190317E+2	1.70558791E-7	1.49365999E+2	-9.76380182E+1	1.78447148E+2	-5.78959987E-1
3.06795364E+3	2.06960095E+2	1.59075937E-7	1.47538442E+2	-9.36321401E+1	1.74741437E+2	-5.65493433E-1
3.28966612E+3	2.01099086E+2	1.48392771E-7	1.45675410E+2	-8.98546951E+1	1.71158382E+2	-5.52691397E-1
3.52740116E+3	1.95605568E+2	1.38454386E-7	1.43797565E+2	-8.63125962E+1	1.67712863E+2	-5.40593630E-1
3.78231664E+3	1.90387362E+2	1.29211706E-7	1.41890905E+2	-8.29530351E+1	1.64360077E+2	-5.29037979E-1
4.05565415E+3	1.85446972E+2	1.20623347E-7	1.39967847E+2	-7.97848044E+1	1.61110562E+2	-5.18085416E-1
4.34874501E+3	1.80732201E+2	1.12628432E-7	1.38031650E+2	-7.67725679E+1	1.57945446E+2	-5.07587303E-1
4.66301673E+3	1.76215804E+2	1.05175174E-7	1.36089119E+2	-7.38972604E+1	1.54858172E+2	-4.97457979E-1
5.00000000E+3	1.71897981E+2	9.82115564E-8	1.34159262E+2	-7.11547506E+1	1.51860812E+2	-4.87651482E-1
5.36133611E+3	1.67743745E+2	9.17044906E-8	1.32235594E+2	-6.85232902E+1	1.48935200E+2	-4.78094251E-1
5.74878498E+3	1.63734121E+2	8.56363334E-8	1.30308521E+2	-6.59972756E+1	1.46068310E+2	-4.68809704E-1
6.16423370E+3	1.59878870E+2	7.99353281E-8	1.28416093E+2	-6.35635647E+1	1.43286496E+2	-4.59624595E-1
6.60970574E+3	1.56147802E+2	7.45846518E-8	1.26544621E+2	-6.12055808E+1	1.40569074E+2	-4.50496830E-1
7.08737081E+3	1.52551850E+2	6.95524477E-8	1.24710364E+2	-5.89247120E+1	1.37930406E+2	-4.41400453E-1
7.59955541E+3	1.49065334E+2	6.48363812E-8	1.22892421E+2	-5.67137774E+1	1.35347700E+2	-4.32368858E-1
8.14875417E+3	1.45713891E+2	6.03792841E-8	1.21133712E+2	-5.45663648E+1	1.32856556E+2	-4.23239641E-1
8.73764200E+3	1.42488894E+2	5.61861782E-8	1.19419130E+2	-5.24878177E+1	1.30445006E+2	-4.14109726E-1
9.36908711E+3	1.39377554E+2	5.22326329E-8	1.17750954E+2	-5.04633800E+1	1.28108704E+2	-4.04882353E-1
1.00461650E+4	1.36388889E+2	4.85011566E-8	1.16139875E+2	-4.84945139E+1	1.25857811E+2	-3.95545815E-1
1.07721735E+4	1.33516407E+2	4.49841422E-8	1.14581279E+2	-4.65790847E+1	1.23687028E+2	-3.86110678E-1
1.15506485E+4	1.30765105E+2	4.16705773E-8	1.13080232E+2	-4.47192291E+1	1.21601597E+2	-3.76590448E-1
1.23853818E+4	1.28126274E+2	3.85538144E-8	1.11630506E+2	-4.29118962E+1	1.19594317E+2	-3.66995009E-1
1.32804389E+4	1.25603794E+2	3.56191596E-8	1.10240056E+2	-4.11545779E+1	1.17671446E+2	-3.57295070E-1
1.42401793E+4	1.23191684E+2	3.28599132E-8	1.08904922E+2	-3.94448801E+1	1.15828238E+2	-3.47497886E-1
1.52692775E+4	1.20892874E+2	3.02725224E-8	1.07624804E+2	-3.77885336E+1	1.14066085E+2	-3.37666555E-1
1.63727458E+4	1.18705766E+2	2.78445668E-8	1.06403547E+2	-3.61801003E+1	1.12386451E+2	-3.27762891E-1
1.75559587E+4	1.16628487E+2	2.55692799E-8	1.05240711E+2	-3.46187454E+1	1.10788379E+2	-3.17798782E-1
1.88246790E+4	1.14652604E+2	2.34452205E-8	1.04126829E+2	-3.31061236E+1	1.09263041E+2	-3.07833524E-1
2.01850863E+4	1.12777443E+2	2.14610009E-8	1.03066060E+2	-3.16372239E+1	1.07812461E+2	-2.97830407E-1
2.16438064E+4	1.11011026E+2	1.96113872E-8	1.02064572E+2	-3.02178073E+1	1.06443848E+2	-2.87843345E-1
2.32079442E+4	1.09330449E+2	1.78947338E-8	1.01101866E+2	-2.88431099E+1	1.05135686E+2	-2.77905142E-1
2.48851178E+4	1.07745167E+2	1.62957542E-8	1.00193817E+2	-2.75063356E+1	1.03900912E+2	-2.67930385E-1
2.66834962E+4	1.06243354E+2	1.48168324E-8	9.93247722E+1	-2.62142428E+1	1.02725834E+2	-2.58040552E-1
2.86118383E+4	1.04825992E+2	1.34466799E-8	9.85009992E+1	-2.49603294E+1	1.01614295E+2	-2.48177775E-1
3.06795364E+4	1.03494923E+2	1.21840127E-8	9.77210870E+1	-2.37534302E+1	1.00566577E+2	-2.38449282E-1
3.28966612E+4	1.02246218E+2	1.10173712E-8	9.69880771E+1	-2.25826694E+1	9.95824488E+1	-2.28763683E-1
3.52740116E+4	1.01069761E+2	9.94393975E-9	9.62920556E+1	-2.14488940E+1	9.86519896E+1	-2.19170234E-1
3.78231664E+4	9.99622128E+1	8.95744457E-9	9.56319092E+1	-2.03498199E+1	9.77730907E+1	-2.09665906E-1
4.05565415E+4	9.89217601E+1	8.05505560E-9	9.50048107E+1	-1.92906449E+1	9.69435046E+1	-2.00325698E-1
4.34874501E+4	9.79529023E+1	7.22621370E-9	9.44209700E+1	-1.82616650E+1	9.61707234E+1	-1.91048057E-1
4.66301673E+4	9.70436729E+1	6.46938738E-9	9.38677432E+1	-1.72660740E+1	9.54424987E+1	-1.81907076E-1
5.00000000E+4	9.61868681E+1	5.77907389E-9	9.33403287E+1	-1.63002113E+1	9.47529096E+1	-1.72888609E-1
5.36133611E+4	9.53851046E+1	5.15012052E-9	9.28426724E+1	-1.53637944E+1	9.41053028E+1	-1.63995842E-1
5.74878498E+4	9.46440699E+1	4.57927466E-9	9.23801005E+1	-1.44618701E+1	9.35052335E+1	-1.55287101E-1
6.16423370E+4	9.39431032E+1	4.05926274E-9	9.19375462E+1	-1.35788793E+1	9.29349148E+1	-1.46636651E-1
6.60970574E+4	9.32898062E+1	3.58994250E-9	9.15193690E+1	-1.27290707E+1	9.24003474E+1	-1.38199481E-1
7.08737081E+4	9.26827958E+1	3.16216644E-9	9.11305455E+1	-1.18935867E+1	9.19033935E+1	-1.29777997E-1
7.59955541E+4	9.21121075E+1	2.77769518E-9	9.07574759E+1	-1.10879629E+1	9.14322830E+1	-1.21568895E-1
8.14875417E+4	9.15813823E+1	2.42937996E-9	9.04082267E+1	-1.02986825E+1	9.09929139E+1	-1.13424194E-1
8.73764200E+4	9.10875182E+1	2.11438528E-9	9.00804363E+1	-9.52461870E+0	9.05825777E+1	-1.05343188E-1
9.36908711E+4	9.06240748E+1	1.83157946E-9	8.97670172E+1	-8.77128624E+0	9.01945280E+1	-9.74024820E-2
1.00461650E+5	9.01902802E+1	1.57742060E-9	8.94687632E+1	-8.03450018E+0	8.98287973E+1	-8.95620521E-2
1.07721735E+5	8.97843158E+1	1.34797799E-9	8.91858639E+1	-7.30571107E+0	8.94845896E+1	-8.17330854E-2
1.15506485E+5	8.94068985E+1	1.14234746E-9	8.89183557E+1	-6.59093308E+0	8.91622925E+1	-7.39881197E-2
1.23853818E+5	8.90569092E+1	9.57911459E-10	8.86661381E+1	-5.88626813E+0	8.88613088E+1	-6.62896086E-2
1.32804389E+5	8.87243825E+1	7.91942266E-10	8.84204215E+1	-5.18419556E+0	8.85722716E+1	-5.85641547E-2
1.42401793E+5	8.84180722E+1	6.43416612E-10	8.81895778E+1	-4.48896172E+0	8.83037511E+1	-5.08573798E-2
1.52692775E+5	8.81326006E+1	5.10389478E-10	8.79687670E+1	-3.79634040E+0	8.80506457E+1	-4.31287881E-2
1.63727458E+5	8.78567322E+1	3.91295444E-10	8.77469844E+1	-3.10322605E+0	8.78018412E+1	-3.53508821E-2
1.75559587E+5	8.76045894E+1	2.85290678E-10	8.75380564E+1	-2.41332487E+0	8.75713166E+1	-2.75618827E-2
1.88246790E+5	8.74170595E+1	1.89085047E-10	8.73804457E+1	-1.70824966E+0	8.73987500E+1	-1.95472468E-2
2.01850863E+5	8.71500528E+1	1.04626024E-10	8.71383991E+1	-1.00769125E+0	8.71442258E+1	-1.15637455E-2
2.16438064E+5	8.69426356E+1	2.84150277E-11	8.69416537E+1	-2.92094036E-1	8.69421447E+1	-3.35964166E-3
2.32079442E+5	8.67453027E+1	-3.96827709E-11	8.67431165E+1	4.35411271E-1	8.67442096E+1	5.01950535E-3
2.48851178E+5	8.65655952E+1	-1.00276331E-10	8.65496510E+1	1.17470438E+0	8.65576228E+1	1.35717743E-2
2.66834962E+5	8.63993390E+1	-1.54899062E-10	8.63558609E+1	1.93764136E+0	8.63775972E+1	2.24341087E-2
2.86118383E+5	8.62358205E+1	-2.03263834E-10	8.61502731E+1	2.71475160E+0	8.61930362E+1	3.15013925E-2
3.06795364E+5	8.60839048E+1	-2.46709386E-10	8.59398692E+1	3.51828440E+0	8.60118568E+1	4.09160615E-2
3.28966612E+5	8.59463093E+1	-2.85706373E-10	8.57254719E+1	4.35099660E+0	8.58358196E+1	5.07114865E-2
3.52740116E+5	8.58159492E+1	-3.20667992E-10	8.54979147E+1	5.21451479E+0	8.56567844E+1	6.09145065E-2
3.78231664E+5	8.56931927E+1	-3.51847662E-10	8.52554677E+1	6.10887194E+0	8.54740500E+1	7.15314692E-2
4.05565415E+5	8.55851689E+1	-3.80223258E-10	8.50006754E+1	7.04855984E+0	8.52924215E+1	8.27342804E-2
4.34874501E+5	8.54813879E+1	-4.05317066E-10	8.47220789E+1	8.02059957E+0	8.51008865E+1	9.43882264E-2
4.66301673E+5	8.53932444E+1	-4.28295301E-10	8.44238657E+1	9.04646411E+0	8.49071717E+1	1.06747971E-1
NaN	NaN	NaN	NaN	NaN	NaN	NaN
