Start time:20240909_09-58-08	sweep/start:500.000	sweep/stop:500000.000	sweep/samplecount:100.000	sweep/xmapping:1.000	sweep/scan:0.000	sweep/averaging/sample:10.000	sweep/settling/time:0.100	sweep/settling/inaccuracy:0.010	sweep/awgcontrol:0.000	sweep/averaging/time:0.100	sweep/averaging/tc:15.000	sweep/bandwidthcontrol:2.000	sweep/sincfilter:0.000	sweep/omegasuppression:80.000	sweep/maxbandwidth:100.000	sweep/bandwidth:1250000.000	sweep/order:8.000	sweep/bandwidthoverlap:1.000																				
Frequency	Param0		Param1		RealZ		ImagZ		AbsZ		PhaseZ		
5.00000000E+2	1.04701971E+3	8.44332140E-7	1.20164421E+2	-3.33728939E+2	3.54703391E+2	-1.22518238E+0
5.36133611E+2	9.35552791E+2	8.29899127E-7	1.19321906E+2	-3.12080388E+2	3.34113593E+2	-1.20560312E+0
5.74878498E+2	8.36797258E+2	8.14021506E-7	1.18631680E+2	-2.91885460E+2	3.15072383E+2	-1.18475722E+0
6.16423370E+2	7.50118752E+2	7.96853770E-7	1.17949982E+2	-2.73064598E+2	2.97449956E+2	-1.16305455E+0
6.60970574E+2	6.73937822E+2	7.78523002E-7	1.17248307E+2	-2.55481656E+2	2.81101488E+2	-1.14054069E+0
7.08737081E+2	6.06886767E+2	7.58717846E-7	1.16609920E+2	-2.39104844E+2	2.66024441E+2	-1.11704217E+0
7.59955541E+2	5.48021363E+2	7.37677439E-7	1.15954353E+2	-2.23830395E+2	2.52082246E+2	-1.09281667E+0
8.14875417E+2	4.96153455E+2	7.15308844E-7	1.15334085E+2	-2.09574439E+2	2.39214127E+2	-1.06770352E+0
8.73764200E+2	4.50616386E+2	6.91749263E-7	1.14701614E+2	-1.96290508E+2	2.27346486E+2	-1.04196649E+0
9.36908711E+2	4.10507198E+2	6.66979581E-7	1.14096623E+2	-1.83900625E+2	2.16419687E+2	-1.01549335E+0
1.00461650E+3	3.75074314E+2	6.41249570E-7	1.13490904E+2	-1.72300130E+2	2.06318979E+2	-9.88342322E-1
1.07721735E+3	3.44059357E+2	6.14572587E-7	1.12871712E+2	-1.61538048E+2	1.97064876E+2	-9.60922260E-1
1.15506485E+3	3.16623763E+2	5.87108959E-7	1.12273676E+2	-1.51469907E+2	1.88543131E+2	-9.32933235E-1
1.23853818E+3	2.92489534E+2	5.59147545E-7	1.11647239E+2	-1.42093425E+2	1.80708738E+2	-9.04816627E-1
1.32804389E+3	2.71136562E+2	5.30664950E-7	1.11055246E+2	-1.33333674E+2	1.73525608E+2	-8.76306630E-1
1.42401793E+3	2.52290221E+2	5.01998640E-7	1.10455306E+2	-1.25165559E+2	1.66933497E+2	-8.47749115E-1
1.52692775E+3	2.35617836E+2	4.73311415E-7	1.09858444E+2	-1.17540333E+2	1.60886942E+2	-8.19166903E-1
1.63727458E+3	2.20866371E+2	4.44802744E-7	1.09263929E+2	-1.10426992E+2	1.55347118E+2	-7.90692200E-1
1.75559587E+3	2.07771762E+2	4.16730552E-7	1.08655577E+2	-1.03776326E+2	1.50251657E+2	-7.62433663E-1
1.88246790E+3	1.96155517E+2	3.89210796E-7	1.08049176E+2	-9.75695502E+1	1.45583109E+2	-7.34475923E-1
2.01850863E+3	1.85831820E+2	3.62369523E-7	1.07454642E+2	-9.17714079E+1	1.41309913E+2	-7.06839374E-1
2.16438064E+3	1.76636232E+2	3.36443275E-7	1.06848534E+2	-8.63522611E+1	1.37380211E+2	-6.79705559E-1
2.32079442E+3	1.68438229E+2	3.11494894E-7	1.06246654E+2	-8.12874310E+1	1.33775925E+2	-6.53084084E-1
2.48851178E+3	1.61105699E+2	2.87635863E-7	1.05644110E+2	-7.65453463E+1	1.30460217E+2	-6.27018793E-1
2.66834962E+3	1.54562884E+2	2.64895831E-7	1.05059011E+2	-7.21167652E+1	1.27429289E+2	-6.01567577E-1
2.86118383E+3	1.48684475E+2	2.43404903E-7	1.04465115E+2	-6.79660233E+1	1.24628812E+2	-5.76803752E-1
3.06795364E+3	1.43406508E+2	2.23156628E-7	1.03876168E+2	-6.40801070E+1	1.22051295E+2	-5.52745702E-1
3.28966612E+3	1.38662237E+2	2.04160828E-7	1.03294831E+2	-6.04422879E+1	1.19679122E+2	-5.29423898E-1
3.52740116E+3	1.34386329E+2	1.86408713E-7	1.02721708E+2	-5.70319541E+1	1.17492098E+2	-5.06833175E-1
3.78231664E+3	1.30515567E+2	1.69889464E-7	1.02151026E+2	-5.38281239E+1	1.15465575E+2	-4.84971686E-1
4.05565415E+3	1.27016261E+2	1.54572685E-7	1.01588400E+2	-5.08249516E+1	1.13593040E+2	-4.63889748E-1
4.34874501E+3	1.23841006E+2	1.40426345E-7	1.01029157E+2	-4.80068934E+1	1.11855051E+2	-4.43594049E-1
4.66301673E+3	1.20962308E+2	1.27362849E-7	1.00488614E+2	-4.53582740E+1	1.10251234E+2	-4.23998658E-1
5.00000000E+3	1.18342571E+2	1.15360404E-7	9.99558775E+1	-4.28702458E+1	1.08761369E+2	-4.05162325E-1
5.36133611E+3	1.15958870E+2	1.04363718E-7	9.94336833E+1	-4.05359115E+1	1.07378851E+2	-3.87099029E-1
5.74878498E+3	1.13783000E+2	9.42961926E-8	9.89249802E+1	-3.83383522E+1	1.06094208E+2	-3.69727550E-1
6.16423370E+3	1.11785217E+2	8.51152830E-8	9.84197523E+1	-3.62687974E+1	1.04889815E+2	-3.53069904E-1
6.60970574E+3	1.09953817E+2	7.67575525E-8	9.79235806E+1	-3.43226416E+1	1.03764500E+2	-3.37124064E-1
7.08737081E+3	1.08282562E+2	6.91383437E-8	9.74514427E+1	-3.24885842E+1	1.02724349E+2	-3.21794607E-1
7.59955541E+3	1.06732191E+2	6.22288702E-8	9.69781475E+1	-3.07559593E+1	1.01738342E+2	-3.07109356E-1
8.14875417E+3	1.05314722E+2	5.59654923E-8	9.65245235E+1	-2.91285029E+1	1.00823873E+2	-2.93082680E-1
8.73764200E+3	1.04004902E+2	5.02970714E-8	9.60803312E+1	-2.75933931E+1	9.99641207E+1	-2.79664264E-1
9.36908711E+3	1.02785840E+2	4.51698679E-8	9.56414575E+1	-2.61399914E+1	9.91493196E+1	-2.66796539E-1
1.00461650E+4	1.01665499E+2	4.05347104E-8	9.52223158E+1	-2.47696338E+1	9.83911797E+1	-2.54484440E-1
1.07721735E+4	1.00624587E+2	3.63554786E-8	9.48118959E+1	-2.34757788E+1	9.76750113E+1	-2.42722079E-1
1.15506485E+4	9.96564492E+1	3.25861856E-8	9.44122552E+1	-2.22512053E+1	9.69989181E+1	-2.31457530E-1
1.23853818E+4	9.87583048E+1	2.91878418E-8	9.40269850E+1	-2.10919819E+1	9.63636116E+1	-2.20665581E-1
1.32804389E+4	9.79128381E+1	2.61318786E-8	9.36442308E+1	-1.99932591E+1	9.57547514E+1	-2.10344197E-1
1.42401793E+4	9.71292540E+1	2.33750118E-8	9.32799451E+1	-1.89489652E+1	9.51851432E+1	-2.00413754E-1
1.52692775E+4	9.63916078E+1	2.09029709E-8	9.29194617E+1	-1.79619002E+1	9.46396128E+1	-1.90950925E-1
1.63727458E+4	9.57071816E+1	1.86728933E-8	9.25780545E+1	-1.70202362E+1	9.41296163E+1	-1.81817095E-1
1.75559587E+4	9.50689809E+1	1.66664658E-8	9.22509580E+1	-1.61234375E+1	9.36493703E+1	-1.73030253E-1
1.88246790E+4	9.44576728E+1	1.48740959E-8	9.19192890E+1	-1.52750247E+1	9.31798376E+1	-1.64673827E-1
2.01850863E+4	9.38910816E+1	1.32603140E-8	9.16070287E+1	-1.44649661E+1	9.27420239E+1	-1.56609316E-1
2.16438064E+4	9.33602906E+1	1.18095143E-8	9.13076043E+1	-1.36903543E+1	9.23282431E+1	-1.48827969E-1
2.32079442E+4	9.28553168E+1	1.05078241E-8	9.10129520E+1	-1.29490917E+1	9.19295191E+1	-1.41328920E-1
2.48851178E+4	9.23828292E+1	9.34245347E-9	9.07304979E+1	-1.22440490E+1	9.15529360E+1	-1.34139280E-1
2.66834962E+4	9.19349072E+1	8.29458176E-9	9.04563626E+1	-1.15647608E+1	9.11926384E+1	-1.27159230E-1
2.86118383E+4	9.15178263E+1	7.35472923E-9	9.01971722E+1	-1.09141758E+1	9.08550997E+1	-1.20418086E-1
3.06795364E+4	9.11223460E+1	6.51070527E-9	8.99459726E+1	-1.02863975E+1	9.05322486E+1	-1.13867268E-1
3.28966612E+4	9.07480395E+1	5.75701540E-9	8.97020312E+1	-9.68653827E+0	9.02235195E+1	-1.07568895E-1
3.52740116E+4	9.04004754E+1	5.08128502E-9	8.94731104E+1	-9.10901699E+0	8.99355976E+1	-1.01457751E-1
3.78231664E+4	9.00696072E+1	4.47485190E-9	8.92507626E+1	-8.54882887E+0	8.96592501E+1	-9.54930511E-2
4.05565415E+4	8.97602974E+1	3.93108568E-9	8.90404131E+1	-8.00616880E+0	8.93996307E+1	-8.96749706E-2
4.34874501E+4	8.94669971E+1	3.44624970E-9	8.88364779E+1	-7.48418896E+0	8.91511801E+1	-8.40483297E-2
4.66301673E+4	8.91932175E+1	3.01285152E-9	8.86437257E+1	-6.97917994E+0	8.89180471E+1	-7.85708443E-2
5.00000000E+4	8.89324335E+1	2.62534174E-9	8.84565264E+1	-6.48822260E+0	8.86941607E+1	-7.32181638E-2
5.36133611E+4	8.86870892E+1	2.27883832E-9	8.82779170E+1	-6.01006112E+0	8.84822666E+1	-6.79762444E-2
5.74878498E+4	8.84573450E+1	1.96811679E-9	8.81089258E+1	-5.54064856E+0	8.82829635E+1	-6.28013844E-2
6.16423370E+4	8.82418597E+1	1.69071613E-9	8.79482054E+1	-5.08196032E+0	8.80949102E+1	-5.77193772E-2
6.60970574E+4	8.80334180E+1	1.44470531E-9	8.77885026E+1	-4.63688655E+0	8.79108750E+1	-5.27697997E-2
7.08737081E+4	8.78400997E+1	1.22317543E-9	8.76394707E+1	-4.19320737E+0	8.77397279E+1	-4.78096449E-2
7.59955541E+4	8.76638592E+1	1.02720207E-9	8.75020851E+1	-3.76238254E+0	8.75829348E+1	-4.29711631E-2
8.14875417E+4	8.74902264E+1	8.51223423E-10	8.73632046E+1	-3.33121566E+0	8.74266924E+1	-3.81121846E-2
8.73764200E+4	8.73322128E+1	6.94548300E-10	8.72354748E+1	-2.90498683E+0	8.72838304E+1	-3.32882204E-2
9.36908711E+4	8.71750556E+1	5.55925041E-10	8.71041613E+1	-2.48498930E+0	8.71396012E+1	-2.85212026E-2
1.00461650E+5	8.70314704E+1	4.31165107E-10	8.69826686E+1	-2.06031120E+0	8.70070661E+1	-2.36820285E-2
1.07721735E+5	8.68946123E+1	3.20664111E-10	8.68637165E+1	-1.63819203E+0	8.68791630E+1	-1.88571009E-2
1.15506485E+5	8.67631606E+1	2.22023338E-10	8.67462054E+1	-1.21274835E+0	8.67546826E+1	-1.39795092E-2
1.23853818E+5	8.66442197E+1	1.34223753E-10	8.66371233E+1	-7.84083403E-1	8.66406714E+1	-9.04995417E-3
1.32804389E+5	8.65258104E+1	5.59778622E-11	8.65243904E+1	-3.49697374E-1	8.65251004E+1	-4.04158453E-3
1.42401793E+5	8.64103625E+1	-1.38437553E-11	8.64102630E+1	9.24867394E-2	8.64103127E+1	1.07032197E-3
1.52692775E+5	8.63045675E+1	-7.62380784E-11	8.63011282E+1	5.44779002E-1	8.63028478E+1	6.31245382E-3
1.63727458E+5	8.62037947E+1	-1.31610815E-10	8.61920531E+1	1.00597380E+0	8.61979237E+1	1.16707745E-2
1.75559587E+5	8.61060105E+1	-1.81561274E-10	8.60804109E+1	1.48444947E+0	8.60932098E+1	1.72432073E-2
1.88246790E+5	8.59651742E+1	-2.20440359E-10	8.59168104E+1	1.92528082E+0	8.59409875E+1	2.24069206E-2
2.01850863E+5	8.59289873E+1	-2.64932944E-10	8.58574136E+1	2.47892817E+0	8.58931930E+1	2.88645972E-2
2.16438064E+5	8.58414274E+1	-3.00653352E-10	8.57358143E+1	3.00911509E+0	8.57886046E+1	3.50831251E-2
2.32079442E+5	8.57670342E+1	-3.31934245E-10	8.56194798E+1	3.55436146E+0	8.56932252E+1	4.14896433E-2
2.48851178E+5	8.56928610E+1	-3.60375836E-10	8.54935303E+1	4.12812781E+0	8.55931376E+1	4.82483755E-2
2.66834962E+5	8.56230906E+1	-3.85475743E-10	8.53617007E+1	4.72360569E+0	8.54922957E+1	5.52799774E-2
2.86118383E+5	8.55553752E+1	-4.09090612E-10	8.52179971E+1	5.36196249E+0	8.53865195E+1	6.28377031E-2
3.06795364E+5	8.54886460E+1	-4.29032409E-10	8.50634412E+1	6.01409323E+0	8.52757786E+1	7.05838158E-2
3.28966612E+5	8.54340969E+1	-4.47742869E-10	8.49033224E+1	6.71299750E+0	8.51682962E+1	7.89022047E-2
3.52740116E+5	8.53773644E+1	-4.64446570E-10	8.47229848E+1	7.44585320E+0	8.50495452E+1	8.76594659E-2
3.78231664E+5	8.53373266E+1	-4.79159251E-10	8.45390144E+1	8.21511765E+0	8.49372326E+1	9.68713083E-2
4.05565415E+5	8.52821491E+1	-4.93121792E-10	8.43138562E+1	9.03549728E+0	8.47966205E+1	1.06757596E-1
4.34874501E+5	8.52458695E+1	-5.05424496E-10	8.40805550E+1	9.89849028E+0	8.46612073E+1	1.17186881E-1
4.66301673E+5	8.52184685E+1	-5.16786129E-10	8.38229152E+1	1.08156890E+1	8.45178115E+1	1.28321217E-1
NaN	NaN	NaN	NaN	NaN	NaN	NaN
