Start time:20240908_22-39-37	sweep/start:500.000	sweep/stop:500000.000	sweep/samplecount:100.000	sweep/xmapping:1.000	sweep/scan:0.000	sweep/averaging/sample:10.000	sweep/settling/time:0.100	sweep/settling/inaccuracy:0.010	sweep/awgcontrol:0.000	sweep/averaging/time:0.100	sweep/averaging/tc:15.000	sweep/bandwidthcontrol:2.000	sweep/sincfilter:0.000	sweep/omegasuppression:80.000	sweep/maxbandwidth:100.000	sweep/bandwidth:1250000.000	sweep/order:8.000	sweep/bandwidthoverlap:1.000																				
Frequency	Param0		Param1		RealZ		ImagZ		AbsZ		PhaseZ		
5.00000000E+2	1.00640386E+3	8.18618891E-7	1.30719349E+2	-3.38332504E+2	3.62707092E+2	-1.20210050E+0
5.36133611E+2	9.02041727E+2	8.02551944E-7	1.29844340E+2	-3.16647190E+2	3.42235297E+2	-1.18164774E+0
5.74878498E+2	8.10480721E+2	7.85188143E-7	1.28979845E+2	-2.96479029E+2	3.23319695E+2	-1.16045364E+0
6.16423370E+2	7.29654790E+2	7.66685883E-7	1.28133665E+2	-2.77623983E+2	3.05766770E+2	-1.13838999E+0
6.60970574E+2	6.58682431E+2	7.46902325E-7	1.27294106E+2	-2.60081887E+2	2.89562394E+2	-1.11563350E+0
7.08737081E+2	5.96222640E+2	7.25938275E-7	1.26455178E+2	-2.43730416E+2	2.74582283E+2	-1.09219674E+0
7.59955541E+2	5.41106162E+2	7.03828600E-7	1.25633974E+2	-2.28467536E+2	2.60732261E+2	-1.06803098E+0
8.14875417E+2	4.92485079E+2	6.80646322E-7	1.24819338E+2	-2.14223673E+2	2.47934775E+2	-1.04322521E+0
8.73764200E+2	4.49669849E+2	6.56464006E-7	1.23999649E+2	-2.00955179E+2	2.36133222E+2	-1.01793338E+0
9.36908711E+2	4.11858957E+2	6.31393348E-7	1.23184696E+2	-1.88574248E+2	2.25243685E+2	-9.92145106E-1
1.00461650E+3	3.78508128E+2	6.05633693E-7	1.22344919E+2	-1.77031819E+2	2.15194203E+2	-9.66075295E-1
1.07721735E+3	3.48964821E+2	5.79221228E-7	1.21521761E+2	-1.66250649E+2	2.05929157E+2	-9.39595779E-1
1.15506485E+3	3.22857915E+2	5.52343880E-7	1.20694613E+2	-1.56205055E+2	1.97401139E+2	-9.12944969E-1
1.23853818E+3	2.99723807E+2	5.25176035E-7	1.19866409E+2	-1.46829353E+2	1.89543703E+2	-8.86155814E-1
1.32804389E+3	2.79248507E+2	4.97932368E-7	1.19022013E+2	-1.38095902E+2	1.82309403E+2	-8.59445956E-1
1.42401793E+3	2.60984824E+2	4.70738864E-7	1.18182624E+2	-1.29910498E+2	1.75624232E+2	-8.32635063E-1
1.52692775E+3	2.44760047E+2	4.43713070E-7	1.17355399E+2	-1.22276829E+2	1.69481305E+2	-8.05932710E-1
1.63727458E+3	2.30312637E+2	4.17162308E-7	1.16502139E+2	-1.15148452E+2	1.63804501E+2	-7.79554574E-1
1.75559587E+3	2.17395728E+2	3.91111467E-7	1.15657302E+2	-1.08474841E+2	1.58566715E+2	-7.53363468E-1
1.88246790E+3	2.05856514E+2	3.65723170E-7	1.14814036E+2	-1.02239688E+2	1.53737494E+2	-7.27530879E-1
2.01850863E+3	1.95530469E+2	3.41140479E-7	1.13967025E+2	-9.64133952E+1	1.49278350E+2	-7.02153423E-1
2.16438064E+3	1.86265288E+2	3.17413463E-7	1.13130780E+2	-9.09602313E+1	1.45163140E+2	-6.77191772E-1
2.32079442E+3	1.77908020E+2	2.94692684E-7	1.12282295E+2	-8.58405894E+1	1.41336197E+2	-6.52721065E-1
2.48851178E+3	1.70388317E+2	2.72971102E-7	1.11446941E+2	-8.10483549E+1	1.37801512E+2	-6.28773012E-1
2.66834962E+3	1.63597684E+2	2.52308556E-7	1.10619658E+2	-7.65533214E+1	1.34525536E+2	-6.05364251E-1
2.86118383E+3	1.57450130E+2	2.32730965E-7	1.09801232E+2	-7.23319259E+1	1.31484669E+2	-5.82504106E-1
3.06795364E+3	1.51880521E+2	2.14279036E-7	1.08986727E+2	-6.83729045E+1	1.28658311E+2	-5.60287954E-1
3.28966612E+3	1.46828924E+2	1.96919739E-7	1.08188214E+2	-6.46565472E+1	1.26036340E+2	-5.38675199E-1
3.52740116E+3	1.42227436E+2	1.80640436E-7	1.07403091E+2	-6.11575183E+1	1.23594766E+2	-5.17630999E-1
3.78231664E+3	1.38031115E+2	1.65449656E-7	1.06624661E+2	-5.78679735E+1	1.21315789E+2	-4.97241402E-1
4.05565415E+3	1.34205506E+2	1.51298434E-7	1.05863152E+2	-5.47760057E+1	1.19194873E+2	-4.77488482E-1
4.34874501E+3	1.30699881E+2	1.38149194E-7	1.05114241E+2	-5.18595704E+1	1.17211001E+2	-4.58324640E-1
4.66301673E+3	1.27500002E+2	1.25967614E-7	1.04386044E+2	-4.91200019E+1	1.15365596E+2	-4.39820290E-1
5.00000000E+3	1.24572366E+2	1.14684291E-7	1.03685668E+2	-4.65365564E+1	1.13650204E+2	-4.21875053E-1
5.36133611E+3	1.21868834E+2	1.04306765E-7	1.02985004E+2	-4.40993330E+1	1.12029739E+2	-4.04587421E-1
5.74878498E+3	1.19385825E+2	9.47425472E-8	1.02308520E+2	-4.17989678E+1	1.10517813E+2	-3.87862151E-1
6.16423370E+3	1.17099108E+2	8.59589545E-8	1.01649650E+2	-3.96286757E+1	1.09101252E+2	-3.71730650E-1
6.60970574E+3	1.14992211E+2	7.79054523E-8	1.01010422E+2	-3.75806642E+1	1.07774819E+2	-3.56179575E-1
7.08737081E+3	1.13043264E+2	7.05373406E-8	1.00386235E+2	-3.56453561E+1	1.06526934E+2	-3.41195117E-1
7.59955541E+3	1.11238297E+2	6.38008191E-8	9.97795094E+1	-3.38134906E+1	1.05353228E+2	-3.26736111E-1
8.14875417E+3	1.09573589E+2	5.76649471E-8	9.91922042E+1	-3.20897554E+1	1.04253757E+2	-3.12884435E-1
8.73764200E+3	1.08020050E+2	5.20601370E-8	9.86199514E+1	-3.04472853E+1	1.03213042E+2	-2.99449820E-1
9.36908711E+3	1.06582455E+2	4.69758266E-8	9.80635777E+1	-2.89031400E+1	1.02234323E+2	-2.86623032E-1
1.00461650E+4	1.05244413E+2	4.23429229E-8	9.75274400E+1	-2.74338581E+1	1.01312478E+2	-2.74207980E-1
1.07721735E+4	1.04002998E+2	3.81473047E-8	9.70079126E+1	-2.60495414E+1	1.00444581E+2	-2.62341273E-1
1.15506485E+4	1.02839430E+2	3.43303562E-8	9.65037583E+1	-2.47268295E+1	9.96212402E+1	-2.50830348E-1
1.23853818E+4	1.01759609E+2	3.08735045E-8	9.60202412E+1	-2.34754229E+1	9.88482789E+1	-2.39780533E-1
1.32804389E+4	1.00742181E+2	2.77455520E-8	9.55446122E+1	-2.22845164E+1	9.81089835E+1	-2.29140351E-1
1.42401793E+4	9.97931467E+1	2.49154332E-8	9.50871580E+1	-2.11537006E+1	9.74117380E+1	-2.18901650E-1
1.52692775E+4	9.89042159E+1	2.23560538E-8	9.46451438E+1	-2.00773610E+1	9.67512467E+1	-2.09034253E-1
1.63727458E+4	9.80709982E+1	2.00407882E-8	9.42192892E+1	-1.90500710E+1	9.61258537E+1	-1.99499144E-1
1.75559587E+4	9.72920771E+1	1.79484022E-8	9.38113434E+1	-1.80702025E+1	9.55358595E+1	-1.90292132E-1
1.88246790E+4	9.65650057E+1	1.60662781E-8	9.34192745E+1	-1.71426903E+1	9.49791175E+1	-1.81483642E-1
2.01850863E+4	9.58708704E+1	1.43657906E-8	9.30323783E+1	-1.62502779E+1	9.44409608E+1	-1.72928714E-1
2.16438064E+4	9.52311148E+1	1.28328634E-8	9.26714794E+1	-1.54014654E+1	9.39425797E+1	-1.64688976E-1
2.32079442E+4	9.46271606E+1	1.14482346E-8	9.23233153E+1	-1.45841870E+1	9.34681400E+1	-1.56673971E-1
2.48851178E+4	9.40551237E+1	1.02023947E-8	9.19843972E+1	-1.38012460E+1	9.30139981E+1	-1.48928081E-1
2.66834962E+4	9.35150809E+1	9.07914498E-9	9.16578404E+1	-1.30472450E+1	9.25818036E+1	-1.41397362E-1
2.86118383E+4	9.30150541E+1	8.07145556E-9	9.13509719E+1	-1.23294559E+1	9.21792579E+1	-1.34157277E-1
3.06795364E+4	9.25436369E+1	7.16808884E-9	9.10547560E+1	-1.16434378E+1	9.17961779E+1	-1.27182712E-1
3.28966612E+4	9.20959970E+1	6.35164607E-9	9.07690445E+1	-1.09747971E+1	9.14301135E+1	-1.20324954E-1
3.52740116E+4	9.16773082E+1	5.61992237E-9	9.04972876E+1	-1.03338573E+1	9.10853870E+1	-1.13697220E-1
3.78231664E+4	9.12880986E+1	4.96168259E-9	9.02424807E+1	-9.71386151E+0	9.07637840E+1	-1.07228911E-1
4.05565415E+4	9.09189645E+1	4.37423372E-9	8.99946677E+1	-9.12040261E+0	9.04556355E+1	-1.00998982E-1
4.34874501E+4	9.05745165E+1	3.84574023E-9	8.97614061E+1	-8.54317740E+0	9.01670448E+1	-9.48906750E-2
4.66301673E+4	9.02533412E+1	3.37389357E-9	8.95406466E+1	-7.98843555E+0	8.98962877E+1	-8.89801667E-2
5.00000000E+4	8.99457354E+1	2.94988932E-9	8.93250860E+1	-7.44576978E+0	8.96348735E+1	-8.31636085E-2
5.36133611E+4	8.96607574E+1	2.57093266E-9	8.91233743E+1	-6.92050234E+0	8.93916621E+1	-7.74953052E-2
5.74878498E+4	8.93952164E+1	2.23198342E-9	8.89332748E+1	-6.40951927E+0	8.91639464E+1	-7.19467064E-2
6.16423370E+4	8.91395355E+1	1.92971533E-9	8.87456296E+1	-5.91247823E+0	8.89423645E+1	-6.65244448E-2
6.60970574E+4	8.89034789E+1	1.65878258E-9	8.85712528E+1	-5.42454103E+0	8.87372104E+1	-6.11685363E-2
7.08737081E+4	8.86815483E+1	1.41745525E-9	8.84045414E+1	-4.94859844E+0	8.85429365E+1	-5.59183890E-2
7.59955541E+4	8.84749311E+1	1.20174694E-9	8.82474707E+1	-4.48026343E+0	8.83611277E+1	-5.07257618E-2
8.14875417E+4	8.82726112E+1	1.00913963E-9	8.80893708E+1	-4.01764713E+0	8.81809434E+1	-4.55771786E-2
8.73764200E+4	8.80840717E+1	8.38630743E-10	8.79394380E+1	-3.56636656E+0	8.80117251E+1	-4.05325903E-2
9.36908711E+4	8.79104820E+1	6.85537620E-10	8.77999740E+1	-3.11489533E+0	8.78552106E+1	-3.54623064E-2
1.00461650E+5	8.77423751E+1	5.49007617E-10	8.76613263E+1	-2.66548339E+0	8.77018413E+1	-3.03972396E-2
1.07721735E+5	8.75849633E+1	4.27332942E-10	8.75287924E+1	-2.21732875E+0	8.75568733E+1	-2.53271467E-2
1.15506485E+5	8.74348588E+1	3.18758464E-10	8.73991006E+1	-1.76782600E+0	8.74169779E+1	-2.02242929E-2
1.23853818E+5	8.72933989E+1	2.21901612E-10	8.72735675E+1	-1.31556972E+0	8.72834827E+1	-1.50729494E-2
1.32804389E+5	8.71529430E+1	1.35588955E-10	8.71444644E+1	-8.59287536E-1	8.71487036E+1	-9.86017445E-3
1.42401793E+5	8.70258846E+1	5.87190637E-11	8.70240649E+1	-3.97889144E-1	8.70249747E+1	-4.57214277E-3
1.52692775E+5	8.69002487E+1	-9.86058374E-12	8.69001896E+1	7.14400015E-2	8.69002191E+1	8.22093601E-4
1.63727458E+5	8.67818533E+1	-7.14328000E-11	8.67783237E+1	5.53399885E-1	8.67800885E+1	6.37708207E-3
1.75559587E+5	8.66666613E+1	-1.26289400E-10	8.66540297E+1	1.04619412E+0	8.66603452E+1	1.20726426E-2
1.88246790E+5	8.66018662E+1	-1.71874303E-10	8.65670528E+1	1.52427734E+0	8.65844564E+1	1.76040864E-2
2.01850863E+5	8.64591799E+1	-2.18986099E-10	8.64093557E+1	2.07490826E+0	8.64342642E+1	2.40079282E-2
2.16438064E+5	8.63582036E+1	-2.58047493E-10	8.62789640E+1	2.61469828E+0	8.63185747E+1	3.02958962E-2
2.32079442E+5	8.62643760E+1	-2.93312440E-10	8.61471024E+1	3.17847795E+0	8.62057193E+1	3.68792060E-2
2.48851178E+5	8.61702101E+1	-3.24562783E-10	8.60057424E+1	3.76099687E+0	8.60879370E+1	4.37017550E-2
2.66834962E+5	8.60777111E+1	-3.53081347E-10	8.58547908E+1	4.37474676E+0	8.59661787E+1	5.09111350E-2
2.86118383E+5	8.60029274E+1	-3.78357734E-10	8.57096258E+1	5.01384754E+0	8.58561514E+1	5.84314744E-2
3.06795364E+5	8.59240546E+1	-4.01144766E-10	8.55464027E+1	5.68389822E+0	8.57350207E+1	6.63447695E-2
3.28966612E+5	8.58549413E+1	-4.22016908E-10	8.53760987E+1	6.39385989E+0	8.56151852E+1	7.47509736E-2
3.52740116E+5	8.57832513E+1	-4.40195987E-10	8.51865754E+1	7.12942191E+0	8.54843927E+1	8.34972755E-2
3.78231664E+5	8.57092888E+1	-4.56826105E-10	8.49735585E+1	7.90679320E+0	8.53406308E+1	9.27828732E-2
4.05565415E+5	8.56590967E+1	-4.72016683E-10	8.47593253E+1	8.73291392E+0	8.52080233E+1	1.02669610E-1
4.34874501E+5	8.56067315E+1	-4.86540068E-10	8.45121175E+1	9.61810084E+0	8.50576637E+1	1.13319791E-1
4.66301673E+5	8.55571390E+1	-4.98874981E-10	8.42397668E+1	1.05344533E+1	8.48958976E+1	1.24407380E-1
NaN	NaN	NaN	NaN	NaN	NaN	NaN
